0.07	 1.99	-0.01	-0.29	1_D	[12.191  13.976  11.3854]
0.08	 0.26	-0.03	-0.19	1_D	[13.42756 15.0436  15.2616 ]
0.01	 -0.21	0.0	-0.16	1_D	[13.09341667 10.57333333 14.8915    ]
-0.14	 -0.62	-0.14	0.14	1_D	[13.04184 10.00836 12.4244 ]
-0.28	 -1.1	0.2	0.39	1_D	[11.4842      9.94656667 11.9785    ]
-0.27	 -1.05	0.2	0.44	1_D	[14.692      10.24392683 12.52887805]
-0.12	 0.11	-0.22	0.1	1_D	[11.16710714 12.75903571 11.34139286]
-0.06	 -0.12	-0.01	0.06	1_D	[13.1936087  13.93695652 12.2426087 ]
-0.04	 -0.25	-0.07	0.07	1_D	[ 9.70252174 11.96134783 13.92726087]
-0.08	 -0.5	0.0	0.12	1_D	[14.17659091 12.37463636 14.84763636]
-0.16	 -0.51	-0.02	0.14	1_D	[12.32344444 10.36216667 15.34322222]
0.13	 1.57	0.14	-0.42	2_V	[13.98807692 13.30007692 17.087     ]
-0.07	 -0.14	-0.1	0.09	2_V	[13.12267647 11.33308824 17.97697059]
0.08	 0.42	-0.08	0.09	2_V	[ 8.93233333 11.937      19.02833333]
0.06	 0.58	-0.04	-0.13	2_V	[10.244      12.36558333 20.84158333]
0.02	 -0.34	-0.07	-0.11	2_V	[ 7.65357143 11.98792857 16.84857143]
0.04	 -0.03	-0.04	-0.04	2_V	[10.07866667 11.38       16.35933333]
-0.11	 -0.33	0.09	0.02	2_V	[ 9.81647059 11.53594118 18.83929412]
0.04	 0.32	-0.09	-0.09	2_V	[ 8.51220833 12.58958333 20.732     ]
0.09	 0.9	0.21	-0.46	2_V	[10.99528571 12.287      20.855     ]
0.02	 0.66	-0.08	-0.03	2_V	[ 6.8948  12.52728 17.95328]
0.05	 0.09	-0.1	-0.17	2_V	[ 8.33484615 12.091      15.76623077]
0.05	 1.32	-0.06	-0.19	3_S	[15.96633333 13.19966667 19.89166667]
-0.05	 -0.45	-0.13	0.02	3_S	[15.63206667 13.20446667 21.43306667]
0.01	 -0.04	0.06	-0.1	3_S	[14.3365     15.19255556 22.98966667]
0.03	 0.63	-0.07	-0.13	3_S	[16.0613871  16.41754839 19.65490323]
-0.17	 -0.35	-0.21	0.2	3_S	[15.82867857 15.58696429 17.23342857]
-0.08	 -0.2	0.02	0.08	3_S	[15.28968 12.77032 18.79128]
-0.0	 0.39	-0.12	-0.14	3_S	[14.83027273 17.07936364 20.30940909]
-0.33	 -0.85	0.19	0.55	3_S	[16.78026316 15.10594737 20.32115789]
0.14	 0.94	0.08	-0.34	3_S	[14.36088235 16.47688235 16.62494118]
-0.02	 -0.51	-0.05	-0.03	4_G	[14.1225   11.572375 20.6065  ]
-0.05	 0.27	-0.06	-0.0	4_G	[13.97435714 11.24914286 22.87035714]
0.16	 1.14	0.09	-0.33	4_G	[12.03687097 12.9736129  23.24716129]
-0.07	 -0.24	-0.12	0.05	4_G	[12.27028571 11.55585714 20.59728571]
-0.24	 -0.61	0.0	0.37	4_G	[13.07622222 10.62140741 22.78714815]
-0.15	 -0.46	0.01	0.19	4_G	[14.59573913 12.82565217 23.85008696]
0.08	 1.31	0.2	-0.47	5_T	[12.69586667 12.12206667 24.85866667]
0.16	 1.23	0.04	-0.31	5_T	[12.05733333 13.54311111 27.13722222]
-0.16	 -0.39	-0.01	0.19	5_T	[12.96313953 13.1052093  27.92334884]
0.07	 0.72	-0.14	-0.11	5_T	[10.71233333 10.25122222 25.95788889]
-0.01	 0.01	0.01	-0.0	5_T	[ 9.90934615 10.9715     23.80392308]
0.06	 0.92	0.02	-0.26	5_T	[ 7.70434615 12.12596154 27.55230769]
-0.12	 -0.29	-0.14	0.15	5_T	[12.9933913  11.28043478 25.44208696]
-0.18	 -0.26	0.09	0.08	5_T	[10.80573913 10.79769565 27.34017391]
-0.24	 -0.75	0.08	0.32	5_T	[ 9.03527273  9.73459091 25.16940909]
-0.22	 -0.68	-0.23	0.25	5_T	[ 7.77495833 10.99329167 27.567     ]
0.07	 1.12	0.02	-0.22	5_T	[ 9.47782353 12.45282353 28.83111765]
0.13	 1.03	0.29	-0.48	6_V	[10.71166667 14.05691667 29.39225   ]
0.1	 0.6	-0.11	0.09	6_V	[13.73916667 16.75766667 27.0425    ]
-0.17	 0.02	-0.12	0.1	6_V	[14.68155556 17.94144444 28.52455556]
-0.08	 0.11	-0.14	0.04	6_V	[13.45183333 14.83188889 28.83444444]
-0.01	 0.13	-0.02	-0.09	6_V	[13.5106   16.202925 26.075375]
0.1	 1.0	0.04	-0.23	6_V	[12.599      18.89108333 25.626875  ]
-0.02	 -0.38	0.0	0.02	6_V	[14.25592308 19.12457692 28.35723077]
-0.13	 -0.81	0.01	0.23	6_V	[14.51638889 16.79811111 29.44655556]
0.12	 1.34	0.05	-0.3	7_C	[11.12933333 14.18591667 30.40516667]
0.06	 1.21	-0.11	-0.12	7_C	[12.17083333 16.21666667 34.34866667]
-0.16	 -0.73	0.1	0.22	7_C	[12.01026667 13.85368889 33.46453333]
-0.01	 0.05	-0.1	-0.06	7_C	[12.74804167 15.14458333 30.971375  ]
0.02	 0.07	-0.04	-0.12	7_C	[12.99555556 16.52916667 33.105     ]
0.23	 1.51	0.16	-0.42	8_L	[ 9.05455 22.99365 32.988  ]
0.1	 0.93	0.11	-0.33	8_L	[ 7.11366667 20.84088889 33.797     ]
0.02	 0.73	-0.08	-0.15	8_L	[ 4.00671429 21.12930952 33.22297619]
0.17	 0.79	0.02	-0.25	8_L	[ 6.59882353 19.04741176 34.13064706]
0.12	 0.79	0.03	-0.31	8_L	[ 7.2169375 21.6265    33.87075  ]
0.14	 1.26	0.02	-0.3	8_L	[ 3.3084 22.2038 32.4549]
-0.21	 -0.74	-0.27	0.34	8_L	[ 4.86033333 20.97691667 34.23141667]
0.13	 0.95	0.11	-0.4	9_S	[ 8.3244 19.9831 34.5754]
0.08	 1.45	0.12	-0.34	9_S	[ 8.59290909 20.70572727 34.69427273]
0.12	 1.49	0.05	-0.27	9_S	[13.39311111 19.80022222 34.85455556]
-0.16	 -0.77	0.08	0.19	9_S	[12.8043125  21.96378125 35.2048125 ]
-0.13	 -0.47	0.1	-0.11	9_S	[10.87683333 19.7065     37.13616667]
-0.06	 0.05	0.0	0.11	9_S	[12.35073077 18.15980769 35.89573077]
-0.21	 -0.26	-0.21	0.26	9_S	[ 9.40952632 21.96015789 34.77442105]
-0.25	 -0.63	0.09	0.39	9_S	[11.31054545 20.60940909 37.22381818]
-0.1	 -0.57	0.14	0.01	9_S	[ 8.85630435 19.33926087 36.39930435]
0.06	 0.99	0.07	-0.29	9_S	[11.70675  16.695125 35.3665  ]
0.06	 1.29	0.05	-0.28	10_A	[13.93   19.6726 34.3228]
0.11	 1.05	-0.01	-0.2	10_A	[13.922      22.71909091 32.54927273]
-0.18	 -0.78	0.02	0.22	10_A	[15.08102778 22.04672222 30.61575   ]
-0.09	 0.08	-0.03	0.04	10_A	[14.87931579 17.88342105 32.10442105]
-0.24	 -0.3	-0.03	0.19	10_A	[14.661    20.88825  33.970875]
-0.13	 -0.35	0.0	0.2	10_A	[15.609      19.32435714 31.29635714]
-0.12	 -0.36	0.02	0.14	10_A	[14.27636 18.11508 33.66748]
0.01	 -0.24	-0.1	-0.03	11_L	[13.74786667 24.4534     31.28586667]
0.06	 -0.03	-0.07	-0.14	11_L	[11.61786842 24.29839474 33.20268421]
0.05	 -0.02	-0.02	-0.16	11_L	[13.27334783 21.67682609 26.62947826]
0.12	 1.7	0.03	-0.34	11_L	[14.11677778 22.88355556 29.03077778]
0.11	 0.87	-0.03	-0.17	11_L	[12.9795   20.178375 26.37525 ]
0.04	 -0.77	-0.05	0.04	11_L	[13.92653846 21.50869231 28.15984615]
0.1	 1.42	0.15	-0.4	12_P	[13.81866667 25.607      30.369     ]
0.07	 0.82	-0.02	-0.26	12_P	[13.793625 26.07     30.85325 ]
0.01	 0.79	-0.14	0.04	12_P	[13.82833333 27.83733333 30.40166667]
0.14	 2.02	0.06	-0.27	12_P	[14.089  26.7785 27.181 ]
0.09	 1.05	-0.08	-0.15	12_P	[13.99883333 25.14816667 29.88533333]
0.01	 0.64	-0.05	0.06	12_P	[13.553      26.98736842 31.98147368]
0.14	 0.45	0.02	-0.19	12_P	[13.32583333 29.07338889 30.40938889]
-0.1	 -0.11	-0.07	0.19	12_P	[14.69292857 27.29464286 28.92057143]
-0.02	 0.25	-0.02	-0.05	12_P	[13.964      24.4624     28.33386667]
0.04	 2.1	-0.01	-0.17	13_P	[10.208      26.24442857 34.11614286]
0.19	 1.05	-0.01	-0.26	13_P	[ 6.37876923 28.65515385 33.75807692]
-0.03	 0.49	-0.08	-0.04	13_P	[ 8.65804348 28.10395652 35.17195652]
-0.08	 -0.01	-0.1	0.13	13_P	[11.38652941 29.23264706 35.09882353]
0.03	 1.55	0.07	-0.22	13_P	[11.93331579 27.35921053 34.05068421]
0.01	 0.25	-0.03	-0.15	13_P	[ 8.68764 25.68228 33.69924]
-0.07	 -0.16	-0.07	0.09	13_P	[ 8.04155556 29.90911111 34.26      ]
-0.31	 -0.82	0.18	0.49	13_P	[ 9.28421053 27.44642105 35.84957895]
-0.08	 -0.03	-0.03	0.08	13_P	[10.91152941 30.72970588 34.16670588]
-0.28	 -0.9	0.18	0.46	13_P	[11.57195 28.78495 35.90815]
-0.01	 -0.1	0.11	-0.03	13_P	[12.50358824 29.72917647 32.71582353]
-0.29	 -0.71	-0.03	0.31	13_P	[12.63764706 27.05164706 34.29723529]
0.13	 1.26	0.41	-0.68	14_E	[ 6.624125 31.410875 29.91    ]
0.07	 -0.66	-0.11	-0.02	14_E	[ 7.80464706 32.92394118 30.51264706]
0.13	 0.71	0.08	-0.32	14_E	[12.151     31.2141875 30.802125 ]
-0.09	 -0.11	-0.07	0.09	14_E	[10.21460976 32.35663415 32.7662439 ]
0.13	 0.81	-0.09	-0.2	14_E	[ 6.50013333 31.38653333 28.93873333]
0.15	 0.42	0.04	-0.26	14_E	[ 8.60284615 33.76569231 29.91338462]
0.0	 0.09	-0.07	-0.03	14_E	[ 7.48475 32.09595 31.916  ]
0.03	 0.89	-0.08	0.01	16_T	[ 5.49033333 25.67166667 34.82566667]
0.01	 0.21	-0.1	-0.04	16_T	[ 3.15734286 24.74142857 34.68934286]
0.08	 0.34	-0.04	-0.16	16_T	[ 5.40355556 26.87518519 34.25233333]
-0.01	 0.28	-0.05	-0.03	16_T	[ 6.49506818 23.82252273 34.226     ]
-0.32	 -1.04	0.19	0.56	16_T	[ 3.77452632 24.94563158 35.76215789]
0.12	 0.69	-0.02	-0.22	16_T	[ 2.57557895 26.97194737 34.42821053]
-0.06	 0.08	-0.04	-0.13	16_T	[ 2.5343913  23.4786087  33.36678261]
0.07	 0.95	0.11	-0.43	17_D	[ 1.43066667 30.00983333 31.71133333]
0.14	 1.63	0.23	-0.48	17_D	[ 2.16308333 30.39125    29.0545    ]
0.16	 1.45	0.05	-0.27	17_D	[ 0.595      30.09833333 30.909     ]
0.01	 0.18	0.01	-0.17	17_D	[ 3.16876471 30.91111765 30.48317647]
-0.13	 -0.57	-0.19	0.19	17_D	[ 4.16405882 31.45029412 33.43723529]
-0.14	 -0.31	-0.0	0.21	17_D	[ 3.57376596 29.83685106 34.12248936]
-0.19	 -0.52	-0.02	0.19	17_D	[ 5.49294595 32.15202703 32.24902703]
0.12	 0.31	0.03	-0.19	17_D	[ 1.1838125 29.3280625 32.6131875]
0.11	 0.63	0.02	-0.23	17_D	[ 4.98911538 30.70984615 29.63803846]
-0.28	 -0.18	-0.23	0.21	17_D	[ 2.21733333 31.43570833 30.47970833]
0.13	 1.34	0.32	-0.56	18_T	[ 3.046875 29.93275  28.6125  ]
0.14	 1.6	0.26	-0.52	18_T	[ 2.40716667 29.9755     27.91375   ]
0.05	 0.24	-0.15	-0.09	18_T	[ 4.00437037 30.28111111 27.31811111]
0.18	 0.75	-0.01	-0.26	18_T	[ 3.555625 30.6075   25.990125]
0.22	 1.2	0.12	-0.41	18_T	[ 1.4176 29.6632 25.1503]
0.13	 1.54	0.23	-0.48	19_L	[-1.368625 24.2105   30.550375]
0.03	 0.63	-0.01	-0.19	19_L	[-2.19926923 23.75869231 28.54707692]
0.06	 0.89	-0.05	-0.16	19_L	[ 0.59455556 23.20655556 30.99977778]
0.06	 0.82	-0.06	-0.11	19_L	[ 2.42315789 22.19510526 31.07726316]
0.15	 1.22	0.08	-0.36	19_L	[-0.1835     22.67077273 26.74190909]
0.16	 1.35	0.09	-0.33	19_L	[ 1.43870588 23.66541176 31.50576471]
-0.09	 -0.39	-0.24	0.09	19_L	[-0.28308696 22.73965217 30.06865217]
0.08	 0.46	0.49	-0.93	19_L	[ 2.97277778 22.526      31.51577778]
0.17	 0.66	0.11	-0.33	19_L	[ 1.87172222 21.08511111 30.75111111]
0.08	 0.23	0.04	-0.19	19_L	[ 0.08617391 21.34734783 27.76617391]
0.06	 1.35	0.31	-0.65	20_N	[-3.2432 26.473  32.0096]
0.15	 1.42	0.15	-0.44	20_N	[-3.04071429 28.86785714 31.27414286]
-0.0	 0.6	-0.05	-0.13	20_N	[-4.24353571 28.13360714 31.23139286]
0.08	 0.86	0.11	-0.32	20_N	[-1.87784615 28.47296154 31.99711538]
-0.1	 -0.14	-0.02	0.12	20_N	[-2.05613333 25.99653333 34.04426667]
-0.16	 -0.49	0.06	0.26	20_N	[-0.935875 24.2799   33.03215 ]
-0.11	 -0.23	-0.0	0.14	20_N	[-0.49264706 27.04411765 35.27029412]
0.08	 0.6	-0.13	-0.14	20_N	[-2.85844444 24.98911111 31.55537037]
0.09	 0.24	0.01	-0.18	20_N	[-0.392      29.10333333 31.91041667]
-0.33	 -0.98	-0.01	0.48	20_N	[-2.42352941 28.36005882 32.96941176]
-0.18	 -0.33	-0.03	0.27	20_N	[ 0.60128 25.63648 35.39556]
-0.11	 0.02	0.02	0.13	20_N	[ 0.38972414 28.16996552 34.44817241]
0.08	 0.89	-0.09	0.07	21_L	[-0.44933333 32.08466667 29.90966667]
0.03	 1.29	-0.14	0.07	21_L	[ 1.08883333 32.49633333 28.16091667]
-0.03	 0.17	-0.01	-0.04	21_L	[-2.99173684 31.98384211 30.53005263]
0.06	 0.47	-0.01	-0.18	21_L	[-0.57109091 30.90409091 30.37927273]
-0.23	 -0.34	2.31	0.61	21_L	[ 0.10252778 33.46030556 28.42866667]
0.01	 0.49	-0.12	-0.09	21_L	[ 0.93955263 31.42436842 26.85363158]
-0.18	 -1.06	0.1	0.31	21_L	[-2.284375   33.41491667 30.10408333]
0.0	 -0.44	-0.02	0.02	21_L	[-3.51019048 30.91014286 30.57561905]
-0.05	 0.01	-0.2	-0.01	22_I	[-6.8293     25.82283333 25.2054    ]
-0.12	 -0.52	-0.03	0.08	22_I	[-3.693      23.2707619  24.61714286]
0.18	 1.49	0.3	-0.54	22_I	[-4.74992308 26.63030769 24.18230769]
0.15	 0.79	0.14	-0.46	22_I	[-1.93246154 23.78015385 26.87069231]
0.02	 0.49	-0.03	-0.11	22_I	[-2.06917647 22.56652941 24.56470588]
-0.09	 -0.5	-0.02	0.14	22_I	[-4.446      23.36371429 25.89652381]
-0.01	 -0.03	-0.05	-0.09	22_I	[-4.2471  24.71285 23.0684 ]
0.18	 1.49	0.21	-0.49	23_A	[-3.96466667 23.87811111 27.68255556]
0.1	 1.16	-0.1	-0.18	23_A	[-4.79933333 23.44533333 27.80383333]
0.07	 0.71	0.01	-0.2	23_A	[-7.6    25.9819 30.3918]
-0.2	 -0.88	0.07	0.27	23_A	[-8.66968571 25.23888571 28.36665714]
-0.1	 -0.47	-0.11	0.1	23_A	[-5.18471429 24.18282857 30.97825714]
-0.1	 -0.6	-0.05	0.16	23_A	[-6.49704167 23.42933333 27.751     ]
-0.21	 -0.96	0.15	0.41	23_A	[-6.5962 23.6227 30.7844]
-0.14	 -0.72	0.06	0.25	23_A	[-4.03458333 23.05454167 29.76345833]
0.01	 -0.19	-0.11	0.06	23_A	[-5.32183333 25.78916667 31.30233333]
0.05	 1.36	0.1	-0.3	24_S	[-8.0588 26.7292 30.4066]
0.19	 0.79	-0.09	-0.18	24_S	[-9.516875 27.57575  27.633375]
-0.1	 -0.43	-0.0	0.14	24_S	[-9.6137931  30.10210345 27.71941379]
-0.18	 -0.72	0.01	0.09	24_S	[-7.437      29.13855556 31.34161111]
0.06	 0.52	0.02	-0.13	24_S	[-5.727      30.32835714 30.48914286]
-0.13	 -0.29	-0.08	0.15	24_S	[-9.24718182 27.11827273 29.62990909]
-0.2	 -0.93	0.11	0.41	24_S	[-8.80742105 29.88110526 30.54615789]
-0.12	 -0.61	0.07	0.15	24_S	[-7.04132143 27.77703571 31.43264286]
-0.1	 -0.34	-0.33	0.12	24_S	[-7.28071429 31.017      30.17528571]
0.17	 1.55	0.27	-0.53	25_D	[-8.34541667 26.82716667 26.24183333]
-0.06	 -0.19	-0.15	0.1	25_D	[-8.28890698 31.70488372 24.48960465]
-0.1	 0.23	-0.0	0.07	25_D	[-10.77611111  28.85055556  25.02744444]
-0.14	 -0.57	-0.07	0.17	25_D	[-9.23196154 27.78130769 22.87619231]
-0.17	 -0.24	0.01	0.19	25_D	[-8.09095238 28.85890476 22.23597619]
-0.25	 -0.85	0.14	0.37	25_D	[-9.757      26.44806977 23.66611628]
0.12	 1.87	0.12	-0.36	25_D	[-6.5475     27.55175    24.14016667]
-0.21	 -1.15	-0.04	0.26	25_D	[-10.00421429  27.49778571  26.0035    ]
-0.26	 -0.79	0.18	0.32	25_D	[-10.31254545  30.13190909  24.89309091]
0.0	 -0.34	-0.01	-0.07	26_G	[-7.81535294 33.14064706 26.97264706]
-0.02	 0.4	0.01	-0.15	26_G	[-6.61481818 32.15977273 29.34640909]
0.16	 0.84	1.31	-0.29	26_G	[-6.53033333 32.7585     24.04058333]
0.06	 1.23	-0.01	-0.31	27_P	[-7.465  34.658  26.8964]
0.1	 1.61	-0.17	-0.11	27_P	[-7.3746 34.3932 26.1082]
0.14	 1.54	0.1	-0.37	27_P	[-3.637625 36.376    26.41325 ]
0.05	 0.19	-0.07	-0.14	27_P	[-2.78581818 35.12818182 27.49395455]
-0.11	 -0.45	-0.07	0.11	27_P	[-6.352      37.12257143 25.46821429]
-0.1	 0.06	-0.08	0.14	27_P	[-5.9058     37.24433333 28.45666667]
-0.01	 0.77	-0.02	-0.07	27_P	[-6.90405 34.8814  28.9495 ]
-0.04	 0.45	-0.06	-0.02	27_P	[-6.715875  34.0935625 24.671375 ]
-0.16	 -0.75	-0.09	0.27	27_P	[-4.91678261 37.37126087 25.53026087]
-0.22	 -0.91	0.19	0.32	27_P	[-7.6145     36.34465385 26.10280769]
-0.19	 -0.96	0.23	0.37	27_P	[-4.30464706 36.87629412 28.48088235]
-0.24	 -0.66	0.15	0.4	27_P	[-7.00016 37.35516 28.48376]
-0.13	 -0.31	0.02	0.12	27_P	[-4.95130435 34.39852174 29.74213043]
-0.25	 -0.6	0.07	0.36	27_P	[-7.65065217 34.75926087 28.99782609]
0.06	 1.26	-0.08	-0.11	28_F	[-2.25288889 36.68761111 25.32261111]
-0.1	 -0.52	-0.05	0.14	28_F	[-2.78493103 37.07227586 22.4997931 ]
0.08	 0.77	0.16	-0.47	28_F	[-5.5172963  31.89818519 21.98511111]
0.1	 1.25	0.22	-0.55	28_F	[-5.25745833 30.194875   21.50604167]
0.05	 0.41	-0.03	-0.06	28_F	[-5.07315789 35.27936842 23.42910526]
0.11	 -0.06	0.02	-0.19	28_F	[-3.207375  34.1284375 21.0128125]
0.22	 1.35	0.18	-0.42	28_F	[-0.21195833 31.10958333 24.18308333]
-0.13	 -0.23	-0.22	0.32	28_F	[-5.48140741 32.71111111 22.04744444]
-0.21	 -0.01	-0.44	0.39	28_F	[-6.218875   30.28533333 21.96091667]
0.19	 1.29	0.2	-0.47	28_F	[-5.16936364 27.96404545 23.28181818]
0.09	 1.48	0.17	-0.48	29_P	[-0.098  38.2046 24.4652]
0.2	 1.35	-0.01	-0.28	29_P	[-1.11922222 37.75733333 21.41111111]
-0.16	 -0.75	0.06	0.23	29_P	[ 0.52242105 39.13907895 21.55307895]
-0.03	 0.29	-0.09	0.03	29_P	[ 1.87135714 38.381      24.91935714]
0.13	 1.13	0.06	-0.29	29_P	[ 2.63029412 34.30282353 24.97447059]
0.1	 0.27	-0.03	-0.18	29_P	[ 1.2565  33.56225 25.1925 ]
-0.14	 -0.45	-0.06	0.21	29_P	[-0.83291304 38.6393913  23.9263913 ]
0.01	 0.51	0.02	-0.05	29_P	[ 2.99004167 38.00583333 23.8885    ]
-0.21	 -0.46	0.05	0.29	29_P	[ 0.92536364 37.54395455 26.02790909]
-0.0	 0.31	-0.29	-0.06	29_P	[ 2.06091667 34.78077778 26.33305556]
0.1	 0.45	-0.06	-0.24	29_P	[ 1.08165217 33.00734783 24.36947826]
0.11	 0.28	0.0	-0.16	29_P	[-0.45713333 35.27933333 26.3822    ]
0.08	 0.75	-0.06	-0.17	30_Y	[-1.45952632 37.13710526 19.804     ]
0.16	 0.94	-0.01	-0.24	30_Y	[-2.28171429 34.99819048 19.4892381 ]
0.09	 0.99	-0.03	-0.18	30_Y	[ 4.22984615 38.06969231 18.79961538]
0.01	 0.52	0.05	-0.16	30_Y	[ 4.52340909 38.75022727 20.66509091]
0.1	 1.4	0.18	-0.42	30_Y	[ 4.7258     36.91266667 23.99986667]
-0.11	 -0.65	-0.24	0.08	30_Y	[ 4.71009091 38.28       22.76118182]
-0.07	 0.55	0.0	0.01	30_Y	[ 7.18714815 38.81692593 22.08388889]
-0.03	 0.26	-0.24	0.01	30_Y	[ 0.82830769 38.66123077 19.56553846]
-0.08	 -0.16	-0.21	0.12	30_Y	[ 3.14814286 38.28309524 18.18566667]
-0.18	 -0.16	0.06	0.17	30_Y	[ 6.210375   39.01575    19.59783333]
0.05	 0.59	-0.02	-0.09	30_Y	[ 7.05170588 37.20197059 23.80758824]
0.06	 0.27	-0.15	-0.08	31_S	[-0.97463636 38.108      18.91927273]
0.04	 0.66	-0.03	-0.14	31_S	[-2.3886 37.4242 18.206 ]
0.12	 2.64	0.07	-0.31	31_S	[-0.83125 35.153   14.529  ]
-0.07	 0.19	-0.15	0.05	31_S	[-2.72388889 34.21672222 15.31608333]
-0.06	 0.19	0.21	-0.35	31_S	[-2.23709524 38.13885714 15.998     ]
-0.03	 -0.45	-0.19	0.12	31_S	[-0.45992593 37.43114815 14.61566667]
0.02	 0.01	0.02	-0.06	31_S	[ 0.35840909 38.39309091 17.83381818]
-0.14	 -0.59	-0.01	0.2	31_S	[-3.00370588 35.65411765 17.76317647]
-0.26	 -0.8	0.11	0.44	31_S	[-3.37865 37.34565 15.5167 ]
-0.29	 -0.9	0.07	0.54	31_S	[-1.7923  39.1623  16.97105]
-0.3	 -0.86	0.31	0.52	31_S	[-1.14947826 38.76552174 14.23295652]
0.09	 0.95	0.17	-0.49	32_Q	[ 1.370375 32.598    13.701375]
-0.07	 0.21	-0.09	0.1	32_Q	[ 2.20628571 34.23914286 13.02214286]
0.03	 -0.04	-0.14	0.03	32_Q	[ 2.2655   37.179875 14.386875]
0.09	 0.63	-0.06	-0.08	32_Q	[ 2.223      37.72616667 16.28916667]
-0.05	 -0.03	-0.04	0.04	32_Q	[ 4.497      36.59056522 13.944     ]
0.02	 0.32	-0.08	-0.15	32_Q	[-0.28523529 33.40223529 13.76241176]
0.1	 -0.63	-0.03	-0.19	32_Q	[ 2.5555625 31.7894375 14.13725  ]
-0.05	 -0.39	-0.02	0.09	32_Q	[ 3.8165     33.58033333 13.42483333]
-0.19	 -0.68	0.02	0.26	32_Q	[ 1.16552174 35.15230435 13.28578261]
-0.23	 -0.74	0.16	0.3	32_Q	[ 4.83261905 35.74057143 13.349     ]
-0.14	 -0.22	0.08	0.15	32_Q	[ 4.77665714 37.3466     15.50845714]
-0.01	 0.34	-0.07	-0.03	33_D	[-3.64358974 32.10469231 18.52887179]
0.14	 0.85	0.69	-1.63	33_D	[ 1.46481818 31.25554545 22.23109091]
0.18	 1.13	0.06	-0.15	33_D	[ 1.169      32.05385714 22.72390476]
0.1	 1.73	0.01	-0.32	34_G	[-4.73628571 28.075      18.42728571]
0.1	 -0.06	0.0	-0.18	34_G	[-4.0798125 30.1039375 16.0365625]
-0.08	 -0.0	0.05	0.04	34_G	[-5.05980645 27.41522581 16.76725806]
-0.05	 0.25	0.02	-0.07	34_G	[-4.60916 29.35928 19.26252]
0.07	 0.45	-0.12	0.07	35_V	[-2.3305     30.17483333 12.22416667]
-0.02	 -0.25	-0.09	-0.06	35_V	[-3.0754  31.97916 14.2484 ]
0.08	 1.15	-0.06	-0.18	35_V	[ 0.44061538 28.92753846 12.34823077]
-0.06	 0.05	-0.09	0.05	35_V	[-4.5602  28.56465 13.8682 ]
-0.09	 -0.16	0.03	0.02	35_V	[-2.31422727 29.26813636 11.77486364]
-0.1	 -0.32	0.08	0.21	35_V	[-1.569      32.184      12.54294444]
-0.19	 -0.63	0.09	0.32	35_V	[-3.85253846 31.36626923 13.43592308]
-0.09	 -0.17	0.04	0.01	35_V	[ 0.69852 30.60496 12.87312]
0.03	 -0.05	-0.09	-0.06	36_V	[-0.05075    27.1348125  10.94390625]
-0.02	 -0.17	-0.09	0.01	36_V	[-5.87538095 25.14861905 11.49133333]
-0.09	 -0.07	-0.11	0.01	36_V	[-4.32128571 27.69721429 12.02071429]
0.09	 0.42	-0.03	-0.19	36_V	[-3.06982609 26.82147826 10.10426087]
0.01	 0.33	-0.02	-0.09	36_V	[-6.1143  24.3866  10.47485]
-0.04	 -0.29	0.05	0.1	36_V	[-5.52772727 26.37536364 12.73390909]
0.17	 1.48	0.05	-0.33	37_F	[-0.4936  21.1254  10.65185]
0.05	 0.33	-0.13	-0.08	37_F	[ 4.11077778 25.67666667 11.77666667]
-0.0	 0.44	-0.02	-0.16	37_F	[ 5.22354545 24.69959091 11.27372727]
0.05	 0.73	-0.22	-0.05	37_F	[ 6.708375 23.293375 11.159625]
0.19	 1.26	0.07	-0.31	37_F	[ 1.9445     26.06114286 11.4645    ]
0.09	 0.84	0.01	-0.24	37_F	[ 3.38854545 26.08027273 12.02309091]
-0.02	 0.19	0.0	0.01	37_F	[ 6.71915385 25.57015385 12.30615385]
0.06	 0.31	-0.04	-0.15	37_F	[ 7.33097059 22.34167647 12.03220588]
0.08	 1.29	0.39	-0.75	38_Q	[ 1.1638 21.4304  7.7268]
0.13	 2.13	0.09	-0.34	38_Q	[ 1.801    20.278625  9.6335  ]
-0.11	 -0.04	0.05	0.04	38_Q	[ 2.51055556 20.74751852  7.18055556]
0.06	 0.98	0.19	-0.46	38_Q	[ 0.4217 22.272   6.9567]
0.09	 1.15	0.0	-0.28	38_Q	[-1.403375 25.07675   5.151375]
-0.14	 -0.41	-0.02	0.14	38_Q	[ 0.1922973  24.10481081  4.58583784]
0.01	 0.0	-0.24	0.01	38_Q	[-1.017875 27.315625  6.32225 ]
0.09	 0.72	0.02	-0.25	38_Q	[ 2.83796875 24.95209375  9.84575   ]
0.02	 0.6	-0.05	-0.16	38_Q	[ 0.04386364 21.4615      8.68463636]
-0.01	 -0.03	-0.09	-0.05	38_Q	[ 1.58363158 22.57989474  6.08047368]
0.05	 0.97	-0.19	-0.11	38_Q	[-0.42128571 22.26685714  7.30885714]
0.19	 1.46	0.26	-0.5	38_Q	[ 0.82628571 25.88857143  8.64335714]
-0.05	 -0.05	-0.2	0.09	38_Q	[-0.34807143 26.99835714  7.86982143]
-0.15	 -0.38	0.04	0.28	38_Q	[-0.65815385 26.81442308  5.09015385]
0.09	 0.52	-0.07	-0.15	39_N	[ 5.30910345 18.52706897  7.32851724]
0.2	 1.65	0.17	-0.42	39_N	[ 7.24688 19.69576 11.55   ]
0.16	 1.24	0.19	-0.45	39_N	[ 4.9752381  16.30742857  8.80157143]
0.21	 1.39	0.12	-0.39	39_N	[ 6.83781818 20.86690909 10.58054545]
0.06	 0.29	-0.04	-0.16	39_N	[ 2.68113043 18.68947826  9.53817391]
0.02	 -0.04	-0.23	0.02	39_N	[ 3.62907692 16.925       9.02792308]
0.11	 1.39	0.11	-0.39	40_R	[ 8.89407692 22.07923077  5.63538462]
-0.15	 -0.45	-0.07	0.21	40_R	[ 7.77555556 20.13253333  4.81533333]
0.07	 0.59	-0.07	-0.12	40_R	[ 7.712375  23.6964375  5.5846875]
0.08	 1.18	0.2	-0.53	40_R	[ 6.102 24.54   7.909]
-0.04	 0.18	-0.02	-0.04	40_R	[ 6.556      26.21882353  6.06705882]
-0.06	 -0.26	-0.0	-0.01	40_R	[ 5.24133333 27.67866667  6.46766667]
-0.12	 -0.55	-0.01	0.15	40_R	[ 4.35241667 27.92883333  5.06191667]
-0.06	 -0.4	-0.02	0.09	40_R	[ 3.7017619  25.82761905  3.73990476]
-0.08	 -0.24	0.1	0.03	40_R	[ 2.76141176 28.56711765  6.27029412]
0.05	 0.19	-0.07	-0.15	40_R	[ 6.40307143 23.16685714  9.20317857]
-0.04	 0.08	0.04	0.11	40_R	[ 5.174    21.064875  5.556125]
-0.13	 -0.46	-0.21	0.06	40_R	[ 8.11672727 23.81081818  7.31409091]
-0.13	 -0.53	0.03	0.13	40_R	[ 7.00092593 23.44144444  4.65311111]
0.05	 0.44	0.07	-0.16	40_R	[ 3.91366667 23.31261111  5.26838889]
0.13	 0.84	-0.01	-0.25	40_R	[ 4.80805263 24.30452632  8.58526316]
-0.21	 -0.9	0.11	0.33	40_R	[ 7.00381818 25.95122727  7.13713636]
-0.17	 -0.74	0.08	0.22	40_R	[ 6.24407143 26.1555      4.49178571]
-0.16	 -0.49	-0.09	0.23	40_R	[ 4.45864 26.93244  7.8812 ]
-0.17	 -0.43	-0.02	0.25	40_R	[ 4.89128571 25.12219048  3.69933333]
-0.24	 -0.67	0.08	0.35	40_R	[ 2.60090909 26.75995455  3.48172727]
-0.18	 -0.38	0.12	0.21	40_R	[ 2.55507407 27.63307407  7.67666667]
-0.16	 -0.4	0.02	0.26	40_R	[ 1.4647619  28.27857143  5.546     ]
0.12	 0.62	0.04	-0.24	41_E	[ 9.24313333 17.69946667  5.8896    ]
-0.12	 -0.2	-0.05	0.07	41_E	[11.18046154 17.16817949  7.40464103]
0.07	 1.31	0.06	-0.35	41_E	[12.34733333 20.327       9.19516667]
-0.03	 -0.14	-0.06	-0.01	41_E	[11.21086667 22.31933333  8.5576    ]
-0.08	 -0.13	-0.07	0.08	41_E	[12.15565517 21.74917241  6.21034483]
-0.27	 -1.19	0.1	0.39	41_E	[13.09324242 20.29957576  5.59939394]
-0.29	 -0.97	0.2	0.46	41_E	[12.70467568 23.36381081  6.03210811]
0.07	 0.81	-0.02	-0.18	41_E	[ 8.1486  21.22064  9.13856]
-0.03	 0.21	-0.1	0.0	41_E	[10.35623077 19.86030769  5.31792308]
-3.35	 0.85	-0.22	-0.14	41_E	[10.30528 20.62984 10.11388]
0.01	 -0.05	-0.17	0.04	41_E	[12.63094444 19.45716667  8.31577778]
-0.08	 0.29	-0.18	0.06	41_E	[ 9.95395455 22.87872727  7.23390909]
-0.5	 -0.28	0.23	0.28	41_E	[12.0352963  22.06477778  9.35981481]
0.16	 1.1	-0.07	-0.2	42_S	[10.5985 15.591   9.1585]
-0.1	 -0.32	-0.01	0.04	42_S	[ 9.1282  14.03184  9.91   ]
-0.03	 -0.21	0.19	-0.39	42_S	[ 8.93109091 14.89863636  6.64227273]
-0.0	 0.15	-0.21	0.06	42_S	[ 6.52463636 16.28175     6.26215909]
-0.11	 -0.17	0.01	0.2	42_S	[ 9.5903  15.39385  6.55845]
-0.0	 -0.07	-0.07	-0.03	42_S	[ 7.51438462 13.92638462  7.96257692]
-0.34	 -0.34	0.19	0.4	42_S	[ 6.89196429 14.84692857  5.31067857]
0.15	 1.13	-0.05	-0.23	43_V	[ 9.18942857 13.53142857 12.25642857]
0.12	 0.89	-0.06	-0.25	43_V	[13.16304762 17.35614286 13.87895238]
0.02	 0.34	-0.13	-0.07	43_V	[12.69376471 19.45488235 10.53035294]
0.19	 1.48	0.22	-0.47	43_V	[ 8.7771875 19.0834375 10.554125 ]
0.11	 0.5	0.04	-0.2	43_V	[11.44652381 15.36119048 10.6557619 ]
0.19	 1.75	0.23	-0.49	43_V	[ 9.53545 19.31545 11.9115 ]
-0.06	 -0.22	-0.1	0.12	43_V	[13.12245455 16.16763636 12.91272727]
0.11	 0.81	-0.05	-0.24	43_V	[12.62978947 20.27221053 11.45536842]
-0.08	 -0.06	-0.07	0.12	43_V	[12.82775    17.48746429 10.87828571]
0.15	 1.27	0.0	-0.27	44_L	[ 7.47953846 13.36615385 12.19769231]
0.14	 0.93	0.01	-0.29	44_L	[ 6.56244444 13.71538889 10.34111111]
0.16	 1.38	0.14	-0.36	45_P	[ 7.06966667 12.787      13.40316667]
0.07	 1.16	0.52	-0.94	45_P	[ 6.4586 11.918  12.933 ]
0.06	 0.71	0.09	-0.32	45_P	[ 2.76010345 11.02403448 13.31527586]
-0.08	 0.07	-0.08	0.02	45_P	[ 5.475      10.96666667 15.70633333]
0.24	 1.42	0.27	-0.52	45_P	[ 7.2045     12.69483333 14.12366667]
-0.16	 -0.35	-0.12	0.28	45_P	[ 5.9345     11.44686364 11.76422727]
0.07	 0.7	0.33	-0.78	45_P	[ 2.60657143 11.60028571 14.69971429]
-0.24	 -0.4	-0.16	0.44	45_P	[ 3.42893103 10.43527586 12.71686207]
-0.03	 0.03	0.04	-0.01	45_P	[ 3.95164706 11.92341176 16.05973529]
-0.2	 -0.41	-0.01	0.26	45_P	[ 6.49896296 11.0177037  14.6347037 ]
0.13	 1.3	0.17	-0.44	46_T	[ 3.09325 11.25025 10.7145 ]
-0.05	 -0.02	0.11	0.05	46_T	[ 1.07478125 11.229875   10.26734375]
0.03	 0.95	-0.16	-0.06	46_T	[ 4.22444444 11.31277778  7.62988889]
0.12	 1.07	0.03	-0.31	46_T	[ 5.04968182 13.95120455  7.51684091]
-0.07	 -0.74	0.02	0.09	46_T	[ 1.39351852 12.98988889  6.19696296]
-0.11	 -0.28	0.0	0.1	46_T	[ 4.49661111 11.4945     10.00161111]
0.13	 0.91	-0.07	-0.26	46_T	[ 3.55461538 15.06076923  8.33807692]
-0.2	 -0.39	0.05	0.3	46_T	[ 3.1018  10.78205  8.18925]
-0.24	 -0.5	-0.07	0.25	46_T	[ 4.98675    12.62708333  6.298375  ]
-0.24	 -0.86	0.18	0.41	46_T	[ 2.46109524 12.10619048  5.44080952]
-0.1	 -0.22	-0.07	0.15	46_T	[ 0.26989474 12.61594737  7.26515789]
-0.12	 -0.67	-0.1	0.34	46_T	[ 2.53530435 14.60691304  6.40443478]
0.09	 1.36	0.58	-0.94	47_Q	[-0.8124 13.0876  8.3826]
-0.02	 0.38	-0.15	-0.06	47_Q	[-1.2235    14.0663125  7.54225  ]
-0.07	 -0.1	-0.14	0.08	47_Q	[-0.32986957 16.31613043  8.04171739]
0.07	 0.94	-0.11	-0.07	47_Q	[-0.61425 10.899   11.98   ]
-0.11	 -0.34	-0.09	0.19	47_Q	[-2.70323684 11.98376316 11.60005263]
0.03	 0.3	-0.1	-0.12	47_Q	[ 0.39908 11.07532 13.55392]
0.07	 0.8	-0.15	-0.15	47_Q	[ 1.57757143 15.87928571  8.85138095]
0.04	 -0.09	-0.14	0.01	47_Q	[-1.31433333 12.47766667  9.27111111]
0.06	 0.24	-0.03	-0.17	47_Q	[ 0.90623077 12.19119231 15.11442308]
-0.19	 -0.3	-0.04	0.33	47_Q	[-1.52778378 10.76683784 14.02651351]
0.1	 0.63	-0.01	-0.31	48_S	[-2.5861 13.5316  8.0003]
0.07	 1.21	0.32	-0.54	48_S	[-1.87983333 17.81333333  7.7       ]
0.17	 1.29	0.19	-0.45	48_S	[-3.056175 17.8007   10.065525]
-0.01	 0.26	0.03	-0.05	48_S	[-5.99390476 15.5157619   7.45747619]
-0.24	 -0.5	0.13	0.43	48_S	[-4.64386957 13.56830435  6.57547826]
0.1	 0.73	0.06	-0.32	48_S	[-3.43345455 13.76736364 10.172     ]
-0.13	 -1.12	-0.07	0.14	48_S	[-2.8235     15.70866667  6.29394444]
-0.17	 -0.36	-0.12	0.17	48_S	[-5.45948276 15.58848276  9.49262069]
-0.21	 -0.65	-0.04	0.4	48_S	[-6.00055 16.51015  6.8457 ]
-0.22	 -0.7	-0.05	0.34	48_S	[-4.28248276 12.95755172  8.33217241]
0.05	 0.31	-0.12	-0.08	49_Y	[-2.453  17.9086  6.8209]
0.07	 0.53	0.09	-0.31	49_Y	[-2.25916667 19.01416667  7.318     ]
-0.1	 -0.03	-0.04	0.04	49_Y	[-6.44691176 18.84197059  9.14579412]
-0.04	 0.31	-0.05	0.02	49_Y	[-4.3418 20.03    5.0642]
-0.04	 -0.1	0.08	-0.15	49_Y	[-5.0153 22.5465  5.4294]
-0.08	 -0.09	0.23	-0.27	49_Y	[-6.48821053 22.31242105  6.81547368]
-0.07	 -0.33	-0.01	0.08	49_Y	[-3.3184     22.7768      5.01786667]
-0.07	 -0.12	-0.03	0.03	49_Y	[-6.65620833 23.76108333  7.43329167]
-0.03	 0.16	0.03	-0.06	49_Y	[-3.4972  24.55325  5.4438 ]
-0.08	 -0.39	-0.04	0.1	49_Y	[-5.15136364 24.90309091  5.894     ]
-0.17	 -0.32	0.01	0.23	49_Y	[-5.40565385 26.42246154  7.93753846]
-0.18	 -0.41	-0.14	0.16	49_Y	[-4.42447368 17.66889474  5.87821053]
-0.45	 0.64	0.06	-0.03	49_Y	[-1.96592 19.84248  8.06276]
-0.2	 -0.24	0.06	0.25	49_Y	[-2.97555 20.1034   5.41605]
-0.09	 -0.46	0.08	0.17	49_Y	[-5.62895455 19.52945455  5.954     ]
-0.12	 -0.27	-0.16	0.32	49_Y	[-7.09531579 21.70068421  7.83210526]
-0.03	 0.27	-0.04	-0.13	49_Y	[-1.62707143 21.95228571  6.28360714]
-0.12	 -0.32	-0.01	0.23	49_Y	[-6.80158621 23.85106897  8.77172414]
0.12	 0.51	-0.09	-0.15	49_Y	[-2.637      25.64855556  5.83822222]
-0.13	 -0.69	-0.05	0.27	49_Y	[-3.47583333 26.84920833  7.15816667]
0.07	 1.38	-0.04	-0.17	50_G	[-6.33194444 22.11616667 11.52772222]
0.07	 0.02	-0.13	-0.04	50_G	[-6.2645     18.81416667 12.24566667]
0.01	 0.59	-0.03	-0.11	50_G	[-6.61861538 20.88365385 13.70996154]
0.18	 1.44	0.24	-0.5	50_G	[-2.405      20.47989474 10.261     ]
0.1	 0.64	0.12	-0.44	50_G	[-6.039      22.71909091 11.96781818]
-0.09	 -0.14	0.03	0.1	50_G	[-6.91691304 21.164      10.50234783]
0.15	 1.48	0.05	-0.3	51_Y	[-5.1443 18.0589 11.3955]
0.17	 0.98	0.01	-0.26	51_Y	[-5.5235   17.629375 12.794   ]
0.19	 1.18	0.11	-0.4	51_Y	[-3.89353846 19.00276923 17.01561538]
0.07	 2.11	0.14	-0.49	51_Y	[-4.1344 13.2226 13.1958]
0.06	 0.52	-0.16	-0.12	51_Y	[-3.44658824 12.28711765 14.61117647]
-0.02	 0.49	-0.09	-0.1	51_Y	[-2.15320455 12.21763636 17.00422727]
0.14	 1.29	0.42	-0.64	51_Y	[-2.6217 19.2753 10.9839]
0.09	 0.51	0.04	-0.25	51_Y	[-4.888375  16.3980625 12.1291875]
-0.04	 0.12	-0.07	0.04	51_Y	[-4.95369697 14.60878788 12.88063636]
-0.15	 -0.37	0.02	0.16	51_Y	[-4.62255 12.71575 15.2048 ]
0.07	 0.69	0.17	-0.42	51_Y	[-1.227125 12.3355   18.134625]
0.18	 1.49	0.25	-0.49	52_Y	[-1.71428571 19.56990476 11.76104762]
0.1	 0.72	-0.01	-0.22	52_Y	[ 0.450375   18.67178125 11.2305    ]
0.19	 0.96	0.3	-0.53	52_Y	[ 1.57344444 16.82516667 10.69288889]
0.11	 0.79	-0.22	-0.08	53_H	[-4.55411111 24.27644444 17.969     ]
0.04	 1.01	0.08	-0.17	53_H	[-4.5051 22.8393 17.8731]
-0.02	 0.46	-0.09	-0.06	53_H	[-5.29215 25.52705 16.4862 ]
-0.15	 -0.64	0.03	0.22	53_H	[-6.45822727 22.58795455 16.28890909]
-0.09	 0.88	0.04	0.11	53_H	[-6.709      24.44971429 15.952     ]
0.22	 1.39	0.32	-0.55	53_H	[-3.3646 23.5354 18.8437]
0.03	 0.24	-0.02	-0.08	53_H	[-4.03757692 20.92226923 17.31080769]
0.11	 1.82	-0.04	-0.29	53_H	[-5.2        26.53842857 14.76471429]
-0.13	 -0.22	-0.01	0.1	53_H	[-6.16557895 20.83652632 15.58057895]
-0.17	 -0.53	0.06	0.17	53_H	[-6.72737037 24.07837037 13.93507407]
-0.02	 0.02	-0.06	-0.04	54_E	[ 3.39349057 28.30277358 12.95222642]
-0.06	 -0.05	-0.05	-0.04	55_Y	[-4.1252963  24.80762963 20.31344444]
0.2	 1.04	0.09	-0.2	55_Y	[ 1.05321429 29.91778571 22.89117857]
-0.06	 0.25	0.06	-0.04	55_Y	[-4.87630952 26.92495238 20.73111905]
0.06	 0.33	-0.07	-0.16	56_T	[ 3.29026829 31.31956098 24.18036585]
0.05	 0.66	-0.1	-0.1	58_I	[ 8.5746     36.10413333 28.20056667]
-0.1	 -0.23	-0.06	0.1	58_I	[ 4.53816129 36.0153871  27.23851613]
0.16	 0.88	-0.0	-0.24	58_I	[ 5.88288889 31.6685     27.29216667]
0.05	 0.26	-0.11	-0.14	58_I	[ 6.63152381 33.67904762 28.57961905]
0.1	 1.24	-0.12	-0.17	58_I	[ 6.44228571 36.65785714 25.28771429]
0.13	 1.02	0.08	-0.31	58_I	[ 4.58941379 33.26631034 25.57293103]
-0.15	 -0.6	-0.01	0.2	58_I	[ 7.33352174 36.27647826 28.57443478]
0.0	 0.41	-0.11	-0.02	58_I	[ 8.25248276 36.57013793 25.56986207]
0.04	 0.16	-0.18	-0.16	58_I	[ 3.7027 36.6125 26.2616]
-0.16	 -0.62	2.84	1.02	58_I	[ 3.90121212 34.47151515 27.82409091]
-0.15	 -0.66	0.26	0.19	58_I	[ 5.69436842 36.96689474 27.53021053]
0.1	 0.67	-0.02	-0.26	59_T	[11.11526923 37.22257692 26.06834615]
-0.06	 -0.86	-0.01	0.07	59_T	[15.41894737 34.10057895 26.14710526]
0.21	 1.67	0.27	-0.53	59_T	[10.14527778 35.83838889 24.49261111]
0.02	 0.55	-0.04	-0.17	59_T	[14.15240541 32.35667568 23.19162162]
-0.09	 -0.02	-0.01	0.12	59_T	[15.05015385 33.92411538 24.17161538]
0.1	 0.72	-0.02	-0.17	59_T	[14.98128571 36.02728571 25.94328571]
-0.03	 -0.63	-0.05	-0.07	59_T	[15.24392857 32.85257143 26.74378571]
0.02	 0.25	-0.13	-0.1	60_P	[13.92614286 37.80357143 30.09178571]
-0.09	 -0.6	0.02	0.07	60_P	[15.10422222 36.47185185 28.25014815]
-0.01	 0.23	-0.02	-0.06	60_P	[11.87342857 36.34657143 30.88619048]
0.0	 0.41	-0.24	0.03	60_P	[12.4214 34.3043 31.5379]
0.19	 1.3	0.37	-0.6	60_P	[12.974375 32.233375 29.655875]
-0.1	 0.07	-0.33	0.14	60_P	[10.29794737 36.99384211 28.94973684]
-0.18	 -0.56	0.16	0.27	60_P	[13.99647619 35.81133333 31.11642857]
-0.18	 -0.6	0.12	0.28	60_P	[11.41517241 36.63948276 31.31062069]
-0.21	 -0.56	0.02	0.29	60_P	[13.14390909 33.292      31.33972727]
0.04	 0.8	-0.04	-0.18	60_P	[10.24029412 34.53164706 30.59241176]
0.02	 0.28	-0.06	-0.13	60_P	[14.17223077 33.56434615 28.93930769]
-0.09	 0.16	0.09	-0.23	61_G	[12.726625 38.767625 29.837   ]
-0.04	 0.11	0.06	-0.06	61_G	[13.91836842 40.36578947 28.292     ]
0.15	 1.04	0.03	-0.28	61_G	[13.792      39.59557895 26.57452632]
-0.02	 0.19	-0.02	-0.08	61_G	[15.65310256 41.16251282 25.97120513]
-0.16	 -0.38	-0.06	0.21	61_G	[11.60586207 38.95437931 28.29989655]
-0.25	 -0.63	-0.08	0.35	61_G	[13.61838462 41.068      28.22280769]
-0.17	 -0.38	0.01	0.29	61_G	[15.55990476 38.87880952 28.59614286]
0.09	 1.16	0.14	-0.42	62_A	[14.9606 37.8554 25.9732]
0.08	 1.04	0.13	-0.34	62_A	[15.12063158 38.01489474 24.63642105]
-0.01	 -0.02	-0.04	-0.02	62_A	[14.84554545 40.43748485 21.93078788]
0.03	 0.56	0.02	-0.22	62_A	[13.98657895 36.03236842 22.56384211]
-0.14	 -0.06	-0.02	0.11	62_A	[15.73137037 38.7737037  24.04714815]
-0.01	 0.34	-0.08	0.03	62_A	[14.08622727 36.97904545 21.54772727]
-0.02	 0.32	-0.16	-0.06	62_A	[14.9608 36.3036 24.423 ]
0.21	 1.62	0.15	-0.43	62_A	[11.42372727 37.70472727 24.03627273]
0.08	 1.27	0.25	-0.49	63_R	[10.41369231 40.96746154 22.96153846]
-0.17	 0.43	-0.26	-0.03	63_R	[ 9.64       40.34614286 22.03471429]
-0.17	 -0.35	0.08	0.19	63_R	[10.12584211 42.12865789 20.52047368]
0.04	 0.96	-0.02	-0.16	63_R	[12.37155556 42.94961111 21.53694444]
0.03	 0.35	-0.1	-0.09	63_R	[12.25395238 42.76404762 25.57533333]
0.16	 0.2	-0.16	-0.06	63_R	[12.7963913  45.34343478 24.10491304]
-0.05	 -0.28	-0.1	0.14	63_R	[14.8178 45.865  25.4422]
-0.02	 0.15	-0.04	0.02	63_R	[16.25581818 44.78768182 24.44954545]
-0.05	 0.17	-0.05	-0.03	63_R	[15.92905405 43.86613514 22.98883784]
-0.13	 -0.38	-0.11	0.13	63_R	[17.24003448 44.08175862 25.7187931 ]
0.03	 0.24	-0.06	-0.04	63_R	[11.29514286 39.81653571 24.81160714]
-0.25	 -0.94	0.02	0.36	63_R	[10.07986667 41.80526667 23.65446667]
0.01	 0.38	-0.04	-0.15	63_R	[13.8669 42.3783 21.4765]
-0.18	 -0.47	0.29	-0.85	63_R	[11.25563636 43.84222727 22.40913636]
-0.21	 -0.6	0.11	0.24	63_R	[11.24747826 43.28969565 25.13130435]
-0.13	 0.16	-0.03	0.14	63_R	[13.46416667 45.09691667 22.57483333]
-0.23	 -0.72	0.33	-0.23	63_R	[12.34976 45.63408 24.71548]
-0.08	 0.01	0.09	0.18	63_R	[14.45775    44.27232143 26.54989286]
-0.13	 0.16	0.02	0.14	63_R	[15.00521053 43.94857895 21.96015789]
-0.33	 -1.62	0.33	0.59	63_R	[17.3741  44.06915 22.5491 ]
-0.29	 -0.85	0.06	0.44	63_R	[16.75768 44.2092  26.81012]
-0.29	 -1.09	0.19	0.48	63_R	[18.3245     44.08926923 24.69773077]
0.12	 1.28	0.01	-0.3	64_T	[ 8.96388889 39.55111111 20.92822222]
0.13	 0.75	0.07	-0.29	64_T	[ 9.86246875 37.5676875  22.7456875 ]
0.1	 0.79	0.0	-0.15	64_T	[11.52911111 38.58477778 17.73144444]
-0.15	 -0.5	0.0	0.13	64_T	[13.10921429 40.99017857 18.35396429]
-0.11	 -0.22	-0.14	0.06	64_T	[ 9.04395 39.8629  19.61735]
-0.17	 -0.46	-0.04	0.19	64_T	[10.69905556 38.68944444 17.52977778]
-0.12	 -0.48	0.03	0.14	64_T	[13.65153571 37.63632143 18.89646429]
-0.21	 -0.92	0.16	0.37	64_T	[13.50204167 39.72       17.28791667]
-0.17	 -0.65	0.1	0.3	64_T	[11.44657143 41.3942381  17.96166667]
-0.04	 0.16	-0.03	-0.09	64_T	[13.65895455 40.92786364 19.89054545]
0.01	 0.23	-0.03	-0.18	65_R	[ 8.24846154 35.99384615 16.86438462]
0.09	 1.21	0.02	-0.28	65_R	[ 6.39733333 35.51855556 16.01711111]
0.08	 1.09	-0.06	-0.23	65_R	[ 5.59355556 32.08688889 14.31044444]
-0.02	 0.38	-0.06	-0.07	65_R	[ 8.81247368 37.99510526 18.22947368]
-0.06	 0.31	-0.04	-0.06	65_R	[ 6.9165     36.96532143 17.49089286]
0.07	 0.41	0.04	-0.04	65_R	[ 9.161125   35.04475    17.04783333]
0.06	 -0.62	-0.06	-0.06	65_R	[ 6.75776471 34.55147059 15.64041176]
0.02	 -0.12	-0.03	0.04	65_R	[ 6.13516667 32.86027778 14.57672222]
0.05	 0.18	-0.06	-0.1	65_R	[ 4.58982353 31.15829412 14.28547059]
0.08	 1.27	-0.01	-0.21	66_G	[13.27985714 34.36409524 20.05566667]
0.11	 0.95	-0.09	-0.17	66_G	[13.18083333 33.28733333 17.94983333]
0.05	 0.76	0.01	-0.18	66_G	[11.83271429 33.0485     16.96928571]
0.04	 0.13	0.03	-0.11	66_G	[11.3954 35.9324 17.9319]
-0.1	 -0.26	-0.13	0.05	66_G	[13.67425926 34.85685185 19.16503704]
0.16	 1.08	0.15	-0.43	66_G	[13.23223077 34.41261538 21.86038462]
0.02	 0.17	-0.18	-0.02	67_T	[15.23495652 30.76330435 21.54156522]
-0.07	 -0.24	0.01	0.03	67_T	[16.01510345 31.44593103 18.34362069]
0.17	 1.26	0.43	-0.65	67_T	[13.8179 32.7622 21.0815]
0.03	 0.63	-0.08	-0.08	67_T	[15.68233333 29.22841667 21.686     ]
-0.24	 -0.72	0.1	0.39	67_T	[16.80040741 30.51614815 19.03377778]
-0.03	 0.14	0.25	-0.12	67_T	[14.65475862 32.01286207 17.20624138]
-0.12	 -0.53	-0.1	0.25	67_T	[15.17605882 32.90205882 19.84176471]
0.08	 1.42	0.18	-0.45	68_R	[14.69284615 29.514      24.77315385]
0.09	 1.48	0.07	-0.31	68_R	[14.87905882 28.92       25.90147059]
-0.08	 -0.32	-0.17	0.05	68_R	[16.19194872 30.17748718 26.00730769]
0.07	 0.7	0.03	-0.28	68_R	[14.86285294 29.12411765 24.19852941]
-0.03	 0.39	-0.02	-0.04	68_R	[14.39179412 30.93155882 28.74744118]
-0.26	 -0.95	-0.0	0.45	68_R	[16.46341379 29.40493103 24.69986207]
-0.21	 -0.66	0.1	0.37	68_R	[16.57974194 30.22851613 27.42051613]
0.05	 1.14	0.1	-0.39	69_R	[ 9.30425  33.197875 15.991625]
0.05	 0.16	0.0	-0.16	69_R	[ 8.33695 32.4412  15.40105]
0.1	 0.47	-0.12	-0.11	69_R	[10.08472727 33.35145455 16.47545455]
-0.02	 0.89	-0.07	-0.15	72_T	[-2.79066667 21.09266667 21.082     ]
0.03	 0.45	-0.04	-0.15	72_T	[-2.94725    21.70965625 19.56575   ]
0.1	 0.93	-0.04	-0.17	72_T	[-1.71855556 21.376      23.195     ]
0.0	 0.44	-0.05	-0.09	72_T	[-1.95273077 19.87723077 21.80996154]
0.0	 0.71	-0.09	-0.1	72_T	[-2.7822  22.7602  22.22915]
0.16	 1.61	0.1	-0.34	73_G	[-3.3472  18.6952  18.62825]
-0.05	 0.17	-0.07	0.03	73_G	[-3.08168966 18.16765517 20.96882759]
0.08	 1.36	0.28	-0.64	74_E	[-6.4134 16.1268 19.7672]
0.11	 0.93	0.01	-0.23	74_E	[-5.03294444 14.69305556 20.35405556]
-0.17	 -0.71	-0.03	0.23	74_E	[-6.28630952 14.77361905 21.11021429]
0.03	 1.22	-0.08	-0.1	74_E	[-6.32327273 14.78663636 18.46536364]
0.06	 1.1	-0.1	-0.14	74_E	[-7.37366667 16.621      17.902     ]
-0.07	 -0.59	-0.09	0.09	74_E	[-7.88495238 16.10952381 15.766     ]
-0.25	 -1.01	0.1	0.34	74_E	[-7.638      14.4450625  15.75696875]
-0.12	 -0.57	0.05	0.14	74_E	[-7.29666667 17.60219048 14.61709524]
-0.12	 -0.19	-0.12	0.14	74_E	[-5.38726087 17.4496087  19.74234783]
0.1	 0.63	0.09	-0.27	74_E	[-5.098875  13.5720625 17.5965   ]
-0.21	 -1.37	0.31	-0.08	74_E	[-7.13623077 15.04392308 18.472     ]
-0.09	 0.16	-0.05	0.14	74_E	[-5.92316216 18.24454054 17.31364865]
0.11	 1.42	0.23	-0.51	75_A	[-4.25277778 13.05677778 18.95755556]
0.04	 0.63	-0.19	-0.0	75_A	[-4.63875 12.238   19.85   ]
0.08	 -0.08	-0.06	-0.09	75_A	[-3.62113333 15.5086     23.05973333]
-0.09	 -0.1	0.03	0.06	75_A	[-2.062  11.0374 20.3888]
-0.12	 -0.32	-0.01	0.11	75_A	[-5.4845  12.35845 21.15245]
-0.15	 -0.44	0.14	0.12	75_A	[-3.02220833 10.55916667 22.08629167]
-0.15	 -0.65	0.04	0.21	75_A	[-3.38517391 11.236      19.29695652]
0.01	 0.59	0.03	-0.13	75_A	[-0.9660625 11.9439375 21.3021875]
0.15	 1.14	-0.11	-0.16	76_T	[-5.41388889 12.96211111 23.49455556]
-0.04	 -0.07	-0.01	-0.03	76_T	[-0.98131818 11.97322727 24.6455    ]
-0.01	 0.83	-0.16	-0.01	76_T	[-4.60642857 10.37828571 25.81228571]
-0.16	 -0.37	0.02	0.24	76_T	[-6.19847619 12.1757619  25.6282381 ]
-0.11	 -0.44	-0.09	0.09	76_T	[-3.61026923 12.21261538 28.42511538]
-0.14	 -0.13	-0.15	0.12	76_T	[-5.0548  11.3021  23.51815]
-0.05	 -1.0	-0.08	0.11	76_T	[-4.7254     14.59313333 24.81913333]
-0.16	 -0.29	-0.01	0.16	76_T	[-3.40715385 10.56230769 25.37869231]
-0.27	 -0.91	0.24	0.46	76_T	[-6.33904 11.00028 26.55564]
-0.22	 -0.76	0.17	0.42	76_T	[-4.50436364 11.01045455 28.32222727]
-0.03	 -0.1	-0.16	0.01	76_T	[-2.180625  12.2734375 28.436875 ]
-0.12	 -0.46	0.05	0.29	76_T	[-4.86165217 13.80552174 27.83534783]
0.11	 0.91	0.39	-0.81	77_Q	[-1.6948 16.331  25.1398]
0.1	 0.32	-0.09	-0.1	77_Q	[ 1.75414286 13.85685714 25.8107619 ]
0.07	 1.37	-0.05	-0.15	77_Q	[ 0.93783333 13.17066667 27.702     ]
0.08	 1.16	-0.07	-0.18	77_Q	[-2.98454545 15.12918182 28.65954545]
-0.13	 -0.4	-0.14	0.06	77_Q	[-1.918      13.63646154 30.28946154]
-0.18	 -0.64	0.12	0.23	77_Q	[-1.55240476 16.04192857 31.14421429]
-0.1	 -0.1	-0.08	0.08	77_Q	[-0.0768     12.7936     30.78906667]
-0.01	 0.32	-0.02	0.04	77_Q	[-3.14166667 15.70490476 26.0112381 ]
0.11	 -0.07	-0.08	-0.06	77_Q	[-1.487      16.87513333 26.19546667]
-0.02	 0.07	-0.04	0.04	77_Q	[-0.23442857 12.54435714 27.57785714]
0.09	 -0.07	0.04	-0.26	77_Q	[ 1.83416667 14.3615     28.08638889]
-0.07	 -0.66	-0.04	0.06	77_Q	[-2.05225    16.47816667 28.73666667]
-0.06	 -0.2	-0.29	0.08	77_Q	[-2.95571429 14.369      29.37571429]
-0.08	 -0.52	-0.07	0.07	77_Q	[ 0.87562963 12.96159259 29.95933333]
-0.03	 0.34	-0.2	0.05	77_Q	[ 0.29314286 14.00257143 32.06085714]
0.12	 1.04	0.19	-0.3	78_E	[ 0.4408 13.3728 23.1414]
0.2	 1.37	0.15	-0.39	78_E	[-0.77615789 17.95084211 22.56194737]
-0.0	 0.37	-0.24	0.11	78_E	[ 0.514 13.157 21.973]
0.07	 1.55	0.04	-0.32	78_E	[ 0.59416667 12.81833333 20.706     ]
-0.02	 0.12	-0.11	-0.01	78_E	[ 0.1178125 12.487625  18.9881875]
0.15	 1.35	0.23	-0.47	78_E	[-0.9878 12.3342 18.9216]
0.06	 -0.04	0.06	-0.19	78_E	[ 1.33247368 13.00131579 17.09184211]
0.13	 0.86	0.04	-0.22	78_E	[-1.65583333 16.46216667 23.35955556]
0.04	 0.27	-0.01	-0.11	78_E	[ 1.31592857 13.50071429 23.45342857]
0.13	 0.66	0.07	-0.25	78_E	[-0.17506667 12.8766     22.20953333]
-0.0	 -0.09	-0.02	-0.03	78_E	[ 1.9855     13.13140909 21.22013636]
0.13	 2.27	0.16	-0.42	79_D	[-0.4862 19.1535 23.6159]
0.07	 0.96	0.03	-0.17	79_D	[-0.52055556 18.47872222 25.30888889]
0.02	 0.46	-0.1	-0.11	79_D	[-0.5496  20.9876  24.75968]
0.03	 0.34	0.02	-0.12	80_Y	[ 3.88838462 12.85526923 18.54815385]
0.11	 0.55	0.05	-0.28	80_Y	[ 5.9938125 13.1120625 19.9813125]
0.1	 -0.71	-0.04	-0.2	80_Y	[ 2.345375 12.8535   19.085875]
0.17	 1.32	0.13	-0.36	81_Y	[11.87275   20.5180625 21.5194375]
0.08	 1.03	0.02	-0.16	81_Y	[13.05781818 22.13527273 24.037     ]
0.07	 1.74	0.33	-0.73	81_Y	[13.3348 22.418  25.1178]
0.12	 0.91	0.05	-0.25	81_Y	[13.709625   26.384      25.54108333]
0.03	 0.21	-0.02	-0.14	81_Y	[12.55648718 21.2025641  23.59669231]
-0.07	 -0.06	-0.04	0.1	81_Y	[13.74921429 23.67607143 24.80167857]
0.17	 3.19	0.07	-0.29	82_T	[12.71938462 21.89823077 20.58423077]
0.08	 1.11	-0.11	-0.12	83_G	[15.004      24.522      21.90033333]
0.04	 0.09	0.05	-0.18	83_G	[15.6562 24.8318 20.9423]
-0.03	 0.15	-0.13	0.06	83_G	[16.0396     27.6044     21.45445714]
0.03	 -0.05	-0.0	-0.12	83_G	[14.20375862 23.09968966 20.99924138]
-0.01	 -0.04	-0.04	-0.01	83_G	[14.58495455 25.60213636 23.24477273]
0.09	 0.68	0.05	-0.3	84_D	[16.89566667 27.183      17.57966667]
0.08	 1.69	0.13	-0.34	84_D	[16.19186667 27.83786667 16.91113333]
-0.05	 0.49	-0.01	-0.08	84_D	[16.17252941 26.28147059 14.92805882]
-0.1	 -0.47	-0.13	0.13	84_D	[18.154      25.07009091 18.19990909]
0.17	 1.1	0.13	-0.33	84_D	[16.03163636 23.14909091 19.30645455]
-0.17	 -0.32	-0.06	0.19	84_D	[17.74640909 22.22463636 17.36427273]
-0.03	 0.35	-0.0	-0.11	84_D	[16.64194444 27.88616667 18.42805556]
-0.13	 -0.47	0.05	0.27	84_D	[17.91278261 25.3543913  16.915     ]
-0.19	 -0.59	0.05	0.23	84_D	[17.50590909 25.02195455 19.57890909]
-0.03	 0.29	-0.04	-0.04	85_H	[13.54525    26.67271429 12.95153571]
0.02	 0.36	-0.02	-0.15	85_H	[15.39778947 29.68826316 15.18247368]
0.18	 0.47	-0.2	-0.13	85_H	[14.15271429 31.20357143 15.26757143]
0.01	 0.24	0.03	-0.07	85_H	[13.78726667 30.28653333 13.17353333]
0.15	 1.56	0.04	-0.3	85_H	[12.84933333 31.83233333 15.71366667]
-0.22	 -0.97	0.09	0.26	85_H	[12.23909091 31.4642     12.53494545]
0.02	 0.74	0.05	-0.28	85_H	[11.28641667 31.88       14.06041667]
0.01	 -0.01	-0.16	0.05	85_H	[15.60284615 29.64138462 16.34884615]
-0.05	 -0.53	-0.13	0.08	85_H	[15.348375 28.2755   14.1435  ]
-0.31	 -1.13	0.24	0.52	85_H	[14.79695 30.2103  12.6035 ]
-0.14	 -0.21	-0.02	0.07	85_H	[10.29024 32.31452 14.2524 ]
0.12	 1.1	-0.04	-0.19	86_Y	[13.1042 24.2127 12.5503]
-0.31	 0.87	0.35	-0.03	86_Y	[11.88126471 22.40347059 12.09635294]
0.0	 0.09	0.12	-0.21	86_Y	[ 9.60415385 25.00184615 12.24269231]
0.04	 0.11	-0.2	0.04	86_Y	[ 8.78171429 25.999      12.464     ]
-0.02	 0.31	0.33	-0.06	86_Y	[ 9.30373684 27.43626316 12.45631579]
-0.1	 -0.08	0.0	0.07	86_Y	[ 8.65913333 29.1768     12.83153333]
0.06	 -0.03	-0.06	-0.07	86_Y	[ 6.91866667 27.99616667 13.12175   ]
0.07	 0.46	-0.01	-0.16	86_Y	[ 6.65641176 30.14323529 14.15770588]
-0.17	 -0.56	0.05	0.2	86_Y	[11.35221429 25.44328571 12.01785714]
0.0	 0.16	0.04	-0.14	86_Y	[ 9.29173333 23.85793333 12.5888    ]
0.04	 -0.11	-0.0	-0.12	86_Y	[11.43376923 28.10453846 12.58492308]
0.01	 0.74	-0.03	-0.04	86_Y	[ 8.88942857 30.29014286 13.5605    ]
0.1	 1.89	0.11	-0.35	87_A	[14.2772 24.1952 12.8468]
-0.02	 0.33	-0.08	-0.03	87_A	[14.97613514 19.76918919 13.14440541]
-0.09	 0.04	-0.02	0.09	87_A	[17.26381481 23.47918519 14.07588889]
-0.2	 0.17	0.02	0.33	87_A	[14.15866667 22.47961111 12.05605556]
-0.18	 -0.56	0.11	0.27	87_A	[17.14313636 22.05777273 13.28559091]
-0.16	 -0.55	0.01	0.24	87_A	[16.12345455 24.71036364 13.13345455]
0.06	 1.28	-0.1	-0.24	87_A	[17.44642857 23.55728571 15.62228571]
0.08	 0.82	0.01	-0.23	88_T	[13.65933333 19.95755556 19.08588889]
0.15	 1.64	0.22	-0.47	88_T	[13.552  21.2181 19.1524]
0.16	 1.48	-0.07	-0.22	88_T	[16.29   18.4378 18.4688]
-0.13	 -0.06	-0.13	0.09	88_T	[15.58994595 20.28597297 19.11037838]
-0.09	 -1.08	-0.03	0.13	88_T	[17.57766667 18.996      15.77320833]
0.15	 1.16	0.14	-0.43	88_T	[13.82205556 17.84633333 15.6095    ]
0.19	 1.53	0.37	-0.6	88_T	[14.66522222 18.25411111 18.93388889]
0.11	 -0.76	-0.11	-0.09	88_T	[17.3684 20.6218 18.0324]
-0.16	 -0.64	-0.02	0.35	88_T	[17.71446667 18.60743333 17.29493333]
-0.11	 -0.45	-0.03	0.2	88_T	[16.061      17.95321739 15.21752174]
0.03	 0.46	-0.0	-0.12	88_T	[17.38535 20.76245 15.218  ]
0.1	 1.48	0.01	-0.34	89_F	[12.851  19.5144 19.5452]
0.12	 0.74	0.02	-0.28	89_F	[13.18215 18.48175 19.87825]
0.1	 1.72	0.13	-0.34	89_F	[12.40782353 20.19623529 19.85529412]
0.15	 0.38	0.06	-0.3	89_F	[ 9.44889286 20.91828571 12.89928571]
0.14	 1.36	0.23	-0.49	90_S	[12.2416 19.0575 21.0175]
0.07	 1.01	-0.1	-0.23	90_S	[12.5341 18.815  23.8963]
-0.13	 -0.22	-0.13	0.11	90_S	[13.42138462 18.05230769 22.78446154]
0.14	 0.98	0.34	-0.57	90_S	[12.1593 19.0849 24.1641]
0.0	 0.06	-0.13	-0.06	90_S	[14.17015385 16.43969231 23.09223077]
0.08	 1.28	0.08	-0.36	91_L	[ 8.146 12.23  22.549]
0.08	 0.26	-0.08	0.07	91_L	[ 4.95066667 13.11966667 24.997     ]
0.06	 1.51	-0.04	-0.15	91_L	[ 3.81942857 12.91385714 22.34428571]
-0.08	 -0.2	-0.09	0.07	91_L	[ 6.03559459 11.13956757 23.77275676]
0.1	 0.79	0.07	-0.3	91_L	[ 8.80242857 12.35171429 22.81257143]
0.12	 0.75	0.08	-0.47	91_L	[ 5.67823529 13.31541176 25.68517647]
0.11	 0.63	-0.03	-0.15	91_L	[ 3.59821739 13.57269565 24.17108696]
0.1	 0.84	-0.02	-0.2	91_L	[ 4.55016667 12.99816667 21.37483333]
-0.19	 -1.23	0.14	0.3	91_L	[ 4.58653846 11.5815     24.32088462]
-0.2	 -0.83	-0.0	0.31	91_L	[ 6.20069565 11.53773913 21.91534783]
0.04	 0.1	-0.26	0.03	91_L	[ 7.094375 10.538625 24.8955  ]
0.11	 0.94	0.04	-0.27	92_I	[ 4.42780645 14.42229032 27.25577419]
0.09	 1.68	0.06	-0.31	93_D	[ 8.22154545 12.56509091 30.06254545]
-0.07	 0.27	-0.0	0.08	93_D	[ 5.9753125 11.513125  30.458875 ]
0.04	 0.34	0.01	-0.17	93_D	[ 4.673      12.43591667 31.26041667]
-0.18	 -0.66	-0.0	0.2	93_D	[ 7.75854545 11.06975    31.51784091]
0.02	 -0.41	0.05	-0.08	93_D	[ 5.48      13.2843125 28.927375 ]
0.02	 0.58	-0.15	-0.14	93_D	[ 6.79411111 12.40155556 28.51166667]
0.12	 1.09	0.14	-0.37	93_D	[ 9.4711875 13.4955    30.264875 ]
0.12	 0.96	0.03	-0.26	94_Q	[ 2.38784615 15.89438462 33.60769231]
-0.07	 -0.09	0.07	-0.03	94_Q	[ 4.0583   17.616    34.588625]
0.08	 0.86	0.05	-0.26	94_Q	[ 1.13166667 16.86122222 32.23611111]
-0.13	 -0.36	-0.09	0.08	94_Q	[ 0.29333333 19.34366667 30.71861905]
0.17	 0.95	0.11	-0.39	94_Q	[ 3.38662963 14.43403704 29.89033333]
0.09	 1.19	0.08	-0.31	94_Q	[ 1.50209091 15.82190909 32.37618182]
-0.04	 -0.43	0.0	-0.02	94_Q	[ 2.0285    18.3923125 32.5531875]
0.04	 0.16	0.02	-0.11	94_Q	[-0.56836364 18.55368182 28.27640909]
0.04	 -0.02	-0.03	-0.11	95_T	[ 5.65554545 15.75563636 36.20627273]
-0.17	 -0.68	0.09	0.2	95_T	[ 5.84361765 13.64770588 37.26482353]
0.03	 0.68	-0.12	0.03	95_T	[ 3.3825     12.21       35.55816667]
-0.12	 -0.26	0.02	0.04	95_T	[ 5.38785185 11.18788889 34.0742963 ]
-0.09	 -0.54	-0.1	0.15	95_T	[ 2.16751724 11.88675862 33.27589655]
-0.14	 -0.54	-0.02	0.17	95_T	[ 3.06272222 15.27422222 35.53372222]
-0.16	 -0.57	-0.0	0.18	95_T	[ 3.73052 12.51264 36.31688]
0.01	 0.43	-0.09	-0.11	95_T	[ 4.77828571 11.29928571 32.74028571]
-0.26	 -1.02	0.46	0.31	95_T	[ 2.4127  10.90645 33.83515]
-0.13	 -0.47	0.04	0.16	95_T	[ 1.61482143 13.60335714 34.19725   ]
0.09	 0.47	-0.05	-0.17	95_T	[ 3.03233333 12.92841667 31.64341667]
0.13	 1.35	0.27	-0.52	96_C	[ 6.34455556 16.33011111 35.49144444]
0.01	 0.26	-0.16	-0.05	96_C	[ 7.104      15.94133333 36.63433333]
0.01	 -0.41	-0.02	-0.07	96_C	[ 7.74728571 16.728      36.42457143]
0.13	 -0.31	-0.05	-0.15	96_C	[ 7.2284     17.7634     35.13073333]
-0.07	 -0.23	0.04	-0.05	96_C	[ 9.23635294 12.57817647 35.90111765]
-0.05	 0.22	-0.05	-0.1	96_C	[ 9.51656522 12.36082609 32.75556522]
-0.11	 -0.23	-0.04	0.08	96_C	[10.55663636 16.48318182 36.72404545]
-0.16	 -0.19	0.09	0.09	96_C	[ 7.84482353 15.04729412 37.31047059]
-0.14	 -0.54	0.05	0.24	96_C	[10.1996  13.51385 36.27375]
-0.1	 -0.6	0.05	0.19	96_C	[ 7.98011765 12.05276471 35.43164706]
