0.05	 -1.82	0.37	-0.59	1_D	[ 82.63481818  81.31727273 -39.66545455]
0.05	 0.65	-0.1	-0.14	1_D	[ 80.44121429  82.2595     -39.29      ]
0.06	 0.91	-0.13	-0.18	1_D	[ 80.3521  81.7785 -37.201 ]
-0.18	 -0.76	0.14	0.21	1_D	[ 81.18474194  79.42267742 -36.97319355]
-0.02	 0.39	-0.04	-0.08	1_D	[ 81.45522222  80.05544444 -41.39133333]
-0.08	 0.02	-0.06	0.11	1_D	[ 78.9801875   79.56834375 -41.56278125]
-0.16	 -0.33	-0.2	0.18	1_D	[ 77.61836  79.05504 -41.13744]
-0.31	 -1.13	0.27	0.47	1_D	[ 79.43562162  80.47156757 -43.10659459]
-0.33	 -0.89	0.25	0.51	1_D	[ 81.98719048  83.09390476 -39.0152381 ]
-0.16	 -0.38	0.02	0.17	1_D	[ 82.62666667  80.95511111 -38.05574074]
-0.29	 -0.61	0.09	0.43	1_D	[ 83.08705  81.2527  -40.28705]
-0.1	 -0.46	-0.08	0.12	1_D	[ 79.57335714  82.31160714 -39.60760714]
-0.23	 -0.99	-0.06	0.32	1_D	[ 81.84        80.61413636 -41.90831818]
-0.03	 0.07	-0.07	0.19	1_D	[ 81.14564516  78.41303226 -39.89003226]
0.09	 0.98	-0.0	-0.2	2_L	[ 78.5224  78.454  -35.47  ]
0.13	 1.1	0.06	-0.27	2_L	[ 76.34766667  78.72916667 -38.39633333]
-0.07	 -0.32	-0.09	0.14	2_L	[ 75.17235294  78.49658824 -36.341     ]
-0.01	 0.16	0.04	-0.09	2_L	[ 79.23622222  80.15855556 -34.91488889]
0.1	 0.79	-0.14	0.07	2_L	[ 76.20733333  83.089      -36.835     ]
-0.15	 -0.69	-0.01	0.19	2_L	[ 74.64495652  81.28747826 -35.54452174]
-0.16	 -0.79	0.01	0.17	2_L	[ 77.44235714  83.59439286 -34.58910714]
0.04	 0.14	-0.01	-0.12	2_L	[ 77.28811765  80.56476471 -38.92041176]
-0.06	 -0.05	-0.07	0.0	2_L	[ 79.19488235  78.00511765 -35.98564706]
-0.04	 -0.01	0.12	-0.08	2_L	[ 77.81126316  79.41336842 -34.51205263]
-0.08	 -0.37	-0.15	0.14	2_L	[ 79.59453333  81.30313333 -35.10346667]
-0.15	 -0.04	-0.01	0.08	2_L	[ 77.06866667  82.21109524 -37.72790476]
-0.22	 -1.07	0.27	0.47	2_L	[ 74.58704762  82.645      -35.99619048]
-0.11	 -0.11	0.13	0.03	2_L	[ 75.13666667  80.41172222 -37.01122222]
-0.22	 -0.88	0.11	0.36	2_L	[ 75.40311111  80.58716667 -34.18183333]
-0.21	 -1.06	0.15	0.29	2_L	[ 76.319       84.03703846 -35.38269231]
-0.19	 -0.95	0.09	0.29	2_L	[ 77.58263636  82.20468182 -33.59009091]
-0.15	 -0.18	0.01	0.28	2_L	[ 79.02969231  83.21334615 -35.98226923]
0.03	 1.06	0.07	-0.33	3_P	[ 74.93857143  75.26257143 -37.26757143]
-0.02	 0.0	-0.08	-0.05	3_P	[ 74.86608333  75.69608333 -35.50325   ]
-0.04	 -0.06	-0.17	-0.01	3_P	[ 76.86910526  77.01636842 -34.34284211]
0.14	 1.1	-0.06	0.0	3_P	[ 75.44633333  76.074      -39.29566667]
0.09	 1.16	0.19	-0.41	3_P	[ 78.42741667  76.34091667 -40.58466667]
0.02	 0.59	0.02	-0.3	3_P	[ 80.07966667  77.26383333 -38.90908333]
-0.23	 -0.9	-0.24	0.42	3_P	[ 74.77114286  76.76361905 -37.83204762]
0.11	 0.99	0.08	-0.32	3_P	[ 78.46545455  74.018      -38.25136364]
0.12	 0.87	-0.05	-0.23	3_P	[ 75.00933333  74.72566667 -39.27328889]
-0.04	 0.02	-0.1	-0.02	3_P	[ 78.66606667  75.30576667 -40.30766667]
-0.06	 -0.07	-0.12	0.03	3_P	[ 76.486    76.89896 -40.48208]
-0.07	 0.02	-0.08	0.08	3_P	[ 79.82948276  76.17534483 -37.79027586]
0.04	 0.42	-0.04	-0.1	4_K	[ 74.69744444  74.25466667 -35.89855556]
0.07	 0.92	-0.08	-0.17	4_K	[ 73.87983333  72.66616667 -35.65      ]
-0.05	 0.26	-0.02	0.03	4_K	[ 73.27810811  73.62408108 -33.52964865]
0.07	 0.99	0.09	-0.38	4_K	[ 76.73925   76.1785   -32.510625]
0.09	 0.84	-0.01	0.0	4_K	[ 75.20666667  74.62633333 -31.61166667]
0.06	 0.19	-0.05	-0.09	4_K	[ 76.96923529  75.90688235 -30.59270588]
0.0	 0.37	-0.18	0.04	4_K	[ 79.402  74.571 -30.535]
-0.02	 -4.68	-0.01	-0.08	4_K	[ 79.41883333  74.96383333 -28.24166667]
0.13	 1.06	0.14	-0.36	4_K	[ 75.05264286  73.68935714 -36.94514286]
0.09	 0.28	-0.15	-0.14	4_K	[ 78.1214  75.9583 -33.5331]
-0.07	 -0.05	-0.0	0.02	4_K	[ 75.25238889  75.61911111 -32.704     ]
0.03	 0.32	-0.33	0.02	4_K	[ 74.90190909  73.5305     -31.00968182]
-0.08	 -0.35	-0.04	0.04	4_K	[ 78.5456   75.60612 -31.5422 ]
-0.19	 -0.72	0.11	0.27	4_K	[ 75.99672727  75.27213636 -29.96563636]
0.15	 0.75	0.13	-0.35	4_K	[ 76.15877778  72.71605556 -29.55288889]
0.09	 0.31	0.02	-0.16	4_K	[ 79.34071429  72.81575    -30.25760714]
-0.17	 -0.13	-0.04	0.14	4_K	[ 79.10077273  74.03290909 -27.27272727]
-0.32	 -0.97	0.23	0.48	4_K	[ 79.61666667  75.72361905 -29.07114286]
-0.17	 -0.4	0.02	0.25	4_K	[ 77.176    75.47592 -28.04172]
0.19	 1.2	0.15	-0.42	5_A	[ 74.49421053  71.66831579 -30.66015789]
0.08	 1.59	0.11	-0.36	6_V	[ 69.48827273  71.60527273 -28.90172727]
-0.05	 -0.02	-0.08	0.06	6_V	[ 71.379       72.92297222 -30.36502778]
0.15	 1.44	-0.02	-0.29	6_V	[ 73.183       69.96678571 -29.36828571]
0.18	 1.42	0.27	-0.52	6_V	[ 70.61414286  72.05207143 -32.88035714]
0.11	 0.01	-0.02	-0.13	6_V	[ 70.04930769  70.30815385 -28.34707692]
-0.17	 0.02	-0.06	0.15	6_V	[ 69.77655172  73.31713793 -30.4137931 ]
-0.15	 -0.26	0.02	0.26	6_V	[ 72.21522222  71.83344444 -29.168     ]
-0.06	 0.06	-0.32	0.02	6_V	[ 72.87142857  73.40835714 -31.44907143]
0.01	 0.22	-0.13	0.01	7_V	[ 69.42514286  68.33075    -26.62671429]
0.12	 0.12	0.04	-0.21	7_V	[ 72.09369231  68.57907692 -28.20761538]
0.02	 0.56	-0.11	-0.03	8_F	[ 64.51471429  68.80428571 -28.89157143]
-0.07	 0.1	0.01	-0.06	8_F	[ 65.6079  69.7015 -27.3347]
0.0	 -0.16	-0.06	-0.03	8_F	[ 64.8742   69.0459  -30.42955]
-0.07	 -0.41	-0.13	0.14	8_F	[ 66.8156129   71.32190323 -27.49932258]
-0.05	 0.13	-0.07	-0.07	8_F	[ 65.15353846  70.78646154 -30.50492308]
-0.03	 -0.05	0.06	-0.11	8_F	[ 66.42632143  72.04957143 -29.33157143]
0.04	 0.41	-0.16	-0.02	8_F	[ 68.17306667  66.667      -26.16146667]
0.02	 0.11	-0.02	-0.15	8_F	[ 64.34054545  67.29295455 -27.29281818]
-0.35	 -0.39	0.0	0.38	8_F	[ 66.365    68.7783  -26.15375]
0.1	 0.29	0.01	-0.19	8_F	[ 65.76028571  68.10642857 -31.88009524]
-0.33	 -0.97	0.33	0.55	8_F	[ 66.756       71.77164706 -26.614     ]
-0.37	 -0.04	-0.05	0.16	8_F	[ 67.32612  72.99916 -29.66188]
0.02	 0.4	-0.03	-0.13	9_L	[ 63.2092963   65.43340741 -25.161     ]
0.08	 0.26	0.04	-0.11	9_L	[ 67.50166667  63.721      -23.35833333]
0.16	 1.2	0.17	-0.39	9_L	[ 68.5809  62.9145 -22.3931]
0.05	 -0.08	-0.03	-0.08	9_L	[ 66.49025   65.798125 -25.405125]
0.09	 0.57	-0.01	-0.15	9_L	[ 66.0481875  64.1863125 -23.312875 ]
0.05	 0.26	-0.08	-0.08	9_L	[ 68.64311111  64.40555556 -24.38292593]
0.07	 0.84	-0.01	-0.18	9_L	[ 67.38605882  63.17382353 -22.09135294]
-0.03	 -0.1	-0.19	-0.02	10_E	[ 60.1612  60.9611 -26.7899]
0.01	 0.51	-0.15	-0.08	10_E	[ 61.029125   60.2804375 -27.7473125]
0.07	 0.66	0.0	-0.18	10_E	[ 60.98216667  62.30166667 -28.79491667]
0.04	 0.75	0.08	-0.24	10_E	[ 61.30913043  65.58708696 -26.80291304]
-0.14	 -0.11	0.06	0.02	10_E	[ 61.71507143  66.88507143 -28.75692857]
-0.16	 -0.39	0.03	0.16	10_E	[ 60.16151852  65.34488889 -29.97151852]
0.01	 -0.04	-0.08	-0.05	10_E	[ 63.3308125  67.2561875 -29.4980625]
0.11	 0.84	0.06	-0.26	10_E	[ 61.84535  62.5869  -29.4813 ]
-0.11	 -0.4	0.04	0.1	10_E	[ 59.8441875   63.00015625 -27.54246875]
-0.28	 -0.77	0.03	0.43	10_E	[ 60.22572727  65.32131818 -26.61359091]
-0.02	 0.34	-0.14	0.04	10_E	[ 62.58785714  66.223      -26.65285714]
0.08	 0.65	0.06	-0.26	11_P	[ 59.63755556  61.03922222 -25.60255556]
0.07	 1.47	0.02	-0.21	11_P	[ 59.44666667  61.8555     -25.21316667]
-0.08	 -0.14	-0.21	0.07	11_P	[ 58.65585  60.7122  -22.24835]
0.11	 0.79	-0.11	0.07	11_P	[ 59.48466667  58.57666667 -23.54      ]
-0.11	 -0.33	-0.04	0.1	11_P	[ 59.59316667  63.16072222 -24.51716667]
0.05	 0.34	-0.01	-0.19	11_P	[ 59.34110526  61.89973684 -21.38142105]
-0.22	 -1.04	0.21	0.35	11_P	[ 58.37785714  60.23204762 -23.61452381]
-0.05	 -0.13	-0.01	-0.03	11_P	[ 60.68435484  58.10109677 -22.27616129]
-0.06	 -0.11	-0.02	0.08	11_P	[ 59.99284  58.47328 -25.34076]
0.08	 0.66	0.46	-0.72	12_Q	[ 61.6706  64.648  -23.7324]
0.08	 0.71	0.11	-0.34	12_Q	[ 62.72358333  65.37683333 -22.51325   ]
0.04	 0.25	-0.02	-0.08	12_Q	[ 65.08122222  64.60238889 -20.1925    ]
-0.12	 -0.89	-0.09	0.13	12_Q	[ 60.96311111  66.32722222 -22.015     ]
-0.0	 0.26	-0.11	0.0	12_Q	[ 59.8105      66.83075    -19.79658333]
-0.08	 0.1	0.05	-0.1	12_Q	[ 58.69758974  64.79917949 -19.32464103]
-0.12	 -0.5	-0.01	0.14	12_Q	[ 60.35590909  67.79290909 -18.58972727]
0.03	 0.41	0.05	-0.2	12_Q	[ 60.46052778  64.07430556 -22.77927778]
-0.01	 -0.05	-0.12	0.06	12_Q	[ 63.69995238  65.20128571 -22.86752381]
-0.15	 -0.56	0.04	0.28	12_Q	[ 62.12840741  66.77759259 -21.19296296]
-0.21	 -0.73	-0.13	0.24	12_Q	[ 59.80046667  65.38493333 -21.6852    ]
0.12	 0.47	-0.06	-0.17	12_Q	[ 63.32292308  66.26538462 -18.94430769]
0.02	 0.04	-0.01	-0.01	12_Q	[ 61.9934375  67.6919375 -18.2      ]
-0.06	 -0.02	-0.01	0.02	12_Q	[ 59.16608696  67.45873913 -17.16413043]
0.13	 0.97	0.21	-0.47	13_W	[ 59.79636364  58.65663636 -19.11554545]
0.13	 0.65	0.17	-0.44	13_W	[ 58.86692857  62.27007143 -19.60035714]
0.09	 1.06	-0.09	-0.16	13_W	[ 57.91971429  63.11771429 -18.499     ]
0.15	 0.43	0.05	-0.27	13_W	[ 60.95236364  58.73031818 -19.94490909]
-0.01	 0.04	-0.11	0.06	13_W	[ 57.83941176  61.18429412 -19.57611765]
-0.01	 0.04	-0.02	-0.07	13_W	[ 56.84463333  62.96196667 -17.1118    ]
0.06	 0.68	0.02	-0.2	14_Y	[ 69.14990909  63.25331818 -20.08377273]
-0.09	 -0.33	-0.23	0.08	14_Y	[ 68.98066667  63.89711111 -17.534     ]
0.09	 1.37	0.15	-0.44	14_Y	[ 68.20473077  64.1185     -16.89384615]
-0.06	 -0.3	-0.27	0.08	14_Y	[ 70.95023529  62.94329412 -17.79623529]
0.11	 1.29	0.3	-0.56	14_Y	[ 68.8626  64.0752 -15.7948]
0.0	 0.2	0.05	-0.1	14_Y	[ 70.86285714  61.31639286 -15.54507143]
0.05	 0.39	-0.03	-0.2	14_Y	[ 69.80705  63.6145  -14.869  ]
-0.0	 -0.03	-0.07	-0.04	14_Y	[ 70.15341935  61.41583871 -13.50703226]
0.03	 0.07	-0.36	-0.05	14_Y	[ 69.83842857  63.07642857 -20.626     ]
0.01	 -0.03	-0.02	0.05	14_Y	[ 67.38158065  63.93896774 -19.26480645]
0.49	 0.94	-0.05	-0.29	14_Y	[ 71.91660714  61.22275    -18.09042857]
-0.11	 0.04	-0.18	0.16	14_Y	[ 71.92364  60.93812 -15.86596]
0.08	 0.34	-0.01	-0.23	15_S	[ 68.41277419  58.53264516 -13.47603226]
0.11	 1.38	-0.01	-0.26	16_V	[ 62.81157143  57.30142857 -20.27      ]
0.13	 0.98	0.01	-0.32	16_V	[ 63.16106667  56.52893333 -21.37686667]
0.15	 1.57	0.13	-0.39	16_V	[ 62.53426667  57.34593333 -19.32113333]
0.19	 1.57	0.17	-0.42	17_L	[ 65.34743333  50.82503333 -12.88283333]
0.08	 1.73	0.14	-0.37	18_E	[ 65.29372727  45.77245455 -20.01072727]
0.06	 0.44	-0.09	-0.12	18_E	[ 68.2459  45.5826 -20.4508]
-0.08	 -0.03	-0.02	0.11	18_E	[ 67.94883333  44.76356667 -18.5831    ]
0.1	 -0.35	-0.0	-0.15	18_E	[ 70.3076  45.634  -19.9448]
0.1	 0.61	-0.06	-0.19	18_E	[ 65.23794444  46.32097222 -18.02122222]
0.03	 0.16	-0.06	-0.11	18_E	[ 66.07748148  46.13948148 -21.34237037]
-0.04	 0.23	-0.12	-0.09	19_K	[ 60.33086486  49.15102703 -23.92632432]
-0.04	 -0.35	-0.1	-0.06	19_K	[ 63.92336364  44.75509091 -22.07881818]
0.09	 1.44	-0.05	-0.21	19_K	[ 61.09383333  42.92141667 -22.22483333]
-0.03	 -0.85	-0.2	0.0	19_K	[ 61.26381818  44.30209091 -25.09945455]
-0.02	 -4.89	-0.01	-0.09	19_K	[ 59.0685      42.69983333 -24.7615    ]
0.17	 1.49	0.1	-0.39	19_K	[ 65.22722222  46.54333333 -22.473     ]
0.07	 -0.1	0.03	-0.09	19_K	[ 63.81209091  45.06995455 -23.34890909]
-0.06	 0.03	-0.12	-0.04	19_K	[ 64.0432      44.91006667 -20.97106667]
-0.26	 -0.71	-0.05	0.3	19_K	[ 61.68955  42.4453  -22.45565]
0.13	 1.17	0.06	-0.28	19_K	[ 59.53789474  43.62794737 -21.33626316]
0.08	 0.19	0.02	-0.2	19_K	[ 60.582       46.13476923 -24.55065385]
-0.25	 -0.93	-0.22	0.34	19_K	[ 62.09082609  43.93713043 -25.12334783]
-0.23	 -0.52	0.06	0.35	19_K	[ 58.76082759  43.87748276 -25.34827586]
-0.28	 -0.66	0.22	0.47	19_K	[ 59.51954545  41.95618182 -23.94372727]
-0.12	 0.32	-0.16	0.12	19_K	[ 57.82592857  43.73857143 -23.06878571]
0.04	 0.81	-0.14	-0.1	20_D	[ 60.42853846  53.42907692 -21.00730769]
0.09	 0.42	-0.11	-0.13	20_D	[ 59.38728571  51.83896429 -19.85753571]
0.09	 0.43	-0.01	-0.17	20_D	[ 61.69652632  54.89857895 -20.47026316]
0.09	 0.52	0.01	-0.13	20_D	[ 60.0675  51.2452 -21.9871]
0.1	 1.28	0.11	-0.39	21_S	[ 60.46927273  51.886      -24.42718182]
0.14	 1.63	0.13	-0.41	21_S	[ 61.41875     55.53825    -26.97116667]
-0.02	 0.29	-0.16	-0.08	21_S	[ 61.03005405  55.739      -24.45789189]
0.08	 1.35	-0.01	-0.26	21_S	[ 60.28822222  51.99111111 -26.76111111]
-0.13	 -0.51	-0.03	0.14	21_S	[ 59.79566667  54.28541667 -26.903875  ]
-0.06	 0.16	-0.0	-0.05	21_S	[ 60.43789655  53.15989655 -23.49237931]
-0.02	 0.12	-0.06	0.02	21_S	[ 60.5903913   51.2243913  -26.55091304]
-0.18	 -0.33	0.18	0.19	21_S	[ 59.30972414  53.27206897 -27.71806897]
0.16	 1.1	0.11	-0.33	22_V	[ 61.90711111  57.09466667 -27.33796296]
0.22	 1.51	0.29	-0.53	22_V	[ 62.90819048  56.3597619  -22.82638095]
0.01	 0.9	-0.08	-0.14	23_T	[ 62.16266667  59.93433333 -31.05133333]
-0.05	 0.21	-0.14	0.05	23_T	[ 61.4815     59.2040625 -29.4121875]
0.08	 0.68	0.0	-0.24	23_T	[ 62.8396087   60.92508696 -31.05591304]
0.1	 0.25	0.04	-0.4	23_T	[ 61.274875   57.6461875 -30.081875 ]
0.07	 0.47	-0.02	-0.09	23_T	[ 62.59685366  58.59029268 -33.02397561]
0.11	 1.14	0.05	-0.34	25_K	[ 64.9542  66.4188 -32.3998]
0.12	 1.34	0.06	-0.32	25_K	[ 63.01506667  62.24666667 -32.72173333]
0.07	 0.54	-0.05	-0.17	25_K	[ 62.19057143  64.27842857 -34.74492857]
0.02	 0.6	-0.2	0.05	25_K	[ 61.89683333  65.14583333 -33.1375    ]
0.05	 -1.6	0.09	-0.26	25_K	[ 60.234       65.96133333 -32.94908333]
0.02	 0.23	-0.09	-0.08	25_K	[ 65.5468      65.89297143 -33.901     ]
0.16	 0.83	0.09	-0.38	25_K	[ 62.88833333  62.7018     -31.23993333]
-0.1	 -0.18	-0.01	0.03	25_K	[ 63.42458333  65.40304167 -34.81466667]
-0.13	 -0.32	-0.07	0.11	25_K	[ 62.1215      62.93445833 -34.3345    ]
-0.05	 -0.19	-0.04	0.06	25_K	[ 61.1052   63.8111  -31.51255]
0.03	 0.35	-0.06	-0.08	25_K	[ 62.94262069  66.62893103 -31.82810345]
-0.32	 -0.74	0.02	0.36	25_K	[ 60.03744  66.58776 -32.28864]
-0.31	 -0.77	0.22	0.47	25_K	[ 61.34763636  66.98990909 -34.31554545]
-0.3	 -0.56	0.1	0.39	25_K	[ 60.08979167  64.72620833 -34.153375  ]
0.09	 0.64	-0.04	-0.23	26_C	[ 67.36263636  66.51254545 -35.01109091]
0.1	 0.17	-0.05	-0.2	26_C	[ 68.04190476  66.82704762 -36.85090476]
0.18	 1.49	0.2	-0.46	26_C	[ 67.10923077  64.98584615 -35.49646154]
0.1	 1.54	0.07	-0.32	27_Q	[ 67.25575   68.017    -34.763625]
0.18	 1.18	-0.02	-0.25	27_Q	[ 71.17747059  71.76076471 -34.41505882]
0.02	 0.32	0.0	-0.25	27_Q	[ 66.465    69.80625 -34.81875]
0.01	 1.24	0.11	-0.27	27_Q	[ 67.15794444  71.96722222 -35.50188889]
-0.15	 -0.7	-0.05	0.21	27_Q	[ 65.99681818  73.35409091 -34.75290909]
-0.19	 -0.55	0.06	0.26	27_Q	[ 64.93743478  71.79619565 -33.20613043]
-0.04	 0.1	0.02	0.05	27_Q	[ 67.43313043  74.17947826 -33.01930435]
-0.07	 -0.38	-0.02	0.06	27_Q	[ 67.12229412  68.95917647 -35.88394118]
0.06	 0.22	-0.04	-0.08	27_Q	[ 66.43005  69.04685 -33.5632 ]
-0.06	 -0.48	-0.07	0.03	27_Q	[ 68.89148  72.66452 -35.16016]
-0.18	 -0.34	0.01	0.14	27_Q	[ 66.95054167  71.26933333 -36.23070833]
-0.21	 -0.68	-0.12	0.28	27_Q	[ 68.90833333  73.78461905 -32.97247619]
-0.28	 -0.73	0.12	0.37	27_Q	[ 66.296     74.105125 -32.1115  ]
0.1	 1.51	0.07	-0.39	28_G	[ 70.09414286  71.79457143 -36.86428571]
0.02	 0.06	-0.1	-0.07	28_G	[ 69.79524  71.84124 -37.98572]
-0.14	 -0.26	-0.08	0.17	28_G	[ 68.79444444  70.43988889 -39.60811111]
0.07	 0.49	-0.03	-0.16	28_G	[ 68.48821053  69.26689474 -37.88184211]
0.04	 0.02	-0.04	-0.11	28_G	[ 71.80469231  71.83038462 -36.47296154]
0.1	 0.52	-0.09	-0.2	29_A	[ 71.7145      72.495      -38.36266667]
0.11	 1.12	0.19	-0.38	29_A	[ 70.76045455  72.696      -41.31918182]
-0.02	 -0.01	-0.06	-0.06	29_A	[ 73.05306061  74.34342424 -40.77954545]
0.12	 1.05	0.06	-0.23	29_A	[ 72.99527273  72.55318182 -38.56745455]
-0.08	 0.13	-0.04	0.01	29_A	[ 70.09195238  72.62714286 -41.00657143]
-0.16	 -0.09	-0.14	0.18	29_A	[ 72.45240909  74.15377273 -42.87863636]
-0.12	 -0.61	-0.36	0.56	29_A	[ 72.18883333  74.31316667 -39.69588889]
-0.01	 0.43	-0.14	-0.03	30_Y	[ 70.95775   70.301625 -46.002625]
-0.05	 -0.33	0.03	0.04	30_Y	[ 71.74564286  72.49075    -44.95335714]
0.01	 0.58	-0.05	-0.11	30_Y	[ 69.92966667  68.69075    -45.56708333]
-0.0	 0.28	-0.13	0.08	30_Y	[ 68.6368  68.1998 -43.2444]
0.06	 0.08	0.08	-0.23	30_Y	[ 68.83535294  68.68147059 -42.15694118]
-0.09	 -0.22	0.0	0.06	30_Y	[ 68.43275    67.1266875 -43.972875 ]
-0.03	 -0.43	-0.02	-0.04	30_Y	[ 68.3945      67.604      -40.60166667]
-0.04	 -0.46	0.09	-0.08	30_Y	[ 67.928375    65.3275     -43.23420833]
-0.06	 -0.1	-0.11	0.12	30_Y	[ 67.646   66.103  -41.1831]
0.07	 0.59	0.02	-0.3	30_Y	[ 67.38154545  64.70709091 -40.93518182]
0.06	 -0.56	0.05	-0.03	30_Y	[ 69.95242105  71.22310526 -42.68105263]
-0.23	 -0.82	0.09	0.32	30_Y	[ 69.39555556  69.85183333 -44.62961111]
0.03	 0.58	-0.1	-0.1	30_Y	[ 71.01308333  67.79525    -46.27529167]
0.05	 0.39	0.02	-0.25	30_Y	[ 69.39709091  66.88590909 -45.52354545]
0.14	 1.61	0.15	-0.42	30_Y	[ 68.76976923  67.24953846 -39.01023077]
-0.22	 -0.29	-0.32	0.19	30_Y	[ 68.40892857  63.83807143 -42.97292857]
0.2	 1.45	0.35	-0.58	30_Y	[ 69.43788889  63.35411111 -41.24327778]
0.08	 1.13	0.11	-0.36	31_S	[ 71.60427273  69.35227273 -46.64727273]
0.07	 1.51	-0.02	-0.18	31_S	[ 71.828       70.08642857 -47.32242857]
0.03	 0.27	-0.0	-0.19	31_S	[ 72.41308  68.2016  -48.11632]
0.05	 1.23	0.18	-0.56	31_S	[ 76.6144  71.5146 -46.8576]
0.1	 1.08	0.06	-0.28	31_S	[ 76.99069231  70.60323077 -46.51323077]
0.0	 -0.08	-0.16	-0.01	31_S	[ 72.24688235  71.65623529 -47.18741176]
-0.04	 -0.35	-0.06	0.07	31_S	[ 75.85490909  71.31831818 -48.12390909]
0.2	 0.79	0.09	-0.35	31_S	[ 76.33078571  69.35835714 -47.6645    ]
0.09	 0.71	-0.18	0.08	32_P	[ 72.0045   69.533   -49.37575]
0.07	 1.15	0.44	-0.83	32_P	[ 72.53585714  67.83057143 -49.61914286]
0.05	 -0.01	-0.4	0.05	32_P	[ 76.55571429  67.97288571 -49.33322857]
-0.06	 -0.27	-0.14	0.06	32_P	[ 74.798  69.341 -52.573]
-0.12	 -0.33	-0.05	0.12	32_P	[ 73.3514375  71.896625  -52.082625 ]
0.04	 0.8	0.1	-0.25	32_P	[ 72.857   71.7983 -49.32  ]
-0.14	 -0.37	-0.15	0.09	32_P	[ 72.15795652  68.33856522 -51.24243478]
-0.14	 -0.66	0.05	0.19	32_P	[ 75.878       69.86314286 -51.14589286]
-0.22	 -0.44	0.08	0.28	32_P	[ 74.18966667  68.72340741 -52.97555556]
-0.25	 -0.73	0.17	0.41	32_P	[ 74.27434783  72.35917391 -51.86443478]
-0.25	 -0.7	0.22	0.45	32_P	[ 71.93773684  70.93584211 -52.25142105]
-0.05	 -0.04	-0.27	0.15	32_P	[ 74.59107407  72.29933333 -48.97007407]
-0.18	 -0.34	0.05	0.15	32_P	[ 71.83684615  71.44003846 -49.33011538]
0.16	 1.54	0.26	-0.51	33_E	[ 73.0465      66.66632143 -50.35864286]
0.09	 1.1	0.06	-0.39	33_E	[ 72.597375  64.78425  -49.942625]
0.11	 1.14	0.08	-0.34	33_E	[ 74.49522222  64.09827778 -48.92788889]
-0.04	 -0.14	-0.16	0.14	33_E	[ 74.27247368  62.67060526 -48.53984211]
0.1	 1.25	0.12	-0.35	33_E	[ 76.45617647  64.83105882 -50.30523529]
0.02	 0.72	0.02	-0.18	33_E	[ 75.37936364  63.91986364 -53.11477273]
-0.14	 -0.4	-0.09	0.09	33_E	[ 77.63340741  64.11833333 -52.98155556]
-0.34	 -1.09	0.22	0.49	33_E	[ 78.16612121  62.63472727 -52.11630303]
-0.27	 -0.84	0.17	0.42	33_E	[ 77.67862222  64.6556     -54.58211111]
-0.24	 -0.4	-0.08	0.25	33_E	[ 72.59034783  66.15908696 -51.43647826]
-0.15	 -0.42	-0.11	0.24	33_E	[ 73.24747368  63.84847368 -51.241     ]
-0.03	 -0.15	-0.08	-0.0	33_E	[ 76.39622222  66.76251852 -51.76918519]
-0.15	 -0.95	-0.2	0.23	33_E	[ 76.75952941  64.34447059 -49.88988235]
-0.25	 -0.81	0.05	0.39	33_E	[ 74.94905556  62.84355556 -52.54016667]
-0.18	 -0.5	-0.04	0.24	33_E	[ 74.86884615  65.48611538 -53.43530769]
0.1	 1.39	0.08	-0.3	34_D	[ 76.4168  64.6154 -47.5942]
0.09	 1.54	0.01	-0.33	34_D	[ 77.191   65.028  -47.0418]
0.15	 1.58	0.11	-0.4	34_D	[ 76.7655625  63.963375  -44.7090625]
-0.21	 -0.51	-0.1	0.27	34_D	[ 78.31933333  64.69182222 -44.95071111]
0.01	 0.04	-0.04	-0.06	34_D	[ 75.79615385  63.58176923 -46.58407692]
0.01	 0.05	-0.17	0.05	34_D	[ 77.4353913   66.28056522 -47.7826087 ]
0.14	 1.45	0.35	-0.58	35_N	[ 71.57109091  66.60809091 -46.79109091]
0.05	 0.27	0.05	-0.18	35_N	[ 70.2025   62.4414  -43.84715]
-0.02	 0.1	-0.07	0.04	35_N	[ 69.256      65.2251875 -47.33875  ]
-0.14	 -0.54	-0.06	0.2	35_N	[ 69.6262  62.8428 -48.3797]
-0.14	 -0.06	-0.03	0.11	35_N	[ 71.66846875  62.0950625  -48.1139375 ]
-0.09	 -0.16	0.0	0.08	35_N	[ 68.83895833  61.908375   -46.46704167]
-0.07	 -0.16	-0.08	0.1	35_N	[ 68.52642105  65.11231579 -46.11410526]
-0.81	 0.38	-0.0	-0.07	35_N	[ 71.06104762  65.31495238 -48.33011905]
-0.28	 -0.94	0.13	0.52	35_N	[ 69.16092593  60.95114815 -46.76366667]
-0.17	 -1.0	0.13	0.24	35_N	[ 67.965875    63.118875   -45.88283333]
0.01	 0.73	-0.03	-0.08	36_S	[ 75.56990909  61.03609091 -43.56836364]
-0.01	 0.46	0.05	-0.23	36_S	[ 72.71235   60.4363   -44.961225]
0.09	 0.7	0.0	-0.27	36_S	[ 71.36972222  61.677      -42.81938889]
0.02	 0.26	-0.13	-0.02	36_S	[ 75.66251613  62.58480645 -44.60209677]
0.06	 0.09	-0.06	-0.16	36_S	[ 75.3742963   60.52122222 -42.37081481]
-0.09	 -0.37	-0.17	0.4	36_S	[ 74.34345833  59.82625    -45.42529167]
0.15	 1.47	0.12	-0.39	37_T	[ 70.27795455  61.97754545 -40.77531818]
0.01	 1.02	0.02	-0.12	38_Q	[ 78.04972727  60.77581818 -40.85890909]
-0.11	 0.05	-0.02	0.07	38_Q	[ 80.12375     61.57691667 -40.51166667]
-0.04	 0.16	-0.09	0.08	38_Q	[ 81.16770968  61.78096774 -38.5553871 ]
-0.13	 -0.67	-0.13	0.18	38_Q	[ 79.26123077  63.13530769 -41.93792308]
0.26	 1.47	0.24	-0.49	38_Q	[ 76.67096552  58.76575862 -38.25893103]
-0.17	 -0.13	-0.18	0.15	38_Q	[ 78.781       59.62991667 -40.12941667]
0.18	 0.69	0.12	-0.36	38_Q	[ 76.62573684  61.08152632 -41.00731579]
0.03	 0.38	-0.09	-0.11	38_Q	[ 77.57578571  63.17617857 -42.23446429]
-0.04	 0.19	-0.03	0.04	38_Q	[ 79.74957143  64.71105714 -40.79128571]
0.0	 0.7	-0.15	-0.13	40_F	[ 81.74372  62.03848 -31.14472]
0.08	 0.25	-0.14	-0.21	40_F	[ 82.4065   59.70105 -33.915  ]
-0.06	 0.08	-0.04	-0.02	40_F	[ 82.47852174  62.65691304 -32.6216087 ]
-0.09	 -0.23	0.03	0.11	40_F	[ 82.964       61.18111765 -34.12047059]
0.12	 1.22	0.34	-0.64	40_F	[ 81.20875   63.380875 -30.90925 ]
0.13	 0.72	0.04	-0.34	40_F	[ 81.62164286  60.192      -36.38335714]
-0.05	 0.05	-0.07	0.03	40_F	[ 82.53166667  64.19594444 -33.62188889]
-0.1	 -0.2	0.05	0.15	40_F	[ 82.66614286  62.28390476 -35.82395238]
0.13	 0.1	-0.1	-0.11	41_H	[ 81.20318182  55.20109091 -27.66354545]
0.15	 1.51	0.22	-0.48	41_H	[ 75.95290909  54.71190909 -29.024     ]
0.06	 0.23	-0.06	-0.11	41_H	[ 77.06471429  53.56885714 -27.67547619]
0.01	 0.64	-0.07	-0.12	41_H	[ 76.71768421  52.95381579 -25.82555263]
0.08	 0.58	0.03	-0.2	41_H	[ 79.42634783  54.36626087 -28.39665217]
-0.29	 -0.6	-0.06	0.38	41_H	[ 77.43417857  52.88253571 -28.60489286]
0.02	 0.19	-0.14	0.02	41_H	[ 75.44511111  51.72588889 -26.11733333]
0.0	 -0.33	0.03	-0.2	42_N	[ 82.27284615  56.86       -24.94907692]
-0.16	 -0.59	-0.1	0.17	42_N	[ 81.17007692  56.60361538 -23.23146154]
-0.03	 0.05	0.01	-0.05	42_N	[ 79.95166667  57.7652963  -22.86033333]
-0.07	 0.16	0.01	0.04	42_N	[ 80.54523529  54.63911765 -23.92411765]
0.1	 1.9	0.03	-0.2	42_N	[ 81.31617647  59.61923529 -24.62129412]
0.05	 -0.66	-0.08	-0.06	42_N	[ 82.32916667  56.07566667 -26.8905    ]
-0.24	 -0.97	-0.09	0.29	42_N	[ 82.82391304  57.83413043 -24.84747826]
-0.61	 -0.34	0.06	0.2	42_N	[ 78.96792308  54.48938462 -23.27315385]
-0.12	 -0.33	0.05	0.22	42_N	[ 80.63421429  54.35282143 -25.31596429]
0.1	 0.74	0.07	-0.29	43_E	[ 83.04063636  59.89681818 -30.96331818]
-0.21	 -0.8	0.04	0.26	43_E	[ 85.26585185  58.38896296 -29.80044444]
0.07	 0.6	-0.05	-0.09	43_E	[ 85.1321  60.8932 -28.5539]
0.04	 1.21	-0.01	-0.24	43_E	[ 84.53433333  62.50266667 -27.80633333]
-0.13	 -0.37	-0.08	0.09	43_E	[ 84.80362069  61.39944828 -25.57551724]
-0.32	 -1.02	0.25	0.49	43_E	[ 86.47551724  60.6942069  -25.86944828]
-0.22	 -0.44	-0.01	0.29	43_E	[ 84.447925  63.036075 -24.7663  ]
0.03	 0.39	0.02	-0.09	43_E	[ 83.848       57.96752174 -26.79304348]
0.18	 1.4	0.22	-0.48	43_E	[ 82.307125  61.352    -29.31475 ]
-0.13	 -0.59	-0.16	0.15	43_E	[ 85.65669231  59.34884615 -27.40961538]
-0.22	 -0.51	-0.01	0.38	43_E	[ 84.75417391  61.40421739 -29.0833913 ]
0.03	 0.38	-0.01	-0.12	43_E	[ 83.24814286  62.87810714 -27.79110714]
0.17	 0.71	0.09	-0.34	43_E	[ 82.56591667  60.36783333 -25.35758333]
-0.1	 -0.56	-0.04	0.12	44_S	[ 83.42077778  54.98116667 -30.3555    ]
0.03	 -0.5	0.0	-0.01	44_S	[ 80.88683333  54.28183333 -30.6065    ]
-0.02	 0.16	-0.05	-0.03	44_S	[ 83.71035  58.04255 -32.06   ]
-0.13	 -0.37	0.1	0.32	44_S	[ 83.21075   54.702    -31.728125]
-0.07	 -0.46	-0.01	0.14	44_S	[ 83.38942105  55.69026316 -29.01310526]
0.01	 0.29	0.12	-0.26	44_S	[ 81.58157143  54.88085714 -28.93371429]
-0.09	 -0.51	-0.01	0.14	45_L	[ 81.32785185  54.03088889 -33.93651852]
-0.0	 0.75	-0.06	-0.05	45_L	[ 82.92344444  57.08511111 -36.23711111]
0.07	 0.59	-0.03	-0.21	45_L	[ 80.93616216  58.80654054 -38.79237838]
-0.11	 -0.53	-0.01	0.14	45_L	[ 80.89352174  54.46843478 -38.36191304]
0.01	 -0.47	0.03	-0.01	45_L	[ 83.11415  56.97235 -33.7929 ]
-0.0	 0.04	-0.03	0.11	45_L	[ 82.56064286  58.41914286 -35.91821429]
-0.15	 -0.83	0.03	0.22	45_L	[ 82.76421429  55.77421429 -35.89207143]
-0.03	 -0.04	0.04	0.03	45_L	[ 78.85817143  57.723      -38.83725714]
-0.22	 -0.65	-0.23	0.53	45_L	[ 81.83733333  58.3597619  -38.59547619]
-0.19	 -0.21	0.48	0.33	45_L	[ 79.08275   55.154625 -38.92675 ]
-0.19	 -1.09	0.07	0.3	45_L	[ 82.1525      55.43675    -38.41708333]
-0.03	 -0.59	0.02	0.03	45_L	[ 80.356625    53.85395833 -36.83758333]
0.17	 0.8	0.07	-0.36	46_I	[ 77.29565  56.66075 -37.27955]
0.04	 0.31	-0.04	0.04	46_I	[ 77.68733333  53.077      -32.76533333]
-0.13	 -0.75	-0.45	0.12	46_I	[ 77.27975   53.796625 -30.78475 ]
0.08	 1.1	-0.04	-0.28	46_I	[ 75.15536364  54.32263636 -31.50054545]
-0.01	 -0.4	0.04	-0.01	46_I	[ 78.93085714  53.05085714 -34.32757143]
-0.14	 0.12	-0.1	0.17	46_I	[ 76.40645455  53.07595455 -32.69509091]
0.04	 0.46	-0.06	-0.25	46_I	[ 76.57247368  54.32589474 -30.48384211]
0.04	 -0.83	-0.03	0.02	46_I	[ 78.906       53.75958824 -31.47429412]
0.1	 0.64	0.07	-0.29	46_I	[ 74.21276471  53.80458824 -33.03935294]
0.2	 1.22	0.28	-0.53	46_I	[ 74.9402381   55.15704762 -30.42452381]
0.13	 1.42	0.06	-0.28	47_S	[ 76.82872  53.01496 -35.87524]
0.09	 1.8	0.05	-0.46	47_S	[ 76.9624  51.8622 -37.5462]
0.12	 0.99	0.05	-0.3	47_S	[ 74.22352941  53.80164706 -39.28376471]
0.22	 1.01	0.09	-0.36	47_S	[ 76.09762963  55.80344444 -38.47240741]
0.01	 0.43	-0.07	-0.11	47_S	[ 74.6906875  51.4679375 -36.77925  ]
-0.19	 -0.83	-0.06	0.28	47_S	[ 76.3329375   50.6743125  -36.41759375]
-0.16	 -0.39	-0.23	0.16	47_S	[ 76.83677778  52.07716667 -35.01427778]
-0.16	 -0.27	-0.26	0.15	47_S	[ 77.43383333  53.244      -38.3495    ]
-0.04	 0.32	0.0	0.09	47_S	[ 73.85590476  52.25652381 -35.95385714]
-0.31	 -0.85	0.11	0.46	47_S	[ 74.7718   51.31775 -38.93955]
-0.29	 -0.83	0.26	0.46	47_S	[ 74.91257143  49.56532143 -36.6875    ]
0.09	 0.2	-0.25	-0.04	48_S	[ 73.20457143  52.96114286 -38.62157143]
0.07	 0.59	0.28	-0.5	48_S	[ 72.754625  54.09     -39.11475 ]
0.16	 1.48	0.19	-0.55	48_S	[ 71.8886  53.1412 -35.5948]
-0.22	 -0.48	0.01	0.26	48_S	[ 69.90510714  53.49675    -36.55839286]
-0.07	 -0.12	-0.23	0.01	48_S	[ 72.53855556  52.43027778 -36.95672222]
-0.06	 -0.09	-0.06	0.08	48_S	[ 71.08162963  53.99144444 -38.62811111]
0.14	 0.58	-0.02	-0.15	48_S	[ 72.60766667  53.76727778 -34.81383333]
-0.03	 0.19	0.06	-0.09	48_S	[ 69.523125    53.89403125 -35.0366875 ]
0.08	 0.64	-0.19	-0.07	49_Q	[ 70.71654545  57.88245455 -41.389     ]
0.04	 0.29	-0.0	-0.16	49_Q	[ 71.16761905  59.63404762 -41.693     ]
0.04	 0.75	-0.06	-0.08	49_Q	[ 72.4345    57.557125 -42.669125]
0.02	 0.28	0.01	-0.22	49_Q	[ 75.16017647  56.07452941 -40.60411765]
-0.05	 -0.15	0.01	-0.04	49_Q	[ 75.2695      56.51211538 -42.57438462]
-0.18	 -0.32	-0.03	0.18	49_Q	[ 74.84836842  57.55244737 -44.05878947]
-0.12	 -0.38	-0.05	0.21	49_Q	[ 75.76917241  54.70244828 -42.12313793]
-0.03	 -0.13	0.07	-0.14	49_Q	[ 72.371       55.14207692 -40.31784615]
-0.16	 -0.32	-0.04	0.19	49_Q	[ 72.21168182  56.20781818 -42.09004545]
0.15	 -0.42	0.08	-0.28	49_Q	[ 72.81490909  58.512      -42.85990909]
0.01	 0.75	-0.2	-0.07	49_Q	[ 75.94987179  58.29707692 -40.42848718]
0.12	 1.45	0.29	-0.54	49_Q	[ 74.31383333  54.95183333 -40.56708333]
-0.15	 0.06	0.16	0.25	49_Q	[ 76.06723529  54.36979412 -40.61785294]
-0.28	 -0.98	0.25	0.52	49_Q	[ 76.23142308  54.53515385 -43.61192308]
0.07	 1.15	-0.01	-0.16	50_A	[ 69.88676923  56.79361538 -40.311     ]
0.08	 1.63	-0.07	-0.17	50_A	[ 68.70266667  57.17266667 -40.31033333]
0.15	 1.63	-0.1	-0.1	50_A	[ 68.85877778  60.62533333 -40.49011111]
0.01	 0.2	0.08	-0.2	50_A	[ 67.69422222  56.70914815 -37.58451852]
0.11	 0.66	-0.14	-0.13	50_A	[ 69.8255  56.0435 -39.3472]
-0.32	 -0.86	0.17	0.39	50_A	[ 68.14717647  58.251      -40.83876471]
-0.08	 -0.39	0.14	0.05	50_A	[ 66.27171429  58.40942857 -38.6295    ]
-0.22	 -0.49	-0.0	0.39	50_A	[ 68.08583333  56.09025    -38.60720833]
0.06	 1.01	-0.07	-0.15	51_S	[ 67.41957143  60.36214286 -40.11628571]
-0.08	 -0.42	-0.01	0.01	51_S	[ 66.25522222  62.61961111 -40.02433333]
-0.11	 0.01	-0.04	0.09	51_S	[ 66.37948148  64.63662963 -37.60611111]
0.02	 -0.55	-0.05	-0.02	51_S	[ 66.32217647  59.92752941 -38.97605882]
-0.12	 -0.08	-0.1	0.12	51_S	[ 67.47532  62.7324  -40.7608 ]
-0.14	 -0.25	-0.02	0.22	51_S	[ 65.33742857  62.20692857 -38.64303571]
0.02	 0.29	-0.04	-0.05	51_S	[ 67.45082353  65.77294118 -39.00729412]
-0.02	 0.19	-0.14	-0.07	52_S	[ 66.03061905  57.38514286 -36.00357143]
0.01	 0.65	0.08	-0.29	52_S	[ 63.945625  60.9965   -35.65075 ]
0.12	 0.32	0.02	-0.32	52_S	[ 65.05894118  63.438      -36.02141176]
-0.03	 -0.12	-0.02	0.09	52_S	[ 64.56703226  59.85429032 -36.44087097]
0.09	 0.64	0.07	-0.33	52_S	[ 63.49546154  60.95584615 -33.68207692]
-0.2	 -0.49	-0.14	0.23	52_S	[ 63.6612   62.2824  -36.32408]
0.16	 0.16	0.01	-0.23	53_Y	[ 69.59916667  53.07041667 -32.66716667]
0.11	 0.62	-0.01	-0.23	53_Y	[ 71.68869231  53.402      -32.85315385]
-0.18	 -0.41	-0.02	0.2	53_Y	[ 71.72569231  52.181      -30.83592308]
0.26	 1.5	0.43	-0.65	53_Y	[ 68.40733333  56.34625    -35.39008333]
0.01	 0.09	-0.06	-0.03	53_Y	[ 69.15546667  52.53713333 -31.00326667]
-0.08	 0.13	-0.22	0.14	53_Y	[ 73.36928571  53.23011905 -30.34095238]
-0.07	 0.05	-0.15	0.03	54_F	[ 66.83255172  52.30334483 -32.29217241]
0.0	 0.87	-0.01	-0.12	54_F	[ 64.67306667  55.51193333 -34.55266667]
-0.08	 -0.33	-0.06	0.14	54_F	[ 62.462       54.68244444 -33.66922222]
-0.05	 -0.07	-0.06	0.07	54_F	[ 62.61814286  52.93714286 -33.21571429]
-0.05	 -0.24	0.03	0.07	54_F	[ 61.48583333  55.55844444 -32.93772222]
-0.07	 0.05	0.09	-0.03	54_F	[ 61.23794444  52.36622222 -32.09172222]
-0.01	 0.39	0.11	-0.2	54_F	[ 60.82914286  55.65554286 -30.58142857]
-0.18	 -0.82	-0.09	0.29	54_F	[ 59.87886667  53.74786667 -31.25993333]
0.08	 0.41	0.02	-0.2	54_F	[ 67.15061905  55.21347619 -34.43166667]
0.02	 -0.05	-0.04	0.02	54_F	[ 63.85727778  56.78327778 -34.22416667]
-0.14	 -1.07	0.07	0.21	54_F	[ 65.07077778  54.07416667 -34.21972222]
0.04	 0.59	-0.08	-0.14	54_F	[ 64.22785714  52.23271429 -33.02407143]
0.05	 0.08	0.59	-0.3	54_F	[ 61.88375  56.98525 -33.016  ]
-0.16	 -0.17	-0.32	0.23	54_F	[ 60.95966667  51.46066667 -30.777     ]
-0.15	 -0.58	0.1	0.31	54_F	[ 60.33933333  56.361      -30.25066667]
-0.1	 -0.39	-0.02	0.08	54_F	[ 59.84726087  53.43143478 -29.71256522]
0.12	 1.1	0.18	-0.46	55_I	[ 66.94271429  50.54671429 -28.72      ]
0.2	 0.93	0.05	-0.26	55_I	[ 67.18630769  51.63669231 -30.16023077]
0.1	 0.2	0.01	-0.1	55_I	[ 68.615       51.34025    -28.64633333]
0.1	 1.95	0.12	-0.37	56_D	[ 61.43866667  50.4945     -28.51183333]
0.06	 0.16	-0.03	-0.09	56_D	[ 61.93835714  49.10985714 -27.83378571]
0.12	 0.57	-0.07	-0.16	56_D	[ 61.6487  49.7857 -26.3711]
-0.09	 -0.99	-0.01	0.1	56_D	[ 61.71205882  48.83923529 -30.48570588]
-0.07	 0.27	0.0	-0.02	56_D	[ 64.38042105  48.80084211 -31.57357895]
-0.13	 -0.4	0.01	0.13	56_D	[ 65.7565641   48.84579487 -30.28969231]
-0.21	 -0.93	0.03	0.34	56_D	[ 63.87705   49.692125 -32.8536  ]
0.06	 1.18	0.02	-0.23	56_D	[ 61.18904762  51.31814286 -29.05133333]
-0.17	 -0.3	0.05	0.13	56_D	[ 62.57183333  47.831      -29.33922222]
-0.14	 -1.02	0.07	0.24	56_D	[ 61.47377778  49.83427778 -31.24461111]
0.07	 1.42	-0.08	-0.19	57_A	[ 62.5442  48.1352 -26.7538]
0.12	 0.52	-0.03	-0.14	57_A	[ 67.15821739  48.77113043 -27.48330435]
-0.02	 0.25	0.03	-0.08	57_A	[ 64.89326471  46.26529412 -26.988     ]
0.11	 1.58	0.27	-0.53	57_A	[ 64.196875  47.65425  -29.209125]
0.17	 1.23	0.09	-0.3	57_A	[ 62.34552941  48.06923529 -25.63094118]
0.01	 0.26	-0.0	-0.08	57_A	[ 64.53644444  45.65166667 -24.89627778]
-0.16	 -0.14	-0.11	0.16	57_A	[ 62.82396429  46.33042857 -26.82985714]
-0.22	 -0.62	-0.05	0.33	57_A	[ 65.87928571  46.6037619  -27.49266667]
0.08	 0.04	0.02	-0.21	58_A	[ 66.75342105  46.743      -23.71863158]
0.02	 0.26	-0.15	0.0	59_T	[ 70.00533333  45.64       -23.64733333]
-0.02	 0.38	-0.17	-0.03	59_T	[ 69.6918125  47.4731875 -25.584    ]
-0.04	 0.01	-0.0	0.0	59_T	[ 68.8396   45.86395 -22.80705]
0.08	 0.14	0.02	-0.13	59_T	[ 71.12755556  45.50566667 -22.29472222]
-0.14	 -0.53	0.07	0.2	59_T	[ 70.63665385  46.41196154 -25.38138462]
0.15	 1.19	0.23	-0.47	59_T	[ 71.62954545  48.495      -25.37327273]
0.11	 1.64	0.04	-0.36	60_V	[ 75.17471429  49.26857143 -20.50114286]
0.08	 -0.42	0.05	-0.18	60_V	[ 75.439     50.986125 -21.313375]
0.26	 0.47	0.18	-0.32	60_V	[ 74.381  48.082 -17.965]
-0.03	 -0.29	-0.01	-0.03	60_V	[ 73.45361538  50.14273077 -17.02392308]
0.04	 0.95	-0.02	-0.17	60_V	[ 72.62547619  47.3387619  -17.58995238]
-0.09	 -0.13	-0.01	0.09	60_V	[ 74.80619048  48.32190476 -19.57114286]
-0.24	 -1.14	0.15	0.39	60_V	[ 74.18144  49.23536 -16.64368]
-0.03	 0.3	0.06	-0.09	60_V	[ 74.87764706  50.93282353 -18.58058824]
-0.14	 -0.6	-0.13	0.25	60_V	[ 72.79846154  46.84042308 -16.88711538]
-0.02	 -0.38	-0.04	-0.03	60_V	[ 72.13223077  46.03746154 -19.22976923]
0.1	 1.35	0.03	-0.34	61_N	[ 75.641       48.31433333 -22.49116667]
0.13	 0.9	-0.09	-0.16	61_N	[ 74.77990909  50.09436364 -25.30263636]
-0.11	 -0.38	-0.09	0.1	61_N	[ 76.30146154  51.05442308 -24.09865385]
-0.02	 0.83	-0.12	-0.03	61_N	[ 75.6006      48.01886667 -24.67973333]
-0.11	 -0.38	-0.03	0.08	61_N	[ 75.094       45.79984615 -22.77138462]
-0.11	 -0.79	-0.0	0.08	61_N	[ 74.0622381   46.0487619  -21.29719048]
-0.1	 -0.05	-0.06	0.14	61_N	[ 73.85245  44.77705 -24.70885]
-0.22	 -0.58	-0.02	0.21	61_N	[ 76.208       48.51565385 -22.35773077]
-0.02	 0.0	0.04	-0.03	61_N	[ 73.5187037   48.30855556 -25.44025926]
-0.3	 -0.92	0.2	0.44	61_N	[ 76.28547368  47.338      -24.39289474]
-0.24	 -0.54	0.13	0.38	61_N	[ 72.71182609  44.30191304 -23.84      ]
-0.24	 -0.53	0.01	0.33	61_N	[ 73.75753571  45.74742857 -25.65582143]
0.05	 0.29	-0.05	-0.13	62_D	[ 71.71678571  49.78964286 -26.37535714]
0.01	 0.05	0.04	-0.05	62_D	[ 71.7445      51.51284375 -27.86534375]
0.05	 -0.68	0.0	-0.11	62_D	[ 69.54821429  49.61885714 -27.02421429]
0.06	 1.13	-0.01	-0.2	62_D	[ 73.46506667  51.03446667 -26.0642    ]
0.1	 0.23	-0.16	-0.04	63_S	[ 76.26877778  54.38044444 -21.10366667]
0.05	 0.13	-0.01	-0.18	63_S	[ 76.66772414  53.49006897 -22.70686207]
0.03	 -0.05	-0.02	-0.11	63_S	[ 75.15757143  53.62707143 -19.16185714]
-0.05	 -0.45	0.04	0.07	63_S	[ 75.528       52.52838462 -20.21923077]
-0.04	 -0.45	-0.1	0.01	63_S	[ 75.5225      54.99628571 -19.7635    ]
0.07	 0.69	-0.02	-0.17	63_S	[ 73.63661538  53.30061538 -17.71207692]
0.1	 1.6	0.07	-0.35	64_G	[ 75.52914286  56.02857143 -20.25114286]
0.11	 1.12	0.18	-0.43	64_G	[ 77.04116667  55.95208333 -21.6905    ]
0.05	 0.76	-0.16	-0.15	64_G	[ 76.35870833  58.70145833 -21.21045833]
-0.14	 -0.11	-0.07	0.12	64_G	[ 77.12347222  56.66261111 -21.13088889]
0.15	 1.38	0.25	-0.51	65_E	[ 78.169625  58.710625 -22.354875]
0.15	 1.48	0.05	-0.32	65_E	[ 79.9904  60.3004 -23.3804]
-0.04	 -0.2	-0.12	0.01	65_E	[ 81.10457143  62.11085714 -23.77764286]
0.09	 1.2	0.04	-0.3	65_E	[ 81.77676471  61.76629412 -24.71211765]
-0.11	 -0.07	-0.07	0.06	65_E	[ 80.3962069   63.75596552 -22.58655172]
0.04	 0.47	-0.0	-0.14	65_E	[ 78.80996552  60.67682759 -22.00906897]
0.2	 1.15	0.13	-0.41	66_Y	[ 73.88767857  53.81964286 -28.10610714]
0.14	 1.42	0.37	-0.6	67_R	[ 81.52754545  64.12890909 -28.40663636]
0.06	 -0.14	-0.14	-0.07	67_R	[ 82.3305     65.3661875 -27.8226875]
0.12	 -0.2	-0.09	-0.12	67_R	[ 82.95875   64.75225  -26.534875]
0.04	 0.71	-0.08	-0.05	67_R	[ 81.78310526  67.99547368 -27.45636842]
0.13	 0.92	0.05	-0.33	67_R	[ 81.18559091  63.08263636 -29.30568182]
-0.1	 -0.43	-0.0	0.15	67_R	[ 82.61568182  65.31845455 -24.97313636]
-0.0	 -0.18	-0.14	-0.0	67_R	[ 80.7516875  68.7533125 -28.156875 ]
-0.21	 -0.68	0.12	0.35	67_R	[ 82.21666667  67.79348148 -26.01525926]
0.16	 1.06	0.11	-0.39	69_Q	[ 79.58957143  66.37085714 -38.82692857]
-0.1	 0.11	-0.03	0.11	69_Q	[ 81.11461538  66.51661538 -38.12323077]
-0.08	 -0.41	0.03	0.06	69_Q	[ 81.62753061  67.52491837 -36.04046939]
0.0	 0.54	-0.11	0.01	69_Q	[ 81.4364  64.8003 -38.4545]
0.12	 0.79	0.05	-0.32	69_Q	[ 79.76054545  68.15145455 -37.94272727]
-0.08	 -0.01	0.01	0.1	69_Q	[ 82.36917857  64.50703571 -36.83464286]
0.14	 0.87	-0.0	-0.21	70_T	[ 78.88015789  67.48284211 -39.89257895]
0.11	 1.32	-0.01	-0.36	71_N	[ 78.9121  70.1554 -42.5342]
-0.04	 -0.62	-0.03	0.06	71_N	[ 78.99121053  70.40410526 -41.04810526]
0.02	 0.39	-0.13	-0.07	71_N	[ 78.69926667  68.9472     -44.92893333]
-0.06	 -0.37	-0.01	0.11	71_N	[ 78.96126471  70.53714706 -44.37985294]
0.02	 0.35	-0.02	-0.29	71_N	[ 78.41831707  67.80760976 -46.44656098]
0.07	 0.13	-0.06	-0.08	71_N	[ 78.72017857  67.12685714 -42.40107143]
-0.24	 -0.76	-0.12	0.63	71_N	[ 79.26787097  68.44774194 -46.72125806]
0.04	 0.68	-0.02	-0.27	71_N	[ 78.56316667  66.41983333 -46.66333333]
0.07	 0.96	0.02	-0.2	72_L	[ 78.385       72.30266667 -40.39377778]
0.15	 0.71	0.07	-0.31	72_L	[ 78.23858333  73.65083333 -40.62666667]
0.06	 0.37	-0.21	0.19	72_L	[ 77.03066667  73.68666667 -46.25366667]
-0.05	 -0.19	-0.0	0.02	72_L	[ 74.53484375  74.849625   -45.6433125 ]
-0.12	 -0.81	-0.05	0.1	72_L	[ 78.32703571  74.73575    -44.32239286]
0.02	 0.43	0.11	-0.07	72_L	[ 78.65958333  72.38441667 -42.29433333]
0.15	 1.21	0.07	-0.33	72_L	[ 75.40861111  74.64322222 -42.0545    ]
0.0	 1.0	-0.11	0.07	72_L	[ 77.24733333  72.55741667 -46.11933333]
-0.2	 -0.45	0.11	0.29	72_L	[ 75.7392963   74.81207407 -46.73451852]
0.02	 0.24	-0.03	0.02	72_L	[ 73.68058824  73.48564706 -46.31170588]
-0.17	 -0.66	-0.0	0.26	72_L	[ 74.63945455  75.49845455 -44.10481818]
-0.22	 -0.67	0.14	0.33	72_L	[ 77.89470833  75.05558333 -45.84125   ]
-0.19	 -0.09	0.19	0.29	72_L	[ 77.35372414  75.98455172 -42.88410345]
-0.1	 -0.5	-0.09	0.16	72_L	[ 78.84883333  73.69216667 -43.39404167]
0.05	 0.45	0.03	-0.22	73_S	[ 78.8314375  72.425125  -38.469625 ]
0.02	 0.23	0.01	-0.12	73_S	[ 79.39468  70.04072 -38.47332]
0.21	 1.44	0.17	-0.44	73_S	[ 74.27694444  72.22038889 -37.61705556]
0.11	 1.06	0.3	-0.55	74_T	[ 78.9002  73.2156 -37.4474]
0.06	 1.21	0.27	-0.56	74_T	[ 79.6015      72.84883333 -37.127     ]
0.13	 1.01	0.32	-0.62	74_T	[ 80.5631  69.8794 -35.5852]
-0.02	 0.22	-0.1	-0.07	74_T	[ 80.2131875  74.075625  -36.340875 ]
-0.05	 -0.06	-0.07	-0.06	74_T	[ 81.20711905  71.6587619  -33.50690476]
-0.16	 -0.3	-0.12	0.2	74_T	[ 80.41555556  70.886      -36.8625    ]
-0.04	 -0.05	-0.06	0.02	74_T	[ 79.8414      75.15053333 -34.5135    ]
-0.2	 -1.3	-0.07	0.31	74_T	[ 80.77414286  73.51714286 -32.67614286]
0.06	 0.72	-0.15	-0.17	74_T	[ 80.87028571  70.90342857 -32.47528571]
-0.17	 -0.64	0.16	0.39	74_T	[ 81.83317391  72.12091304 -35.24904348]
0.1	 1.1	0.3	-0.59	75_L	[ 80.91288889  69.69366667 -34.78255556]
0.12	 0.19	-0.02	-0.19	75_L	[ 79.69948571  70.19665714 -30.37894286]
0.07	 0.72	-0.15	-0.07	75_L	[ 82.009       68.64188889 -33.48066667]
-0.03	 -0.06	-0.01	0.01	75_L	[ 82.67719231  66.14234615 -30.91073077]
0.03	 -0.08	-0.14	-0.05	75_L	[ 81.785625   68.3610625 -34.2460625]
-0.1	 -0.45	-0.13	0.1	75_L	[ 81.8489375  69.30425   -32.2918125]
0.16	 1.48	0.18	-0.46	75_L	[ 81.96554545  65.66627273 -33.93990909]
0.03	 0.39	-0.01	-0.12	75_L	[ 81.89885  64.9156  -30.33765]
-0.19	 -0.94	0.04	0.33	75_L	[ 82.97873913  66.48221739 -32.34452174]
-0.08	 -0.54	-0.02	0.08	75_L	[ 81.9678      68.2004     -30.13113333]
0.2	 1.12	0.11	-0.38	77_D	[ 74.36983333  67.99972222 -27.32416667]
-0.02	 1.24	-0.01	-0.02	77_D	[ 75.89622222  70.47177778 -24.91622222]
-0.18	 -0.72	0.03	0.13	77_D	[ 77.44330769  72.64115385 -25.51753846]
-0.1	 -0.12	-0.03	0.12	77_D	[ 79.14677778  71.28375556 -26.33591111]
-0.17	 -0.44	0.0	0.19	77_D	[ 75.93557895  72.92415789 -26.73478947]
0.12	 0.81	-0.0	-0.27	77_D	[ 75.13275     70.19766667 -28.82469444]
0.2	 1.39	0.18	-0.45	77_D	[ 79.20092308  69.75176923 -28.02076923]
-0.14	 -0.7	-0.06	0.2	77_D	[ 75.02138095  69.87466667 -25.95314286]
-0.17	 -0.4	-0.12	0.13	77_D	[ 77.15492308  69.81884615 -24.39623077]
-0.08	 -0.14	-0.04	0.07	78_P	[ 74.96186842  67.57644737 -23.46455263]
0.06	 0.37	0.06	0.02	78_P	[ 79.183       66.805      -23.21133333]
0.02	 -0.76	-0.1	-0.05	78_P	[ 79.7868  68.5957 -24.8484]
0.01	 0.14	0.03	-0.1	78_P	[ 77.90868182  65.65168182 -22.28659091]
0.02	 0.09	-0.02	0.01	78_P	[ 80.33425  66.33425 -23.6169 ]
-0.08	 -0.44	0.07	0.15	78_P	[ 78.61061905  68.37838095 -23.76128571]
0.06	 0.37	-0.17	-0.08	78_P	[ 79.95355556  68.91344444 -25.83811111]
-0.07	 0.16	-0.15	0.02	79_V	[ 70.76628  66.87736 -24.8958 ]
0.0	 -0.4	-0.11	0.01	79_V	[ 72.98291667  65.84391667 -22.411     ]
0.07	 0.81	-0.03	-0.15	79_V	[ 70.55003704  64.11659259 -22.72677778]
0.13	 1.16	0.27	-0.57	79_V	[ 69.58133333  65.61686667 -25.49053333]
-0.17	 -0.79	0.12	0.32	79_V	[ 71.19182609  66.59191304 -23.5716087 ]
0.04	 0.24	0.0	-0.09	79_V	[ 72.67978261  67.54526087 -25.89369565]
0.22	 1.46	0.35	-0.6	80_Q	[ 73.0910625  60.522875  -19.1666875]
0.15	 0.77	0.03	-0.27	80_Q	[ 71.53395238  63.1447619  -20.41490476]
0.09	 0.65	-0.08	-0.17	80_Q	[ 74.70371429  61.5147619  -18.5887619 ]
0.06	 0.79	-0.07	-0.17	80_Q	[ 76.00866667  63.918      -18.739     ]
0.0	 0.39	0.02	-0.08	80_Q	[ 78.11230435  62.68882609 -19.34821739]
-0.19	 -0.99	-0.18	0.27	80_Q	[ 77.83251351  60.77475676 -19.15681081]
-0.09	 -0.81	-0.21	0.2	80_Q	[ 79.0404   63.99196 -19.26352]
0.04	 0.35	0.05	-0.06	80_Q	[ 73.83061905  64.85904762 -21.22085714]
-0.05	 -0.12	-0.55	0.45	80_Q	[ 73.93357576  63.02193939 -18.69536364]
0.15	 1.1	0.08	-0.35	80_Q	[ 75.51967568  60.41756757 -19.09383784]
0.01	 -0.33	-0.03	-0.01	80_Q	[ 76.51195455  64.90872727 -20.15831818]
-0.25	 -0.8	0.05	0.32	80_Q	[ 78.60973684  65.00647368 -19.85131579]
-0.32	 -0.89	0.25	0.52	80_Q	[ 79.66432  63.18764 -18.38452]
0.24	 1.44	0.39	-0.62	81_L	[ 74.60631579  58.85       -20.07231579]
0.12	 0.95	0.09	-0.39	82_E	[ 74.47756522  56.27817391 -17.87043478]
0.04	 0.42	-0.12	-0.07	82_E	[ 73.94307692  58.64346154 -16.85592308]
-0.13	 -0.09	-0.09	0.05	82_E	[ 72.70214286  58.60297143 -15.11557143]
-0.2	 -0.3	-0.15	0.26	82_E	[ 75.70767857  58.45276786 -17.54235714]
0.14	 1.16	0.13	-0.39	82_E	[ 72.37533333  54.68411111 -16.26127778]
-0.1	 -0.66	-0.15	0.19	82_E	[ 74.46945  55.3064  -17.2206 ]
0.18	 0.8	-0.02	-0.24	83_V	[ 72.05415789  52.59489474 -16.31747368]
0.14	 1.45	0.22	-0.5	84_H	[ 66.96927273  51.83881818 -13.10436364]
0.13	 0.77	0.1	-0.38	84_H	[ 68.87909524  53.41533333 -12.09552381]
-0.09	 -0.05	-0.08	0.17	84_H	[ 71.43879167  53.67504167 -13.1825    ]
-0.03	 0.64	0.01	-0.09	84_H	[ 70.09715789  56.423      -12.94873684]
-0.1	 1.58	0.01	0.05	84_H	[ 71.0135      55.39283333 -12.2235    ]
0.11	 0.71	0.09	-0.28	84_H	[ 70.92330435  50.32795652 -15.45734783]
0.19	 1.26	-0.12	-0.3	84_H	[ 68.50388  51.29876 -12.22898]
-0.14	 -0.11	7.01	1.17	84_H	[ 71.35594118  52.49776471 -12.77238235]
0.07	 0.37	0.04	-0.2	84_H	[ 70.3815      57.85627778 -14.58533333]
-0.16	 -0.18	0.03	0.13	84_H	[ 72.42390625  55.7261875  -13.8475625 ]
-0.04	 0.46	-0.18	-0.01	85_I	[ 67.78647368  48.64317544 -11.39026316]
0.07	 0.37	-0.17	0.05	85_I	[ 70.603       46.622      -14.68666667]
-0.09	 -0.33	0.07	0.05	85_I	[ 66.958       44.68646154 -13.98707692]
-0.13	 -0.75	0.01	0.09	85_I	[ 70.72456522  44.50117391 -15.89673913]
0.01	 -0.03	-0.12	0.03	85_I	[ 69.87775     49.217      -13.25328571]
-0.11	 -0.36	0.13	-0.07	85_I	[ 69.73573684  46.29552632 -13.32342105]
0.09	 0.42	0.09	-0.19	85_I	[ 70.852125    47.70041667 -15.70170833]
-0.15	 -0.58	0.05	0.25	85_I	[ 68.39166667  43.89326667 -14.1058    ]
-0.11	 -0.61	-0.12	0.19	85_I	[ 66.4474375  45.2745    -12.85975  ]
0.05	 -0.11	-0.54	0.39	85_I	[ 66.2273871   45.64790323 -16.21135484]
-0.1	 -0.19	-0.06	0.17	85_I	[ 70.97616667  44.79388889 -17.34294444]
-0.27	 -1.01	0.03	0.53	85_I	[ 71.16334783  44.86430435 -14.94565217]
-0.18	 -0.47	0.07	0.28	85_I	[ 68.59215385  43.65       -16.08738462]
0.08	 0.6	-0.0	-0.22	86_G	[ 65.0002  46.5848 -12.0844]
0.03	 0.65	-0.02	-0.12	86_G	[ 63.01635714  45.94871429 -12.73785714]
0.1	 0.5	-0.05	-0.17	86_G	[ 62.80461905  46.3892381  -14.60733333]
0.12	 0.65	0.02	-0.29	86_G	[ 64.70916667  46.62072222 -14.997     ]
-0.2	 -0.52	-0.14	0.21	86_G	[ 64.93813636  46.06168182 -11.36977273]
-0.06	 -0.16	-0.25	0.12	86_G	[ 65.21557895  48.96305263 -10.98252632]
0.12	 1.73	0.13	-0.39	87_W	[ 61.131375  45.19725  -12.03675 ]
-0.04	 0.08	-0.15	0.03	87_W	[ 61.99080952  44.42957143 -10.12819048]
0.13	 1.82	-0.02	-0.21	87_W	[ 60.34228571  44.35871429 -12.52828571]
-0.06	 1.04	0.03	-0.06	87_W	[ 61.24733333  42.55077778 -10.84155556]
0.02	 1.05	-0.06	-0.0	87_W	[ 60.33641667  43.19533333 -12.2885    ]
-0.08	 -0.59	-0.04	0.09	87_W	[ 59.53182353  41.76858824 -12.41188235]
0.09	 0.69	-0.09	-0.09	87_W	[ 56.71064286  42.9525     -13.745     ]
0.0	 0.38	-0.09	-0.2	87_W	[ 57.17097917  42.1624375  -12.3571875 ]
-0.12	 0.09	-0.19	-0.02	87_W	[63.21216667 47.38038889 -9.87894444]
0.15	 1.22	0.29	-0.53	87_W	[ 61.05078947  45.88210526 -13.13457895]
0.23	 1.4	0.38	-0.61	87_W	[61.33294118 47.24482353 -8.77735294]
-0.13	 -0.21	-0.17	0.2	87_W	[62.036875   45.36820833 -8.85991667]
-0.08	 -0.08	0.06	0.1	87_W	[60.716375   42.17465625 -9.08703125]
-0.04	 -0.03	-0.1	-0.02	87_W	[ 59.28264706  40.49641176 -11.18311765]
0.06	 0.27	-0.02	-0.18	87_W	[ 56.24690909  43.46713636 -14.04822727]
-0.26	 -0.28	-0.05	0.47	87_W	[ 56.65183333  41.3505     -12.44372222]
0.09	 0.76	-0.05	-0.24	88_L	[ 64.44121875  51.5143125  -10.51678125]
0.2	 1.55	0.28	-0.52	88_L	[62.94670588 49.45123529 -9.90235294]
0.17	 1.14	0.14	-0.46	89_L	[ 67.39281481  54.72907407 -10.47118519]
0.08	 0.76	-0.18	-0.07	89_L	[ 67.36721622  56.28021622 -11.33605405]
0.21	 1.29	0.15	-0.41	89_L	[ 66.255       52.89913333 -11.3493    ]
0.22	 1.39	0.35	-0.58	90_L	[ 65.88590476  58.6097619  -11.48509524]
0.15	 1.0	0.04	-0.3	91_Q	[ 60.66794118  57.04826471 -18.23079412]
0.07	 1.48	0.06	-0.29	93_P	[ 66.1888  66.7266 -16.6662]
0.17	 1.0	0.05	-0.32	93_P	[ 66.916       68.03016667 -16.03333333]
-0.05	 0.05	-0.12	0.04	93_P	[ 68.09380769  65.84955769 -15.81548077]
-0.09	 -0.09	-0.06	-0.05	93_P	[ 64.52476923  69.15569231 -16.11038462]
0.04	 1.03	0.25	-0.55	93_P	[ 62.76725  68.382   -16.71575]
0.14	 0.51	0.01	-0.24	93_P	[ 65.61542308  65.41719231 -17.20415385]
0.07	 0.33	-0.04	-0.13	93_P	[ 64.2008      69.43666667 -14.7354    ]
-0.11	 -0.39	-0.08	0.2	93_P	[ 64.91971429  67.99848571 -17.05008571]
-0.01	 0.4	-0.13	0.01	93_P	[ 61.60573333  68.32113333 -15.4625    ]
0.18	 1.48	0.25	-0.51	93_P	[ 61.9538125  68.1525625 -13.234    ]
0.09	 0.79	-0.17	0.05	94_R	[ 69.34433333  69.21533333 -14.05666667]
0.01	 -0.12	-0.15	-0.08	94_R	[ 67.00646667  69.99646667 -15.47106667]
-0.14	 -0.86	-0.07	0.1	94_R	[ 68.40457143  72.54235714 -14.86764286]
-0.05	 0.6	-0.04	0.09	94_R	[ 68.2728  73.4838 -13.0234]
-0.1	 0.52	0.01	-0.03	94_R	[ 66.8771875  73.9795    -12.671125 ]
-0.01	 -0.0	-0.0	-0.02	94_R	[ 64.96770833  73.326125   -13.22129167]
0.04	 0.0	-0.09	-0.08	94_R	[ 66.697       74.58658333 -11.02433333]
-0.01	 -0.07	-0.08	-0.02	94_R	[ 69.36011538  66.89911538 -13.62157692]
0.06	 -0.08	0.04	-0.22	94_R	[ 69.9188   69.60124 -12.7424 ]
-0.17	 -0.46	-0.05	0.27	94_R	[ 68.21766667  69.34090476 -15.58519048]
0.03	 0.72	0.12	-0.39	94_R	[ 65.96733333  70.51855556 -15.23377778]
-0.24	 -0.77	0.17	0.4	94_R	[ 69.54236364  71.60004545 -14.55868182]
-0.28	 -0.86	0.19	0.44	94_R	[ 67.2180625  72.7438125 -15.2078125]
0.01	 0.65	-0.06	-0.04	94_R	[ 69.43740909  72.24804545 -12.13268182]
-0.1	 -0.28	-0.03	0.11	94_R	[ 65.06345833  71.73729167 -14.40645833]
0.01	 0.36	-0.15	-0.06	94_R	[ 63.83904  73.29828 -12.70016]
0.07	 -0.47	-0.04	-0.11	94_R	[ 68.09033333  73.91716667 -10.59783333]
0.11	 0.97	0.2	-0.54	95_W	[70.8953125 65.2625    -8.482625 ]
0.16	 1.36	0.03	-0.28	95_W	[70.05663636 63.29090909 -8.99954545]
-0.01	 0.08	0.04	-0.11	95_W	[ 70.23634483  63.90558621 -11.94248276]
0.0	 0.73	-0.01	-0.12	95_W	[ 69.71927273  61.752      -11.26454545]
0.15	 2.05	-0.14	-0.14	95_W	[ 69.1078  61.3372 -10.5472]
0.05	 -0.09	-0.0	-0.18	95_W	[ 67.90427273  60.35059091 -10.87318182]
0.19	 0.36	-0.02	-0.18	95_W	[ 70.518       67.49081818 -11.56654545]
-0.06	 0.03	-0.28	0.18	95_W	[71.3917037  65.95174074 -9.42607407]
-0.17	 -0.46	-0.02	0.25	95_W	[ 70.95553846  64.71115385 -12.17915385]
0.15	 0.85	0.02	-0.27	95_W	[ 67.54629412  59.97482353 -12.20035294]
0.03	 -0.74	-0.02	-0.1	96_V	[69.94734783 73.13508696 -9.57695652]
0.1	 0.63	-0.05	0.06	96_V	[72.81533333 71.43533333 -9.997     ]
-0.02	 0.35	0.02	-0.12	96_V	[73.03905556 71.42411111 -8.04688889]
-0.17	 -0.9	-0.03	0.21	96_V	[73.18572727 68.79213636 -9.83118182]
-0.07	 -0.3	0.05	0.04	96_V	[ 71.50344444  71.33766667 -10.69172222]
-0.15	 -0.39	0.06	0.21	96_V	[73.77648 71.96176 -8.39376]
0.14	 0.85	0.1	-0.35	96_V	[71.45885714 73.37292857 -8.22742857]
0.08	 1.03	0.05	-0.22	96_V	[73.20464706 70.63623529 -6.47176471]
-0.23	 -1.12	0.14	0.39	96_V	[73.874625   70.04495833 -9.94054167]
-0.04	 0.1	-0.15	0.04	96_V	[72.9719375 68.2071875 -8.06775  ]
-0.06	 -0.41	0.02	0.06	96_V	[ 71.7851875  68.5078125 -10.8473125]
0.11	 0.75	0.02	-0.26	97_F	[ 63.05723333  70.17623333 -12.69136667]
0.17	 1.71	0.14	-0.39	98_K	[68.84666667 74.73133333 -8.3115    ]
0.04	 0.55	0.03	-0.23	98_K	[67.428625 77.131    -9.414125]
0.02	 0.32	-0.04	-0.08	98_K	[66.92291667 79.79441667 -9.68116667]
0.02	 1.05	-0.13	0.05	98_K	[66.69245455 81.60890909 -6.32181818]
-0.01	 -2.96	-0.01	-0.12	98_K	[66.60977778 83.13522222 -8.28177778]
0.04	 0.91	-0.02	-0.23	98_K	[67.73772727 75.07209091 -9.35036364]
0.03	 -0.02	-0.02	-0.04	98_K	[68.85894444 76.88472222 -8.86833333]
0.06	 1.68	-0.11	-0.09	98_K	[66.66483333 77.9095     -9.45683333]
-0.11	 -0.24	-0.11	0.14	98_K	[68.0755  79.80025 -9.59605]
-0.07	 0.2	-0.13	-0.03	98_K	[65.4011     79.258      -8.95413333]
-0.02	 0.09	-0.06	-0.09	98_K	[65.61908108 81.17237838 -6.3532973 ]
-0.02	 -0.87	-0.15	0.09	98_K	[68.55171429 81.83166667 -6.71733333]
-0.4	 -0.9	0.27	0.53	98_K	[66.76575 83.76625 -7.6674 ]
-0.24	 -0.57	0.16	0.3	98_K	[68.00885185 82.3072963  -9.25848148]
-0.27	 -0.64	0.14	0.39	98_K	[65.37011538 82.07673077 -9.09665385]
0.16	 1.33	0.34	-0.58	99_E	[64.20122222 79.93455556 -5.77477778]
0.03	 0.65	0.13	-0.27	99_E	[67.18528 79.80368 -0.60956]
-0.11	 -0.65	-0.03	0.15	99_E	[68.073475 81.153325 -2.5059  ]
-0.1	 -0.37	-0.03	0.09	99_E	[68.48227273 79.73212121  0.68836364]
0.21	 1.52	0.17	-0.44	99_E	[66.3488     80.4698     -3.92406667]
0.07	 0.44	-0.05	-0.16	99_E	[65.03885714 78.26285714 -1.10088571]
-0.09	 0.29	0.0	-0.05	100_E	[62.77653333 78.83026667 -7.84406667]
0.07	 1.55	-0.01	-0.21	100_E	[61.56847059 78.02882353 -1.63464706]
-0.03	 -0.24	-0.12	0.06	100_E	[62.70343478 80.58847826 -2.54278261]
-0.14	 -0.47	-0.31	0.25	100_E	[64.439      81.04932258 -3.5563871 ]
-0.39	 -0.85	0.12	0.41	100_E	[61.44510256 81.41251282 -1.99992308]
0.05	 0.33	-0.14	-0.02	100_E	[62.39188889 80.14138889 -5.66505556]
-0.09	 0.18	-0.06	0.0	100_E	[60.16151852 78.62948148 -2.52392593]
0.13	 0.94	-0.07	-0.16	100_E	[62.9201 77.8916 -1.6647]
0.06	 0.4	-0.11	-0.14	101_D	[ 65.07214286  75.51621429 -11.04707143]
-0.14	 -0.44	-0.01	0.15	101_D	[ 63.75735   77.11695  -10.817075]
0.07	 0.32	0.05	-0.21	101_D	[66.1768125 76.6390625 -9.901375 ]
0.17	 1.26	-0.04	-0.19	101_D	[61.3215 77.2942 -9.2639]
0.08	 0.58	-0.05	-0.15	102_P	[ 60.4613913   70.07417391 -12.43108696]
-0.05	 0.33	-0.06	-0.02	102_P	[ 57.75535294  73.30747059 -11.93470588]
-0.09	 -0.08	-0.1	0.05	102_P	[ 60.9382   74.0492  -13.33005]
-0.03	 0.11	-0.11	-0.03	102_P	[ 61.74671429  75.821      -12.19457143]
0.22	 1.38	0.29	-0.55	102_P	[57.375      72.26866667 -9.85366667]
-0.03	 0.32	-0.03	0.0	102_P	[ 58.293       71.80083333 -12.63356667]
-0.22	 -0.77	0.06	0.33	102_P	[ 57.97409091  74.728      -11.63086364]
-0.06	 -0.22	-0.02	0.02	102_P	[ 61.677875  72.361    -12.951125]
-0.25	 -0.83	0.21	0.45	102_P	[ 60.04204545  74.95154545 -13.62486364]
0.16	 1.1	-0.02	-0.18	102_P	[ 62.862       74.95227273 -12.01936364]
-0.06	 -0.02	0.04	0.07	102_P	[ 60.18188462  76.26588462 -10.68092308]
0.11	 0.94	-0.0	-0.33	104_H	[ 60.1775      68.00127273 -13.49836364]
0.1	 1.17	0.41	-0.73	104_H	[ 56.4664  67.9142 -14.9562]
0.05	 0.56	0.16	-0.38	104_H	[ 56.05392308  65.82389744 -15.86402564]
0.06	 0.35	-0.31	0.07	104_H	[ 58.77815  68.93615 -13.14065]
-0.06	 0.28	-0.1	-0.0	104_H	[ 58.231125    67.79404167 -15.24495833]
-0.28	 -0.65	-0.09	0.45	104_H	[ 55.79608  65.53892 -16.40976]
0.06	 0.47	-0.02	-0.14	104_H	[ 54.02263636  64.86027273 -13.76972727]
0.15	 1.16	0.32	-0.59	106_R	[ 55.885       58.5802     -13.25073333]
0.13	 1.62	0.27	-0.56	106_R	[ 55.780125  60.40125  -15.53225 ]
0.01	 0.44	-0.2	0.0	106_R	[ 55.3447  59.4308 -15.7377]
-0.03	 -0.09	0.05	-0.04	106_R	[ 55.7636   59.4274  -17.53725]
0.09	 1.07	0.1	-0.29	106_R	[ 57.62394444  58.89211111 -18.53833333]
-0.11	 -0.16	0.08	0.04	106_R	[ 54.72146667  57.5176     -17.70613333]
0.09	 0.97	0.19	-0.45	106_R	[ 56.11085714  58.18085714 -13.47085714]
0.09	 1.14	-0.14	-0.03	106_R	[ 56.20233333  61.04611111 -16.23622222]
-0.05	 0.08	-0.13	0.01	106_R	[ 55.53005  57.88045 -14.84345]
-0.14	 -0.33	-0.17	0.15	106_R	[ 57.84775758  58.43163636 -19.63081818]
-0.01	 0.04	-0.09	-0.04	106_R	[ 55.28877778  56.10951852 -16.40018519]
-0.1	 -0.09	-0.04	0.14	106_R	[ 55.83056  56.7196  -19.18748]
0.09	 0.64	0.02	-0.26	107_C	[ 55.61417647  56.52085294 -12.27244118]
0.12	 1.21	0.12	-0.4	108_H	[ 58.69188889  56.38055556 -18.17277778]
0.11	 1.71	0.05	-0.29	108_H	[ 59.05414286  55.55114286 -18.61771429]
0.08	 0.74	0.02	-0.24	108_H	[ 56.32478947  55.28963158 -14.064     ]
-0.11	 -0.28	-0.18	0.11	108_H	[ 58.3391  54.5844 -19.3484]
0.1	 1.36	0.22	-0.47	109_S	[ 56.35546667  53.5442     -13.14173333]
0.06	 1.22	0.17	-0.47	109_S	[ 55.73725   52.37075  -13.302375]
0.12	 -0.18	-0.08	-0.08	109_S	[ 54.81373333  51.98926667 -14.38473333]
0.07	 0.4	-0.05	-0.19	109_S	[ 56.05063636  53.52445455 -15.16290909]
0.14	 1.03	0.14	-0.38	109_S	[ 55.49785714  52.45495238 -12.23042857]
0.15	 0.98	0.04	-0.28	110_W	[ 61.167625  45.5145   -14.748   ]
0.04	 0.55	0.01	-0.21	110_W	[ 59.2928125   44.20415625 -15.1699375 ]
0.04	 0.93	-0.04	-0.08	110_W	[ 62.03022222  45.15677778 -16.11533333]
0.03	 0.81	-0.02	-0.16	110_W	[ 59.38403704  43.30837037 -16.64833333]
-0.02	 0.43	0.06	-0.13	110_W	[ 60.85386667  43.82193333 -17.22106667]
0.11	 0.96	0.05	-0.23	110_W	[ 63.29710526  46.32436842 -16.87910526]
-0.04	 0.17	-0.07	0.03	110_W	[ 60.778       43.15428125 -18.57771875]
-0.01	 0.15	0.19	0.37	110_W	[ 63.73478947  45.47947368 -17.93684211]
-0.05	 -0.37	0.04	-0.04	110_W	[ 63.57527273  44.25004545 -19.13854545]
-0.21	 -0.61	-0.05	0.3	110_W	[ 58.94608333  42.62519444 -16.57138889]
-0.23	 -0.91	0.06	0.38	110_W	[ 60.85714286  42.236      -19.30038095]
0.0	 0.18	0.2	-0.17	110_W	[ 62.835       43.17471429 -20.41385714]
0.14	 1.26	0.19	-0.46	111_K	[ 57.11633333  49.524      -20.18283333]
0.06	 0.61	-0.08	-0.13	111_K	[ 54.51304348  47.71934783 -19.25713043]
0.07	 1.05	0.02	-0.24	111_K	[ 58.08425  44.676   -19.03625]
-0.07	 -0.03	-0.12	0.09	111_K	[ 55.6374  45.233  -20.7357]
-0.02	 -0.06	-0.09	-0.03	111_K	[ 56.6476  45.9473 -24.4547]
0.01	 1.71	0.06	-0.21	111_K	[ 55.00414286  48.89192857 -22.95071429]
0.24	 1.07	0.13	-0.36	111_K	[ 58.83152941  49.61464706 -20.303     ]
0.06	 0.55	0.07	-0.31	111_K	[ 56.53246154  45.38592308 -18.21353846]
-0.08	 -0.2	0.02	0.11	111_K	[ 57.16914815  44.45533333 -21.0352963 ]
-0.04	 -0.45	0.08	0.1	111_K	[ 55.06592857  46.11971429 -20.61771429]
0.15	 1.12	0.12	-0.34	111_K	[ 57.87093333  49.014      -21.75066667]
-0.13	 -0.26	-0.09	0.18	111_K	[ 57.82642857  47.09542857 -24.38553571]
-0.21	 -0.84	0.04	0.25	111_K	[ 55.9504   45.46385 -23.5504 ]
-0.3	 -0.72	0.22	0.47	111_K	[ 54.69391304  48.18965217 -24.34230435]
-0.13	 -0.26	-0.06	0.16	111_K	[ 54.34238095  48.29414286 -21.99347619]
-0.2	 -0.37	-0.08	0.29	111_K	[ 56.35036  49.55488 -22.95704]
0.09	 0.95	-0.09	-0.26	112_N	[ 57.59707143  50.50221429 -19.26992857]
-0.09	 -0.23	-0.09	0.02	112_N	[ 52.28945161  49.81345161 -17.33716129]
-0.04	 0.53	-0.13	0.01	112_N	[ 54.22218182  50.84645455 -20.36890909]
-0.15	 -0.74	-0.04	0.2	112_N	[ 54.08108333  53.21058333 -19.75225   ]
-0.04	 0.09	0.0	-0.08	112_N	[ 56.16056667  53.47626667 -19.50163333]
-0.04	 -0.53	0.03	-0.0	112_N	[ 53.377       53.18068966 -17.35068966]
0.16	 0.91	0.07	-0.31	112_N	[ 57.81647059  51.27976471 -18.83876471]
-0.08	 0.25	-0.18	0.04	112_N	[ 55.57777419  50.58835484 -20.639     ]
-0.12	 -1.24	-0.02	0.2	112_N	[ 53.48521429  50.38214286 -19.56428571]
-0.07	 -0.26	0.02	0.15	112_N	[ 53.94590323  54.70693548 -17.46112903]
-0.26	 -1.06	0.05	0.36	112_N	[ 52.4744      52.49173333 -17.37913333]
0.04	 0.41	-0.2	-0.17	113_T	[ 51.65816667  48.9895     -15.78658333]
0.06	 0.52	-0.03	-0.21	113_T	[ 53.12576923  51.09484615 -14.70480769]
-0.0	 -0.13	-0.0	-0.07	113_T	[ 55.15127273  45.31945455 -16.60604545]
-0.03	 0.01	-0.03	-0.02	113_T	[ 52.70608696  44.8993913  -13.71986957]
-0.08	 0.08	0.09	-0.03	113_T	[ 52.94485  47.2433  -16.9757 ]
-0.1	 -0.38	-0.05	0.07	113_T	[ 55.88071429  44.18271429 -15.36778571]
0.05	 1.35	-0.02	-0.1	113_T	[ 54.13911111  44.04855556 -13.74611111]
0.18	 1.36	0.37	-0.59	113_T	[ 51.83518182  46.28481818 -12.37681818]
-0.21	 -0.42	0.04	0.27	113_T	[ 52.22768421  45.25342105 -15.00184211]
0.01	 0.17	-0.1	-0.37	114_A	[ 51.325       48.33372727 -15.49772727]
0.05	 1.45	0.03	-0.27	114_A	[ 51.01844444  49.50144444 -15.031     ]
0.1	 1.1	0.05	-0.32	114_A	[ 50.07991667  48.56366667 -10.80233333]
0.1	 0.96	0.13	-0.39	114_A	[ 50.53036364  47.64327273 -10.79036364]
-0.11	 -0.34	0.01	0.14	114_A	[ 48.88286207  48.48024138 -13.1857931 ]
-0.05	 -0.42	-0.01	0.02	114_A	[ 51.12883333  46.69766667 -14.6945    ]
-0.19	 -0.24	-0.15	0.19	114_A	[ 51.2534375  50.497125  -14.4291875]
-0.13	 -0.48	0.54	0.51	114_A	[ 48.8523      49.5906     -11.72053333]
-0.22	 -0.8	0.19	0.42	114_A	[ 49.16428  48.57444 -14.72544]
-0.25	 -1.12	-0.09	0.27	114_A	[ 49.982       46.78425926 -12.54274074]
0.07	 0.9	0.04	-0.35	115_L	[49.49243333 49.73806667 -9.49683333]
0.07	 0.62	-0.09	-0.13	115_L	[48.78016667 51.91154167 -9.72770833]
0.03	 0.44	-0.06	-0.09	115_L	[ 51.14840741  51.81488889 -12.00503704]
0.13	 1.03	0.05	-0.39	115_L	[ 53.54296296  51.93681481 -11.81222222]
0.18	 1.42	0.11	-0.37	116_H	[48.90471429 47.60185714 -8.08828571]
0.01	 1.02	0.28	0.04	116_H	[46.71458333 49.56422917 -7.498125  ]
-0.05	 0.15	-0.15	0.04	116_H	[46.76155882 45.99714706 -6.68576471]
-0.01	 1.05	-0.01	-0.06	116_H	[45.7759375 47.7550625 -6.941    ]
0.16	 0.8	0.02	-0.28	116_H	[48.41       46.08988889 -4.62466667]
0.15	 1.26	0.12	-0.38	116_H	[47.04121429 50.66589286 -7.7795    ]
-0.24	 -0.51	0.04	0.35	116_H	[46.66724 44.8696  -6.59208]
-0.26	 -0.5	-0.02	0.36	116_H	[44.92209677 48.27790323 -7.82254839]
0.01	 -0.12	-0.05	-0.09	117_K	[52.89592857 51.81175    -1.87442857]
0.03	 0.61	-0.07	-0.22	117_K	[50.40171429 50.34935714 -1.12885714]
0.0	 0.49	-0.02	-0.13	117_K	[47.09413333 50.62706667  0.14073333]
0.02	 0.03	-0.14	-0.02	117_K	[45.2352 49.4388 -2.0702]
0.02	 -3.94	0.08	-0.22	117_K	[45.4415 47.592  -1.692 ]
0.25	 1.48	0.32	-0.56	117_K	[47.4533125 51.177     -4.98075  ]
0.0	 0.25	0.01	-0.01	117_K	[50.45021429 51.67321429 -0.60864286]
0.05	 1.02	-0.09	-0.16	117_K	[47.98925  52.383375  0.14775 ]
-0.09	 -0.21	0.05	0.12	117_K	[48.2722963  49.54074074 -0.19562963]
-0.09	 -0.28	-0.07	0.04	117_K	[45.6087037  50.89359259 -0.67262963]
-0.04	 0.11	-0.08	-0.02	117_K	[45.91330303 50.05881818 -3.69793939]
-0.2	 -0.27	-0.02	0.24	117_K	[45.45576667 47.40333333 -3.35003333]
-0.1	 -0.24	-0.06	0.14	117_K	[47.61651613 46.84370968 -2.18454839]
-0.4	 -1.07	0.25	0.54	117_K	[45.57205882 47.81629412 -0.591     ]
0.14	 1.15	0.13	-0.41	119_T	[54.25911538 53.75603846 -0.50407692]
-0.02	 0.27	-0.12	-0.06	119_T	[54.158   54.99028  1.28992]
0.09	 0.71	0.11	-0.29	121_L	[60.23285 53.8658   1.94405]
0.03	 0.83	-0.07	-0.17	121_L	[59.47864706 53.52364706  1.97311765]
0.13	 0.61	0.04	-0.25	121_L	[60.53694737 55.00210526  3.16089474]
0.04	 0.63	-0.19	-0.03	122_Q	[63.10066667 64.01183333  4.01      ]
0.09	 0.8	0.03	-0.24	122_Q	[61.96985714 63.20209524  4.00090476]
0.1	 0.74	-0.02	-0.21	122_Q	[64.33225 65.88395  3.45555]
-0.09	 -0.32	-0.16	0.13	122_Q	[62.59956522 66.36152174  3.16452174]
0.12	 2.16	0.05	-0.28	123_N	[67.20383333 58.77933333  2.6375    ]
0.02	 0.31	0.06	-0.15	123_N	[65.93541176 58.11235294  4.29952941]
-0.2	 -0.42	0.05	0.21	123_N	[66.30409524 58.21416667  5.99521429]
-0.02	 0.35	0.07	-0.16	123_N	[66.6204375 61.20625    5.6463125]
-0.17	 -0.87	-0.07	0.2	123_N	[67.43136364 63.18681818  4.96018182]
-0.1	 -0.34	-0.02	0.12	123_N	[68.673      62.73346667  3.1568    ]
-0.1	 0.09	0.07	0.16	123_N	[66.02315385 63.94876923  5.01815385]
0.12	 0.54	0.05	-0.27	123_N	[66.54122222 58.79666667  1.81088889]
-0.11	 -0.44	-0.03	0.15	123_N	[68.21464706 59.72623529  3.40464706]
-3.72	 0.45	0.04	-0.06	123_N	[64.55995833 60.84066667  5.87941667]
-0.21	 -0.61	0.13	0.33	123_N	[67.48785714 60.95566667  5.79247619]
0.01	 -0.16	-0.03	-0.08	123_N	[66.59907143 64.87371429  3.71835714]
0.0	 -0.08	0.0	-0.04	123_N	[64.33213043 63.19269565  4.9016087 ]
0.11	 1.32	0.05	-0.25	124_G	[65.41353846 57.669       2.46769231]
-0.1	 -1.27	-0.06	0.07	124_G	[64.59323077 55.73930769  4.44746154]
0.02	 0.43	0.01	-0.17	124_G	[62.78745 57.39065  6.47905]
-0.12	 -0.4	0.05	0.16	124_G	[61.48821875 55.53934375  5.11709375]
-0.07	 -0.35	-0.11	0.1	124_G	[64.20727778 55.40566667  3.275     ]
-0.22	 -0.47	-0.02	0.32	124_G	[64.85728571 56.22952381  5.80704762]
0.11	 1.26	0.11	-0.36	125_K	[60.5213  61.35265  5.74215]
0.1	 0.77	0.15	-0.36	125_K	[61.49436364 59.62454545  7.46909091]
0.02	 0.32	0.04	-0.15	125_K	[60.9768 62.121   8.0983]
-0.02	 0.27	-0.14	0.07	125_K	[60.649     60.3621875 10.298    ]
-0.0	 -2.96	-0.01	-0.12	125_K	[60.71744444 62.43433333 11.50511111]
0.01	 -0.33	-0.16	-0.02	125_K	[60.57545455 57.29854545  6.58263636]
0.02	 0.61	-0.21	-0.08	125_K	[62.54044444 61.81366667  5.65288889]
0.01	 0.28	-0.26	-0.15	125_K	[59.56691176 61.481       5.65647059]
-0.16	 -0.42	-0.06	0.29	125_K	[59.73784211 58.974       7.85652632]
-0.13	 -0.29	-0.12	0.17	125_K	[62.864      59.32136364  7.54809091]
-0.18	 -0.51	0.04	0.14	125_K	[62.53734783 61.87352174  8.15665217]
-0.13	 -0.77	-0.33	0.43	125_K	[59.50604348 62.02247826  7.66117391]
-0.28	 -1.1	0.1	0.44	125_K	[59.31019048 60.16680952 10.07909524]
-0.2	 -0.53	0.08	0.33	125_K	[61.86869231 59.88253846 10.26007692]
-0.33	 -0.77	0.22	0.47	125_K	[60.56826087 61.91417391 12.20078261]
-0.29	 -0.51	0.08	0.37	125_K	[62.165625   62.89125    10.56291667]
-0.24	 -0.62	0.12	0.37	125_K	[59.66588462 63.16592308 10.27157692]
0.12	 1.47	0.03	-0.28	126_D	[58.32276923 58.94615385  5.75238462]
-0.13	 -0.32	-0.01	0.1	126_D	[56.13402857 59.99462857  4.80554286]
-0.04	 0.44	0.03	-0.08	126_D	[55.2816 56.8873  5.0187]
-0.03	 -0.01	-0.11	0.05	126_D	[55.23953846 55.21307692  3.91776923]
-0.16	 -0.13	0.03	0.15	126_D	[57.5464878  54.80319512  4.94746341]
-0.03	 -0.09	-0.12	-0.03	126_D	[58.87485714 57.08992857  5.87128571]
-0.22	 -0.75	0.06	0.25	126_D	[56.42264706 57.39652941  5.85623529]
0.03	 0.55	0.08	-0.16	126_D	[54.92751613 57.79283871  2.82403226]
0.18	 1.55	0.32	-0.56	127_R	[54.93892593 61.92655556  1.51348148]
-0.17	 -0.35	-0.13	0.14	127_R	[54.30074468 61.82085106  2.60559574]
0.01	 0.14	0.08	-0.16	127_R	[59.61368182 63.63877273  4.07795455]
-0.04	 0.73	-0.04	0.09	127_R	[57.8442 65.4006  3.6044]
-0.05	 -0.55	-0.02	0.02	127_R	[58.42652941 66.51035294  2.84917647]
0.08	 1.17	-0.01	-0.21	127_R	[60.04314286 66.60757143  2.22292857]
-0.12	 0.05	-0.07	0.19	127_R	[56.412      67.30211111  1.52494444]
0.09	 0.82	-0.0	-0.17	127_R	[56.5164 62.5105  3.7988]
0.06	 0.15	-0.51	0.39	127_R	[58.58715385 62.69476923  4.40630769]
0.02	 -0.47	-0.04	0.05	127_R	[60.43690909 64.88827273  3.46463636]
-0.04	 -0.26	-0.05	0.06	127_R	[56.57284211 64.65057895  3.28026316]
0.08	 1.24	0.2	-0.44	127_R	[59.0445   67.893375  1.285625]
-0.22	 -0.45	0.13	0.29	127_R	[55.54641935 65.94409677  1.46745161]
-0.04	 -0.15	-0.11	0.06	127_R	[57.36047368 68.07052632  0.41339474]
0.2	 1.02	0.1	-0.37	128_K	[53.84706667 59.1572      0.9178    ]
0.07	 -0.36	-0.14	-0.11	128_K	[52.699375 64.754125 -1.5975  ]
0.09	 1.21	0.12	-0.34	128_K	[51.66883333 62.53616667  0.53233333]
-0.08	 -0.4	0.05	-0.06	128_K	[49.31553846 62.54869231  0.09961538]
0.03	 -0.55	0.0	-0.16	128_K	[49.33933333 64.17291667 -2.80283333]
-0.01	 0.24	-0.2	-0.01	128_K	[52.84263636 62.06        1.31672727]
-0.1	 0.12	-0.01	0.09	128_K	[53.26347059 64.24555882 -0.32714706]
0.05	 0.54	-0.05	-0.18	128_K	[53.06311111 64.21318519 -3.21244444]
-0.04	 0.19	-0.18	-0.06	128_K	[51.29966667 61.98433333  0.651     ]
-0.11	 -0.44	0.09	0.09	128_K	[48.77995238 61.998      -0.90033333]
-0.19	 -0.67	0.15	0.32	128_K	[50.15786364 64.03031818  0.14640909]
-0.37	 -0.82	0.27	0.54	128_K	[48.35766667 64.53890476 -2.08514286]
-0.16	 -0.51	-0.03	0.23	128_K	[50.68896154 64.77323077 -2.94823077]
-0.02	 0.12	-0.09	-0.04	128_K	[49.12531818 62.78140909 -3.62536364]
0.06	 0.87	-0.05	-0.28	129_Y	[52.76190909 59.77236364  1.08463636]
-0.0	 0.6	-0.06	-0.18	129_Y	[48.86687097 60.24790323 -1.81490323]
-0.08	 -0.04	-0.07	0.1	129_Y	[51.81690909 57.63672727  1.67263636]
-0.07	 0.26	-0.07	0.06	129_Y	[49.7015     56.61966667  1.61033333]
-0.11	 -0.54	-0.03	0.11	129_Y	[48.44146667 57.44453333  1.12393333]
-0.11	 -0.41	-0.02	0.06	129_Y	[50.500625  55.27925    1.4941875]
-0.04	 -1.01	-0.13	0.07	129_Y	[46.89386667 56.54733333  0.6548    ]
-0.1	 -0.05	0.07	-0.04	129_Y	[48.90594737 54.34810526  1.135     ]
-0.03	 0.18	-0.09	0.04	129_Y	[47.05166667 54.7005      0.88308333]
0.09	 0.83	-0.01	-0.19	129_Y	[46.68573333 53.10993333  0.23906667]
0.02	 0.62	0.0	-0.24	129_Y	[51.38831818 60.52718182  0.70131818]
0.02	 0.14	3.83	0.98	129_Y	[52.89059091 56.90981818  1.32022727]
-0.16	 -0.58	0.06	0.22	129_Y	[50.79830435 58.86021739  1.4093913 ]
-0.1	 -0.33	0.08	0.15	129_Y	[47.97507692 58.63307692 -0.35484615]
0.04	 0.09	-0.03	0.01	129_Y	[51.75626087 54.06895652  0.21921739]
0.09	 0.5	-0.01	-0.2	129_Y	[46.78081818 57.63781818 -1.05936364]
-0.02	 -0.07	-0.13	0.02	129_Y	[49.36329412 52.52341176  0.29      ]
0.01	 0.26	0.0	-0.13	130_F	[48.4875    60.8706875 -4.771625 ]
-0.02	 0.05	-0.19	0.04	130_F	[48.8785  62.70525 -5.73275]
0.07	 0.79	-0.02	-0.21	130_F	[50.44735714 63.62185714 -5.10892857]
0.03	 0.71	-0.01	-0.14	130_F	[47.66354167 58.70295833 -3.25054167]
0.15	 1.32	0.05	-0.33	130_F	[47.56453846 58.04692308 -6.07246154]
-0.06	 -0.86	0.04	0.15	130_F	[47.75654545 60.02959091 -6.30072727]
-0.15	 -0.56	0.14	0.41	130_F	[49.17413636 62.84554545 -7.25886364]
-0.0	 0.53	-0.08	-0.09	130_F	[52.10177419 63.75641935 -5.88806452]
0.15	 1.47	0.09	-0.35	131_H	[46.65716667 52.54204167 -5.63258333]
0.05	 0.5	-0.08	-0.18	131_H	[43.58233333 55.06958333 -4.67858333]
-0.12	 -0.12	-0.05	0.16	131_H	[43.29525  54.888625 -3.22    ]
0.01	 0.97	0.0	-0.07	131_H	[43.745      53.53685714 -2.51271429]
-0.07	 -0.33	0.0	0.08	131_H	[44.08018519 57.06074074 -2.20459259]
-0.1	 -0.44	-0.01	0.12	131_H	[43.85492308 54.44580769 -0.12376923]
-0.08	 0.88	0.05	0.12	131_H	[42.74385714 56.06271429 -0.77957143]
0.03	 0.35	-0.19	0.02	131_H	[46.71273333 57.88453333 -4.64753333]
0.03	 0.08	-0.12	-0.03	131_H	[44.4055     56.33095455 -5.09190909]
-0.04	 -0.06	-0.13	-0.03	131_H	[44.78430769 53.21065385 -4.72      ]
-0.05	 -0.01	-0.15	0.0	131_H	[44.88466667 52.36526667 -2.41486667]
-0.23	 -0.86	0.1	0.4	131_H	[44.64111111 57.88538889 -2.81227778]
-0.34	 -0.85	0.03	0.52	131_H	[44.49261905 53.7457619   0.633     ]
-0.29	 -0.84	0.2	0.47	131_H	[43.88843478 56.9926087   0.218     ]
0.09	 0.43	0.03	-0.22	132_H	[47.49942857 57.61992857 -7.96371429]
-0.02	 0.47	-0.05	-0.03	132_H	[ 45.93315385  55.53830769 -10.28130769]
-0.08	 0.52	-0.07	0.12	132_H	[ 44.09442857  54.05657143 -10.09671429]
-0.02	 1.08	0.08	-0.15	132_H	[43.47918182 55.187      -9.41281818]
0.03	 0.3	-0.0	-0.11	132_H	[44.77255263 51.83942105 -8.27073684]
-0.22	 -0.74	0.08	0.3	132_H	[42.01544681 53.77221277 -7.42987234]
-0.01	 1.07	0.0	-0.11	132_H	[43.4965  51.85105 -7.5911 ]
0.11	 0.19	0.11	-0.28	132_H	[46.12611111 56.62794444 -6.78216667]
0.15	 1.45	0.48	-0.69	132_H	[47.24483333 52.6655     -9.1475    ]
-0.14	 -1.23	-0.1	0.21	132_H	[46.06766667 56.48116667 -9.40416667]
-0.21	 -0.56	-0.09	0.24	132_H	[ 46.79121739  54.38717391 -10.49013043]
-0.2	 -0.35	0.02	0.26	132_H	[43.48895652 55.95926087 -7.84491304]
-0.12	 -0.52	-0.17	0.17	132_H	[45.75933333 51.29680952 -9.22738095]
-0.48	 -0.8	0.03	0.58	132_H	[42.6953 50.9518 -7.8741]
0.12	 2.05	0.1	-0.35	133_N	[ 48.526       55.08944444 -10.48411111]
0.1	 1.88	0.04	-0.29	133_N	[ 50.94566667  57.40211111 -11.418     ]
-0.16	 -0.74	-0.06	0.19	133_N	[ 48.74384  57.31828 -11.10804]
0.1	 1.58	0.08	-0.32	133_N	[ 52.13416667  53.87966667 -11.49975   ]
-0.03	 0.22	-0.0	-0.04	133_N	[ 52.77114286  55.85478571 -11.79664286]
0.06	 0.37	-0.06	-0.14	133_N	[ 53.37747619  57.81       -11.51214286]
0.07	 0.58	-0.09	-0.13	133_N	[ 54.19083333  54.15672222 -11.58322222]
0.06	 -0.02	-0.1	-0.11	133_N	[ 49.12207143  53.6205     -10.46071429]
-0.16	 -0.06	-0.05	0.14	133_N	[ 50.54832  54.90064 -11.64168]
0.18	 1.05	-0.08	-0.3	133_N	[ 53.759     53.278125 -11.32    ]
0.1	 1.18	0.45	-0.77	134_S	[49.41966667 61.12916667 -9.69575   ]
-0.13	 -1.03	-0.02	0.18	134_S	[47.99985 60.05695 -8.82105]
-0.02	 -0.21	-0.03	-0.0	134_S	[ 51.28430435  59.44878261 -11.57547826]
-0.08	 -0.14	-0.11	0.08	134_S	[50.06810526 62.00026316 -9.42236842]
-0.1	 -0.41	0.04	0.09	134_S	[ 48.25546667  59.06353333 -10.0908    ]
0.13	 1.31	0.35	-0.59	135_D	[ 52.90088889  64.12144444 -10.07977778]
0.01	 -0.47	-0.14	0.0	135_D	[52.2622381  63.79342857 -8.98285714]
-0.12	 -0.06	0.01	0.05	135_D	[ 53.41092308  62.42430769 -13.98015385]
-0.05	 0.1	0.03	-0.05	135_D	[ 54.12125     60.02786111 -13.48711111]
-0.04	 0.04	-0.01	-0.12	135_D	[ 55.01475     62.76932143 -15.13892857]
-0.03	 0.42	-0.02	-0.01	135_D	[ 51.72545  61.78005 -11.64505]
-0.06	 -0.11	-0.02	0.02	135_D	[ 52.84660714  64.12325    -12.00096429]
0.15	 2.09	0.05	-0.29	136_F	[54.18311765 65.081      -5.00764706]
-0.03	 0.13	-0.07	-0.11	136_F	[54.95213333 66.47333333 -3.35106667]
0.03	 0.07	-0.08	-0.14	136_F	[55.1008     65.639      -2.07986667]
0.16	 1.64	0.27	-0.52	136_F	[53.5172 64.7358 -6.3127]
0.11	 0.57	-0.14	-0.13	136_F	[55.427875 67.5285   -3.28675 ]
0.13	 0.94	0.12	-0.39	136_F	[55.90465517 65.82031034 -1.14958621]
0.13	 1.06	-0.01	-0.27	137_H	[53.72127273 69.13809091 -6.63645455]
-0.11	 -0.26	-0.03	0.12	137_H	[54.10918519 68.18392593 -5.03651852]
-0.07	 -0.26	-0.04	0.03	137_H	[53.21916667 69.49633333 -8.33975   ]
-0.08	 0.08	-0.07	0.09	137_H	[ 53.30925  69.3155  -10.4735 ]
-0.05	 0.91	-0.0	0.06	137_H	[ 52.74    67.8116 -11.1518]
-0.13	 -0.42	0.03	0.1	137_H	[ 55.06117647  70.44170588 -11.53952941]
-0.11	 -0.16	0.07	0.1	137_H	[ 53.5238   67.69235 -12.95715]
-0.11	 2.11	0.01	0.05	137_H	[ 54.40933333  69.5795     -12.93966667]
-0.01	 0.39	-0.02	-0.12	137_H	[53.15748 65.94112 -7.6768 ]
-0.11	 -0.51	0.09	0.23	137_H	[52.67595 68.1554  -8.6189 ]
0.01	 0.32	-0.01	-0.1	137_H	[54.25786957 70.56813043 -8.58573913]
-0.12	 -0.33	-0.05	0.05	137_H	[ 52.91264706  66.02470588 -10.40876471]
-0.01	 0.24	-0.22	-0.01	137_H	[ 56.31895833  71.198625   -10.64658333]
-0.11	 -0.69	-0.05	0.18	137_H	[ 53.75623077  66.61869231 -13.65884615]
-0.09	 -0.04	0.02	0.08	137_H	[ 56.13848148  69.3117037  -13.52111111]
0.02	 0.59	0.08	-0.33	138_I	[56.1533  68.4322  -2.52725]
-0.05	 -0.47	-0.14	0.02	138_I	[58.06266667 70.01933333 -1.1535    ]
0.13	 0.94	-0.0	-0.24	138_I	[54.67075    70.32766667 -4.32083333]
-0.15	 -0.4	-0.03	0.2	138_I	[55.84313636 70.16336364 -2.75240909]
0.1	 1.04	-0.03	0.05	138_I	[55.51   68.3718 -3.462 ]
0.13	 0.67	0.02	-0.23	138_I	[57.6888  72.32635 -2.90285]
0.08	 0.38	-0.03	-0.24	138_I	[57.79207692 69.13684615 -0.74192308]
0.13	 0.86	0.14	-0.38	138_I	[58.35623077 70.94476923 -1.79707692]
0.1	 1.42	-0.01	-0.23	139_P	[55.661      75.23533333 -8.238     ]
0.12	 0.75	-0.01	-0.16	139_P	[56.69375  75.868375 -7.9875  ]
0.11	 0.44	0.0	-0.21	139_P	[58.25738095 75.48390476 -8.92195238]
-0.04	 0.18	-0.06	-0.04	139_P	[54.7244     76.07893333 -6.36873333]
-0.13	 -0.31	-0.03	0.1	139_P	[52.767625  74.1761875 -5.5220625]
-0.06	 0.54	0.04	-0.07	139_P	[53.9731 72.0267 -4.1106]
-0.05	 0.06	-0.07	0.01	139_P	[55.70417143 73.35745714 -8.75082857]
-0.07	 -0.73	0.02	0.01	139_P	[55.643125  76.1414375 -5.1711875]
-0.25	 -0.48	-0.03	0.36	139_P	[54.58480769 76.04773077 -7.30573077]
-0.32	 -0.9	0.25	0.5	139_P	[52.82747368 74.59563158 -4.68094737]
-0.21	 -0.78	0.02	0.38	139_P	[53.07       73.32781818 -7.3125    ]
-0.04	 -0.05	-0.02	0.04	139_P	[55.24296 73.19968 -3.768  ]
-0.09	 0.02	-0.06	0.09	139_P	[53.54871429 71.15353571 -5.90946429]
0.07	 0.48	-0.03	-0.18	140_K	[58.575375  75.102625  -2.9055625]
0.15	 1.26	0.42	-0.66	140_K	[59.18016667 77.26533333 -3.56283333]
0.12	 0.79	0.05	-0.24	140_K	[58.56976471 77.83352941 -7.66035294]
0.11	 0.87	0.34	-0.6	140_K	[58.78046667 80.13346667 -4.818     ]
-0.03	 0.3	-0.08	-0.01	140_K	[58.22438889 80.3145     -7.62666667]
-0.0	 -2.93	-0.02	-0.11	140_K	[58.044      82.46022222 -6.45166667]
0.21	 0.9	-0.01	-0.24	140_K	[56.85381818 75.14563636 -4.13609091]
-0.06	 -0.07	-0.06	-0.03	140_K	[57.63272727 77.55345455 -4.52236364]
0.05	 0.24	-0.3	0.03	140_K	[59.97476923 78.03353846 -8.30461538]
-0.13	 -0.42	-0.17	0.07	140_K	[57.2964  77.72516 -7.26   ]
-0.12	 -0.51	-0.08	0.14	140_K	[58.3745     79.88555556 -4.43811111]
0.12	 0.93	0.06	-0.3	140_K	[60.8565 80.1349 -6.2961]
-0.22	 -0.72	0.08	0.36	140_K	[59.68695652 80.56408696 -8.06482609]
-0.2	 -0.67	0.05	0.33	140_K	[56.9336  80.16116 -7.46764]
-0.36	 -0.88	0.27	0.53	140_K	[57.8267619  82.89833333 -7.20619048]
-0.34	 -0.8	0.15	0.46	140_K	[57.24373913 81.66778261 -5.02      ]
-0.13	 0.02	-0.06	0.15	140_K	[59.9080303  81.86442424 -5.54166667]
0.03	 0.33	-0.08	-0.05	142_T	[61.181      74.65088889  1.619     ]
0.05	 -0.02	0.15	-0.12	142_T	[61.09644444 72.241       2.043     ]
-0.1	 -0.43	-0.13	0.09	142_T	[59.00779167 74.00770833 -0.44225   ]
0.13	 0.88	-0.03	-0.23	142_T	[62.78117391 76.38682609 -0.64817391]
-0.11	 -0.26	-0.04	0.16	142_T	[61.89596667 74.9597      2.1195    ]
0.08	 0.51	-0.11	-0.13	142_T	[60.60277778 71.62288889  1.39011111]
-0.21	 -0.56	0.15	0.34	142_T	[59.23811538 73.78146154  1.14707692]
-0.03	 0.48	-0.09	-0.05	142_T	[60.2952963  76.04381481 -0.881     ]
0.1	 1.11	-0.03	-0.27	142_T	[59.1778     72.40686667 -1.17386667]
0.11	 1.1	0.15	-0.56	143_L	[66.88985714 73.09757143  3.5955    ]
0.07	 0.08	-0.07	-0.09	143_L	[67.32633333 71.20508333  2.90658333]
0.07	 0.39	-0.04	-0.17	143_L	[66.49218182 76.59654545  2.24754545]
0.08	 0.5	-0.07	0.07	143_L	[68.99116667 74.5145      2.86383333]
0.11	 0.45	0.0	-0.28	143_L	[69.47223077 72.54484615  0.58738462]
-0.08	 -0.32	-0.17	0.07	143_L	[69.34215385 77.16380769  2.78080769]
0.0	 -0.83	-0.0	-0.02	143_L	[64.4916     76.04813333  1.17526667]
0.11	 0.77	0.08	-0.2	143_L	[66.46052632 77.03321053  0.978     ]
-0.1	 -0.29	0.08	-0.03	143_L	[66.5611  74.9798   3.44125]
-0.12	 0.24	-0.04	0.23	143_L	[68.73620833 73.44008333  2.69120833]
-0.03	 -0.18	-0.07	0.1	143_L	[70.82252632 74.33005263  0.29078947]
-0.05	 0.12	-0.02	-0.01	143_L	[70.92953846 75.9045      2.24030769]
-0.19	 -1.06	0.14	0.39	143_L	[68.43411538 76.52423077  3.64092308]
0.01	 0.72	-0.2	-0.05	144_K	[65.32466667 74.02644444  4.14922222]
0.08	 1.63	-0.07	-0.17	144_K	[65.24366667 73.37966667  4.89333333]
-0.06	 -0.25	-0.14	0.03	144_K	[65.48042857 68.95397143  3.97954286]
-0.06	 -0.51	-0.13	-0.03	144_K	[62.13977778 73.41088889  4.62366667]
0.04	 0.63	0.04	-0.16	144_K	[62.0264  70.79195  5.0784 ]
0.05	 0.66	-0.04	-0.08	144_K	[64.30513333 72.405       7.49053333]
-0.04	 0.24	-0.1	0.02	144_K	[62.73278947 69.721       7.80889474]
-0.01	 -2.93	-0.01	-0.12	144_K	[64.07111111 70.15311111 10.01455556]
-0.05	 -0.07	-0.13	-0.05	144_K	[64.077      74.571       3.48833333]
-0.09	 -0.4	-0.14	0.15	144_K	[66.06592857 72.276       4.93607143]
-0.16	 -0.29	0.14	0.2	144_K	[63.48995238 73.77628571  5.45866667]
-0.03	 0.35	-0.16	-0.01	144_K	[61.77280952 72.35433333  3.3702381 ]
-0.3	 -1.02	0.18	0.45	144_K	[61.17761111 71.487       5.99677778]
-0.16	 -0.59	-0.11	0.13	144_K	[62.91863636 69.48327273  5.07336364]
-0.06	 -0.19	0.06	0.03	144_K	[65.27852941 70.95047059  6.82311765]
-0.15	 -0.64	-0.06	0.17	144_K	[63.11877778 72.82577778  7.79425926]
-0.21	 -1.03	0.05	0.31	144_K	[61.686   70.37108  8.26312]
-0.28	 -0.72	-0.02	0.41	144_K	[63.7586  68.91695  7.2478 ]
-0.38	 -0.86	0.28	0.55	144_K	[63.81895455 69.37827273 10.38113636]
-0.27	 -0.5	0.1	0.39	144_K	[65.54925    70.453       8.98333333]
-0.29	 -0.66	0.2	0.38	144_K	[63.72877273 71.80995455 10.02045455]
0.05	 0.8	0.07	-0.22	145_D	[60.9837  69.88905  1.66825]
0.03	 -0.09	-0.04	-0.13	145_D	[60.69231579 68.09289474  1.71173684]
-0.02	 0.07	-0.16	0.01	145_D	[59.36236 70.51632  0.0978 ]
0.06	 0.36	-0.03	-0.25	145_D	[62.85847368 68.78421053  2.93694737]
0.12	 0.82	-0.05	-0.18	146_S	[68.87588889 66.941       1.57611111]
0.0	 0.28	0.02	-0.12	146_S	[66.97125    66.77559375  2.92909375]
0.14	 1.05	0.16	-0.44	146_S	[69.30442105 70.18268421  0.82363158]
-0.03	 -0.75	-0.15	0.03	146_S	[70.13095833 67.43208333 -0.08354167]
-0.09	 -0.14	-0.07	0.13	146_S	[68.77048148 69.37766667  2.07166667]
-0.18	 -0.42	-0.1	0.3	146_S	[70.98536364 69.1700303  -0.47818182]
0.12	 1.46	0.21	-0.47	147_G	[69.236375 66.25525  -0.451125]
0.08	 1.7	0.0	-0.23	147_G	[ 6.92708889e+01  6.54696667e+01 -6.62222222e-02]
0.22	 0.7	0.08	-0.23	147_G	[69.6696     63.72946667 -0.9666    ]
0.1	 0.21	-0.23	-0.12	147_G	[69.78844444 64.29177778 -1.81888889]
-0.09	 -0.32	-0.03	0.06	147_G	[69.09734615 64.284       1.54892308]
0.11	 0.71	0.08	-0.3	148_S	[66.31103333 58.24356667  0.1289    ]
-0.11	 0.32	-0.02	0.04	148_S	[69.25842857 59.09085714  0.347     ]
-0.11	 -0.01	-0.01	0.22	148_S	[ 7.06673235e+01  6.15076471e+01 -4.44411765e-02]
-0.08	 0.58	-0.08	0.05	148_S	[68.5723  59.50415  1.4254 ]
0.0	 0.52	-0.24	-0.04	148_S	[69.26893103 58.40231034 -1.03524138]
0.0	 -0.02	-0.05	-0.35	148_S	[71.1869  60.76375 -1.115  ]
0.16	 1.48	0.22	-0.48	150_F	[65.41772727 56.76645455 -0.38763636]
0.19	 0.93	0.08	-0.36	150_F	[64.51966667 53.01419048 -2.226     ]
-0.02	 0.39	-0.23	0.02	150_F	[65.1367 55.7135  0.4943]
-0.08	 -0.25	-0.11	0.17	150_F	[64.03419048 52.49471429 -0.82295238]
-0.02	 -0.39	-0.07	0.04	150_F	[64.55334783 53.76678261  0.45926087]
0.16	 0.89	0.09	-0.35	150_F	[64.73633333 56.78173333  1.3902    ]
-0.12	 -0.18	-0.12	0.07	150_F	[62.23253846 51.54992308 -0.34223077]
-0.11	 -0.21	0.06	0.27	150_F	[62.74175 53.31765  1.76285]
0.09	 1.37	0.11	-0.34	152_R	[56.59816667 50.91683333 -1.88366667]
0.02	 0.08	0.07	-0.2	152_R	[58.6474  50.11295 -0.23645]
0.12	 0.63	-0.16	0.03	152_R	[58.8495  51.97725  1.7715 ]
-0.0	 0.43	-0.01	-0.13	152_R	[56.70934483 51.99458621  1.79486207]
-0.11	 -0.93	-0.04	0.35	152_R	[56.20480645 50.15274194  1.77419355]
0.06	 0.15	0.06	-0.21	152_R	[56.45680952 52.99009524  3.10738095]
0.22	 1.54	0.26	-0.51	152_R	[57.69091304 49.75043478 -2.27895652]
0.07	 0.57	-0.05	-0.22	152_R	[55.78615152 51.97021212 -1.41406061]
0.07	 0.8	-0.09	-0.18	152_R	[57.33557143 49.51628571 -0.55371429]
-0.06	 0.03	0.02	-0.02	152_R	[59.98318519 51.24662963  0.1017037 ]
-0.04	 0.16	-0.32	0.1	152_R	[56.46703125 49.29525     0.74921875]
-0.31	 -1.57	0.34	0.59	152_R	[55.20321053 50.22768421  2.80710526]
0.08	 0.88	0.0	-0.25	152_R	[58.2292 53.7552  3.1351]
-0.27	 -0.48	0.04	0.3	152_R	[55.64907143 52.26035714  3.99021429]
0.12	 1.62	0.21	-0.45	153_G	[56.08564286 50.05171429 -3.17914286]
0.07	 1.28	0.02	-0.25	153_G	[55.13022222 50.46288889 -3.10488889]
0.07	 1.06	0.14	-0.37	153_G	[54.18885714 48.93442857 -3.29871429]
0.11	 0.83	0.02	-0.26	153_G	[55.2236     48.65186667 -3.22926667]
0.13	 0.88	0.08	-0.29	153_G	[54.40335714 50.87521429 -2.90521429]
0.19	 1.31	0.16	-0.42	154_L	[50.37261905 47.62857143 -8.9652381 ]
0.08	 0.73	-0.02	0.06	154_L	[51.37833333 45.83366667 -2.24766667]
0.12	 1.44	0.04	-0.25	154_L	[53.16607143 46.48157143 -2.42285714]
0.04	 0.25	-0.05	-0.18	154_L	[51.21504762 48.1377619  -1.84809524]
0.01	 0.09	-0.1	0.01	154_L	[50.29453571 45.40946429 -3.25682143]
-0.02	 -0.17	-0.12	-0.04	154_L	[53.21482759 45.63603448 -1.87913793]
0.09	 1.7	0.17	-0.41	154_L	[54.057625 47.752    -2.79625 ]
-0.18	 -0.56	-0.13	0.24	154_L	[50.82811765 47.52144118 -1.36797059]
0.08	 0.71	0.04	-0.26	154_L	[52.868125  48.9183125 -2.6004375]
0.04	 0.64	-0.15	-0.12	155_V	[ 51.73492308  43.684      -10.35961538]
-0.1	 -1.18	-0.11	0.02	155_V	[52.60015385 41.97853846 -9.35015385]
0.11	 1.23	0.06	-0.32	155_V	[ 54.28087805  43.48958537 -11.32841463]
0.14	 1.05	0.13	-0.37	155_V	[ 51.75266667  45.81716667 -10.90211111]
-0.18	 -0.45	-0.27	0.35	155_V	[ 53.69246154  43.14426923 -11.65492308]
-0.01	 0.38	-0.01	-0.06	156_G	[ 50.619       44.45385714 -10.01557143]
-0.16	 -1.12	-0.05	0.18	156_G	[49.100875  42.64725   -9.1099375]
-0.09	 -0.68	-0.18	0.1	156_G	[48.58625    42.96291667 -6.41      ]
0.09	 0.56	0.02	-0.22	156_G	[49.23222222 44.22005556 -5.31888889]
-0.07	 0.55	-0.1	0.0	156_G	[50.08686364 45.72936364 -9.45113636]
-0.13	 -0.34	0.07	0.18	156_G	[48.2642381  43.63847619 -8.43552381]
-0.2	 -0.68	0.14	0.33	156_G	[50.2306     41.91906667 -9.5262    ]
-0.01	 -0.07	-0.02	-0.1	157_S	[49.032      41.25871429 -6.795     ]
-0.02	 0.95	-0.19	0.06	157_S	[49.09125 41.189   -5.20725]
0.09	 0.74	-0.06	-0.19	157_S	[52.86415385 40.24069231 -4.06053846]
-0.07	 -0.46	-0.04	0.05	157_S	[52.71245714 42.34445714 -3.01982857]
-0.04	 0.19	0.16	-0.27	157_S	[50.255      39.0805     -4.73133333]
-0.05	 0.18	-0.3	0.17	157_S	[52.42061765 39.02441176 -6.25273529]
-0.15	 -1.07	-0.06	0.13	157_S	[50.23023529 40.58311765 -7.82388235]
-0.13	 -0.43	-0.01	0.06	157_S	[49.78226087 41.8373913  -4.08904348]
-0.23	 -0.74	0.12	0.43	157_S	[51.06424 39.1996  -3.36056]
-0.31	 -0.77	0.12	0.5	157_S	[49.18604545 39.20936364 -5.43236364]
-0.33	 -1.08	0.37	0.59	157_S	[51.636875   37.56408333 -5.56158333]
0.15	 1.42	0.21	-0.5	158_K	[55.45976923 42.20923077 -9.03415385]
0.08	 1.13	-0.03	-0.25	158_K	[58.35490909 41.36209091 -6.135     ]
0.06	 0.74	-0.06	-0.14	158_K	[55.94564286 38.95707143 -7.30335714]
-0.09	 -0.4	-0.11	0.09	158_K	[59.06158824 39.06870588 -7.35211765]
0.04	 -1.77	0.1	-0.3	158_K	[58.77644444 38.18011111 -9.31433333]
0.13	 0.85	0.0	-0.24	158_K	[52.70354545 40.65872727 -7.66509091]
0.06	 0.32	0.03	-0.13	158_K	[54.85578261 40.5596087  -4.75378261]
0.03	 0.32	-0.06	-0.13	158_K	[54.59086667 40.96466667 -8.3754    ]
0.13	 1.61	0.01	-0.28	158_K	[58.4822 42.1612 -6.6793]
-0.06	 -0.83	-0.13	0.12	158_K	[57.5766875 40.6595625 -5.3820625]
-0.32	 -0.48	0.05	0.39	158_K	[56.17428571 38.60295238 -6.42795238]
0.01	 0.13	-0.13	0.08	158_K	[56.213      40.28022222 -9.319     ]
0.01	 -1.04	0.11	-0.03	158_K	[59.63657895 40.65994737 -7.87721053]
-0.23	 -0.56	0.09	0.34	158_K	[58.69320833 38.40083333 -6.58108333]
-0.4	 -0.83	0.3	0.6	158_K	[59.38255 37.5092  -9.1762 ]
-0.26	 -0.62	0.03	0.36	158_K	[57.0793913  38.2806087  -9.64856522]
-0.08	 -0.15	-0.15	0.1	158_K	[ 59.03975  39.6409  -10.30345]
-0.05	 0.11	-0.02	0.01	159_N	[58.95394286 44.08265714 -4.42171429]
0.07	 1.0	0.01	-0.2	159_N	[55.15966667 43.1605     -2.14808333]
0.04	 0.52	-0.02	-0.14	159_N	[56.38682143 46.69675    -1.42353571]
0.1	 0.85	0.07	-0.25	159_N	[57.61359574 47.75757447 -1.96157447]
-0.14	 -0.23	-0.11	0.21	159_N	[56.52138462 45.80080769  0.21069231]
0.02	 0.39	0.03	-0.16	159_N	[56.445125  42.423875  -3.6528125]
-0.08	 -0.06	-0.21	0.08	159_N	[54.36353846 44.26376923 -1.42438462]
-0.19	 -0.73	0.03	0.32	159_N	[56.891375 43.209875 -1.992375]
-0.16	 -0.34	-0.13	0.33	159_N	[57.12932143 47.12107143  0.57742857]
-0.24	 -0.77	0.19	0.39	159_N	[55.78369565 44.72747826  0.36086957]
0.13	 1.42	0.02	-0.27	160_V	[59.70711111 48.03344444 -3.31411111]
0.17	 1.36	0.07	-0.33	160_V	[59.41545455 43.57663636 -7.07481818]
0.02	 -0.65	-0.13	0.0	160_V	[60.11783333 46.52266667 -4.05594444]
0.15	 1.22	0.09	-0.38	160_V	[61.01242857 47.47585714 -7.28735714]
-0.13	 -0.32	-0.12	0.15	160_V	[60.71226087 44.72621739 -6.85513043]
0.17	 1.42	0.33	-0.58	161_S	[63.9396 50.215  -4.9432]
-0.1	 0.28	-0.08	0.0	161_S	[63.52117778 49.24337778 -6.7192    ]
0.09	 1.48	0.34	-0.71	161_S	[60.6074 48.8384 -2.7876]
-0.14	 -0.46	-0.09	0.15	161_S	[62.82551613 48.87690323 -3.31496774]
-0.03	 0.09	-0.08	-0.07	161_S	[61.64216667 47.43027778 -5.68433333]
0.07	 1.03	-0.09	-0.11	161_S	[60.30161111 49.48588889 -2.173     ]
-0.18	 -0.46	0.1	0.23	161_S	[62.93822857 49.72388571 -1.8846    ]
0.02	 0.42	-0.24	-0.07	162_S	[65.641      50.89276923 -5.98676923]
0.04	 0.04	-0.02	-0.16	162_S	[65.15386667 51.8862     -4.01073333]
0.16	 0.84	0.06	-0.27	162_S	[64.16494118 50.90329412 -8.36688235]
0.05	 0.87	-0.08	-0.23	163_E	[66.069      50.97816667 -7.32358333]
0.06	 1.08	-0.09	-0.15	163_E	[69.54892857 52.95678571 -7.35314286]
0.11	 0.94	0.02	-0.25	163_E	[68.43248 50.5744  -8.83416]
0.01	 0.31	-0.2	-0.06	163_E	[70.2378  51.08215 -9.30505]
-0.32	 -0.83	4.13	1.2	163_E	[71.32090244 52.1515122  -9.13      ]
-0.3	 -0.73	0.15	0.4	163_E	[70.72358333 49.24555556 -8.93272222]
0.09	 0.64	-0.08	-0.24	163_E	[66.01418182 51.38545455 -8.36345455]
-0.06	 0.14	0.01	0.0	163_E	[68.08847826 51.61665217 -5.30717391]
0.1	 0.41	-0.18	-0.06	163_E	[68.19187234 53.78029787 -9.26585106]
-0.05	 -0.49	-0.23	0.07	163_E	[70.02408 53.22868 -6.71092]
-0.27	 -1.07	-0.03	0.32	163_E	[68.20335294 49.89329412 -7.16635294]
0.03	 0.5	-0.34	0.03	163_E	[67.41966667 50.99878788 -9.86536364]
0.12	 0.67	-0.17	-0.16	164_T	[70.135375 57.4905   -4.671625]
-0.05	 -0.01	-0.08	-0.0	164_T	[69.72257143 55.97175    -6.71335714]
0.09	 0.96	0.27	-0.45	164_T	[69.75311111 57.14077778 -2.767     ]
-0.08	 -0.16	-0.12	0.15	164_T	[70.5164     55.52053333 -4.07723333]
-0.05	 -0.04	-0.05	0.02	164_T	[67.88540541 54.59340541 -1.21581081]
-0.09	 0.32	-0.2	0.03	164_T	[68.9895  53.082   -4.51075]
0.06	 1.09	-0.04	-0.36	164_T	[69.6522     57.53553333 -2.27693333]
-0.24	 -0.72	0.57	0.64	164_T	[70.99310345 55.84062069 -2.45524138]
-0.27	 -1.15	-0.09	0.48	164_T	[69.3718  55.34432 -0.70224]
0.04	 0.44	-0.23	0.01	164_T	[66.56077273 55.51504545 -0.79418182]
-0.05	 -0.1	0.05	0.04	164_T	[67.92751724 53.33862069 -2.67582759]
0.12	 1.32	0.09	-0.38	165_V	[69.85352632 58.59210526 -4.29921053]
0.1	 1.16	0.37	-0.62	165_V	[68.67690909 59.88627273 -9.17890909]
0.12	 1.04	-0.03	-0.27	165_V	[67.6943     57.41443333 -9.2277    ]
-0.04	 -0.71	-0.14	0.0	165_V	[70.4036087  58.85582609 -5.97195652]
-0.05	 0.06	-0.14	0.03	165_V	[69.65944118 60.98420588 -8.75382353]
0.14	 0.81	0.04	-0.32	165_V	[66.86170588 58.27894118 -9.93452941]
-0.18	 -0.78	-0.21	0.38	165_V	[68.87957895 57.62689474 -8.60521053]
0.11	 0.93	0.02	-0.26	166_N	[70.73629412 64.30041176 -7.05144118]
0.06	 0.29	-0.11	-0.14	166_N	[73.08014286 63.79521429 -4.25057143]
-0.05	 0.09	-0.1	0.03	166_N	[72.49961111 61.20577778 -3.37511111]
-0.02	 0.11	0.89	0.22	166_N	[71.35629787 60.09725532 -2.67917021]
-0.15	 -0.54	-0.13	0.22	166_N	[73.5575     60.90432143 -4.55714286]
0.03	 0.23	-0.11	-0.07	166_N	[71.04788889 60.955      -6.46805556]
-0.05	 0.02	-0.15	0.07	166_N	[72.35756 63.38484 -5.78996]
-0.0	 0.29	-0.08	-0.0	166_N	[71.53454054 63.73594595 -2.72683784]
-0.3	 -1.04	0.24	0.52	166_N	[73.99608333 60.06270833 -3.565875  ]
-0.29	 -1.12	0.28	0.51	166_N	[74.05595 61.78045 -5.44005]
0.16	 1.45	0.35	-0.31	167_I	[70.02810345 66.09448276 -2.08106897]
0.08	 0.99	0.11	-0.33	168_T	[72.354      69.41092308 -3.95246154]
0.15	 1.06	-0.03	-0.27	168_T	[73.176375 69.01475  -6.392625]
-0.13	 -0.39	-0.21	0.15	168_T	[73.16818519 66.68922222 -4.3832963 ]
-0.04	 0.13	-0.06	-0.06	168_T	[72.39808108 70.34997297 -3.85437838]
0.07	 0.87	0.05	-0.26	168_T	[71.71225 67.07075 -7.08725]
-0.21	 -0.83	0.11	0.49	168_T	[73.9105     67.72765385 -5.10896154]
-0.14	 -0.41	-0.05	0.23	168_T	[72.29714286 67.37103571 -2.57696429]
0.09	 0.56	-0.08	-0.19	168_T	[72.1195     66.04564286 -5.63171429]
0.14	 1.37	0.3	-0.56	169_I	[70.73033333 70.71533333 -2.6575    ]
0.16	 1.36	0.38	-0.62	169_I	[71.4531 72.2978 -3.2899]
-0.08	 0.1	-0.09	-0.04	169_I	[71.00417143 72.43877143 -1.59848571]
0.17	 1.4	0.3	-0.54	169_I	[70.50471429 70.23971429 -2.02971429]
-0.02	 0.3	-0.06	-0.05	170_T	[73.63282609 73.14413043 -5.71843478]
-0.07	 0.04	-0.18	-0.01	170_T	[72.383      74.57409524 -2.46980952]
0.02	 0.39	0.0	-0.17	170_T	[73.08106667 76.36806667 -5.4736    ]
0.04	 0.1	-0.05	-0.07	170_T	[70.95515385 75.6245     -7.77673077]
-0.19	 -0.84	-0.05	0.3	170_T	[73.42238889 74.36733333 -7.17277778]
-0.13	 -0.26	0.04	0.19	170_T	[73.28609375 73.45884375 -4.334125  ]
0.12	 0.82	-0.02	-0.12	171_Q	[72.34963636 79.40072727 -4.44963636]
-0.15	 -0.62	-0.0	0.17	171_Q	[70.97261111 81.4765     -3.58922222]
0.05	 0.61	-0.09	-0.11	171_Q	[72.79666667 80.40833333 -1.22277778]
0.08	 1.26	-0.01	-0.27	171_Q	[72.63025   77.0190625  0.1144375]
-0.04	 0.05	-0.05	-0.05	171_Q	[72.60685 78.9486   1.4932 ]
-0.21	 -0.81	0.03	0.28	171_Q	[71.20521212 79.99124242  1.77672727]
-0.13	 -0.24	-0.08	0.1	171_Q	[73.75542857 78.00953571  1.7605    ]
0.05	 0.59	-0.01	-0.13	171_Q	[72.91070833 76.99729167 -3.71691667]
-0.13	 -0.36	0.11	0.14	171_Q	[73.5291  79.20675 -1.91845]
0.01	 -0.04	0.04	-0.09	171_Q	[71.20645455 80.69640909 -0.82190909]
-0.07	 -0.12	-0.05	0.06	171_Q	[72.69672727 76.53213636 -0.71886364]
-0.2	 -0.88	0.08	0.3	171_Q	[73.84275862 76.93975862  1.18786207]
-0.3	 -1.01	0.24	0.52	171_Q	[73.60696 78.70072  3.05412]
0.08	 1.03	-0.05	-0.26	172_G	[70.79755556 80.85944444 -5.88555556]
-0.04	 0.14	0.05	-0.12	172_G	[70.72190909 79.89604545 -8.20836364]
-0.15	 -0.47	-0.01	0.16	172_G	[70.39454545 78.88622727 -8.97345455]
-0.23	 -0.75	0.11	0.33	172_G	[72.65708108 78.69321622 -7.46581081]
0.15	 1.19	0.22	-0.5	172_G	[68.86073333 80.86066667 -5.04266667]
-0.19	 -0.54	0.02	0.31	172_G	[71.34118182 81.29040909 -5.97313636]
