-0.13	 -0.65	-0.01	0.19	2_S	[14.61313333 40.163      72.47135556]
0.14	 1.92	0.06	-0.34	2_S	[13.6786 41.624  73.958 ]
0.02	 0.76	-0.05	-0.09	2_S	[10.5016 40.3957 70.9205]
-0.03	 -1.01	-0.1	0.03	2_S	[ 9.619      40.71689474 72.84426316]
-0.23	 -1.14	0.08	0.32	2_S	[12.42956716 42.6371791  72.05419403]
0.01	 0.09	-0.24	-0.07	3_L	[11.50888889 40.08966667 70.18866667]
0.05	 1.74	-0.09	-0.1	3_L	[10.2805  39.56325 70.16125]
0.03	 0.83	-0.08	-0.08	3_L	[11.90114286 38.20557143 68.24957143]
-0.1	 -0.54	-0.01	0.1	3_L	[ 7.84525    36.62267857 68.7535    ]
-0.08	 -0.4	-0.05	0.11	3_L	[11.11202703 35.02464865 67.64813514]
-0.01	 0.22	-0.0	-0.02	3_L	[12.97209524 39.07261905 70.2692381 ]
0.02	 -0.6	-0.02	-0.02	3_L	[ 8.91133333 38.98953333 70.70653333]
-0.2	 -0.47	0.16	0.23	3_L	[10.43570588 38.96047059 68.66652941]
-0.05	 -0.31	-0.07	0.02	3_L	[12.7432381  37.4412381  69.03985714]
0.17	 0.87	0.11	-0.35	3_L	[11.46945 35.1188  70.41515]
-0.15	 -0.8	0.08	0.27	3_L	[ 7.96386364 34.91995455 68.70722727]
-0.07	 -0.24	-0.2	0.08	3_L	[ 7.62534615 36.82969231 70.51476923]
-0.21	 -0.88	0.18	0.29	3_L	[ 8.65790476 37.5997619  67.54690476]
-0.25	 -1.1	0.01	0.34	3_L	[10.01221739 34.41104348 67.45565217]
-0.24	 -1.07	0.09	0.4	3_L	[10.93805 36.9226  66.61735]
1.01	 -0.5	0.05	0.42	3_L	[12.55640909 35.28813636 68.42009091]
0.22	 1.59	0.14	-0.4	4_V	[11.13393333 34.39973333 76.08566667]
0.07	 0.37	-0.05	0.08	4_V	[15.385      36.708      74.30166667]
-0.11	 -0.59	-0.13	0.16	4_V	[14.49893333 35.22283333 76.07296667]
0.04	 -0.41	-0.07	0.1	4_V	[14.65675758 35.51681818 72.04124242]
0.16	 0.99	0.14	-0.39	4_V	[11.81518182 34.03972727 73.63445455]
0.04	 0.16	-0.01	-0.04	4_V	[14.72842857 37.77714286 74.55028571]
-0.24	 -0.84	0.13	0.37	4_V	[15.81608696 35.45191304 75.3346087 ]
-0.03	 -0.15	-0.21	0.03	4_V	[13.64221429 36.65089286 76.96692857]
-0.12	 -0.32	-0.09	0.23	4_V	[13.31775    33.8764375  75.25234375]
-0.22	 -1.06	0.27	0.36	4_V	[16.04736364 35.45913636 73.13386364]
-0.17	 -0.32	-0.1	0.24	4_V	[13.36364 34.01588 72.43876]
0.06	 -0.27	-0.21	0.2	4_V	[14.304      36.67773684 71.23615789]
0.2	 1.12	0.42	-0.57	5_E	[10.4425 38.4186 78.4831]
0.09	 1.46	-0.03	-0.2	5_E	[10.39321429 40.193      77.14407143]
0.03	 0.52	-0.08	-0.09	5_E	[13.75992308 39.62146154 77.81623077]
-0.05	 -0.25	-0.11	0.02	5_E	[13.33960606 41.91121212 76.78157576]
-0.26	 -0.73	-0.11	0.35	5_E	[11.94997368 42.83889474 76.53194737]
-0.33	 -0.99	0.2	0.47	5_E	[14.70005263 42.04168421 78.29584211]
0.2	 1.38	0.18	-0.43	5_E	[12.369      37.38285714 77.971     ]
0.13	 0.43	0.1	-0.27	5_E	[10.933125  41.2165    75.1220625]
-0.02	 0.1	-0.23	0.04	5_E	[10.26692308 40.46084615 78.09111538]
-0.17	 -0.5	-0.02	0.25	5_E	[12.902      39.21854545 78.63118182]
-0.01	 0.09	-0.06	0.0	5_E	[14.22405556 39.27977778 76.12361111]
0.16	 1.57	0.19	-0.43	6_A	[ 8.89666667 40.006      75.3204    ]
0.04	 1.21	0.07	-0.28	6_A	[ 7.91216667 39.999      75.488     ]
0.15	 1.26	0.16	-0.44	6_A	[ 5.82394444 36.29944444 74.08327778]
-0.03	 -0.43	-0.1	-0.03	6_A	[ 6.80848148 38.22977778 72.36962963]
0.16	 1.04	0.13	-0.4	6_A	[ 7.1213 40.199  75.3743]
-0.02	 -0.02	-0.14	0.03	6_A	[ 5.27917391 38.12143478 73.05282609]
-0.58	 -0.05	0.06	0.09	6_A	[ 7.50463636 40.35240909 73.27859091]
0.12	 1.22	0.11	-0.41	6_A	[ 7.404625 37.032875 72.099875]
0.14	 1.53	0.06	-0.33	7_I	[ 6.7295     36.16466667 73.54866667]
0.06	 0.56	-0.04	-0.21	7_I	[ 7.22656 34.82132 72.03456]
-0.06	 -0.26	-0.34	0.03	7_I	[ 8.23841667 30.84008333 74.5075    ]
-0.13	 -0.67	0.0	0.16	7_I	[ 9.90076 32.41172 71.13676]
0.11	 1.07	0.2	-0.48	7_I	[ 6.1046 34.9707 73.7012]
0.08	 0.84	0.11	-0.37	7_I	[10.37005 33.3222  74.59315]
-0.19	 0.2	-0.2	0.13	7_I	[ 6.3355     33.24580769 72.05119231]
0.09	 1.02	-0.04	-0.23	7_I	[ 7.601      35.72758333 72.0045    ]
-0.19	 -0.46	-0.07	0.34	7_I	[ 9.2997619  31.00190476 73.758     ]
-0.01	 -0.1	0.0	-0.07	7_I	[ 8.61096296 31.68603704 76.33314815]
0.17	 1.35	0.13	-0.4	7_I	[ 6.58905263 31.13436842 73.35163158]
-0.12	 -0.13	-0.08	0.15	7_I	[ 8.85186364 33.16813636 70.15386364]
-0.0	 0.65	-0.07	0.01	7_I	[11.09773913 33.36830435 72.16847826]
-0.21	 -0.54	0.41	0.35	7_I	[ 8.7521 31.325  72.0556]
0.14	 1.79	0.22	-0.48	8_S	[ 9.83763636 33.79081818 76.73190909]
0.08	 1.76	0.22	-0.5	8_S	[ 9.52272727 33.74109091 78.67618182]
0.12	 0.51	-0.15	-0.1	8_S	[ 8.342125  34.2441875 81.2089375]
0.1	 1.16	0.01	-0.26	8_S	[11.24994118 35.30847059 79.06617647]
-0.01	 0.06	-0.1	0.01	8_S	[ 9.54308 36.3018  81.02344]
-0.02	 -0.03	-0.16	-0.04	8_S	[ 9.24266667 33.04088889 79.10785185]
-0.21	 -0.61	-0.16	0.34	8_S	[11.77388462 34.50273077 78.53142308]
-0.17	 -0.16	-0.05	0.25	8_S	[11.18302381 37.19202381 79.94871429]
0.1	 0.89	-0.05	0.07	9_L	[ 8.484      40.00533333 80.36      ]
0.04	 -0.13	-0.12	-0.06	9_L	[ 7.49490909 41.82427273 77.85863636]
0.06	 0.21	-0.11	-0.06	9_L	[ 6.91460714 39.70146429 82.27278571]
0.07	 0.2	-0.14	-0.11	9_L	[ 8.90686957 39.1256087  79.915     ]
-0.15	 -0.32	-0.1	0.16	9_L	[ 7.87842308 41.94530769 79.40657692]
0.09	 1.29	-0.01	-0.22	9_L	[ 7.855875   40.759375   76.99020833]
-0.16	 -0.57	-0.01	0.19	9_L	[ 7.36324138 41.06644828 81.78727586]
0.14	 1.49	-0.01	-0.27	9_L	[ 4.97344444 41.14311111 82.09788889]
0.15	 1.28	0.07	-0.35	10_W	[ 4.11272727 34.21609091 72.439     ]
0.09	 1.58	0.15	-0.39	10_W	[ 4.3657 33.5336 71.7828]
0.08	 0.68	-0.01	-0.2	10_W	[ 4.81944444 34.57022222 73.35761111]
-0.06	 -0.1	-0.16	0.09	10_W	[ 3.78620513 32.4424359  71.01712821]
0.15	 0.76	-0.01	-0.25	10_W	[ 1.28543478 30.03343478 71.09852174]
0.09	 0.74	0.04	-0.29	11_N	[ 8.09614286 31.35585714 78.59785714]
-0.07	 -0.45	0.05	-0.01	11_N	[ 7.54307143 29.45414286 79.08064286]
-0.06	 -0.01	-0.1	0.11	11_N	[ 5.76830435 28.29363043 80.23402174]
-0.04	 0.14	0.04	0.0	11_N	[ 8.59533333 30.53557143 81.1247619 ]
0.11	 0.69	-0.1	-0.15	11_N	[ 7.2352 30.4884 77.5934]
-0.16	 -0.27	-0.01	0.23	11_N	[ 8.05653846 29.10280769 82.15980769]
-0.08	 -0.09	-0.05	0.09	11_N	[ 7.96540741 31.76985185 81.97818519]
0.17	 1.1	0.11	-0.38	12_E	[ 3.43641667 33.27941667 85.35958333]
0.08	 0.58	-0.19	0.06	12_E	[ 6.51566667 34.19266667 84.087     ]
0.07	 0.3	-0.2	-0.08	12_E	[ 4.56684615 35.64638462 85.49207692]
-0.2	 -0.5	-0.06	0.18	12_E	[ 6.86623077 36.60223077 85.57038462]
-0.11	 -0.4	0.07	-0.1	12_E	[ 7.75082857 37.61382857 83.604     ]
-0.25	 -0.7	0.04	0.33	12_E	[ 5.2497381  38.48395238 85.4055    ]
0.11	 0.64	-0.07	-0.18	12_E	[ 6.10433333 32.83995238 83.76990476]
0.05	 0.2	0.11	-0.21	12_E	[ 7.28892 34.7914  83.27636]
0.18	 1.4	0.17	-0.44	12_E	[ 3.12831579 36.45526316 85.13384211]
-0.17	 -0.5	-0.14	0.28	12_E	[ 5.02740909 34.72995455 85.61609091]
0.06	 1.1	0.03	-0.24	14_V	[ 2.26892857 27.88407143 80.31871429]
0.18	 1.5	0.14	-0.43	14_V	[ 2.07075  27.438375 79.632   ]
0.08	 0.44	0.04	-0.27	14_V	[ 2.396      27.87222727 81.51272727]
0.13	 1.37	0.0	-0.31	15_L	[ 1.55315385 28.24638462 86.92038462]
0.08	 0.72	0.08	-0.24	15_L	[ 3.8986 31.3654 85.8428]
-0.06	 -0.56	0.01	0.03	15_L	[ 6.55377419 29.04322581 85.59303226]
-0.06	 0.02	-0.29	0.16	15_L	[ 3.49492857 26.71109524 84.10697619]
0.13	 0.63	-0.06	-0.17	15_L	[ 4.47007143 32.00707143 85.05442857]
0.05	 0.68	0.13	-0.36	15_L	[ 3.86334615 29.99726923 87.06176923]
0.23	 1.34	0.25	-0.51	15_L	[ 3.99553333 28.6776     82.11113333]
-0.15	 -0.29	0.02	0.12	15_L	[ 6.87373077 27.93788462 83.89153846]
-0.01	 -0.88	-0.07	0.08	15_L	[ 6.72517857 30.73842857 84.56082143]
-0.24	 -0.49	0.04	0.54	15_L	[ 5.76974074 28.89785185 86.71296296]
-0.21	 -0.75	0.24	0.35	15_L	[ 5.19527273 26.4775     83.91377273]
-0.09	 -0.65	-0.1	0.23	15_L	[ 3.52888571 27.404      86.3302    ]
0.08	 0.19	-0.0	-0.3	15_L	[ 2.59788889 26.68777778 83.13827778]
0.17	 1.63	0.15	-0.37	16_A	[ 2.47675    32.21316667 86.48875   ]
0.19	 1.55	-0.01	-0.29	16_A	[ 2.0482 32.4294 87.4876]
0.14	 1.31	0.01	-0.34	16_A	[ 1.00736364 34.12754545 88.29863636]
0.0	 0.34	-0.13	-0.01	16_A	[ 1.773975 34.85205  86.83405 ]
0.18	 1.19	0.09	-0.34	17_A	[-5.4032 28.8278 85.9558]
0.07	 0.87	0.49	-0.71	18_D	[-2.95466667 25.90533333 86.29266667]
0.09	 0.93	0.05	-0.31	18_D	[-1.12530769 26.75853846 88.51246154]
-0.13	 -0.45	0.03	0.32	18_D	[-3.72639474 26.14492105 88.38128947]
0.04	 0.63	-0.02	-0.19	18_D	[-0.326      26.31857692 86.47930769]
-0.06	 0.64	-0.04	0.07	18_D	[-2.07209091 25.26590909 84.47363636]
0.05	 0.2	-0.15	-0.06	18_D	[-3.48778571 26.47214286 83.40435714]
-0.03	 0.15	0.04	-0.09	18_D	[ 0.40084615 25.23034615 83.63930769]
0.03	 0.21	0.23	0.05	18_D	[-4.05709375 27.36903125 85.1440625 ]
0.06	 0.29	-0.14	-0.12	18_D	[ 0.86052941 27.12817647 86.34823529]
-0.24	 -0.65	0.01	0.32	18_D	[-1.20390476 25.36661905 86.65566667]
0.06	 1.04	0.08	-0.38	19_K	[-2.3288 28.159  91.4888]
0.18	 1.21	-0.06	-0.22	19_K	[-3.61566667 28.086      91.224     ]
-0.07	 -0.44	0.02	0.11	19_K	[-3.78757143 29.76831429 92.0584    ]
0.06	 0.37	-0.24	0.08	19_K	[-1.08066667 28.18066667 91.61033333]
0.02	 0.1	-0.04	-0.13	19_K	[ 0.67225   27.6225625 89.8426875]
0.06	 0.26	-0.13	-0.07	19_K	[ 1.44773333 29.39066667 92.09193333]
0.07	 0.82	0.0	-0.25	19_K	[ 3.36489474 29.37731579 89.34131579]
-0.01	 -4.68	-0.01	-0.08	19_K	[ 4.02033333 31.635      91.02066667]
-0.07	 -0.62	-0.01	0.02	19_K	[-2.29720833 27.16195833 90.56120833]
-0.02	 -0.56	-0.06	0.13	19_K	[-1.25919231 29.79742308 92.02561538]
-0.17	 -0.48	0.07	0.21	19_K	[ 0.31774074 27.28140741 90.80774074]
0.07	 0.58	0.03	-0.22	19_K	[ 1.26752381 28.2057619  88.30514286]
-0.02	 -0.62	-0.09	0.09	19_K	[ 0.60130769 31.32915385 91.83361538]
-0.21	 -0.88	0.06	0.49	19_K	[ 1.91354167 28.86895833 92.37345833]
-0.12	 -0.21	-0.19	0.33	19_K	[ 3.6049   29.08585  89.717275]
-0.23	 -0.45	0.07	0.26	19_K	[ 3.73703226 31.77564516 89.33248387]
-0.06	 0.31	0.03	0.13	19_K	[ 1.52712121 32.84190909 90.2200303 ]
-0.31	 -0.82	0.23	0.5	19_K	[ 3.598      31.25495238 92.13342857]
0.09	 1.01	0.04	-0.24	20_K	[-4.2778 32.3973 91.4899]
-0.12	 -0.76	0.01	0.13	20_K	[-6.53408696 33.14834783 91.2056087 ]
0.06	 0.92	-0.07	-0.12	20_K	[-7.04028571 30.61457143 91.61228571]
0.05	 -0.13	-0.17	-0.09	20_K	[-6.0947 26.8813 89.175 ]
0.04	 1.8	-0.03	-0.18	20_K	[-8.7367 27.7167 89.2694]
-0.01	 0.35	-0.14	0.06	20_K	[-7.33406667 26.73093333 91.64266667]
0.01	 -2.72	-0.01	-0.12	20_K	[-9.56044444 26.00755556 91.83944444]
-0.12	 0.01	-0.04	0.07	20_K	[-5.88529412 30.14658824 92.04841176]
0.07	 -0.63	-0.03	-0.08	20_K	[-7.8425 31.1603 90.8254]
0.1	 -0.31	-0.0	-0.18	20_K	[-6.10811765 27.88141176 87.89311765]
0.04	 0.47	-0.06	-0.17	20_K	[-5.28511538 27.19503846 90.56346154]
0.0	 0.1	-0.12	-0.02	20_K	[-8.93804762 29.40580952 90.53028571]
-0.2	 -0.68	-0.11	0.27	20_K	[-8.47415 27.41895 88.4636 ]
-0.2	 -0.62	-0.03	0.38	20_K	[-7.04395238 25.68533333 90.53442857]
-0.15	 -0.18	0.09	0.13	20_K	[-7.22714815 28.00137037 92.3747037 ]
-0.31	 -0.66	0.23	0.47	20_K	[-9.25269565 25.5573913  92.53743478]
-0.24	 -0.59	0.09	0.32	20_K	[-10.11057692  27.68361538  91.53230769]
-0.25	 -0.67	0.13	0.39	20_K	[-9.74936 25.85856 90.02828]
0.08	 1.42	0.02	-0.27	21_D	[-3.6798 33.0586 91.446 ]
0.1	 1.53	-0.01	-0.25	21_D	[-2.46       34.189      91.84866667]
-0.08	 0.44	0.04	-0.01	21_D	[-1.28988235 35.12705882 91.74476471]
-0.13	 -0.16	0.03	0.12	21_D	[-2.62124138 37.07227586 91.10955172]
-0.17	 -0.33	-0.0	0.21	21_D	[ 0.33036364 35.71163636 90.39342424]
-0.03	 -0.11	-0.06	-0.01	21_D	[-4.34453846 34.73053846 91.17269231]
-0.01	 0.17	0.03	-0.04	21_D	[-1.60348276 32.93424138 91.57041379]
0.01	 0.36	-0.04	-0.13	22_W	[-9.17884 35.06992 89.6546 ]
0.1	 1.2	0.28	-0.58	22_W	[-9.74738462 32.89784615 89.21161538]
0.09	 1.34	0.04	-0.3	22_W	[-10.47475  31.6705   87.97575]
0.23	 1.02	0.06	-0.27	22_W	[-6.01236364 35.53372727 89.92372727]
0.11	 1.05	0.2	-0.44	22_W	[-7.53727273 36.719      89.24245455]
-0.11	 -0.9	-0.0	0.23	22_W	[-9.42616 36.0406  89.7112 ]
-0.19	 -0.3	-0.04	0.24	22_W	[-9.99610811 32.92210811 89.84572973]
-0.06	 0.15	-0.03	-0.02	22_W	[-9.92924138 30.017      88.31906897]
0.16	 0.38	-0.01	-0.25	22_W	[-7.77988 28.77532 86.18708]
0.12	 1.25	0.25	-0.53	23_K	[-1.62545455 40.27081818 88.59463636]
0.07	 1.24	-0.03	-0.19	23_K	[-3.403      39.64375    90.55966667]
0.06	 0.79	-0.07	-0.01	23_K	[-4.47033333 42.07533333 89.94933333]
0.04	 -0.06	-0.1	-0.02	23_K	[-5.91290909 41.21036364 91.74118182]
-0.07	 -0.04	-0.11	0.12	23_K	[-7.82981818 42.83272727 90.36190909]
-0.01	 -4.73	-0.01	-0.08	23_K	[-9.21683333 41.54033333 92.229     ]
0.1	 0.68	0.1	-0.28	23_K	[-5.81258333 37.3185     89.68629167]
-0.06	 0.07	-0.2	0.06	23_K	[-4.46994444 39.13544444 90.93094444]
-0.09	 -0.06	-0.17	0.12	23_K	[-2.86716 41.17836 89.54428]
-0.05	 0.12	-0.11	0.02	23_K	[-5.15441176 42.44020588 88.39408824]
-0.03	 -0.27	-0.03	0.07	23_K	[-6.68229412 39.40788235 91.31823529]
-0.19	 -0.62	0.06	0.32	23_K	[-5.481375   42.037375   91.63854167]
-0.28	 -0.87	0.21	0.48	23_K	[-7.55878947 43.38468421 90.96931579]
0.04	 -0.0	0.04	-0.11	23_K	[-8.5271875 42.09775   88.931    ]
-0.28	 -0.33	0.06	0.4	23_K	[-10.0152069   41.61103448  90.79858621]
-0.16	 -0.17	-0.01	0.07	23_K	[-9.12006667 39.54213333 90.90993333]
-0.35	 -0.9	0.25	0.5	23_K	[-8.2974  41.44135 92.93675]
0.05	 0.7	-0.04	-0.14	24_G	[-1.97266667 38.84741667 89.55625   ]
-0.06	 0.06	-0.01	-0.01	24_G	[ 0.116375  38.1449375 88.8298125]
0.09	 1.21	-0.02	-0.21	24_G	[ 1.01816667 36.87966667 86.75266667]
0.08	 0.68	0.0	-0.22	24_G	[ 1.47625926 38.05518519 85.91303704]
-0.08	 -0.38	-0.05	0.17	24_G	[-0.12629167 39.71354167 88.33508333]
0.03	 -0.0	-0.05	0.0	24_G	[ 0.70207143 36.80378571 88.58121429]
0.11	 -0.16	0.35	-0.49	26_L	[-4.1134 43.2592 82.7   ]
0.01	 0.16	-0.08	-0.04	26_L	[-6.3467619  43.20009524 84.58928571]
0.08	 0.66	0.01	-0.26	26_L	[-3.32255 43.18595 83.18535]
0.02	 0.25	0.05	-0.05	26_L	[-5.378   43.99305 83.0941 ]
0.0	 -0.31	-0.03	-0.01	26_L	[-5.5448 42.7582 85.8398]
0.07	 0.91	-0.15	-0.09	27_D	[ 2.3386 41.3575 84.1666]
0.01	 0.52	-0.12	-0.08	27_D	[ 1.90394737 43.05905263 82.77526316]
0.03	 0.79	-0.08	-0.04	27_D	[ 1.374375  42.0753125 85.9819375]
-0.09	 -0.23	-0.03	0.16	27_D	[-0.60646154 44.049      86.07976923]
-0.06	 -0.15	-0.06	0.09	27_D	[-2.76653571 43.41060714 85.87239286]
-0.22	 -0.65	0.11	0.3	27_D	[-0.6529   42.9816   88.222525]
0.02	 0.64	-0.03	-0.1	27_D	[-1.08936842 43.42736842 83.49847368]
0.04	 0.09	0.05	-0.03	27_D	[ 1.14936842 40.69426316 86.62952632]
-0.3	 -0.59	0.12	0.3	27_D	[ 1.56705263 42.99142105 85.24984211]
0.1	 1.42	-0.07	-0.21	28_A	[ 2.00211111 40.339      84.65822222]
0.08	 1.51	0.14	-0.4	28_A	[ 3.17109091 39.79663636 83.959     ]
0.09	 0.41	0.07	-0.23	28_A	[ 3.813625 40.705125 82.916125]
0.12	 0.96	-0.04	-0.21	28_A	[ 2.82823077 38.877      84.66646154]
0.08	 1.05	0.05	-0.24	30_S	[ 1.073      44.71927273 80.35409091]
-0.69	 -0.54	-0.23	0.22	30_S	[ 0.74102778 45.39661111 77.89141667]
0.01	 0.64	0.05	-0.19	30_S	[-2.40189474 44.51628947 80.60555263]
0.1	 0.96	-0.0	-0.27	30_S	[-3.63974286 43.75045714 80.4894    ]
0.11	 0.68	-0.02	-0.22	30_S	[-0.89003846 43.29765385 77.29088462]
-0.01	 0.17	-0.0	0.0	30_S	[-0.08390476 44.24942857 81.6802381 ]
-0.35	 -0.96	-0.34	0.71	30_S	[-1.9366875 45.3865625 79.7578125]
0.06	 1.17	-0.02	-0.23	31_A	[ 2.1934 44.7286 80.4368]
0.14	 1.15	0.07	-0.35	31_A	[ 3.25593333 45.0414     76.9048    ]
-0.14	 -0.33	-0.1	0.16	31_A	[ 5.47064516 44.513      77.34506452]
-0.07	 0.19	-0.1	0.08	31_A	[ 4.81217391 43.29108696 81.6043913 ]
-0.19	 -0.37	-0.02	0.25	31_A	[ 2.72557895 45.54936842 79.44373684]
-0.09	 -0.22	0.08	0.13	31_A	[ 5.59764 44.15712 80.24824]
-0.08	 -0.44	0.16	0.04	31_A	[ 3.153      44.04951852 81.66825926]
0.2	 1.18	0.1	-0.35	32_V	[ 0.8606  43.6053  75.53135]
0.03	 0.47	-0.36	-0.16	32_V	[ 4.58575    40.52520833 72.46391667]
0.14	 0.76	-0.0	-0.21	32_V	[ 5.96416667 41.99516667 75.94441667]
0.08	 1.12	0.09	-0.35	32_V	[ 3.27809091 39.03695455 72.67136364]
0.13	 1.24	0.43	-0.66	32_V	[ 5.79       41.27666667 74.33166667]
0.11	 1.05	-0.07	-0.19	33_Q	[ 5.287      44.67615385 71.56      ]
-0.11	 -0.34	-0.35	0.2	33_Q	[ 5.23333333 42.06254167 71.58891667]
-0.08	 -0.26	-0.05	0.1	33_Q	[ 5.01873333 46.93826667 72.64206667]
0.05	 1.14	-0.04	-0.23	33_Q	[ 2.72025   46.894     74.8770625]
-0.07	 -0.05	-0.02	0.08	33_Q	[ 3.17683333 48.90858333 72.71283333]
-0.21	 -1.05	-0.04	0.3	33_Q	[ 2.74215152 48.03127273 70.62190909]
-0.11	 -0.47	0.03	0.09	33_Q	[ 0.65353333 49.28193333 73.37113333]
-0.09	 0.52	0.0	-0.01	33_Q	[ 5.71431818 43.408      73.83527273]
-0.13	 -0.62	0.06	0.19	33_Q	[ 5.20025    46.21966667 74.14358333]
-0.04	 -0.3	-0.03	0.01	33_Q	[ 4.63354545 46.39672727 71.04336364]
0.04	 0.51	-0.2	-0.08	33_Q	[ 1.27867857 45.95839286 74.56425   ]
-0.27	 -0.74	-0.0	0.39	33_Q	[ 3.2185     47.664875   74.90895833]
-0.29	 -0.7	0.12	0.39	33_Q	[ 0.2255     48.24322222 74.19205556]
-0.22	 -0.64	0.07	0.3	33_Q	[ 0.37996429 49.238      71.86939286]
0.11	 2.0	0.05	-0.34	34_D	[ 2.367      43.41933333 67.669     ]
0.08	 0.72	0.02	-0.21	34_D	[ 1.49192857 42.2165     68.21842857]
-0.12	 -0.27	-0.18	0.09	34_D	[ 2.74010811 40.543      69.04589189]
0.04	 0.74	0.02	-0.2	34_D	[ 4.44970833 42.81945833 68.19775   ]
-0.1	 -0.39	-0.19	0.14	34_D	[ 4.4952963  44.92448148 67.50666667]
-0.2	 -0.77	-0.17	0.43	34_D	[ 2.465      45.28760465 67.09595349]
-0.34	 -1.25	0.28	0.53	34_D	[ 5.98225    45.46505556 66.92783333]
0.14	 1.37	0.19	-0.42	34_D	[ 1.63826087 46.03056522 70.05647826]
0.12	 0.69	0.16	0.15	34_D	[ 1.44015625 44.77678125 68.2540625 ]
-0.13	 -0.38	-0.11	0.1	34_D	[ 5.6399 43.935  69.5958]
-0.21	 -0.38	-0.01	0.24	34_D	[ 4.11990476 42.094      67.81985714]
0.12	 1.45	0.34	-0.58	35_P	[ 0.4769 41.0184 68.2935]
0.06	 0.36	-0.11	-0.14	35_P	[-0.6460625 44.1654375 73.5240625]
0.16	 1.25	0.35	-0.59	35_P	[ 2.3682     40.11093333 71.32986667]
0.05	 0.49	-0.06	-0.24	35_P	[-1.9213913  43.76686957 72.98934783]
0.15	 0.82	0.11	-0.28	35_P	[4.55000000e-02 4.34756111e+01 7.41747222e+01]
0.09	 0.63	0.36	-0.43	36_H	[ 0.7765 39.68   67.8235]
-0.14	 -0.39	-0.06	0.15	36_H	[ 1.12733333 37.29275    66.92241667]
-0.11	 0.75	-0.08	0.11	36_H	[ 1.274      35.53642857 67.97985714]
0.03	 0.99	-0.07	-0.13	36_H	[-0.10617647 34.32770588 68.42441176]
-0.05	 -0.16	0.01	-0.01	36_H	[ 2.7183913  35.72052174 69.37569565]
0.05	 0.55	-0.3	-0.03	36_H	[ 0.97875    33.57316667 69.04833333]
0.09	 0.6	-0.12	-0.13	36_H	[ 2.1897 33.8964 69.9483]
0.18	 1.58	0.29	-0.55	36_H	[ 2.0924375 38.8864375 70.7744375]
0.04	 0.56	-0.06	-0.11	36_H	[-0.60456522 39.62413043 67.05095652]
-0.09	 -0.89	0.07	0.12	36_H	[-0.33166667 36.86180952 66.73138095]
-0.09	 -0.21	0.18	0.07	36_H	[ 1.820125   38.52829167 67.666375  ]
0.13	 2.22	0.1	-0.32	36_H	[-1.25261538 34.71015385 68.12676923]
-0.2	 -0.35	-0.07	0.24	36_H	[ 3.05972 37.2134  70.31288]
0.07	 0.11	-0.11	0.01	36_H	[ 3.17528571 34.62342857 71.16442857]
0.11	 0.42	-0.05	-0.19	37_S	[-4.52483333 34.04822222 66.60183333]
0.17	 1.18	-0.03	-0.24	37_S	[-2.33438462 37.84392308 66.22661538]
-0.06	 0.05	-0.04	0.01	37_S	[-3.1057027 35.8742973 65.7567027]
0.2	 1.34	0.41	-0.65	38_R	[-3.882    31.799875 68.303875]
0.09	 1.13	0.02	-0.29	38_R	[-0.98008333 32.61375    68.29858333]
0.08	 0.65	-0.18	-0.08	38_R	[-1.76328571 31.73171429 67.44728571]
-0.0	 0.27	0.07	-0.14	38_R	[-0.09506667 29.80653333 67.4713    ]
-0.02	 0.13	-0.14	0.02	38_R	[ 1.16978125 30.98346875 68.6830625 ]
-0.05	 0.7	0.05	-0.0	38_R	[-0.31917647 29.35647059 66.06541176]
0.03	 0.53	-0.17	-0.12	38_R	[-3.23022222 33.05877778 67.97566667]
0.1	 1.26	0.15	-0.43	38_R	[-0.2859 32.5046 68.4279]
0.03	 0.58	0.02	-0.03	38_R	[-3.20759259 30.23162963 67.42233333]
0.08	 0.14	-0.18	-0.11	38_R	[ 1.6886875 32.1454375 69.435    ]
-0.27	 -0.86	0.04	0.44	38_R	[ 2.0326     30.08166667 67.79323333]
-0.1	 -1.0	-0.06	0.01	38_R	[-1.58466667 29.58055556 65.47677778]
-0.22	 -0.67	-0.01	0.37	38_R	[ 0.57434783 28.57995652 65.99417391]
0.05	 0.62	-0.2	-0.14	39_I	[ 3.25816667 37.36558333 72.66308333]
0.14	 0.93	0.11	-0.33	39_I	[ 3.43970833 36.00745833 73.03779167]
0.18	 1.39	0.32	-0.56	40_C	[-4.35742857 42.09546429 72.62439286]
0.22	 1.17	0.09	-0.47	40_C	[-5.50347059 41.01082353 73.96105882]
-0.1	 0.04	-0.31	0.06	43_I	[-2.45747368 42.47263158 75.42110526]
0.05	 0.46	-0.02	-0.15	43_I	[-5.47117143 42.90591429 77.22217143]
0.23	 1.47	0.34	-0.58	43_I	[-0.93769231 41.94792308 75.69238462]
0.03	 0.97	-0.01	-0.25	43_I	[-3.90975    41.81383333 74.504375  ]
-0.01	 0.14	-0.05	-0.02	43_I	[-3.41236364 43.04527273 77.34027273]
0.12	 1.17	0.24	-0.43	45_C	[-11.25642857  34.55571429  80.46242857]
0.06	 0.89	-0.21	0.04	45_C	[-11.068       33.575       79.32566667]
0.08	 0.79	-0.04	-0.2	45_C	[-10.96970833  32.29233333  78.04525   ]
0.09	 0.43	-0.1	-0.16	45_C	[-12.20991304  34.96126087  79.15073913]
0.03	 0.49	0.1	-0.15	45_C	[-10.0564375  32.94175    80.278    ]
0.22	 1.41	0.31	-0.55	46_M	[-9.35475    32.84603571 82.48414286]
0.12	 1.0	0.38	-0.59	47_Y	[-8.07975 44.93    82.904  ]
0.1	 1.19	0.01	-0.26	47_Y	[-8.17984 44.8118  78.51332]
-0.07	 -0.34	-0.0	0.04	47_Y	[-6.33594286 45.90371429 81.14462857]
0.14	 1.29	0.08	-0.33	47_Y	[-9.44832 42.87508 83.98804]
-0.04	 -0.31	-0.04	0.0	47_Y	[-8.4216  45.04272 83.36448]
-0.16	 -0.58	-0.48	0.29	47_Y	[-7.24092857 44.59857143 78.38685714]
-0.09	 0.25	-0.06	0.07	47_Y	[-5.79105263 45.27373684 79.64189474]
0.08	 0.03	-0.06	-0.18	48_T	[-15.74482143  37.80578571  84.37853571]
0.05	 0.67	-0.23	-0.07	48_T	[-14.80022222  34.70861111  81.59122222]
0.2	 0.96	0.13	-0.4	48_T	[-12.91527273  35.15136364  80.82536364]
-0.21	 -0.24	0.06	0.11	48_T	[-15.51969048  35.53742857  79.64921429]
0.2	 1.44	0.23	-0.49	48_T	[-15.92723529  36.13205882  82.86764706]
-0.06	 -0.15	-0.2	0.02	49_I	[-13.26472222  36.7415      87.8025    ]
0.17	 1.48	0.31	-0.55	49_I	[-11.125       32.43766667  83.25313333]
0.11	 1.2	0.13	-0.39	49_I	[-11.42365385  33.70115385  87.61069231]
-0.1	 -0.16	-0.16	0.08	49_I	[-14.76536842  33.744       83.98710526]
0.07	 0.45	-0.05	-0.12	49_I	[-14.5185      36.33991667  85.60683333]
0.05	 0.81	-0.05	-0.19	49_I	[-12.09365625  33.71409375  82.2819375 ]
-0.1	 -0.57	-0.16	0.12	49_I	[-12.5602   33.99205  87.35415]
-0.21	 -0.21	-0.12	0.25	49_I	[-14.65430769  32.95207692  83.41569231]
-0.07	 -0.36	0.09	0.02	49_I	[-13.95210526  33.44794737  86.159     ]
0.08	 -0.13	-0.7	-0.05	49_I	[-15.434       34.72452381  83.67490476]
0.14	 1.92	-0.11	-0.19	50_L	[-13.2236  40.169   88.1516]
-0.09	 -0.45	-0.03	0.15	50_L	[-12.44393939  41.92518182  87.55221212]
0.13	 1.36	0.26	-0.53	50_L	[-9.4735 41.6799 85.3665]
0.06	 0.74	-0.14	-0.17	50_L	[-9.89335 39.34385 89.3283 ]
0.09	 0.76	0.03	-0.19	50_L	[-12.371   39.158   88.2188]
-0.02	 0.03	-0.17	-0.04	50_L	[-10.40168  41.90872  86.4578 ]
0.15	 0.82	0.04	-0.25	50_L	[-7.822125   41.79345833 86.37533333]
0.12	 1.23	0.01	-0.27	50_L	[-7.85966667 38.20426667 89.6148    ]
0.08	 1.24	0.37	-0.63	50_L	[-10.29322222  40.57544444  88.89888889]
-0.05	 -0.02	-0.16	0.02	50_L	[-10.44325    38.2120625  89.120625 ]
0.04	 0.21	0.02	-0.14	51_K	[-14.39845455  43.569       85.68209091]
-0.1	 -0.4	0.11	0.09	51_K	[-16.79606452  43.31925806  84.8483871 ]
0.03	 0.16	-0.01	-0.14	51_K	[-15.70308333  42.50241667  87.39441667]
0.05	 1.05	-0.07	-0.12	51_K	[-16.69716667  38.56708333  86.85666667]
0.09	 0.86	0.07	-0.22	51_K	[-16.01244  40.04736  88.91688]
-0.05	 0.06	-0.07	0.02	51_K	[-17.01994118  37.60135294  88.82923529]
-0.0	 -2.96	-0.01	-0.12	51_K	[-17.29766667  37.73766667  91.29933333]
-0.04	 -0.53	-0.05	0.07	51_K	[-14.6476875  42.14725    87.88625  ]
-0.07	 -0.53	-0.04	0.09	51_K	[-17.07875     41.90416667  86.369125  ]
-0.11	 -0.72	-0.11	0.12	51_K	[-17.34438462  39.37257692  85.93126923]
0.11	 0.94	0.08	-0.31	51_K	[-15.31541667  37.76791667  86.8005    ]
-0.06	 -0.35	0.01	-0.06	51_K	[-14.98375     40.22664286  89.27242857]
-0.19	 -0.45	0.06	0.25	51_K	[-17.89904348  40.69591304  88.64052174]
-0.24	 -0.59	0.11	0.39	51_K	[-18.33595455  37.845       88.52054545]
-0.14	 -0.2	-0.07	0.22	51_K	[-15.64552  37.22152  88.97484]
-0.35	 -0.85	0.27	0.53	51_K	[-17.51871429  36.86128571  91.31152381]
-0.24	 -0.79	0.16	0.34	51_K	[-15.95948148  38.90711111  91.41740741]
-0.27	 -0.58	0.12	0.37	51_K	[-18.32211538  39.15646154  91.06080769]
0.1	 1.42	0.01	-0.3	52_N	[-13.94616667  44.25333333  84.99466667]
0.05	 1.11	0.01	-0.26	52_N	[-13.0602  45.0534  84.7382]
-0.06	 -0.53	-0.14	0.05	52_N	[-13.61154545  46.29336364  83.92990909]
0.09	 0.71	0.02	-0.17	52_N	[-13.86325     47.11529167  81.92095833]
-0.07	 -0.13	-0.03	0.07	52_N	[-11.72952174  46.88082609  84.21326087]
-0.03	 -0.17	-0.04	0.03	52_N	[-15.1065   44.94985  84.0074 ]
0.03	 -0.26	0.05	-0.12	52_N	[-11.77217391  44.04643478  84.81026087]
-0.24	 -0.63	0.1	0.37	52_N	[-11.59033333  48.21475     82.93275   ]
-0.19	 -0.62	0.06	0.23	52_N	[-10.62309091  46.23636364  84.33      ]
0.12	 0.24	-0.1	-0.19	53_M	[-17.25763636  44.55590909  78.05936364]
0.13	 0.96	0.01	-0.3	53_M	[-17.10006667  43.38546667  77.2906    ]
0.03	 0.74	-0.06	-0.17	53_M	[-19.04752632  44.049       80.39726316]
0.07	 1.3	-0.08	-0.24	53_M	[-19.18469231  41.34130769  82.25269231]
0.02	 0.4	-0.1	-0.1	53_M	[-18.21881081  40.20983784  83.27210811]
0.0	 0.18	-0.12	-0.07	53_M	[-16.85071429  44.51714286  82.61228571]
-0.2	 -0.27	-0.06	0.21	53_M	[-18.44735  44.16025  81.79105]
0.01	 0.45	-0.09	-0.09	53_M	[-18.57776  43.256    78.9008 ]
-0.16	 -0.37	-0.01	0.22	53_M	[-20.03736842  41.89521053  82.10984211]
0.09	 0.72	0.14	-0.27	54_T	[-17.48283333  45.39975     79.33833333]
0.07	 1.29	0.39	-0.75	54_T	[-17.3174  46.1786  78.6398]
0.14	 1.16	0.12	-0.38	54_T	[-14.68265217  46.26491304  75.61134783]
0.04	 0.86	-0.16	-0.02	54_T	[-15.71642857  48.23242857  80.52028571]
-0.16	 -0.57	-0.08	0.25	54_T	[-17.64386207  47.40762069  79.36231034]
2.04	 -0.1	-0.36	0.11	54_T	[-14.3915      49.23236667  77.4443    ]
0.11	 0.12	0.01	-0.19	54_T	[-16.3154   46.18125  81.16975]
-0.06	 0.5	-0.4	0.01	54_T	[-16.75681481  46.33755556  76.75185185]
0.04	 0.62	-0.02	-0.11	54_T	[-14.60047368  48.40773684  80.35957895]
-0.24	 -1.36	0.26	0.45	54_T	[-17.22038462  49.24969231  79.66046154]
-0.28	 -1.2	-0.04	0.43	54_T	[-15.033875    50.06983333  78.77845833]
0.29	 0.65	-0.36	1.03	54_T	[-13.08816  48.68468  76.84904]
-0.19	 -0.92	0.05	0.33	54_T	[-15.78286364  48.38304545  76.51422727]
0.13	 1.59	0.11	-0.36	55_E	[-9.85027273 44.8855     76.84795455]
0.08	 1.1	-0.09	-0.25	55_E	[-10.3754  48.0784  81.6722]
-0.04	 0.42	0.09	-0.11	55_E	[-9.55716 48.81848 79.60504]
-0.06	 0.27	-0.31	0.11	55_E	[-8.67875    47.34769444 78.30011111]
-0.15	 -0.01	-0.11	0.15	55_E	[-11.60613636  49.40654545  79.18645455]
0.2	 1.45	0.31	-0.56	55_E	[-9.3991 45.3827 78.2364]
0.0	 0.14	0.05	-0.02	55_E	[-9.3205  47.0379  81.85535]
0.1	 1.33	0.3	-0.59	57_E	[-15.72221429  45.37178571  73.11078571]
-0.12	 0.07	0.0	0.01	57_E	[-16.93413333  46.23206667  73.922     ]
-0.03	 0.11	-0.23	0.04	57_E	[-18.78364  45.09992  75.15664]
-0.17	 -0.76	0.02	0.22	57_E	[-18.25464706  45.549       71.79070588]
0.17	 1.14	0.15	-0.39	57_E	[-17.699       42.98731579  75.35378947]
-0.02	 0.09	-0.06	-0.01	57_E	[-15.03183333  45.63570833  72.90616667]
0.07	 1.0	0.29	-0.4	58_K	[-13.366       46.0675      73.18883333]
0.06	 0.92	0.06	-0.29	58_K	[-10.24942857  45.22657143  71.05014286]
0.05	 0.47	-0.19	0.05	58_K	[-12.56933333  47.077       73.38933333]
0.08	 0.75	0.04	-0.21	58_K	[-9.97694118 46.87982353 73.50594118]
0.07	 0.59	-0.07	-0.09	58_K	[-9.69471429 47.99171429 74.59671429]
-0.03	 0.26	-0.11	0.02	58_K	[-8.45094737 48.79442105 73.59905263]
-0.0	 -2.96	-0.02	-0.11	58_K	[-7.729      50.37055556 75.57444444]
-0.03	 0.28	-0.16	-0.05	58_K	[-12.76276923  45.78515385  71.69615385]
-0.01	 -0.28	-0.04	-0.02	58_K	[-13.136125    47.12454167  74.48908333]
0.13	 1.51	0.11	-0.39	58_K	[-9.87581818 45.47954545 75.43754545]
-0.03	 0.16	-0.54	0.18	58_K	[-8.85351429 46.12905714 73.13068571]
-0.16	 -0.58	-0.0	0.21	58_K	[-11.30625926  47.50277778  72.38625926]
4.88	 -0.03	-0.21	-0.1	58_K	[-11.53248276  49.12165517  75.30596552]
0.07	 1.1	0.16	-0.3	58_K	[-9.04711765 47.091      76.06229412]
-0.24	 -0.67	2.43	0.74	58_K	[-7.53709524 47.82004762 73.91385714]
-0.26	 -0.68	0.09	0.32	58_K	[-9.28983333 49.705125   73.061625  ]
-0.33	 -0.72	0.22	0.47	58_K	[-7.09186957 50.628      75.00104348]
-0.15	 -0.21	0.08	0.2	58_K	[-9.44162069 50.74341379 75.98993103]
-0.17	 -0.02	-0.09	0.2	58_K	[-7.8542  49.1542  76.89544]
0.08	 1.38	0.1	-0.37	59_A	[-9.38111111 44.52988889 74.63655556]
0.08	 1.54	-0.01	-0.26	59_A	[-8.75475  44.2155   74.283375]
0.13	 0.68	0.01	-0.28	59_A	[-6.85455556 41.93911111 74.741     ]
0.05	 0.18	-0.21	-0.04	59_A	[-7.50057576 43.49551515 73.13666667]
0.11	 1.12	0.1	-0.38	59_A	[-6.47755556 41.38055556 74.76022222]
0.05	 0.25	0.05	-0.21	59_A	[-8.23948387 43.55322581 76.08929032]
0.15	 1.49	0.05	-0.25	60_F	[-14.4995      36.172       76.20016667]
0.11	 1.73	0.17	-0.48	60_F	[-13.6369  35.1682  76.3986]
0.13	 0.94	0.2	-0.41	60_F	[-14.34926667  36.5976      77.29986667]
0.04	 0.55	-0.43	0.11	60_F	[-13.00645  35.17115  77.2848 ]
0.12	 1.48	0.29	-0.52	61_T	[-13.2618  45.2342  70.5822]
0.07	 0.67	-0.03	-0.19	61_T	[-15.14075758  44.19069697  70.23869697]
-0.06	 0.13	0.03	-0.12	61_T	[-12.87497222  45.31730556  68.12144444]
0.03	 -0.11	-0.15	-0.05	61_T	[-11.506   45.3743  70.7769]
-0.27	 -0.91	0.15	0.47	61_T	[-13.39521739  46.0573913   68.87573913]
0.01	 0.3	-0.04	-0.07	61_T	[-10.73912  45.13644  67.95948]
-0.2	 -0.38	-0.33	0.18	61_T	[-13.8486  44.2364  66.8878]
0.17	 1.7	0.23	-0.48	62_R	[-9.894      44.51866667 69.736     ]
0.09	 2.15	-0.06	-0.19	62_R	[-9.10916667 44.6415     69.08033333]
0.06	 0.68	-0.22	0.07	62_R	[-7.66566667 45.14866667 69.51133333]
0.0	 0.42	-0.24	0.09	62_R	[-6.464      45.60033333 69.774     ]
0.05	 1.47	-0.07	-0.15	62_R	[-5.4175     45.0525     71.70983333]
0.16	 1.1	-0.0	-0.23	62_R	[-4.378625 46.092875 69.300125]
-0.03	 -0.33	-0.01	-0.03	62_R	[-3.636      46.92929412 70.39      ]
-0.12	 -0.79	-0.08	0.21	62_R	[-3.46622222 46.76555556 72.65705556]
-0.04	 0.04	0.04	-0.03	62_R	[-1.54561111 46.99188889 69.50838889]
0.01	 0.16	-0.09	-0.03	62_R	[-8.70514286 44.576      67.58790476]
0.07	 0.27	0.16	-0.3	62_R	[-8.08777419 45.03941935 71.02522581]
0.06	 0.09	-0.02	-0.03	62_R	[-6.26472414 44.87337931 68.15303448]
-0.14	 -0.52	-0.16	0.22	62_R	[-6.06513333 45.66116667 71.63813333]
-0.14	 0.49	-0.03	-0.1	62_R	[-4.51940909 43.51390909 72.40245455]
-0.2	 -0.51	0.83	0.39	62_R	[-4.03878947 45.80068421 73.01121053]
-0.05	 -0.11	-0.03	0.08	62_R	[-1.85253125 46.9636875  72.93309375]
0.03	 0.16	0.09	-0.23	62_R	[-0.1730625 45.9526875 69.2310625]
-0.03	 0.18	-0.08	-0.0	62_R	[-0.57547368 47.41478947 70.56815789]
0.07	 0.25	0.05	-0.19	64_I	[-13.10807692  40.78565385  64.28419231]
0.04	 0.11	-0.13	-0.05	64_I	[-14.413       40.57285714  64.76878571]
-0.02	 0.09	-0.12	-0.06	64_I	[-11.7286  41.2562  63.5006]
0.15	 2.09	0.06	-0.34	65_N	[-6.05333333 42.88633333 63.82255556]
-0.06	 -0.13	0.01	-0.02	65_N	[-6.9509     42.15383333 61.7258    ]
0.01	 0.45	-0.13	-0.11	65_N	[-7.89491667 44.55833333 66.08466667]
0.0	 0.39	0.0	-0.06	65_N	[-9.81725    44.81007143 64.55714286]
-0.26	 -0.56	0.0	0.31	65_N	[-9.57026316 45.24860526 62.65097368]
0.09	 0.83	-0.07	-0.17	65_N	[-11.73668966  43.85851724  65.10589655]
0.16	 1.58	0.24	-0.49	65_N	[-10.38172222  42.11866667  62.91922222]
-0.08	 -0.26	-0.47	0.49	65_N	[-8.70133333 44.60033333 66.287     ]
-0.08	 0.09	-0.1	0.06	65_N	[-6.8974  44.17608 64.72724]
-0.26	 -0.82	0.08	0.4	65_N	[-12.20092857  44.84410714  64.63528571]
0.13	 1.63	0.22	-0.48	66_R	[-4.25933333 37.88533333 63.983     ]
-0.14	 -0.44	0.04	0.19	66_R	[-4.65680952 38.75583333 61.9535    ]
0.11	 0.97	0.07	-0.35	66_R	[-3.66833333 38.52683333 64.59758333]
0.1	 1.1	0.04	-0.32	66_R	[-3.07683333 42.41783333 64.99483333]
-0.06	 0.09	-0.08	0.06	66_R	[-2.4966 43.6348 65.6382]
-0.09	 -0.41	-0.1	0.06	66_R	[-1.33566667 44.1464     66.57606667]
0.03	 0.93	-0.15	-0.05	66_R	[-0.122      43.09738462 67.45930769]
-0.07	 -0.26	0.14	-0.08	66_R	[-1.32789474 45.58573684 67.49784211]
-0.09	 -0.5	-0.1	0.12	66_R	[-4.46281481 41.66288889 63.14085185]
-0.08	 -0.38	-0.06	0.14	66_R	[-2.82935 39.66925 64.5393 ]
0.18	 1.65	0.26	-0.51	66_R	[-5.15109091 42.77481818 64.937     ]
-0.16	 -0.33	-0.01	0.2	66_R	[-1.8545  41.44855 65.3433 ]
-0.06	 -0.22	-0.23	0.08	66_R	[-4.46519231 43.74269231 65.80396154]
0.12	 1.2	0.04	-0.26	66_R	[-0.30023077 41.82930769 67.634     ]
-0.15	 -0.56	0.07	0.25	66_R	[-3.37244 46.0236  67.2754 ]
0.1	 -0.12	1.01	0.37	66_R	[-0.72494444 45.69138889 68.20977778]
0.11	 1.74	0.17	-0.44	67_D	[-4.91883333 36.23216667 62.68433333]
-0.18	 -0.99	-0.06	0.14	67_D	[-5.26936364 34.75127273 62.13490909]
-0.07	 0.02	-0.19	0.0	67_D	[-6.77165 34.4218  60.9249 ]
-0.09	 -0.22	0.03	0.1	67_D	[-5.87834043 32.99708511 63.50397872]
0.01	 0.25	-0.06	-0.04	67_D	[-6.05305882 36.99558824 61.25770588]
-0.03	 0.27	-0.09	-0.04	67_D	[-4.30923529 36.33370588 63.92005882]
0.18	 1.08	0.03	-0.32	68_K	[-12.45382609  35.90047826  59.57165217]
0.05	 0.94	-0.0	-0.2	68_K	[-10.68275     37.515       58.33633333]
0.06	 0.51	-0.11	0.01	68_K	[-9.487   39.46175 59.82025]
0.02	 0.49	-0.07	-0.06	68_K	[-10.09052941  39.95041176  58.24688235]
0.1	 1.2	-0.07	-0.19	68_K	[-9.4171 42.702  60.0131]
0.01	 -2.65	-0.02	-0.11	68_K	[-10.44744444  43.68244444  58.18355556]
0.07	 0.48	-0.05	-0.12	68_K	[-7.76104545 37.74245455 60.12009091]
-0.09	 -0.06	-0.39	0.08	68_K	[-9.38186364 37.3795     58.25831818]
-0.06	 -0.51	-0.1	0.09	68_K	[-11.8722   38.02775  59.44935]
0.07	 0.19	-0.0	-0.14	68_K	[-11.42287097  40.36616129  61.29890323]
0.12	 0.73	0.02	-0.18	68_K	[-7.8062 40.1412 60.3352]
-0.16	 -0.23	0.04	0.13	68_K	[-8.66103333 39.9934     58.14316667]
-0.12	 -0.84	0.06	0.11	68_K	[-11.46243478  40.07652174  58.43834783]
0.0	 -0.01	-0.17	-0.05	68_K	[-10.48443478  42.82282609  60.93391304]
-0.17	 -0.24	-0.02	0.25	68_K	[-8.06940909 42.47109091 58.96422727]
-0.38	 -0.77	0.14	0.49	68_K	[-10.2433913   44.38026087  58.74073913]
-0.29	 -0.76	0.19	0.44	68_K	[-10.12371429  42.61614286  56.77642857]
-0.25	 -0.61	0.13	0.3	68_K	[-11.88492308  42.47311538  58.61196154]
0.1	 1.42	0.05	-0.31	69_H	[-8.77564286 32.11135714 62.06678571]
0.04	 -0.17	-0.02	-0.1	69_H	[-10.67411538  30.41480769  62.15707692]
-0.04	 0.24	0.0	-0.06	69_H	[-8.6388     32.02166667 59.71      ]
-0.08	 0.52	-0.08	0.12	69_H	[-9.11328571 32.40842857 57.83214286]
0.09	 0.87	-0.1	-0.2	69_H	[-10.81658333  31.79925     57.62083333]
-0.13	 -0.5	-0.02	0.17	69_H	[-8.07109091 34.44504545 57.22668182]
-0.11	 -0.07	-0.2	0.16	69_H	[-11.28604444  34.27013333  56.55266667]
0.0	 1.24	-0.06	-0.09	69_H	[-9.7434375 35.516125  56.6078125]
-0.03	 0.09	0.02	0.1	69_H	[-7.81993333 32.82106667 60.14613333]
-0.08	 0.2	2.33	0.68	69_H	[-10.44270588  31.09414706  59.39908824]
0.18	 1.45	0.1	-0.36	69_H	[-12.34063636  32.25272727  57.25936364]
-0.16	 -0.57	0.05	0.22	69_H	[-7.57430435 35.17434783 58.4223913 ]
-0.31	 -0.93	0.06	0.56	69_H	[-12.23182609  34.23821739  55.71226087]
-0.4	 -0.91	0.23	0.56	69_H	[-9.18580952 35.8102381  55.62542857]
0.12	 0.92	0.14	-0.41	70_L	[-6.79270968 30.33606452 66.3176129 ]
0.14	 0.77	0.03	-0.21	70_L	[-8.72457895 31.344      63.97373684]
0.06	 0.34	0.05	-0.25	70_L	[-8.685      30.0225     65.39541667]
0.23	 0.38	-0.57	0.1	70_L	[-6.00446154 31.75853846 66.81658974]
0.12	 1.02	0.05	-0.31	71_A	[-10.456625   29.692875   64.2904375]
0.09	 1.25	-0.08	0.01	74_Y	[-17.488       37.45190909  64.51054545]
0.09	 1.33	0.27	-0.55	74_Y	[-16.68258824  38.01282353  63.56135294]
-0.03	 0.06	-0.11	-0.02	74_Y	[-14.27378788  38.22769697  61.64281818]
0.12	 1.22	0.36	-0.77	74_Y	[-17.81218182  37.35827273  65.06509091]
-0.1	 0.2	-0.06	-0.03	74_Y	[-16.30588571  38.94297143  63.99068571]
0.13	 1.08	0.1	-0.35	74_Y	[-13.8996875  36.7716875  60.6990625]
0.17	 1.12	0.05	-0.3	76_Q	[-16.39168182  34.91886364  75.53359091]
0.11	 0.33	-0.11	-0.15	76_Q	[-15.48076923  32.91830769  76.07192308]
-0.04	 0.32	-0.01	0.05	76_Q	[-13.33291667  32.49420833  77.28229167]
0.16	 1.13	0.15	-0.4	76_Q	[-14.43461538  34.46838462  75.694     ]
0.1	 0.89	0.01	-0.26	76_Q	[-16.06896774  30.88467742  76.73145161]
0.04	 0.56	-0.14	-0.08	77_R	[-17.28957143  42.29328571  67.79757143]
0.07	 0.58	-0.06	-0.12	77_R	[-16.16883333  43.00558333  68.36141667]
-0.07	 0.14	0.1	0.03	77_R	[-18.01685  41.0435   66.464  ]
0.01	 0.31	0.06	-0.1	77_R	[-14.7506      42.55163333  66.42416667]
0.05	 1.95	0.01	-0.19	77_R	[-18.4005      40.03361111  66.27455556]
-0.33	 -0.57	0.18	0.38	77_R	[-16.88517647  41.26211765  65.43552941]
0.02	 0.67	0.02	-0.22	79_M	[-19.25066667  34.87283333  77.62411111]
0.11	 0.95	0.1	-0.37	79_M	[-19.827       34.37885714  77.93314286]
0.11	 0.76	0.03	-0.26	79_M	[-18.28323077  32.51469231  76.62492308]
0.08	 0.51	0.02	-0.18	79_M	[-17.5963125  33.4010625  76.0790625]
0.03	 0.41	0.02	-0.1	79_M	[-19.92751724  32.57286207  77.48024138]
0.09	 1.96	0.13	-0.35	80_L	[-17.88385714  35.62585714  76.49428571]
0.08	 1.28	0.12	-0.34	80_L	[-17.91233333  36.16088889  77.27377778]
0.12	 1.54	0.23	-0.5	80_L	[-16.680375  36.96675   78.164625]
0.17	 1.31	0.18	-0.42	80_L	[-17.66105882  41.54464706  76.59047059]
0.16	 1.1	0.11	-0.34	80_L	[-18.18842105  36.29368421  78.33115789]
0.1	 0.86	0.05	-0.24	80_L	[-16.31919048  36.67366667  76.74295238]
0.17	 1.02	0.14	-0.4	80_L	[-19.26373529  40.72823529  76.851     ]
0.16	 1.24	0.14	-0.43	80_L	[-15.54211111  37.02522222  78.046     ]
0.12	 1.16	0.14	-0.43	80_L	[-18.02658333  41.42508333  75.13383333]
0.1	 1.43	0.03	-0.31	81_Y	[-19.5288   41.87096  74.4354 ]
0.13	 1.3	0.28	-0.55	81_Y	[-20.46225   42.050625  69.09925 ]
-0.03	 0.47	-0.09	-0.02	81_Y	[-18.76738889  43.11916667  69.53963889]
0.2	 1.06	0.12	-0.37	81_Y	[-20.82053846  42.38484615  74.93757692]
0.17	 1.04	0.19	-0.43	81_Y	[-20.70335  44.31885  72.84385]
0.07	 0.6	-0.11	-0.16	81_Y	[-20.12366667  41.00470833  68.74829167]
0.06	 0.52	-0.05	-0.1	81_Y	[-18.44961538  44.27276923  70.66361538]
0.15	 1.42	0.31	-0.56	82_Y	[-27.416       34.72536364  80.02390909]
0.05	 -0.55	-0.13	-0.05	82_Y	[-24.09744444  33.578       80.47755556]
0.02	 0.58	-0.07	-0.19	82_Y	[-26.36265  34.1736   80.2419 ]
-0.09	 -0.96	-0.17	0.16	82_Y	[-27.2364      32.2868      81.16213333]
0.17	 1.08	0.11	-0.43	82_Y	[-22.03792308  32.62788462  78.29788462]
-0.05	 -0.03	0.14	0.22	82_Y	[-23.43769231  31.76748718  79.83579487]
-0.15	 -0.47	0.13	0.22	82_Y	[-25.85311538  31.23292308  81.03480769]
-0.11	 -0.21	-0.02	0.11	83_Q	[-24.07348571  38.77482857  81.7994    ]
0.1	 1.05	0.13	-0.43	83_Q	[-22.06366667  37.28866667  81.8565    ]
0.1	 1.13	-0.11	-0.22	83_Q	[-21.4905      34.64071429  81.154     ]
0.04	 0.85	0.12	-0.26	83_Q	[-19.20011111  35.77755556  81.15492593]
-0.02	 -0.03	0.04	-0.05	83_Q	[-18.69991304  37.39182609  82.64395652]
-0.14	 -0.41	-0.11	0.14	83_Q	[-18.74304  34.16188  81.53296]
0.11	 0.41	0.01	-0.24	83_Q	[-24.52468  35.96244  80.34416]
0.04	 0.51	-0.03	-0.14	83_Q	[-21.16979167  38.68370833  81.55516667]
-0.11	 -0.38	-0.17	0.21	83_Q	[-22.24274074  35.1482963   81.59907407]
0.05	 0.73	-0.1	-0.23	83_Q	[-20.56103571  34.14746429  79.57457143]
-0.31	 -0.76	0.17	0.58	83_Q	[-19.39133333  33.3612381   81.19966667]
-0.06	 -0.1	-0.41	0.3	83_Q	[-17.12651429  34.57748571  82.55422857]
0.07	 0.79	0.2	-0.5	84_T	[-24.6172  42.2194  80.0458]
0.19	 1.21	-0.14	-0.06	84_T	[-25.61366667  41.81333333  80.07366667]
-0.05	 -0.34	0.03	0.01	84_T	[-26.12256  42.72164  78.77932]
0.02	 0.79	-0.2	0.08	84_T	[-23.215       42.65133333  80.21166667]
0.21	 1.46	0.18	-0.44	84_T	[-21.43985714  41.88064286  76.64335714]
0.05	 -0.85	0.11	-0.25	84_T	[-21.41445455  43.35009091  79.38790909]
-0.02	 -0.66	-0.0	0.06	84_T	[-24.37823529  41.56817647  80.76447059]
-0.02	 -0.2	-0.03	0.06	84_T	[-23.51685714  43.587       78.94142857]
0.02	 0.12	-0.2	-0.03	84_T	[-20.59561538  42.76603846  78.31607692]
0.03	 -0.3	0.03	-0.1	84_T	[-21.79858333  41.78820833  80.97604167]
-0.04	 0.1	-0.02	0.01	85_E	[-28.78002778  41.6645      75.99602778]
-0.05	 0.67	-0.08	0.02	85_E	[-29.299875  41.525625  78.5885  ]
-0.06	 -0.14	0.0	-0.06	85_E	[-28.25717647  40.50058824  80.97541176]
-0.09	 -0.53	-0.02	0.01	85_E	[-29.45682353  37.83758824  81.04076471]
0.04	 0.13	-0.06	-0.1	85_E	[-30.0754375  38.04025    79.9413125]
-0.15	 -0.12	0.01	0.13	85_E	[-27.51862791  36.96574419  81.34262791]
-0.07	 -0.34	-0.08	0.15	85_E	[-28.09041176  42.14717647  78.996     ]
-0.04	 0.04	0.08	0.18	85_E	[-30.19263636  40.04627273  78.32254545]
0.03	 0.11	0.01	-0.08	85_E	[-26.57045  40.34725  81.14505]
-0.3	 -0.82	0.24	0.47	85_E	[-29.2719  40.6234  81.1276]
0.07	 0.71	0.13	-0.46	86_K	[-27.0455   41.98875  73.03725]
0.1	 1.02	0.11	-0.38	86_K	[-27.2505      41.19891667  72.06841667]
0.06	 0.31	0.06	-0.33	86_K	[-26.4145   42.64675  72.998  ]
0.02	 -0.08	-0.11	-0.02	86_K	[-26.622375  43.82575   75.525125]
0.08	 1.0	-0.07	0.01	86_K	[-24.68933333  45.04066667  73.60933333]
0.0	 0.0	-0.05	-0.02	86_K	[-24.8836875  45.8685625  75.5624375]
0.02	 0.36	-0.05	-0.21	86_K	[-21.95963158  45.73842105  76.61305263]
-0.06	 -0.69	-0.13	0.19	86_K	[-27.9448125  41.7500625  73.568    ]
0.11	 0.7	1.08	-0.29	86_K	[-25.89116667  42.55883333  72.26238889]
-0.1	 -0.31	0.1	0.06	86_K	[-26.40117241  43.9797931   74.05234483]
0.13	 -0.51	0.12	-0.26	86_K	[-26.35011111  43.39333333  76.47877778]
0.06	 0.72	-0.03	-0.24	86_K	[-23.06989474  44.72294737  73.14978947]
-0.25	 -0.56	0.08	0.35	86_K	[-24.49441667  46.36570833  74.60358333]
-0.05	 -0.08	0.01	0.12	86_K	[-24.88219048  45.00180952  77.03119048]
-0.32	 -0.69	0.22	0.46	86_K	[-22.61713636  46.87745455  76.85413636]
-0.05	 0.22	-0.21	-0.0	86_K	[-21.38797222  44.48633333  76.56147222]
-0.12	 -0.34	-0.1	0.17	86_K	[-21.4025      45.98334615  74.58653846]
0.08	 1.15	0.15	-0.39	87_Y	[-28.57185714  40.614       73.04571429]
0.1	 0.54	-0.15	-0.08	87_Y	[-30.69311111  39.65344444  74.89922222]
0.1	 0.17	0.04	-0.32	87_Y	[-31.58919048  38.45890476  77.12619048]
-0.01	 0.21	-0.07	-0.01	87_Y	[-31.4181      36.43073333  78.843     ]
0.06	 0.31	0.07	-0.25	87_Y	[-29.32528571  40.07007143  73.64392857]
0.09	 0.76	0.04	-0.25	87_Y	[-30.92565  39.10095  71.75095]
-0.03	 0.07	0.08	0.02	87_Y	[-31.98445455  38.89668182  74.16745455]
-0.18	 -0.27	0.01	0.22	87_Y	[-32.56321429  38.26953571  76.70360714]
0.01	 0.09	0.06	-0.3	87_Y	[-30.783875   38.1229375  78.986    ]
0.05	 1.1	0.17	-0.47	88_D	[-28.09916667  39.1155      67.37283333]
0.16	 1.42	0.17	-0.45	88_D	[-26.16172727  40.42490909  67.23481818]
0.02	 0.49	-0.13	-0.14	88_D	[-26.76945833  38.63666667  66.73854167]
0.04	 0.47	-0.06	-0.15	88_D	[-28.52707692  41.53253846  67.90807692]
0.0	 0.44	-0.06	-0.04	88_D	[-30.82465385  40.47811538  68.74988462]
0.05	 -0.0	-0.23	0.0	88_D	[-30.62244444  38.23994444  67.91161111]
-0.29	 -0.98	0.15	0.42	88_D	[-31.36917143  42.16625714  68.44651429]
0.05	 0.22	-0.09	-0.09	88_D	[-29.06242857  40.59119048  71.52128571]
0.1	 0.44	-0.0	-0.17	88_D	[-28.87338889  38.43888889  67.64377778]
-0.19	 -0.42	-0.1	0.21	88_D	[-28.43041176  42.19817647  69.72664706]
-0.16	 -0.66	-0.02	0.19	88_D	[-27.85525926  41.41825926  67.35244444]
0.17	 1.46	0.2	-0.46	89_L	[-22.1525625   39.68353125  67.829     ]
0.05	 0.37	-0.08	0.08	89_L	[-25.02966667  44.341       69.14133333]
-0.06	 -0.62	-0.05	0.08	89_L	[-23.1935      44.79634615  70.96130769]
0.0	 0.32	-0.11	-0.06	89_L	[-23.82596875  43.5960625   67.20928125]
0.18	 1.44	0.17	-0.43	89_L	[-26.6004      41.76793333  70.7474    ]
-0.04	 -0.0	-0.09	-0.0	89_L	[-26.04245833  42.9585      69.27225   ]
-0.22	 -0.86	0.14	0.38	89_L	[-23.77103846  45.44442308  69.746     ]
0.1	 0.66	-0.2	-0.08	89_L	[-24.66636364  44.21345455  71.98154545]
0.0	 -0.05	-0.09	-0.08	89_L	[-21.41588889  44.27672222  70.27355556]
-0.29	 -1.2	-0.12	0.54	89_L	[-24.10563158  44.51157895  67.39363158]
-0.03	 0.22	-0.12	-0.01	89_L	[-22.04567568  42.57516216  67.6232973 ]
-0.03	 0.23	-0.2	-0.05	89_L	[-24.99804545  41.80740909  66.88804545]
0.04	 -0.4	0.07	-0.23	91_I	[-27.45015385  36.19323077  65.56161538]
0.11	 1.26	0.1	-0.41	91_I	[-29.423   36.5751  67.6092]
0.08	 0.77	0.15	-0.4	91_I	[-28.21557143  36.73392857  67.05607143]
0.12	 0.84	0.03	-0.22	91_I	[-28.90841667  35.64983333  65.61566667]
0.06	 0.04	-0.03	-0.25	91_I	[-26.69835714  35.9795      64.63014286]
0.09	 0.68	0.35	-0.29	91_I	[-30.58082609  36.02413043  67.40578261]
0.18	 1.16	0.17	-0.43	92_K	[-21.360875    36.71779167  63.69595833]
0.1	 0.88	0.16	-0.4	92_K	[-24.96564706  39.70194118  65.61388235]
0.07	 0.72	-0.17	-0.31	92_K	[-22.09153846  38.84261538  64.07926923]
-1.66	 0.73	0.03	-0.17	92_K	[-24.0445      41.15521429  64.52135714]
-0.04	 0.79	-0.02	-0.05	92_K	[-21.73376923  40.73853846  62.67692308]
0.01	 -2.86	-0.01	-0.12	92_K	[-22.07188889  43.11177778  62.34511111]
0.06	 0.63	-0.11	-0.17	92_K	[-24.87705556  36.58327778  63.78372222]
-0.11	 0.06	-0.11	0.12	92_K	[-25.77125926  38.33903704  64.93481481]
0.08	 0.96	-0.03	-0.22	92_K	[-21.23648649  39.20678378  64.92313514]
-0.15	 -0.46	-0.03	0.16	92_K	[-23.38531818  38.30204545  62.87181818]
-0.17	 -0.69	-0.0	0.25	92_K	[-24.6883   40.87435  63.4193 ]
0.16	 0.91	0.31	-0.59	92_K	[-22.50172222  40.97894444  65.96772222]
-0.19	 -0.03	0.15	0.41	92_K	[-20.82845714  41.56848571  64.562     ]
-0.17	 -0.38	-0.02	0.26	92_K	[-21.62322222  40.24988889  62.20925926]
-0.4	 -1.05	0.33	0.62	92_K	[-21.28931579  43.32926316  61.91921053]
-0.3	 -0.83	0.12	0.45	92_K	[-23.6425      42.41358333  61.74954167]
-0.15	 -0.64	-0.08	0.26	92_K	[-22.95127586  43.56017241  64.16975862]
0.06	 0.97	-0.16	-0.09	93_D	[-19.43764103  38.99289744  66.38292308]
0.15	 1.34	0.18	-0.44	93_D	[-19.51589474  37.34647368  65.25847368]
0.2	 1.57	0.29	-0.54	95_K	[-22.30026667  31.0434      61.25853333]
0.06	 0.91	0.01	-0.19	95_K	[-23.66992308  34.34023077  61.76523077]
0.07	 0.55	-0.01	-0.25	95_K	[-25.1575   31.9425   61.87225]
0.05	 0.08	-0.05	-0.14	95_K	[-26.01983333  34.05541667  61.69558333]
0.07	 0.53	-0.03	-0.45	95_K	[-28.62154545  32.07454545  62.13627273]
0.09	 0.81	0.08	-0.35	95_K	[-29.57494444  33.37088889  62.68622222]
0.07	 0.97	0.01	-0.1	95_K	[-23.760125   35.09625    62.5845625]
-0.09	 0.16	-0.22	0.06	95_K	[-23.62437931  32.85382759  61.21131034]
0.06	 -0.05	0.23	0.01	95_K	[-25.25214286  30.86285714  62.63357143]
-0.0	 -0.26	-0.14	0.02	95_K	[-26.11325     35.55883333  62.91216667]
-0.16	 -1.0	0.0	0.29	95_K	[-26.29473913  33.70191304  61.03404348]
-0.1	 -0.04	-0.2	0.08	95_K	[-27.99248148  31.26444444  62.06566667]
-0.01	 0.09	-0.46	0.35	95_K	[-30.16711111  34.08144444  62.77988889]
-0.16	 -0.08	0.03	0.22	95_K	[-28.30814286  35.58709524  62.91409524]
-0.26	 -0.88	0.14	0.46	95_K	[-29.22096296  33.68862963  61.27759259]
0.15	 1.32	0.13	-0.39	96_E	[-21.4824      34.51946667  62.13653333]
0.17	 1.38	0.38	-0.6	96_E	[-20.460375  34.795875  61.28975 ]
0.09	 1.16	0.08	-0.3	96_E	[-18.68316667  36.77125     63.791     ]
0.07	 1.16	0.08	-0.36	96_E	[-18.45383333  37.24133333  61.74616667]
-0.12	 -1.24	-0.09	0.11	96_E	[-17.45857143  37.20621429  60.23564286]
-0.17	 -0.76	0.02	0.21	96_E	[-19.59858824  36.39920588  59.90602941]
-0.02	 0.19	0.03	-0.01	96_E	[-16.78364286  35.85017857  59.06035714]
-0.06	 0.25	-0.39	0.01	96_E	[-20.25645161  36.67503226  62.70041935]
-0.02	 0.58	0.0	-0.12	96_E	[-17.46952941  37.418       62.34570588]
0.26	 0.9	0.28	-0.53	98_L	[-18.71769565  26.62178261  60.09421739]
0.05	 0.26	-0.09	0.07	98_L	[-21.811       26.37033333  60.54433333]
-0.01	 0.93	-0.1	-0.13	98_L	[-19.97475    25.41275    61.2998125]
-0.03	 0.22	0.01	-0.15	98_L	[-24.45087097  27.912       61.86590323]
-0.03	 0.32	-0.04	-0.08	98_L	[-21.13706667  27.4915      60.26643333]
-0.05	 -0.41	-0.05	0.1	98_L	[-21.74647368  24.63321053  61.34947368]
0.07	 0.68	0.02	-0.38	98_L	[-19.20335294  25.01629412  61.87588235]
-0.18	 -0.55	-0.13	0.27	98_L	[-24.1591   26.12195  60.9378 ]
-0.15	 -0.2	-0.18	0.21	98_L	[-23.41992  29.28412  61.28776]
0.15	 1.0	0.04	-0.41	99_I	[-16.33642105  29.62373684  57.481     ]
-0.03	 0.86	0.0	-0.13	99_I	[-21.05630769  30.21653846  58.86730769]
-0.14	 -0.69	-0.14	0.14	99_I	[-17.455875   32.3003125  56.8155625]
-0.11	 -0.55	-0.09	0.11	99_I	[-21.27940909  34.06659091  58.40395455]
-0.05	 0.06	-0.04	-0.05	99_I	[-19.13247826  28.54317391  58.59078261]
-0.25	 -0.46	0.08	0.29	99_I	[-20.76111111  30.81266667  57.38255556]
-0.06	 0.42	-0.25	0.04	99_I	[-21.73595  30.68005  59.91345]
-0.02	 -0.45	-0.07	0.04	99_I	[-17.95728571  33.78507143  57.35628571]
0.09	 1.08	0.04	-0.21	99_I	[-15.823875   31.5521875  57.7798125]
-0.14	 -0.55	0.06	0.16	99_I	[-18.27643478  31.07273913  56.63769565]
-0.27	 -0.61	0.06	0.42	99_I	[-22.22996  33.22336  58.42496]
0.07	 1.62	-0.02	-0.2	99_I	[-21.45358824  34.02747059  60.35823529]
-0.09	 -0.37	0.2	0.02	99_I	[-19.81290909  33.80836364  57.20704545]
0.11	 0.77	0.08	-0.36	100_Q	[-12.07662963  29.14992593  60.74059259]
0.12	 1.89	0.13	-0.39	100_Q	[-14.500125  31.927125  58.28825 ]
0.15	 1.71	0.02	-0.26	100_Q	[-13.59436364  31.84890909  58.02372727]
0.13	 1.16	0.04	-0.31	100_Q	[-14.46163636  35.34418182  59.442     ]
0.14	 1.47	0.29	-0.53	100_Q	[-14.47653846  30.52107692  58.32561538]
-0.09	 0.13	-0.12	0.05	100_Q	[-14.42364865  34.13535135  57.82710811]
0.22	 1.56	0.3	-0.55	101_L	[-13.2787619   24.52004762  59.83533333]
0.14	 0.68	0.06	-0.56	101_L	[-17.95635714  25.26885714  60.98557143]
0.14	 1.46	0.22	-0.46	101_L	[-17.54527273  24.26077273  60.70868182]
0.07	 0.71	0.14	-0.46	102_R	[-16.01525  26.34225  55.31225]
-0.02	 -1.26	-0.03	-0.01	102_R	[-17.158       24.93966667  55.46825   ]
-0.07	 -0.0	0.01	0.02	102_R	[-15.35828571  23.05367857  55.75539286]
0.01	 0.18	-0.11	-0.18	102_R	[-13.37        25.54094737  55.70484211]
-0.06	 -0.86	-0.11	0.13	102_R	[-14.55538462  28.33953846  55.09384615]
0.02	 0.75	-0.1	-0.23	102_R	[-11.47431579  29.04436842  57.69      ]
0.01	 1.01	-0.06	-0.1	102_R	[-11.0309  27.4268  56.2812]
-0.01	 0.35	0.03	0.04	102_R	[-10.46613793  26.93968966  57.40306897]
0.04	 -0.25	1.12	0.08	102_R	[-10.5488   27.41045  59.8227 ]
-0.21	 -0.05	-0.47	0.4	102_R	[-9.44725    25.5324375  57.17471875]
-0.05	 0.06	-0.06	0.08	102_R	[-17.0956087   27.22656522  56.56317391]
0.17	 1.24	0.03	-0.32	102_R	[-12.60108333  24.72608333  56.77941667]
-0.11	 -0.61	-0.02	0.24	102_R	[-14.16828  25.40608  54.98588]
-0.23	 -0.71	0.08	0.32	102_R	[-13.21319048  27.87861905  54.553     ]
-0.04	 -0.27	-0.18	0.12	102_R	[-15.21     29.21748  56.41028]
-0.02	 0.56	-0.03	-0.16	102_R	[-12.26970732  30.02785366  57.12258537]
-0.23	 -0.77	0.03	0.36	102_R	[-10.95366667  27.37442857  55.29619048]
-0.06	 0.26	-0.14	-0.06	102_R	[-11.11117073  25.40402439  59.903     ]
-0.28	 -1.18	0.19	0.49	102_R	[-9.07448 26.29604 55.79468]
-0.24	 -0.77	0.22	0.39	102_R	[-8.85065517 25.3552069  58.22324138]
-0.08	 0.16	-0.04	0.08	103_G	[-18.2434  25.29    56.4366]
-0.01	 0.2	-0.0	-0.09	103_G	[-18.76556  23.43996  57.40312]
0.07	 0.21	-0.09	-0.14	103_G	[-17.61452632  21.57131579  58.00836842]
-0.19	 -0.61	-0.17	0.25	103_G	[-18.81896429  20.38642857  58.08046429]
-0.04	 0.05	-0.19	0.03	103_G	[-18.39717143  25.58774286  58.6512    ]
-0.31	 -1.04	0.2	0.49	103_G	[-19.70347368  23.25289474  57.52157895]
-0.26	 -0.96	0.22	0.48	103_G	[-18.30817647  22.72076471  55.55411765]
0.12	 0.75	0.07	-0.33	104_N	[-18.46783333  22.30804167  60.65275   ]
0.07	 1.06	-0.25	0.07	104_N	[-12.987       22.14983333  60.60558333]
-0.05	 0.04	-0.16	0.0	104_N	[-13.34842857  20.93685714  58.61121429]
-0.3	 -0.93	0.14	0.42	104_N	[-13.15439394  19.16239394  58.4749697 ]
-0.02	 0.83	-0.07	0.04	104_N	[-12.37113043  22.40256522  58.03773913]
0.0	 0.63	-0.05	-0.04	104_N	[-16.36161111  19.46077778  58.47394444]
0.08	 0.73	0.01	-0.38	104_N	[-13.1435      23.02603571  60.86978571]
0.14	 1.1	0.04	-0.32	104_N	[-13.69815385  19.79615385  60.90023077]
-0.18	 -0.55	-0.44	0.44	104_N	[-12.18346512  22.21969767  56.87374419]
0.1	 1.45	-0.02	-0.3	104_N	[-12.532       23.56136364  58.85245455]
0.13	 1.34	-0.0	-0.23	105_Q	[-16.18453333  16.69366667  63.91773333]
0.01	 0.24	-0.03	-0.09	105_Q	[-18.84554545  16.85263636  60.26290909]
-0.07	 -0.23	0.05	-0.02	105_Q	[-17.56640909  14.93840909  61.94668182]
-0.12	 -0.23	-0.13	0.11	105_Q	[-18.50064706  14.30723529  63.03432353]
-0.12	 -0.23	-0.0	0.12	105_Q	[-16.65492593  14.8022963   60.20677778]
-0.04	 0.51	-0.18	-0.08	105_Q	[-15.39605556  18.40494444  60.1795    ]
-0.02	 0.05	-0.12	0.03	105_Q	[-15.21170833  17.11516667  62.35270833]
0.13	 1.16	0.41	-0.69	105_Q	[-16.70554545  16.68154545  64.68172727]
0.04	 0.36	-0.04	-0.2	105_Q	[-19.91852  16.68532  61.90424]
-0.06	 -0.61	-0.12	0.04	105_Q	[-17.64422222  17.81683333  59.65233333]
-0.27	 -0.82	0.1	0.38	105_Q	[-16.02359091  15.71595455  59.68968182]
-0.28	 -0.98	0.25	0.52	105_Q	[-16.42156  13.38924  60.88864]
-0.02	 0.03	-0.08	-0.05	106_L	[-12.08253659  20.71131707  62.6005122 ]
-0.08	 -0.21	-0.13	0.07	106_L	[-11.55582609  16.90552174  66.2863913 ]
0.13	 1.66	0.11	-0.3	106_L	[-14.11858333  19.20108333  62.28133333]
0.09	 0.87	-0.01	-0.21	106_L	[-14.30253846  17.86953846  64.48053846]
0.07	 1.17	-0.04	-0.2	106_L	[-10.3991  17.3201  67.1256]
-0.04	 0.29	-0.03	0.1	106_L	[-13.02064706  16.42129412  66.85835294]
-0.09	 -0.25	0.05	0.15	106_L	[-11.2938      18.14746667  64.90906667]
0.13	 1.1	0.16	-0.5	107_I	[-11.94554545  24.11568182  61.85427273]
0.05	 0.86	-0.02	-0.2	107_I	[-8.48909091 25.27909091 64.09354545]
0.03	 0.34	-0.08	-0.14	107_I	[-10.91521053  27.34689474  62.39452632]
0.02	 0.41	-0.13	0.0	107_I	[-10.27    21.7134  63.5244]
-0.06	 -0.23	-0.04	0.07	107_I	[-10.88575     23.97032143  62.1865    ]
0.08	 0.28	-0.13	-0.1	107_I	[-8.40346154 26.24969231 64.75376923]
0.0	 0.22	-0.12	0.06	107_I	[-8.24966667 23.91723333 64.3124    ]
0.11	 1.06	-0.04	-0.25	107_I	[-11.353125  27.403375  61.592625]
0.02	 -0.14	0.07	-0.04	107_I	[-10.02304348  27.10613043  63.53382609]
0.01	 0.01	-0.29	0.06	108_D	[-6.00305263 22.0925     66.14397368]
-0.01	 0.35	0.02	-0.19	108_D	[-8.87393333 18.922      66.10713333]
0.07	 0.05	-0.04	-0.18	108_D	[-6.05355556 19.34933333 68.17033333]
0.19	 1.31	0.17	-0.42	108_D	[-7.7789  20.14075 71.0605 ]
-0.05	 0.06	-0.07	0.06	108_D	[-7.25138235 17.40838235 68.57102941]
0.02	 0.02	0.04	-0.09	108_D	[-9.3643  20.7011  64.97345]
-0.0	 0.79	-0.18	0.0	108_D	[-9.31842857 18.15478571 66.76285714]
-0.15	 -0.47	0.18	0.17	108_D	[-7.11555556 19.59772222 66.30483333]
0.16	 0.74	0.01	-0.26	109_Y	[-8.2915     27.52371429 65.51      ]
0.14	 1.66	0.18	-0.43	109_Y	[-9.84505882 28.67282353 65.25176471]
0.07	 0.06	0.03	-0.19	109_Y	[-7.5634375 28.6526875 65.8329375]
0.04	 0.3	-0.08	-0.06	110_K	[-1.38909091 22.31721212 71.51060606]
0.08	 0.59	-0.05	-0.18	110_K	[-1.518375 19.8905   72.036875]
-0.0	 0.52	-0.19	-0.09	110_K	[-4.62636842 17.71105263 71.98794737]
-0.02	 0.44	-0.09	-0.01	110_K	[-1.39058824 17.37870588 71.46276471]
0.01	 -2.61	-0.02	-0.11	110_K	[-1.96822222 15.14288889 71.94888889]
0.09	 0.44	0.01	-0.24	110_K	[-6.07196875 19.849125   71.92615625]
0.12	 0.89	-0.03	-0.21	110_K	[-4.23894444 19.22844444 69.01127778]
0.09	 0.44	0.08	-0.22	110_K	[-1.36994444 19.51694444 70.20288889]
0.03	 0.23	-0.06	-0.18	110_K	[-2.462      19.98990476 73.216     ]
-0.14	 -0.55	-0.05	0.2	110_K	[-4.3262381  17.92185714 72.99585714]
-0.13	 -0.33	-0.27	0.17	110_K	[-4.65859091 17.44763636 70.29709091]
-0.12	 -0.41	-0.38	0.44	110_K	[-1.63764286 17.35889286 69.77860714]
-0.14	 -0.48	0.04	0.33	110_K	[-1.04207143 17.70260714 72.64021429]
-0.35	 -0.77	0.29	0.55	110_K	[-1.13481818 14.84631818 71.76036364]
-0.31	 -0.87	0.14	0.45	110_K	[-3.00068182 15.67045455 73.35522727]
-0.24	 -0.72	0.16	0.35	110_K	[-3.53551852 15.24833333 71.08959259]
-0.1	 -0.09	0.02	0.1	111_I	[ 0.58453846 23.76802564 67.89      ]
-0.03	 0.47	-0.04	-0.09	111_I	[-1.20676923 19.57761538 67.12315385]
-0.08	 -0.26	-0.16	0.11	111_I	[-1.08360714 23.50267857 64.73807143]
-0.18	 -1.24	-0.03	0.29	111_I	[-1.50444 19.13156 64.16644]
0.11	 0.8	0.1	-0.3	111_I	[-4.28155 20.58085 67.78165]
-0.05	 -0.12	0.07	0.05	111_I	[-0.24606667 20.83106667 68.69553333]
0.06	 0.6	-0.19	-0.09	111_I	[-3.75916 21.6334  66.12672]
-0.19	 -0.63	0.06	0.22	111_I	[ 0.5693  20.26585 66.62285]
-0.03	 0.22	-0.11	-0.04	111_I	[-1.95970968 19.13632258 67.75206452]
-0.14	 -0.52	0.16	0.16	111_I	[-1.7748  22.16425 64.06745]
-0.14	 -0.56	0.11	0.22	111_I	[ 0.64057895 22.36321053 65.532     ]
-0.27	 -1.04	0.32	0.51	111_I	[-0.7524  18.1094  64.79905]
-0.18	 -0.44	0.03	0.29	111_I	[-3.10424138 19.77737931 65.11824138]
-0.11	 -0.33	0.06	0.16	111_I	[-0.54032 20.69488 63.83184]
0.06	 -1.34	-0.03	-0.06	112_L	[-0.11645455 26.47781818 69.42118182]
0.17	 0.76	0.07	-0.32	112_L	[-0.33055 28.17555 70.32575]
0.05	 0.47	-0.09	0.07	112_L	[-3.144      25.40833333 64.59166667]
-0.02	 -0.03	-0.21	-0.02	112_L	[-5.81556757 26.24851351 65.02172973]
-0.06	 -0.13	-0.09	0.06	112_L	[-1.83004545 27.23804545 64.5245    ]
0.1	 0.56	-0.05	-0.18	112_L	[-0.16405882 26.54258824 67.60635294]
0.11	 0.74	0.03	-0.23	112_L	[-3.57095 24.24255 65.61335]
-0.19	 -0.92	-0.03	0.52	112_L	[-4.98580769 26.14238462 64.11515385]
0.11	 1.24	0.21	-0.51	112_L	[-6.21828571 24.84421429 65.64521429]
0.08	 0.77	0.06	-0.23	112_L	[-5.19908824 28.57423529 66.16470588]
-0.19	 -0.63	0.07	0.28	112_L	[-2.39309677 26.66467742 63.94106452]
-0.03	 -0.06	-0.08	0.07	112_L	[-2.9127 28.9157 65.4499]
0.01	 -0.01	-0.03	0.0	112_L	[-0.45670588 26.06305882 65.70441176]
0.16	 0.95	0.01	-0.29	113_G	[-0.3524 24.5236 70.4883]
0.08	 0.74	-0.0	-0.14	113_G	[ 0.37741667 25.925      71.70891667]
0.14	 0.83	0.01	-0.3	113_G	[-2.1989  24.41875 74.21085]
-0.01	 0.24	1.14	0.15	113_G	[-0.85727273 24.45218182 73.03978788]
0.01	 0.16	-0.19	-0.05	113_G	[ 0.26963636 26.89627273 71.65      ]
0.05	 1.19	0.13	-0.41	115_Q	[-6.5745 20.8415 74.444 ]
-0.06	 0.02	-0.08	-0.04	115_Q	[-8.24205556 21.03205556 73.98622222]
0.0	 -0.07	-0.07	-0.04	115_Q	[-8.934      20.92185714 75.35185714]
0.04	 0.71	0.02	-0.25	115_Q	[-6.16475 20.501   75.08225]
0.03	 1.21	-0.02	-0.23	115_Q	[-4.841      19.91133333 76.37833333]
-0.11	 0.89	-0.01	0.06	115_Q	[-3.83446154 19.88492308 77.24061538]
-0.24	 -0.44	-0.13	0.34	115_Q	[-4.03242105 21.58852632 78.71555263]
-0.09	 0.44	-0.01	0.06	115_Q	[-1.48652941 20.61505882 76.62088235]
0.23	 1.47	0.2	-0.47	115_Q	[-5.01992593 25.08288889 76.50348148]
0.07	 0.63	-0.11	-0.09	115_Q	[-6.125    20.817625 73.68125 ]
0.08	 0.5	-0.1	-0.18	115_Q	[-5.80934615 23.35376923 77.61238462]
-0.02	 -0.09	-0.07	0.04	115_Q	[-7.06133333 20.71485185 76.60733333]
-0.05	 0.52	-0.13	-0.04	115_Q	[-4.45493548 19.79832258 74.65580645]
0.21	 1.03	0.56	-0.31	115_Q	[-2.93788889 22.56527778 74.07727778]
-0.09	 -0.32	2.68	0.35	115_Q	[-1.7932   21.548775 75.2345  ]
-0.15	 -0.39	0.04	0.23	115_Q	[-1.30729032 21.52051613 78.11241935]
0.13	 1.28	0.2	-0.44	116_F	[-8.0986875 21.3683125 72.707375 ]
0.08	 1.69	0.3	-0.56	116_F	[-9.729      20.87885714 73.23842857]
0.17	 1.42	0.29	-0.55	116_F	[-9.0862 21.0034 72.1187]
0.07	 1.36	-0.15	-0.11	116_F	[-12.7574  21.8668  74.6098]
0.06	 0.49	-0.12	-0.1	116_F	[-14.6048125  22.271125   74.1933125]
0.04	 0.61	-0.08	-0.18	116_F	[-10.55411111  21.17127778  74.19394444]
0.08	 0.79	-0.01	-0.19	116_F	[-12.2865     21.9814375  75.509875 ]
-0.0	 0.02	-0.09	0.03	116_F	[-15.22971429  23.07377143  75.85985714]
0.21	 1.36	0.07	-0.32	117_K	[-15.14265  21.5012   72.39275]
0.06	 0.47	-0.04	0.02	117_K	[-11.512       18.48933333  72.36933333]
0.11	 1.26	0.08	-0.38	117_K	[-12.345   15.9025  70.6195]
0.02	 0.83	-0.02	-0.13	117_K	[-10.30586667  15.93686667  69.11613333]
-0.01	 -4.68	-0.01	-0.08	117_K	[-9.12383333 15.316      71.66883333]
0.06	 0.66	-0.02	-0.15	117_K	[-12.36495  20.9201   73.3211 ]
0.08	 0.68	-0.1	-0.11	117_K	[-13.63206667  19.2368      72.42073333]
0.02	 0.29	-0.09	-0.08	117_K	[-10.13786842  19.28576316  72.26510526]
-0.01	 0.28	-0.5	0.24	117_K	[-12.7831      16.83233333  72.0058    ]
-0.22	 -0.64	-0.08	0.32	117_K	[-11.23908  15.4584   69.1806 ]
0.05	 -0.54	0.03	-0.18	117_K	[-9.56766667 16.95311111 68.18433333]
-0.22	 -0.41	0.07	0.37	117_K	[-8.097      15.52472414 70.80955172]
-0.11	 0.27	0.16	-0.28	117_K	[-8.227      17.65148276 71.66503448]
-0.26	 -0.58	0.12	0.33	117_K	[-10.33438462  15.56142308  72.21215385]
0.09	 0.98	0.6	-0.98	119_F	[-15.7252  15.2712  68.5002]
0.05	 0.87	-0.01	-0.1	119_F	[-15.394       15.24016667  69.03816667]
-0.03	 0.4	-0.02	-0.11	119_F	[-15.59648571  15.90285714  66.95414286]
0.02	 0.39	-0.09	-0.14	119_F	[-14.338975  15.631325  69.966275]
0.06	 0.34	-0.06	-0.21	120_A	[-19.77629412  23.10764706  62.01294118]
0.12	 1.34	0.03	-0.29	120_A	[-20.97725     22.90566667  62.08875   ]
0.17	 1.19	0.31	-0.55	120_A	[-18.73563636  23.50445455  62.08136364]
0.13	 0.94	-0.02	-0.25	122_E	[-19.0069  21.2974  74.3554]
0.09	 0.66	-0.03	-0.23	122_E	[-17.22717143  21.41445714  73.36451429]
-0.05	 -0.08	-0.2	-0.0	122_E	[-19.76952  19.575    73.9724 ]
0.12	 0.72	0.04	-0.11	122_E	[-22.25375556  20.67348889  72.16024444]
0.05	 0.9	0.19	-0.42	124_L	[-25.99871429  27.19857143  62.72614286]
0.14	 1.0	0.03	-0.28	124_L	[-24.65263636  23.467       61.74139394]
0.13	 1.29	-0.11	-0.18	124_L	[-25.8683  26.8275  62.2044]
0.07	 1.1	0.03	-0.72	125_Y	[-24.02757143  21.57257143  72.59328571]
0.16	 1.16	0.06	-0.33	125_Y	[-24.88388235  20.82258824  72.18729412]
0.09	 1.23	0.16	-0.36	125_Y	[-24.14053846  21.76430769  73.64884615]
0.14	 1.42	0.12	-0.34	125_Y	[-25.73629412  20.01341176  73.99923529]
0.03	 0.18	-0.21	-0.05	125_Y	[-24.29053333  21.75193333  75.37066667]
-0.03	 0.26	-0.27	0.06	125_Y	[-25.4716875  20.3166875  75.1811875]
-0.05	 0.21	-0.46	0.18	125_Y	[-26.83055556  20.26951852  76.61392593]
0.14	 1.48	0.06	-0.34	125_Y	[-24.33254545  22.63654545  76.51727273]
-0.09	 -1.09	-0.06	0.1	125_Y	[-26.31295455  21.69731818  77.83859091]
0.26	 1.56	0.3	-0.54	127_I	[-25.24944444  29.24355556  63.67588889]
0.07	 1.08	-0.0	-0.07	129_F	[-28.23266667  28.80766667  79.57633333]
0.08	 0.85	0.61	-1.01	129_F	[-27.9624  29.346   79.6062]
0.13	 0.39	0.06	-0.22	129_F	[-29.448       28.694625    79.63716667]
0.11	 0.61	-0.06	-0.16	129_F	[-28.02694444  30.26633333  79.97544444]
0.17	 1.59	0.0	-0.3	131_Y	[-32.01154545  31.306       64.53972727]
0.08	 0.73	0.08	-0.35	131_Y	[-32.0094      32.11873333  64.24373333]
0.03	 0.71	-0.02	-0.17	131_Y	[-30.974125    32.95704167  63.65725   ]
0.11	 0.63	0.05	-0.29	131_Y	[-32.750625    35.83445833  66.35704167]
-0.13	 -0.06	-0.12	0.1	131_Y	[-30.82545  35.3073   64.65875]
0.14	 1.01	0.02	-0.27	132_A	[-36.47961538  32.58896154  75.62861538]
-0.04	 0.06	-0.12	-0.0	133_K	[-34.72873171  35.73634146  76.23182927]
0.12	 1.01	-0.1	-0.22	133_K	[-31.93028571  34.579       79.42785714]
-0.02	 -9.94	0.0	0.03	133_K	[-30.29866667  33.31333333  81.93866667]
0.14	 -0.1	-0.01	-0.16	133_K	[-34.577       32.89706667  76.92833333]
0.08	 0.4	-0.02	-0.08	133_K	[-33.01186957  34.01178261  78.32326087]
-0.1	 -0.25	-0.08	0.17	133_K	[-30.16945161  31.38819355  81.29287097]
0.03	 0.42	0.01	-0.19	133_K	[-29.4126      34.56588571  80.65028571]
-0.14	 -0.29	-0.05	0.21	133_K	[-31.91864286  33.25185714  81.06507143]
0.14	 1.23	0.44	-0.71	134_K	[-35.0992  37.4703  72.1859]
0.13	 1.63	0.09	-0.34	134_K	[-36.67083333  36.855       73.6615    ]
-0.02	 0.31	-0.09	-0.04	134_K	[-36.90732258  37.14216129  71.66787097]
0.13	 1.28	0.4	-0.61	134_K	[-31.83844444  37.06111111  68.30877778]
0.02	 0.16	-0.05	-0.1	134_K	[-35.3178  38.7389  69.9404]
-0.02	 -9.94	0.0	0.03	134_K	[-33.35966667  39.534       67.01066667]
0.04	 0.05	0.0	-0.12	134_K	[-34.69875   37.341     73.638375]
0.04	 0.35	-0.18	-0.06	134_K	[-33.21133333  38.46933333  72.40453333]
0.08	 0.63	-0.05	-0.17	134_K	[-35.9719  37.7827  69.8119]
-0.03	 0.31	-0.01	-0.01	134_K	[-33.62897297  39.27010811  70.67072973]
-0.26	 -0.49	0.07	0.29	134_K	[-34.29409091  40.14845455  67.97527273]
-0.02	 0.48	0.07	-0.26	134_K	[-32.18841176  38.89588235  67.67376471]
-0.02	 0.12	-0.15	-0.03	134_K	[-33.833       37.6951      66.74636667]
0.08	 0.97	0.08	-0.31	135_E	[-39.15316667  34.51916667  70.79575   ]
-0.06	 0.35	-0.01	-0.01	135_E	[-40.41983333  33.01470833  71.55458333]
0.07	 1.77	0.01	-0.2	135_E	[-39.72688889  35.26188889  72.14011111]
0.06	 0.54	-0.07	-0.14	135_E	[-38.22613333  35.06646667  76.0792    ]
-0.13	 -0.29	-0.04	0.1	135_E	[-39.69057143  36.91232143  75.24625   ]
-0.26	 -0.71	0.12	0.33	135_E	[-40.49797561  37.31631707  73.84687805]
-0.36	 -1.06	0.26	0.52	135_E	[-39.53126471  37.62047059  76.97935294]
-0.04	 -0.25	-0.06	-0.06	135_E	[-38.86957143  36.0005      71.88857143]
-0.16	 -0.64	-0.09	0.15	135_E	[-40.47626667  34.34693333  73.41733333]
-0.18	 -0.3	-0.02	0.08	135_E	[-39.09188889  33.91462963  75.73655556]
-0.04	 -0.09	-0.24	0.04	135_E	[-37.0385      36.41111111  75.52105556]
0.15	 1.23	0.02	-0.26	136_E	[-38.7106  32.0394  68.0166]
0.05	 0.37	-0.17	0.05	136_E	[-38.423       33.38133333  67.64833333]
-0.01	 0.27	0.01	-0.12	136_E	[-38.69590909  35.41281818  69.18409091]
0.1	 1.48	0.26	-0.5	136_E	[-37.3346  36.2132  66.3496]
-0.13	 0.05	-0.04	0.11	136_E	[-36.80008824  37.62326471  67.4555    ]
-0.09	 -0.16	-0.11	0.06	136_E	[-39.55095833  32.45729167  68.77420833]
0.11	 0.72	0.06	-0.28	136_E	[-37.94194737  32.73947368  66.91547368]
-0.16	 -0.16	0.05	0.21	136_E	[-38.62776  35.03312  67.43116]
0.02	 0.29	-0.1	0.01	136_E	[-38.12775     36.0295      69.78833333]
0.12	 1.42	0.17	-0.44	137_W	[-39.59663636  27.23172727  68.86545455]
0.06	 0.33	-0.07	-0.15	137_W	[-40.78588889  27.69433333  70.75955556]
0.13	 0.15	0.09	-0.33	137_W	[-41.45809091  31.052       73.43790909]
0.2	 1.81	0.14	-0.4	137_W	[-40.37866667  31.19808333  69.784     ]
-0.05	 0.27	-0.27	0.08	137_W	[-41.3828   28.7971   70.24745]
0.08	 0.11	-0.02	-0.19	137_W	[-39.89344  26.58864  70.97448]
-0.14	 -0.16	-0.08	0.12	137_W	[-41.58152381  30.59114286  71.91952381]
-0.08	 -0.2	-0.1	-0.01	137_W	[-40.67676  31.58544  74.91156]
0.01	 0.16	-0.01	-0.05	137_W	[-38.44521875  30.59871875  76.62790625]
0.17	 1.49	0.29	-0.54	137_W	[-36.86469231  28.99807692  77.78115385]
0.07	 0.89	0.22	-0.51	138_K	[-38.84983333  26.92633333  65.2815    ]
0.1	 2.15	0.05	-0.26	138_K	[-37.98892308  26.50384615  65.04038462]
0.02	 0.23	-0.12	-0.1	138_K	[-39.82338462  29.08038462  64.50084615]
-0.01	 0.35	-0.14	-0.03	138_K	[-41.79161111  27.34333333  65.86194444]
0.03	 0.27	-0.07	-0.03	138_K	[-42.43109091  30.57409091  65.16745455]
-0.07	 -0.18	-0.09	0.11	138_K	[-44.192       28.59525     66.56908333]
0.0	 -2.96	-0.02	-0.12	138_K	[-44.49911111  30.78611111  67.789     ]
0.03	 0.57	-0.26	-0.12	138_K	[-39.80454839  26.46867742  66.85893548]
0.03	 0.27	-0.03	-0.17	138_K	[-39.62541379  30.76968966  65.91058621]
-0.05	 0.2	-0.05	-0.05	138_K	[-39.24455263  28.41455263  64.00807895]
-0.25	 -0.87	0.11	0.39	138_K	[-42.12525     27.43145833  64.87941667]
-0.01	 0.07	-0.08	0.01	138_K	[-41.24878571  27.37675     67.54507143]
-0.04	 -0.18	-0.0	-0.02	138_K	[-41.40055556  31.23366667  66.85538889]
-0.2	 -0.57	0.03	0.27	138_K	[-42.7345      30.04757143  64.47785714]
-0.29	 -0.98	0.2	0.47	138_K	[-44.7269   28.82445  65.8399 ]
-0.14	 -0.66	0.07	0.12	138_K	[-43.2261   28.5391   68.21415]
-0.43	 -0.99	0.33	0.62	138_K	[-45.2396   30.4751   68.24975]
-0.23	 -0.37	-0.1	0.32	138_K	[-42.54257692  31.03846154  68.61126923]
-0.34	 -0.95	0.22	0.47	138_K	[-44.51936842  31.57505263  66.27663158]
0.06	 1.21	-0.07	-0.16	139_K	[-36.3485      31.3865      63.06316667]
0.07	 0.37	-0.17	0.06	139_K	[-34.39366667  33.21166667  63.35533333]
-0.07	 0.35	-0.13	0.08	139_K	[-36.71223077  33.75469231  62.95092308]
-0.0	 -0.56	-0.0	-0.13	139_K	[-35.96290909  36.32772727  63.90445455]
0.24	 1.52	0.35	-0.58	139_K	[-33.12938462  30.67615385  64.60469231]
-0.02	 0.23	-0.15	-0.0	139_K	[-34.51537931  31.29903448  63.26572414]
0.04	 0.39	-0.11	-0.11	139_K	[-37.40987179  30.98051282  64.29007692]
0.06	 0.36	0.05	-0.27	139_K	[-33.73811765  33.34717647  63.76023529]
-0.24	 -0.72	0.15	0.38	139_K	[-36.14172727  33.47381818  62.39222727]
-0.21	 -0.87	-0.04	0.25	139_K	[-37.823       33.88182609  64.49917391]
-0.33	 -0.75	0.23	0.47	139_K	[-36.773       36.3503913   63.05056522]
-0.02	 0.28	-0.09	-0.09	139_K	[-36.67944444  36.31161111  65.12811111]
-0.21	 -0.38	-0.02	0.17	139_K	[-34.37823077  35.81257692  63.76042308]
0.16	 1.73	-0.05	-0.27	141_E	[-35.48644444  23.162       64.48111111]
0.24	 1.62	0.23	-0.49	141_E	[-34.96253846  21.88523077  66.01907692]
0.09	 1.9	0.03	-0.27	141_E	[-37.72346154  24.73130769  65.34915385]
0.08	 1.23	0.26	-0.53	141_E	[-37.9144  22.0356  66.8202]
0.1	 1.31	-0.09	-0.18	141_E	[-40.35188889  23.17733333  68.11511111]
-0.21	 -0.74	-0.06	0.33	141_E	[-39.97491489  23.08668085  66.72285106]
-0.05	 0.39	0.11	-0.15	141_E	[-40.07585714  24.3052      69.25185714]
0.17	 1.17	0.08	-0.32	141_E	[-38.5396  25.0338  66.0362]
-0.07	 -0.24	-0.19	0.07	141_E	[-36.96710811  23.21881081  65.45275676]
0.09	 0.81	-0.06	-0.1	141_E	[-37.40166667  21.49633333  67.29116667]
0.36	 1.18	0.58	-0.73	142_E	[-36.0135   24.45925  64.0825 ]
0.19	 0.95	0.41	-0.62	142_E	[-33.3105  24.4085  62.0445]
0.15	 1.2	0.35	-0.07	142_E	[-32.44576923  23.92069231  61.95230769]
0.12	 1.05	0.3	-0.51	142_E	[-33.656       27.12054545  61.82472727]
0.03	 -0.16	0.08	-0.22	142_E	[-36.83061111  26.08394444  62.634     ]
0.02	 0.11	0.02	-0.09	142_E	[-36.50471429  28.57080952  61.59147619]
-0.09	 -0.06	-0.08	0.1	142_E	[-35.00185294  29.59811765  61.94955882]
-0.34	 -0.98	0.09	0.46	142_E	[-37.80937838  28.03540541  61.05883784]
-0.05	 0.1	-0.11	0.01	142_E	[-34.82511111  23.71314815  62.88003704]
-0.0	 0.19	-0.13	0.04	142_E	[-33.21679487  26.26935897  61.40897436]
-0.23	 -0.76	-0.0	0.35	142_E	[-36.31940909  25.46681818  61.31140909]
0.02	 0.32	-0.16	-0.04	142_E	[-37.3299375  26.2031875  63.7678125]
0.17	 1.13	0.09	-0.3	143_Q	[-27.20264  28.35844  63.06704]
0.07	 0.58	0.01	-0.26	143_Q	[-30.32026471  28.95902941  62.07635294]
-0.04	 0.02	-0.0	-0.01	143_Q	[-31.65176923  29.29887179  62.85797436]
-0.18	 -0.77	-0.12	0.23	143_Q	[-29.03140909  28.87431818  61.46772727]
0.13	 1.35	-0.02	-0.25	145_A	[-30.9875      20.68042857  61.70378571]
0.08	 0.56	-0.03	-0.23	145_A	[-30.82444444  18.67733333  62.62583333]
-0.11	 -0.41	-0.04	0.18	145_A	[-33.55220833  20.82191667  62.34175   ]
0.08	 0.36	-0.03	-0.17	145_A	[-32.57688  19.01912  65.11468]
-0.21	 -0.91	0.12	0.41	145_A	[-32.81636  19.56756  62.06316]
-0.11	 -0.4	-0.09	0.16	145_A	[-34.51686667  20.89936667  64.33733333]
-0.04	 -0.5	-0.1	0.09	145_A	[-32.86545455  22.30618182  61.86327273]
0.07	 0.37	-0.06	0.08	146_L	[-30.16266667  24.03166667  59.68233333]
0.09	 0.75	-0.03	-0.24	146_L	[-29.848625   26.0236875  60.519    ]
-0.16	 -0.69	-0.0	0.23	146_L	[-27.80656  23.0562   58.75184]
0.15	 2.26	0.13	-0.38	146_L	[-29.58166667  21.01858333  60.88016667]
0.01	 0.25	-0.07	0.01	146_L	[-30.85125926  23.14751852  60.92462963]
-0.15	 -1.01	-0.38	0.51	146_L	[-30.03175     26.0025      59.88570833]
-0.04	 0.03	-0.08	-0.02	146_L	[-27.22231034  26.19106897  60.87417241]
-0.23	 -1.55	0.13	0.37	146_L	[-29.05504167  24.02404167  58.38941667]
-0.15	 -0.34	0.06	0.09	146_L	[-26.40937931  23.53155172  60.015     ]
-0.08	 -0.02	0.01	0.1	146_L	[-28.12037143  21.42894286  59.78728571]
0.12	 0.09	-0.04	-0.08	148_T	[-27.17155556  14.41322222  64.41744444]
0.1	 0.94	-0.11	-0.11	148_T	[-31.368   17.2055  65.14  ]
0.1	 0.75	-0.03	-0.25	148_T	[-31.70926667  17.6182      67.35846667]
-0.09	 -0.2	-0.07	0.09	148_T	[-30.36046667  14.32733333  65.65      ]
-0.0	 -0.29	-0.07	-0.03	148_T	[-30.66171429  16.93585714  64.08135714]
-0.26	 -0.59	0.12	0.33	148_T	[-31.45504762  15.16719048  66.13328571]
-0.11	 -0.52	0.11	-0.01	148_T	[-29.36994737  14.67505263  64.54410526]
0.13	 1.38	0.14	-0.39	149_S	[-28.95088889  16.40488889  63.16077778]
0.11	 1.36	0.09	-0.48	149_S	[-28.6946  16.3414  61.9664]
0.15	 1.2	0.02	-0.31	149_S	[-25.4012  15.1078  63.1658]
-0.14	 -0.17	0.04	0.1	149_S	[-24.68076923  15.78371795  61.08717949]
0.03	 0.56	0.03	-0.14	149_S	[-27.05116667  18.19866667  59.8955    ]
-0.08	 -0.57	-0.03	0.11	149_S	[-29.58622727  17.44059091  61.39822727]
-0.15	 -0.53	-0.1	0.22	149_S	[-27.78436364  15.32863636  62.0755    ]
-0.01	 0.26	-0.17	-0.03	149_S	[-26.4815      19.53083333  60.39422222]
-0.41	 -0.83	0.19	0.5	149_S	[-27.348125  16.875625  59.353375]
-0.23	 -0.7	0.01	0.28	149_S	[-29.47837037  18.95362963  60.10122222]
0.21	 1.5	0.1	-0.37	150_M	[-21.823875   15.951125   63.3270625]
-0.04	 0.1	0.25	0.34	150_M	[-23.936       21.23611111  61.03844444]
-0.18	 -0.67	-0.02	0.23	150_M	[-22.80467347  19.12171429  59.70118367]
0.09	 1.29	-0.04	-0.22	150_M	[-20.24626316  19.61573684  60.27673684]
0.1	 0.06	-0.05	-0.15	150_M	[-22.0861875  16.8508125  61.808    ]
0.07	 0.61	-0.31	0.02	150_M	[-25.22273077  20.761       61.1695    ]
0.07	 0.62	-0.01	-0.21	150_M	[-22.48276471  21.83552941  61.50135294]
0.02	 0.59	-0.08	-0.09	150_M	[-19.41807692  18.71292308  59.62238462]
0.09	 1.21	0.08	-0.29	150_M	[-20.45383333  21.37866667  61.28216667]
0.13	 1.05	0.13	-0.34	150_M	[-20.92783333  17.50783333  61.372     ]
0.16	 1.55	-0.1	-0.19	151_K	[-22.6158  12.9766  66.5002]
-0.16	 -0.19	-0.02	0.11	151_K	[-22.22695238  13.5937619   64.34938095]
0.08	 1.85	-0.06	-0.22	151_K	[-24.18325   12.81875   66.356875]
0.06	 0.58	-0.09	-0.19	151_K	[-25.84816667  12.25077778  69.03638889]
0.04	 1.77	-0.04	-0.25	151_K	[-28.15977778  11.49588889  68.05255556]
0.04	 0.16	0.05	-0.11	151_K	[-25.15413043  13.71021739  65.21265217]
0.09	 0.29	-0.01	-0.19	151_K	[-23.25119048  13.00942857  67.63009524]
0.11	 -0.02	-0.04	-0.07	151_K	[-27.475       13.30366667  65.93555556]
-0.09	 -0.24	0.01	0.06	151_K	[-25.20568182  12.24318182  68.39668182]
-0.17	 -0.23	0.01	0.24	151_K	[-27.43205882  11.07255882  69.36317647]
-0.1	 -0.65	-0.02	0.15	151_K	[-28.8516   12.33755  67.34215]
0.08	 1.29	0.37	-0.71	152_S	[-18.8144  12.6538  65.1776]
0.1	 0.67	0.03	-0.25	152_S	[-19.70372414  12.5842069   67.39424138]
-0.21	 -0.58	0.12	0.23	152_S	[-19.12605556  11.14169444  66.66147222]
0.09	 0.9	0.2	-0.32	152_S	[-17.47765385  14.63530769  64.90123077]
-0.06	 0.07	-0.21	0.11	152_S	[-19.97504167  12.70866667  64.68795833]
-0.1	 0.04	-0.13	0.08	152_S	[-17.17769231  13.93057692  66.05846154]
0.09	 1.38	0.08	-0.38	153_E	[-17.333875  12.45475   68.604625]
0.1	 0.26	-0.11	-0.1	153_E	[-20.74558333  10.9075      69.009     ]
0.09	 0.55	0.02	-0.26	153_E	[-22.37141379  12.28634483  69.75382759]
0.07	 1.47	0.04	-0.27	153_E	[-17.10133333  12.99666667  68.933     ]
0.11	 0.88	-0.13	-0.15	153_E	[-16.1401  10.7563  71.3101]
-0.13	 -0.54	-0.13	0.11	153_E	[-14.91688889  13.54511111  71.86444444]
0.14	 1.58	0.16	-0.43	153_E	[-15.2615      15.07521429  72.173     ]
-0.19	 -0.4	0.06	0.21	153_E	[-15.78025     11.86283333  73.52302083]
0.06	 0.41	-0.09	-0.13	153_E	[-17.5308  11.2271  68.5791]
0.09	 1.1	0.07	-0.31	153_E	[-16.74269231  13.97980769  68.99684615]
-0.2	 -0.39	0.06	0.25	153_E	[-15.86666667  11.88779167  70.03533333]
0.06	 0.92	0.06	-0.27	154_P	[-20.29057143   9.58114286  69.74971429]
0.08	 1.07	0.38	-0.66	154_P	[-21.5633   9.0525  71.101 ]
0.04	 0.93	-0.04	-0.18	154_P	[-21.43022222  10.30733333  74.41766667]
0.01	 0.23	-0.03	-0.11	154_P	[-23.23808333  10.31647222  72.81330556]
-0.07	 -0.03	-0.09	0.02	154_P	[-20.71561111   8.20438889  73.19522222]
-0.12	 -0.27	-0.04	0.12	154_P	[-18.4086875   7.5725     71.441375 ]
0.05	 0.77	0.05	-0.2	154_P	[-18.46121053   9.68542105  69.75594737]
-0.31	 -0.71	-0.2	0.47	154_P	[-22.46095   9.53175  70.9619 ]
-0.1	 -0.47	-0.09	0.17	154_P	[-19.52777778   9.60207407  73.96037037]
-0.25	 -0.72	0.13	0.41	154_P	[-21.31845455   7.66518182  72.666     ]
-0.3	 -0.94	0.23	0.5	154_P	[-17.82657895   7.69363158  72.20952632]
-0.23	 -0.62	0.15	0.41	154_P	[-19.74543478   7.49786957  70.22634783]
-0.0	 0.39	-0.28	0.04	154_P	[-17.3383125   9.82525    72.18025  ]
-0.18	 -0.39	-0.14	0.24	154_P	[-18.09421053   9.40721053  69.22647368]
0.08	 1.06	0.05	-0.32	155_R	[-20.82285714  11.077       75.03242857]
0.19	 0.54	0.08	-0.33	155_R	[-22.58695652  15.692       75.3913913 ]
-0.08	 -0.47	-0.06	0.05	155_R	[-19.964       12.41177778  76.42244444]
-0.06	 -0.02	-0.07	0.01	155_R	[-19.28864286  15.92942857  76.69685714]
-0.05	 0.54	-0.04	0.09	155_R	[-18.0488  17.3274  75.8258]
-0.05	 -0.36	0.03	-0.01	155_R	[-16.69226316  16.88073684  75.66805263]
-0.07	 -0.11	0.04	0.05	155_R	[-15.8795      14.92407143  75.6065    ]
-0.15	 0.29	0.01	0.16	155_R	[-15.65275  18.2095   74.30125]
0.21	 1.39	0.39	-0.62	155_R	[-18.53072222  11.44461111  73.40077778]
-0.0	 0.02	-0.04	-0.01	155_R	[-22.82417391  11.9696087   75.515     ]
-0.05	 0.0	-0.08	0.04	155_R	[-21.161       13.58295833  76.93058333]
-0.12	 -0.59	-0.05	0.18	155_R	[-18.95734783  12.02478261  75.47030435]
-0.05	 0.24	-0.41	0.24	155_R	[-20.8212381   16.03309524  76.07480952]
-0.16	 -0.77	0.11	0.3	155_R	[-18.45311111  14.78666667  76.84833333]
0.02	 0.47	-0.01	-0.0	155_R	[-19.2745      17.71314286  74.901     ]
0.01	 0.13	0.0	-0.01	155_R	[-16.97872727  13.79663636  75.57390909]
-0.14	 -0.66	-0.23	0.33	155_R	[-14.75884615  15.15484615  74.12257692]
0.06	 0.67	0.05	-0.15	155_R	[-16.581    19.06025  73.508  ]
0.02	 0.38	0.09	-0.22	155_R	[-14.70639286  16.86553571  72.99739286]
0.17	 1.49	0.29	-0.54	156_H	[-22.01770588  18.25964706  71.38882353]
0.15	 0.56	0.01	-0.27	156_H	[-23.45588889  16.57788889  73.21094444]
0.02	 0.27	-0.17	-0.07	156_H	[-21.39851852  17.60659259  72.93144444]
0.16	 1.16	0.22	-0.49	157_S	[-24.34945833  12.62920833  71.01066667]
0.16	 1.55	0.26	-0.51	157_S	[-25.3748  12.2354  71.039 ]
0.09	 0.92	-0.11	-0.17	157_S	[-27.97783333  13.2455      74.56225   ]
0.15	 1.73	0.01	-0.29	157_S	[-28.82023077  13.30261538  73.98961538]
-0.04	 0.38	-0.05	-0.13	157_S	[-26.90558824  11.01111765  72.80811765]
0.03	 -0.0	-0.19	-0.03	157_S	[-26.05603448  12.23258621  75.52982759]
-0.17	 -0.68	-0.04	0.28	157_S	[-27.88848148  11.22118519  72.9072963 ]
-0.16	 -0.22	-0.22	0.25	157_S	[-25.48008  10.59576  72.0744 ]
-0.24	 -0.68	0.15	0.38	157_S	[-25.67744828  10.56482759  75.15510345]
0.19	 1.74	0.22	-0.49	158_K	[-26.04036364  17.934       74.002     ]
0.2	 1.3	0.16	-0.43	158_K	[-28.415       18.77561538  75.85207692]
0.03	 0.57	-0.15	-0.18	158_K	[-25.72907692  18.24969231  76.04769231]
0.15	 0.62	0.09	-0.35	158_K	[-26.35463636  13.51254545  77.19236364]
0.01	 1.26	-0.09	-0.04	158_K	[-25.483875  17.52325   78.610625]
-0.03	 0.16	-0.02	-0.08	158_K	[-24.5980625  14.10575    79.486375 ]
-0.01	 -4.68	-0.01	-0.08	158_K	[-22.90233333  15.68616667  80.90183333]
0.17	 1.47	0.31	-0.56	158_K	[-27.6763   13.93325  75.8743 ]
0.02	 -0.24	-0.02	-0.09	158_K	[-24.81696154  17.12007692  75.18769231]
0.04	 -0.06	-0.22	-0.06	158_K	[-26.64762069  17.98527586  77.02382759]
0.04	 -0.28	-0.02	-0.15	158_K	[-24.945       13.40526667  76.67933333]
-0.05	 -0.54	-0.12	0.17	158_K	[-24.51343478  17.324       77.55108696]
-0.09	 -0.7	-0.05	0.17	158_K	[-26.477       16.55476471  79.61870588]
-0.13	 0.15	-0.02	0.16	158_K	[-25.31806897  13.80189655  79.71237931]
-0.04	 -0.34	-0.16	0.13	158_K	[-23.32035714  13.589       77.81471429]
-0.29	 -0.71	0.14	0.42	158_K	[-22.24884615  14.68846154  80.28726923]
-0.04	 -0.07	-1.18	0.07	158_K	[-22.25421212  16.2859697   78.55506061]
-0.22	 -0.44	0.11	0.33	158_K	[-23.9487931   16.56234483  80.79355172]
0.14	 1.28	0.14	-0.42	159_I	[-24.79842857  19.64728571  71.43857143]
0.11	 0.72	-0.03	-0.16	159_I	[-24.85526471  18.58497059  72.04632353]
0.26	 1.52	0.35	-0.59	159_I	[-23.2840625  18.76575    70.51975  ]
0.09	 0.51	-0.14	-0.11	160_D	[-32.292       14.55877778  74.05055556]
0.03	 0.66	-0.04	-0.14	160_D	[-34.00352632  15.599       73.25978947]
-0.02	 0.51	-0.05	-0.1	160_D	[-31.55663158  13.30142105  72.19852632]
-0.21	 -0.89	-0.09	0.22	160_D	[-31.593    12.64225  70.1315 ]
-0.02	 0.38	-0.03	-0.09	160_D	[-31.5334878   14.77012195  68.91002439]
-0.1	 -0.43	0.1	0.13	160_D	[-29.90914286  11.82338095  70.15357143]
0.14	 1.16	0.05	-0.3	160_D	[-32.84545455  15.87490909  70.68145455]
-0.01	 -0.03	0.0	0.0	160_D	[-30.11266667  12.98711111  73.13022222]
-0.17	 -0.16	0.16	0.09	160_D	[-32.62321429  13.90157143  71.84589286]
0.13	 1.58	0.11	-0.38	161_K	[-31.20375     14.49733333  74.57233333]
0.13	 1.46	0.3	-0.57	161_K	[-33.02177778  16.40888889  76.91711111]
0.14	 1.12	0.2	-0.45	161_K	[-33.74477273  17.34527273  77.018     ]
0.08	 0.85	0.05	-0.26	161_K	[-31.45410526  16.95747368  77.32278947]
-0.0	 1.51	0.0	-0.14	161_K	[-31.2365      14.41271429  77.03271429]
0.03	 0.81	-0.09	-0.05	161_K	[-29.37338889  16.33327778  79.18144444]
-0.04	 0.28	-0.07	-0.0	161_K	[-30.0396875  12.9480625  78.6609375]
0.0	 -3.0	-0.01	-0.12	161_K	[-28.56766667  13.23277778  81.03888889]
0.13	 0.53	0.07	-0.24	161_K	[-32.91875     14.96583333  75.58083333]
0.12	 1.04	0.08	-0.33	161_K	[-29.31173333  18.03746667  76.53513333]
-0.07	 -0.12	-0.1	-0.01	161_K	[-31.427       17.98041935  77.75651613]
-0.17	 -0.46	-0.37	0.27	161_K	[-32.282    14.50684  77.483  ]
-0.02	 -0.37	-0.09	-0.02	161_K	[-29.80795238  13.92328571  75.76495238]
0.09	 0.6	-0.02	-0.17	161_K	[-28.40793333  16.73893333  78.37833333]
-0.22	 -0.79	0.03	0.26	161_K	[-30.66090909  16.15213636  79.55081818]
-0.2	 -0.93	0.11	0.23	161_K	[-30.96234615  13.25438462  79.19423077]
-0.12	 -0.07	-0.0	0.18	161_K	[-28.15525     13.009       78.03292857]
-0.32	 -0.76	0.22	0.47	161_K	[-28.68813043  12.32552174  80.98695652]
-0.1	 0.17	-0.08	0.01	161_K	[-27.2567037   14.34144444  80.57511111]
-0.27	 -0.45	0.1	0.33	161_K	[-29.64148148  14.63881481  81.41059259]
0.04	 0.16	-0.18	-0.11	162_A	[-30.49966667  19.24688889  76.15122222]
0.08	 0.9	0.16	-0.48	162_A	[-30.97627273  19.84463636  76.339     ]
0.21	 1.42	0.32	-0.56	162_A	[-31.57964286  20.10242857  76.78907143]
0.12	 0.92	0.21	-0.4	162_A	[-29.49457143  20.49238095  75.88095238]
0.11	 1.17	0.22	-0.38	163_M	[-32.82471429  16.89985714  69.77757143]
0.01	 0.24	-0.11	-0.05	163_M	[-35.266575  19.61055   67.22955 ]
0.2	 1.21	0.45	-0.69	163_M	[-32.33428571  17.49752381  69.3452381 ]
0.16	 0.73	0.06	-0.29	163_M	[-34.85826087  16.56304348  71.35478261]
-0.06	 0.15	-0.2	0.0	163_M	[-34.90497368  16.75918421  68.93436842]
0.2	 1.1	0.4	-0.6	163_M	[-37.22566667  20.45566667  67.89916667]
0.17	 1.31	0.37	-0.6	164_E	[-39.24236  18.3916   75.73108]
0.12	 1.85	0.26	-0.52	164_E	[-37.578625  15.22025   74.869875]
-0.11	 -0.64	-0.09	0.07	164_E	[-36.16162069  15.36189655  77.42965517]
-0.1	 -0.12	-0.01	0.06	164_E	[-34.68306818  14.65113636  77.03186364]
-0.1	 -1.01	0.12	0.54	164_E	[-37.83183871  14.7316129   78.59096774]
-0.04	 0.19	-0.16	-0.03	164_E	[-36.01886957  15.39826087  73.82152174]
0.16	 0.68	0.01	-0.23	164_E	[-37.44983333  17.6835      77.72020833]
-0.04	 0.21	-0.16	-0.02	164_E	[-38.78437931  16.28865517  75.78134483]
-0.12	 -0.41	-0.09	0.14	165_C	[-33.93675926  20.39925926  79.24233333]
0.22	 1.53	0.12	-0.37	165_C	[-36.9379   20.17615  78.1953 ]
0.05	 0.74	-0.18	-0.0	165_C	[-33.43657143  18.37857143  78.02885714]
0.18	 1.18	0.07	-0.31	166_V	[-39.97146154  24.74665385  72.39026923]
0.1	 1.1	0.39	-0.73	167_W	[-41.5996  21.3204  72.2184]
0.08	 0.91	0.05	-0.38	167_W	[-41.066   23.3422  72.9692]
-0.16	 -0.5	-0.06	0.21	167_W	[-42.43627273  22.53877273  73.83213636]
0.08	 1.2	0.11	-0.37	167_W	[-41.16770588  19.82047059  72.86264706]
-0.03	 0.21	-0.15	0.04	167_W	[-41.14866667  19.24216667  71.15166667]
-0.02	 -0.22	0.02	-0.04	167_W	[-40.64192  20.57692  69.63   ]
-0.06	 0.04	-0.02	-0.0	167_W	[-40.679375  17.63075   70.875875]
-0.08	 0.7	-0.0	0.06	167_W	[-40.083       18.99342857  68.59428571]
-0.08	 -0.24	-0.05	0.1	167_W	[-40.26436364  17.59009091  69.46572727]
-0.12	 -0.86	-0.09	0.17	167_W	[-40.47630769  16.51430769  72.30246154]
-0.07	 0.04	-0.03	0.06	167_W	[-38.85607692  16.5925      68.45580769]
-0.01	 0.32	0.05	-0.14	167_W	[-38.5197027   15.47802703  71.47597297]
-0.05	 0.14	-0.05	0.0	167_W	[-38.02110345  15.21806897  69.787     ]
0.01	 0.43	-0.08	-0.01	167_W	[-40.84921429  22.49928571  71.68735714]
-0.15	 -0.33	-0.1	0.17	167_W	[-41.56492  19.20484  73.1004 ]
0.12	 0.2	-0.17	-0.09	167_W	[-40.65857143  21.66314286  70.13628571]
-0.05	 -0.47	-0.02	0.15	167_W	[-38.7244   19.6732   67.78715]
0.02	 -0.07	-0.03	-0.02	167_W	[-39.80554545  17.19809091  73.90986364]
-0.24	 -0.62	0.04	0.35	167_W	[-37.86752381  16.93738095  67.75609524]
-0.2	 -0.35	0.04	0.29	167_W	[-38.5602   14.55516  72.58064]
-0.25	 -0.62	0.23	0.58	167_W	[-37.59556522  14.5066087   69.3766087 ]
0.06	 0.82	0.22	-0.5	168_K	[-42.4218  22.944   77.5882]
0.07	 0.71	0.0	-0.22	168_K	[-42.222875   24.5185625  76.209875 ]
-0.06	 -0.55	-0.06	0.1	168_K	[-41.57876  24.66796  78.7876 ]
0.07	 1.15	0.41	-0.67	168_K	[-40.47014286  18.62414286  76.46128571]
0.09	 0.56	-0.11	-0.06	168_K	[-41.80947368  19.83894737  79.04373684]
-0.04	 0.29	-0.03	-0.07	168_K	[-41.5892381   17.70033333  77.50509524]
0.0	 -2.96	-0.02	-0.12	168_K	[-43.31677778  16.87311111  79.31222222]
-0.11	 0.05	-0.16	0.17	168_K	[-42.8785   22.4835   76.36605]
0.18	 0.79	0.0	-0.17	168_K	[-42.1858125  22.245625   78.7738125]
0.06	 0.91	-0.28	-0.17	168_K	[-41.41325     19.25847222  75.72427778]
0.14	 0.31	0.01	-0.25	168_K	[-39.26923077  19.44619231  78.48046154]
0.1	 0.46	0.03	-0.29	168_K	[-41.86744828  19.837       80.16358621]
-0.21	 -0.47	-0.05	0.25	168_K	[-43.33285  20.4911   77.2555 ]
-0.19	 -0.39	0.09	0.32	168_K	[-42.91603704  17.95455556  76.59185185]
-0.22	 -0.24	-0.32	0.26	168_K	[-40.611875    17.15004167  78.215625  ]
-0.33	 -0.79	0.29	0.55	168_K	[-43.32943478  16.02926087  78.94721739]
-0.32	 -0.32	-0.16	0.43	168_K	[-42.40313043  18.01930435  80.622     ]
-0.25	 -0.45	0.15	0.44	168_K	[-44.46215385  18.29353846  79.14411538]
-0.05	 -0.13	0.0	0.01	169_Q	[-39.17953125  27.3203125   78.97084375]
0.08	 1.06	-0.05	-0.22	169_Q	[-41.33375  27.6595   77.953  ]
0.1	 1.89	0.19	-0.46	169_Q	[-42.5435      26.07966667  75.62983333]
-0.02	 0.44	0.01	-0.08	169_Q	[-43.13372222  28.77461111  75.30577778]
-0.24	 -0.68	0.05	0.31	169_Q	[-42.78608571  29.5562      76.61414286]
-0.11	 -0.59	-0.15	0.15	169_Q	[-43.77596  28.76716  73.78848]
-0.13	 -0.4	-0.08	0.09	169_Q	[-42.25076923  26.71230769  77.34084615]
0.11	 -0.0	-0.09	-0.11	169_Q	[-40.51178571  28.60092857  77.60235714]
0.07	 0.29	-0.05	-0.14	169_Q	[-41.83432432  26.06448649  73.96567568]
-0.2	 -0.41	0.03	0.25	169_Q	[-42.98711111  27.955       72.71903704]
-0.32	 -1.13	0.38	0.63	169_Q	[-44.67552174  29.31513043  74.22704348]
0.09	 1.66	0.14	-0.39	170_K	[-36.53338462  23.43946154  80.54969231]
0.04	 1.01	-0.05	-0.15	170_K	[-39.53976923  24.62015385  80.77061538]
0.07	 1.31	0.03	-0.19	170_K	[-37.64472222  22.00333333  81.48027778]
0.0	 0.34	0.01	-0.17	170_K	[-40.89309524  23.23938095  81.64857143]
-0.01	 -4.68	-0.01	-0.08	170_K	[-40.49533333  20.96816667  83.9835    ]
0.02	 0.22	-0.01	-0.09	170_K	[-37.53857143  26.77078571  80.13471429]
-0.07	 -0.49	-0.11	0.02	170_K	[-36.13369565  23.65247826  81.06595652]
-0.22	 -0.85	-0.01	0.32	170_K	[-38.75115  25.0966   81.5823 ]
0.09	 1.04	-0.17	-0.17	170_K	[-40.634   24.2848  80.0704]
-0.02	 -0.06	-0.17	0.01	170_K	[-38.3085      20.77245455  80.22990909]
-0.2	 -1.24	-0.02	0.28	170_K	[-37.59733333  22.59033333  82.44814286]
-0.23	 -0.92	0.07	0.39	170_K	[-40.68575     23.68729167  82.63316667]
-0.05	 -0.12	-0.04	0.04	170_K	[-41.75346667  22.07893333  80.83373333]
-0.3	 -0.57	0.14	0.36	170_K	[-41.65511538  20.84111538  83.26496154]
-0.25	 -0.02	-0.18	0.27	170_K	[-39.821       19.75513333  82.0255    ]
-0.29	 -0.88	0.11	0.39	170_K	[-39.293625    21.41266667  84.07379167]
0.12	 0.3	-0.13	-0.06	171_L	[-31.71511111  25.54311111  80.80966667]
-0.08	 -0.14	0.03	0.11	171_L	[-33.42376667  23.76933333  80.889     ]
0.1	 0.64	-0.07	-0.2	171_L	[-31.58446154  28.06930769  80.275     ]
0.06	 0.37	0.01	0.07	171_L	[-35.46033333  29.62733333  79.36266667]
-0.11	 -0.38	-0.18	0.12	171_L	[-33.243       30.32566667  81.13577778]
0.01	 -0.05	-0.0	-0.03	171_L	[-35.46175  26.34735  80.93345]
-0.07	 -0.32	-0.07	0.09	171_L	[-32.61196  27.39024  81.12504]
-0.04	 0.39	-0.09	-0.06	171_L	[-35.92718182  28.72168182  79.54618182]
-0.06	 -0.2	0.04	0.15	171_L	[-34.39828  31.3806   79.7148 ]
-0.17	 -0.67	0.09	0.27	171_L	[-33.48521429  29.7625      81.66214286]
0.16	 1.4	0.09	-0.34	171_L	[-31.26857143  29.71378571  80.08242857]
0.03	 -0.18	-0.03	-0.04	171_L	[-35.49463158  30.50857895  77.62452632]
0.09	 1.74	0.07	-0.41	172_Y	[-30.8158  24.8356  80.7332]
0.09	 0.72	-0.07	-0.13	172_Y	[-29.7322  25.691   80.6756]
0.06	 0.39	-0.06	-0.2	172_Y	[-29.55735294  26.78594118  80.07335294]
0.02	 0.46	-0.04	-0.15	172_Y	[-30.5395      21.46583333  77.97011111]
-0.07	 0.05	-0.05	0.06	172_Y	[-31.01955556  23.25337037  80.52651852]
0.04	 -0.01	0.09	-0.16	172_Y	[-29.10990476  21.76661905  78.27642857]
0.09	 0.16	-0.06	-0.12	173_E	[-24.56730769  23.35226923  78.41911538]
-0.03	 0.27	0.05	-0.1	173_E	[-24.70927273  23.669       81.64454545]
0.01	 0.56	-0.0	-0.09	173_E	[-26.80133333  24.09        83.16595238]
-0.15	 -0.23	-0.04	0.11	173_E	[-25.79458824  26.38047059  83.73923529]
-0.21	 -0.79	0.11	0.26	173_E	[-24.33594872  26.67038462  82.6294359 ]
-0.24	 -0.8	0.12	0.35	173_E	[-27.35146667  27.1334      83.1592    ]
0.08	 0.37	0.07	-0.08	173_E	[-28.02177778  22.73938889  80.18022222]
0.14	 1.39	0.35	-0.59	173_E	[-27.7723  26.8022  80.5557]
-0.24	 -0.44	0.04	0.31	173_E	[-26.13272222  22.48727778  80.69922222]
-0.03	 -0.05	-0.03	0.06	173_E	[-24.1115      24.44057143  80.90321429]
-0.21	 -0.6	-0.17	0.23	173_E	[-28.42583333  24.67755556  82.49727778]
-0.3	 -0.76	0.17	0.44	173_E	[-25.99445  23.52115  83.5083 ]
0.09	 1.28	0.29	-0.54	174_P	[-23.16871429  24.08928571  77.93042857]
0.0	 -0.02	-0.14	-0.05	174_P	[-22.67154839  25.652       79.39296774]
0.14	 1.45	0.07	-0.33	174_P	[-24.73209091  29.02909091  79.94909091]
0.07	 0.07	-0.32	0.03	174_P	[-23.22336111  28.68777778  79.35483333]
0.02	 0.43	-0.21	-0.1	174_P	[-26.57429412  28.29270588  80.35561765]
0.15	 1.42	0.13	-0.44	175_V	[-17.5685  23.068   75.0748]
0.05	 0.55	-0.06	-0.16	175_V	[-22.41134375  22.09934375  75.4115625 ]
0.03	 0.06	-0.04	-0.08	175_V	[-21.84482609  23.86365217  77.63804348]
0.01	 -0.26	-0.07	-0.0	175_V	[-18.49566667  23.13981481  76.2537037 ]
-0.16	 -0.39	0.0	0.23	175_V	[-20.76056  21.90844  76.10144]
0.07	 0.06	-0.07	-0.11	176_V	[-16.89536  24.58964  78.47324]
-0.09	 0.04	-0.26	0.11	176_V	[-17.24146429  28.26760714  81.01685714]
0.01	 0.36	-0.21	-0.08	176_V	[-20.492       29.90493548  79.00248387]
0.02	 0.09	0.07	-0.05	176_V	[-19.2462      24.97213333  78.65686667]
0.0	 0.32	-0.01	-0.05	176_V	[-20.39145455  27.27127273  79.85790909]
-0.29	 -1.05	0.17	0.48	176_V	[-18.313       28.65421053  81.39189474]
-0.05	 -0.51	0.0	0.08	176_V	[-17.51105882  26.12611765  80.54629412]
0.06	 0.33	0.06	-0.06	176_V	[-16.93227273  29.45272727  79.41572727]
-0.16	 -0.47	0.37	0.47	176_V	[-20.21812  30.15564  79.64896]
0.04	 -0.08	0.03	-0.13	176_V	[-17.98731579  30.61315789  77.80873684]
-0.03	 0.77	-0.11	-0.1	177_I	[-14.48315152  29.02863636  79.90457576]
0.18	 1.31	0.07	-0.32	177_I	[-11.68817647  29.44617647  77.29217647]
0.2	 1.47	0.25	-0.5	177_I	[-16.11461538  29.33669231  77.83892308]
0.18	 1.07	-0.02	-0.24	177_I	[-13.38711111  29.501       78.01188889]
0.15	 0.7	0.22	-0.43	177_I	[-11.7816      28.59573333  78.52413333]
0.14	 1.02	0.05	-0.3	178_P	[-11.21393333  28.50486667  79.91066667]
0.01	 0.44	-0.09	-0.04	178_P	[-12.15122222  24.00872222  82.00655556]
-0.07	 0.1	-0.04	-0.02	178_P	[-13.5703  22.6371  79.2485]
0.02	 0.5	-0.09	-0.06	178_P	[-14.97527273  26.03618182  81.72954545]
0.02	 0.21	-0.07	-0.01	178_P	[-10.66742857  24.63714286  81.57292857]
-0.22	 -0.52	-0.04	0.3	178_P	[-13.01881481  24.3232963   82.61296296]
-0.17	 -0.45	-0.15	0.23	178_P	[-12.531       22.02266667  79.63133333]
-0.18	 -0.69	0.11	0.31	178_P	[-14.9163913   23.36765217  80.2513913 ]
0.13	 1.13	-0.03	-0.25	178_P	[-14.86718182  23.67290909  77.97918182]
0.13	 1.91	0.14	-0.4	179_V	[-12.195       26.27444444  83.33144444]
-0.08	 -0.68	-0.04	0.06	179_V	[-10.12934884  26.35574419  83.63304651]
0.06	 0.42	-0.07	0.07	179_V	[-12.86066667  29.11666667  85.92066667]
-0.04	 -1.79	-0.14	0.02	179_V	[-10.91283333  29.14133333  86.566     ]
-0.08	 -0.27	-0.18	0.1	179_V	[-14.40569565  30.12621739  83.58313043]
0.02	 0.08	0.09	-0.14	179_V	[-13.86052  27.34648  83.18484]
0.02	 0.24	0.03	-0.1	179_V	[-11.97881818  30.13142424  81.90736364]
-0.15	 -0.66	0.01	0.12	179_V	[-12.76057895  28.10478947  85.43463158]
0.02	 0.07	-0.09	-0.02	179_V	[-11.86146667  30.8974      86.65343333]
0.03	 -0.04	-0.04	-0.2	179_V	[-10.2230625  28.5510625  86.0529375]
-0.18	 -0.97	0.01	0.18	179_V	[-14.25876471  30.88629412  85.48447059]
0.0	 -0.12	-0.12	0.04	179_V	[-13.308625  31.627     82.75625 ]
-0.18	 -0.84	-0.02	0.44	179_V	[-14.83689474  29.37515789  82.96642105]
0.05	 1.81	0.14	-0.43	180_G	[-6.46625 27.82825 83.4365 ]
0.01	 0.4	0.03	-0.24	180_G	[-7.93130769 26.31069231 81.69030769]
0.1	 0.49	0.04	-0.25	180_G	[-5.50727586 27.22637931 82.14186207]
0.13	 1.1	-0.03	-0.29	180_G	[-9.66078947 30.63963158 81.68318421]
-0.02	 0.0	0.04	0.05	180_G	[-7.10796552 27.74934483 84.03062069]
0.18	 1.31	0.1	-0.35	181_K	[-9.42992857 29.77990476 78.47166667]
0.08	 1.23	0.0	-0.23	181_K	[-9.15826667 25.00346667 80.78926667]
-0.1	 -0.01	-0.04	-0.03	181_K	[-9.271      22.55384615 80.107     ]
0.06	 1.17	0.13	-0.25	181_K	[-11.06688889  21.09855556  76.46166667]
0.16	 1.36	0.43	-0.65	181_K	[-9.7225 28.8681 80.1292]
0.07	 0.17	-0.09	-0.13	181_K	[-6.10926087 25.87665217 79.22234783]
-0.08	 -0.42	-0.02	0.08	181_K	[-7.5670625 24.6403125 79.860375 ]
0.1	 1.13	0.25	-0.56	181_K	[-9.73828571 25.37085714 81.10471429]
-0.1	 -0.03	-0.02	0.11	181_K	[-8.04837037 22.08881481 79.03177778]
0.04	 0.06	-0.0	-0.09	181_K	[-10.43542105  22.64121053  80.30568421]
-0.29	 -0.46	0.2	0.38	181_K	[-10.25282609  20.38608696  78.19365217]
-0.01	 0.11	0.01	-0.09	181_K	[-12.48827778  22.07511111  77.34383333]
-0.12	 -0.07	-0.18	0.02	181_K	[-9.63945455 20.83127273 76.38690909]
0.24	 1.4	0.15	-0.43	182_L	[-4.99385 26.4368  77.71825]
0.2	 1.31	0.24	-0.5	183_F	[-5.15309091 29.65681818 68.39281818]
0.21	 1.05	0.08	-0.34	184_R	[ 1.10983333 28.37338889 72.37916667]
0.09	 1.54	-0.04	-0.23	184_R	[ 1.47307692 25.41461538 76.02      ]
0.07	 -0.46	-0.05	-0.07	184_R	[ 0.15394118 23.91364706 78.15017647]
-0.07	 0.34	-0.16	0.07	184_R	[-1.0580625 23.727625  80.088875 ]
-0.07	 -0.57	0.06	-0.0	184_R	[ 1.10221053 24.97542105 80.86026316]
-0.09	 -0.46	0.03	0.06	184_R	[-2.08822222 24.41583333 81.98222222]
0.12	 0.57	-0.04	-0.16	184_R	[ 0.7828125 25.325625  75.0285   ]
0.08	 0.12	-0.02	-0.23	184_R	[ 2.14005882 26.08723529 76.88982353]
0.09	 0.51	0.01	-0.19	184_R	[-0.98567857 23.91892857 76.26903571]
-0.16	 -1.07	0.07	0.14	184_R	[ 1.0267 24.4111 78.2928]
0.1	 0.74	-0.1	-0.23	184_R	[-3.33078571 24.87178571 78.50514286]
-0.14	 -0.05	0.03	0.08	184_R	[ 1.84965 25.816   79.5231 ]
-0.03	 -0.11	-0.64	0.42	184_R	[ 1.54796 25.72324 82.08052]
-0.14	 -0.14	-0.06	0.16	184_R	[-3.5773913 25.317     81.231    ]
-0.07	 -0.11	-0.23	0.03	184_R	[-1.58083333 24.6365     82.8605    ]
0.06	 0.29	-0.03	-0.17	185_P	[ 4.27064516 29.81277419 72.11158065]
0.07	 1.31	-0.04	-0.24	185_P	[ 3.88104762 27.83004762 78.48409524]
0.05	 0.36	0.02	-0.17	185_P	[ 6.25611111 28.86886111 76.07011111]
-0.07	 -0.65	-0.23	0.19	185_P	[ 3.95942857 26.99919048 77.17328571]
0.15	 1.63	0.09	-0.37	185_P	[ 3.80766667 28.51833333 79.43191667]
0.09	 2.05	0.06	-0.33	186_N	[ 4.606      26.06466667 71.497     ]
-0.23	 -0.94	-0.02	0.34	186_N	[ 3.9765     24.98210714 73.747875  ]
-0.28	 -0.79	0.29	0.45	186_N	[ 6.69498718 27.15934615 72.50396154]
0.08	 0.47	-0.15	-0.05	186_N	[ 5.13425  26.85275  75.558875]
-0.06	 -0.12	0.01	0.1	186_N	[ 3.13073913 27.03230435 71.91786957]
