0.02	 0.47	-0.01	0.03	1_A	[-38.667       12.96533333  99.80433333]
0.06	 0.25	-0.06	-0.14	1_A	[-37.06096296  16.64244444  97.53618519]
-0.11	 -0.39	0.0	0.11	1_A	[-38.2761      12.80516667  97.27723333]
-0.16	 -0.11	-0.17	0.12	1_A	[-40.43847619  14.20314286  99.77947619]
-0.18	 -0.71	-0.03	0.15	1_A	[-39.82022727  15.94540909  98.44072727]
-0.01	 0.31	-0.02	-0.05	1_A	[-37.93559259  14.03703704 100.67355556]
-0.13	 -0.57	-0.02	0.18	1_A	[-36.20216  12.4058   97.551  ]
-0.23	 -0.76	0.13	0.38	1_A	[-39.21747826  12.32704348  98.35856522]
-0.22	 -0.95	0.1	0.35	1_A	[-38.13184211  14.10694737  96.44636842]
-0.02	 0.12	-0.22	-0.02	2_P	[-34.58432432  14.96975676  96.08832432]
0.02	 0.66	0.04	-0.17	2_P	[-32.00670588  14.60276471  99.49182353]
-0.06	 0.19	-0.04	0.09	2_P	[-33.39944444  12.16455556  99.61694444]
-0.05	 0.79	-0.05	0.01	2_P	[-35.6198  12.1769 100.7174]
0.11	 1.13	0.22	-0.49	2_P	[-33.28891667  15.921      100.87941667]
-0.09	 0.31	-0.01	0.02	2_P	[-32.71166667  13.8267037   97.43844444]
-0.07	 0.02	-0.21	0.06	2_P	[-31.42048148  14.72914815  99.78444444]
-0.24	 -0.89	0.08	0.4	2_P	[-33.68979167  11.69279167  98.858625  ]
-0.19	 -0.68	0.16	0.34	2_P	[-33.11973077  13.16426923 101.256     ]
-0.08	 -0.55	0.01	0.27	2_P	[-36.09746154  11.82930769  99.53523077]
-0.12	 -0.21	-0.09	0.21	2_P	[-35.52617857  14.01828571 101.47817857]
0.04	 1.0	0.01	-0.24	3_P	[-34.84866667  19.48833333  95.46533333]
0.09	 2.28	0.06	-0.31	3_P	[-34.19428571  19.28142857  94.68085714]
0.18	 1.17	0.1	-0.37	3_P	[-32.53489796  20.5572449   94.59714286]
0.09	 0.68	-0.07	-0.01	3_P	[-35.90433333  19.82366667  96.89633333]
0.17	 1.87	0.06	-0.27	3_P	[-35.80425     20.91366667  99.36675   ]
-0.05	 0.2	-0.03	0.0	3_P	[-35.47644444  17.99277778  95.66466667]
-0.03	 0.32	-0.05	-0.1	3_P	[-35.17642424  21.07530303  96.49366667]
-0.02	 0.05	-0.17	0.04	3_P	[-37.03606667  19.4407      98.88403333]
0.2	 1.14	-0.0	-0.24	4_R	[-29.39388889  16.36211111  95.913     ]
0.09	 1.89	-0.02	-0.17	4_R	[-31.75025   18.159375  91.474   ]
0.06	 1.1	0.0	-0.28	4_R	[-34.01183333  18.07191667  92.35125   ]
-0.02	 0.2	0.02	-0.05	4_R	[-32.72942857  15.46878571  91.02707143]
-0.03	 0.73	-0.09	-0.04	4_R	[-35.3246  15.511   92.318 ]
-0.04	 -0.01	-0.05	-0.0	4_R	[-36.07211429  16.32845714  91.30137143]
-0.15	 -0.31	-0.04	0.23	4_R	[-35.59759091  17.58754545  89.77118182]
-0.18	 0.02	0.03	0.28	4_R	[-37.853       15.737       91.25833333]
-0.11	 -0.12	-0.1	0.06	4_R	[-31.55679167  15.31495833  94.91316667]
0.01	 0.81	-0.31	-0.04	4_R	[-31.43539394  19.4170303   92.73669697]
0.11	 0.65	-0.06	-0.18	4_R	[-31.06363636  15.90163636  92.33190909]
-0.03	 -0.04	-0.18	-0.04	4_R	[-35.12581818  17.19772727  93.85636364]
-0.13	 -0.38	-0.14	0.19	4_R	[-34.01759091  18.87922727  92.77377273]
-0.06	 -0.05	-0.12	0.05	4_R	[-32.82222222  16.4897037   90.43822222]
-0.11	 -0.75	0.08	0.2	4_R	[-33.02858333  14.84229167  92.81479167]
-0.17	 -0.45	-0.18	0.22	4_R	[-35.18506452  15.17132258  93.41893548]
-0.28	 -0.87	0.04	0.39	4_R	[-34.3675     17.9278125  89.7823125]
-0.31	 -1.56	0.33	0.59	4_R	[-36.6334   17.74955  89.128  ]
-0.29	 -1.17	0.18	0.5	4_R	[-37.61045833  14.93125     92.29045833]
-0.27	 -1.17	0.19	0.5	4_R	[-38.27148  16.4702   90.22968]
0.06	 0.35	-0.0	-0.21	5_L	[-28.9388  15.938   94.6629]
0.08	 0.47	-0.07	0.06	5_L	[-27.53333333  16.094       90.557     ]
-0.02	 0.12	-0.12	-0.03	5_L	[-30.08176316  17.34747368  90.57218421]
-0.12	 -0.65	-0.03	0.19	5_L	[-25.86222222  18.0387037   89.81359259]
-0.01	 0.47	-0.0	0.06	5_L	[-29.37955556  15.79433333  93.23988889]
0.04	 0.18	-0.08	-0.09	5_L	[-27.0604      15.82986667  94.36273333]
0.21	 1.08	0.05	-0.29	5_L	[-28.93307692  19.87876923  92.67769231]
-0.11	 -0.29	0.05	0.17	5_L	[-27.13357895  15.93857895  92.08394737]
-0.2	 -0.6	-0.08	0.42	5_L	[-28.84496552  16.80217241  89.57282759]
-0.21	 -0.49	0.01	0.3	5_L	[-29.2067  19.4533  90.5559]
-0.26	 -0.97	0.26	0.47	5_L	[-26.3902381   16.7882381   89.27342857]
-0.12	 -0.54	-0.04	0.13	5_L	[-26.65575  19.5659   89.942  ]
-0.04	 -0.04	-0.05	0.01	5_L	[-24.87137143  17.73414286  91.65291429]
0.18	 1.41	0.12	-0.37	6_I	[-26.38059259  19.58740741 100.50237037]
0.14	 0.97	72.79	0.43	6_I	[-29.18144444  20.48281481  94.54607407]
0.22	 1.14	0.16	-0.42	6_I	[-30.42106897  21.74524138  96.1642069 ]
0.1	 1.03	-0.09	-0.13	7_C	[-28.09928  16.2926   99.6456 ]
-0.18	 -0.48	-0.2	0.23	7_C	[-28.51571053  16.08557895 101.21157895]
0.09	 1.19	0.44	-0.7	7_C	[-29.96014286  15.744       98.75171429]
0.13	 1.0	-0.04	-0.2	7_C	[-28.36208333  18.65383333 101.14175   ]
0.14	 0.89	0.08	-0.32	7_C	[-30.2106129   16.12164516  97.53912903]
0.22	 1.29	-0.02	-0.26	7_C	[-30.777       16.16275    100.85433333]
0.06	 1.67	-0.0	-0.24	8_D	[-27.5518  14.776   98.6784]
0.1	 1.54	0.07	-0.35	8_D	[-26.04063636  14.35881818  96.33790909]
-0.05	 -0.01	-0.03	-0.04	8_D	[-24.71373684  13.102       98.00178947]
0.05	 0.93	-0.01	-0.16	8_D	[-23.73942308  13.31065385  99.43696154]
-0.24	 -0.73	0.07	0.31	8_D	[-24.58135417  12.74483333  96.4351875 ]
-0.04	 -0.01	-0.02	0.03	8_D	[-26.79138095  14.25642857  99.55528571]
-0.07	 -0.06	-0.03	0.07	8_D	[-27.3403871   14.96751613  96.70703226]
0.09	 0.79	-0.03	-0.25	9_S	[-25.78188889  16.82166667 101.46855556]
0.09	 1.23	0.29	-0.64	9_S	[-25.014   17.1612 102.3374]
0.08	 1.11	0.3	-0.65	9_S	[-23.17468421  15.30336842 103.58068421]
-0.04	 -0.01	-0.06	-0.02	9_S	[-24.50225     16.88046875 103.94878125]
-0.03	 0.08	-0.13	0.04	9_S	[-25.4695625  14.9325    101.6139375]
0.15	 0.86	0.02	-0.27	9_S	[-24.84796296  18.20948148 101.56144444]
-0.13	 -0.65	-0.14	0.17	9_S	[-23.86090909  14.18381818 102.57490909]
0.13	 0.93	0.01	-0.22	9_S	[-21.75434783  16.72243478 103.54930435]
-0.32	 -0.88	0.05	0.48	9_S	[-23.81096296  15.88177778 105.10648148]
0.1	 1.25	0.06	-0.3	10_R	[-20.35146154  15.44015385  96.93046154]
-0.05	 0.08	-0.08	-0.08	10_R	[-18.39242308  16.77657692  97.78180769]
-0.05	 0.29	-0.02	-0.03	10_R	[-19.51585714  13.71907143  98.31692857]
-0.13	 -1.4	-0.06	0.17	10_R	[-20.28792308  11.603       99.61269231]
0.08	 1.82	-0.01	-0.15	10_R	[-20.28525  11.76475 101.68225]
0.06	 0.65	-0.01	-0.15	10_R	[-18.49     13.5283  101.48535]
-0.01	 0.04	-0.04	-0.03	10_R	[-18.65881818  13.11563636 103.34859091]
-0.12	 -0.39	-0.2	0.17	10_R	[-20.7835625  14.3435625 104.5004375]
-0.08	 0.35	-0.07	0.08	10_R	[-16.94872727  13.26909091 103.93454545]
0.17	 1.42	0.3	-0.54	10_R	[-22.86188889  13.80433333 100.71922222]
0.13	 1.45	0.13	-0.36	10_R	[-18.5668   15.5119  100.30965]
0.0	 0.45	-0.13	0.05	10_R	[-21.47348276  13.6027931   97.38155172]
-0.18	 -0.71	0.04	0.26	10_R	[-18.77784  13.89744  98.39636]
-0.24	 -0.62	-0.18	0.43	10_R	[-21.83084211  11.99005263  99.35684211]
-0.31	 -0.84	0.05	0.41	10_R	[-18.86982353  11.89694118  99.67158824]
-0.08	 0.16	0.01	0.05	10_R	[-21.70803448  12.75548276 101.98558621]
-0.18	 -0.84	0.08	0.25	10_R	[-18.2658   12.17855 101.38005]
0.12	 1.1	-0.06	-0.2	10_R	[-21.379875  14.07     103.611   ]
-0.15	 -0.32	0.06	0.25	10_R	[-19.816    15.31485 104.9891 ]
-0.24	 -0.83	0.09	0.42	10_R	[-16.68207407  12.5682963  103.08622222]
-0.16	 -0.86	0.16	0.28	10_R	[-17.27430435  14.15430435 105.20686957]
0.15	 1.3	0.11	-0.37	11_V	[-19.90304762  19.63871429  95.256     ]
0.06	 1.1	-0.02	-0.27	11_V	[-23.29610345  18.893       93.20686207]
-0.08	 -0.08	-0.22	0.04	11_V	[-23.14961538  15.50003846  94.62457692]
-0.01	 0.66	-0.14	0.01	11_V	[-20.34465  17.27415  95.37545]
0.16	 1.18	0.41	-0.65	11_V	[-24.41258333  19.08116667  92.97625   ]
-0.2	 -0.32	-0.2	0.19	11_V	[-22.02071429  18.45066667  93.598     ]
0.06	 0.2	-0.07	-0.1	11_V	[-24.9336   15.7557   94.35175]
-0.14	 -0.11	0.01	0.32	11_V	[-21.94824  15.71228  94.68992]
0.11	 1.36	0.19	-0.46	11_V	[-22.70309091  14.40418182  96.21372727]
0.22	 1.53	0.31	-0.55	12_L	[-24.85668  20.62692 101.73084]
0.06	 1.17	0.18	-0.38	13_E	[-17.023   16.721  101.3982]
0.02	 0.1	-0.09	-0.1	13_E	[-16.47078571  17.46242857 104.52107143]
-0.16	 -0.39	0.1	0.33	13_E	[-18.63161364  17.98038636 104.52786364]
-0.06	 -0.09	-0.11	0.03	13_E	[-16.20012821  15.91235897 102.91251282]
0.23	 1.51	0.18	-0.43	13_E	[-20.47661111  18.19588889 102.88366667]
0.11	 0.71	-0.03	-0.25	13_E	[-18.00175     16.77075    100.40941667]
0.06	 0.21	0.09	-0.15	13_E	[-16.67038095  17.48180952 100.5462381 ]
0.07	 0.89	-0.28	-0.11	13_E	[-17.34163889  20.10583333 103.40658333]
0.17	 1.29	0.2	-0.44	14_R	[-17.24    18.2023  99.0152]
0.09	 2.21	0.02	-0.32	14_R	[-16.6675      18.275       98.04933333]
0.16	 1.42	0.03	-0.24	14_R	[-13.78386667  21.24206667  97.66753333]
0.08	 1.15	0.02	-0.26	14_R	[-17.89723077  18.74169231  95.74530769]
0.04	 0.84	-0.02	-0.12	14_R	[-14.69415385  19.41161538  95.977     ]
0.07	 1.81	0.05	-0.25	14_R	[-17.35294118  19.25405882  94.19876471]
-0.03	 0.83	-0.04	-0.02	14_R	[-14.39025   19.429375  93.100375]
-0.07	 -0.83	-0.03	0.07	14_R	[-14.7885      19.84585714  91.3495    ]
-0.09	 -0.04	0.01	0.05	14_R	[-16.946375   20.0685625  90.7845625]
-0.07	 0.07	-0.25	0.13	14_R	[-14.00615152  22.23209091  91.15551515]
-0.01	 0.57	-0.05	-0.06	14_R	[-15.30566667  18.81041667  98.28670833]
-0.13	 -0.59	-0.23	0.19	14_R	[-17.57873684  17.94142105  96.09210526]
0.12	 0.77	0.04	-0.24	14_R	[-13.91421429  20.93092857  95.77042857]
-0.26	 -0.74	0.06	0.37	14_R	[-14.841       18.4197619   95.64242857]
-0.24	 -1.02	0.02	0.37	14_R	[-16.4378   18.39085  93.5219 ]
0.11	 1.27	0.09	-0.32	14_R	[-18.37315789  20.41321053  94.01105263]
-0.08	 -0.24	0.56	0.25	14_R	[-13.62635714  20.23478571  93.7505    ]
-0.12	 -0.24	-0.08	0.13	14_R	[-17.8105   19.94155  91.9265 ]
-0.21	 -0.76	-0.05	0.37	14_R	[-16.80113793  21.67665517  90.16482759]
-0.04	 -0.17	-0.12	0.14	14_R	[-12.75        22.17192593  91.8337037 ]
-0.15	 -0.06	-0.02	0.19	14_R	[-14.83342424  22.4560303   89.9630303 ]
0.11	 1.46	0.03	-0.29	15_Y	[-20.0885      20.91564286  94.12      ]
0.11	 1.36	0.32	-0.57	15_Y	[-19.2162  21.2998  93.3356]
-0.03	 0.25	-0.16	-0.05	15_Y	[-19.38577419  22.02625806  91.6196129 ]
0.09	 1.02	-0.21	-0.13	15_Y	[-17.16648  24.21104  91.94188]
-0.04	 0.33	-0.11	-0.04	15_Y	[-21.295875    21.6441875   92.40328125]
0.14	 1.28	0.27	-0.56	16_L	[-14.91757143  23.29042857 103.523     ]
0.13	 0.69	0.07	-0.34	16_L	[-14.83335  24.85385 103.64405]
0.13	 1.22	0.2	-0.47	16_L	[-17.478625  21.901375 103.66225 ]
0.06	 0.97	-0.21	-0.09	16_L	[-19.71514286  21.43571429 104.40542857]
0.02	 0.32	-0.09	-0.07	16_L	[-16.53347222  23.25827778 104.11575   ]
0.15	 1.2	0.17	-0.45	16_L	[-19.6401875  20.8520625 103.5863125]
-0.06	 0.0	-0.02	0.01	16_L	[-19.37734286  22.55931429 105.3072    ]
0.05	 0.75	-0.03	-0.18	17_L	[-11.7142  21.9694  99.6102]
0.03	 1.33	-0.2	-0.03	17_L	[-10.34488889  22.76872222 101.06444444]
0.01	 1.02	-0.02	-0.11	17_L	[-12.09972727  19.94518182 100.10881818]
-0.08	 0.42	0.0	0.1	17_L	[-13.32057143  17.49803571 101.44332143]
-0.04	 -0.2	-0.1	0.02	17_L	[-13.67896296  20.23448148 104.42703704]
0.06	 -0.03	0.01	-0.06	17_L	[-13.01847059  20.22988235  99.36405882]
-0.04	 -0.22	0.04	-0.03	17_L	[-11.37     20.81796 101.49056]
-0.08	 -0.56	-0.07	0.05	17_L	[-13.92655556  17.26766667 102.87911111]
-0.04	 -0.51	0.01	0.1	17_L	[-14.29088235  18.11852941  99.86470588]
-0.27	 -1.47	0.16	0.43	17_L	[-11.88761111  18.00844444 101.64755556]
-0.16	 -0.23	-0.05	0.25	17_L	[-14.40046154  18.87623077 104.47803846]
-0.12	 -0.47	-0.04	0.12	17_L	[-11.54207143  20.12175    103.88675   ]
-0.03	 0.31	-0.07	-0.14	17_L	[-13.97508696  22.10347826 104.13      ]
0.14	 1.26	0.02	-0.27	18_E	[-12.43583333  22.34858333  98.61958333]
0.07	 1.55	0.34	-0.71	18_E	[-11.675  22.87   97.988]
0.2	 1.57	0.28	-0.53	18_E	[-10.04110526  26.26336842  97.94389474]
0.07	 2.02	0.02	-0.27	18_E	[-10.44845455  24.18172727  96.05154545]
0.11	 1.01	0.09	-0.34	18_E	[-13.08772222  24.41766667  93.10433333]
0.13	 1.06	0.05	-0.31	18_E	[-14.63636364  25.06018182  93.34857576]
0.1	 0.4	-0.03	-0.16	18_E	[-12.33368182  22.18595455  94.30104545]
-0.05	 0.23	-0.19	0.01	18_E	[-10.51688462  23.63703846  98.30338462]
0.08	 0.05	-0.02	-0.21	18_E	[-10.49816667  25.08225     96.31316667]
-0.06	 -0.64	0.03	0.05	18_E	[-11.69461905  22.71557143  96.40971429]
0.08	 1.24	0.52	-0.79	20_K	[-12.50557143  26.027      105.35928571]
0.09	 1.23	0.14	-0.37	20_K	[-11.2505      24.95583333 105.48244444]
0.04	 0.88	-0.11	-0.11	20_K	[-11.93871429  22.58414286 105.59085714]
-0.1	 -0.27	-0.32	0.16	20_K	[-10.18752941  21.52829412 106.53047059]
-0.0	 -2.89	-0.02	-0.11	20_K	[ -9.332       23.219      108.78155556]
0.08	 0.83	-0.26	-0.02	20_K	[-13.13842424  24.87933333 104.87387879]
0.07	 0.36	0.07	-0.26	20_K	[-10.7842   23.05115 103.3675 ]
0.05	 0.34	-0.03	-0.17	20_K	[ -8.78523077  24.01896154 104.39303846]
0.09	 0.37	-0.08	-0.13	20_K	[-11.02961111  26.07572222 106.75683333]
-0.16	 -0.33	1.6	1.27	20_K	[-12.61875     24.09392857 107.24389286]
0.13	 1.24	0.03	-0.19	20_K	[-11.06633333  22.09511111 104.56955556]
-0.21	 -0.57	0.09	0.15	20_K	[-10.98024138  21.29737931 107.22427586]
-0.18	 -0.22	0.22	0.01	20_K	[ -8.73348  22.41908 106.23068]
-0.35	 -0.84	0.24	0.5	20_K	[ -9.01569565  22.44395652 109.15678261]
-0.13	 0.01	-0.12	0.17	20_K	[ -8.57640625  24.77284375 107.55490625]
-0.21	 -0.43	3.34	0.77	20_K	[-11.1292963   23.98618519 108.83703704]
0.12	 1.15	0.44	-0.66	21_E	[ -9.26928571  24.33442857 102.84414286]
0.17	 1.51	0.26	-0.52	21_E	[ -8.08036364  24.42509091 102.80881818]
-0.06	 -0.21	-0.3	0.06	21_E	[-8.54333333 23.85833333 99.15633333]
0.08	 1.48	0.04	-0.3	21_E	[-6.376125 24.769875 98.614375]
-0.14	 0.43	0.02	0.07	21_E	[ -5.41564286  22.95064286 100.3045    ]
-0.11	 -0.09	-0.08	0.08	21_E	[ -6.47718182  23.33595455 102.38331818]
-0.11	 -1.08	-0.03	0.14	21_E	[-3.68136364 24.34209091 99.74645455]
-0.02	 -0.11	0.01	-0.01	21_E	[ -8.65729032  23.48303226 100.98422581]
0.08	 0.7	-0.1	-0.1	21_E	[-8.66581818 25.22472727 98.55454545]
-0.21	 -0.55	0.03	0.32	21_E	[-6.61836 24.04896 98.411  ]
0.05	 0.75	-0.05	-0.22	23_E	[ -9.7385625  32.0091875 107.4750625]
-0.15	 -0.75	-0.01	0.07	23_E	[ -9.74205882  30.33935294 108.02788235]
-0.03	 -0.15	-0.12	0.0	23_E	[-10.2499375   28.05246875 107.1588125 ]
-0.08	 -0.82	-0.06	0.12	23_E	[ -7.63365517  29.79362069 107.94127586]
0.14	 1.08	0.02	-0.29	23_E	[ -8.56181818  32.5285     106.74036364]
0.05	 0.56	-0.1	-0.13	23_E	[-11.70383333  31.01561111 106.89111111]
0.06	 0.57	0.36	-0.18	24_K	[ -2.4666      30.18913333 105.1612    ]
0.02	 -0.32	-0.04	-0.1	24_K	[ -3.87014286  27.10142857 106.517     ]
-0.0	 0.2	-0.0	-0.09	24_K	[ -4.982     24.83325  106.262625]
0.01	 0.58	-0.2	0.05	24_K	[ -2.56133333  24.07733333 105.022     ]
0.04	 0.95	0.07	-0.2	24_K	[ -3.70116667  22.74783333 102.73683333]
0.2	 2.02	0.01	-0.31	24_K	[ -5.70066667  29.02466667 107.09075   ]
0.11	 0.36	-0.09	-0.19	24_K	[ -7.36105  26.53345 106.50035]
0.1	 0.14	-0.03	-0.15	24_K	[ -2.9321   27.81335 105.16255]
-0.14	 -0.55	-0.06	0.32	24_K	[ -4.84622222  27.22603704 107.17418519]
-0.28	 -0.99	0.15	0.43	24_K	[ -3.79226316  24.58147368 106.67721053]
-0.01	 0.38	-0.19	-0.05	24_K	[ -6.53522222  24.363      105.12537037]
-0.12	 -0.26	0.02	0.11	24_K	[ -2.07081481  25.23303704 104.34762963]
-0.17	 -0.49	0.07	0.28	24_K	[ -2.60063158  23.29342105 102.40615789]
-0.29	 -0.8	0.09	0.37	24_K	[ -3.73796  22.69124 104.57052]
-0.02	 0.79	-0.2	0.08	24_K	[ -5.18275   22.934625 103.487875]
0.13	 0.75	-0.07	-0.19	25_I	[ -1.11222222  31.32627778 102.38488889]
0.06	 0.59	-0.17	-0.2	25_I	[-1.534875 28.988    98.908875]
-0.12	 -0.69	-0.01	0.15	25_I	[ -1.42086957  26.70082609 101.02421739]
0.1	 0.51	0.07	-0.24	25_I	[ -1.98968182  29.42840909 103.08686364]
0.08	 0.77	0.03	-0.23	25_I	[-3.67021429 26.71542857 98.75864286]
0.11	 1.32	0.03	-0.32	25_I	[-2.26411111 28.69722222 98.45633333]
-0.02	 0.15	-0.11	-0.01	25_I	[ -0.96144828  29.84068966 100.16317241]
-0.06	 0.03	-0.05	0.07	25_I	[ -1.95853333  25.39973333 100.9706    ]
-0.11	 -0.34	0.23	0.08	25_I	[-1.3913913  27.63573913 99.77713043]
-0.05	 -0.25	-0.01	0.01	25_I	[ -1.8487  27.3899 103.076 ]
0.1	 0.65	0.01	-0.21	27_T	[ -1.33358333  32.54283333 107.29558333]
-0.09	 -0.14	-0.0	0.08	27_T	[ -1.20043182  35.043      107.36429545]
0.08	 0.96	0.06	-0.27	27_T	[ -3.20322222  32.43888889 108.223     ]
-0.12	 -0.33	-0.2	0.3	27_T	[ -2.65        30.3083125  107.07221875]
-0.06	 -0.3	-0.08	0.03	27_T	[ -6.27830769  32.33046154 108.22892308]
0.1	 1.21	0.04	-0.32	27_T	[ -3.97891667  34.60191667 107.52783333]
-0.27	 -0.55	0.1	0.27	27_T	[ -3.3446  32.7975 108.7282]
0.08	 0.46	-0.11	-0.23	27_T	[ -4.22976923  29.618      107.16438462]
-0.19	 -1.32	0.01	0.28	27_T	[ -5.63115789  30.92389474 108.49121053]
-0.01	 0.48	0.09	-0.04	27_T	[ -6.36678378  33.73751351 107.46467568]
0.07	 0.09	-0.12	-0.18	28_G	[ -1.12477778  31.70333333 105.25822222]
-0.07	 -0.72	-0.07	-0.0	28_G	[  0.55894737  32.59136842 105.78157895]
0.08	 0.41	-0.04	-0.21	28_G	[  1.208875   35.5689375 105.0495   ]
-0.07	 0.02	-0.07	0.03	28_G	[  2.60294444  34.955      103.52061111]
0.09	 0.99	0.0	-0.26	28_G	[ -1.22718182  31.565      104.35581818]
-0.2	 -0.83	0.04	0.28	28_G	[  0.88104762  33.78280952 106.53214286]
-0.17	 -0.55	0.08	0.3	28_G	[  1.05183333  32.23183333 104.13158333]
0.09	 1.22	-0.0	-0.16	30_A	[  1.296125  37.208    105.029875]
0.08	 1.17	0.08	-0.32	30_A	[  2.3904  39.9979 105.1395]
0.13	 0.53	-0.23	-0.02	30_A	[  1.4958  41.4622 105.2012]
-0.0	 0.16	3.09	0.56	30_A	[ -0.86355814  41.31483721 104.32062791]
-0.01	 0.25	0.13	-0.25	30_A	[  3.9149  38.0155 103.4161]
0.1	 0.32	-0.05	-0.17	30_A	[-2.93529412e-02  3.72794706e+01  1.05676000e+02]
-0.14	 -0.33	0.08	0.38	30_A	[  1.65142857  39.40707143 105.84710714]
-0.05	 -0.07	-0.03	0.04	30_A	[  4.07272414  40.28093103 104.03624138]
-0.13	 -0.28	-0.07	0.17	30_A	[  3.32511538  37.26088462 104.21876923]
0.15	 1.24	0.38	-0.69	31_E	[ -0.23533333  43.03177778 101.04133333]
-0.07	 -0.11	-0.2	0.08	31_E	[  1.02687234  43.99134043 100.1376383 ]
0.03	 0.21	-0.13	-0.04	31_E	[  3.86581818  43.65818182 101.31140909]
-0.0	 0.44	-0.03	-0.12	31_E	[  3.82225  43.68345 104.45515]
-0.13	 -0.35	-0.09	0.11	31_E	[  2.07742857  45.76966667 104.10161905]
-0.34	 -0.99	0.11	0.41	31_E	[  0.50155556  45.37491667 104.41961111]
-0.35	 -1.2	0.26	0.52	31_E	[  3.31246875  47.060625   103.8189375 ]
0.05	 0.22	0.05	-0.08	31_E	[6.15000000e-02 4.32275625e+01 1.02638062e+02]
-0.08	 -0.18	-0.09	0.11	31_E	[  4.54916  42.39212 102.13556]
-0.17	 -0.31	-0.21	0.16	31_E	[  2.82288235  45.03288235 101.46829412]
-0.06	 -0.24	-0.16	0.14	31_E	[  2.33280769  42.73911538 105.18896154]
-0.24	 -0.83	0.06	0.37	31_E	[  4.57566667  44.41091667 104.32070833]
0.08	 0.43	-0.15	-0.13	32_H	[-0.4463125 41.946625  97.481125 ]
0.06	 0.74	0.06	-0.23	32_H	[-0.78925    40.56725    96.33439286]
0.11	 1.81	0.2	-0.47	32_H	[ 4.12433333 38.61655556 98.01211111]
-0.04	 0.21	-0.18	0.01	32_H	[ 5.05455556 40.87418519 98.73948148]
-0.06	 -0.01	-0.04	-0.04	32_H	[  5.50814286  38.71207143 100.496     ]
-0.02	 1.69	-0.07	-0.09	32_H	[  5.81115385  40.27069231 100.22169231]
0.13	 0.87	0.15	-0.37	32_H	[ 0.7894     42.68633333 98.19866667]
-0.1	 -0.45	0.06	0.16	32_H	[ 4.47971429 42.034      98.56042857]
-0.1	 -0.14	-0.01	0.09	32_H	[  5.11066667  37.66502778 101.58738889]
-0.37	 -0.91	0.09	0.61	32_H	[  6.64945833  40.63179167 100.26725   ]
0.16	 1.55	0.2	-0.48	33_C	[ -2.9432  41.9507 101.0506]
0.12	 0.93	0.04	-0.3	33_C	[ -1.3135   41.7945  101.32425]
0.15	 0.83	0.07	-0.32	33_C	[-3.04782609 40.91330435 97.294     ]
0.17	 0.97	0.07	-0.36	33_C	[ -2.94982759  40.59824138 102.30858621]
0.12	 1.37	0.01	-0.3	34_S	[-2.54083333 42.81083333 99.18883333]
0.02	 -0.01	0.25	0.12	34_S	[-4.07168571 43.99294286 96.30857143]
-0.02	 0.51	-0.1	-0.01	34_S	[-2.24030769 46.15592308 99.70353846]
0.04	 -0.25	-0.06	-0.13	34_S	[-3.98521429 47.80564286 99.39914286]
0.11	 0.7	0.11	-0.33	34_S	[-1.6733871  43.43341935 99.25896774]
-0.11	 -0.15	0.22	0.05	34_S	[ -2.78809091  45.22684848 100.99454545]
-0.11	 -0.62	-0.13	0.05	34_S	[-2.25133333 45.73586667 98.09293333]
-0.04	 0.36	-0.02	-0.05	34_S	[ -5.36638235  46.58697059 101.16132353]
0.12	 2.29	0.12	-0.35	35_L	[-6.4795    45.4295    95.2531875]
0.12	 1.3	0.16	-0.44	35_L	[-7.11846154 45.77353846 94.49753846]
0.23	 1.56	0.08	-0.35	35_L	[-6.8595625 43.676625  95.228875 ]
0.02	 0.1	0.05	-0.13	36_N	[-6.72563636 50.20227273 97.41663636]
-0.07	 -0.6	0.09	0.11	36_N	[-8.01462069 49.92513793 95.30834483]
0.03	 0.77	0.02	-0.16	36_N	[-6.33673333 48.46933333 94.41713333]
-0.09	 -0.01	-0.08	-0.05	36_N	[-2.77643478 48.33582609 94.9083913 ]
-0.02	 0.09	-0.26	0.01	36_N	[-3.27638636 46.40868182 94.95838636]
-0.06	 -0.23	-0.07	0.12	36_N	[-3.13463158 49.59989474 97.10036842]
0.02	 0.11	0.05	0.03	36_N	[-6.00057143 48.70642857 99.02485714]
-0.18	 -0.89	-0.39	0.18	36_N	[-6.2715625 47.413625  94.1615625]
-0.25	 -0.93	-0.06	0.31	36_N	[-5.930875  50.0230625 95.2444375]
-0.23	 -0.71	-0.04	0.33	36_N	[-2.06990625 48.35028125 97.1138125 ]
-0.17	 -0.6	0.07	0.28	36_N	[-4.18713043 49.95947826 97.76543478]
0.04	 0.17	0.05	-0.41	37_E	[-8.02491667 48.99591667 99.39266667]
0.09	 2.33	0.14	-0.35	37_E	[-9.36366667 49.50633333 99.71555556]
0.13	 1.17	0.1	-0.37	37_E	[ -9.7421  48.9425 100.3837]
0.1	 1.26	-0.03	-0.31	37_E	[-9.942125 50.421125 95.305375]
0.08	 0.95	0.4	-0.72	37_E	[-12.69975  49.88675  96.339  ]
-0.04	 -0.12	-0.03	0.0	37_E	[-12.77070588  49.46752941  94.403     ]
-0.11	 -0.22	0.02	0.05	37_E	[-10.82138095  49.46952381  93.44566667]
-0.01	 0.0	-0.01	-0.07	37_E	[-14.067       47.65737037  94.6782963 ]
0.14	 0.04	-0.17	-0.11	37_E	[-7.6475  48.39975 99.5115 ]
-0.03	 0.14	-0.05	0.06	37_E	[-9.36194444 50.76616667 98.49766667]
-0.07	 -0.19	0.1	0.07	37_E	[-11.02048148  51.07062963  96.30122222]
0.07	 1.23	-0.03	-0.23	37_E	[-9.7968 50.0362 94.9598]
0.12	 0.72	-0.05	-0.17	37_E	[-13.41869231  49.22053846  96.69423077]
-0.01	 0.12	-0.05	-0.03	38_K	[-15.28561765  48.52005882  98.30167647]
0.14	 0.79	-0.03	-0.24	38_K	[-14.6159  49.7223 102.5218]
0.0	 0.96	-0.08	-0.11	38_K	[-11.81607692  50.096      103.01676923]
-0.1	 -0.39	-0.04	0.07	38_K	[-12.42413333  52.8996     101.84793333]
-0.07	 0.07	-0.08	-0.02	38_K	[-14.34053333  51.9878      99.84726667]
0.07	 1.18	0.15	-0.46	38_K	[-11.767       52.24535714  97.9405    ]
0.03	 0.37	-0.09	-0.06	38_K	[-15.29325     49.75316667 100.89308333]
-0.19	 -0.45	-0.09	0.24	38_K	[-12.59822727  49.79009091 103.54640909]
0.03	 -0.0	-0.02	-0.05	38_K	[-10.50679167  49.81779167 101.65658333]
-0.18	 -0.45	0.13	0.31	38_K	[-13.812     52.08775  102.514875]
-0.18	 -0.44	0.08	0.29	38_K	[-11.18177273  52.40818182 101.33127273]
0.03	 0.24	-0.02	-0.2	38_K	[-14.53258333  50.63758333  98.98708333]
-0.25	 -0.68	0.12	0.41	38_K	[-14.35256522  52.9363913   99.935     ]
-0.06	 -0.01	0.21	0.09	38_K	[-13.06558333  51.049       97.36025   ]
-0.34	 -0.94	0.16	0.59	38_K	[-12.05718182  53.32327273  98.40886364]
-0.06	 -0.26	-0.1	0.0	38_K	[-10.55284615  51.76815385  99.39353846]
0.13	 1.26	0.24	-0.61	39_I	[-17.16025  43.3715   96.96825]
0.09	 -0.02	-0.04	-0.16	39_I	[-15.35016667  46.45633333  96.96772222]
0.17	 1.57	0.31	-0.56	39_I	[-14.40913333  45.66493333  95.65353333]
-0.04	 0.16	-0.12	-0.02	39_I	[-16.16996429  44.46257143  95.79825   ]
0.09	 0.83	0.01	-0.25	40_T	[-18.577    43.2058   97.92288]
0.07	 1.06	0.47	-0.82	40_T	[-19.662125  46.47025   98.463   ]
-0.15	 -0.46	-0.08	0.39	40_T	[-19.81027586  47.82913793  99.7112069 ]
0.11	 0.74	0.04	-0.33	40_T	[-21.63471429  45.71728571 101.63514286]
0.05	 0.26	0.01	-0.1	40_T	[-17.60542105  46.07226316  98.10094737]
-0.09	 -0.16	-0.03	0.14	40_T	[-20.00394444  45.111       98.19144444]
-0.03	 0.38	-0.09	-0.09	40_T	[-18.10674074  48.12251852 100.20185185]
-0.14	 -0.23	-0.03	0.13	40_T	[-22.12182353  46.00797059 100.54182353]
0.18	 0.55	0.04	-0.31	41_V	[-21.51055  43.06955 103.5369 ]
0.11	 1.64	0.25	-0.51	42_P	[-21.67418182  41.38581818 105.21645455]
0.17	 1.42	0.25	-0.5	42_P	[-19.07955556  39.39759259 106.17166667]
0.05	 1.04	-0.04	-0.2	42_P	[-24.11713333  39.14173333 103.115     ]
-0.02	 0.21	-0.1	-0.05	42_P	[-23.19626316  41.24978947 103.52821053]
0.13	 1.3	0.06	-0.3	42_P	[-24.03555556  37.89327778 103.92211111]
0.14	 1.26	-0.03	-0.26	42_P	[-24.344875  39.550375 102.2865  ]
0.09	 1.42	0.03	-0.26	43_D	[-22.47655556  41.11311111 105.54788889]
0.17	 1.56	0.01	-0.3	43_D	[-24.23881818  37.32863636 105.75627273]
0.06	 0.66	-0.19	-0.04	43_D	[-24.3417  40.8133 107.584 ]
0.11	 1.03	0.25	-0.3	43_D	[-24.10529412  38.43429412 109.89035294]
0.09	 0.95	0.01	-0.23	43_D	[-20.78373913  39.43630435 110.33752174]
0.0	 0.59	-0.04	-0.05	43_D	[-24.43781818  40.56068182 110.07568182]
-0.09	 0.02	-0.01	0.12	43_D	[-24.027875  39.533    105.6745  ]
0.19	 1.28	0.32	-0.57	43_D	[-19.88557143  39.51442857 107.59785714]
0.04	 0.53	-0.15	-0.07	43_D	[-23.276       41.81038889 107.15127778]
-0.14	 0.11	-0.08	0.1	43_D	[-24.76731579  38.88947368 107.83352632]
0.09	 0.08	0.14	-0.46	44_T	[-21.51804  32.796   109.9662 ]
-0.0	 -0.04	-0.05	-0.07	44_T	[-18.39886957  36.04747826 108.89343478]
0.02	 0.56	-0.21	0.04	44_T	[-19.63917391  37.89717391 108.39713043]
-0.05	 -0.14	-0.19	0.03	44_T	[-18.73318182  34.47645455 109.88095455]
0.14	 1.23	0.33	-0.58	44_T	[-18.66095652  37.4746087  106.84104348]
0.06	 1.08	-0.04	-0.32	45_K	[-20.18085714  36.59128571 110.55485714]
0.11	 2.11	-0.07	-0.19	45_K	[-20.1764  35.5194 111.2884]
0.08	 0.96	0.06	-0.25	45_K	[-25.28223077  35.88415385 110.97984615]
-0.11	 -0.07	-0.03	0.03	45_K	[-20.67972727  36.71790909 113.74972727]
0.05	 0.56	0.28	-0.44	45_K	[-24.0651875  37.9104375 112.060875 ]
0.01	 0.23	-0.09	-0.08	45_K	[-21.21415385  38.84615385 114.40507692]
-0.05	 -0.08	-0.19	0.18	45_K	[-24.613625  39.8135   113.109125]
0.04	 -1.84	0.11	-0.32	45_K	[-24.27566667  41.394      114.42077778]
0.11	 1.59	0.07	-0.32	45_K	[-20.38166667  37.12877778 110.41566667]
-0.09	 -0.42	-0.08	0.06	45_K	[-20.80194737  34.38089474 112.13768421]
-0.1	 -0.76	-0.09	0.23	45_K	[-22.08684615  35.58926923 114.24534615]
-0.14	 -0.61	0.12	0.18	45_K	[-20.15456  37.06124 112.18108]
0.11	 1.3	0.07	-0.37	45_K	[-23.974     38.12325  111.018875]
-0.01	 0.41	-0.12	-0.17	45_K	[-24.30858333  36.82205556 113.612     ]
-0.24	 -0.97	0.07	0.31	45_K	[-22.54991304  38.12921739 115.074     ]
-0.04	 -0.05	-0.08	0.03	45_K	[-20.89691667  39.731      113.2705    ]
-0.0	 0.19	-0.09	-0.26	45_K	[-24.45072727  40.59872727 111.75363636]
-3.46	 -0.59	0.39	0.31	45_K	[-25.10375  38.8171  113.4404 ]
-0.35	 -0.83	0.22	0.52	45_K	[-25.18452174  41.23652174 114.61595652]
-0.43	 -0.56	0.16	0.34	45_K	[-22.75648  41.1888  115.2376 ]
-0.11	 -0.04	-0.06	-0.01	45_K	[-23.963       42.26526316 113.06289474]
0.1	 0.87	0.02	-0.26	46_V	[-24.290125  34.60325  115.0085  ]
-0.07	 -0.15	-0.28	0.21	46_V	[-23.39336111  31.72341667 115.18580556]
0.16	 1.36	0.27	-0.78	46_V	[-23.21975   31.600375 110.43425 ]
0.01	 0.06	-0.03	-0.03	46_V	[-22.3456875  32.9713125 112.979875 ]
0.13	 0.56	-0.04	-0.22	46_V	[-26.54757143  34.0212381  111.68571429]
0.04	 0.09	-0.23	0.02	46_V	[-23.61722727  30.42972727 112.17718182]
0.21	 1.02	0.11	-0.42	46_V	[-22.94490909  31.79027273 109.90509091]
0.1	 1.74	0.01	-0.29	47_N	[-24.7765      34.54516667 116.14883333]
-0.02	 0.97	-0.05	-0.04	47_N	[-27.55625     36.17491667 116.08033333]
0.05	 0.54	0.01	-0.17	47_N	[-27.27618519  34.86407407 118.65818519]
0.06	 0.25	-0.11	-0.11	47_N	[-28.9787  35.373  119.4866]
-0.15	 -0.97	-0.04	0.17	47_N	[-25.78208696  35.77408696 119.15886957]
-0.02	 0.41	0.1	0.03	47_N	[-27.22576471  34.4405     113.76955882]
-0.06	 0.2	-0.13	0.05	47_N	[-24.71526667  33.29913333 117.10826667]
-0.21	 0.17	1.07	0.73	47_N	[-25.85582759  36.20627586 115.82862069]
-0.02	 -0.01	-0.29	0.15	47_N	[-28.35418182  35.77       115.66427273]
-0.25	 -0.97	0.05	0.5	47_N	[-26.55639286  35.30464286 120.42667857]
-0.27	 -0.74	0.1	0.34	47_N	[-24.86270833  35.80029167 118.21529167]
0.13	 1.18	0.11	-0.37	48_F	[-28.99646154  29.06015385 118.98846154]
-0.03	 0.38	-0.08	0.02	48_F	[-26.57392308  28.42338462 118.57292308]
-0.08	 0.16	-0.09	0.11	48_F	[-25.86166667  26.9655     117.19766667]
-0.15	 -1.08	-0.22	0.14	48_F	[-27.15457143  26.24907143 116.26621429]
-0.02	 -0.27	0.2	-0.2	48_F	[-24.23240909  27.85495455 116.70054545]
-0.16	 -0.37	1.13	0.46	48_F	[-26.0868125  25.517     114.8685625]
-0.01	 0.43	-0.02	-0.18	48_F	[-23.39941463  28.39221951 114.99578049]
-0.04	 0.26	-0.05	0.07	48_F	[-24.01364  26.5022  113.8914 ]
0.14	 0.74	0.03	-0.21	48_F	[-25.40526316  31.31126316 117.66926316]
-0.16	 -0.61	0.04	0.23	48_F	[-26.0555625  29.319375  118.75875  ]
0.0	 -0.21	-0.08	-0.03	48_F	[-27.96        27.64945833 118.39795833]
0.01	 0.14	-0.05	0.03	48_F	[-28.7305  26.7918 115.3627]
-0.24	 -0.46	-0.09	0.38	48_F	[-23.6575      29.28688889 117.04927778]
0.02	 0.42	0.04	-0.15	48_F	[-27.5995      26.173      113.37204167]
-0.38	 -0.58	0.08	0.76	48_F	[-22.52284  28.17016 114.78148]
-0.23	 -0.75	-0.08	0.23	48_F	[-23.8425     26.2381875 112.6049375]
0.01	 0.93	-0.02	-0.2	49_Y	[-28.16754545  30.066      119.401     ]
0.04	 0.02	0.26	-0.44	49_Y	[-29.18833333  29.9605     119.8665    ]
0.0	 0.6	-0.16	-0.04	49_Y	[-28.37136842  33.06631579 120.93473684]
-0.08	 -0.02	-0.05	0.17	49_Y	[-30.07957143  32.98185714 122.74714286]
0.02	 0.25	0.13	-0.23	49_Y	[-31.79978125  31.30278125 122.31090625]
-0.03	 -0.2	0.08	-0.13	49_Y	[-31.12448  34.70512 121.33072]
-0.02	 0.2	0.02	-0.1	49_Y	[-33.16563415  31.49136585 123.09739024]
-0.02	 0.13	0.06	-0.09	49_Y	[-32.52627586  34.85662069 121.99289655]
-0.13	 -0.6	-0.04	0.18	49_Y	[-32.7847  33.6172 124.1798]
-0.2	 -0.86	0.06	0.22	49_Y	[-35.18569565  33.05486957 123.87252174]
-0.01	 0.09	-0.09	-0.06	49_Y	[-27.321       31.697      119.34928571]
0.15	 0.09	-0.01	-0.2	49_Y	[-30.10621429  29.36807143 120.12921429]
-0.16	 -0.42	0.1	0.25	49_Y	[-28.82991304  31.22947826 121.58821739]
-0.0	 0.26	-0.09	-0.16	49_Y	[-28.85591667  34.10475    120.77075   ]
-0.21	 -0.43	-0.21	0.42	49_Y	[-31.36618182  29.76904545 122.11054545]
-0.11	 -0.52	-0.22	0.4	49_Y	[-30.9785      35.35122222 120.60455556]
-0.25	 -0.67	-0.04	0.47	49_Y	[-33.94437037  30.89940741 123.33651852]
-0.17	 -0.67	-0.11	0.29	49_Y	[-33.72827273  35.64881818 121.50768182]
-0.11	 -0.04	-0.01	0.12	49_Y	[-35.30181818  34.86327273 123.18412121]
0.23	 1.4	0.08	-0.34	50_A	[-33.88526667  34.33286667 115.5256    ]
-0.09	 -0.4	-0.02	0.07	50_A	[-30.68507692  36.29734615 116.34084615]
0.11	 0.91	-0.01	-0.24	50_A	[-33.06370833  34.73566667 117.840375  ]
-0.24	 -0.76	-0.07	0.35	50_A	[-32.12517391  36.11865217 115.46256522]
-0.08	 -0.28	0.02	0.08	50_A	[-30.96884615  36.07176923 118.3295    ]
0.03	 0.32	-0.1	-0.15	50_A	[-29.67542105  34.96110526 115.05815789]
0.16	 1.42	0.39	-0.62	51_W	[-29.75721429  33.5815     114.4       ]
0.12	 1.32	0.09	-0.33	51_W	[-30.5101   27.5437  112.36335]
0.17	 1.17	0.41	-0.63	51_W	[-29.30353846  33.22369231 113.54169231]
0.07	 -0.09	-0.01	-0.11	51_W	[-30.30736842  27.49757895 113.61721053]
0.05	 0.4	-0.01	-0.17	51_W	[-30.54234783  26.63165217 110.41908696]
0.23	 1.09	0.19	-0.43	51_W	[-28.59421429  33.59221429 111.13392857]
0.16	 1.5	0.22	-0.47	52_K	[-35.03126667  29.42566667 113.41626667]
-0.22	 -0.77	0.03	0.27	52_K	[-36.18326667  28.49903333 115.1471    ]
0.02	 1.96	-0.04	-0.05	52_K	[-32.16357143  26.89957143 114.779     ]
0.15	 1.26	0.12	-0.35	52_K	[-34.57083333  27.42916667 117.17216667]
-0.02	 0.26	-0.1	-0.04	52_K	[-33.71644444  27.97055556 119.44416667]
0.01	 0.58	-0.2	0.01	52_K	[-30.77493333  25.83513333 116.92453333]
-0.01	 -4.68	-0.01	-0.08	52_K	[-30.3635      24.77966667 119.30283333]
0.01	 0.44	-0.49	0.19	52_K	[-33.42321875  27.98721875 112.9946875 ]
-0.15	 -0.33	0.05	0.2	52_K	[-33.94882353  26.63858824 115.544     ]
0.04	 -0.04	-0.03	-0.14	52_K	[-31.01664286  26.94564286 115.35278571]
0.04	 0.21	-0.18	0.01	52_K	[-34.97127273  28.32254545 117.88445455]
0.02	 0.06	-0.08	-0.04	52_K	[-32.63136  28.4754  120.02192]
-0.21	 -0.73	0.12	0.35	52_K	[-34.0122381   26.3617619  118.65180952]
-0.16	 -0.77	0.04	0.28	52_K	[-32.07968182  25.15927273 116.932     ]
0.11	 1.34	0.13	-0.41	52_K	[-30.268625  26.618125 116.26925 ]
-0.26	 -0.39	0.09	0.25	52_K	[-29.40713043  25.21056522 118.37873913]
-0.13	 -0.4	0.02	0.21	52_K	[-30.28221739  26.97717391 120.18843478]
-0.24	 -0.6	0.09	0.35	52_K	[-31.69646429  24.75639286 119.61753571]
0.09	 0.85	0.03	-0.24	53_R	[-36.874       32.34795455 114.92477273]
-0.26	 -0.96	0.08	0.27	53_R	[-38.58082759  32.34451724 114.883     ]
0.08	 1.58	-0.04	-0.21	53_R	[-36.63        32.97858333 117.34508333]
0.11	 1.18	0.08	-0.32	53_R	[-34.73833333  30.46452381 119.53990476]
0.04	 0.31	-0.32	0.15	53_R	[-35.04377778  30.98722222 121.06166667]
-0.01	 0.35	-0.08	-0.11	53_R	[-37.43138889  34.52422222 120.233     ]
-0.03	 0.17	0.01	-0.07	53_R	[-37.76628571  33.61967857 121.58132143]
-0.12	 -0.56	-0.09	0.16	53_R	[-36.94046154  36.00596154 119.91684615]
-0.09	 -0.13	-0.06	0.09	53_R	[-37.38965  30.1967  116.51335]
0.07	 0.79	0.02	-0.19	53_R	[-35.28957895  33.90694737 116.60926316]
-0.08	 0.25	-0.19	0.04	53_R	[-37.34776923  33.03223077 117.63892308]
-0.16	 -0.51	-0.06	0.18	53_R	[-36.00382353  29.85858824 118.76964706]
-0.07	 0.57	-0.05	-0.02	53_R	[-36.46552  31.43696 120.66464]
0.08	 0.64	-0.12	-0.14	53_R	[-34.59095455  34.82040909 118.92454545]
-0.27	 -0.76	0.1	0.31	53_R	[-37.49623077  32.34507692 121.85123077]
-0.26	 -0.95	0.05	0.43	53_R	[-38.36314815  34.60581481 121.84196296]
-0.18	 -0.91	0.08	0.31	53_R	[-36.13880645  35.88467742 118.73067742]
-0.3	 -1.52	0.33	0.59	53_R	[-37.90709524  36.55352381 120.51728571]
0.08	 1.04	0.16	-0.46	54_M	[-35.6528  34.021  114.7018]
0.06	 1.36	-0.09	-0.19	54_M	[-36.261   34.2248 114.5844]
0.2	 1.26	-0.17	-0.15	54_M	[-38.69083333  31.68283333 112.507     ]
0.03	 -0.24	-0.1	-0.15	54_M	[-36.98023684  30.10010526 112.0605    ]
0.01	 1.58	-0.02	-0.08	54_M	[-35.97983333  35.57766667 112.11133333]
0.09	 0.84	-0.03	-0.21	54_M	[-33.5525      36.10072222 110.87888889]
-0.02	 0.06	-0.16	-0.02	54_M	[-30.89621053  35.10597368 112.56002632]
-0.15	 -0.26	-0.07	0.14	54_M	[-37.6998125  34.4528125 113.766125 ]
0.05	 0.24	-0.06	-0.09	54_M	[-36.44447059  35.36735294 110.85805882]
-0.09	 -0.26	0.02	0.09	54_M	[-34.94740741  35.26174074 113.68818519]
-0.23	 -0.68	0.03	0.3	54_M	[-31.19966667  36.35       111.47872222]
0.15	 1.29	-0.01	-0.25	54_M	[-32.7078  35.4627 113.5625]
-0.07	 -0.31	-0.21	0.01	55_E	[-39.19225   32.94025  112.498875]
0.08	 1.28	0.1	-0.3	55_E	[-40.40214286  32.76914286 111.34542857]
0.1	 1.15	-0.03	-0.22	55_E	[-39.3822      34.72106667 109.8354    ]
0.03	 0.74	-0.01	-0.13	55_E	[-41.78492857  32.13364286 109.13557143]
-0.2	 0.42	-0.06	0.18	55_E	[-42.73        34.47709091 108.39545455]
-0.21	 -0.88	0.06	0.24	55_E	[-41.18080645  35.75745161 107.51770968]
-0.15	 -0.4	0.07	0.27	55_E	[-42.51807143  33.0597619  106.48752381]
-0.1	 0.07	0.09	0.03	55_E	[-38.60582353  34.36211765 111.96923529]
-0.07	 -0.05	-0.02	0.12	55_E	[-39.91205  31.0915  111.06435]
-0.16	 -0.5	-0.07	0.13	55_E	[-40.47322222  34.57592593 110.62596296]
0.12	 1.18	0.18	-0.5	55_E	[-39.08425   35.177375 108.712875]
-0.02	 -0.06	0.09	-0.03	55_E	[-40.72692308  30.95107692 108.05184615]
-0.26	 -0.65	0.09	0.41	55_E	[-42.19865217  32.55552174 109.9963913 ]
0.05	 0.26	-0.08	0.07	56_V	[-38.74433333  27.013      107.493     ]
-0.01	 0.03	-0.1	-0.04	56_V	[-36.578       26.88077273 105.97527273]
-0.15	 -1.37	-0.04	0.17	56_V	[-38.48095833  27.06595833 110.32341667]
0.04	 0.18	-0.12	-0.11	56_V	[-39.96775     29.94566667 109.20141667]
-0.14	 -0.15	-0.06	0.1	56_V	[-39.10019231  28.32757692 106.90688462]
-0.12	 -0.56	-0.18	0.31	56_V	[-37.03377273  25.71868182 106.92759091]
0.14	 0.59	0.05	-0.25	56_V	[-36.035       27.70061905 105.20795238]
-0.12	 -0.53	-0.07	0.26	56_V	[-38.522125    25.9785     109.11404167]
0.04	 -0.42	-0.05	-0.05	56_V	[-36.542       27.29285185 110.64855556]
-0.12	 -0.41	0.13	0.14	56_V	[-39.3514   28.50755 110.2127 ]
0.12	 1.26	0.32	-0.56	57_G	[-39.06375   29.749625 105.81275 ]
0.07	 1.17	-0.04	-0.22	57_G	[-39.4848  30.721  104.8334]
0.02	 0.62	-0.09	-0.08	57_G	[-39.67552632  30.58442105 106.17110526]
0.15	 0.87	0.04	-0.22	57_G	[-39.85583333  31.86061111 104.35061111]
0.04	 0.72	0.0	-0.22	58_Q	[-36.5236  35.6854 109.3446]
0.12	 1.37	0.24	-0.53	58_Q	[-34.05646154  36.95461538 108.99453846]
-0.11	 -0.01	0.03	0.0	58_Q	[-35.57407692  38.13853846 107.82507692]
-0.0	 0.04	-0.04	0.01	58_Q	[-36.68215625  37.93184375 105.73959375]
-0.1	 0.39	0.07	0.01	58_Q	[-33.21313333  38.6716     107.531     ]
0.04	 0.49	-0.05	-0.11	58_Q	[-37.62741935  35.64441935 108.40258065]
-0.12	 -0.23	-0.01	0.17	58_Q	[-35.29057143  36.83609524 109.60271429]
-0.1	 -0.38	-0.12	0.14	58_Q	[-32.61628571  37.93435714 108.23642857]
-0.07	 -0.19	0.02	0.06	58_Q	[-33.27906897  38.97717241 105.73075862]
0.09	 1.89	0.11	-0.36	59_Q	[-34.552875  28.07225  111.059625]
0.17	 1.41	0.12	-0.38	59_Q	[-34.78990476  29.12066667 111.41371429]
0.12	 0.64	-0.13	-0.17	59_Q	[-33.57782759  27.2492069  111.11586207]
0.07	 0.96	-0.09	-0.16	61_V	[-33.27892308  39.66761538 103.14023077]
-0.07	 -0.25	-0.18	0.07	61_V	[-34.79621429  39.54207143 103.64907143]
0.1	 0.06	-0.06	-0.18	61_V	[-31.9875   38.83355 103.337  ]
0.13	 0.76	0.09	-0.28	62_E	[-27.77969565  36.61773913 103.65595652]
0.08	 0.84	-0.05	-0.21	62_E	[-30.72005  37.8886  106.70995]
-0.09	 -0.4	-0.05	0.12	62_E	[-28.80705882  37.00258824 108.68788235]
0.1	 0.79	0.03	-0.22	62_E	[-28.10228571  35.22325    109.50367857]
-0.04	 0.01	0.07	-0.08	62_E	[-30.91803571  36.81517857 109.46825   ]
0.06	 0.19	0.03	-0.17	62_E	[-30.37105263  37.75931579 104.06094737]
-0.12	 0.05	0.05	0.04	62_E	[-28.82479167  37.38291667 105.960625  ]
0.17	 1.33	0.17	-0.41	64_W	[-27.98027778  34.91838889  96.17794444]
0.09	 0.97	-0.01	-0.27	64_W	[-31.01189474  36.77926316  95.97378947]
0.09	 1.54	0.21	-0.47	64_W	[-28.9095  33.749   95.3405]
0.08	 1.09	-0.03	-0.3	64_W	[-29.97182353  36.23229412  94.58958824]
0.12	 1.25	0.15	-0.4	64_W	[-29.235       34.92564706  94.60576471]
0.14	 1.42	0.25	-0.5	64_W	[-28.271375   32.9915625  95.739    ]
-0.05	 -0.21	-0.14	-0.02	64_W	[-29.26744444  34.29844444  92.91855556]
0.11	 1.33	0.27	-0.54	64_W	[-28.29542857  32.74664286  94.63735714]
0.09	 1.0	0.21	-0.44	64_W	[-28.4845      33.18066667  93.86066667]
0.01	 0.37	-0.25	-0.04	64_W	[-32.87588462  36.74457692  96.84019231]
-0.05	 -0.17	-0.11	-0.04	64_W	[-31.95919355  36.47145161  94.18487097]
-0.01	 0.26	-0.03	0.15	64_W	[-30.32341667  34.72458333  91.67775   ]
0.1	 1.13	0.17	-0.36	65_Q	[-28.3085      39.06633333  97.99933333]
0.16	 1.2	-0.02	-0.24	65_Q	[-26.9157  39.1943 100.2548]
0.02	 0.38	-0.09	-0.21	65_Q	[-26.67943478  39.5243913   98.71226087]
0.03	 1.01	-0.01	-0.16	65_Q	[-28.6147  39.3735 100.2026]
0.08	 0.97	0.02	-0.27	65_Q	[-31.81041667  38.90066667  98.37375   ]
-0.19	 -0.68	-0.1	0.18	65_Q	[-32.12908333  40.8015      99.05916667]
0.01	 0.1	-0.06	-0.07	65_Q	[-33.91202632  39.50760526  99.48210526]
-0.04	 -0.45	-0.06	0.15	65_Q	[-30.72335484  40.91551613 100.82654839]
0.04	 0.54	0.06	-0.08	65_Q	[-29.11026316  38.05931579  97.02647368]
0.09	 0.02	-0.04	-0.11	65_Q	[-29.31433333  38.66308333 101.82033333]
-0.11	 -0.65	0.06	-0.03	65_Q	[-28.8409375  40.0249375  99.192625 ]
-0.19	 -0.75	-0.06	0.28	65_Q	[-30.85275     39.14441667  97.563375  ]
-0.2	 -0.6	0.14	0.25	65_Q	[-29.58616667  40.88944444 100.84016667]
-0.21	 -0.71	0.11	0.37	65_Q	[-31.97073333  41.49103333 101.63416667]
0.12	 0.98	-0.04	-0.22	66_G	[-27.60969231  38.14730769 101.54569231]
0.03	 -0.09	-0.04	-0.11	66_G	[-25.81330769  37.85646154 102.45415385]
-0.04	 -0.19	-0.11	0.1	66_G	[-25.7225      38.97016667 101.41058333]
0.13	 2.58	0.07	-0.29	66_G	[-25.68255556  37.01455556 102.93988889]
0.18	 1.52	0.25	-0.51	67_L	[-24.70938462  34.589       95.57984615]
0.17	 1.07	0.06	-0.32	67_L	[-26.29982353  34.02217647  96.32517647]
0.16	 1.17	0.18	-0.45	67_L	[-25.91559259  32.7542963   95.35540741]
0.1	 0.12	0.12	-0.38	68_A	[-26.1252  35.4705  95.8322]
0.03	 1.04	0.14	-0.33	68_A	[-25.192875  37.118875  94.33775 ]
0.13	 1.28	0.01	-0.22	68_A	[-24.02672727  38.27145455  93.71018182]
-0.19	 -0.87	-0.09	0.17	68_A	[-27.27242105  38.48352632  94.87978947]
-0.05	 -0.13	-0.11	0.04	68_A	[-24.76173077  36.13092308  94.08215385]
-0.16	 -0.55	-0.01	0.21	68_A	[-26.19976  38.88064  93.93924]
-0.02	 0.32	-0.45	0.14	68_A	[-28.19225     36.66669444  94.97708333]
-0.02	 0.07	-0.02	-0.04	68_A	[-26.78042105  39.43178947  96.34768421]
0.14	 1.79	0.11	-0.4	69_L	[-25.14209091  40.10981818  96.62227273]
0.14	 1.67	0.23	-0.48	69_L	[-24.5684  40.8052  96.5962]
0.09	 1.19	0.44	-0.68	69_L	[-24.94428571  40.51485714  99.72742857]
0.08	 -0.16	-0.06	-0.16	69_L	[-21.29182353  43.02452941  97.07305882]
-0.08	 -0.51	-0.04	0.09	69_L	[-24.0337   42.8884  101.12045]
0.12	 1.03	0.17	-0.45	69_L	[-23.74811111  41.81088889  96.337     ]
-0.09	 -0.13	-0.19	0.1	69_L	[-24.95317857  41.11617857  97.99803571]
0.11	 1.53	0.16	-0.41	69_L	[-20.13082353  42.12435294  97.18705882]
-0.15	 0.39	-0.24	0.07	69_L	[-22.77496154  43.272       97.53996154]
0.04	 0.13	0.03	-0.14	69_L	[-22.7486  43.2186 102.0904]
-0.18	 -0.52	0.04	0.28	69_L	[-24.3325  43.1765  99.8742]
-0.02	 0.02	0.09	-0.11	69_L	[-24.62290476  40.86466667 101.16914286]
0.01	 0.22	0.18	-0.27	71_S	[-21.51674286  36.07468571  92.38942857]
0.04	 0.46	-0.07	-0.15	71_S	[-22.51379167  34.04783333  92.89616667]
0.18	 1.26	0.16	-0.43	71_S	[-18.8037931   35.21427586  93.05548276]
-0.03	 0.16	-0.14	0.01	71_S	[-22.79626667  37.60246667  92.75326667]
-0.13	 -0.09	-0.26	0.17	71_S	[-20.85393333  35.59826667  91.80083333]
0.09	 0.68	-0.06	-0.19	72_E	[-19.11666667  42.22441667  94.51775   ]
0.08	 1.01	-0.16	-0.16	72_E	[-17.87346667  42.32413333  92.6667    ]
0.08	 1.12	-0.07	-0.07	72_E	[-20.70444444  42.53133333  93.64588889]
0.05	 0.7	0.1	-0.3	72_E	[-22.36888  40.2746   92.16868]
-0.11	 0.2	-0.02	0.0	72_E	[-23.95985  42.64045  93.6358 ]
-0.26	 -0.6	0.09	0.34	72_E	[-22.91163158  43.80984211  93.86942105]
-0.1	 0.0	-0.05	0.16	72_E	[-25.14210204  41.39589796  94.32242857]
0.04	 0.27	-0.08	-0.04	72_E	[-19.71290909  40.75954545  91.28527273]
0.14	 0.68	0.04	-0.24	72_E	[-20.89935294  42.34929412  95.45170588]
-0.09	 -0.32	-0.19	0.19	72_E	[-20.30746154  42.73926923  92.83480769]
-0.13	 -0.76	-0.33	0.36	72_E	[-21.82096552  40.83713793  91.26041379]
0.07	 0.41	-0.01	-0.18	72_E	[-23.64875    39.5360625  93.14775  ]
0.11	 1.39	0.11	-0.36	73_A	[-19.12022222  41.66922222  95.67455556]
0.13	 1.74	0.26	-0.53	73_A	[-18.56618182  41.80609091  96.58490909]
0.13	 1.06	-0.0	-0.21	73_A	[-17.53336364  42.52963636  95.74131818]
0.11	 -0.04	-0.22	-0.08	75_L	[-15.671875  41.285375  89.673125]
0.11	 0.79	-0.05	-0.22	75_L	[-14.32589474  40.30284211  88.71621053]
0.02	 0.6	-0.04	-0.12	75_L	[-18.2561  40.3798  89.6213]
0.06	 0.37	-0.04	0.07	75_L	[-18.614       36.30333333  90.17666667]
-0.06	 -0.01	-0.05	0.02	75_L	[-20.32325     38.36505556  89.41013889]
-0.01	 0.65	-0.02	-0.08	75_L	[-17.30177778  36.40466667  87.38816667]
0.03	 0.36	0.05	-0.13	75_L	[-18.47025   40.495875  90.368875]
-0.02	 -0.05	0.07	-0.02	75_L	[-16.68726923  39.81734615  88.69319231]
0.16	 1.17	0.13	-0.38	75_L	[-18.13127586  36.13393103  91.14462069]
-0.17	 -0.5	-0.04	0.19	75_L	[-20.05934615  36.59996154  89.44415385]
0.09	 0.94	-0.02	-0.28	75_L	[-20.77342857  39.0982381   90.8582381 ]
-0.22	 -1.34	0.18	0.35	75_L	[-19.52990476  38.91380952  88.0572381 ]
-0.32	 0.02	-0.55	0.24	75_L	[-18.18895  35.4537   88.20155]
-0.28	 -0.52	0.05	0.38	75_L	[-17.05864286  37.92135714  87.17414286]
0.07	 0.77	-0.01	-0.25	76_R	[-16.42752941  41.73852941  90.77682353]
0.12	 1.42	0.25	-0.64	76_R	[-15.826       42.55533333  90.63666667]
-0.07	 -0.57	-0.14	0.13	76_R	[-16.65192308  45.00292308  91.78684615]
0.09	 1.2	0.15	-0.34	76_R	[-14.97669231  46.06415385  93.20492308]
0.03	 0.22	-0.04	-0.11	76_R	[-14.9763  46.1134  90.4544]
-0.06	 0.12	-0.02	0.0	76_R	[-14.03211111  47.39833333  90.2495    ]
-0.11	 0.19	-0.01	0.13	76_R	[-13.45754545  48.56945455  91.55463636]
-0.1	 0.81	0.06	0.04	76_R	[-12.378       47.27028571  88.29042857]
0.03	 0.31	0.03	-0.18	76_R	[-14.62626316  42.75173684  89.66394737]
0.16	 1.52	0.21	-0.48	76_R	[-16.72730769  43.32069231  93.99123077]
-0.12	 -0.46	0.07	0.2	76_R	[-16.37270833  44.04420833  90.946625  ]
-0.11	 -0.53	-0.29	0.38	76_R	[-16.83375     44.72721429  93.23592857]
-0.16	 -0.9	-0.06	0.23	76_R	[-15.266       46.94128571  92.79135714]
0.07	 0.08	-0.05	-0.11	76_R	[-14.285       44.80029412  89.49947059]
0.04	 0.1	-0.06	-0.08	76_R	[-13.7765      48.31216667  92.45966667]
-0.21	 -0.54	0.04	0.21	76_R	[-11.64944444  48.86094444  90.74016667]
-0.07	 -0.8	-0.05	0.04	76_R	[-12.27515789  45.984       87.913     ]
-0.15	 -0.15	-0.11	0.09	76_R	[-10.8593871   47.55890323  88.814     ]
0.15	 1.06	0.14	-0.39	78_Q	[-8.47176667 38.39263333 88.30583333]
0.01	 -0.27	-0.08	-0.11	78_Q	[-10.59127273  36.77663636  86.86445455]
-0.06	 -0.09	-0.02	0.03	78_Q	[-12.522       37.41846667  86.35146667]
-0.03	 0.29	-0.02	-0.05	78_Q	[-14.45820588  37.55085294  87.184     ]
-0.14	 -0.43	-0.01	0.13	78_Q	[-11.94133333  35.09753333  85.8474    ]
-0.02	 0.24	-0.09	-0.04	78_Q	[-11.03395652  38.58913043  87.02482609]
0.14	 0.51	0.09	-0.35	78_Q	[-9.51085 36.43425 88.1557 ]
-0.14	 -0.54	-0.15	0.19	78_Q	[-10.64973333  34.62213333  86.52633333]
-0.07	 -0.09	-0.09	0.2	78_Q	[-13.37451351  34.16635135  86.5162973 ]
0.09	 1.17	0.06	-0.3	79_A	[-11.5552  40.4568  87.0204]
-0.08	 -0.54	-0.13	0.15	79_A	[-12.94116667  43.15191667  87.16145833]
0.1	 0.55	-0.05	-0.16	79_A	[-10.77105882  40.79164706  86.32382353]
-0.0	 -0.17	-0.02	-0.06	79_A	[-11.32966667  44.06804167  86.33241667]
-0.14	 -0.04	0.02	0.19	79_A	[-13.1625      41.33003125  87.26446875]
0.06	 0.88	0.34	-0.74	79_A	[-13.633       43.49285714  88.70571429]
0.17	 2.21	0.14	-0.39	80_L	[-6.519375 42.565    91.968625]
0.0	 0.25	-0.09	0.05	80_L	[-5.65687097 44.513      90.60141935]
-0.02	 0.48	0.0	-0.06	80_L	[-8.29724242 47.47006061 92.14857576]
0.13	 0.48	0.05	-0.25	80_L	[-7.34411538 43.86396154 93.08423077]
0.06	 0.39	-0.08	-0.0	80_L	[-9.54016667 48.30658333 92.33583333]
-0.12	 -0.24	-0.28	0.13	80_L	[-7.16766667 46.15733333 92.69813333]
-0.03	 -0.02	-0.14	-0.01	80_L	[-8.30696 46.56832 90.07968]
0.02	 0.14	-0.08	-0.1	81_L	[-3.87823684 40.09734211 88.66378947]
0.1	 0.73	-0.06	0.06	81_L	[-3.85733333 37.85233333 91.199     ]
0.0	 0.27	-0.14	-0.14	81_L	[-3.42717241 39.95631034 92.69037931]
0.11	 0.66	-0.23	-0.13	81_L	[-4.7817  41.92935 91.0905 ]
-0.07	 0.23	0.2	0.02	81_L	[-4.0781875 37.957875  89.8759375]
0.16	 0.61	-0.38	-0.41	81_L	[-2.67857143 38.6532381  92.80838095]
-0.05	 0.34	-0.43	0.06	81_L	[-3.90109091 40.98331818 92.02777273]
0.12	 1.32	0.09	-0.33	81_L	[-3.92428 36.35116 91.51108]
0.18	 1.28	0.09	-0.39	82_V	[-6.74314286 38.97592857 87.12692857]
-0.1	 -0.44	0.02	0.07	82_V	[-4.01567647 41.74802941 85.05932353]
0.08	 0.56	-0.02	-0.11	82_V	[-8.17614286 39.60685714 85.55871429]
0.06	 0.63	0.08	-0.27	82_V	[-8.09258333 42.47975    83.64966667]
-0.15	 -0.6	0.02	0.19	82_V	[-6.86327586 39.66937931 83.42024138]
0.01	 0.23	-0.05	-0.15	82_V	[-5.60504348 38.91643478 86.47491304]
-0.11	 0.09	-0.33	0.15	82_V	[-8.95675 39.3385  86.12845]
-0.08	 -0.3	-0.1	0.05	82_V	[-9.57311765 42.09779412 84.55347059]
0.06	 0.59	-0.0	-0.19	82_V	[-6.83563636 42.53063636 83.85990909]
-0.25	 -1.14	0.25	0.46	82_V	[-8.5035  40.00235 83.25035]
-0.23	 -0.87	0.04	0.35	82_V	[-5.7725625 40.97175   83.2498125]
-0.23	 -0.69	-0.07	0.44	82_V	[-6.68547826 38.55508696 84.70486957]
0.14	 0.9	0.01	-0.28	83_K	[-3.16990909 43.10963636 89.90384848]
-0.01	 0.42	-0.05	-0.06	83_K	[-5.59490909 46.84081818 87.75645455]
-0.05	 1.24	-0.05	-0.1	83_K	[-6.42855556 44.86511111 83.80555556]
-0.03	 -0.29	-0.01	-0.11	83_K	[-8.78695455 45.79286364 83.64904545]
-0.02	 -2.02	-0.02	-0.14	83_K	[-8.96136364 47.99772727 85.00554545]
-0.05	 0.45	-0.16	0.03	83_K	[-4.2474     44.2746     84.85226667]
0.01	 -0.2	0.01	-0.09	83_K	[-6.00586667 46.12053333 88.794     ]
-0.09	 -0.49	-0.07	0.2	83_K	[-4.83847368 46.91689474 86.72231579]
0.14	 0.47	0.0	-0.21	83_K	[-8.28033333 46.76755556 87.82088889]
-0.06	 -0.12	0.0	0.09	83_K	[-5.69412 46.12848 84.4288 ]
0.0	 0.96	0.04	-0.14	83_K	[-6.77992308 43.99492308 83.99469231]
-0.37	 -1.03	0.31	0.62	83_K	[-8.34041176 46.59729412 82.83258824]
-0.11	 -0.24	-0.17	0.21	83_K	[-10.12259091  45.07595455  84.84068182]
-0.39	 -0.85	0.24	0.51	83_K	[-9.28152381 48.49385714 84.32647619]
-0.03	 -0.21	-0.19	0.05	83_K	[-10.10936667  47.0076      86.61803333]
-0.26	 -1.19	0.03	0.33	83_K	[-7.24647368 48.22378947 85.81536842]
0.09	 0.63	-0.02	-0.08	84_S	[-2.75933333 46.26783333 87.21716667]
0.07	 1.6	0.01	-0.26	84_S	[-1.38342857 45.82014286 87.028     ]
0.0	 0.31	1.22	-0.49	84_S	[-0.60112 43.22372 87.81388]
-0.08	 -0.22	-0.07	0.01	84_S	[-1.26145455 42.06004545 87.29802273]
0.07	 1.26	0.06	-0.31	84_S	[-2.694875  45.37275   89.8680625]
-0.03	 0.1	-0.09	0.1	84_S	[ 0.3110625 46.41925   89.515625 ]
-0.12	 0.13	0.05	0.15	84_S	[-2.49492308 45.08353846 85.70965385]
-0.22	 -0.37	0.01	0.28	84_S	[-0.4998  45.9493  86.89395]
-0.06	 -0.09	-0.15	0.08	84_S	[-3.11824138 46.09227586 89.37586207]
0.15	 1.28	0.44	-0.66	84_S	[-1.83154545 43.07118182 89.73736364]
-0.17	 -0.12	0.01	0.22	84_S	[-0.76734783 47.2066087  90.56108696]
0.08	 1.1	-0.1	-0.23	85_S	[ 1.28816667 44.556      86.893     ]
0.07	 0.83	0.2	-0.4	85_S	[ 1.76872727 41.59063636 87.49809091]
0.11	 1.0	-0.07	-0.21	85_S	[ 1.88840741 42.37988889 89.80862963]
-0.23	 -0.87	-0.03	0.24	85_S	[ 3.61346429 41.41546429 90.46121429]
-0.09	 -0.3	-0.02	0.02	85_S	[ 3.21107692 42.91430769 86.29261538]
-0.2	 -0.65	-0.08	0.24	85_S	[ 4.0842  44.10545 88.65755]
-0.0	 0.34	-0.02	-0.13	85_S	[ 1.70269565 44.93256522 88.58      ]
-0.2	 -0.27	-0.15	0.22	85_S	[ 0.96034783 41.16047826 87.6456087 ]
-0.24	 -0.59	0.14	0.39	85_S	[ 3.77157143 41.52066667 87.21957143]
-0.22	 -0.71	0.13	0.3	85_S	[ 2.28433333 43.379      85.95562963]
-0.35	 -0.91	0.32	0.53	85_S	[ 4.885875   44.23616667 87.48754167]
0.13	 1.02	-0.02	-0.25	86_Q	[-4.11666667e-02  4.16211667e+01  9.02335000e+01]
0.11	 -0.22	0.02	-0.26	86_Q	[ 3.341      41.14409091 92.36590909]
-0.14	 -0.48	-0.05	0.16	86_Q	[ 1.10359259 39.59537037 91.14022222]
-0.03	 0.79	-0.1	-0.03	86_Q	[-0.9273 41.7266 93.3794]
0.09	 1.06	0.19	-0.4	86_Q	[-1.9049 43.9628 92.1453]
0.01	 0.07	-0.01	-0.11	86_Q	[ 0.50091667 45.49566667 93.162625  ]
-0.14	 -0.26	0.03	0.17	86_Q	[ 2.20948387 45.12448387 92.97409677]
-0.03	 0.17	-0.1	0.02	86_Q	[-0.4433  47.2834  93.79985]
0.05	 0.47	-0.2	-0.1	86_Q	[-0.6635  42.27625 90.0645 ]
0.09	 0.59	-0.19	-0.02	86_Q	[ 2.9595   43.34675  92.121125]
0.11	 0.19	-1.09	0.36	86_Q	[-1.67315942 41.83607246 91.88308696]
-0.07	 -0.12	-0.07	-0.04	86_Q	[-0.41252632 42.28910526 94.30978947]
-0.09	 0.03	-0.0	0.39	86_Q	[-2.24764865 44.7297027  92.74616216]
-0.1	 -0.73	-0.18	0.07	86_Q	[-1.7277  47.06825 92.64855]
-0.26	 -0.52	-0.01	0.36	86_Q	[ 0.32380645 47.56467742 94.09045161]
0.07	 0.79	-0.19	-0.02	87_P	[ 3.4355  41.31275 93.22475]
0.06	 0.85	0.28	-0.61	87_P	[ 3.6957 39.4575 94.0031]
0.1	 1.29	0.13	-0.37	87_P	[ 1.26474194 38.31458065 93.74841935]
0.02	 0.45	-0.08	-0.24	87_P	[-0.45427273 38.86470909 93.35874545]
0.05	 0.65	-0.01	-0.15	87_P	[ 4.07985714 38.94721429 95.9815    ]
0.09	 0.76	-0.04	-0.19	87_P	[ 1.96091667 42.39625    96.49208333]
0.04	 0.7	0.21	-0.48	87_P	[ 2.92353333 42.52306667 94.6204    ]
-0.18	 -0.74	-0.01	0.33	87_P	[ 3.57333333 39.03319048 93.11433333]
0.11	 1.46	0.07	-0.31	87_P	[ 3.675125 38.580125 96.768375]
-0.18	 -0.55	0.0	0.32	87_P	[ 4.71866667 40.35179167 95.46391667]
-0.06	 0.21	-0.18	-0.01	87_P	[ 3.26604348 42.51817391 96.84508696]
0.02	 0.37	-0.07	-0.08	87_P	[ 0.7458     43.13133333 95.32473333]
-0.13	 -0.63	-0.01	0.16	87_P	[ 3.55279167 42.61495833 93.99725   ]
0.07	 1.26	-0.14	-0.07	88_W	[ 2.849  36.9495 94.587 ]
0.05	 0.92	0.16	-0.52	88_W	[ 1.3022 35.972  92.769 ]
0.13	 0.53	0.06	-0.26	88_W	[-1.467875   35.81045833 92.70775   ]
-0.01	 0.02	-0.16	-0.09	88_W	[ 3.0472 35.1035 97.1382]
0.09	 0.32	-0.07	-0.13	88_W	[  0.82591667  32.40975    100.2695    ]
-0.04	 0.39	-0.06	-0.01	88_W	[ 3.61155556 34.63514815 99.065     ]
0.03	 0.69	0.03	-0.2	88_W	[  2.96684211  34.52565789 100.61755263]
0.04	 -0.04	-0.08	0.05	88_W	[ 3.1921875 37.222375  95.54975  ]
0.07	 1.69	0.14	-0.49	88_W	[ 2.76557143 35.77914286 95.878     ]
0.05	 0.83	0.1	-0.25	88_W	[ 3.47180952 36.78595238 97.56104762]
0.15	 0.29	0.03	-0.22	88_W	[  0.7690625  32.6279375 101.584375 ]
-0.16	 -0.63	-0.04	0.34	88_W	[ 4.58709091 35.56968182 99.43527273]
-0.39	 -0.35	0.02	0.46	88_W	[  3.15584  33.6114  101.67136]
0.07	 0.13	-0.2	-0.11	89_E	[ 2.1713 35.6057 93.1061]
0.12	 1.63	0.17	-0.42	89_E	[ 1.96716667 34.94633333 91.9555    ]
0.04	 0.38	-0.1	-0.14	89_E	[-0.79340741 32.23544444 91.07848148]
-0.01	 -0.58	-0.06	-0.02	89_E	[ 3.80233333 32.94766667 93.01891667]
0.01	 0.45	-0.02	-0.21	89_E	[ 1.63678571 30.99689286 92.65164286]
-0.16	 -0.59	-0.05	0.16	89_E	[ 2.89692593 32.21396296 89.92937037]
-0.26	 -0.8	0.3	0.27	89_E	[ 2.531      33.94724242 89.69545455]
-0.27	 -1.0	0.19	0.45	89_E	[ 3.66533333 30.96342857 89.45209524]
-0.03	 -0.41	-0.11	0.01	89_E	[ 2.84589286 34.93442857 94.7235    ]
-0.08	 0.14	-0.18	0.04	89_E	[ 0.429      34.62728571 91.61821429]
-0.21	 -0.27	0.04	0.31	89_E	[ 3.73364706 34.02752941 92.06805882]
-0.2	 -0.97	-0.05	0.27	89_E	[ 3.05525    32.24533333 94.2825    ]
-0.27	 -1.01	0.08	0.42	89_E	[ 2.90933333 30.673      92.55247619]
-0.16	 -0.1	-0.32	0.15	89_E	[ 0.36529412 30.92247059 91.59747059]
0.15	 1.33	0.34	-0.59	90_P	[ 0.74014286 31.20057143 94.36985714]
0.12	 1.45	0.04	-0.36	90_P	[ 0.12622222 30.60288889 94.59211111]
0.08	 0.55	-0.21	0.07	90_P	[-0.1635  29.9875  95.60425]
-0.02	 -0.09	-0.17	0.02	90_P	[ 0.99731579 31.39752632 97.80694737]
0.08	 0.66	0.03	-0.18	90_P	[-1.09620833 29.88433333 93.96029167]
-0.04	 0.13	-0.03	0.05	90_P	[-1.3395     29.40338462 96.66892308]
0.11	 0.42	-0.05	-0.18	90_P	[ 0.39794118 31.67252941 98.77376471]
-0.2	 -0.6	0.05	0.27	90_P	[ 1.34153571 30.69364286 96.16285714]
0.07	 0.75	-0.03	-0.16	90_P	[ 2.26852941 33.24429412 96.42076471]
0.11	 1.58	0.03	-0.29	91_L	[-3.41805263 39.368      95.76615789]
0.13	 1.12	0.05	-0.3	91_L	[-2.26566667 38.84877778 95.08888889]
-0.11	 -2.21	-0.12	-0.0	92_Q	[-2.5865     32.8705     89.62566667]
-0.05	 0.14	-0.02	-0.03	92_Q	[-5.03114286 32.10664286 87.69807143]
-0.09	 -0.32	-0.01	0.11	92_Q	[-6.03241667 34.35683333 86.818     ]
0.06	 0.51	0.04	-0.16	92_Q	[-7.788875   35.28995833 87.92325   ]
-0.06	 0.04	0.05	-0.06	92_Q	[-4.44638095 36.41271429 87.60695238]
0.15	 1.17	0.01	-0.32	92_Q	[-3.04586667 34.9386     92.0242    ]
-0.04	 -0.11	-0.04	-0.06	92_Q	[-2.71224 34.11536 90.3228 ]
-0.01	 0.68	-0.03	-0.07	92_Q	[-3.42022222 31.288      89.822     ]
-0.3	 -1.12	0.21	0.42	92_Q	[-3.77323529 32.87111765 87.33970588]
0.05	 0.54	-0.08	-0.06	92_Q	[-5.65026667 31.31866667 88.3842    ]
-0.22	 -0.49	-0.02	0.17	92_Q	[-3.50918182 35.61136364 88.47777273]
0.06	 0.03	-0.22	0.01	92_Q	[-5.87411765 37.24894118 87.75991176]
0.09	 1.2	0.18	-0.46	93_L	[-5.007      30.531      89.78561538]
0.09	 1.16	-0.04	-0.23	93_L	[-5.6715     29.99766667 89.63583333]
-0.01	 0.27	-0.04	-0.07	93_L	[-6.78263636 27.43490909 90.61554545]
-0.06	 -0.14	-0.04	0.07	93_L	[-4.2477     25.84266667 93.21616667]
-0.03	 0.37	-0.05	-0.06	93_L	[-2.49917241 29.03293103 90.99289655]
0.03	 0.51	-0.01	-0.17	93_L	[-7.11623529 29.20605882 89.75305882]
0.06	 0.58	-0.14	-0.16	93_L	[-6.76966667 26.779      91.0645    ]
-0.16	 -0.25	0.06	0.2	93_L	[-5.18604762 28.21261905 89.78361905]
-0.09	 -0.63	0.04	0.11	93_L	[-3.0966129  27.19687097 94.29609677]
0.09	 0.4	-0.05	-0.17	93_L	[-5.521      26.16028571 94.38364286]
-0.15	 -0.83	0.08	0.29	93_L	[-4.38847826 25.83208696 91.58704348]
-0.11	 -0.18	-0.13	0.12	93_L	[-1.5926875 28.7225625 92.7529375]
-0.17	 -0.9	0.1	0.28	93_L	[-2.76313043 27.87908696 90.47382609]
-0.0	 0.46	-0.25	0.0	94_H	[-5.76422222 26.6077037  96.52544444]
0.16	 1.01	0.13	-0.39	94_H	[-8.24490625 26.973375   97.05378125]
-0.03	 1.36	-0.12	-0.0	94_H	[-5.19306667 25.99946667 97.82426667]
0.08	 0.12	0.0	-0.17	94_H	[-3.10938889 28.22211111 97.01116667]
0.09	 1.23	0.34	-0.68	96_D	[-11.9946  30.8092  88.368 ]
0.15	 2.05	0.03	-0.26	96_D	[-11.548    28.3495   89.70375]
-0.02	 0.21	-0.11	-0.1	96_D	[-13.10217391  29.34208696  88.74634783]
0.01	 0.27	-0.0	-0.17	96_D	[-10.23776471  29.59976471  88.51488235]
-0.13	 0.0	-0.01	0.08	96_D	[-10.12564286  31.50542857  86.83992857]
0.02	 0.13	-0.08	-0.07	96_D	[-10.32117857  33.058       87.02932143]
-0.12	 -0.37	0.06	0.15	96_D	[-7.82594444 31.11361111 87.009     ]
0.12	 0.54	0.01	-0.18	96_D	[-12.22064286  31.87507143  88.36614286]
0.15	 0.39	0.0	-0.17	96_D	[-8.58975    29.10441667 89.354     ]
-0.17	 -0.47	-0.03	0.27	96_D	[-10.658       29.15045833  88.270125  ]
0.18	 1.42	0.14	-0.41	97_K	[-14.95505556  26.93838889  92.15611111]
0.09	 0.87	-0.03	-0.17	97_K	[-12.52983333  26.03033333  92.49083333]
0.05	 0.88	-0.1	-0.11	97_K	[-10.3724  26.003   90.8251]
0.02	 0.23	-0.0	-0.16	97_K	[-8.2083 24.5298 93.7307]
0.08	 1.76	-0.06	-0.26	97_K	[-10.006       22.931       92.51138462]
0.01	 0.46	-0.1	-0.05	97_K	[-13.04672  26.89844  91.00676]
0.06	 0.95	0.22	-0.59	97_K	[-12.8464  26.0419  92.7429]
-0.02	 0.43	-0.11	-0.07	97_K	[-11.468       25.00420833  91.747125  ]
0.02	 0.07	-0.01	-0.09	97_K	[-9.59386207 27.409      90.59768966]
0.24	 1.21	0.09	-0.34	97_K	[-9.4136  26.2799  95.55035]
-0.05	 0.03	-0.04	-0.03	97_K	[-7.7915     25.31386364 91.41495455]
-0.12	 0.29	-0.18	0.18	97_K	[-7.25290909 24.92740909 94.24381818]
-0.23	 -0.24	0.01	0.28	97_K	[-9.29393548 22.98758065 93.88583871]
-0.3	 -0.85	-0.02	0.52	97_K	[-9.46505263 23.38552632 91.40710526]
0.15	 1.03	0.01	-0.23	99_V	[-18.83864706  32.17917647  90.50358824]
0.08	 0.64	0.24	-0.49	99_V	[-16.60402564  32.99912821  87.73423077]
0.18	 1.14	0.13	-0.38	99_V	[-17.33153846  33.98569231  91.6515    ]
0.14	 1.23	0.09	-0.31	99_V	[-13.94525  31.9428   88.5264 ]
0.04	 0.1	-0.19	-0.09	99_V	[-15.7672      34.17346667  86.9404    ]
0.12	 1.08	0.07	-0.36	99_V	[-15.87645455  31.36436364  87.95      ]
0.06	 0.49	-0.03	-0.15	99_V	[-17.75045833  33.885375    88.85970833]
0.1	 0.77	0.25	-0.46	100_S	[-15.2353  30.5643  88.6612]
0.21	 1.06	0.09	-0.36	100_S	[-18.69625    27.347875   88.8901875]
0.1	 1.03	0.05	-0.29	100_S	[-14.69546154  27.508       88.20307692]
-0.12	 -0.34	-0.05	0.1	100_S	[-16.63602941  26.48585294  88.51370588]
-0.18	 -0.19	0.01	0.17	100_S	[-14.81247619  28.80809524  87.76709524]
-0.21	 -0.13	-1.12	0.69	100_S	[-15.25135849  25.21811321  89.86069811]
0.15	 1.55	0.24	-0.52	101_G	[-16.05    26.7592  91.5622]
0.17	 1.7	0.24	-0.49	101_G	[-16.464625   26.24225    92.1558125]
0.13	 1.5	0.12	-0.4	102_L	[-21.26775   31.978125  91.83225 ]
0.06	 0.57	0.05	-0.2	102_L	[-19.78092857  32.84385714  92.41185714]
0.12	 0.59	0.04	-0.26	102_L	[-18.76605556  33.22066667  92.6325    ]
0.06	 1.2	-0.02	-0.27	102_L	[-20.65092308  32.93        92.563     ]
0.09	 1.32	0.14	-0.38	103_R	[-20.4852  31.7238  91.0503]
0.05	 0.89	-0.09	-0.14	103_R	[-21.11666667  31.764       90.32666667]
0.06	 0.86	0.41	-0.61	103_R	[-22.05066667  27.61233333  89.02233333]
0.17	 1.45	0.13	-0.39	103_R	[-24.3709  29.5484  89.1014]
0.07	 0.31	-0.19	0.06	103_R	[-21.065       31.83766667  89.06666667]
0.04	 0.59	0.09	-0.29	103_R	[-22.50318519  29.61111111  88.02096296]
-0.07	 -0.73	-0.03	-0.0	103_R	[-21.27652941  29.45170588  85.58929412]
-0.01	 1.07	-0.11	-0.05	103_R	[-20.1699  31.6191  85.9071]
0.02	 0.33	0.05	-0.1	103_R	[-18.86178571  31.38689286  85.74239286]
-0.02	 -0.31	0.13	-0.12	103_R	[-18.07257895  29.02310526  85.71147368]
-0.05	 0.2	0.05	-0.1	103_R	[-18.00132  32.74212  85.5006 ]
-0.04	 0.07	-0.13	0.07	103_R	[-22.55275     31.763125    90.34745833]
0.04	 0.03	0.14	-0.28	103_R	[-20.09504545  31.93409091  88.75772727]
0.12	 1.38	0.36	-0.6	103_R	[-19.97711111  27.88955556  88.662     ]
-0.08	 -0.02	-0.34	0.07	103_R	[-23.26235484  28.80345161  87.83312903]
-0.23	 -1.79	0.1	0.41	103_R	[-22.633625   31.6790625  87.8309375]
-0.07	 0.51	-0.02	0.03	103_R	[-20.26670833  28.30683333  87.12304167]
-0.32	 -0.8	0.27	0.53	103_R	[-22.07752632  29.68221053  85.14873684]
-0.16	 -0.81	0.04	0.23	103_R	[-20.90165385  32.3005      85.85776923]
-0.12	 0.04	-0.16	0.16	103_R	[-18.24        28.23971429  86.92214286]
-0.08	 0.18	-0.01	0.02	103_R	[-16.49846667  29.62676667  86.4958    ]
-0.36	 -0.32	-0.36	0.27	103_R	[-18.56497143  33.55945714  85.7316    ]
-0.12	 -0.53	-0.15	0.31	103_R	[-16.39942308  32.24461538  85.57884615]
0.1	 1.42	0.21	-0.48	104_S	[-21.50675  27.35875  89.133  ]
0.11	 1.42	0.31	-0.56	104_S	[-22.6542  25.8716  89.8717]
0.08	 0.58	-0.14	-0.07	104_S	[-22.46466667  24.49333333  90.002     ]
0.01	 0.38	-0.13	-0.05	104_S	[-19.82057143  25.70505714  89.42754286]
-0.01	 0.16	-0.07	-0.14	104_S	[-23.31866667  26.04192593  89.47492593]
-0.0	 0.1	-0.15	-0.04	104_S	[-22.75315  23.73995  91.09285]
-0.26	 -0.75	0.09	0.39	104_S	[-21.1406      24.38        89.04356667]
0.12	 1.52	-0.13	-0.11	106_T	[-24.53216667  31.91866667  90.91883333]
0.04	 0.66	-0.17	-0.11	106_T	[-24.348625    32.96821875  92.84753125]
0.02	 0.28	-0.08	-0.11	106_T	[-27.12295652  32.31395652  91.01      ]
0.05	 0.23	-0.05	-0.17	106_T	[-24.92482609  30.6716087   90.13073913]
-0.21	 -0.66	0.06	0.26	106_T	[-26.72588462  33.11046154  90.74438462]
0.21	 1.44	0.13	-0.41	106_T	[-27.5748      30.44913333  90.021     ]
0.07	 -0.03	-0.02	-0.12	106_T	[-26.97546667  32.8854      93.53213333]
0.13	 1.05	0.15	-0.4	107_T	[-30.45396296  26.3872963   90.50003704]
0.08	 0.79	-0.15	0.04	107_T	[-25.62966667  25.875       88.494     ]
0.01	 0.26	-0.0	-0.16	107_T	[-26.79839474  28.91776316  88.49678947]
-0.11	 -0.8	-0.12	0.15	107_T	[-28.18719355  25.11964516  88.38122581]
0.14	 0.83	-0.05	-0.12	107_T	[-25.41164286  25.282       89.70464286]
-0.14	 -0.39	-0.03	0.13	107_T	[-25.44693939  27.14948485  87.53248485]
-0.26	 -1.19	0.27	0.45	107_T	[-26.94657895  25.10884211  87.41152632]
-0.09	 -0.11	-0.31	0.12	107_T	[-28.27593103  24.21151724  89.84941379]
-0.05	 0.1	-0.04	0.05	107_T	[-29.16382759  27.09155172  88.06506897]
0.21	 0.71	0.17	-0.7	108_L	[-29.94967857  23.20157143  94.54717857]
-0.05	 0.27	-0.13	0.01	108_L	[-26.58435  21.6946   90.99065]
0.07	 1.33	-0.07	-0.13	108_L	[-23.70233333  22.382       92.27558333]
0.23	 1.37	0.42	-0.64	108_L	[-28.96507692  23.96769231  91.48869231]
0.06	 0.62	0.29	-0.42	108_L	[-25.23636  20.38356  92.05812]
-0.04	 0.36	-0.32	0.0	108_L	[-28.44136842  22.17542105  92.38560526]
-0.04	 -0.16	-0.04	-0.03	108_L	[-25.38157143  23.37035714  90.91828571]
0.09	 0.69	0.04	-0.25	108_L	[-23.71447059  21.251       92.825     ]
0.13	 1.42	0.16	-0.49	108_L	[-23.85425   23.02375   91.957375]
0.09	 0.29	0.06	-0.19	110_R	[-35.1075      27.547875    93.26079167]
0.05	 0.01	0.09	-0.26	110_R	[-33.29853333  27.99386667  90.7996    ]
-0.18	 -0.59	-0.05	-0.04	110_R	[-33.495875  28.912875  88.6885  ]
0.16	 1.29	0.22	-0.46	110_R	[-32.8794  31.761   89.1834]
0.0	 -0.27	-0.04	-0.02	110_R	[-31.77970588  31.98911765  88.39511765]
-0.07	 0.1	0.03	0.04	110_R	[-30.80628571  30.05514286  87.22809524]
-0.11	 0.22	-0.05	0.03	110_R	[-29.94246154  33.23646154  89.15238462]
-0.09	 -0.09	-0.14	0.01	110_R	[-33.40538462  27.10503846  90.77      ]
0.05	 -1.09	-0.06	0.02	110_R	[-34.70158824  29.72382353  92.08176471]
-0.05	 0.33	0.01	-0.06	110_R	[-31.76588889  27.96472222  89.29583333]
-0.17	 -0.23	0.09	0.26	110_R	[-34.00873077  30.29857692  89.0365    ]
-0.09	 -0.23	-0.14	0.22	110_R	[-31.25552381  29.03304762  87.63461905]
-0.25	 -0.54	-0.22	0.41	110_R	[-29.22263333  30.3112      87.33623333]
0.07	 0.26	0.05	-0.23	110_R	[-29.54993333  33.491       90.49053333]
-0.15	 -0.2	0.09	0.13	110_R	[-28.73764286  32.08132143  88.77432143]
0.17	 1.61	0.37	-0.61	111_A	[-31.9661  26.1869  91.148 ]
0.08	 1.55	0.05	-0.28	111_A	[-33.0578  25.5578  90.9494]
-0.13	 -0.44	-0.12	0.16	111_A	[-35.04960465  23.101       94.116     ]
-0.2	 -0.83	-0.21	0.3	111_A	[-31.79588235  22.75388235  91.256     ]
-0.19	 -0.44	-0.02	0.17	111_A	[-34.37771429  24.81571429  91.52038095]
-0.11	 -0.02	-0.45	0.25	111_A	[-32.73303333  21.68103333  92.3007    ]
-0.07	 -0.12	-0.02	0.11	111_A	[-31.36170968  24.17509677  90.66764516]
0.02	 0.17	24.29	1.36	111_A	[-31.10071429  22.67038095  93.33790476]
0.21	 1.62	0.32	-0.56	112_L	[-32.0734375  23.2361875  95.0384375]
0.21	 1.47	0.4	-0.62	112_L	[-32.24385714  22.64707143  96.11835714]
0.07	 0.92	-0.01	-0.21	112_L	[-35.52764286  23.842       96.22478571]
-0.06	 -0.28	0.0	0.09	112_L	[-35.76692308  24.82107692  98.28430769]
0.15	 0.88	0.09	-0.36	112_L	[-34.98735714  22.46142857  98.91892857]
0.1	 0.23	-0.12	-0.14	112_L	[-35.03661538  23.26246154  99.80792308]
-0.03	 -0.11	-0.2	0.03	113_G	[-36.91570588  26.36188235  95.56576471]
0.13	 1.15	0.07	-0.34	113_G	[-36.05176923  27.76684615  98.53669231]
0.14	 1.08	0.01	-0.26	113_G	[-37.60917391  28.91052174  97.83491304]
-0.07	 0.06	-0.07	0.04	113_G	[-36.77848148  27.29533333  94.6262963 ]
-0.18	 -0.59	0.07	0.14	113_G	[-37.22628571  26.35542857  96.94814286]
0.1	 1.42	0.25	-0.56	115_Q	[-35.33875  32.88425  92.5105 ]
-0.05	 0.21	-0.14	0.05	115_Q	[-34.87191667  34.43875     91.0925    ]
-0.1	 -0.72	0.01	0.19	115_Q	[-34.3352963   32.45885185  90.22466667]
-0.07	 0.1	-0.11	0.03	115_Q	[-32.95211111  35.67361111  90.89872222]
0.12	 0.83	-0.07	-0.22	115_Q	[-35.20873333  31.3194      92.74773333]
0.07	 0.67	-0.05	-0.19	115_Q	[-35.90831579  33.60463158  92.80847368]
-0.02	 -0.23	-0.04	0.03	115_Q	[-32.33317647  36.17082353  92.15023529]
-0.15	 -0.93	0.06	0.29	115_Q	[-32.31369231  34.69453846  89.73842308]
0.1	 0.86	0.04	-0.31	116_K	[-36.394       31.97792308  93.51492308]
0.07	 1.74	0.08	-0.31	116_K	[-37.31942857  32.31814286  93.515     ]
0.21	 1.49	0.27	-0.53	116_K	[-39.93871429  34.26271429  95.6155    ]
0.03	 0.66	-0.09	-0.11	116_K	[-38.65        29.89508333  94.05641667]
-0.09	 -0.49	-0.1	0.05	116_K	[-40.12892857  30.995       93.28492857]
0.03	 -0.27	-0.09	-0.03	116_K	[-40.78111765  29.251       95.19482353]
0.09	 1.23	0.04	-0.29	116_K	[-42.2819  32.2704  94.9063]
-0.01	 -4.68	-0.01	-0.08	116_K	[-44.08        30.68416667  96.84233333]
0.2	 1.2	0.45	-0.67	116_K	[-35.66069231  29.86838462  94.07123077]
-0.02	 -0.02	-0.1	0.01	116_K	[-38.18761111  33.30933333  93.70411111]
-0.15	 -0.48	-0.04	0.34	116_K	[-37.32776923  30.04507692  93.601     ]
0.02	 0.66	-0.03	-0.62	116_K	[-38.4595625  28.9155     95.8808125]
-0.03	 -0.71	-0.0	0.09	116_K	[-40.33373333  33.00193333  94.20806667]
-0.24	 -0.83	0.15	0.4	116_K	[-40.42278261  30.42952174  92.91313043]
-0.24	 -0.8	0.12	0.34	116_K	[-41.773       29.22209091  94.46986364]
0.03	 -0.11	-0.06	-0.08	116_K	[-39.8568   29.57575  97.0475 ]
-0.17	 -0.49	-0.04	0.3	116_K	[-42.76969231  32.03223077  94.45719231]
-0.21	 -0.31	-0.01	0.35	116_K	[-44.04603571  32.02407143  97.28178571]
-0.24	 -0.41	0.08	0.33	116_K	[-43.57384615  29.60653846  96.11869231]
-0.06	 -0.02	-0.17	0.11	116_K	[-41.92888571  30.58325714  98.26177143]
0.23	 1.4	0.42	-0.64	117_E	[-39.75733333  33.8532     100.75093333]
0.03	 0.54	-0.08	-0.09	117_E	[-40.04214286  30.11371429 100.66192857]
-0.1	 0.46	0.04	0.02	117_E	[-38.25241176  28.37911765 100.92176471]
0.03	 0.3	-0.03	-0.14	117_E	[-36.75135484  28.32932258 101.44496774]
-0.13	 -0.3	-0.08	0.21	117_E	[-39.11817391  28.89802174 103.76630435]
0.18	 1.25	0.1	-0.38	117_E	[-40.59221053  31.92542105  99.24252632]
0.06	 0.63	-0.01	-0.32	117_E	[-37.8653  29.1256  99.2782]
0.03	 0.27	0.04	-0.15	117_E	[-39.96496  31.83624 101.80676]
-0.15	 -0.1	-0.16	0.14	117_E	[-39.70507407  29.50677778  99.6397037 ]
0.09	 0.99	0.05	-0.3	118_A	[-35.3423125  37.2434375  98.04525  ]
0.08	 1.1	0.05	-0.37	118_A	[-35.47633333  38.17666667  98.90322222]
0.14	 1.65	0.24	-0.5	118_A	[-34.47746667  36.26613333  97.49773333]
0.14	 1.68	0.14	-0.39	118_A	[-33.75755556  36.9605      98.63011111]
0.08	 0.65	-0.07	-0.23	119_I	[-39.23035  39.89615  97.10925]
0.09	 1.0	0.01	-0.56	119_I	[-34.9886875  37.129      95.3509375]
-0.09	 -0.43	-0.06	0.13	119_I	[-39.77615385  38.30742308  94.44861538]
-0.09	 -0.6	0.03	0.07	119_I	[-36.23540741  37.18748148  91.98218519]
-0.09	 -0.23	-0.09	-0.08	119_I	[-36.42476923  38.65157692  97.49307692]
0.13	 0.9	0.02	-0.23	119_I	[-38.95868421  35.43157895  94.63715789]
-0.08	 -0.41	-0.1	0.06	119_I	[-35.10775862  37.72265517  95.22265517]
-0.11	 -0.59	0.07	0.11	119_I	[-39.06227273  37.63418182  93.11236364]
-0.07	 -0.24	-0.2	0.18	119_I	[-40.74673333  37.83006667  95.42826667]
-0.09	 -0.31	0.09	0.16	119_I	[-38.3142381   39.62747619  95.10280952]
-0.13	 -0.46	-0.08	0.24	119_I	[-34.85622727  37.26409091  92.45145455]
-0.14	 -0.41	-0.11	0.17	119_I	[-37.0894  35.4729  92.4786]
-0.18	 -1.08	0.28	0.29	119_I	[-37.2395     38.7143125  92.5540625]
0.05	 1.23	0.02	-0.31	120_S	[-41.90091667  35.89341667 100.9895    ]
0.03	 -0.04	-0.05	-0.02	120_S	[-42.559375   37.7443125 101.075125 ]
-0.01	 0.49	-0.08	-0.12	120_S	[-42.62104  34.50508  98.87968]
-0.06	 0.05	-0.05	0.03	120_S	[-41.91841026  35.20212821  96.09187179]
0.16	 1.32	-0.01	-0.21	120_S	[-41.9999  37.5392  96.9561]
0.01	 -0.06	-0.12	-0.09	120_S	[-41.2553913   33.73521739  99.4893913 ]
-0.14	 -0.28	-0.07	0.27	120_S	[-43.35846429  35.34282143  99.022     ]
-0.18	 -0.32	-0.17	0.22	120_S	[-43.36683333  34.00825     96.58716667]
0.11	 1.73	0.38	-0.6	121_N	[-41.47014286  35.45528571 101.09071429]
0.09	 0.55	-0.12	-0.2	121_N	[-41.127875  38.798625 102.393625]
-0.05	 0.2	-0.14	0.09	121_N	[-39.47170833  38.972      103.70497917]
0.12	 0.9	-0.13	-0.14	121_N	[-40.57481818  36.23718182 104.72409091]
-0.09	 0.07	-0.11	0.09	121_N	[-41.21604  34.1104  103.31948]
0.17	 0.6	0.0	-0.25	121_N	[-38.97        36.14894737 105.72805263]
-0.13	 -0.39	-0.06	0.13	121_N	[-41.71333333  36.69833333 102.77993333]
0.1	 0.82	0.32	-0.54	122_S	[-38.221       41.83488889 101.77844444]
0.13	 1.23	0.35	-0.58	122_S	[-38.4818  42.2548 101.3948]
-0.08	 -0.5	-0.02	0.06	122_S	[-38.12942857  42.321       99.65540476]
0.02	 0.47	-0.17	-0.06	122_S	[-36.19028571  40.42078571 100.07685714]
0.03	 0.46	0.04	-0.1	122_S	[-36.42205556  39.98133333 102.7635    ]
-0.07	 0.05	-0.14	0.08	122_S	[-38.52370588  40.88252941 102.73264706]
0.13	 1.31	0.43	-0.68	122_S	[-35.86288889  39.03755556  99.15755556]
-0.16	 -0.47	-0.16	0.18	122_S	[-36.24772727  40.72954545  99.43427273]
-0.08	 -0.79	-0.03	0.16	122_S	[-34.62027273  40.802      101.68018182]
0.09	 0.72	0.41	-0.58	123_D	[-41.5108  42.8046  97.8032]
-0.02	 0.56	-0.06	-0.04	123_D	[-40.70157143  43.794       99.21557143]
-0.17	 -0.3	0.09	0.22	123_D	[-43.047225  43.77285   98.99695 ]
-0.04	 -0.18	-0.02	-0.02	123_D	[-42.07164286  40.62257143  97.00064286]
-0.04	 0.18	0.08	-0.13	123_D	[-44.20773333  40.24973333  99.53106667]
-0.09	 -0.25	-0.12	0.02	123_D	[-43.28823077  40.383      101.21441026]
-0.2	 -0.71	0.02	0.3	123_D	[-44.23192308  38.51861538  98.45797436]
0.21	 1.24	0.44	-0.66	123_D	[-41.24444444  40.28655556 101.64388889]
-0.06	 -0.19	-0.02	0.05	123_D	[-40.21643478  42.2693913   97.88517391]
-0.22	 -0.7	0.16	0.44	123_D	[-43.03894444  41.58261111  97.04938889]
-0.03	 0.18	-0.23	-0.01	123_D	[-41.40130769  39.64223077  96.78196154]
0.1	 0.69	-0.04	-0.18	124_A	[-40.3820625  45.0189375 100.7090625]
-0.04	 0.18	-0.29	-0.05	124_A	[-39.12497872  44.15674468 102.71546809]
-0.12	 -0.55	0.01	0.1	124_A	[-43.2575      43.14264286 103.64296429]
0.14	 1.24	0.13	-0.41	124_A	[-40.71480769  41.61634615 102.35726923]
-0.12	 0.19	-0.11	0.02	124_A	[-43.2914  44.9354 100.8351]
-0.19	 -1.01	0.14	0.3	124_A	[-43.60085714  44.94061905 103.89380952]
-0.18	 -0.83	0.07	0.3	124_A	[-44.16614286  42.61890476 102.44533333]
-0.22	 -1.08	-0.03	0.45	124_A	[-41.80219048  42.59633333 103.95447619]
0.03	 0.61	0.15	-0.25	125_A	[-41.85326316  46.29147368 102.01268421]
0.02	 0.89	-0.07	-0.17	125_A	[-40.43666667  47.458      101.02633333]
0.05	 0.54	-0.0	-0.18	125_A	[-39.8825      48.36557143 105.09857143]
-0.13	 -0.62	-0.03	0.04	125_A	[-41.0159375   45.94840625 105.28571875]
-0.14	 -0.36	-0.03	0.19	125_A	[-41.24364286  49.51196429 102.82278571]
-0.18	 -0.4	-0.04	0.21	125_A	[-42.7763   46.65    102.35865]
-0.18	 -0.49	-0.01	0.3	125_A	[-39.03870588  47.32952941 101.54794118]
-0.12	 -0.54	0.04	0.17	125_A	[-39.5119  49.6649 103.3382]
-0.21	 -0.79	0.15	0.36	125_A	[-41.49928  48.91144 101.24852]
-0.21	 -0.91	0.11	0.39	125_A	[-42.23278261  48.70295652 103.85526087]
0.14	 1.46	0.23	-0.52	126_S	[-37.717125  46.178625 103.3565  ]
0.1	 1.67	-0.03	-0.28	126_S	[-39.0976  48.2124 105.8764]
0.05	 0.66	0.06	-0.18	126_S	[-36.96844  48.52468 105.78712]
-0.14	 -0.57	-0.12	0.17	126_S	[-36.63097561  49.70402439 105.15780488]
-0.05	 -0.32	0.06	-0.17	126_S	[-37.68782353  44.72170588 105.43041176]
-0.11	 -0.15	-0.12	0.16	126_S	[-35.722625    46.03408333 104.05683333]
-0.19	 -0.39	-0.06	0.16	126_S	[-37.34875    47.3816875 103.167    ]
-0.16	 -0.67	-0.04	0.23	126_S	[-39.24542105  47.07936842 106.72      ]
-0.15	 -0.59	0.03	0.23	126_S	[-36.89747619  45.1262381  107.09309524]
-0.19	 -0.44	-0.13	0.28	126_S	[-38.12915789  44.38621053 104.70515789]
-0.29	 -0.51	0.22	0.39	126_S	[-35.09133333  44.77425926 104.97007407]
0.07	 0.58	-0.17	-0.13	127_A	[-37.23277778  47.99111111 108.04233333]
0.05	 0.68	-0.08	-0.16	127_A	[-36.78466667  49.22683333 108.01466667]
0.1	 1.31	0.04	-0.29	127_A	[-34.08833333  48.59166667 105.079     ]
-0.11	 0.1	-0.24	0.06	127_A	[-32.84384211  47.14060526 105.70768421]
-0.16	 -0.57	-0.04	0.16	127_A	[-34.75013043  48.52630435 110.19113043]
0.01	 0.21	-0.07	-0.07	127_A	[-35.841625  46.540375 107.893875]
-0.18	 -0.33	0.07	0.24	127_A	[-36.02707692  50.31407692 107.91661538]
-0.02	 -0.02	0.09	-0.07	127_A	[-34.15692857  49.98135714 109.7865    ]
-0.29	 -1.12	0.26	0.54	127_A	[-36.22331579  48.54957895 109.97431579]
-0.11	 -0.55	0.06	0.21	127_A	[-33.81965  47.06005 109.2357 ]
0.09	 1.98	-0.05	-0.16	128_A	[-33.949       50.78877778 105.61577778]
-0.01	 1.21	-0.06	-0.18	128_A	[-33.15533333  51.01766667 105.054     ]
0.2	 1.15	0.09	-0.31	128_A	[-31.19984615  47.15330769 107.56861538]
-0.08	 -0.08	-0.08	0.1	128_A	[-31.0024   52.44088 106.15528]
0.01	 -0.21	0.0	-0.08	128_A	[-33.57024138  51.25572414 107.53486207]
-0.08	 0.05	-0.08	0.08	128_A	[-32.56166667  50.09245833 104.22816667]
-0.08	 -0.32	-0.01	0.17	128_A	[-29.69205556  51.85588889 105.57611111]
-0.24	 -0.88	0.16	0.41	128_A	[-32.41278261  52.57847826 105.772     ]
0.08	 0.41	0.14	-0.61	128_A	[-31.7868  52.0938 108.1076]
0.1	 1.24	0.06	-0.29	129_P	[-31.26414286  47.51542857 104.81      ]
0.05	 0.68	1.18	-1.91	129_P	[-29.524   46.5407 105.1599]
-0.08	 -0.17	0.04	0.07	129_P	[-28.49757143  45.796      107.76132143]
-0.03	 0.42	-0.46	0.16	129_P	[-27.01445455  47.51745455 103.72627273]
-0.11	 0.12	-0.08	0.15	129_P	[-28.4536      48.61533333 102.34533333]
0.03	 0.67	-0.04	0.01	129_P	[-30.76994118  48.64864706 103.45805882]
-0.14	 -0.36	-0.14	0.28	129_P	[-29.81034483  46.06455172 105.29310345]
0.04	 0.56	0.02	-0.1	129_P	[-26.38265217  48.99686957 104.71717391]
-0.12	 -0.35	-0.12	0.16	129_P	[-26.97239474  46.44489474 104.69678947]
-0.31	 -0.73	0.09	0.47	129_P	[-27.64277273  49.30872727 102.64213636]
-0.25	 -0.83	0.2	0.43	129_P	[-29.20795  47.108   102.24665]
-0.11	 -0.38	0.07	0.04	129_P	[-29.2529   50.5834  103.82695]
-0.32	 -0.75	0.04	0.34	129_P	[-31.28382353  48.66823529 102.85676471]
0.1	 0.79	0.1	-0.35	130_L	[-26.697       49.80733333 109.82133333]
-0.02	 -0.55	-0.1	0.05	130_L	[-26.24125   48.866    110.200125]
-0.15	 -0.5	-0.09	0.16	130_L	[-26.967       46.41847619 110.42357143]
0.07	 0.47	-0.04	-0.15	130_L	[-28.56833333  48.092      111.01833333]
-0.08	 -0.26	-0.08	0.09	130_L	[-31.67110526  49.27931579 111.09152632]
-0.09	 -0.1	0.02	0.1	130_L	[-29.40788889  52.29948148 109.88977778]
0.11	 0.02	0.02	-0.15	130_L	[-27.71078947  50.115      106.21721053]
-0.05	 -0.42	-0.04	0.05	130_L	[-26.68230435  50.38813043 108.6823913 ]
0.0	 -0.92	-0.11	0.05	130_L	[-29.25786667  47.2962     110.1876    ]
-0.21	 -0.41	0.12	0.32	130_L	[-27.88925    49.4681875 111.0861875]
-0.04	 -0.17	0.11	-0.18	130_L	[-32.5305625  50.849875  109.996    ]
-0.03	 -0.19	-0.03	-0.01	130_L	[-31.61980952  47.68571429 109.74495238]
-0.21	 -0.91	0.14	0.34	130_L	[-30.70785714  49.3532381  111.67404762]
-0.2	 -0.59	0.01	0.27	130_L	[-31.07036842  52.47278947 109.14615789]
-0.16	 -0.46	0.12	0.28	130_L	[-29.363875  51.59725  111.178625]
-0.12	 -0.65	-0.04	0.15	130_L	[-28.43575  51.9778  108.2766 ]
0.02	 -0.91	-0.11	0.03	131_R	[-24.616375  49.026625 109.089   ]
0.11	 1.8	0.03	-0.36	131_R	[-23.8162  48.4864 109.4258]
-0.18	 -0.19	-0.03	0.17	131_R	[-21.82210714  47.95446429 108.97407143]
-0.02	 0.3	-0.08	-0.04	131_R	[-25.79263636  45.17490909 106.81872727]
-0.03	 -0.2	-0.1	-0.01	131_R	[-25.38578571  43.19864286 109.38285714]
0.07	 0.69	-0.08	-0.13	131_R	[-24.335       44.49066667 111.44266667]
0.1	 0.41	-0.22	-0.15	131_R	[-24.0444  43.5599 111.558 ]
0.09	 0.16	0.08	-0.25	131_R	[-21.68194444  43.67366667 112.31866667]
-0.12	 -0.49	-0.13	0.21	131_R	[-21.158    45.38265 112.1916 ]
0.07	 1.11	0.08	-0.37	131_R	[-20.68409677  42.05948387 111.84874194]
0.03	 0.27	-0.03	-0.08	131_R	[-25.00885  49.28275 107.10385]
0.08	 0.09	-0.09	0.0	131_R	[-24.01255556  47.50744444 110.27811111]
-0.05	 -0.02	-0.12	0.09	131_R	[-26.47277778  45.196      107.34511111]
0.04	 0.4	0.07	-0.15	131_R	[-24.03480769  44.51692308 106.96307692]
-0.14	 -0.66	0.11	0.18	131_R	[-25.98327273  44.25713636 110.06686364]
-0.13	 -0.12	-0.18	0.14	131_R	[-24.80946667  42.71866667 108.48893333]
-0.07	 -0.32	-0.01	0.22	131_R	[-24.1986875  45.4829375 111.5223125]
0.09	 0.47	0.05	-0.33	131_R	[-24.18753333  42.3978     111.01173333]
-0.03	 -0.18	0.01	0.06	131_R	[-21.46807143  46.11996429 110.93921429]
-0.23	 -1.15	0.13	0.43	131_R	[-20.07896429  44.63528571 112.69292857]
0.15	 0.91	0.26	-0.57	131_R	[-20.999875  40.529625 111.641   ]
-0.24	 -0.85	-0.11	0.36	131_R	[-20.21407407  42.2387037  112.61574074]
-0.06	 0.07	0.02	0.01	132_T	[-19.59041935  47.61787097 107.37193548]
0.11	 0.79	-0.16	0.04	132_T	[-22.173       50.38033333 105.16466667]
-0.05	 0.35	-0.14	0.1	132_T	[-23.99681395  48.62504651 104.00406977]
-0.03	 -0.15	-0.14	0.09	132_T	[-19.9714878   49.33473171 103.63229268]
0.05	 0.33	0.02	-0.2	132_T	[-24.23490909  46.356      105.24877273]
0.08	 0.4	0.0	-0.16	132_T	[-22.25619231  46.01376923 103.66361538]
-0.04	 -0.13	-0.02	0.03	132_T	[-22.1965   49.769   106.37285]
-0.32	 -0.99	0.17	0.55	132_T	[-23.22268182  50.09231818 103.5065    ]
-0.23	 -0.93	0.15	0.39	132_T	[-20.90258333  50.60170833 104.00325   ]
-0.09	 -0.13	-0.1	0.15	132_T	[-19.01845455  49.25672727 105.19990909]
0.04	 0.3	-0.17	-0.13	132_T	[-20.94636842  48.13884211 102.34605263]
0.12	 1.53	0.14	-0.36	133_I	[-21.2405      43.3135     106.57166667]
0.12	 1.0	-0.13	-0.2	133_I	[-17.556       42.26083333 108.48833333]
0.04	 0.75	0.04	-0.36	133_I	[-19.81825    41.7193125 109.91625  ]
0.05	 0.67	-0.14	-0.09	133_I	[-21.86673684  44.52926316 105.45205263]
0.01	 0.16	-0.14	0.08	133_I	[-18.294       45.98846667 107.64333333]
0.18	 1.42	0.36	-0.6	133_I	[-20.85871429  42.783      105.64685714]
0.02	 0.44	-0.01	-0.15	133_I	[-19.63925     44.30227778 109.46677778]
0.18	 1.48	0.26	-0.52	133_I	[-21.90433333  43.5298     107.14606667]
0.07	 0.8	-0.04	-0.2	133_I	[-17.48092593  40.99133333 107.21096296]
-0.01	 0.12	-0.04	-0.04	133_I	[-17.19511111  43.77422222 108.3285    ]
0.12	 1.13	0.27	-0.5	133_I	[-21.58069231  41.85346154 106.69115385]
-0.13	 -0.14	-0.19	0.14	133_I	[-19.327       41.0121     109.04803333]
0.05	 0.75	-0.09	-0.13	134_T	[-13.951625   45.2805625 105.894375 ]
-0.11	 -0.38	-0.02	0.12	134_T	[-15.00028  47.83936 104.97048]
0.11	 0.92	0.05	-0.29	134_T	[-17.78766667  48.6177619  103.28614286]
0.05	 0.51	0.02	-0.16	134_T	[-16.63765  45.97795 106.45   ]
0.03	 0.47	0.05	-0.2	134_T	[-12.84577778  47.05248148 104.17196296]
-0.05	 -0.04	-0.1	0.04	134_T	[-16.83940625  48.9394375  102.47984375]
0.1	 0.83	0.03	-0.24	134_T	[-17.52271429  47.76114286 105.089     ]
0.12	 0.66	0.04	-0.26	135_A	[-12.00678947  44.86121053 104.64568421]
0.06	 0.69	-0.08	-0.11	136_D	[ -9.11886667  48.32606667 102.2518    ]
-0.05	 -0.08	-0.01	0.01	136_D	[ -7.706       46.8602381  103.86104762]
-0.12	 -0.13	-0.03	0.11	136_D	[ -7.00365714  45.35708571 104.3184    ]
-0.2	 -0.58	-0.01	0.28	136_D	[ -9.69360784  47.39309804 104.68752941]
0.14	 1.16	0.07	-0.31	136_D	[ -9.89769565  43.825      104.3703913 ]
-0.01	 0.36	0.03	-0.21	136_D	[ -8.03695833  47.90291667 101.108125  ]
0.08	 1.37	-0.1	-0.22	136_D	[ -9.61957143  48.397      102.81185714]
0.17	 0.65	0.06	-0.28	137_T	[ -8.23078571  42.39492857 104.56321429]
0.03	 0.15	0.17	-0.03	137_T	[ -5.18123256  43.24009302 103.72711628]
0.07	 -0.3	-0.02	-0.02	137_T	[ -7.33554545  41.25309091 105.60881818]
-0.09	 0.06	-0.2	0.03	137_T	[ -4.62596296  42.55703704 104.82018519]
-0.05	 -0.06	-0.21	0.04	137_T	[ -3.95205882  43.20476471 102.23452941]
0.11	 1.13	0.31	-0.63	138_F	[-4.59245455 40.32327273 96.16618182]
0.1	 0.76	-0.03	-0.17	138_F	[-5.572425 41.402975 94.883175]
0.01	 0.45	0.06	-0.23	139_R	[ -4.80975    36.4914375 107.8085625]
0.04	 0.67	-0.08	-0.06	139_R	[ -5.7445   39.0175  107.71325]
-0.12	 -0.25	-0.03	0.06	139_R	[ -4.0965     39.587625  107.8194375]
-0.1	 -0.44	-0.07	0.09	139_R	[ -2.446       38.07694444 107.58933333]
0.08	 0.85	0.18	-0.24	139_R	[ -3.49745455  41.03969697 105.52012121]
-0.1	 -0.32	-0.12	0.16	139_R	[ -6.09626087  36.59226087 108.13008696]
0.08	 0.79	0.01	-0.23	139_R	[ -3.647   36.0246 107.3515]
0.08	 0.24	0.04	-0.18	139_R	[ -7.07894444  39.60005556 106.76077778]
-0.09	 -0.34	-0.21	0.07	139_R	[ -2.71883333  37.07925    107.50833333]
-0.03	 0.11	0.1	-0.08	139_R	[ -1.3015      38.76779167 106.688375  ]
-0.12	 -0.23	0.07	0.23	139_R	[ -5.28964286  41.507      106.61535714]
-0.24	 -0.44	-0.15	0.35	139_R	[ -2.60486364  41.54977273 106.18295455]
0.02	 -0.07	-0.02	-0.12	140_K	[-11.65272727  43.01445455 106.97281818]
0.11	 1.42	0.27	-0.59	140_K	[-13.48866667  41.0225     108.4185    ]
0.01	 -3.72	-0.01	-0.1	140_K	[-14.08528571  42.74571429 108.771     ]
0.1	 0.68	-0.02	-0.2	140_K	[ -9.3878   40.99692 106.05112]
-0.11	 -0.97	-0.06	0.15	140_K	[-11.40021429  41.95092857 108.11257143]
0.15	 0.36	0.0	-0.16	140_K	[-11.30264706  43.01323529 105.80811765]
0.06	 0.41	-0.08	-0.08	140_K	[-14.58096774  40.02112903 107.40990323]
-0.12	 -0.17	-0.11	0.2	140_K	[-15.4363   42.5734  108.65455]
-0.29	 -0.79	0.11	0.42	140_K	[-12.98452381  42.74509524 108.93061905]
-0.06	 0.26	0.06	0.05	140_K	[-13.99461111  44.38772222 107.35094444]
-0.07	 -0.6	0.0	-0.03	143_R	[-10.39882353  34.87711765 109.627     ]
-0.1	 0.22	-0.12	0.12	143_R	[-11.4864  36.9282 110.1348]
-0.09	 -0.47	0.01	0.09	143_R	[-10.25207143  37.92728571 109.89071429]
-0.08	 -0.62	0.0	0.13	143_R	[ -8.64213333  37.03473333 109.4006    ]
-0.11	 -1.31	0.03	0.14	143_R	[-10.76890909  39.67309091 109.45018182]
0.22	 1.46	0.31	-0.56	143_R	[ -9.07788235  34.30729412 106.64623529]
0.24	 1.4	0.4	-0.62	143_R	[-14.066125   35.6789375 107.452125 ]
0.01	 0.41	-0.12	-0.07	143_R	[-12.27711111  32.61680556 108.05988889]
-0.2	 -0.56	0.11	0.3	143_R	[-11.84661905  34.79528571 110.23990476]
-0.11	 -0.26	-0.25	0.23	143_R	[ -9.64447368  34.11594737 108.34184211]
0.19	 0.26	-0.47	-0.21	143_R	[-13.29319565  36.92963043 108.52086957]
0.0	 0.43	0.01	-0.22	143_R	[ -8.34218519  35.55437037 108.08966667]
-0.06	 -0.33	-0.15	0.08	143_R	[ -7.97476471  38.49129412 108.46541176]
-0.1	 -0.29	-0.12	0.14	143_R	[-12.31157895  39.50931579 109.10752632]
-0.05	 -0.69	0.11	0.24	143_R	[ -9.7033125  40.185625  108.338    ]
1.08	 0.92	0.04	-1.07	144_V	[-14.7368   37.45692 106.76108]
0.03	 0.43	-0.31	0.28	144_V	[-16.64555   37.826625 106.632025]
0.13	 1.22	0.16	-0.46	146_S	[-14.11652632  27.06494737 105.23763158]
0.18	 1.37	0.26	-0.51	146_S	[-13.57404762  30.83733333 106.32809524]
0.01	 0.44	-0.15	-0.1	146_S	[-13.60315789  28.50986842 106.97605263]
0.07	 1.26	0.32	-0.6	147_N	[-18.1465  30.8945 108.395 ]
0.11	 0.96	0.06	-0.24	147_N	[-19.67504167  30.68683333 108.34816667]
0.12	 1.42	-0.02	-0.29	147_N	[-18.1185      31.59383333 108.73266667]
0.08	 0.87	0.15	-0.3	147_N	[-15.88528125  31.87946875 108.92071875]
0.07	 0.42	-0.09	-0.17	147_N	[-15.10688571  30.74237143 109.12177143]
-0.04	 -0.0	0.01	0.01	147_N	[-15.66192857  34.09585714 110.1875    ]
0.08	 1.28	-0.07	-0.21	147_N	[-17.93728571  30.439      108.41885714]
0.16	 1.31	-0.0	-0.22	147_N	[-18.86507143  32.63892857 108.88535714]
-0.16	 0.2	-0.03	0.23	147_N	[-14.3494   33.27064 110.37684]
-0.03	 0.4	-0.03	-0.1	147_N	[-15.72053846  35.15638462 108.67569231]
0.17	 1.37	0.13	-0.39	148_F	[-25.16026087  36.18669565 104.19282609]
-0.09	 -0.33	-0.09	0.09	150_R	[-21.17919444  25.579      108.45744444]
0.06	 2.05	-0.0	-0.23	150_R	[-16.82436364  25.25254545 105.96736364]
0.1	 1.61	0.06	-0.24	150_R	[-18.48130769  27.95084615 108.57592308]
0.05	 0.43	0.07	-0.04	150_R	[-15.24155556  26.4085     107.27005556]
0.06	 1.18	-0.06	-0.2	150_R	[-17.4165    28.447875 109.50925 ]
-0.07	 -0.42	-0.05	-0.03	150_R	[-15.09727586  28.13937931 110.00103448]
-0.12	 -0.18	1.53	0.36	150_R	[-14.71585714  26.17892857 110.11228571]
-0.2	 0.16	-0.0	0.26	150_R	[-14.9305  29.2348 111.4508]
0.2	 1.24	0.45	-0.66	150_R	[-20.213   24.5425 106.2345]
-0.11	 -0.57	-0.08	0.09	150_R	[-18.29278261  24.75195652 106.94047826]
0.14	 1.56	0.15	-0.38	150_R	[-16.44122222  26.05227778 105.04172222]
-0.06	 -0.09	-0.15	0.07	150_R	[-18.46566667  26.80414815 109.07411111]
-0.11	 -0.46	-0.21	0.22	150_R	[-16.08685  25.59465 108.1082 ]
-0.02	 0.01	-0.36	0.04	150_R	[-15.02273333  26.8196     106.3886    ]
0.1	 1.09	0.12	-0.25	150_R	[-17.409375   29.44925   108.9679375]
-0.18	 0.04	0.0	0.38	150_R	[-14.78743333  25.52253333 109.36316667]
-0.28	 -0.92	0.18	0.48	150_R	[-14.08338462  26.41207692 111.51792308]
-0.08	 -0.3	-0.12	0.19	150_R	[-15.47845  30.3179  110.96105]
-0.31	 -1.69	0.33	0.59	150_R	[-14.16371429  28.63909524 112.18466667]
0.07	 0.93	-0.05	-0.17	151_G	[-21.95283333  29.05745833 109.36133333]
-0.15	 0.13	-0.06	0.19	151_G	[-22.01752381  27.95866667 109.64709524]
0.06	 0.07	0.0	-0.16	151_G	[-21.98372727  30.5985     109.18881818]
0.06	 1.3	-0.14	-0.12	152_K	[-26.82775   36.593625 108.48375 ]
0.08	 0.65	0.02	-0.16	152_K	[-25.4590625  36.8725    108.9261875]
0.04	 0.21	-0.02	-0.13	152_K	[-26.17337931  36.65531034 106.52710345]
0.16	 1.42	0.09	-0.38	154_K	[-26.764625  23.087875 107.020625]
0.01	 0.21	-0.11	-0.01	154_K	[-22.8895      22.96241667 107.757     ]
0.07	 0.79	-0.01	-0.24	154_K	[-24.79066667  21.46933333 106.45566667]
-0.04	 0.25	-0.01	-0.05	154_K	[-22.80585714  20.49942857 106.05380952]
0.07	 1.51	0.31	-0.63	154_K	[-24.34070588  19.14817647 105.16605882]
0.18	 1.37	0.22	-0.49	154_K	[-23.46569231  25.129      107.98061538]
-0.04	 -0.12	-0.05	0.01	154_K	[-21.65152  22.65832 106.85952]
-0.03	 -0.15	-0.08	0.07	154_K	[-24.64733333  23.06006667 107.74866667]
0.09	 0.54	0.01	-0.26	154_K	[-25.70236842  21.56863158 106.02673684]
-0.03	 0.09	-0.0	0.12	154_K	[-21.17179167  20.40970833 104.45220833]
-0.24	 -0.98	0.04	0.36	154_K	[-22.974       20.32911111 106.92483333]
-0.28	 -0.59	-0.13	0.34	154_K	[-24.32995455  18.45854545 105.67636364]
-0.05	 0.25	-0.31	0.03	154_K	[-25.66231818  19.93334091 104.20615909]
0.12	 1.02	0.01	-0.28	154_K	[-22.49266667  18.57333333 103.89020833]
0.11	 0.34	-0.02	-0.21	155_L	[-29.46959375  24.7855625  108.637     ]
0.13	 1.27	0.19	-0.46	155_L	[-24.32615789  28.85084211 110.67942105]
-0.09	 -0.29	-0.04	0.04	155_L	[-26.40063333  24.43986667 110.61936667]
0.06	 0.58	-0.12	-0.11	155_L	[-27.20205556  23.75005556 108.28433333]
0.11	 0.57	0.01	-0.22	155_L	[-24.19752174  26.1963913  109.62004348]
0.06	 0.89	-0.09	-0.18	155_L	[-24.31893333  28.05106667 111.6488    ]
-0.06	 0.1	0.05	0.02	155_L	[-25.13647059  25.049      112.01276471]
-0.06	 0.08	0.04	-0.02	155_L	[-28.18609524  25.57942857 111.2542381 ]
-0.17	 -0.54	-0.39	0.39	155_L	[-25.93638889  23.83938889 109.67044444]
0.15	 0.92	0.01	-0.29	156_Y	[-34.95540741  26.964      100.38414815]
0.2	 1.07	0.1	-0.35	156_Y	[-34.8038   27.37512 103.31756]
0.11	 1.28	0.08	-0.38	157_T	[-26.60769231  20.91676923 102.00538462]
0.12	 0.63	-0.02	-0.2	157_T	[-27.86090909  20.49109091 102.51236364]
-0.03	 0.11	-0.08	0.01	158_G	[-28.65930769  20.169      106.50538462]
0.13	 0.99	0.1	-0.36	158_G	[-30.32421429  20.68357143 107.75464286]
0.04	 0.04	-0.0	-0.13	158_G	[-30.95507692  19.06807692 106.31292308]
0.01	 0.13	-0.03	-0.02	158_G	[-28.79765217  19.99143478 104.7633913 ]
-0.06	 0.03	-0.08	0.08	158_G	[-28.40744444  21.63519444 107.30533333]
0.17	 1.37	0.07	-0.33	159_E	[-30.72583333  22.631      108.13133333]
0.07	 0.22	-0.04	-0.18	159_E	[-36.06025   21.48125  105.677375]
0.07	 1.0	-0.11	-0.12	159_E	[-35.96333333  23.98477778 107.066     ]
0.1	 1.71	0.04	-0.31	159_E	[-35.33991667  24.502      110.74      ]
-0.11	 -0.51	-0.18	0.2	159_E	[-34.00848387  25.15254839 110.88283871]
-0.13	 -0.09	-0.03	0.11	159_E	[-36.42466  23.4876  109.93434]
0.13	 0.42	0.02	-0.22	159_E	[-31.84092857  23.98714286 109.25475   ]
0.1	 1.09	-0.02	-0.34	159_E	[-35.14267647  24.9585     106.14861765]
0.05	 0.7	0.07	-0.2	159_E	[-35.66452381  22.17042857 107.41257143]
0.07	 0.77	0.04	-0.18	160_A	[-34.83642857  24.33857143 104.57842857]
0.11	 0.77	0.09	-0.32	160_A	[-35.90452381  21.80214286 101.2587619 ]
-0.04	 1.1	-0.07	-0.04	160_A	[-34.829       25.35944444 102.42088889]
-0.05	 0.1	-0.18	0.13	160_A	[-35.842       23.38472222 104.35613889]
0.09	 -0.04	-0.02	-0.13	160_A	[-35.08115789  24.29005263 101.18021053]
0.08	 0.57	0.01	-0.25	160_A	[-34.34727273  25.53372727 104.06168182]
0.14	 1.89	0.02	-0.27	161_C	[-33.575375  17.049125 103.820125]
0.05	 0.16	-0.26	-0.01	161_C	[-34.22882353  16.20852941 102.20388235]
-0.01	 0.08	-0.12	-0.06	161_C	[-31.46689474  17.98057895 103.54884211]
0.11	 1.35	0.17	-0.41	161_C	[-29.54827778  19.02977778 102.13811111]
0.05	 0.38	-0.03	-0.09	161_C	[-31.22985  18.6093  104.2888 ]
-0.01	 0.23	-0.03	-0.02	161_C	[-31.99625926  17.05159259 102.28466667]
0.04	 0.89	0.04	-0.3	162_R	[-36.39466667  16.466      105.341     ]
-0.01	 0.13	-0.18	0.02	162_R	[-37.7169  16.9837 104.9857]
-0.17	 -0.63	-0.0	0.2	162_R	[-38.04725     19.31133333 105.78020833]
0.08	 1.3	-0.05	-0.2	162_R	[-36.25790909  17.88418182 107.20954545]
-0.01	 0.39	-0.06	-0.1	162_R	[-32.71977778  17.23566667 106.44094444]
-0.02	 -0.52	-0.06	0.01	162_R	[-34.08695238  16.75504762 109.08709524]
-0.09	 0.22	-0.11	0.13	162_R	[-32.4356  17.8748 110.1536]
-0.07	 -0.18	-0.02	0.05	162_R	[-33.1676875  18.8995625 110.9676875]
-0.04	 -0.65	-0.01	0.03	162_R	[-35.45052  19.89044 110.0536 ]
-0.12	 0.33	0.02	0.1	162_R	[-31.96546667  20.83866667 111.0286    ]
-0.07	 -0.41	-0.1	0.15	162_R	[-35.58495238  16.21338095 104.31880952]
0.14	 0.81	0.03	-0.3	162_R	[-36.047375   19.811875  107.2458125]
-0.19	 -0.42	-0.04	0.29	162_R	[-36.46452632  17.04768421 107.08952632]
-0.16	 -0.44	0.03	0.16	162_R	[-33.45626667  16.42986667 105.95      ]
0.1	 1.13	-0.13	-0.13	162_R	[-32.097       18.18357143 105.96442857]
-0.16	 -0.13	0.05	0.08	162_R	[-35.25916667  17.28583333 109.43925   ]
-0.3	 -0.9	0.18	0.48	162_R	[-33.17594737  16.09057895 108.81389474]
-0.04	 -0.43	-0.04	0.06	162_R	[-31.40247826  18.42630435 108.71913043]
-0.22	 -0.51	-0.02	0.27	162_R	[-36.07216667  18.93894444 109.41388889]
-0.24	 -0.68	-0.0	0.32	162_R	[-35.43411765  20.81952941 111.00758824]
-0.25	 -0.34	0.21	0.31	162_R	[-30.96811538  20.77230769 109.70984615]
-0.06	 -0.55	-0.0	0.14	162_R	[-33.06732  21.90376 111.15748]
0.05	 0.67	0.12	-0.37	163_T	[-37.77558333  16.509      103.57391667]
0.18	 0.81	0.16	-0.36	163_T	[-38.46583333  15.81808333 102.01725   ]
0.11	 1.04	0.04	-0.24	163_T	[-39.28247619  17.64019048  99.73333333]
0.1	 0.97	0.15	-0.42	163_T	[-37.37621429  20.63914286 100.73357143]
-0.09	 -0.12	-0.11	0.09	163_T	[-38.2977037   21.42496296 103.2462963 ]
-0.1	 -0.57	-0.03	0.13	163_T	[-40.30430769  20.32180769 100.62634615]
0.14	 0.53	0.1	-0.31	163_T	[-36.5315      16.2565     102.23294444]
-0.03	 0.24	-0.08	-0.03	163_T	[-39.99293333  18.93646667 103.98333333]
-0.01	 -0.03	-0.1	-0.15	163_T	[-37.2529  21.8037 101.9773]
-0.24	 -0.8	0.1	0.46	163_T	[-39.43032  21.26316 100.33564]
-0.09	 -0.45	-0.13	0.16	163_T	[-40.45772727  18.866       99.99090909]
-0.22	 -0.86	0.14	0.32	163_T	[-41.12826316  20.20857895 102.50963158]
0.05	 0.88	0.05	-0.22	164_G	[-40.46858824  16.963      103.27776471]
-0.06	 0.12	-0.08	-0.03	164_G	[-40.8394   14.65896 102.35576]
0.06	 0.81	0.03	-0.25	164_G	[-42.72158065  16.19796774 102.04877419]
-0.0	 -0.02	-0.09	-0.09	164_G	[-42.39538889  17.78175    100.99308333]
-0.13	 -0.34	-0.05	0.18	164_G	[-40.13292857  16.45546429 104.29007143]
-0.2	 -0.63	0.08	0.37	164_G	[-41.29673913  14.30613043 103.32734783]
0.06	 0.94	-0.08	-0.17	165_D	[-43.0836      14.94153333 102.38506667]
0.06	 0.98	0.48	-0.82	165_D	[-44.3162  17.4024 103.085 ]
0.04	 0.92	-0.16	-0.12	165_D	[-45.69095238  16.03957143 103.7047619 ]
-0.23	 -0.69	0.01	0.28	165_D	[-45.95527273  14.29375758 104.16381818]
-0.04	 0.3	-0.01	-0.0	165_D	[-46.1898      14.2552     100.39153333]
-0.1	 -0.5	-0.02	0.07	165_D	[-45.28804167  16.458125    99.10754167]
-0.25	 -0.53	-0.01	0.31	165_D	[-43.5611      16.2351      98.61533333]
-0.25	 -0.89	0.16	0.41	165_D	[-46.78335556  16.80955556  99.05686667]
-0.18	 -0.27	-0.01	0.12	165_D	[-43.6014  14.2071 103.0637]
-0.05	 0.24	-0.13	-0.07	165_D	[-44.66747368  17.88784211 102.02742105]
-0.19	 -0.46	0.08	0.25	165_D	[-44.51486364  13.86781818 100.71313636]
-0.19	 -0.42	0.01	0.28	165_D	[-47.02811765  15.05229412 101.26423529]
0.05	 0.76	-0.13	-0.12	166_R	[-46.25352174  17.19230435 103.12352174]
0.08	 1.88	-0.01	-0.29	166_R	[-48.25411111  16.41133333 104.25233333]
-0.12	 -0.61	-0.1	0.14	166_R	[-48.77073913  18.2333913  104.61286957]
-0.31	 -1.19	0.29	0.52	166_R	[-49.93151351  17.64481081 104.16175676]
-0.25	 -1.29	0.14	0.38	166_R	[-46.22667797  17.28164407 106.70444068]
-0.34	 -1.17	0.25	0.51	166_R	[-48.00358065  19.94032258 105.01464516]
-0.14	 -0.37	-0.18	0.19	166_R	[-46.21912  18.26704 102.80988]
-0.22	 -0.81	-0.07	0.31	166_R	[-48.34188235  15.69458824 104.76817647]
