-0.26	 -1.08	0.16	0.4	71_R	[33.75853488  8.51381395 17.53006977]
0.08	 1.1	-0.07	-0.17	71_R	[34.58566667  6.371      17.46533333]
0.06	 0.22	-0.16	-0.09	71_R	[33.6429  9.2806 19.8393]
-0.01	 0.13	-0.12	0.07	71_R	[34.93036364  9.68481818 20.38354545]
0.02	 0.27	-0.05	-0.06	71_R	[36.83235714  7.31285714 17.68728571]
0.06	 0.94	-0.04	-0.08	71_R	[36.57625     5.05808333 20.23558333]
0.02	 0.01	0.01	-0.17	71_R	[39.45238095  6.69766667 18.90566667]
0.08	 0.64	0.01	-0.23	71_R	[39.24188462  5.89073077 21.34661538]
-0.09	 -0.37	-0.04	0.06	71_R	[39.88024  4.27268 20.82048]
-0.16	 -0.7	-0.02	0.22	71_R	[40.21475   3.806125 18.721625]
-0.07	 -0.06	0.02	-0.0	71_R	[40.77138235  3.66317647 21.94911765]
-0.1	 -0.23	-0.04	0.19	71_R	[34.31961538  5.48323077 18.45807692]
-0.2	 -0.45	0.01	0.25	71_R	[36.47753846  6.43511538 17.27584615]
-0.03	 -0.79	-0.02	0.04	71_R	[36.96603704  8.86359259 19.13325926]
0.14	 1.09	0.04	-0.27	71_R	[36.23831818  5.83490909 21.96118182]
-0.21	 -0.79	-0.06	0.32	71_R	[36.64686957  4.44265217 19.26456522]
-0.15	 -0.45	0.02	0.03	71_R	[38.47615385  5.69946154 18.04      ]
-0.16	 -0.97	-0.05	0.25	71_R	[39.040875   7.8653125 19.657625 ]
0.15	 0.42	0.07	-0.24	71_R	[38.17982609  5.19995652 22.8313913 ]
-0.31	 -0.83	0.14	0.39	71_R	[39.697      4.4436875 17.9244375]
-0.32	 -1.29	0.17	0.48	71_R	[41.09716667  2.81391667 19.0635    ]
-0.03	 0.15	-0.26	0.05	71_R	[39.96576923  3.69623077 23.39553846]
-0.31	 -0.95	0.13	0.48	71_R	[41.42608333  2.69675    21.60095833]
0.1	 0.93	-0.09	-0.16	72_P	[32.47277778  8.52988889 19.93733333]
0.1	 0.98	0.54	-0.97	72_P	[31.906   8.7576 20.7414]
0.11	 0.21	-0.12	-0.18	72_P	[34.66338889  5.8725     23.17716667]
-0.03	 -0.5	-0.04	-0.03	72_P	[30.75275     6.897      23.11733333]
-0.12	 -0.31	-0.02	0.07	72_P	[30.3144375  6.0728125 20.80275  ]
-0.07	 -0.33	-0.05	-0.01	72_P	[32.45444444  5.16111111 19.38322222]
-0.13	 0.13	-0.0	0.17	72_P	[32.34592308  9.5375     22.05561538]
-0.02	 0.03	0.03	0.43	72_P	[32.407       5.6141     23.83606667]
-0.34	 -0.55	0.07	0.34	72_P	[30.556875  7.808875 23.3985  ]
-0.26	 -0.62	0.21	0.46	72_P	[30.46436364  5.16859091 21.12545455]
-0.23	 -0.71	0.17	0.4	72_P	[30.38933333  7.82809524 20.33304762]
-0.08	 -0.35	-0.0	0.15	72_P	[33.55473913  5.04030435 20.93021739]
-0.23	 -0.45	-0.0	0.28	72_P	[32.07469231  6.25161538 18.71269231]
0.13	 1.52	0.09	-0.33	73_Q	[34.12466667  9.96941667 23.39108333]
-0.08	 0.04	-0.05	-0.03	73_Q	[31.81521951  6.68207317 26.42636585]
-0.06	 0.19	-0.07	-0.0	73_Q	[33.2312 11.1229 26.0636]
0.06	 0.83	0.1	-0.36	73_Q	[33.76842857 11.10485714 28.03657143]
0.1	 0.65	-0.01	-0.22	73_Q	[34.04733333 10.939      29.36211111]
-0.09	 -0.3	-0.07	0.09	73_Q	[32.773825  9.244625 29.403675]
-0.16	 -0.54	-0.02	0.14	73_Q	[32.14714286  9.49278571 24.39464286]
-0.14	 0.14	0.09	0.05	73_Q	[34.28911111 11.13738889 24.92805556]
-0.14	 -0.4	0.01	0.25	73_Q	[32.47430769 10.27923077 26.46992308]
-0.02	 0.29	-0.0	-0.03	73_Q	[35.6190625  11.68621875 27.82490625]
0.13	 1.17	0.28	-0.49	73_Q	[34.221     8.875875 31.276625]
0.03	 0.14	-0.07	-0.18	74_V	[36.4189375  2.3165    29.188375 ]
-0.12	 -0.67	0.03	0.13	74_V	[35.74395833  2.54383333 25.70658333]
0.12	 0.61	-0.01	-0.22	74_V	[33.11315385  4.70046154 25.56580769]
0.08	 0.72	-0.06	-0.21	74_V	[37.2618      2.311      28.81026667]
0.06	 0.63	-0.01	-0.1	74_V	[35.12505556  2.44605556 29.20433333]
-0.17	 -0.49	0.0	0.12	74_V	[37.282375   2.2425625 26.77275  ]
-0.16	 -1.86	0.02	0.26	74_V	[34.533875   2.1896875 26.1331875]
-0.01	 0.22	0.05	-0.09	74_V	[36.13368293  4.51219512 24.47429268]
0.13	 1.26	0.43	-0.7	75_P	[31.4246  5.4218 28.4532]
0.29	 1.5	0.28	-0.53	75_P	[34.7051875  2.784875  31.2411875]
-0.03	 -0.29	-0.05	-0.03	75_P	[30.73066667  2.81883333 30.91325   ]
-0.1	 -0.26	-0.03	0.11	75_P	[30.570875  2.0655   28.471375]
0.02	 -0.16	0.07	-0.18	75_P	[32.0344  3.2111 27.162 ]
-0.12	 -0.36	-0.12	0.06	75_P	[31.19584  5.93332 29.50724]
-0.13	 -0.31	-0.16	0.12	75_P	[32.62045833  2.04783333 31.16345833]
-0.26	 -0.47	0.09	0.33	75_P	[30.15461905  3.57142857 31.091     ]
-0.37	 -1.01	0.32	0.6	75_P	[30.77770588  1.21747059 28.58517647]
-0.28	 -0.74	0.24	0.44	75_P	[30.02266667  3.76680952 28.01604762]
-0.06	 -1.06	-0.11	0.12	75_P	[33.39421429  1.72135714 28.29242857]
-0.24	 -0.73	-0.34	0.4	75_P	[32.01294118  3.78623529 26.40335294]
-0.11	 -0.34	-0.07	0.1	76_L	[31.90996552  3.59293103 33.97975862]
0.05	 -0.68	-0.09	-0.11	76_L	[31.78866667  7.74216667 33.51483333]
0.08	 0.58	-0.08	0.07	76_L	[34.88866667  6.964      36.89966667]
-0.04	 0.14	-0.12	0.02	76_L	[32.92114286  9.26953571 36.59039286]
-0.12	 -0.82	-0.12	0.09	76_L	[32.20322222  5.34011111 37.34244444]
-0.01	 -0.1	0.07	-0.04	76_L	[31.68827273  6.45590909 31.83027273]
-0.0	 -0.39	-0.08	0.03	76_L	[33.03663158  8.448      32.94252632]
-0.16	 -0.6	0.04	0.16	76_L	[31.2808      6.48593333 34.21373333]
0.16	 1.36	0.28	-0.55	76_L	[35.39975  6.7745  36.6233 ]
-0.08	 -0.87	-0.05	0.19	76_L	[34.18704  8.7114  37.804  ]
0.14	 0.66	0.01	-0.26	76_L	[33.65093333  9.99093333 34.75293333]
-0.15	 -0.7	0.08	0.32	76_L	[31.86428  8.74628 36.09676]
-0.12	 -0.62	-0.18	0.14	76_L	[33.93279167  6.09854167 38.19775   ]
-0.21	 -1.15	0.13	0.37	76_L	[31.33745  6.0516  36.60695]
0.06	 1.85	-0.06	-0.16	76_L	[32.49425   4.074125 36.43125 ]
0.21	 1.39	0.4	-0.62	77_R	[36.66009091  5.51372727 36.89209091]
0.02	 -1.21	-0.11	0.0	77_R	[34.42777778  0.81877778 35.21766667]
0.06	 2.23	0.03	-0.24	77_R	[35.79066667 -0.22666667 34.11466667]
0.19	 1.17	0.14	-0.45	77_R	[36.84855556  1.44833333 30.96433333]
-0.01	 0.01	-0.13	0.01	77_R	[37.33811765  0.39429412 30.53423529]
-0.11	 -0.87	-0.12	0.17	77_R	[37.99096 -1.8468  32.0608 ]
0.06	 0.7	0.03	-0.23	77_R	[39.53211765  0.17285294 30.07694118]
0.07	 0.68	0.0	-0.09	77_R	[33.14691667  2.75925    36.11925   ]
-0.01	 -0.11	-0.04	-0.03	77_R	[35.85105  0.62655 36.2719 ]
-0.02	 -0.11	-0.01	0.04	77_R	[33.80164286  1.5135     34.01235714]
0.03	 -0.56	-0.07	-0.05	77_R	[37.47877273 -0.25968182 34.7155    ]
-0.07	 -0.33	-0.03	0.09	77_R	[35.38227586  0.7457931  32.475     ]
-0.17	 -0.82	0.1	0.28	77_R	[37.10095455 -1.71040909 33.02963636]
-0.25	 -1.08	0.22	0.48	77_R	[38.81592 -2.45648 31.5144 ]
-0.22	 -0.75	-0.12	0.21	77_R	[40.14248276 -1.02410345 30.12048276]
0.1	 0.37	0.1	-0.29	78_P	[38.16083333  0.70553333 37.8073    ]
-0.12	 -0.7	-0.07	0.09	78_P	[36.15907143  3.27464286 41.41357143]
-0.07	 -0.16	-0.06	0.05	78_P	[35.00016667  0.80105556 40.17722222]
-0.09	 -0.16	-0.05	-0.02	78_P	[33.35288889  1.759      37.94588889]
-0.09	 0.37	-0.05	-0.07	78_P	[36.67325926  5.14692593 38.46018519]
-0.06	 -0.26	-0.04	0.09	78_P	[37.09963636  2.37318182 41.6455    ]
-0.18	 -0.49	-0.05	0.37	78_P	[34.91786957  4.0603913  40.55982609]
-0.08	 -0.06	-0.07	0.04	78_P	[36.26152174  0.16621739 39.16643478]
-0.26	 -0.71	0.2	0.44	78_P	[34.07336364  1.2115     40.53686364]
-0.2	 -0.62	0.02	0.29	78_P	[33.97954545  1.04454545 37.25836364]
-0.09	 -0.47	-0.03	0.14	78_P	[33.16459091  3.27968182 38.37713636]
0.15	 1.54	0.21	-0.48	79_M	[38.80554545  4.83536364 38.25072727]
0.15	 1.06	0.08	-0.36	79_M	[41.506125  3.14875  41.8485  ]
-0.11	 -0.62	-0.05	0.13	79_M	[39.54125  2.89805 42.1628 ]
0.08	 1.22	-0.1	-0.14	79_M	[40.6465    5.999375 40.036625]
-0.13	 -0.74	-0.24	0.01	79_M	[43.00383333  4.877      41.537     ]
-0.06	 -0.56	-0.04	0.05	79_M	[38.46609524  4.75871429 40.30790476]
0.05	 0.33	-0.19	-0.04	79_M	[40.71229545  6.03822727 38.54727273]
-0.24	 -0.67	0.01	0.32	79_M	[40.80636842  5.30373684 41.24831579]
0.14	 1.44	0.19	-0.43	79_M	[43.22617647  5.90547059 41.01882353]
0.06	 0.14	0.03	-0.2	79_M	[43.11827273  3.21368182 41.72768182]
0.09	 1.54	0.09	-0.43	80_T	[42.4686  1.6618 42.2066]
0.15	 1.25	0.07	-0.3	80_T	[43.95726667  1.37513333 42.11493333]
0.05	 0.79	-0.03	-0.12	80_T	[40.834125 -1.682    42.305   ]
0.14	 1.22	0.5	-0.72	80_T	[39.92475  -0.62175  38.711125]
-0.01	 0.47	-0.08	-0.09	80_T	[38.00676471 -0.52685294 41.11608824]
-0.03	 -0.52	-0.06	0.04	80_T	[41.45482609  1.2263913  42.793     ]
-0.05	 -0.4	-0.05	0.04	80_T	[41.107625 -2.488125 42.024125]
-0.05	 -0.01	-0.11	0.01	80_T	[40.26628947 -2.24394737 39.30202632]
-0.37	 -0.94	-0.07	0.58	80_T	[38.25889474 -1.81510526 41.01884211]
-0.14	 -0.47	0.22	0.18	80_T	[39.08126087 -0.16326087 42.867     ]
0.03	 1.04	-0.05	-0.07	81_Y	[43.8404  0.4406 43.2084]
0.16	 1.55	-0.04	-0.26	81_Y	[45.1526  0.193  43.5452]
-0.04	 0.57	-0.04	0.01	81_Y	[44.3955 -2.5764 44.6955]
-0.08	 -0.07	-0.07	0.15	81_Y	[46.40228571 -3.33657143 45.11542857]
0.06	 1.06	0.04	-0.31	81_Y	[47.37666667 -2.70547619 45.59004762]
-0.05	 -0.03	0.1	-0.3	81_Y	[46.28213043 -4.7256087  43.75534783]
0.1	 1.1	0.19	-0.47	81_Y	[48.303125 -3.6005   45.353875]
-0.06	 -0.19	-0.09	0.03	81_Y	[47.71470833 -5.44833333 42.858     ]
-0.04	 -0.08	-0.14	0.04	81_Y	[49.131      -4.39784615 45.09676923]
-0.04	 0.17	-0.33	0.22	81_Y	[50.75557143 -5.51252381 43.28078571]
-0.14	 -0.63	-0.05	0.08	81_Y	[42.39173684 -0.83236842 43.58136842]
-0.14	 -0.17	-0.02	0.08	81_Y	[45.08448148 -1.10677778 44.92433333]
-0.06	 -0.74	0.02	0.15	81_Y	[43.623      -2.99671429 43.64678571]
-0.05	 0.18	-0.11	0.15	81_Y	[45.49970833 -5.11845833 42.38370833]
-0.26	 -0.51	0.31	0.25	81_Y	[48.28956522 -6.00186957 42.27517391]
0.08	 0.99	0.09	-0.27	82_K	[43.23452632 -4.77768421 40.51331579]
0.05	 0.37	-0.01	-0.01	82_K	[44.04666667 -6.78966667 39.371     ]
0.08	 1.13	0.08	-0.25	82_K	[42.40973077 -5.60684615 37.85007692]
0.05	 0.77	-0.03	-0.17	82_K	[43.60825 -6.75455 35.63305]
0.02	 -1.88	0.18	-0.38	82_K	[41.59909091 -7.02063636 34.98863636]
0.11	 0.67	0.05	-0.26	82_K	[43.43053846 -3.68161538 42.05853846]
0.07	 0.58	0.02	-0.27	82_K	[46.28994444 -4.79727778 40.29761111]
-0.26	 -0.68	-0.08	0.32	82_K	[43.71923529 -5.55823529 40.90823529]
0.07	 0.21	-0.09	-0.06	82_K	[41.79063636 -4.04918182 40.05263636]
-0.03	 0.03	0.04	0.01	82_K	[45.26172414 -6.31027586 38.40293103]
-0.26	 -0.8	0.07	0.32	82_K	[42.49525 -7.28635 39.0577 ]
-0.1	 -0.12	-0.15	0.1	82_K	[41.70485185 -4.64344444 37.92755556]
-0.18	 -0.37	0.01	0.25	82_K	[43.75572414 -8.11055172 36.44210345]
-0.35	 -0.94	0.18	0.53	82_K	[41.85286957 -7.31978261 34.20308696]
-0.26	 -0.81	0.12	0.36	82_K	[40.90807692 -8.05623077 36.65230769]
-0.25	 -0.64	0.04	0.31	82_K	[41.02592857 -5.71546429 35.77653571]
0.15	 1.21	-0.03	-0.24	83_A	[42.7665     -2.64916667 37.10383333]
0.26	 1.42	0.29	-0.55	83_A	[44.42069231 -0.19746154 34.78407692]
0.03	 0.46	-0.12	-0.11	83_A	[42.91720833 -1.95695833 35.77391667]
-0.07	 0.35	0.02	-0.09	83_A	[40.94912903 -1.00409677 37.14277419]
0.04	 0.42	-0.1	0.07	85_V	[48.518      -4.50266667 39.307     ]
0.03	 0.59	-0.12	-0.09	85_V	[50.3435     -4.89159091 38.06727273]
0.12	 1.1	0.11	-0.39	85_V	[47.75654839 -4.48254839 38.84122581]
-0.18	 -0.46	-0.1	0.27	85_V	[50.34945161 -5.20151613 39.23722581]
0.12	 0.57	-0.04	-0.18	85_V	[49.6654 -5.0744 36.3185]
0.08	 1.53	0.28	-0.54	85_V	[52.08       -3.97866667 38.95188889]
0.11	 0.69	0.14	-0.19	85_V	[49.11516667 -4.71233333 40.69616667]
0.07	 0.89	0.35	-0.61	86_D	[47.82083333 -3.341      32.844     ]
0.1	 0.99	0.05	-0.34	86_D	[46.57254545 -1.28945455 32.49      ]
0.16	 1.42	-0.05	-0.12	86_D	[48.47369231 -2.64561538 31.78076923]
0.04	 0.49	0.04	-0.2	86_D	[45.51257895 -2.40042105 33.42942105]
-0.14	 0.68	0.03	0.05	86_D	[45.89864286 -5.47192857 33.81292857]
-0.13	 -0.39	-0.09	0.13	86_D	[46.87576923 -5.8055641  35.60797436]
-0.08	 -0.15	-0.02	0.03	86_D	[43.77421875 -4.704625   34.6138125 ]
0.1	 0.39	-0.04	-0.15	86_D	[48.44238889 -4.08555556 33.54311111]
-0.06	 0.22	-0.29	0.06	86_D	[44.40653333 -1.68513333 34.43513333]
-0.27	 -0.57	-0.16	0.44	86_D	[45.8969 -3.0331 32.4324]
0.12	 1.25	0.03	-0.31	87_L	[46.18409091 -0.19436364 33.12909091]
0.08	 0.97	-0.01	-0.27	87_L	[44.39783333  1.78916667 31.66308333]
0.14	 0.9	-0.0	-0.25	87_L	[46.76276923  0.11346154 31.71307692]
0.13	 1.0	0.06	-0.28	87_L	[44.7178   0.93452 33.62088]
0.04	 0.43	-0.07	-0.15	87_L	[45.34093333  1.4744     31.09276667]
0.22	 1.46	0.23	-0.49	89_H	[53.868375 -2.71575  30.28425 ]
0.0	 0.02	-0.04	0.0	89_H	[51.59666667 -4.82144444 32.00511111]
-0.06	 0.08	-0.06	0.14	89_H	[53.035375 -5.354125 33.41425 ]
-0.05	 0.89	0.02	-0.05	89_H	[51.92488889 -5.55266667 34.13577778]
-0.11	 -0.29	0.02	0.11	89_H	[55.08047619 -4.47090476 33.88866667]
-0.04	 -0.09	0.08	-0.03	89_H	[52.9040303  -5.17033333 36.6099697 ]
-0.1	 1.58	0.01	0.05	89_H	[54.86633333 -5.37333333 35.41816667]
0.13	 1.42	0.35	-0.6	89_H	[54.288      -2.70014286 31.696     ]
0.04	 0.08	-0.08	-0.07	89_H	[50.47570588 -3.79176471 31.80970588]
-0.09	 0.17	-0.05	0.06	89_H	[53.15892857 -4.20803571 31.27835714]
-0.04	 -0.44	-0.13	0.05	89_H	[50.4662  -5.00995 34.4064 ]
0.06	 0.52	-0.34	0.13	89_H	[55.89396 -3.32416 33.45448]
-0.13	 -0.4	-0.27	0.33	89_H	[52.39752381 -5.13657143 37.66180952]
-0.18	 0.66	0.32	0.25	89_H	[55.540625   -3.9835     36.63995833]
0.18	 1.34	0.26	-0.52	90_F	[49.86983333 -2.46791667 30.6545    ]
0.21	 1.54	0.32	-0.57	90_F	[50.67088889  0.07227778 26.29494444]
0.09	 1.64	0.09	-0.36	90_F	[4.70712e+01 5.70000e-03 3.03295e+01]
0.07	 0.47	-0.12	-0.05	90_F	[46.6454  0.2973 29.2188]
-0.06	 0.01	0.18	-0.19	90_F	[47.40138095 -0.999      27.20942857]
0.11	 1.66	0.16	-0.42	90_F	[46.19466667  1.283      28.45688889]
-0.11	 -0.29	-0.31	0.11	90_F	[47.09221429 -0.1857619  25.83154762]
0.17	 1.25	0.11	-0.39	90_F	[47.27828571  2.51710714 26.70453571]
-0.0	 0.6	-0.07	-0.16	90_F	[46.59653571  1.23475    25.65246429]
-0.02	 0.12	-0.13	0.01	90_F	[47.76657692 -1.67311538 30.01203846]
-0.09	 0.03	0.01	0.23	90_F	[48.02441176 -2.52817647 27.35352941]
-0.3	 -0.74	0.16	0.51	90_F	[46.83131818 -1.04718182 24.93831818]
-0.12	 -0.16	-0.13	0.14	90_F	[45.76917857  1.99589286 24.85175   ]
0.2	 1.35	0.23	-0.48	91_L	[53.9985      4.44209091 27.88818182]
0.04	 0.68	0.05	-0.24	91_L	[49.88825     5.72367857 27.38739286]
0.2	 1.45	0.22	-0.48	91_L	[52.88033333  5.22766667 28.79616667]
-0.04	 -0.12	-0.12	-0.04	91_L	[51.4428125   6.1033125  28.21790625]
0.07	 0.39	-0.16	-0.12	91_L	[49.92589474  4.03736842 26.70557895]
0.15	 0.01	-0.05	-0.17	92_K	[56.35136364 -1.32972727 28.48236364]
-0.03	 -0.32	-0.11	-0.0	92_K	[57.29526923  0.22996154 27.11730769]
0.08	 1.26	0.07	-0.31	92_K	[57.97631818  0.50368182 30.33527273]
0.11	 1.14	-0.21	0.07	92_K	[57.25494444 -2.33238889 32.3015    ]
-0.2	 -0.85	-0.12	0.24	92_K	[59.4817 -2.9011 31.5075]
0.06	 0.2	-0.1	-0.19	92_K	[60.87466667  0.27253333 32.0104    ]
0.16	 0.88	0.09	-0.3	92_K	[56.74715  2.3497  29.24735]
0.05	 0.66	-0.06	-0.13	92_K	[55.32931818 -2.07790909 30.27168182]
-0.1	 -0.24	-0.24	0.06	92_K	[58.15441667 -0.195125   29.45620833]
0.07	 0.75	-0.26	-0.1	92_K	[57.88911111  2.01427778 30.88827778]
-0.13	 0.02	-0.05	0.02	92_K	[56.391875  -2.6853125 31.8375   ]
-0.06	 -0.24	0.57	0.19	92_K	[59.10965625 -2.6039375  33.17890625]
-0.27	 -0.89	0.21	0.42	92_K	[59.10421053 -2.34357895 30.34021053]
-0.33	 -0.76	0.17	0.45	92_K	[61.37479167 -0.83879167 31.758     ]
-0.01	 -0.14	-0.17	-0.01	92_K	[60.19108696  0.96713043 30.80765217]
0.0	 0.67	-0.02	-0.17	92_K	[60.49555556 -0.28116667 33.53627778]
0.08	 0.95	0.02	-0.21	93_E	[55.07811111 -2.04777778 28.51455556]
0.06	 0.89	0.62	-0.92	93_E	[54.986875 -2.477375 26.8205  ]
0.03	 1.2	-0.19	-0.07	93_E	[53.66115385 -0.83292308 24.05153846]
-0.22	 -0.7	0.03	0.27	93_E	[55.72866667 -0.94726667 24.13153333]
0.05	 1.1	-0.08	-0.09	93_E	[52.61844444 -2.44133333 25.27844444]
0.03	 0.53	-0.04	-0.13	93_E	[53.29494118 -4.30694118 28.07994118]
-0.17	 -0.2	-0.06	0.17	93_E	[51.47692857 -5.11864286 26.803     ]
-0.16	 -0.34	-0.03	0.23	93_E	[49.93031579 -3.41286842 26.0205    ]
-0.13	 -0.38	0.01	0.16	93_E	[50.66222727 -4.49556818 29.04575   ]
-0.07	 -0.19	-0.0	0.03	93_E	[55.37858621 -2.63727586 26.80637931]
0.04	 0.79	-0.03	-0.19	93_E	[51.20276471 -1.24911765 25.89476471]
-0.13	 -0.33	0.03	0.18	93_E	[53.03496429 -2.93671429 24.85521429]
-0.29	 -0.94	0.21	0.45	93_E	[53.66835 -4.8432  26.90815]
-0.01	 -0.25	-0.11	-0.01	93_E	[54.01257143 -3.29685714 28.97392857]
0.07	 0.76	-0.05	-0.23	94_K	[52.54835714 -0.31978571 24.66457143]
0.05	 1.65	0.01	-0.21	94_K	[53.23057143  1.38714286 23.38771429]
0.03	 1.03	-0.09	-0.05	94_K	[54.47544444  3.19655556 23.446     ]
-0.02	 0.21	-0.1	-0.01	94_K	[53.76644118  4.62858824 25.62938235]
-0.14	 -0.55	-0.01	0.13	94_K	[51.35141935  2.39530645 24.45829032]
-0.38	 -1.13	0.15	0.46	94_K	[53.94242857  1.27007143 22.777     ]
-0.0	 -0.12	-0.06	0.01	95_G	[56.1225    1.99725  23.703875]
0.03	 -0.26	-0.1	-0.1	95_G	[57.9650625  2.86825   25.7661875]
-0.18	 -0.65	-0.11	0.14	95_G	[58.40257143  4.424      24.85071429]
-0.19	 -0.76	0.11	0.3	95_G	[56.5086129   4.71470968 23.38187097]
-0.0	 0.5	-0.01	-0.15	95_G	[56.41218182  1.12836364 24.12672727]
0.03	 -0.0	-0.21	0.04	95_G	[57.5177  2.662  27.5821]
-0.25	 -0.51	0.09	0.37	95_G	[58.19653846  2.20388462 25.06330769]
-0.02	 0.63	-0.11	-0.05	96_G	[58.63626667  5.00666667 26.64886667]
0.08	 1.38	0.05	-0.25	96_G	[57.11119048  6.88952381 25.64080952]
0.08	 0.66	-0.1	-0.17	96_G	[57.3576087   7.99834783 27.04269565]
-0.06	 -0.36	-0.21	0.09	96_G	[58.39240909  9.00395455 26.16290909]
0.09	 1.18	-0.05	-0.32	96_G	[57.72866667  4.41036364 27.94645455]
-0.24	 -0.74	0.07	0.39	96_G	[58.4501   6.8521  24.75955]
-0.26	 -0.8	-0.04	0.35	96_G	[55.65981818  7.02863636 25.168     ]
0.06	 0.77	0.09	-0.37	97_L	[55.4329  7.0602 27.4636]
0.01	 0.49	-0.16	-0.04	97_L	[53.6068125 10.3155    29.261875 ]
0.18	 1.52	0.11	-0.39	97_L	[55.43433333  5.93646667 27.603     ]
0.05	 0.92	-0.03	-0.15	97_L	[53.7394      7.0994     28.81231429]
0.15	 1.47	0.21	-0.57	97_L	[52.90277778 10.79822222 29.88422222]
0.08	 0.61	0.12	-0.29	97_L	[54.78571429  9.39807143 28.37457143]
0.13	 1.97	0.11	-0.37	98_E	[62.773     6.918125 29.74275 ]
-0.08	 -0.49	-0.07	0.09	98_E	[61.34927027  8.24289189 28.19181081]
-0.09	 -0.16	-0.24	0.06	98_E	[60.37    4.8297 28.3826]
-0.12	 -0.25	-0.07	0.12	98_E	[63.18323077  4.41953846 31.09238462]
0.05	 0.26	-0.01	-0.14	98_E	[61.5274  2.8474 32.6718]
0.14	 1.27	0.27	-0.56	98_E	[59.13254545  3.16563636 31.08154545]
0.04	 0.85	0.01	-0.15	98_E	[62.3032381   4.30009524 33.96895238]
0.21	 1.56	0.3	-0.55	98_E	[57.9018  5.0697 29.6355]
-0.09	 0.16	-0.4	0.19	98_E	[59.59769048  4.1317381  29.27871429]
-0.1	 0.03	0.09	0.09	98_E	[61.26732143  5.69335714 28.40785714]
-0.18	 -0.41	-0.29	0.47	98_E	[62.03576667  2.98063333 30.58746667]
-0.05	 -0.75	0.02	0.08	98_E	[63.40636364  5.66909091 31.08995455]
0.11	 -0.35	-0.11	-0.03	99_G	[62.5216 10.7219 29.0623]
0.05	 -0.21	0.06	-0.19	99_G	[63.28857895 12.31642105 29.87573684]
0.03	 -0.39	-0.01	-0.05	99_G	[63.70990909  8.59895455 30.24490909]
0.09	 1.01	0.04	-0.27	100_L	[61.6132 10.2496 28.6366]
0.08	 1.1	-0.16	-0.1	100_L	[60.7652 10.6654 28.1732]
-0.07	 -0.61	-0.09	0.08	100_L	[58.60478947 13.34636842 25.90057895]
-0.03	 0.02	-0.06	0.04	100_L	[55.22142857 11.87266667 27.687     ]
-0.06	 -0.79	-0.03	0.0	100_L	[61.02288 11.79832 27.95588]
0.17	 1.65	0.12	-0.35	100_L	[59.66392857 10.2315     27.57764286]
0.01	 -0.54	0.08	-0.12	100_L	[56.96935714 13.96364286 26.29778571]
-0.04	 -1.14	-0.1	0.1	100_L	[60.2707 13.7085 26.8879]
-0.12	 -0.73	0.09	0.23	100_L	[58.54152174 11.91143478 25.98752174]
-0.1	 -0.11	0.11	-0.02	100_L	[55.15654545 13.32227273 27.73472727]
-0.01	 -1.62	0.0	0.04	100_L	[56.08307143 10.627      26.895     ]
0.08	 0.73	-0.0	0.05	101_I	[61.26066667 17.88266667 29.431     ]
-0.16	 -0.39	-0.16	0.0	101_I	[62.35066667 16.22213333 28.39733333]
0.04	 0.41	-0.05	-0.1	101_I	[59.79071429 18.52852381 31.33680952]
-0.01	 0.37	-0.09	-0.08	101_I	[64.49782353 16.12829412 31.09170588]
0.17	 0.82	-0.09	-0.22	101_I	[61.2335 14.1653 28.22  ]
0.01	 0.46	0.03	-0.15	101_I	[59.97625    17.30164286 28.83221429]
-0.04	 -0.22	-0.0	0.09	101_I	[62.5286 14.6117 28.8051]
-0.25	 -0.65	0.2	0.4	101_I	[63.0171  17.37435 28.9258 ]
-0.12	 -0.47	-0.03	0.19	101_I	[61.93024 18.9536  30.84396]
-0.01	 0.14	-0.77	0.44	101_I	[59.207625 18.719375 31.478125]
-0.12	 -0.22	0.08	0.13	101_I	[64.80844118 15.05573529 30.58017647]
0.15	 0.91	0.21	-0.44	101_I	[63.63088889 17.88       31.07944444]
-0.01	 0.03	-0.1	0.0	102_H	[58.33746667 18.85653333 33.43373333]
0.08	 1.21	-0.01	-0.33	102_H	[54.34025 17.7542  37.08665]
0.19	 1.56	0.2	-0.45	102_H	[58.24544444 17.39811111 35.61761111]
0.0	 0.13	-0.06	-0.09	102_H	[56.24352778 17.78252778 36.73644444]
-0.04	 0.3	-0.15	0.04	102_H	[53.43151515 16.90066667 37.83627273]
0.07	 1.06	0.11	-0.27	103_S	[56.136125 19.96275  30.371125]
-0.1	 -0.45	-0.02	0.13	103_S	[54.3959375 21.2896875 31.3459375]
-0.04	 -0.46	0.02	0.01	103_S	[55.80245833 20.09316667 33.60166667]
-0.05	 0.07	-0.0	0.04	103_S	[57.051125   19.49358333 30.60025   ]
-0.07	 0.06	0.04	0.14	103_S	[54.661      20.52233333 29.25846667]
-0.12	 -0.12	-0.11	0.06	104_Q	[52.23666667 21.78433333 35.39511111]
-0.05	 0.57	-0.08	-0.1	104_Q	[49.37625 20.98525 36.19105]
-0.12	 -0.72	-0.11	0.15	104_Q	[49.60676923 19.76592308 37.95123077]
-0.09	 -0.37	0.05	0.1	104_Q	[51.27554839 18.29522581 37.99312903]
-0.1	 -0.2	-0.01	0.13	104_Q	[47.97225   18.7231875 37.2781875]
-0.03	 -0.69	0.03	0.03	104_Q	[53.93373913 20.46021739 34.54373913]
-0.08	 -0.8	0.0	0.08	104_Q	[52.55856 20.57544 36.462  ]
-0.18	 -0.56	0.04	0.23	104_Q	[51.05918182 21.83518182 34.07059091]
-0.29	 -0.91	0.25	0.48	104_Q	[49.6323  21.71785 36.60535]
0.07	 0.63	0.11	-0.34	104_Q	[49.24347059 20.769      33.89558824]
-0.01	 -0.1	-0.02	0.06	104_Q	[47.33082353 19.08147059 36.21847059]
-0.08	 0.02	-0.02	0.06	104_Q	[48.42244444 16.85518519 37.33859259]
0.08	 1.4	0.18	-0.45	105_R	[50.65805556 21.34127778 32.37644444]
0.11	 0.79	0.26	-0.51	105_R	[49.7807 20.988  32.2209]
0.0	 -0.24	-0.07	-0.08	105_R	[51.8821 21.8368 29.999 ]
-0.04	 0.13	-0.1	-0.03	105_R	[50.38590909 23.05254545 29.48372727]
0.04	 0.7	0.18	-0.48	105_R	[48.74033333 21.034      27.71233333]
-0.06	 0.41	-0.33	0.08	105_R	[48.04526667 21.71973333 27.47446667]
-0.05	 -0.39	-0.06	0.02	105_R	[47.49364286 23.27607143 28.41892857]
-0.07	 -0.12	-0.37	0.24	105_R	[47.29093548 22.58948387 30.69480645]
-0.15	 0.02	0.05	0.17	105_R	[46.41388 24.20896 27.4758 ]
0.04	 0.64	-0.11	-0.17	105_R	[51.98106667 21.59493333 32.27173333]
0.15	 1.48	0.28	-0.52	105_R	[49.0291875 20.847125  32.0345625]
-0.13	 -0.16	-0.04	0.03	105_R	[52.0264     22.2858     30.47493333]
0.06	 0.02	-0.03	-0.03	105_R	[51.88557895 20.23331579 28.19321053]
-0.04	 -0.4	-0.14	0.11	105_R	[49.79328571 22.45204762 31.20561905]
-0.24	 -0.66	0.23	0.07	105_R	[50.69909524 23.10485714 28.542     ]
0.1	 0.64	-0.06	-0.09	105_R	[50.3006     20.754      27.06446667]
0.09	 0.59	-0.51	0.45	105_R	[47.4827931  20.07417241 29.44172414]
-0.18	 -0.72	0.07	0.17	105_R	[48.38775    22.06829167 26.51175   ]
-0.1	 -0.24	-0.2	0.01	105_R	[48.05758333 22.16941667 31.49516667]
-0.26	 -1.2	0.19	0.49	105_R	[46.59865385 24.21115385 30.49734615]
-0.3	 -1.01	0.16	0.48	105_R	[46.94621739 24.00930435 26.35556522]
-0.29	 -1.19	0.34	0.59	105_R	[45.91609524 25.14947619 28.43771429]
0.08	 1.36	0.26	-0.61	106_R	[52.1548 15.4526 28.2922]
0.04	 0.75	0.05	-0.19	106_R	[50.64611111 14.18092593 28.49562963]
0.07	 0.97	0.1	-0.3	106_R	[52.88285714 15.37871429 28.31371429]
0.06	 0.51	-0.07	-0.15	106_R	[53.260625 17.964875 27.245625]
0.07	 0.63	-0.1	-0.24	106_R	[56.00383333 18.84566667 28.4765    ]
0.06	 1.01	0.06	-0.22	106_R	[56.29635 16.50755 27.00415]
-0.04	 0.33	-0.14	0.04	106_R	[58.05644444 17.18755556 27.16205556]
-0.09	 -0.66	-0.01	0.05	106_R	[58.6357     16.91846667 25.686     ]
0.09	 -0.13	-0.04	-0.1	106_R	[51.63981818 15.96209091 27.76163636]
0.15	 0.53	0.05	-0.24	106_R	[53.704875 14.447875 28.8825  ]
-0.1	 -0.62	-0.21	0.16	106_R	[53.90013043 16.23921739 27.2133913 ]
0.05	 0.02	0.0	-0.14	106_R	[53.23714286 18.73078571 27.92271429]
0.09	 1.03	0.02	-0.28	106_R	[57.07758824 18.35941176 29.18088235]
-0.21	 -0.45	-0.05	0.22	106_R	[55.80265385 18.15538462 26.55184615]
0.13	 1.31	0.12	-0.4	106_R	[60.4372     15.4648     27.58646667]
-0.25	 -0.77	0.16	0.41	106_R	[57.54521429 17.296      24.98717857]
-0.24	 -1.01	0.08	0.4	106_R	[59.87654167 16.27133333 25.82775   ]
0.17	 1.65	0.14	-0.41	107_Q	[51.50111111 15.569      37.60233333]
0.04	 -0.95	-0.19	-0.01	107_Q	[48.2655     14.92483333 37.35483333]
0.1	 0.85	0.07	-0.26	107_Q	[47.7687619  14.4197619  36.52709524]
0.01	 0.51	-0.21	-0.1	107_Q	[49.44363333 14.8382     38.40963333]
0.09	 1.42	0.34	-0.64	108_D	[45.205      16.49514286 32.17842857]
0.16	 1.29	0.46	-0.68	108_D	[46.1359 17.4497 29.7118]
0.11	 1.32	0.42	-0.64	108_D	[44.791  15.6005 32.0055]
0.08	 0.93	0.06	-0.47	108_D	[46.35790323 18.53758065 31.03848387]
-0.19	 -0.08	-0.03	0.16	108_D	[45.62991667 18.81766667 33.98058333]
-0.1	 0.04	-0.01	0.12	108_D	[46.55259091 17.13572727 35.13531818]
-0.12	 -0.19	-0.05	0.14	108_D	[46.87382051 20.58815385 33.41258974]
0.05	 0.44	-0.02	-0.07	108_D	[45.72722727 15.94277273 33.22395455]
-0.11	 0.02	-0.38	0.31	108_D	[45.29744444 18.32894444 30.92133333]
0.19	 1.44	0.13	-0.38	109_I	[45.31093333 13.6884     26.91146667]
0.08	 0.82	0.06	-0.33	109_I	[46.87468182 18.07454545 28.52240909]
-0.14	 -0.52	-0.09	0.17	109_I	[48.15666667 14.58844444 25.389     ]
-0.15	 -0.6	-0.01	0.17	109_I	[50.06208 18.3956  25.72404]
0.19	 0.96	0.03	-0.33	109_I	[45.55713333 16.31553333 27.29066667]
0.01	 0.58	-0.14	-0.14	109_I	[50.24911111 15.351      27.43522222]
-0.17	 0.05	-0.2	0.2	109_I	[46.8761875  18.241125   26.78984375]
0.14	 1.02	0.21	-0.43	109_I	[47.503      18.727      29.00322222]
-0.21	 -0.69	0.23	0.31	109_I	[49.378     15.457375  25.1454375]
-0.07	 -0.07	-0.11	0.04	109_I	[48.27436364 13.46913636 26.41859091]
-0.18	 -0.8	0.09	0.35	109_I	[46.4651  15.37955 25.4666 ]
-0.09	 -0.22	-0.02	0.07	109_I	[48.89       19.70713333 26.0126    ]
0.02	 0.64	-0.11	-0.06	109_I	[51.13714815 17.61218519 26.82151852]
-0.17	 -0.57	0.02	0.29	109_I	[49.032   17.4273  24.82475]
0.16	 1.36	0.14	-0.42	110_L	[49.076  13.4082 27.8844]
0.08	 2.05	0.14	-0.36	110_L	[49.39307692 12.38623077 28.25015385]
0.07	 2.05	-0.05	-0.19	110_L	[50.084      11.99966667 28.72366667]
0.13	 0.72	0.02	-0.24	110_L	[49.26730769  8.15776923 28.41646154]
0.05	 0.36	0.08	-0.2	110_L	[47.93075 11.2277  27.45675]
0.2	 0.94	-0.02	-0.22	110_L	[51.09306667 12.44913333 29.58606667]
-0.04	 0.28	0.0	-0.05	110_L	[51.06493939  9.98912121 28.90463636]
0.07	 0.82	-0.06	-0.11	110_L	[48.489       9.38955556 28.00755556]
0.11	 1.36	0.33	-0.58	111_D	[44.679 13.852 34.401]
0.04	 0.47	0.01	-0.19	111_D	[45.745      13.35538095 35.75219048]
0.12	 0.7	0.0	-0.26	111_D	[44.65768421 14.52373684 33.16410526]
0.12	 0.74	-0.11	-0.13	112_L	[42.39885714 12.63128571 26.98771429]
0.1	 0.76	-0.01	-0.27	112_L	[40.6545     12.08622727 27.61468182]
0.06	 0.86	-0.0	-0.2	112_L	[42.80607143 14.6805     27.39614286]
0.05	 0.47	-0.05	0.06	112_L	[42.80833333 16.891      31.188     ]
-0.08	 0.24	0.02	0.08	112_L	[42.49162963 17.78718519 28.60833333]
-0.02	 0.0	-0.18	-0.02	112_L	[40.153      15.72868966 31.31627586]
0.07	 -0.51	-0.06	-0.08	112_L	[44.01264706 14.83058824 27.46088235]
-0.05	 0.21	0.05	-0.03	112_L	[41.11758333 14.19275    28.11745833]
0.07	 0.81	-0.05	-0.19	112_L	[43.47234375 16.1079375  31.64134375]
-0.18	 -0.72	0.09	0.28	112_L	[42.63129167 18.29241667 30.11008333]
0.0	 0.06	-0.07	-0.09	112_L	[44.539875   17.23670833 28.420625  ]
-0.2	 -1.0	0.08	0.39	112_L	[41.54431818 17.01204545 27.79786364]
-0.18	 -0.66	-0.05	0.37	112_L	[41.01662069 16.86258621 31.73655172]
-0.23	 -1.3	-0.01	0.2	112_L	[39.62088889 15.5335     29.65083333]
0.08	 0.91	0.06	-0.27	113_W	[43.8249 12.6991 26.858 ]
0.03	 1.11	-0.05	-0.19	113_W	[43.64933333 12.12366667 26.16666667]
0.08	 0.54	0.06	-0.57	113_W	[46.84607143 10.13314286 26.45642857]
-0.08	 0.52	-0.08	0.1	113_W	[46.74471429  9.89528571 25.15      ]
-0.14	 -0.37	-0.12	0.14	113_W	[44.70964286  9.59685714 23.45167857]
-0.07	 -0.3	-0.03	0.02	113_W	[47.20144444  8.49966667 25.37011111]
-0.02	 0.9	0.24	-0.34	113_W	[45.13191667  8.28458333 22.90533333]
-0.06	 -0.17	-0.04	0.07	113_W	[47.0805  7.6686 24.0486]
0.06	 0.05	0.05	-0.27	113_W	[47.75261111  7.99694444 27.04888889]
0.0	 0.47	0.0	-0.13	113_W	[45.8652    5.58225  23.689875]
0.11	 0.84	0.16	-0.34	113_W	[47.85636364  6.75027273 25.96945455]
-0.04	 -0.12	-0.02	0.0	113_W	[47.96405556  5.20433333 25.32844444]
0.06	 0.47	0.07	-0.14	113_W	[42.41862963 10.5772963  25.32703704]
-0.03	 0.38	-0.16	0.03	113_W	[45.801875   11.92054167 25.69229167]
-0.28	 -0.86	0.19	0.47	113_W	[44.28905882 10.743      23.43529412]
-0.28	 -0.53	0.04	0.35	113_W	[44.72510345  7.53568966 22.3062069 ]
-0.28	 -0.72	-0.02	0.4	113_W	[45.90970833  4.82579167 23.290125  ]
0.05	 0.31	-0.24	0.09	113_W	[47.3179  3.6548 24.7614]
0.08	 0.46	0.03	-0.31	115_Y	[37.94368182 13.02859091 30.21254545]
0.1	 1.23	0.39	-0.65	115_Y	[34.4494 10.1296 31.6262]
0.02	 0.17	-0.14	-0.1	115_Y	[36.61735897 13.49161538 31.41697436]
0.1	 1.28	0.14	-0.42	115_Y	[34.85209091 11.92936364 30.36236364]
-0.12	 -0.07	-0.3	0.17	115_Y	[33.80818421 11.50023684 32.13489474]
0.07	 0.96	-0.02	-0.17	115_Y	[38.85592593 13.16825926 29.67107407]
0.14	 1.39	0.26	-0.51	115_Y	[34.39623077  9.64761538 32.37315385]
-0.29	 -0.89	-0.01	0.44	115_Y	[36.251      14.29313636 31.12122727]
-0.24	 -0.62	0.14	0.29	115_Y	[34.18692 13.53344 32.37464]
-0.01	 0.63	-0.02	-0.05	116_H	[39.768125 11.553625 25.656375]
-0.08	 0.2	-0.07	0.1	116_H	[39.348    10.959875 24.04025 ]
-0.01	 1.1	-0.0	0.06	116_H	[38.0046 11.5954 23.585 ]
-0.09	 0.05	-0.08	0.04	116_H	[40.33679167  9.033125   23.29454167]
-0.07	 0.16	0.06	0.04	116_H	[37.11226923 10.64934615 22.22830769]
-0.1	 1.89	0.01	0.05	116_H	[39.08466667  9.43283333 21.72333333]
-0.08	 0.13	-0.02	-0.02	116_H	[38.3047     11.72873333 26.54786667]
0.01	 0.42	-0.12	-0.12	116_H	[40.64530769 10.83930769 25.47092308]
-0.23	 -0.28	0.01	0.13	116_H	[36.41846667 11.68386667 24.6604    ]
0.16	 0.22	0.18	-0.39	116_H	[40.1019  7.2691 22.8586]
-0.03	 -0.1	-0.0	0.01	116_H	[35.80917391 10.22982609 21.69443478]
0.03	 0.4	0.01	-0.18	116_H	[38.76884615  8.51038462 21.15784615]
0.06	 0.5	-0.01	-0.24	117_T	[39.01176  3.2878  25.57116]
0.03	 0.68	-0.13	-0.14	117_T	[41.83911429  6.95237143 23.47331429]
0.03	 0.6	-0.1	-0.19	117_T	[43.04592593  4.504      24.29644444]
0.09	 0.61	0.07	-0.35	117_T	[43.12733333  6.18       23.76044444]
0.18	 1.42	0.15	-0.42	117_T	[44.3589  3.9872 25.0884]
0.03	 0.35	-0.08	-0.16	117_T	[41.69465517  3.43537931 24.48813793]
0.11	 1.48	0.26	-0.52	118_Q	[42.08190909  1.53572727 29.92845455]
-0.06	 -0.22	-0.07	0.04	118_Q	[42.18753333  0.70886667 28.68793333]
-0.16	 -0.13	-0.08	0.1	118_Q	[40.03566667  1.01645833 27.60691667]
0.02	 0.37	-0.04	-0.21	118_Q	[43.69028571  1.33980952 26.50747619]
0.18	 1.57	0.28	-0.53	118_Q	[38.55130769  2.25353846 28.47753846]
0.18	 1.42	0.32	-0.57	118_Q	[41.57555556  1.45688889 30.78688889]
0.03	 0.66	0.14	-0.24	118_Q	[43.77958333  1.99195833 29.37283333]
0.11	 0.32	0.07	-0.25	118_Q	[43.65283333  2.64358333 25.42758333]
-0.18	 -0.5	-0.25	0.36	118_Q	[42.12192  1.34158 25.60066]
-0.02	 -0.03	-0.03	-0.11	120_Y	[40.13423529 -0.66035294 34.59429412]
0.25	 1.46	0.22	-0.49	120_Y	[38.71986667  5.94993333 36.52326667]
0.17	 1.17	0.3	-0.55	120_Y	[40.62285  6.856   36.7451 ]
0.19	 2.23	0.11	-0.36	120_Y	[39.31035714  0.622      36.25085714]
0.11	 0.75	-0.11	-0.12	120_Y	[42.73481481  1.44714815 32.07337037]
-0.04	 -0.03	-0.17	0.05	120_Y	[41.72937931 -0.45203448 33.47875862]
0.11	 1.44	0.27	-0.12	121_F	[39.25907692  7.98876923 36.83707692]
0.13	 0.95	0.04	-0.31	121_F	[40.396       8.73761111 37.78683333]
-0.03	 0.04	-0.09	0.07	121_F	[36.705       9.42754545 38.14972727]
0.04	 -0.26	-0.08	-0.06	121_F	[35.65244444 10.71844444 37.99944444]
0.01	 -0.02	-0.01	-0.22	121_F	[34.5059 11.3909 36.6837]
-0.01	 0.16	0.03	-0.15	121_F	[36.61182353 11.88029412 38.98823529]
-0.0	 -0.02	-0.13	0.04	121_F	[35.04455263 13.26557895 35.68697368]
-0.04	 -0.24	-0.03	0.05	121_F	[37.24208333 14.28675    38.36683333]
-0.12	 -0.21	-0.03	0.06	121_F	[35.99133333 14.5086     36.98933333]
0.0	 0.51	-0.16	-0.1	121_F	[37.63355556  7.40862963 36.82118519]
-0.04	 0.16	-0.07	-0.07	121_F	[36.22977778  8.59544444 37.41366667]
-0.01	 -0.6	-0.01	0.05	121_F	[38.06605556  9.65377778 38.69516667]
0.15	 1.04	0.02	-0.21	121_F	[34.31784615 11.33892308 35.11715385]
-0.28	 -0.62	-0.04	0.31	121_F	[34.09941176 13.49064706 35.07417647]
-0.14	 -0.43	-0.03	0.23	121_F	[37.92765217 14.75813043 38.94417391]
-0.75	 -0.7	0.34	0.77	121_F	[35.3597 15.6336 36.9065]
0.12	 0.69	-0.05	-0.23	122_P	[43.748      12.67969231 37.04338462]
-0.1	 -0.22	-0.04	0.14	122_P	[41.56866667 14.68802778 37.04088889]
0.07	 0.35	0.0	-0.18	122_P	[39.08123077 14.32080769 34.12457692]
0.04	 0.31	0.05	-0.12	122_P	[42.78958621 14.4907931  34.37913793]
-0.05	 -0.47	0.02	-0.0	122_P	[39.60936842 14.81421053 35.53631579]
0.04	 0.17	-0.14	-0.07	122_P	[39.37433333 14.62122222 32.81755556]
0.15	 1.3	0.08	-0.38	123_D	[43.93236364 12.30472727 38.45590909]
0.11	 1.19	0.22	-0.48	123_D	[43.92219231 11.56896154 40.05453846]
-0.04	 0.14	-0.12	0.02	123_D	[42.70957143 11.3782381  42.2222381 ]
0.0	 0.93	-0.03	-0.04	123_D	[40.3959375 14.1348125 40.228875 ]
-0.09	 -0.44	-0.14	0.05	123_D	[40.43077778 10.87155556 41.61577778]
-0.03	 0.32	-0.27	0.12	123_D	[40.38040741  9.52859259 39.98833333]
-0.21	 -0.72	0.08	0.31	123_D	[38.52218182 11.876      41.25268182]
-0.05	 0.14	-0.17	0.07	123_D	[43.2992  13.9194  39.29624]
-0.21	 -0.62	0.05	0.23	123_D	[41.21131579 13.54778947 41.62889474]
-0.02	 0.09	-0.07	0.07	123_D	[40.12514286 14.44471429 39.2045    ]
0.19	 1.55	0.17	-0.42	124_W	[45.9995      9.82242857 42.57407143]
0.13	 1.95	-0.01	-0.24	124_W	[43.578125  7.338875 40.98725 ]
0.01	 -0.3	0.02	-0.1	124_W	[43.49836364  9.41595455 41.63345455]
0.06	 0.63	-0.11	-0.14	124_W	[42.06243243  7.85824324 39.65886486]
0.16	 1.93	0.17	-0.41	125_Q	[46.25630769 11.66276923 38.39607692]
0.14	 1.34	0.12	-0.35	125_Q	[47.12510526 12.46884211 38.90478947]
0.07	 0.73	-0.02	-0.27	125_Q	[47.95190909 13.43745455 38.64536364]
0.17	 1.32	0.09	-0.37	125_Q	[45.3624  11.42745 37.80855]
0.1	 1.52	0.21	-0.52	126_N	[47.93115385 14.22023077 43.29623077]
-0.13	 0.11	0.01	0.04	126_N	[46.30521429 14.52407143 43.451     ]
-0.15	 -0.12	-0.1	0.23	126_N	[46.206      14.46708696 40.79234783]
-0.09	 0.43	0.06	0.05	126_N	[44.812875  13.46725   43.7384375]
0.09	 0.36	0.05	-0.24	126_N	[49.203125  14.31025   40.6664375]
-0.05	 0.19	-0.06	-0.04	126_N	[48.37444444 14.19396296 44.12066667]
-0.2	 -0.33	0.01	0.15	126_N	[43.99226667 13.958      42.1624    ]
-0.06	 0.02	-0.03	0.02	126_N	[45.24813333 11.71066667 43.6998    ]
-0.05	 -0.05	-0.06	-0.02	127_Y	[51.50882927 15.0654878  45.11780488]
0.0	 -0.39	0.01	-0.05	127_Y	[50.48136842 14.62226316 42.01578947]
0.09	 0.17	-0.02	-0.1	127_Y	[53.58595455 14.90245455 41.95668182]
0.06	 0.57	0.09	-0.26	127_Y	[52.38707407 14.53825926 39.53      ]
0.11	 1.1	-0.01	-0.29	128_T	[53.29735294 16.12223529 45.97488235]
0.14	 0.31	-0.02	-0.16	128_T	[54.577      15.86278571 44.19671429]
0.26	 1.28	0.13	-0.39	128_T	[57.432125  12.774625  47.4706875]
0.11	 1.48	0.2	-0.46	129_P	[53.1914 16.6501 47.1815]
0.07	 0.79	0.33	-0.63	129_P	[53.646875 17.124625 46.735625]
0.14	 0.69	0.04	-0.28	129_P	[58.29680769 15.2265     47.40734615]
0.02	 0.27	0.03	-0.15	129_P	[55.516      18.33264286 49.48907143]
-0.01	 -0.38	-0.12	-0.07	129_P	[53.44042857 18.321      49.91485714]
-0.11	 -0.33	-0.09	0.19	129_P	[54.6115     17.50033333 45.69266667]
0.03	 0.11	-0.12	-0.14	129_P	[56.93128 16.87544 49.59316]
-0.23	 -0.54	0.01	0.28	129_P	[55.41578947 19.28231579 48.37463158]
-0.04	 -0.06	-0.03	0.01	129_P	[54.06657895 17.17831579 51.06215789]
-0.1	 0.39	-0.23	0.11	129_P	[52.97016667 18.15722222 48.22538889]
0.08	 1.28	-0.08	-0.26	130_G	[56.78577778 18.19355556 44.96277778]
0.06	 1.0	-0.01	-0.24	130_G	[58.73033333 19.72233333 46.15966667]
0.1	 0.47	-0.01	-0.14	130_G	[59.56715 18.6112  47.65575]
-0.14	 -1.07	-0.06	0.18	130_G	[58.35017241 18.61868966 49.12306897]
-0.14	 -0.67	-0.07	0.21	130_G	[57.00477419 19.24035484 45.75170968]
0.02	 0.42	-0.15	-0.01	130_G	[59.15828571 19.69135714 45.38942857]
0.09	 0.86	-0.07	-0.08	131_P	[60.58471429 19.73928571 46.07171429]
0.05	 0.75	0.0	-0.3	131_P	[63.9084375 16.87925   46.904875 ]
-0.07	 -0.13	-0.02	-0.01	131_P	[61.6928     15.777      47.80337143]
-0.07	 -0.02	-0.04	-0.04	131_P	[64.00833333 20.18888889 45.85022222]
-0.11	 -0.22	-0.04	0.12	131_P	[64.0215625 19.5763125 48.5278125]
-0.09	 0.22	-0.07	0.06	131_P	[61.45472727 19.68436364 49.92927273]
-0.06	 0.08	-0.12	0.04	131_P	[64.52923529 18.84541176 45.83217647]
-0.13	 -0.3	0.01	0.15	131_P	[62.30517647 20.58752941 45.66829412]
-0.17	 -1.13	0.07	0.38	131_P	[64.13766667 17.87377778 48.455     ]
-0.26	 -0.79	0.17	0.41	131_P	[63.79417391 20.61613043 48.54465217]
-0.21	 -0.75	0.09	0.29	131_P	[61.58521739 18.10321739 49.84726087]
-0.17	 -0.53	0.07	0.3	131_P	[61.06834615 20.64496154 48.76034615]
0.12	 1.66	0.15	-0.43	132_G	[64.3      17.073125 45.70075 ]
-0.03	 0.38	-0.11	-0.0	132_G	[64.408375   15.429875   45.97229167]
-0.07	 -0.29	0.04	0.17	132_G	[65.01459091 14.84913636 44.63272727]
-0.14	 -0.27	-0.02	0.19	132_G	[63.61129412 14.71011765 46.93241176]
0.07	 0.01	-0.04	-0.16	133_V	[59.80061538 13.06669231 46.57169231]
-0.03	 -0.15	-0.11	0.02	133_V	[64.34754167 10.07945833 43.789125  ]
-0.02	 0.23	-0.01	-0.07	133_V	[62.75476 12.95496 46.203  ]
0.15	 0.49	0.02	-0.33	133_V	[62.40585714 10.6035     46.10314286]
-0.08	 -0.21	-0.02	0.05	133_V	[63.69282609  8.52873913 43.96947826]
-0.05	 -0.37	-0.06	0.15	133_V	[64.35846429 11.74239286 44.72485714]
0.1	 1.1	-0.0	-0.25	134_R	[57.75985714 18.74285714 43.63428571]
0.02	 0.02	-0.11	-0.02	134_R	[56.9969  17.87635 42.8179 ]
0.08	 0.63	0.03	-0.34	134_R	[59.35828571 19.781      43.85307143]
0.17	 0.75	0.06	-0.28	134_R	[56.06721739 15.97982609 42.88182609]
0.06	 0.28	-0.03	-0.19	134_R	[56.74586667 16.39766667 40.80566667]
-0.18	 -0.9	0.1	0.26	134_R	[57.55052 18.73548 41.10464]
0.14	 0.91	0.06	-0.3	134_R	[60.81246154 19.84638462 44.28623077]
-0.1	 -0.18	0.07	0.18	134_R	[59.27278947 19.98994737 42.56831579]
0.09	 0.65	0.0	-0.2	135_Y	[60.18588889  5.76533333 46.56944444]
0.09	 1.11	-0.04	-0.21	135_Y	[60.79455556  7.00866667 47.74044444]
-0.1	 -0.04	-0.05	0.17	135_Y	[62.25295833  6.95441667 46.200875  ]
0.23	 1.52	0.18	-0.42	135_Y	[58.05568182 10.78763636 48.26531818]
0.1	 0.55	-0.04	-0.18	135_Y	[60.2605      5.19916667 44.98783333]
0.0	 -0.13	-0.06	-0.06	135_Y	[60.57926923  9.95426923 48.17792308]
-0.18	 -0.61	-0.04	0.32	135_Y	[62.33588889  8.54185185 47.60337037]
0.07	 1.39	0.05	-0.23	137_L	[47.1633  8.0371 45.1791]
0.13	 1.46	0.03	-0.27	137_L	[47.1813125  6.527625  46.592625 ]
0.07	 1.54	-0.07	-0.17	137_L	[47.15775   9.604125 45.650625]
-0.06	 -0.65	-0.03	-0.02	137_L	[47.06038889 12.48933333 47.11716667]
0.12	 0.45	0.03	-0.27	137_L	[47.11652  9.89872 44.3538 ]
0.04	 -0.21	-0.07	-0.06	137_L	[47.13273684  9.46231579 46.75852632]
0.04	 0.35	-0.06	-0.15	137_L	[49.18815385 13.80223077 46.89415385]
-0.06	 -0.53	-0.02	-0.03	137_L	[46.71568966 12.48375862 45.61106897]
0.1	 0.89	-0.02	-0.25	137_L	[46.9366875 10.69625   48.3181875]
0.02	 0.45	0.02	-0.12	138_T	[45.43346429  7.64635714 42.80085714]
-0.05	 0.33	-0.02	0.01	138_T	[46.05953846  6.10638462 44.68830769]
-0.02	 0.25	0.0	-0.07	138_T	[44.83876667  4.27526667 42.7341    ]
0.12	 0.69	0.07	-0.3	139_F	[45.98648387  1.39380645 43.41      ]
0.04	 0.87	-0.02	-0.18	139_F	[47.35057143  2.053      47.27678571]
-0.0	 0.66	-0.04	-0.19	139_F	[48.36145833 -0.136      48.15720833]
-0.01	 0.26	-0.06	-0.08	139_F	[49.44117241 -2.40365517 47.73403448]
0.11	 1.01	-0.05	-0.14	139_F	[51.39410526 -2.12852632 48.23363158]
0.04	 0.5	-0.01	-0.11	139_F	[46.78727273  4.10304545 45.82668182]
0.09	 0.39	-0.11	-0.05	139_F	[47.99575     2.14275    48.07516667]
-0.05	 -0.05	-0.04	0.04	139_F	[46.63155  1.2299  45.7982 ]
-0.18	 -0.36	-0.12	0.41	139_F	[47.14019048 -0.9002381  47.15747619]
-0.2	 -0.69	-0.04	0.45	139_F	[48.94937037 -2.99803704 47.64062963]
-0.04	 0.16	-0.15	0.11	139_F	[51.54613333 -3.15326667 47.8804    ]
0.21	 1.43	0.15	-0.42	142_C	[53.96128 -2.31652 38.72568]
0.19	 1.23	0.2	-0.48	143_Y	[56.93733333  3.76504167 30.66354167]
0.08	 -0.23	-0.06	-0.17	144_K	[62.36922222  4.88344444 39.79655556]
0.05	 0.68	0.14	-0.37	144_K	[63.30583333  5.4305     42.06588889]
0.14	 1.37	0.17	-0.41	144_K	[61.64325     4.39466667 39.17783333]
0.07	 0.32	-0.15	-0.12	144_K	[63.017     5.948    39.849125]
-0.4	 -0.41	-0.1	0.34	144_K	[63.54615385  4.53969231 41.51315385]
-0.03	 0.44	-0.0	-0.09	144_K	[62.92892  6.48996 43.07228]
0.08	 1.1	0.08	-0.25	144_K	[62.38333333  3.8197619  43.38      ]
0.11	 1.11	0.09	-0.37	145_L	[55.45254545 15.59431818 38.98913636]
0.05	 0.47	-0.1	-0.15	145_L	[55.21454167 15.26966667 39.81358333]
-0.05	 -0.67	0.03	0.04	146_V	[65.84540741 10.27788889 39.65011111]
0.06	 1.71	0.04	-0.2	146_V	[63.48614286  7.95121429 40.86164286]
-0.08	 0.23	0.01	0.11	146_V	[65.66281818  8.98963636 38.57559091]
0.17	 0.4	0.01	-0.25	146_V	[66.218      11.51763636 37.85263636]
-0.02	 -0.2	0.09	-0.1	146_V	[65.1537619  10.3467619  41.02090476]
-0.01	 0.42	-0.11	-0.08	146_V	[63.70454545  7.47072727 39.53827273]
0.12	 1.12	0.1	-0.36	146_V	[63.47206667  8.63566667 41.5352    ]
0.01	 0.02	0.05	-0.06	147_P	[67.14423077 13.31334615 38.11957692]
0.02	 -0.24	-0.11	0.01	147_P	[66.66666667 15.973      41.327     ]
0.09	 0.68	-0.02	0.01	147_P	[65.452      14.09033333 42.32766667]
-0.06	 -0.25	0.02	0.06	147_P	[66.71687879 14.3200303  40.63990909]
0.05	 0.04	-0.03	-0.17	147_P	[66.16078947 17.38694737 40.48121053]
0.08	 0.53	-0.1	-0.05	147_P	[65.54181818 15.01090909 42.86609091]
0.15	 0.55	-0.04	-0.19	147_P	[64.90991304 12.81073913 42.28517391]
-0.01	 0.12	-0.18	-0.01	148_V	[66.82785185 13.92025926 34.32751852]
0.02	 0.82	-0.06	-0.13	148_V	[65.76711111 15.49422222 33.20322222]
0.05	 0.58	-0.11	0.07	148_V	[69.652      15.20966667 37.434     ]
-0.15	 -0.81	-0.01	0.2	148_V	[69.74492 15.39928 34.70024]
-0.06	 -0.17	-0.01	0.02	148_V	[68.74964865 17.41678378 37.83018919]
0.15	 0.97	-0.02	-0.23	148_V	[66.55905882 17.33347059 34.66488235]
-0.08	 -0.05	-0.08	0.08	148_V	[68.565      14.24355556 37.50116667]
-0.2	 -1.06	0.15	0.39	148_V	[70.68983333 15.54045833 36.02      ]
-0.17	 -0.8	0.09	0.28	148_V	[68.795      14.08931818 34.64763636]
-0.24	 -1.53	0.22	0.46	148_V	[69.08464706 16.77905882 34.15929412]
-0.22	 -0.93	0.27	0.37	148_V	[70.16543478 16.926      37.78282609]
-0.07	 -0.52	-0.25	0.31	148_V	[68.07446429 18.51471429 36.18717857]
-0.06	 -0.03	-0.18	0.07	148_V	[67.3592069  17.48896552 38.91217241]
-0.25	 -1.06	0.11	0.37	178_R	[62.05242308 25.74384615 38.31994231]
0.09	 1.17	0.09	-0.38	178_R	[63.55513333 24.93573333 40.26433333]
0.01	 0.21	-0.08	-0.05	178_R	[63.42152632 23.36647368 39.31421053]
-0.15	 -0.34	-0.04	0.07	178_R	[63.98881818 23.12136364 37.62454545]
-0.22	 -1.07	0.13	0.39	178_R	[60.91980645 24.39614516 41.13335484]
-0.41	 -0.84	0.19	0.55	178_R	[63.87789474 25.53926316 40.75368421]
0.02	 0.08	-0.05	-0.06	179_E	[63.84635714 22.88642857 41.25842857]
0.12	 2.94	-0.0	-0.25	179_E	[64.68066667 21.44516667 41.10366667]
0.14	 1.56	0.28	-0.53	179_E	[62.32177778 21.44688889 37.19211111]
-0.04	 0.16	-0.06	-0.02	179_E	[60.7122     20.47675556 38.83217778]
0.05	 1.37	-0.01	-0.21	179_E	[64.14583333 21.38833333 41.74766667]
0.13	 1.4	0.13	-0.38	179_E	[65.15753846 19.44576923 40.69915385]
0.1	 1.01	0.02	-0.24	179_E	[64.083      19.85557143 43.67421429]
-0.13	 -0.33	-0.0	0.07	179_E	[65.54366667 17.796875   43.6915    ]
0.02	 0.61	-0.21	-0.07	179_E	[61.931875   22.14679167 41.44045833]
-0.13	 -0.47	-0.16	0.14	179_E	[65.25294118 21.06247059 39.70294118]
0.01	 -0.01	-0.09	-0.02	179_E	[62.49862963 20.89522222 42.72940741]
-0.17	 -0.63	0.15	0.18	179_E	[65.56940909 19.68563636 41.7455    ]
0.06	 0.68	-0.05	0.07	180_V	[65.70633333 19.36833333 34.54133333]
0.01	 -0.79	-0.05	-0.08	180_V	[63.463      19.81742857 32.64314286]
-0.1	 -0.55	-0.07	0.16	180_V	[64.86776667 21.59743333 34.6854    ]
0.11	 0.61	0.04	-0.25	180_V	[65.44233333 19.79276667 37.92976667]
0.08	 -0.42	-0.13	-0.01	180_V	[61.5775    20.288     35.9576875]
0.1	 0.82	-0.02	-0.27	180_V	[66.11728571 19.07857143 35.58042857]
-0.05	 -0.24	-0.04	0.1	180_V	[64.83317857 18.52764286 32.8805    ]
-0.07	 0.03	-0.05	-0.03	180_V	[61.85563158 19.44873684 33.43252632]
-0.21	 -0.69	0.16	0.31	180_V	[65.52274074 20.95488889 33.8512963 ]
-0.19	 -0.58	0.09	0.24	180_V	[63.1077619  21.85985714 34.81790476]
-0.11	 -0.68	0.09	0.06	180_V	[65.52692857 21.67078571 36.35921429]
0.13	 1.17	0.06	-0.31	181_L	[57.92830435 17.6126087  39.62782609]
0.06	 0.94	-0.0	-0.23	181_L	[60.33285185 18.33181481 35.71059259]
0.14	 1.51	0.29	-0.54	181_L	[59.0814 17.3499 36.6978]
-0.08	 0.02	-0.15	0.01	181_L	[58.33088462 18.00596154 38.387     ]
0.09	 1.7	-0.01	-0.25	182_E	[66.224125 12.205625 33.18525 ]
0.14	 0.79	-0.12	-0.14	182_E	[66.3555 11.6641 34.2035]
-0.06	 -0.33	-0.01	0.06	182_E	[65.35612903 12.28470968 31.41864516]
0.13	 1.32	0.14	-0.38	183_W	[53.32453846 12.56376923 30.21723077]
-0.01	 0.08	-0.02	-0.01	184_R	[64.0076875  5.62775   35.3883125]
-0.0	 -0.23	0.05	-0.11	184_R	[65.10355556  6.86388889 33.73155556]
-0.05	 -0.14	-0.02	0.14	184_R	[66.03571429  7.68071429 34.28678571]
-0.06	 -0.75	0.06	-0.05	184_R	[66.3844375  8.769625  35.6044375]
-0.12	 -0.09	0.04	0.16	184_R	[66.26406667  8.9896     32.60266667]
0.08	 0.34	0.04	-0.24	184_R	[62.36432143  5.45871429 37.85771429]
-0.12	 -0.38	0.07	0.27	184_R	[64.66404167  6.502875   36.74716667]
-0.03	 0.14	-0.13	-0.02	184_R	[62.831      5.0219375 35.5838125]
0.03	 0.42	0.03	-0.16	184_R	[63.96218182  6.28245455 32.97909091]
0.04	 0.47	-0.28	0.03	184_R	[65.67028571  8.26828571 36.999     ]
-0.01	 -0.27	-0.02	0.02	184_R	[66.39978571 10.65539286 35.8995    ]
-0.05	 -0.29	-0.05	0.06	184_R	[65.016375    8.30295833 31.73595833]
-0.19	 -0.97	0.06	0.26	184_R	[66.558      10.31885714 32.81421429]
-0.02	 -0.1	-0.01	0.04	185_F	[61.5609697   2.5370303  36.99987879]
0.11	 2.89	0.09	-0.32	185_F	[59.67211111 -1.23411111 35.42211111]
0.06	 0.33	-0.1	-0.18	185_F	[57.65642857 -2.45621429 35.13732143]
0.05	 0.59	0.17	-0.41	185_F	[56.6845  -2.69925 34.99375]
0.18	 0.69	0.06	-0.26	185_F	[60.81005882  1.97335294 34.30947059]
-0.07	 -0.5	-0.01	0.04	185_F	[60.31553846 -0.31823077 35.93138462]
0.03	 0.38	-0.14	-0.14	185_F	[58.09591304 -2.82756522 36.16986957]
0.08	 1.32	0.0	-0.26	186_D	[61.647  2.609 40.005]
0.15	 2.02	0.01	-0.2	186_D	[62.24823077  2.13307692 41.14138462]
0.06	 0.4	-0.04	-0.19	186_D	[ 6.185056e+01 -4.768000e-02  4.109764e+01]
0.07	 0.52	-0.01	-0.22	186_D	[60.24824138  2.91089655 44.13793103]
-0.0	 -0.43	-0.17	0.05	186_D	[61.371       1.15871429 38.97342857]
0.07	 0.45	0.03	-0.21	186_D	[61.679       3.20661538 39.76546154]
0.11	 2.12	0.13	-0.36	187_S	[58.35566667 -3.52466667 41.60222222]
0.17	 2.05	0.07	-0.32	187_S	[55.8947 -3.1739 40.2927]
-0.0	 0.59	0.13	-0.3	187_S	[59.906625  -3.1066875 39.9063125]
-0.11	 0.38	-0.15	0.03	187_S	[57.93958333 -4.23716667 39.28252778]
0.1	 0.7	0.04	-0.24	187_S	[60.43936364 -0.77977273 38.43936364]
0.24	 1.46	0.29	-0.53	187_S	[56.181875 -2.4035   38.4915  ]
-0.06	 -0.37	-0.09	0.04	187_S	[59.683   -2.5754  37.10425]
-0.12	 -0.2	0.1	0.26	187_S	[60.62543333 -2.7404     40.1249    ]
-0.33	 -0.89	0.11	0.56	187_S	[59.0945     -5.05273077 38.756     ]
0.07	 0.98	0.21	-0.49	188_R	[59.23544444 -3.05355556 41.83211111]
0.05	 0.53	-0.05	-0.17	188_R	[58.854      -3.31066667 42.41583333]
-0.01	 0.02	-0.35	0.18	188_R	[59.33821429 -3.63521429 44.27778571]
-0.05	 -0.43	-0.04	-0.01	188_R	[61.20986364 -0.84122727 46.56586364]
-0.08	 0.47	-0.11	0.14	188_R	[63.1806 -2.2486 45.0984]
-0.09	 -0.22	-0.03	0.09	188_R	[64.3284     -1.26326667 44.67326667]
-0.05	 -0.0	0.07	-0.03	188_R	[64.0335   0.72885 44.8361 ]
-0.12	 -0.68	-0.04	0.13	188_R	[64.35377778 -1.76548148 42.40711111]
0.06	 0.69	-0.08	-0.14	188_R	[58.13085714 -3.94242857 42.79107143]
0.06	 -0.51	0.15	-0.29	188_R	[59.1251875 -3.3691875 45.463375 ]
-0.07	 -0.23	-0.04	-0.02	188_R	[59.9405     -3.28469231 43.01430769]
0.12	 0.69	-0.03	-0.25	188_R	[59.25955882  0.57785294 45.84088235]
-0.1	 -0.7	0.07	0.19	188_R	[61.70771429  0.56342857 45.9085    ]
-0.13	 -0.45	-0.16	0.21	188_R	[61.15035714 -2.12110714 46.42321429]
-0.09	 -0.25	0.03	0.06	188_R	[61.97036 -2.94208 43.62028]
-0.18	 -0.61	-0.11	0.21	188_R	[62.99307143  1.87507143 44.5905    ]
-0.18	 -0.33	0.07	0.18	188_R	[64.46593939  1.24030303 43.15872727]
-0.31	 -0.58	0.08	0.49	188_R	[63.5722963  -2.67951852 42.20048148]
-0.26	 -1.15	0.25	0.42	188_R	[65.04086957 -0.74778261 41.94443478]
0.21	 1.4	0.42	-0.63	189_L	[58.3925      2.65585714 45.06428571]
0.15	 0.95	0.13	-0.32	190_A	[51.3034375 -4.178875  45.51925  ]
0.03	 0.41	-0.16	-0.1	190_A	[53.017      -3.70940625 40.4985625 ]
0.19	 1.2	0.03	-0.3	190_A	[51.97336842 -4.48836842 41.53794737]
0.06	 0.44	-0.07	-0.09	190_A	[54.38658333 -4.18275    41.15175   ]
-0.07	 -0.25	0.02	0.07	191_F	[54.21879487 -3.29982051 49.28838462]
0.05	 1.18	0.0	-0.15	191_F	[57.13358333 -4.89541667 47.00191667]
-0.09	 0.42	-0.06	0.08	191_F	[56.5475     -6.45716667 45.40933333]
-0.05	 -0.22	-0.09	-0.1	191_F	[54.40066667 -7.05566667 45.30890476]
-0.06	 -0.07	-0.07	0.05	191_F	[57.48373684 -5.42752632 44.21757895]
-0.06	 -0.22	-0.13	0.04	191_F	[53.60445455 -7.60654545 43.82963636]
-0.05	 -0.17	0.06	-0.11	191_F	[56.61562069 -6.35551724 42.50341379]
-0.06	 -0.46	-0.06	0.04	191_F	[54.5064     -6.93871429 42.04971429]
0.05	 -0.13	-0.05	-0.05	191_F	[52.62363636 -4.43645455 46.80718182]
0.08	 1.1	0.11	-0.33	191_F	[57.5315     -4.38841667 46.08291667]
-0.11	 -0.14	-0.12	0.11	191_F	[55.518625   -5.45991667 47.61708333]
-0.11	 -0.19	0.02	0.37	191_F	[53.28011538 -6.53753846 45.97180769]
0.04	 0.82	0.32	-0.75	191_F	[58.0234 -4.4103 43.5369]
-8.46	 -0.61	-0.04	0.67	191_F	[53.03259091 -8.13759091 43.81063636]
-0.01	 0.05	-0.12	0.03	191_F	[56.76681818 -5.39215152 41.18884848]
-0.29	 -0.65	0.37	0.84	191_F	[54.61289474 -7.84963158 41.27936842]
0.05	 0.96	-0.12	-0.14	192_H	[58.19853846  0.55276923 48.27476923]
0.0	 0.91	0.06	-0.15	192_H	[58.79353846 -0.66146154 48.52315385]
0.06	 1.16	0.04	-0.22	192_H	[57.251      -1.00505556 50.76677778]
-0.01	 0.04	-0.13	-0.12	192_H	[59.10888462 -2.77315385 47.94938462]
-0.27	 -1.23	0.13	0.39	192_H	[58.37147826 -2.87202174 51.508     ]
0.01	 1.57	-0.05	-0.09	192_H	[58.17976471 -3.82341176 49.37882353]
0.06	 0.59	-0.05	-0.16	192_H	[54.68471429 -0.9832381  50.27385714]
0.18	 1.29	0.17	-0.44	192_H	[58.11075     0.80041667 47.20983333]
0.14	 0.82	0.01	-0.28	192_H	[57.69645455  1.06227273 49.80109091]
-0.16	 -0.24	-0.28	0.16	192_H	[56.9076  -0.55505 51.7552 ]
0.06	 0.1	-0.22	-0.01	192_H	[58.5275   -3.53025  46.830875]
-0.38	 -0.74	0.05	0.55	192_H	[58.98757692 -4.51996154 49.27838462]
0.04	 0.0	-0.1	-0.17	193_H	[50.57416667  1.72533333 51.03      ]
0.1	 1.54	0.04	-0.32	193_H	[48.53525   2.218375 49.196625]
-0.07	 -0.05	-0.06	-0.13	193_H	[47.45475     3.73858333 48.59016667]
0.04	 0.28	0.07	-0.14	193_H	[53.083       0.31714286 50.34085714]
-0.01	 0.26	-0.0	-0.05	193_H	[50.38684211  0.80336842 49.76126316]
-0.01	 -0.17	-0.19	-0.0	193_H	[51.73661111  2.24055556 51.60511111]
-0.05	 -0.02	-0.25	0.11	193_H	[48.6269   2.41125 50.6342 ]
-0.0	 -0.03	-0.05	-0.04	193_H	[47.14983333  4.83720833 49.22083333]
0.07	 0.53	-0.08	-0.04	194_V	[59.492   5.6042 49.2103]
-0.01	 -0.46	0.01	-0.12	194_V	[58.7299375  2.93625   48.122875 ]
0.09	 0.24	-0.04	-0.14	194_V	[59.7465625  6.0476875 48.393    ]
0.03	 -0.02	0.02	-0.06	194_V	[58.93563158  5.32647368 50.75868421]
0.01	 -0.0	-0.03	-0.04	194_V	[58.99484615  3.85484615 46.62046154]
-0.03	 -0.07	-0.0	-0.07	194_V	[58.23796154  2.73069231 49.80311538]
0.13	 1.05	0.07	-0.35	196_R	[52.05246154  5.00876923 53.78469231]
0.24	 0.71	-0.11	-0.15	196_R	[51.89016667  6.54483333 55.41883333]
0.14	 1.38	0.19	-0.41	196_R	[49.26327778  6.03527778 54.35755556]
0.05	 1.06	0.1	-0.34	196_R	[49.14125   3.705875 54.582   ]
0.04	 0.61	-0.02	-0.17	196_R	[47.03677778  4.78396296 52.64585185]
-0.06	 -0.45	-0.05	0.06	196_R	[47.15172727  3.15090909 53.89439394]
-0.12	 -0.82	-0.04	0.19	196_R	[48.09451852  1.60796296 53.999     ]
-0.14	 -0.31	0.05	0.1	196_R	[45.50822222  3.13537037 54.86466667]
0.13	 0.87	-0.03	-0.24	196_R	[51.95426316  3.97136842 52.74757895]
-0.08	 -0.02	-0.15	0.04	196_R	[49.90776  5.49404 54.72064]
0.06	 0.81	-0.0	-0.27	196_R	[47.67722222  3.82144444 51.15066667]
-0.03	 -0.0	-0.09	0.0	196_R	[50.022       3.13458333 53.73375   ]
0.09	 0.64	-0.07	-0.16	196_R	[46.46852174  5.43634783 53.598     ]
-0.2	 -0.58	0.01	0.27	196_R	[49.269       1.67014286 53.3512381 ]
-0.27	 -1.06	0.18	0.49	196_R	[47.23672  0.8216  54.99564]
-0.21	 -0.7	-0.08	0.37	196_R	[45.09288235  4.51888235 54.34714706]
-0.28	 -1.1	0.34	0.49	196_R	[45.26380952  1.93728571 55.3422381 ]
0.05	 1.29	0.01	-0.26	197_E	[55.2662  5.7688 55.7218]
0.1	 1.82	-0.09	-0.23	197_E	[56.65871429  6.85828571 55.25842857]
-0.13	 -0.26	0.06	0.13	197_E	[54.69964444  7.75657778 56.29431111]
0.06	 0.26	-0.21	0.07	197_E	[55.70933333  4.534      55.25633333]
0.04	 0.76	0.07	-0.22	197_E	[54.31647619  3.01542857 53.31966667]
-0.11	 0.66	0.05	-0.01	197_E	[57.24976471  2.18847059 53.34982353]
-0.17	 -0.5	0.08	0.15	197_E	[58.45894444  3.63461111 52.91913889]
-0.03	 0.1	0.01	-0.13	197_E	[56.36838235  1.20323529 51.97141176]
-0.1	 -0.29	0.03	0.14	197_E	[53.54379167  5.09483333 55.14116667]
-0.0	 0.02	-0.01	-0.04	197_E	[56.90423333  4.9672     54.8156    ]
-0.23	 -0.99	0.05	0.38	197_E	[54.73430435  2.93213043 54.671     ]
0.1	 0.81	-0.0	-0.26	197_E	[53.694       2.84971429 52.23571429]
0.17	 1.63	0.1	-0.36	198_L	[55.23944444 10.20533333 55.574     ]
-0.09	 -0.4	-0.02	0.12	198_L	[55.80090909 12.30618182 54.59745455]
0.06	 0.27	0.08	-0.21	198_L	[60.36528571  8.993      51.08792857]
-0.1	 -0.04	0.05	0.02	198_L	[59.51274074  7.69       53.79396296]
-0.04	 0.57	-0.07	-0.03	198_L	[57.18517391  9.7666087  54.98826087]
0.03	 0.23	-0.02	-0.13	198_L	[57.71577273 11.57336364 52.389     ]
-0.06	 0.04	-0.1	-0.02	198_L	[60.20442857  7.73038095 50.27890476]
-0.07	 0.08	-0.1	0.04	198_L	[59.14085714 10.492      50.59803571]
-0.22	 -0.64	0.08	0.55	198_L	[60.08052381  7.00885714 52.75580952]
-0.18	 -0.65	0.17	0.34	198_L	[59.81185714  9.88780952 53.53285714]
-0.09	 -0.06	-0.05	0.11	198_L	[58.1515   7.7809  54.85135]
0.09	 1.55	0.2	-0.52	199_H	[55.216  14.0356 53.625 ]
-0.03	 -0.3	-0.04	-0.01	199_H	[56.37451852 14.78218519 52.27903704]
0.13	 1.48	-0.11	-0.17	199_H	[57.3428 13.0648 51.5706]
0.12	 1.45	0.02	-0.33	199_H	[53.798      12.66466667 55.02655556]
0.05	 0.39	0.07	-0.16	199_H	[54.13       14.913      53.33605556]
-0.32	 -0.68	0.19	0.42	199_H	[56.39352174 16.08482609 51.92669565]
-0.05	 0.2	0.04	-0.08	199_H	[57.32491667 13.52302778 49.82341667]
0.17	 0.98	-0.06	-0.25	200_P	[48.8368 11.3647 56.9246]
0.04	 0.42	-0.11	-0.12	200_P	[47.20952941 10.30011765 56.03035294]
-0.01	 -0.28	-0.02	-0.09	200_P	[49.45913043  8.26608696 56.50426087]
-0.1	 -0.09	0.08	-0.09	200_P	[52.0821   9.88725 57.84585]
0.03	 0.42	-0.13	-0.12	200_P	[53.8045      9.96383333 56.84066667]
-0.2	 -0.55	0.12	0.23	200_P	[48.80422727  9.41868182 57.22086364]
-0.13	 -0.1	-0.03	0.09	200_P	[51.02514286  7.75357143 56.67509524]
-0.1	 -0.68	-0.06	0.17	200_P	[50.78025    11.87971429 57.55607143]
-0.35	 -0.99	0.2	0.57	200_P	[52.34889474  9.48836842 58.38305263]
0.0	 0.08	0.01	-0.07	200_P	[53.64185 11.35425 56.29625]
0.06	 1.1	-0.12	-0.15	201_E	[49.2994 12.9932 56.8846]
0.11	 1.15	0.36	-0.6	201_E	[47.45714286 15.02157143 53.25742857]
-0.08	 -0.02	-0.01	0.05	201_E	[46.16119149 14.24687234 53.97153191]
-0.19	 -0.53	-0.09	0.17	201_E	[49.4769 15.4984 56.6287]
0.03	 0.67	-0.02	-0.18	201_E	[48.9839375 16.1295    53.9059375]
-0.12	 -0.24	-0.05	0.12	201_E	[52.14       16.02058333 54.38975   ]
-0.01	 -0.49	-0.08	-0.01	201_E	[52.48984615 13.98807692 55.54657692]
0.06	 0.16	-0.09	-0.05	201_E	[52.13628571 16.43307143 52.39542857]
-0.09	 -0.18	0.02	0.12	201_E	[47.5406  13.18072 56.51032]
-0.22	 -0.49	0.1	0.35	201_E	[48.2138  15.98795 55.90915]
-0.12	 -0.47	0.22	0.01	201_E	[50.2216  14.65145 56.72715]
0.08	 1.03	-0.01	-0.27	201_E	[48.10677778 15.54544444 53.01466667]
-0.19	 -0.46	0.09	0.24	201_E	[49.97992 16.9474  53.74444]
0.05	 0.43	-0.09	-0.04	202_Y	[44.669125 12.047    52.486125]
-0.17	 -0.51	-0.08	0.35	202_Y	[45.12185294 11.06955882 50.24688235]
-0.01	 0.38	0.03	-0.18	202_Y	[47.61562963 15.2557037  50.1957037 ]
-0.01	 0.12	-0.18	0.03	202_Y	[48.92779412 16.60267647 50.04070588]
0.13	 1.62	0.08	-0.35	202_Y	[50.47016667 15.69720833 49.13925   ]
-0.03	 -1.23	0.02	0.06	202_Y	[51.65269231 17.72076923 50.398     ]
-0.01	 0.34	-0.01	-0.01	202_Y	[45.82794118 13.85570588 51.29476471]
0.01	 0.23	-0.06	-0.09	202_Y	[46.77453846 13.11984615 48.92892308]
-0.28	 -0.61	0.1	0.54	202_Y	[46.76975   15.4051875 50.5443125]
-0.24	 -0.76	0.1	0.4	202_Y	[48.78490909 17.66681818 50.05972727]
-0.18	 -0.21	0.15	0.14	202_Y	[51.41765385 17.2965     48.02661538]
0.1	 1.42	0.06	-0.32	203_F	[44.00933333  8.61866667 53.287     ]
-0.14	 -0.77	0.02	0.2	203_F	[44.81188571  9.4202     55.50088571]
-0.29	 -0.94	0.15	0.42	203_F	[43.44764103 10.55961538 55.05289744]
0.07	 0.91	-0.24	-0.1	203_F	[45.6535  7.0185 54.422 ]
0.13	 0.87	0.05	-0.33	203_F	[46.10686667  6.95946667 50.58886667]
0.09	 0.06	-0.06	-0.16	203_F	[46.49446667  8.90273333 48.89966667]
-0.09	 -0.32	-0.01	0.07	203_F	[44.06755  9.78285 52.16935]
0.09	 0.6	-0.03	-0.14	203_F	[47.17021739  7.65130435 54.75256522]
-0.06	 -0.3	-0.16	0.08	203_F	[44.98372727  6.95518182 53.00218182]
-0.16	 -0.3	0.05	0.25	203_F	[45.41114815  7.02874074 50.64366667]
0.02	 -0.52	-0.02	-0.05	203_F	[46.71013333  7.1746     48.1082    ]
