-0.31	 -1.29	0.25	0.49	20_P	[ 4.71428889 13.05428889 40.06704444]
-2.1	 -0.62	0.05	0.29	20_P	[ 5.77013462 14.45134615 42.32690385]
-0.15	 -0.95	-0.02	0.16	20_P	[ 6.10983333 11.49016667 42.26666667]
-0.08	 -0.48	0.09	0.21	20_P	[ 7.04012766 12.75159574 44.12244681]
-0.1	 -0.11	-0.16	0.06	21_E	[ 7.25204167 12.697      40.28008333]
-0.17	 -1.0	0.06	0.29	21_E	[ 8.7614186  10.77311628 41.20155814]
-0.03	 -0.14	-0.11	0.06	21_E	[11.18071429 11.31307143 41.51992857]
0.05	 0.45	-0.05	-0.12	21_E	[11.10976471 11.64894118 43.21941176]
0.04	 -0.14	-0.08	-0.13	22_T	[ 9.98515 13.4899  39.8153 ]
0.03	 0.16	-0.04	-0.04	22_T	[13.06036842 13.10352632 42.321     ]
0.16	 1.31	0.12	-0.35	22_T	[14.4731  15.053   42.43205]
0.09	 0.95	-0.02	-0.15	22_T	[14.39083333 13.98441667 40.56216667]
0.02	 0.37	0.08	-0.06	22_T	[12.31348 14.66692 38.07836]
-0.21	 -0.98	0.01	0.32	22_T	[13.23609211 12.10442105 38.86026316]
0.16	 0.79	0.1	-0.35	23_H	[ 9.2044     15.13686667 41.10406667]
0.2	 0.89	0.07	-0.32	23_H	[ 8.20575  18.2695   42.923875]
0.06	 0.55	-0.24	-0.13	23_H	[ 8.03164706 16.12194118 44.21380392]
-0.06	 0.05	-0.15	-0.01	23_H	[ 8.76       17.209      40.80357692]
0.01	 0.29	-0.25	-0.02	23_H	[ 9.83825    19.33391667 39.48958333]
-0.11	 -0.36	0.01	0.15	23_H	[ 9.86014815 17.05603704 38.59859259]
0.01	 0.19	-0.04	-0.06	23_H	[12.06535714 20.16192857 39.97096429]
-0.23	 -1.02	0.08	0.28	23_H	[12.11007692 17.40782051 36.90720513]
-0.11	 0.16	0.02	0.08	23_H	[13.78952174 18.90334783 37.98182609]
0.17	 1.42	0.31	-0.55	24_I	[ 8.02918182 16.79345455 46.05318182]
0.2	 1.34	0.2	-0.46	24_I	[ 8.64735294 16.24847059 47.15511765]
0.22	 1.28	0.25	-0.49	24_I	[11.51883333 15.81533333 48.79066667]
0.17	 1.6	0.17	-0.42	25_N	[ 5.61864286 21.95707143 48.45528571]
-0.06	 -0.08	-0.06	-0.0	25_N	[ 4.96275 22.4007  46.65815]
-0.14	 -0.65	-0.09	0.15	25_N	[ 3.74518182 21.36754545 44.68790909]
-0.04	 -0.06	0.0	0.03	25_N	[ 5.1529375  22.46765625 43.5063125 ]
-0.05	 0.1	-0.08	0.01	25_N	[ 4.89893548 19.35414516 43.76309677]
0.17	 0.79	0.08	-0.34	26_L	[ 6.6757 23.3892 47.3555]
0.05	 0.36	-0.14	-0.17	26_L	[ 6.22324 23.69844 49.10288]
0.15	 1.53	0.12	-0.39	26_L	[ 6.61513333 24.97726667 47.84386667]
0.19	 1.4	0.33	-0.58	27_K	[ 6.07114286 23.17985714 50.95035714]
0.05	 0.75	-0.1	-0.16	27_K	[ 4.98623333 24.4498     51.57886667]
0.06	 0.13	-0.01	-0.17	27_K	[ 3.10613043 25.57586957 53.01826087]
0.13	 0.88	0.07	-0.31	27_K	[ 3.64364286 27.35503571 55.70203571]
-0.18	 -0.77	-0.03	0.3	27_K	[ 1.58842553 26.95338298 55.07451064]
0.13	 0.93	-0.03	-0.2	29_S	[ 8.6064  29.58588 59.03684]
-0.0	 0.05	-0.06	-0.04	29_S	[ 6.1506087  28.68765217 57.71491304]
0.01	 0.71	-0.01	-0.12	29_S	[ 4.52029412 30.69626471 57.43967647]
0.14	 1.51	0.18	-0.46	30_D	[ 9.231      31.39142857 59.78157143]
0.01	 -0.31	-0.11	0.02	30_D	[ 8.08815385 31.84946154 60.49584615]
-0.17	 -0.67	0.03	0.26	30_D	[ 7.9039375  34.17696875 61.24584375]
0.04	 0.75	-0.12	-0.11	30_D	[10.98710714 34.47525    58.868     ]
0.13	 0.36	0.02	-0.23	30_D	[ 8.972      36.10685714 59.1025    ]
0.1	 0.92	-0.01	-0.23	30_D	[10.21954902 36.90537255 57.40845098]
0.1	 -1.31	-0.01	-0.18	31_G	[ 6.62745455 31.07390909 59.43663636]
-0.24	 -1.14	0.09	0.34	31_G	[ 4.99320588 32.23417647 60.84644118]
0.03	 0.1	-0.01	-0.25	31_G	[ 4.26196429 33.99967857 59.28782143]
-0.25	 -0.96	0.09	0.38	31_G	[ 2.864      34.17917949 60.25633333]
-0.01	 0.06	-0.07	-0.01	32_S	[ 2.85335 35.33705 57.6611 ]
0.12	 0.64	0.18	-0.37	32_S	[ 4.15033333 36.27577778 56.16627778]
-0.24	 -0.71	-0.02	0.34	32_S	[ 2.79956757 35.81997297 55.45159459]
-0.21	 -0.9	0.03	0.28	32_S	[ 3.92810417 37.70020833 59.03764583]
-0.14	 -0.79	0.03	0.15	32_S	[ 6.41606977 37.6517907  58.79139535]
-0.04	 0.08	-0.11	-0.01	33_S	[ 5.02115 36.3086  53.7933 ]
-0.14	 -1.01	0.0	0.13	33_S	[ 7.04603704 37.68637037 54.60277778]
-0.01	 -0.52	-0.04	-0.0	33_S	[ 7.53157143 36.01553571 52.06864286]
0.07	 0.61	-0.01	-0.18	34_E	[ 4.69321053 34.49657895 52.80321053]
-0.07	 0.24	-0.02	0.02	34_E	[ 5.00636957 33.19419565 50.16191304]
-0.09	 -0.57	-0.06	0.11	34_E	[ 2.49319231 32.56123077 52.48557692]
-0.01	 0.29	0.04	-0.08	34_E	[ 1.71440625 30.6841875  54.36425   ]
-0.12	 -0.28	0.17	-0.03	34_E	[ 2.00397917 32.3250625  55.80414583]
-0.07	 -0.02	-0.07	-0.0	34_E	[ 1.19775    29.44775    53.64614286]
0.14	 0.83	-0.01	-0.16	35_I	[ 6.249625 32.03325  48.502375]
0.15	 1.07	0.17	-0.46	35_I	[ 7.58372 34.44276 49.65684]
-0.0	 0.2	-0.09	-0.07	35_I	[ 8.81630952 32.38128571 46.82164286]
0.17	 1.2	0.18	-0.43	35_I	[10.501075 34.424725 48.97635 ]
0.09	 0.23	0.01	-0.14	36_F	[ 6.02433333 30.22811111 46.93255556]
0.07	 0.81	-0.13	-0.13	36_F	[ 6.83666667 27.256      45.13116667]
-0.14	 -0.36	0.01	0.14	36_F	[ 7.836      29.34854545 45.17693939]
-0.15	 -0.21	0.01	0.17	36_F	[ 5.16472222 27.24447222 46.12644444]
-0.05	 -0.27	0.03	-0.15	36_F	[ 2.6255 27.7016 47.1863]
-0.08	 -0.63	0.0	0.14	36_F	[ 3.42132258 30.00525806 47.55606452]
-0.09	 -0.38	-0.05	0.12	36_F	[ 3.93789474 25.63934211 48.16210526]
-0.1	 -0.33	0.09	0.04	36_F	[ 1.68642857 29.75819048 49.35945238]
-0.2	 -0.83	0.1	0.27	36_F	[ 1.92096667 25.86746667 49.49726667]
-0.15	 -0.76	0.02	0.2	36_F	[ 0.91365625 27.82684375 50.40615625]
-0.06	 0.07	-0.09	-0.02	37_F	[ 9.27926667 26.976      44.24233333]
0.03	 0.71	-0.09	-0.1	37_F	[ 7.42911765 25.04335294 44.40235294]
0.11	 0.45	-0.1	-0.21	37_F	[ 6.93229412 24.30652941 45.90358824]
0.14	 1.51	0.14	-0.41	37_F	[11.42611765 26.08123529 44.63570588]
-0.04	 -0.25	-0.05	0.06	37_F	[12.12313514 28.19667568 45.19732432]
-0.04	 -0.0	0.0	-0.03	37_F	[12.19590909 30.51681818 45.83748485]
0.22	 1.37	0.14	-0.4	37_F	[11.92176923 32.02461538 47.67615385]
-0.04	 -0.33	-0.11	0.06	38_K	[ 9.586     25.5951875 43.0016875]
0.16	 1.65	-0.08	-0.21	38_K	[11.02763636 21.99209091 41.39072727]
-0.18	 -0.6	0.13	0.21	38_K	[11.28512121 24.47609091 41.72490909]
-0.11	 -0.68	-0.01	0.1	38_K	[ 7.7787931  24.12906897 41.71544828]
0.06	 0.35	-0.02	-0.19	38_K	[ 9.45520833 21.37858333 40.58470833]
-0.19	 -1.0	-0.02	0.22	38_K	[ 6.50622857 22.686      40.13965714]
-0.02	 -0.12	-0.11	-0.03	38_K	[ 6.80711538 19.83192308 40.69715385]
-0.31	 -1.26	0.21	0.51	38_K	[ 5.08858824 20.54558824 38.94845098]
0.05	 0.13	-0.04	-0.15	39_I	[12.92609091 21.99240909 41.62581818]
0.18	 1.94	0.09	-0.34	39_I	[15.148      22.36955556 42.82655556]
-0.07	 -0.14	-0.04	0.03	39_I	[14.36542308 24.74861538 44.10642308]
0.23	 1.45	0.29	-0.54	39_I	[16.13388889 23.4415     46.46694444]
0.07	 0.56	0.04	-0.19	40_K	[14.89405263 20.84747368 41.56436842]
0.07	 1.71	-0.01	-0.04	40_K	[15.29536364 19.742      40.18054545]
0.18	 1.28	0.09	-0.37	40_K	[15.99652174 15.57491304 41.41843478]
-0.07	 0.0	-0.05	0.07	40_K	[17.05070732 18.34914634 38.96131707]
-0.14	 -0.28	-0.16	0.21	40_K	[17.16535714 15.07216667 39.31647619]
-0.27	 -0.9	0.07	0.37	40_K	[16.61278947 15.95066667 36.89289474]
0.08	 0.55	-0.07	-0.17	41_K	[14.95378788 13.67648485 45.17209091]
0.16	 1.48	0.15	-0.41	41_K	[13.22222222 15.20151852 47.47259259]
-0.1	 -0.23	-0.18	0.12	41_K	[12.80004878 13.18963415 46.28943902]
-0.02	 -0.06	-0.24	-0.02	41_K	[ 9.72648718 14.11607692 46.84223077]
-0.23	 -0.89	0.07	0.33	41_K	[10.0223   11.4563   45.789375]
0.19	 1.14	0.1	-0.36	42_T	[19.60782353 15.27723529 46.03511765]
0.15	 1.03	0.0	-0.25	42_T	[19.62877778 17.93077778 42.75677778]
-0.1	 -0.31	-0.05	0.07	42_T	[21.221      17.44625641 44.35225641]
-0.13	 -0.61	0.04	0.12	42_T	[20.256      14.67352174 43.66917391]
-0.0	 -0.09	0.02	-0.16	42_T	[18.59376923 15.90669231 41.56666667]
-0.11	 -0.34	-0.07	0.14	42_T	[18.06543662 13.33250704 43.56740845]
0.05	 0.65	-0.02	-0.21	43_T	[20.04536364 19.66018182 43.01572727]
-0.05	 -0.19	-0.01	0.06	43_T	[18.32861905 20.08897619 41.52192857]
-0.09	 0.04	0.14	0.17	43_T	[18.21010769 22.99736923 43.29667692]
0.16	 1.12	0.11	-0.36	44_P	[18.89718868 24.32358491 46.34690566]
0.05	 0.43	-0.04	-0.13	44_P	[22.36614286 23.72104762 46.80133333]
-0.16	 -0.7	0.03	0.24	44_P	[23.648      21.31127083 46.2306875 ]
-0.1	 -0.25	0.01	0.04	44_P	[21.71954545 21.16047727 44.23684091]
0.08	 0.71	0.01	-0.3	46_R	[22.8247381  25.68116667 47.96778571]
0.16	 0.67	0.12	-0.4	46_R	[23.43592857 28.76292857 50.36792857]
-0.08	 -0.44	-0.2	0.08	46_R	[24.08774 27.47274 47.58688]
-0.03	 -0.25	-0.14	-0.03	46_R	[25.14921053 29.28394737 48.61794737]
-0.11	 -0.57	-0.04	0.14	46_R	[26.5383913  28.94817391 47.76204348]
-0.28	 -1.27	0.17	0.43	46_R	[27.36558333 27.32504167 47.02441667]
-0.24	 -0.96	0.15	0.38	46_R	[27.73544828 30.32455172 48.11268966]
0.22	 1.44	0.33	-0.57	47_R	[20.58586667 26.2058     46.53146667]
0.19	 1.25	0.08	-0.37	47_R	[19.82413333 30.40406667 46.1044    ]
0.06	 0.18	-0.09	-0.14	47_R	[16.80157143 29.36721429 45.74042857]
-0.03	 0.03	-0.17	-0.01	47_R	[17.98195455 30.86509091 46.07990909]
-0.15	 -0.12	-0.18	0.2	47_R	[18.5376     27.22025714 44.58225714]
-0.18	 -0.58	-0.04	0.28	47_R	[21.00111765 26.98858824 44.19697059]
-0.07	 -0.1	0.02	-0.03	47_R	[21.45546667 29.68802222 44.17871111]
-0.14	 -0.73	-0.09	0.19	47_R	[19.62021739 28.8373913  42.05973913]
-0.14	 -0.84	-0.14	0.14	47_R	[19.87507692 30.69976923 42.22188462]
-0.3	 -0.99	0.13	0.45	47_R	[21.16565909 32.19111364 42.73584091]
-0.27	 -1.13	0.18	0.44	47_R	[19.02742105 31.21194737 40.44845614]
0.06	 0.51	-0.03	-0.22	48_L	[17.16956522 26.90082609 46.44947826]
0.09	 0.88	0.03	-0.23	48_L	[15.20071429 28.8385     46.48271429]
0.11	 1.02	0.01	-0.29	48_L	[15.49984848 25.76406061 46.87781818]
0.11	 0.85	0.1	-0.27	49_M	[20.3109697  27.487      55.59575758]
0.19	 1.64	0.17	-0.41	50_E	[19.634  33.9459 50.8008]
0.1	 0.26	-0.14	-0.1	50_E	[18.59206667 34.1434     48.02606667]
0.05	 1.0	-0.12	-0.12	50_E	[18.76533333 35.08061111 49.83411111]
-0.05	 -0.4	0.02	0.02	50_E	[20.14812 32.94244 48.14708]
0.15	 1.42	-0.15	-0.11	50_E	[21.8996 33.2978 50.2406]
-0.1	 -0.18	-0.05	0.11	50_E	[23.07673333 32.9844     49.1296    ]
-0.12	 0.1	-0.07	0.07	50_E	[22.27298276 31.66756897 46.78563793]
-0.08	 -0.02	-0.08	0.0	50_E	[24.1049   31.12865  49.726975]
0.12	 0.66	0.09	-0.3	51_A	[17.7048 32.6086 47.0021]
-0.13	 -0.81	-0.08	0.12	51_A	[16.36838462 34.44238462 46.85907692]
0.15	 2.29	-0.1	-0.23	51_A	[13.20355556 33.94722222 48.11122222]
0.08	 0.97	-0.05	-0.2	51_A	[13.82742308 35.37884615 47.97607692]
-0.13	 -0.6	0.07	0.13	51_A	[14.6682766  32.44738298 46.10412766]
0.2	 1.66	0.24	-0.5	52_F	[12.639375   34.489375   56.47441667]
0.24	 0.47	0.06	-0.3	53_A	[19.01572222 35.54044444 52.27772222]
0.14	 1.34	0.14	-0.37	54_K	[18.17183333 36.7955     51.01341667]
-0.02	 0.02	-0.05	0.0	54_K	[17.79128571 38.8612381  50.86866667]
0.04	 0.08	-0.13	-0.06	54_K	[15.35492308 39.28246154 48.53123077]
-0.12	 -0.16	-0.01	0.21	54_K	[15.37686957 40.58782609 49.7286087 ]
-0.22	 -1.12	0.12	0.36	54_K	[17.64540385 37.72830769 48.03732692]
0.23	 1.04	0.01	-0.31	55_R	[14.36208333 37.71783333 48.27683333]
-0.08	 0.11	-0.12	0.01	55_R	[12.91033333 39.444      48.59      ]
0.11	 1.28	0.52	-0.76	55_R	[10.88671429 38.69485714 51.30614286]
-0.14	 -0.32	-0.02	0.19	55_R	[11.46531915 40.3983617  50.83353191]
0.13	 0.98	0.01	-0.29	55_R	[10.51784615 38.09176923 50.54107692]
-0.13	 -0.41	-0.01	0.12	55_R	[11.94053846 37.62764103 47.29758974]
-0.12	 -0.4	-0.03	0.06	55_R	[ 9.28736364 37.87706818 48.64668182]
-0.09	 -0.25	0.07	0.07	55_R	[10.20130435 36.27465217 46.2693913 ]
-0.03	 0.22	0.06	-0.11	55_R	[ 8.71957895 36.50405263 46.06373684]
-0.15	 -0.65	0.09	0.21	55_R	[ 6.94909804 36.12058824 47.42347059]
-0.23	 -0.8	0.03	0.33	55_R	[ 8.57665574 35.06622951 45.02506557]
0.05	 0.87	-0.07	-0.09	56_Q	[11.446      40.21475    53.79991667]
-0.11	 -0.35	-0.14	0.07	56_Q	[12.9265 41.6239 53.1293]
-0.06	 -0.24	0.05	0.1	56_Q	[13.777      41.60160606 55.58627273]
0.11	 1.7	-0.01	-0.21	56_Q	[11.78977778 38.86911111 55.99927778]
0.21	 1.59	0.21	-0.45	56_Q	[12.82557692 36.55011538 56.28823077]
0.1	 1.25	0.27	-0.53	56_Q	[10.37236364 38.07890909 52.33918182]
-0.07	 -0.29	-0.04	0.08	56_Q	[ 9.6360303  38.52930303 54.17493939]
0.15	 1.15	0.05	-0.31	56_Q	[ 9.85846667 37.11093333 51.7184    ]
0.17	 1.5	0.03	-0.29	57_G	[14.155    41.4795   51.817875]
-0.16	 -0.65	0.01	0.21	57_G	[15.99425581 42.264      52.51953488]
0.06	 0.92	0.02	-0.19	57_G	[17.03496552 41.24406897 53.98327586]
-0.21	 -0.86	0.02	0.32	57_G	[17.76275556 42.46242222 55.03693333]
0.03	 0.37	-0.18	-0.07	58_K	[18.33333333 40.5992     56.8056    ]
0.04	 0.09	-0.14	0.03	58_K	[19.4402 40.0582 54.4383]
0.0	 0.1	-0.01	-0.09	58_K	[19.20334375 37.8803125  53.191125  ]
-0.05	 -0.28	-0.05	0.03	58_K	[16.38630769 40.42333333 58.06192308]
0.15	 1.06	0.1	-0.28	58_K	[14.82494444 37.64572222 58.67233333]
-0.22	 -1.02	0.04	0.3	58_K	[13.5548     40.46805714 59.02745714]
-0.14	 -0.21	6.5	0.44	58_K	[12.36023377 38.17801299 59.42814286]
0.01	 0.04	-0.02	-0.04	59_E	[19.68110526 39.70178947 56.86105263]
-0.07	 0.04	-0.1	0.05	59_E	[21.45510526 38.33873684 54.61352632]
-0.17	 -0.72	0.05	0.22	59_E	[22.70258065 39.08948387 56.98914516]
0.07	 0.83	-0.03	-0.16	60_M	[22.17134783 36.12769565 54.70317391]
0.06	 0.66	-0.14	-0.13	60_M	[23.2705 32.6956 56.7222]
0.03	 0.19	0.02	-0.19	60_M	[21.49191667 31.81438889 57.45280556]
-0.17	 -0.81	0.0	0.23	60_M	[23.47778125 33.26625    54.62359375]
-0.07	 -0.39	-0.08	0.04	60_M	[21.8468  34.08925 52.21975]
0.02	 0.15	-0.01	-0.14	60_M	[22.0388  30.20668 53.41566]
0.12	 1.12	-0.01	-0.27	61_D	[23.77416667 34.72305556 56.64755556]
-0.03	 -0.06	-0.03	0.02	61_D	[23.8660625 32.7240625 59.26675  ]
0.09	 1.38	0.16	-0.44	61_D	[23.203625 36.056    60.969   ]
-0.05	 0.06	-0.14	0.02	61_D	[23.6155     34.52713889 62.12736111]
-0.2	 -0.86	-0.01	0.25	61_D	[25.51988372 33.94602326 58.74332558]
-0.08	 -0.39	-0.13	0.09	61_D	[25.23311538 36.36430769 58.91342308]
-0.07	 -0.23	-0.02	-0.01	61_D	[23.86192593 37.57803704 59.53477778]
-0.29	 -1.1	0.2	0.46	61_D	[26.86446341 36.65168293 59.33734146]
0.12	 1.32	0.11	-0.34	62_S	[22.2545 36.3282 61.7217]
0.13	 1.07	-0.0	-0.25	62_S	[17.93853846 35.88861538 61.93830769]
-0.14	 -0.64	-0.12	0.25	62_S	[20.60229167 37.7104375  61.42525   ]
0.06	 0.71	-0.01	-0.21	62_S	[18.64346875 37.76196875 59.383125  ]
0.1	 0.56	0.11	-0.21	63_L	[20.24173913 30.48473913 59.21643478]
0.1	 0.93	-0.08	-0.21	63_L	[14.67905882 35.12779412 59.30689706]
0.19	 1.64	-0.02	-0.23	64_R	[19.49435714 28.31071429 60.68014286]
0.17	 0.85	0.08	-0.32	64_R	[17.54724138 27.79096552 63.47593103]
0.07	 0.11	-0.06	-0.07	64_R	[17.92973077 29.9105     64.4935    ]
0.09	 0.55	-0.04	-0.12	64_R	[21.0949  28.75305 61.8919 ]
0.09	 0.47	-0.07	-0.14	64_R	[20.7041 29.9987 65.2227]
-0.05	 0.18	-0.09	-0.01	64_R	[22.88907692 30.36330769 63.25492308]
0.04	 0.21	0.03	-0.08	64_R	[22.55233333 31.60904167 61.65395833]
-0.09	 -0.29	-0.04	0.12	64_R	[22.82504082 31.65967347 65.22365306]
0.14	 1.02	0.09	-0.35	65_F	[18.58816667 27.16797222 58.85938889]
0.13	 1.16	0.0	-0.26	65_F	[19.25583333 29.35966667 56.52191667]
0.18	 1.48	0.24	-0.5	65_F	[19.575  30.778  56.0277]
0.17	 1.38	0.34	-0.6	66_L	[11.87388889 23.44       60.55688889]
0.22	 1.46	0.3	-0.55	66_L	[11.00805556 23.17911111 59.01616667]
0.16	 1.24	0.33	-0.57	66_L	[12.41083333 23.77952778 62.04427778]
-0.1	 -0.1	-0.05	-0.0	66_L	[13.97834848 25.29556061 64.54056061]
0.12	 0.47	-0.1	-0.11	66_L	[17.2597931  25.08503448 63.72048276]
0.12	 1.21	0.02	-0.28	67_Y	[ 8.88258065 18.65629032 57.11190323]
0.15	 0.46	0.08	-0.28	67_Y	[12.36322222 15.7482963  57.86474074]
-0.06	 -0.06	-0.07	-0.02	67_Y	[ 9.48844737 15.39378947 56.34018421]
-0.04	 0.73	0.35	0.04	68_D	[10.80681818 21.56584848 60.26760606]
-0.11	 -0.42	-0.06	0.1	68_D	[ 9.68986364 19.65636364 62.28381818]
-0.15	 -0.6	0.03	0.1	68_D	[10.72083333 19.11658333 63.71791667]
-0.12	 -0.19	0.03	0.14	68_D	[12.61151351 17.51086486 63.49564865]
-0.03	 -0.74	-0.04	0.04	68_D	[11.0096  16.73544 61.33372]
-0.11	 -0.24	0.03	0.07	68_D	[ 8.5373  17.23995 60.7324 ]
-0.22	 -0.68	0.07	0.3	68_D	[ 8.22225    18.91627778 59.93888889]
-0.22	 -0.45	0.09	0.26	68_D	[ 9.21297143 15.96331429 59.50505714]
-0.02	 0.42	0.16	-0.22	69_G	[11.94682143 21.92107143 62.83067857]
-0.18	 -0.72	-0.03	0.24	69_G	[12.91768571 21.01017143 65.03662857]
0.07	 -0.02	-0.04	-0.08	69_G	[15.02227273 19.06318182 64.35236364]
-0.12	 -0.35	-0.01	0.16	69_G	[16.14976596 21.37061702 64.85865957]
0.04	 0.2	0.05	-0.16	70_I	[17.31133333 19.045      63.21973333]
-0.15	 -0.97	0.03	0.22	70_I	[16.20107143 16.92232143 62.91185714]
-0.06	 -0.37	0.02	0.07	70_I	[18.96744186 17.98209302 60.58765116]
-0.13	 -0.66	0.02	0.17	70_I	[15.41367857 15.69025    60.39283929]
0.1	 -0.27	-0.07	-0.06	71_R	[18.73671429 20.73857143 62.67978571]
-0.04	 0.13	0.01	-0.06	71_R	[21.08362857 21.41857143 59.9716    ]
-0.06	 -0.19	-0.07	0.06	71_R	[19.65503125 22.4913125  63.1033125 ]
0.1	 1.02	0.02	-0.28	71_R	[20.60628571 25.5428     60.76517143]
-0.21	 -0.74	0.03	0.27	71_R	[22.47973684 24.74860526 62.25926316]
-0.07	 -0.2	-0.12	0.03	71_R	[20.58172414 24.51982759 64.66082759]
0.02	 0.52	0.13	-0.23	71_R	[21.05776 26.15064 64.62284]
-0.14	 -0.54	-0.05	0.2	71_R	[22.93858974 27.60466667 64.17302564]
-0.24	 -0.79	0.07	0.39	71_R	[20.53086441 26.62927119 66.21176271]
0.14	 1.48	0.14	-0.36	72_I	[21.629      23.53081818 58.94136364]
-0.01	 0.22	-0.08	-0.03	72_I	[20.84734146 25.34358537 58.16692683]
-0.02	 0.36	-0.11	-0.08	73_Q	[22.91       24.20785714 57.44921429]
-0.08	 -0.01	-0.13	0.08	73_Q	[23.69424242 21.55642424 57.55436364]
-0.19	 -0.95	0.1	0.27	73_Q	[25.69695238 23.01795238 57.12807143]
-0.22	 -0.82	-0.04	0.22	73_Q	[27.1326 22.1311 55.1977]
-0.11	 -0.88	0.0	0.11	73_Q	[25.69256 21.217   53.8614 ]
-0.22	 -1.03	0.13	0.33	73_Q	[26.99547917 24.43270833 54.77202083]
0.13	 0.46	0.02	-0.2	74_A	[23.19522727 25.59395455 55.15131818]
0.1	 0.55	0.0	-0.21	74_A	[24.21633333 24.99991667 50.64683333]
0.02	 0.18	-0.02	-0.09	74_A	[25.70264286 23.72078571 52.38385714]
-0.04	 -0.4	-0.12	0.04	74_A	[24.0464717  26.95164151 52.302     ]
-0.04	 0.12	-0.12	0.1	75_D	[24.73865909 22.79838636 49.77659091]
0.07	 0.18	-0.03	-0.14	75_D	[24.456      20.34883333 51.89775   ]
-0.1	 -0.49	0.06	0.07	75_D	[23.95467742 19.33932258 49.63325806]
0.18	 0.99	-0.01	-0.25	76_Q	[23.31763636 18.68209091 52.24663636]
-0.01	 0.22	-0.04	-0.02	76_Q	[23.47241379 18.7332069  54.326     ]
-0.09	 -0.72	-0.15	0.05	76_Q	[22.8295 19.1762 56.8516]
0.13	 1.2	0.06	-0.31	76_Q	[21.1061  19.67275 57.8057 ]
-0.19	 -0.67	0.04	0.25	76_Q	[21.63888095 16.91895238 56.42209524]
0.12	 0.72	0.04	-0.3	77_T	[20.02626087 14.946      48.55530435]
-0.0	 -0.06	-0.01	-0.04	77_T	[21.71021212 17.21636364 47.65754545]
0.17	 0.85	-0.0	-0.28	78_P	[14.18086667 15.20106667 49.71173333]
0.24	 1.69	0.26	-0.5	78_P	[13.36593333 16.2592     49.17366667]
0.01	 0.48	-0.0	-0.15	79_E	[14.93232143 13.74475    49.82892857]
0.12	 1.46	-0.12	-0.21	79_E	[18.74042857 12.44071429 50.82657143]
-0.09	 -0.03	-0.05	0.05	79_E	[16.78696875 12.01234375 52.28025   ]
0.08	 1.33	-0.46	0.05	79_E	[15.37271429 13.00442857 47.764     ]
-0.14	 -0.46	-0.09	0.12	79_E	[17.18802174 11.64523913 49.00373913]
-0.03	 0.16	-0.05	0.0	79_E	[18.14492 11.34084 47.08676]
-0.12	 -0.26	0.05	0.1	79_E	[19.84297727 12.56972727 46.93625   ]
-0.28	 -0.95	0.15	0.43	79_E	[17.71342857  9.99002381 46.52057143]
0.01	 -0.05	-0.07	-0.09	80_D	[19.63408696 12.99204348 52.13230435]
-1.29	 -0.5	0.09	0.25	80_D	[18.5174   13.072675 54.86975 ]
0.12	 0.51	-0.05	-0.16	80_D	[20.86753333 15.15113333 54.03833333]
0.0	 0.14	-0.08	-0.03	80_D	[22.26328 15.65432 52.10272]
-0.22	 -0.75	0.09	0.33	80_D	[21.84182609 13.69415217 51.16515217]
-0.05	 -0.06	-0.08	0.04	80_D	[22.84024138 16.65017241 50.77258621]
0.17	 0.67	-0.02	-0.21	81_L	[16.87392308 14.91953846 56.57569231]
0.14	 0.37	-0.03	-0.16	81_L	[16.10266667 13.39477778 55.93922222]
0.04	 -0.14	-0.17	-0.02	81_L	[14.59995455 14.63118182 57.144     ]
0.08	 0.49	-0.03	-0.15	81_L	[18.73786957 16.37717391 57.20304348]
0.13	 1.24	0.41	-0.64	82_D	[16.07314286 12.38857143 54.20328571]
-0.01	 0.01	-0.2	0.01	82_D	[13.95694737 12.08994737 52.68621053]
0.13	 1.29	0.1	-0.39	82_D	[12.23714286 12.36714286 52.54528571]
-0.01	 0.25	-0.17	-0.02	82_D	[10.72392308 13.36115385 54.71007692]
-0.13	 -0.48	0.0	0.09	82_D	[14.31019444 11.96672222 55.66472222]
-0.07	 -0.1	-0.08	0.06	82_D	[12.67265217 10.66082609 55.54526087]
-0.25	 -0.78	0.06	0.36	82_D	[11.87702439 10.33926829 53.93070732]
-0.3	 -1.15	0.2	0.47	82_D	[12.39020513 10.52158974 56.99623077]
0.18	 1.37	0.37	-0.62	83_M	[13.37758333 13.95233333 51.73183333]
0.17	 1.42	0.12	-0.39	83_M	[ 9.84842857 13.23071429 52.60828571]
-0.04	 0.27	-0.08	-0.02	83_M	[11.22848148 13.9125     50.54574074]
0.18	 1.3	0.44	-0.66	84_E	[ 9.12230769 14.67215385 53.78453846]
-0.01	 -0.27	-0.13	-0.04	84_E	[ 8.59264286 13.92278571 50.03892857]
-0.18	 -0.84	0.02	0.27	84_E	[ 6.73898507 13.66314925 52.45829851]
-0.02	 0.31	-0.11	-0.11	85_D	[ 6.65439394 14.89357576 49.17339394]
-0.04	 -0.42	0.0	0.05	85_D	[ 3.91951852 16.73       51.28803704]
-0.1	 -1.13	0.13	0.26	85_D	[ 5.17074419 15.3377907  47.53865116]
-0.12	 0.24	-0.18	-0.02	85_D	[ 5.30835294 16.41170588 45.36364706]
0.25	 1.35	0.22	-0.48	85_D	[ 6.2247 17.808  45.0489]
-0.19	 -0.38	0.12	0.18	85_D	[ 3.13375556 16.77933333 46.11377778]
0.1	 0.49	0.03	-0.23	86_N	[ 4.86113043 21.70995652 50.2156087 ]
0.12	 1.1	-0.06	-0.21	86_N	[ 4.361      19.96953333 52.31073333]
-0.11	 -0.39	-0.14	0.1	86_N	[ 3.82707317 21.27458537 52.90614634]
-0.18	 -0.41	0.01	0.21	86_N	[ 2.03644828 19.90989655 50.91713793]
-0.23	 -0.92	-0.04	0.22	86_N	[ 1.2759 20.5848 49.0929]
-0.09	 -0.27	0.04	0.07	86_N	[ 2.77683784 20.85627027 47.54983784]
-0.22	 -0.72	0.12	0.31	86_N	[ 1.20609302 18.16990698 48.52681395]
0.1	 0.66	-0.15	-0.11	87_D	[ 5.48475    19.80133333 54.689     ]
0.08	 0.46	-0.15	-0.11	87_D	[ 7.54347059 17.76258824 55.79458824]
-0.15	 -0.5	0.08	0.19	87_D	[ 5.68131818 17.38731818 54.61970455]
0.08	 0.72	-0.15	-0.05	87_D	[ 7.74422222 15.70055556 54.76822222]
0.07	 -0.38	-0.06	-0.12	88_I	[ 6.78175 20.50735 55.7363 ]
0.12	 0.66	0.01	-0.24	88_I	[ 8.98566667 22.07766667 57.71884848]
0.03	 0.08	-0.04	-0.05	88_I	[ 6.4267619  23.112      57.61561905]
0.09	 0.18	-0.02	-0.19	88_I	[ 4.45356 22.83644 54.75464]
0.05	 0.43	-0.09	-0.12	88_I	[ 6.14425714 25.79031429 57.75117143]
-0.23	 -0.89	0.05	0.34	88_I	[ 3.26075385 23.75835385 56.80064615]
0.08	 0.71	-0.07	-0.14	90_E	[10.03686957 28.4006087  60.81926087]
-0.03	 0.33	-0.16	-0.08	90_E	[ 8.64288889 25.29692593 59.81072222]
-0.13	 0.13	0.23	0.02	90_E	[ 9.05251351 25.23024324 62.08394595]
-0.1	 -0.3	-0.21	0.17	90_E	[10.224575 24.893675 63.24315 ]
-0.3	 -1.33	0.18	0.53	90_E	[ 7.11010256 24.82682051 62.17761538]
0.2	 1.55	0.18	-0.45	91_A	[10.4422 29.5889 59.8761]
0.11	 1.39	0.22	-0.49	91_A	[11.3249 29.8139 60.9302]
0.02	 0.3	-0.08	-0.11	91_A	[11.24542593 31.87612963 60.75372222]
-0.02	 0.34	-0.13	-0.07	92_H	[12.43121429 32.18257143 62.84657143]
0.07	 0.3	-0.18	-0.03	92_H	[14.44584444 30.13342222 64.56668889]
0.08	 0.5	-0.2	-0.07	92_H	[12.78381818 29.26154545 63.88554545]
-0.15	 -0.44	1.86	0.22	92_H	[12.05914706 29.837      64.78823529]
0.14	 1.26	0.14	-0.41	92_H	[11.31921429 29.25642857 61.92971429]
-0.17	 -0.8	0.01	0.26	92_H	[10.43783871 28.181      64.72225806]
0.16	 1.62	0.07	-0.35	92_H	[11.4345   26.1545   64.296875]
0.0	 0.2	0.01	-0.07	93_R	[13.63252381 33.6172381  63.01666667]
0.16	 1.45	0.13	-0.4	93_R	[16.03633333 35.52288889 62.279     ]
0.05	 0.42	-0.23	-0.01	93_R	[15.76588636 32.43013636 66.08852273]
-0.15	 -0.63	0.4	0.22	93_R	[14.04761905 35.42514286 63.9477619 ]
-0.09	 -0.01	-0.02	0.07	93_R	[16.32575 37.0271  63.94275]
-0.17	 -1.12	4.42	0.38	93_R	[13.78577273 37.4725     65.35393182]
-0.05	 -0.07	-0.11	0.02	93_R	[16.09506897 38.35231034 66.20772414]
-0.13	 -0.46	-0.2	0.18	93_R	[15.01210345 39.19306897 67.19617241]
-0.28	 -1.23	0.17	0.44	93_R	[13.04052941 39.58064706 67.76643137]
-0.27	 -1.14	0.18	0.44	93_R	[16.10608772 40.63329825 67.93964912]
0.15	 1.61	0.29	-0.54	94_E	[18.3514 35.6554 64.1436]
0.19	 0.92	0.03	-0.33	94_E	[18.70133333 32.03033333 65.85891667]
0.1	 1.21	0.26	-0.53	94_E	[19.58811111 35.48288889 67.67077778]
0.0	 0.37	-0.27	0.08	94_E	[17.50364 35.79798 67.35014]
0.09	 0.47	-0.02	-0.15	94_E	[19.78394118 35.89894118 64.48188235]
0.13	 0.61	-0.07	-0.2	94_E	[21.12562963 34.36911111 67.08177778]
0.08	 1.49	-0.02	-0.27	94_E	[22.952      35.778      65.91911765]
-0.16	 -0.43	-0.11	0.31	94_E	[22.33527083 36.72272917 64.92710417]
-0.17	 -0.45	0.01	0.21	94_E	[23.92940816 34.42457143 66.68087755]
0.03	 0.16	-0.01	-0.1	95_Q	[18.86325   32.1735625 67.3665625]
0.01	 0.37	-0.13	-0.08	95_Q	[17.46846667 34.96053333 69.52133333]
0.13	 1.07	-0.04	-0.24	95_Q	[19.7866 33.125  71.5881]
-0.12	 -0.43	0.03	0.19	95_Q	[21.11806061 32.65951515 69.66757576]
-0.09	 -0.32	-0.1	0.06	95_Q	[17.72039535 32.23918605 70.69923256]
-0.05	 -0.23	-0.07	0.04	95_Q	[15.68703333 32.83753333 68.9391    ]
-0.13	 -0.57	-0.06	0.13	95_Q	[15.50765385 31.01134615 69.68030769]
-0.3	 -1.28	0.22	0.48	95_Q	[16.30509375 29.861625   70.92921875]
-0.22	 -1.18	1.5	0.43	95_Q	[13.91032143 31.15953571 69.19842857]
0.01	 0.29	-0.06	-0.25	96_I	[19.10992 35.86664 69.82316]
-0.06	 0.12	-0.1	0.04	96_I	[21.7125    34.0394375 71.799375 ]
0.02	 0.11	0.11	-0.25	96_I	[19.7481  35.0797  73.42085]
-0.2	 -0.63	-0.08	0.26	96_I	[18.47441463 35.76873171 73.37663415]
-0.18	 -0.73	-0.02	0.18	96_I	[22.898  36.5735 72.1944]
-0.13	 -0.48	-0.19	0.22	96_I	[19.8504 37.7853 71.0741]
-0.14	 -0.54	-0.05	0.08	96_I	[22.50998214 36.27585714 69.17878571]
-0.23	 -1.12	0.11	0.37	96_I	[21.72638667 39.39557333 71.32565333]
-0.09	 -0.22	-0.16	-0.0	97_G	[21.96464 35.6634  73.69608]
-0.19	 -0.95	-0.03	0.29	97_G	[20.16412195 36.05712195 75.46270732]
-0.12	 -0.57	-0.07	0.12	97_G	[21.8716875 35.64325   76.3673125]
-0.25	 -0.87	0.12	0.37	97_G	[23.20494595 34.64213514 76.02637838]
-0.18	 -0.92	-0.06	0.22	98_G	[20.69125926 36.973      77.43703704]
-0.23	 -0.95	0.06	0.32	98_G	[23.25992857 37.25421429 78.33866667]
-0.23	 -1.09	0.06	0.32	98_G	[21.57688 35.53908 79.91492]
-0.33	 -1.15	0.24	0.5	98_G	[23.43784211 36.15102632 81.234     ]
