0.04	 1.03	0.15	-0.46	1_A	[  9.3565   20.89275 -37.65325]
0.09	 0.97	-0.03	-0.06	1_A	[  7.13883333  21.36416667 -38.02483333]
0.08	 0.99	0.04	-0.29	1_A	[  6.55452941  23.31264706 -37.15011765]
0.14	 1.17	0.07	-0.32	1_A	[  8.0441  23.8513 -36.8021]
-0.04	 0.19	-0.14	0.06	1_A	[  6.025    18.86235 -36.138  ]
-0.28	 -0.87	0.08	0.37	1_A	[  8.47133333  20.16266667 -38.264875  ]
-0.07	 -0.27	-0.05	0.01	1_A	[  8.53818182  22.38445455 -37.99481818]
-0.02	 -0.1	-0.04	0.02	1_A	[  9.11952174  19.7363913  -35.93795652]
-0.15	 -0.51	0.07	0.24	1_A	[  6.20807692  21.54630769 -38.01219231]
-0.07	 -0.21	0.05	0.06	1_A	[  4.63276471  19.93270588 -35.66929412]
-0.22	 -0.84	0.16	0.42	1_A	[  6.45766667  18.51204167 -36.85541667]
0.12	 1.54	0.08	-0.36	1_A	[  7.77325   18.895875 -34.91925 ]
0.07	 0.89	-0.1	-0.21	2_T	[  5.02922222  22.88955556 -36.78488889]
0.09	 1.84	0.16	-0.44	2_T	[  3.51591667  21.67716667 -33.90375   ]
-0.11	 -0.81	-0.01	0.1	2_T	[  2.01697297  23.50978378 -33.72232432]
0.07	 0.91	0.01	-0.27	2_T	[  4.59077778  24.66611111 -36.73166667]
-0.04	 0.45	-0.16	0.07	2_T	[  6.61690476  24.86604762 -37.01990476]
0.09	 1.03	0.07	-0.3	2_T	[  3.67605  27.122   -34.07775]
0.02	 0.33	0.0	-0.11	2_T	[  4.13540909  21.60631818 -35.30136364]
-0.14	 -0.39	-0.03	0.26	2_T	[  3.52627273  24.70472727 -36.24381818]
-0.19	 -0.6	0.09	0.31	2_T	[  5.78403704  26.42922222 -37.06362963]
-0.19	 -0.57	-0.23	0.29	2_T	[  4.12936  27.65572 -34.84272]
0.14	 1.77	0.14	-0.43	2_T	[  2.78225   25.972    -34.023375]
0.06	 -0.19	0.05	-0.21	3_F	[  3.2873   19.5825  -33.10075]
0.08	 1.6	-0.07	-0.28	3_F	[  8.29314286  18.41342857 -32.21842857]
-0.04	 0.28	-0.15	0.03	3_F	[  4.4587   17.6554  -33.57565]
0.04	 0.25	-0.19	-0.07	3_F	[  6.81540625  17.259      -32.8496875 ]
-0.02	 0.36	-0.08	-0.1	3_F	[  2.00547368  21.44789474 -32.56336842]
0.15	 0.46	-0.12	0.0	3_F	[  2.72215385  17.87407692 -31.79223077]
0.11	 0.52	-0.03	-0.07	3_F	[  8.64364  19.44668 -33.2718 ]
-0.41	 -0.59	0.13	0.54	3_F	[  4.1026087   16.66743478 -32.80691304]
-0.23	 -0.8	0.09	0.41	3_F	[  6.82480952  17.1967619  -34.24738095]
0.15	 1.39	0.12	-0.39	4_K	[  0.8107  23.2904 -31.5815]
0.18	 1.46	0.11	-0.36	4_K	[  0.46826923  21.87792308 -26.48203846]
0.04	 0.19	-0.01	-0.23	4_K	[ -3.082       22.83888235 -30.02876471]
0.08	 1.34	-0.12	-0.12	4_K	[ -2.23876923  20.35753846 -31.30192308]
0.0	 -2.82	-0.01	-0.12	4_K	[ -4.00411111  19.97522222 -32.00855556]
0.11	 1.53	0.15	-0.41	4_K	[  0.58118182  22.512      -31.56481818]
0.22	 1.42	0.34	-0.59	4_K	[ -2.4318      24.51706667 -29.20526667]
0.03	 0.14	-0.01	-0.13	4_K	[ -1.676       21.69930303 -27.96445455]
-0.12	 -0.1	-0.34	0.13	4_K	[ -3.66188  22.62116 -29.37652]
-0.08	 -0.3	-0.15	0.08	4_K	[ -1.87892593  23.46766667 -31.67937037]
-0.1	 0.11	-0.01	0.11	4_K	[ -1.21003448  20.99248276 -32.52496552]
0.02	 0.54	-0.1	-0.05	4_K	[ -2.07866667  19.51693333 -29.87746667]
-0.29	 -0.75	0.14	0.38	4_K	[ -3.50566667  19.16618519 -32.22244444]
-0.24	 -0.63	0.11	0.34	4_K	[ -4.31560714  20.37885714 -30.252     ]
-0.26	 -0.72	0.18	0.44	4_K	[ -4.30608696  21.70343478 -32.48434783]
0.11	 1.06	0.24	-0.48	6_T	[ -2.86054545  22.93063636 -22.18972727]
0.1	 0.62	0.01	-0.27	6_T	[ -1.67395238  22.72261905 -25.36661905]
0.1	 0.77	0.02	-0.27	6_T	[ -4.86914286  25.90242857 -23.24942857]
0.2	 1.54	0.32	-0.56	6_T	[  0.0465      22.30822222 -24.5965    ]
-0.13	 -0.35	-0.14	0.06	6_T	[ -3.37761538  22.54938462 -24.0575    ]
-0.03	 -0.01	-0.11	-0.01	6_T	[ -4.72464706  24.55923529 -22.71364706]
-0.01	 0.52	-0.25	-0.09	7_L	[  1.22553846  30.01592308 -19.48453846]
0.05	 0.79	-0.06	-0.13	7_L	[  3.114   30.7896 -19.5975]
0.13	 1.02	0.41	-0.66	7_L	[  0.63436364  30.29518182 -19.78872727]
0.13	 0.59	-0.01	-0.21	7_L	[  1.70779412  28.98582353 -18.13076471]
0.15	 0.45	0.11	-0.27	7_L	[  1.89175     31.32783333 -20.44658333]
0.19	 1.39	0.15	-0.41	7_L	[  3.52753846  30.01384615 -18.81746154]
-0.04	 0.22	-0.09	-0.03	8_I	[ -3.58478788  24.57860606 -15.03990909]
0.11	 1.04	-0.21	-0.05	8_I	[ -4.0146  22.9596 -18.9362]
0.07	 0.37	-0.08	-0.07	8_I	[ -2.51309524  21.957      -17.78195238]
-0.2	 -0.69	-0.04	0.23	8_I	[ -3.152     22.98     -15.650125]
0.01	 0.3	-0.12	-0.09	8_I	[ -1.90648387  24.74980645 -13.89690323]
0.1	 1.03	0.26	-0.66	8_I	[ -4.33725   25.75725  -15.698125]
0.06	 0.56	0.03	-0.28	8_I	[ -3.42084211  22.95055263 -20.14047368]
0.09	 0.59	-0.19	-0.1	9_N	[ -3.53630769  26.32969231 -13.18384615]
0.17	 1.05	0.05	-0.35	9_N	[  1.44516667  28.92716667 -11.56083333]
0.09	 1.04	-0.04	-0.2	9_N	[  0.4658  29.1974 -10.544 ]
0.02	 0.89	-0.09	-0.27	9_N	[  0.95588889  32.18122222 -13.24355556]
0.08	 1.56	0.04	-0.35	9_N	[  0.73177778  29.97566667 -15.31577778]
-0.02	 0.06	-0.15	-0.02	9_N	[  1.39185714  31.34342857 -11.54148571]
-0.04	 0.16	-0.14	-0.08	9_N	[  1.18385185  31.25266667 -14.27248148]
0.19	 1.36	0.38	-0.61	10_E	[ -0.6722  25.0278 -12.5177]
0.09	 1.38	0.07	-0.34	10_E	[ -1.946625  25.279875 -11.906125]
0.11	 0.54	-0.05	-0.17	10_E	[-3.0034 26.7312 -8.5934]
-0.05	 -0.47	-0.04	0.04	10_E	[ 0.088375   27.24445833 -8.20429167]
0.1	 0.26	-0.05	0.01	10_E	[ -2.11366667  24.15033333 -10.26766667]
0.01	 0.81	-0.0	-0.12	10_E	[-2.54206667 24.68553333 -8.3012    ]
-0.09	 -0.21	-0.07	0.07	10_E	[-0.08196774 23.57296774 -7.64970968]
-0.08	 -0.14	-0.04	0.1	10_E	[ 1.40422222 23.47830556 -8.04186111]
-0.33	 -0.98	0.23	0.48	10_E	[-0.82675    23.13769444 -5.89433333]
0.21	 1.65	0.2	-0.44	10_E	[  1.06482609  27.2296087  -11.05621739]
-0.09	 -0.27	-0.11	0.12	10_E	[ -3.22756522  25.88269565 -10.88152174]
-0.08	 -0.07	-0.2	0.08	10_E	[ -1.16009091  23.82695455 -10.97709091]
-0.15	 -0.1	-0.2	0.12	10_E	[-2.10964706 26.01535294 -7.24823529]
-0.3	 -0.8	0.08	0.39	10_E	[-2.7177  23.8388  -8.82715]
0.0	 -0.73	-0.1	-0.03	11_A	[-3.77   27.5    -9.0523]
0.08	 1.66	0.04	-0.34	11_A	[-3.820625 29.081875 -7.821875]
-0.0	 0.24	0.01	-0.13	11_A	[-3.8874375 31.632875  -8.2      ]
-0.18	 -0.51	0.05	0.25	11_A	[-5.69620513 30.00664103 -8.67202564]
-0.09	 -0.42	-0.11	0.14	11_A	[-0.43339286 30.79217857 -8.50460714]
0.1	 0.92	0.04	-0.22	11_A	[ -4.36642857  27.95207143 -10.24614286]
-0.18	 -0.51	-0.04	0.25	11_A	[-3.29244444 28.66448148 -7.17496296]
-0.16	 -0.54	0.1	0.26	11_A	[-1.92214815 31.45059259 -7.42955556]
-0.09	 0.04	0.12	0.04	11_A	[-0.29141667 29.20808333 -7.75445833]
0.09	 0.42	-0.14	-0.17	11_A	[ -0.27575     31.29116667 -10.069     ]
0.08	 1.42	0.04	-0.34	12_E	[-3.3814 32.4244 -8.9496]
0.06	 0.84	0.07	-0.32	12_E	[-3.8805 32.8345 -9.1505]
0.08	 0.83	-0.1	-0.08	12_E	[ -6.7765   30.70375 -10.67   ]
-0.21	 -0.71	0.09	0.27	12_E	[ -6.891625    32.10409375 -12.423125  ]
0.03	 0.5	-0.14	0.02	12_E	[ -4.68218182  33.90327273 -11.78445455]
0.1	 1.22	0.08	-0.29	12_E	[ -1.36410526  33.18805263 -10.40047368]
-0.07	 -0.09	-0.14	0.05	12_E	[ -1.69519231  34.581      -12.114     ]
-0.26	 -0.68	0.07	0.29	12_E	[ -0.97819048  34.01835714 -13.66583333]
-0.32	 -1.03	0.2	0.49	12_E	[ -1.70594595  36.0997027  -11.07778378]
-0.15	 -0.13	0.02	0.21	12_E	[-5.36395455 33.02327273 -9.60581818]
0.15	 0.2	-0.01	-0.1	12_E	[ -4.41285714  33.32035714 -13.24828571]
-0.28	 -1.03	0.13	0.45	12_E	[ -4.82105882  34.51688235 -11.13035294]
-0.11	 -0.18	-0.11	0.1	12_E	[-2.33387097 33.68558065 -9.42335484]
-0.04	 0.55	-0.05	0.04	13_G	[ -6.2918125  28.1891875 -11.898875 ]
-0.03	 -0.09	-0.27	-0.0	13_G	[ -6.19152632  27.87510526 -14.94105263]
-0.19	 -0.68	-0.01	0.27	13_G	[ -7.02926471  30.22855882 -15.0485    ]
-0.06	 0.11	0.06	0.05	13_G	[ -5.20295238  27.40838095 -12.66785714]
-0.17	 -0.6	0.06	0.28	13_G	[ -7.42295455  29.20359091 -12.27022727]
0.12	 1.27	0.27	-0.53	14_T	[ -4.48142857  27.40019048 -14.99104762]
0.17	 1.13	0.48	-0.68	14_T	[ -4.4109  26.8146 -15.7043]
0.1	 1.3	0.44	-0.66	14_T	[ -2.81325   33.151625 -15.221375]
0.01	 0.68	-0.14	-0.09	14_T	[ -5.34475  31.0682  -16.88145]
0.12	 0.29	-0.01	-0.19	14_T	[-2.48484848e-03  2.99346364e+01 -1.64538485e+01]
0.07	 -0.17	-0.07	-0.09	14_T	[ -1.20755  32.4642  -15.3961 ]
0.05	 -0.02	-0.04	-0.13	14_T	[ -4.1693913   32.47530435 -15.13547826]
0.08	 0.89	0.06	-0.24	15_K	[ -5.42766667  29.06055556 -20.50777778]
-0.05	 -0.24	-0.11	0.05	15_K	[ -5.73975     27.36879167 -21.88466667]
0.06	 0.39	-0.09	-0.14	15_K	[ -7.13454545  25.61254545 -20.10936364]
0.08	 1.76	-0.0	-0.22	15_K	[ -6.2368      25.38853333 -16.29926667]
0.09	 2.92	-0.08	-0.17	15_K	[ -5.904875  22.887625 -19.0565  ]
-0.02	 0.0	-0.02	-0.03	15_K	[ -8.11305882  24.28005882 -17.18376471]
0.01	 -2.65	-0.01	-0.12	15_K	[ -9.26        22.70977778 -18.40366667]
0.08	 0.21	0.04	-0.16	15_K	[ -5.84287097  29.38012903 -18.46512903]
-0.18	 -0.58	-0.01	0.2	15_K	[ -7.4077619   26.78785714 -19.48214286]
0.1	 -0.23	-0.07	-0.08	15_K	[ -6.02866667  25.36077778 -20.92144444]
0.03	 0.54	-0.16	-0.1	15_K	[ -5.31878571  26.21192857 -16.08057143]
-0.07	 -0.25	-0.27	0.12	15_K	[ -7.33775     26.665875   -17.05183333]
-0.09	 -0.19	-0.19	0.06	15_K	[ -6.38775  23.77255 -20.05725]
-0.07	 -0.17	-0.12	-0.02	15_K	[ -5.49838889  22.84861111 -17.81227778]
-0.21	 -0.68	0.02	0.35	15_K	[ -7.39553846  23.18584615 -16.26103846]
-0.14	 -0.39	0.05	0.28	15_K	[ -8.958    25.09855 -17.5729 ]
-0.37	 -1.02	0.33	0.62	15_K	[-10.0341   22.5915  -17.90675]
-0.27	 -0.9	0.14	0.46	15_K	[ -8.93604545  23.89322727 -19.82218182]
-0.4	 -0.99	0.28	0.57	15_K	[ -7.96405882  21.54776471 -18.61464706]
0.11	 2.32	0.1	-0.33	16_H	[ -4.695       31.20566667 -20.39393333]
0.07	 0.62	-0.03	-0.22	16_H	[ -0.71203704  32.58755556 -19.10077778]
-0.23	 -0.92	0.06	0.26	16_H	[ -4.77285   33.539975 -19.2908  ]
0.1	 0.07	0.12	-0.39	16_H	[ -2.88973333  33.6736     -18.26433333]
0.09	 0.39	-0.04	-0.1	16_H	[ -4.5839375  30.2391875 -22.3035   ]
-0.21	 -0.11	-0.05	0.15	16_H	[ -4.6548  32.309  -21.9996]
-0.01	 -0.35	-0.03	-0.06	16_H	[ -0.4803  31.2874 -18.5907]
-0.3	 0.21	0.02	0.16	16_H	[ -3.25028571  33.41342857 -16.96325   ]
-0.11	 -0.59	-0.02	0.11	17_E	[ -2.572       30.14892857 -26.85760714]
0.09	 1.42	-0.09	-0.16	17_E	[ -5.176875  28.18725  -25.736375]
0.0	 0.17	-0.32	0.15	17_E	[ -4.59769231  24.87884615 -27.2575641 ]
-0.27	 -1.24	0.25	0.41	17_E	[ -6.45234375  25.89909375 -26.39553125]
-0.18	 -0.41	-0.05	0.18	17_E	[ -4.61346154  23.27784615 -27.21528205]
0.04	 -0.59	0.06	-0.08	17_E	[ -4.39        29.52805882 -24.17958824]
-0.03	 -0.2	-0.06	-0.08	17_E	[ -5.39955556  26.92638889 -24.62933333]
0.01	 -0.04	0.04	-0.05	17_E	[ -4.239875    27.881625   -27.14729167]
0.1	 0.69	-0.05	-0.22	18_I	[ -0.48404348  30.30656522 -28.19317391]
0.17	 1.69	0.23	-0.47	18_I	[ -0.10569231  31.40876923 -26.27569231]
0.09	 0.57	-0.2	-0.04	19_E	[  4.2623  29.7477 -31.4852]
-0.01	 0.34	-0.05	-0.16	19_E	[  2.57017647  28.58411765 -32.82082353]
-0.05	 0.0	0.01	-0.1	19_E	[ -0.65616667  28.13861111 -32.44922222]
-0.17	 -0.42	-0.19	0.13	19_E	[ -1.55025     26.02333333 -31.82491667]
0.07	 0.39	-0.03	-0.14	19_E	[  0.249      24.9135625 -31.945625 ]
-0.11	 -0.26	-0.13	0.09	19_E	[ -2.42689744  26.88423077 -29.75792308]
-0.07	 0.04	-0.0	0.08	19_E	[  1.73148  30.03152 -31.77772]
0.02	 0.29	-0.15	-0.1	19_E	[  1.73525926  26.83818519 -33.20685185]
-0.08	 -0.35	0.05	0.13	19_E	[ -0.78365217  29.47034783 -30.81191304]
-0.32	 -0.95	0.22	0.5	19_E	[ -0.51595  27.7525  -33.27615]
0.11	 0.84	-0.11	-0.19	21_P	[  9.89083333  28.35966667 -35.01616667]
-0.11	 -0.31	-0.02	0.07	21_P	[  8.04466667  29.8398     -34.16366667]
0.14	 0.89	0.08	-0.28	21_P	[  7.049      29.7786875 -31.532125 ]
0.02	 0.4	-0.06	-0.03	21_P	[  8.77942857  27.10614286 -35.87961905]
-0.08	 -0.25	-0.01	0.12	21_P	[  9.406125    29.733375   -33.77254167]
-0.13	 -0.62	0.04	0.2	21_P	[  6.8134   28.9027  -35.02665]
0.0	 0.27	-0.07	-0.07	21_P	[  5.33067742  29.05932258 -32.48174194]
0.14	 1.73	-0.05	-0.27	22_D	[ 13.0904  23.3468 -34.0278]
0.01	 0.03	-0.05	-0.03	22_D	[ 12.69004  22.25824 -32.23   ]
0.08	 0.67	-0.06	-0.13	22_D	[ 10.53771429  21.05847619 -33.61180952]
0.07	 1.0	0.02	-0.23	22_D	[ 11.27768182  23.29986364 -36.42890909]
0.04	 -0.46	-0.02	-0.05	22_D	[  9.87505  24.97695 -36.6433 ]
-0.2	 -0.48	-0.01	0.23	22_D	[ 10.8455      22.03005882 -37.45476471]
-0.14	 -0.47	0.08	0.16	22_D	[ 12.17292  21.81752 -34.39204]
0.03	 1.42	-0.14	-0.14	22_D	[  9.7524  20.4886 -34.3318]
-0.08	 -0.36	0.08	0.07	23_D	[ 13.43438462  28.55619231 -33.06519231]
-0.01	 0.13	-0.03	-0.12	23_D	[ 15.455    25.87035 -33.95865]
-0.28	 -1.13	-0.04	0.24	23_D	[ 13.86745455  27.05763636 -36.47309091]
-0.11	 -0.44	-0.02	0.15	23_D	[ 11.693       27.81276667 -35.5885    ]
-0.19	 -0.8	-0.03	0.28	23_D	[ 13.3221    25.018625 -36.979025]
0.14	 1.36	0.13	-0.39	23_D	[ 14.47218182  23.92118182 -32.38509091]
-0.1	 -0.14	0.04	0.07	23_D	[ 14.95877273  27.42018182 -33.96536364]
-0.12	 -0.27	0.04	0.17	23_D	[ 14.8393871   24.52164516 -34.25129032]
0.12	 1.05	0.07	-0.29	24_E	[ 12.9955      29.65216667 -31.21816667]
0.07	 1.16	-0.05	-0.2	24_E	[ 12.34933333  30.88633333 -30.807     ]
-0.13	 -1.04	-0.05	0.13	24_E	[ 11.1385  32.1589 -30.9968]
-0.02	 -0.1	-0.02	-0.03	24_E	[  9.08471429  31.19148571 -31.58305714]
0.09	 0.89	-0.02	-0.2	24_E	[ 11.15493333  33.21166667 -29.4464    ]
0.11	 0.27	-0.02	-0.14	24_E	[ 14.45918182  28.50613636 -29.95872727]
0.03	 0.13	-0.16	-0.02	24_E	[ 11.9336   29.8214  -32.13945]
-0.01	 0.26	0.08	-0.12	24_E	[ 12.92666667  30.912625   -29.32845833]
0.06	 0.47	-0.1	-0.15	25_Y	[ 15.7115     30.112     -26.6596875]
-0.04	 0.25	-0.09	-0.02	25_Y	[ 17.49537209  29.4044186  -26.27237209]
0.15	 1.48	-0.17	-0.11	25_Y	[ 17.8764  28.2892 -28.4352]
-0.14	 -0.6	0.05	0.17	25_Y	[ 19.60537931  27.72741379 -27.04203448]
0.15	 0.58	-0.06	-0.24	25_Y	[ 14.28238462  29.09453846 -28.25438462]
0.03	 0.39	-0.13	-0.05	25_Y	[ 15.42446154  30.91592308 -25.03142308]
0.17	 1.22	0.36	-0.59	25_Y	[ 15.37693333  24.55886667 -26.521     ]
-0.27	 -0.74	0.21	0.5	25_Y	[ 18.25904545  30.17859091 -26.33322727]
0.07	 0.51	-0.15	-0.14	25_Y	[ 17.5867      24.8331     -26.55836667]
-0.13	 -0.01	-0.25	0.17	25_Y	[ 19.62273529  25.99664706 -27.57741176]
0.23	 1.61	0.35	-0.59	27_L	[ 14.56333333  31.55511111 -22.70111111]
0.11	 1.34	-0.03	-0.18	28_D	[ 12.534125  32.8225   -28.221625]
-0.06	 0.06	-0.09	-0.01	28_D	[ 14.32173333  32.07793333 -27.04653333]
-0.19	 -0.43	-0.09	0.2	28_D	[ 14.63728  33.78008 -25.72344]
0.15	 1.34	0.21	-0.47	28_D	[ 13.894625  30.75175  -27.251125]
0.19	 1.43	0.18	-0.43	28_D	[ 10.60095652  34.92626087 -25.53291304]
-0.05	 -0.03	-0.08	0.04	28_D	[ 12.168375    34.37225    -27.22183333]
0.12	 1.26	0.25	-0.48	29_A	[  7.3422  30.3738 -29.7173]
0.16	 0.71	0.01	-0.23	29_A	[  7.33378261  32.34421739 -29.24886957]
0.19	 1.47	0.21	-0.48	29_A	[  6.47247059  30.35882353 -29.68364706]
0.08	 0.31	-0.05	-0.11	31_E	[  5.3333125   38.0533125  -23.29990625]
-0.04	 -0.47	-0.39	0.11	31_E	[  8.37783333  37.62816667 -21.475     ]
0.03	 -0.01	-0.14	-0.09	31_E	[ 10.39918182  36.25990909 -23.96827273]
-0.1	 -0.36	0.0	0.12	31_E	[ 11.13092308  37.57589744 -22.04074359]
-0.02	 -0.0	-0.07	0.01	31_E	[  8.53318182  37.58968182 -23.33163636]
0.17	 1.19	0.15	-0.36	31_E	[  8.4638      37.01733333 -20.50786667]
0.15	 1.36	0.18	-0.36	32_E	[  8.1922  37.7676 -25.3802]
0.13	 1.17	-0.16	-0.1	32_E	[  4.8594  38.407  -26.3244]
-0.16	 -0.43	0.05	0.21	32_E	[  4.71313889  38.01525    -28.38786111]
-0.1	 -0.4	-0.12	0.02	32_E	[  9.086875  38.19775  -27.5455  ]
0.07	 0.98	0.09	-0.35	32_E	[  6.81985714  35.0167619  -29.35704762]
-0.21	 -0.9	-0.03	0.23	32_E	[  9.349       36.57081818 -30.32081818]
-0.17	 -0.51	0.05	0.22	32_E	[ 10.82302778  36.24227778 -28.72616667]
-0.18	 -0.46	-0.02	0.2	32_E	[  8.92006452  34.45254839 -30.69296774]
-0.1	 -0.21	-0.02	0.09	32_E	[  6.85273077  38.55846154 -25.72230769]
-0.17	 -0.55	0.09	0.28	32_E	[  7.83528571  38.44442857 -28.63      ]
0.01	 -0.08	0.04	-0.13	32_E	[  9.43160714  36.99035714 -26.31932143]
-0.24	 -0.88	-0.1	0.28	32_E	[  6.550125   36.088     -29.8569375]
0.1	 1.37	0.39	-0.69	33_Q	[  1.98785714  35.42571429 -28.23885714]
-0.01	 0.21	0.0	-0.03	33_Q	[  1.95383333  37.63308333 -27.10516667]
-0.12	 -0.11	-0.12	0.15	33_Q	[  0.39645238  35.43011905 -26.58171429]
0.05	 0.72	0.08	-0.31	33_Q	[  3.9058  33.712  -29.576 ]
-0.09	 -0.28	-0.06	0.08	33_Q	[  2.4755    32.416625 -30.50325 ]
-0.09	 -0.4	-0.02	0.11	33_Q	[  0.90154  32.7555  -28.89574]
-0.0	 -0.88	-0.1	0.06	33_Q	[  3.44818182  31.37218182 -30.77890909]
-0.11	 -0.24	-0.09	0.07	33_Q	[  2.70863158  35.86284211 -28.79289474]
0.19	 1.42	0.22	-0.49	33_Q	[  0.94485714  33.52321429 -26.63707143]
-0.15	 -0.02	0.02	0.11	33_Q	[  3.962       34.71595238 -29.67033333]
0.16	 1.67	0.2	-0.45	33_Q	[  5.72026667  33.23393333 -29.004     ]
0.03	 -0.37	-0.16	-0.01	33_Q	[  5.00995238  31.10761905 -30.19757143]
0.07	 0.74	-0.23	-0.0	34_G	[  3.11428571  38.35885714 -26.21428571]
-0.02	 -0.09	0.01	-0.11	34_G	[  1.751    38.76445 -24.6894 ]
0.02	 0.59	-0.22	-0.03	34_G	[  2.94236842  38.42515789 -22.19757895]
-0.14	 -0.29	0.04	0.08	34_G	[  0.20764103  37.59594872 -22.13623077]
0.07	 -0.13	-0.06	-0.17	34_G	[  4.02133333  38.39808333 -25.41866667]
-0.31	 -0.82	0.18	0.46	34_G	[  2.21104348  39.42617391 -24.28821739]
-0.13	 -0.65	0.06	0.2	34_G	[  0.15033333  37.56033333 -25.095     ]
0.24	 1.34	0.31	-0.56	35_Y	[  4.046625  37.797375 -22.43275 ]
0.11	 1.37	0.23	-0.47	35_Y	[  2.21428571  35.49428571 -19.79828571]
0.19	 1.54	0.24	-0.5	35_Y	[  0.70576923  32.79876923 -20.63876923]
0.06	 0.66	-0.12	-0.21	35_Y	[  0.1358      34.63353333 -20.20833333]
-0.07	 -0.19	-0.19	0.09	35_Y	[ -1.74538889  35.88655556 -21.94872222]
0.01	 -0.79	-0.19	-0.05	35_Y	[ -1.152625  33.987625 -24.834875]
0.04	 0.09	-0.0	-0.1	35_Y	[ -1.35494444  35.147      -23.71122222]
-0.17	 -1.44	0.0	0.21	35_Y	[ -3.72947059  34.08823529 -23.03429412]
0.07	 0.34	-0.23	-0.04	35_Y	[  1.512       36.58616667 -20.10425   ]
0.04	 0.35	-0.05	-0.09	35_Y	[  2.7153   33.82355 -19.7889 ]
-0.17	 -0.82	-0.13	0.32	35_Y	[ -0.24028571  35.245      -19.68404762]
-0.06	 -0.16	0.0	0.07	35_Y	[ -2.61305  35.2115  -20.72055]
0.09	 0.4	-0.01	-0.16	35_Y	[ -0.78704348  32.654      -25.36365217]
-0.15	 -0.38	-0.04	0.16	35_Y	[ -3.28575     32.34458333 -24.36495833]
0.14	 1.28	0.08	-0.34	36_D	[  3.39209091  35.74645455 -18.99645455]
0.07	 0.93	0.12	-0.36	36_D	[  6.752       36.67222222 -16.76188889]
-0.09	 -0.12	-0.14	0.11	36_D	[  4.96781633  35.0124898  -16.71338776]
-0.02	 0.11	-0.04	-0.03	36_D	[  5.62035714  38.69678571 -16.78957143]
-0.1	 -0.1	-0.11	0.09	36_D	[  4.91688235  40.18341176 -19.29935294]
-0.17	 -0.65	-0.11	0.33	36_D	[  5.97497872  39.66780851 -20.77448936]
-0.31	 -1.18	0.15	0.49	36_D	[  3.49889189  40.35659459 -18.67308108]
-0.04	 0.33	-0.07	-0.06	36_D	[  2.82116667  37.31845833 -19.25258333]
0.21	 1.29	0.05	-0.32	36_D	[  7.5006      37.56193333 -19.49026667]
-0.14	 -0.87	-0.04	0.23	36_D	[  4.37334783  38.22421739 -16.89213043]
-0.21	 -0.37	0.02	0.25	36_D	[  7.12792  38.36044 -17.5592 ]
0.07	 -0.5	-0.08	-0.05	37_L	[  7.68627273  35.38790909 -15.892     ]
-0.03	 -0.2	-0.05	-0.09	37_L	[  8.86       36.3186875 -16.77725  ]
-0.0	 -1.02	-0.09	-0.07	37_L	[  4.3722      31.62353333 -17.92046667]
0.17	 0.43	0.09	-0.33	37_L	[  5.0668125  32.628375  -16.270375 ]
0.19	 1.05	0.11	-0.33	37_L	[  4.25931579  32.59342105 -18.96378947]
0.12	 1.62	0.04	-0.3	38_P	[  7.577625  34.17025  -14.575   ]
0.07	 0.76	0.08	-0.31	38_P	[  8.24890909  34.45572727 -14.18372727]
0.02	 -0.45	-0.1	-0.05	38_P	[  9.86635714  33.09907143 -12.38335714]
-0.11	 -0.23	-0.01	0.07	38_P	[  9.75305882  35.13752941 -14.44394118]
0.09	 0.74	0.01	-0.19	38_P	[  9.8624  31.4434 -12.1872]
-0.15	 -0.47	-0.06	0.22	38_P	[  8.3045      33.61527778 -12.18494444]
0.17	 1.35	0.17	-0.43	38_P	[  6.60455556  34.02744444 -15.07366667]
-0.09	 -0.27	0.02	-0.01	39_F	[ 13.63664706  35.67779412 -14.41497059]
0.07	 1.33	0.16	-0.45	39_F	[ 11.77664706  35.81641176 -16.218     ]
0.02	 0.66	0.02	-0.14	39_F	[ 14.77121429  37.12867857 -17.846     ]
-0.01	 -0.11	0.01	0.12	39_F	[ 11.72663158  36.87689474 -16.95594737]
-0.05	 -0.04	-0.05	0.08	39_F	[ 13.255       37.80357692 -18.12853846]
0.02	 0.28	-0.1	-0.08	39_F	[ 11.83253125  34.858125   -14.26046875]
-0.33	 -0.21	0.03	0.43	39_F	[ 15.58452174  37.49995652 -18.76347826]
0.0	 -0.36	-0.12	-0.03	39_F	[  9.84734783  37.066      -18.75908696]
-0.23	 -0.42	0.14	0.28	39_F	[ 12.64786364  38.48472727 -19.42722727]
0.1	 1.84	0.11	-0.43	40_S	[ 17.92633333  35.481      -13.977     ]
-0.05	 -0.73	-0.05	0.08	40_S	[ 18.97825  35.19325 -14.6935 ]
-0.1	 -0.13	-0.04	0.11	40_S	[ 18.08109302  35.87434884 -16.90302326]
0.08	 0.79	0.04	-0.24	40_S	[ 18.08385714  33.9875     -12.5855    ]
-0.16	 -0.46	0.03	0.24	40_S	[ 16.6065      35.02372727 -11.95904545]
-0.06	 -0.42	0.01	0.08	40_S	[ 16.30930435  35.99347826 -14.70891304]
-0.04	 -0.11	-0.04	0.08	40_S	[ 19.11047619  33.33161905 -13.10080952]
-0.11	 -0.2	-0.01	0.21	40_S	[ 16.094       33.75005882 -10.84282353]
0.07	 1.89	0.08	-0.32	41_C	[ 20.21975   33.870375 -14.848625]
0.12	 0.89	0.29	-0.61	41_C	[ 19.516375  34.5405   -18.366   ]
-0.09	 -0.07	0.03	0.07	41_C	[ 21.01080769  33.61980769 -19.11453846]
-0.01	 0.62	-0.01	-0.13	41_C	[ 22.19661111  31.36366667 -15.002     ]
-0.13	 -0.53	-0.01	0.2	41_C	[ 20.78657143  34.52052381 -16.3342381 ]
-0.05	 -0.28	-0.01	0.18	41_C	[ 22.55104762  32.17809524 -16.55895238]
-0.03	 -0.3	0.06	-0.08	41_C	[ 21.12692308  31.87334615 -14.05784615]
-0.09	 -0.21	0.05	0.11	42_R	[ 19.38489362  31.28531915 -22.19853191]
0.09	 0.67	-0.09	-0.17	42_R	[ 18.87225   33.864125 -21.50125 ]
0.03	 0.08	-0.07	-0.08	42_R	[ 16.41465217  36.22247826 -20.66395652]
-0.08	 0.28	-0.12	0.13	42_R	[ 16.047   35.4544 -22.9672]
-0.08	 -0.21	0.02	0.03	42_R	[ 14.45130769  35.94561538 -23.185     ]
-0.01	 -0.39	-0.04	-0.04	42_R	[ 13.58546667  37.00386667 -21.66906667]
-0.03	 -0.79	0.04	-0.04	42_R	[ 13.60676923  35.35969231 -24.25207692]
-0.03	 -0.13	-0.04	-0.03	42_R	[ 18.7684   34.69625 -19.92165]
0.01	 -0.38	-0.03	-0.09	42_R	[ 17.54461905  32.61142857 -22.10004762]
0.03	 0.37	-0.06	-0.2	42_R	[ 15.44088889  36.76544444 -20.66622222]
-0.19	 -1.19	0.17	0.33	42_R	[ 17.50444444  35.64438889 -21.623     ]
-0.03	 0.01	-0.04	-0.02	42_R	[ 15.78734483  33.42762069 -23.38237931]
0.07	 0.89	0.01	-0.25	42_R	[ 14.204       37.05483333 -20.7645    ]
0.06	 1.03	-0.15	-0.0	42_R	[ 14.9275   34.56075 -24.44075]
0.13	 0.29	-0.04	-0.16	42_R	[ 12.235       35.3525     -24.25385714]
0.0	 0.79	0.04	-0.29	43_A	[ 22.05        28.63433333 -21.28033333]
0.14	 1.18	0.03	-0.27	43_A	[ 21.39883333  27.08416667 -21.14825   ]
-0.09	 0.15	0.0	0.07	43_A	[ 22.4174375   26.33534375 -19.59578125]
-0.06	 0.02	0.04	-0.01	43_A	[ 23.14356667  30.71933333 -19.68563333]
-0.04	 0.05	-0.1	0.04	43_A	[ 20.76209524  29.04533333 -22.0272381 ]
-0.16	 -0.5	0.15	0.23	43_A	[ 23.51076923  29.16192308 -20.52703846]
-0.2	 -0.97	-0.04	0.32	43_A	[ 22.38805882  31.785      -20.65558824]
0.03	 0.1	-0.15	-0.02	43_A	[ 23.27472727  30.53027273 -17.95690909]
0.17	 0.66	0.07	-0.33	44_G	[ 22.53852941  24.92511765 -17.35188235]
0.1	 1.2	0.31	-0.5	45_A	[ 23.2765    26.519375 -14.5075  ]
-0.1	 -0.17	0.01	0.06	45_A	[ 22.69874286  28.05917143 -12.9546    ]
-0.1	 -0.04	-0.05	0.08	45_A	[ 23.87566667  28.86459259 -16.10496296]
-0.03	 0.53	-0.18	-0.09	45_A	[ 23.35094118  25.83935294 -15.07647059]
-0.28	 -0.77	0.12	0.42	45_A	[ 24.37515789  28.14894737 -14.89836842]
-0.07	 -0.36	0.05	0.09	45_A	[ 23.95184211  27.53863158 -17.46936842]
0.09	 0.33	-0.12	-0.2	45_A	[ 23.1483  30.134  -16.0403]
-0.03	 -0.01	-0.07	-0.02	46_C	[ 20.08178947  30.46584211 -12.07078947]
0.13	 0.87	-0.12	-0.17	46_C	[ 18.44227273  31.44563636 -12.06354545]
0.12	 1.2	0.11	-0.35	46_C	[ 20.33831818  27.17927273 -11.06727273]
-0.11	 -0.51	0.01	0.17	46_C	[ 19.14452  29.54496 -10.8374 ]
-0.08	 -0.11	-0.12	0.1	46_C	[ 21.26928571  30.09964286 -12.67764286]
0.06	 0.47	-0.0	-0.19	47_S	[17.6569375  27.5175     -8.88184375]
0.23	 1.49	0.19	-0.42	47_S	[ 16.86028571  29.12128571 -10.44014286]
0.22	 1.5	0.33	-0.57	47_S	[16.9502     24.12846667 -9.60826667]
0.2	 1.19	0.03	-0.3	48_T	[ 10.61255556  29.83744444 -11.7655    ]
0.01	 -0.24	-0.09	-0.08	48_T	[ 16.457875    31.33883333 -10.73741667]
-0.07	 -0.81	0.03	0.04	48_T	[ 13.1047  33.4268 -11.2045]
-0.07	 -0.43	-0.09	0.18	48_T	[ 14.028125  34.346125 -11.67575 ]
0.1	 0.69	-0.08	-0.15	48_T	[ 11.95970588  32.56394118 -11.76376471]
-0.17	 -0.61	-0.04	0.17	48_T	[13.981      32.34736842 -9.88663158]
0.07	 1.25	0.0	-0.33	52_K	[  4.00681818  18.10836364 -12.41427273]
-0.04	 0.24	-0.01	-0.08	52_K	[  5.68153333  17.2736     -10.17366667]
-0.02	 1.1	-0.05	-0.17	52_K	[  5.668       14.823      -11.82333333]
-0.0	 0.39	-0.14	-0.08	52_K	[  4.547       19.51702439 -11.1187561 ]
0.15	 1.27	-0.02	-0.28	52_K	[  4.05045455  17.79       -13.259     ]
-0.04	 -0.01	-0.05	0.03	52_K	[ 6.90095652 16.92995652 -9.68334783]
-0.19	 -1.3	0.06	0.35	52_K	[  4.66015789  16.68189474 -11.47826316]
-0.14	 -0.33	0.04	0.1	52_K	[  6.62535  14.3879  -11.18105]
-0.05	 0.07	-0.06	-0.02	52_K	[  5.70011111  15.3145     -13.41788889]
0.03	 0.23	-0.05	-0.09	53_L	[  4.13065625  16.52665625 -15.1365    ]
0.02	 1.53	0.03	-0.14	53_L	[  5.40254545  14.98572727 -19.87390909]
0.08	 -0.06	0.0	-0.18	53_L	[  5.65259091  15.75281818 -17.55545455]
0.08	 0.23	-0.04	-0.16	53_L	[  8.86392308  16.88769231 -19.93576923]
-0.12	 0.01	-0.01	0.03	53_L	[  7.13372414  15.15475862 -20.07731034]
0.1	 0.97	0.03	-0.22	53_L	[  4.57725    15.184375  -19.6111875]
-0.13	 -0.32	0.05	0.18	54_V	[  1.883575  14.556975 -17.943625]
-0.05	 -0.13	0.1	-0.05	54_V	[ -1.4561      17.05013333 -17.51113333]
0.01	 -0.1	-0.13	-0.01	54_V	[ -0.4195      19.05466667 -14.8425    ]
0.04	 0.36	-0.05	-0.05	54_V	[  1.734625   16.3635    -15.7781875]
-0.18	 -0.65	0.12	0.2	54_V	[ -1.92294444  18.54577778 -17.18261111]
0.05	 0.47	-0.1	-0.1	54_V	[ -1.01141667  15.93333333 -18.50366667]
-0.24	 -0.64	0.23	0.34	54_V	[ -0.71381818  16.52818182 -15.9335    ]
-0.01	 0.29	0.04	-0.07	54_V	[ -0.86353846  20.34069231 -16.05023077]
-0.07	 0.18	-0.19	0.1	54_V	[  0.43106667  18.11266667 -14.42566667]
0.11	 0.52	-0.1	-0.16	55_S	[  0.96853846  16.06492308 -23.31730769]
0.2	 1.34	0.04	-0.33	55_S	[  0.64941667  17.55016667 -23.25683333]
-0.07	 -0.01	0.02	-0.06	55_S	[ -0.40906667  14.55986667 -21.81      ]
0.03	 0.75	0.08	-0.24	55_S	[ -1.17211111  17.09844444 -21.57761111]
0.0	 0.35	0.06	-0.19	55_S	[  2.0447619   14.14547619 -20.23042857]
-0.22	 -0.83	0.07	0.42	55_S	[ -0.05340909  14.29277273 -22.509     ]
-0.16	 -0.53	0.03	0.25	55_S	[ -0.83304348  14.51517391 -19.8726087 ]
-0.21	 -0.53	-0.03	0.28	55_S	[ -2.04845946  16.74789189 -21.5127027 ]
-0.0	 -0.37	-0.23	0.02	56_G	[  1.95183333  14.7765     -23.29733333]
-0.01	 0.68	-0.16	-0.04	56_G	[  3.583  14.431 -24.11 ]
0.05	 1.92	0.02	-0.22	56_G	[  4.44442857  14.16       -23.82185714]
-0.05	 -0.52	-0.13	0.04	56_G	[  5.3193   14.0004  -22.31095]
-0.08	 -0.33	0.05	0.08	56_G	[  3.26696  14.13476 -21.92748]
-0.01	 0.24	0.15	-0.19	56_G	[  2.92989474  15.05942105 -24.75978947]
0.16	 1.1	0.11	-0.3	57_T	[  8.26125  13.86275 -26.80925]
0.03	 0.79	-0.05	-0.07	57_T	[  5.44135714  13.6285     -25.15464286]
-0.07	 -0.2	0.06	0.01	57_T	[  8.45529412  13.10270588 -23.83011765]
0.14	 1.18	0.1	-0.32	57_T	[  8.32615385  15.77507692 -22.36169231]
0.09	 1.27	0.2	-0.5	57_T	[  8.765       14.12992308 -26.92938462]
-0.15	 -0.36	0.02	0.21	57_T	[  6.2222963   13.15803704 -26.69274074]
-0.23	 -1.01	0.08	0.42	57_T	[  8.52843478  12.31234783 -25.56008696]
-0.11	 -0.69	-0.01	0.2	57_T	[  9.88985714  14.05838095 -23.79161905]
-0.15	 -0.6	-0.09	0.25	57_T	[  7.16532  13.16936 -23.11532]
-0.02	 -0.03	-0.03	-0.01	58_V	[ 12.08516129  15.78429032 -24.34958065]
0.09	 1.1	0.06	-0.34	58_V	[ 12.18590909  17.47590909 -22.436     ]
0.12	 0.73	-0.01	-0.2	58_V	[  9.86083333  16.35527778 -22.78377778]
0.06	 0.45	0.04	-0.2	58_V	[ 11.00261905  17.72557143 -21.51338095]
0.24	 0.33	0.09	-0.3	59_D	[ 16.2053125  20.78825   -25.21375  ]
0.08	 0.59	-0.02	-0.22	59_D	[ 14.01421429  18.6845     -28.83828571]
-0.22	 -0.54	-0.03	0.21	59_D	[ 16.2318  17.938  -28.8597]
-0.05	 -0.03	0.02	0.05	59_D	[ 16.80532  16.52652 -26.94984]
-0.03	 0.07	-0.02	-0.06	59_D	[ 16.63027273  20.01890909 -28.04945455]
0.0	 -0.61	-0.1	-0.03	59_D	[ 14.20725     16.01183333 -25.73316667]
-0.06	 -0.0	-0.18	0.02	59_D	[ 14.255125   16.66475   -28.2823125]
0.1	 0.79	0.01	-0.25	60_Q	[ 18.03792308  16.60130769 -24.48330769]
-0.05	 0.15	0.01	-0.02	60_Q	[ 19.19531373  17.01003922 -21.95107843]
0.2	 1.54	0.32	-0.57	60_Q	[ 17.59769231  17.25607692 -20.05361538]
0.08	 0.64	-0.1	-0.19	60_Q	[ 13.80161538  16.96330769 -22.32069231]
0.07	 0.43	0.03	-0.11	60_Q	[ 15.60133333  16.35979167 -23.96483333]
-0.14	 -0.23	-0.21	0.19	60_Q	[ 16.52044444  16.13433333 -20.99544444]
-0.05	 -0.16	-0.05	0.03	60_Q	[ 13.97864  16.6914  -20.82252]
0.15	 0.37	0.02	-0.23	60_Q	[ 12.53136364  17.78381818 -19.55104545]
0.05	 1.32	0.14	-0.46	61_S	[ 21.8285      17.453      -24.96516667]
0.01	 0.59	0.05	-0.27	61_S	[ 21.47857143  19.09314286 -24.51014286]
-0.15	 -0.54	0.04	0.18	61_S	[ 22.73918421  19.61286842 -25.49028947]
-0.03	 0.38	0.05	-0.11	61_S	[ 20.8078      17.84036667 -26.89683333]
-0.09	 -0.01	-0.09	0.06	61_S	[ 18.86024  18.52848 -27.79592]
0.18	 0.97	0.05	-0.32	61_S	[ 18.22321429  20.33439286 -24.6815    ]
-0.2	 -0.23	-0.09	0.29	61_S	[ 20.79947059  16.75223529 -23.80288235]
-0.26	 -1.0	-0.0	0.4	61_S	[ 21.63173684  18.071      -27.22494737]
-0.19	 -0.76	0.08	0.37	61_S	[ 19.96642857  15.99810714 -26.06478571]
0.04	 0.67	-0.06	-0.21	61_S	[ 18.42546667  16.61373333 -26.50046667]
0.03	 0.16	-0.17	-0.01	62_D	[ 22.8878  22.8361 -22.1794]
0.11	 0.36	-0.05	-0.21	62_D	[ 21.81278947  24.06763158 -21.34121053]
0.08	 -0.1	-0.11	-0.12	62_D	[ 19.66126667  22.68013333 -25.57506667]
0.07	 0.72	-0.08	-0.14	62_D	[ 22.08607407  23.98192593 -25.48481481]
-0.29	 -0.77	-0.25	0.47	62_D	[ 22.6287381   23.27407143 -26.69511905]
-0.12	 -0.25	0.02	0.22	62_D	[ 21.9882439   25.27636585 -24.1602439 ]
-0.06	 0.27	0.04	0.01	62_D	[ 23.30345  21.2764  -23.94705]
-0.13	 -0.23	-0.15	0.2	62_D	[ 20.13712  21.38788 -26.26496]
0.13	 0.78	0.12	-0.36	62_D	[ 18.94096429  22.69253571 -24.31467857]
0.06	 0.21	-0.18	-0.05	63_Q	[ 23.40283333  21.78133333 -21.361     ]
-0.06	 0.13	-0.03	-0.02	63_Q	[ 23.76115385  22.75161538 -18.82892308]
-0.0	 0.22	-0.03	-0.11	63_Q	[ 22.75125     19.96036111 -21.59144444]
0.26	 1.47	0.32	-0.56	63_Q	[ 21.77457143  23.86485714 -19.69771429]
0.21	 1.45	0.2	-0.47	63_Q	[ 20.71        19.04354545 -20.98272727]
0.09	 0.99	-0.17	-0.18	64_S	[ 23.12071429  19.09771429 -19.825     ]
0.08	 0.82	0.16	-0.47	64_S	[ 23.8002  18.4452 -19.0012]
0.05	 0.44	-0.04	-0.15	64_S	[ 24.49390909  21.65390909 -15.788     ]
-0.19	 -0.84	0.01	0.27	64_S	[ 24.52833333  19.56522222 -14.66013889]
-0.04	 0.04	-0.03	-0.02	64_S	[ 26.10447368  20.40378947 -17.73978947]
-0.11	 0.05	0.01	0.04	64_S	[ 24.9885      19.523      -20.18359375]
-0.01	 0.04	0.06	-0.29	64_S	[ 22.60761538  18.68161538 -19.32915385]
-0.09	 -0.25	-0.03	0.09	64_S	[ 23.54025   17.908    -17.330375]
-0.12	 -0.36	-0.01	0.22	64_S	[ 25.47352941  21.77005882 -18.15011765]
-0.25	 -0.73	0.07	0.28	64_S	[ 26.2481   19.37035 -17.095  ]
-0.29	 -0.85	0.21	0.48	64_S	[ 26.16937931  18.40462069 -19.50486207]
0.11	 1.29	0.12	-0.4	65_F	[ 23.853  22.422 -16.163]
0.1	 1.39	0.19	-0.45	65_F	[ 23.95022222  22.051      -14.54533333]
0.14	 1.51	0.03	-0.28	65_F	[ 20.57533333  20.85994444 -12.79933333]
0.09	 1.61	0.16	-0.47	65_F	[ 21.3848  21.9774 -12.4186]
0.03	 0.14	0.0	-0.17	65_F	[ 23.05007692  23.98146154 -12.574     ]
0.16	 1.1	0.38	-0.16	65_F	[ 20.147   22.093  -12.0797]
-0.07	 -0.17	-0.04	0.02	65_F	[ 22.5641875   24.29896875 -10.78503125]
-0.63	 0.28	-0.17	-0.08	65_F	[ 18.96686957  23.03004348 -10.80821739]
-0.06	 -0.14	-0.18	0.14	65_F	[20.73273077 24.06234615 -9.90765385]
-0.04	 -0.05	-0.13	-0.01	65_F	[ 23.35846667  21.31933333 -13.31426667]
-0.01	 0.1	-0.09	-0.0	65_F	[ 23.57408696  23.79013043 -15.36582609]
-0.64	 -0.46	0.11	0.33	65_F	[ 24.1065      23.70734615 -12.81776923]
-0.35	 -0.75	0.32	0.7	65_F	[23.15794444 24.77322222 -9.94972222]
0.11	 1.38	0.02	-0.37	65_F	[ 18.23907692  23.95746154 -10.299     ]
-0.06	 0.14	-0.23	-0.04	65_F	[20.46917391 25.13134783 -9.18134783]
0.1	 1.53	0.02	-0.29	66_L	[ 20.36527273  19.45536364 -12.65909091]
0.09	 0.96	-0.09	-0.12	66_L	[ 21.43455556  17.36444444 -12.66944444]
-0.14	 -0.44	-0.04	0.15	66_L	[ 21.80382353  15.98073529 -14.65591176]
0.11	 0.84	0.03	-0.14	66_L	[ 20.075       17.14166667 -18.02266667]
0.1	 1.48	0.02	-0.26	66_L	[ 19.5986  17.7442 -19.4552]
-0.08	 -0.01	-0.05	0.1	66_L	[ 22.254       18.87285714 -13.246     ]
-0.01	 -0.4	-0.07	0.03	66_L	[ 21.229625   16.5725625 -16.6378125]
0.11	 1.35	0.06	-0.27	66_L	[ 18.9875      17.01568182 -18.42345455]
-0.01	 0.07	-0.07	-0.02	66_L	[ 20.90780952  17.913      -19.11366667]
0.06	 0.58	-0.12	-0.17	67_D	[ 20.3177  17.9277 -12.0242]
0.07	 1.42	-0.03	-0.16	67_D	[ 20.8005      16.72716667 -11.56316667]
0.09	 1.1	0.38	-0.72	67_D	[ 20.428       16.93       -10.77533333]
0.02	 0.29	-0.09	-0.09	67_D	[19.46682353 14.78302941 -9.28488235]
-0.05	 -0.29	-0.19	0.06	67_D	[18.939      13.80733333 -8.45233333]
-0.25	 -0.77	0.22	0.36	67_D	[21.21535  15.59715  -9.362825]
0.13	 1.09	0.32	-0.59	67_D	[ 19.62172727  18.47863636 -11.95472727]
-0.05	 -0.18	-0.18	0.03	67_D	[ 21.411375  15.613875 -12.03375 ]
-0.01	 0.02	-0.06	0.18	67_D	[ 19.4555     17.7946875 -10.069875 ]
0.14	 1.7	0.27	-0.52	68_D	[ 20.014     13.927    -14.594125]
0.04	 0.47	-0.06	-0.23	68_D	[ 19.51233333  13.30266667 -15.16477778]
0.21	 1.54	0.14	-0.39	68_D	[ 16.14011111  11.39622222 -15.0135    ]
-0.01	 0.46	0.03	-0.14	68_D	[ 20.66615789  11.03363158 -14.21357895]
-0.06	 0.01	-0.03	0.02	68_D	[ 18.92633333   9.45125926 -14.51562963]
-0.1	 -0.2	-0.08	0.07	68_D	[ 17.30184211   8.90826316 -13.67631579]
-0.26	 -1.07	0.14	0.49	68_D	[ 19.3737619    9.6675     -16.29504762]
0.02	 0.39	0.02	-0.11	68_D	[ 20.61062963  13.29066667 -12.15855556]
0.07	 0.51	-0.16	-0.07	68_D	[ 18.19705882  12.32635294 -15.58435294]
-0.16	 -0.53	-0.02	0.2	68_D	[ 20.83643333  11.94153333 -14.75353333]
-0.14	 -0.14	-0.09	0.18	68_D	[ 20.313125   10.8083125 -12.230625 ]
0.08	 0.51	-0.08	-0.08	69_D	[14.637625 13.55125  -9.476625]
-0.07	 -0.16	-0.15	0.06	69_D	[ 13.18273913  12.56517391 -10.30743478]
-0.01	 0.16	-0.05	-0.05	69_D	[15.933      11.82116667 -8.61008333]
-0.08	 -0.19	-0.09	0.06	69_D	[18.21027273 10.463      -9.30709091]
-0.08	 -0.2	0.06	0.05	69_D	[ 18.87547059  10.126      -10.63497059]
-0.26	 -0.83	0.15	0.41	69_D	[18.64666667 11.01282051 -7.61666667]
0.04	 0.43	-0.06	-0.12	69_D	[ 15.482625    10.27141667 -11.22116667]
0.01	 -0.38	0.06	-0.03	69_D	[16.37035714 13.37214286 -8.548     ]
-0.26	 -0.73	0.09	0.39	69_D	[15.3365  11.22505 -8.65735]
0.1	 1.33	0.29	-0.54	70_Q	[15.32957143 14.559      -9.45928571]
0.02	 0.92	-0.09	-0.02	70_Q	[15.65608333 16.39583333 -8.41625   ]
0.12	 1.26	0.17	-0.43	70_Q	[17.974375 17.797875 -8.778625]
-0.1	 -0.15	-0.1	0.09	70_Q	[16.86415909 19.14195455 -7.85727273]
0.03	 -0.06	-0.02	-0.15	70_Q	[13.1686087  15.48465217 -9.87904348]
-0.05	 -0.5	0.01	0.0	70_Q	[14.32642857 17.29814286 -8.51614286]
0.01	 0.22	-0.04	0.01	70_Q	[16.66735 15.85425 -8.5209 ]
0.05	 0.47	0.03	-0.18	70_Q	[ 18.25482051  20.3375641  -10.94794872]
0.13	 1.67	-0.05	-0.25	71_I	[ 14.0954  12.9167 -16.4598]
-0.01	 0.19	-0.13	0.03	71_I	[ 12.00377778  13.19188889 -16.66666667]
0.06	 0.44	-0.04	-0.11	71_I	[ 13.9395      15.41903333 -18.1223    ]
0.03	 0.22	0.12	-0.2	71_I	[ 18.67596296  14.60733333 -16.60511111]
0.04	 0.16	0.04	-0.17	71_I	[ 15.53575     13.04491667 -16.15154167]
-0.03	 0.38	-0.06	0.03	71_I	[ 15.91830769  15.21276923 -18.9       ]
-0.2	 -0.32	-0.02	0.29	71_I	[ 13.4865  14.3801 -17.9554]
0.0	 -0.45	-0.16	-0.0	71_I	[ 18.17207692  13.637      -16.29153846]
-0.1	 0.1	0.46	0.16	71_I	[ 17.66614286  15.344      -18.11642857]
0.13	 1.29	0.38	-0.61	72_E	[ 14.4246  11.5336 -15.3736]
0.08	 0.88	0.07	-0.32	72_E	[ 10.81272  11.78776 -13.81488]
-0.19	 -0.57	-0.04	0.24	72_E	[  9.97009375  10.58053125 -14.613375  ]
0.04	 0.58	0.03	-0.19	72_E	[ 13.35111111   8.89585185 -12.93137037]
-0.14	 -0.35	-0.09	0.09	72_E	[ 13.84578261   8.11591304 -15.05686957]
-0.16	 -0.42	-0.22	0.25	72_E	[ 15.29992105   9.00173684 -15.7495    ]
-0.33	 -1.01	0.2	0.48	72_E	[ 12.49683784   7.27043243 -15.60205405]
-0.03	 0.04	-0.09	0.03	72_E	[ 12.97364706  11.10688235 -15.99811765]
0.19	 1.38	0.38	-0.61	72_E	[ 15.43766667   9.80644444 -13.01144444]
0.02	 -0.05	0.02	-0.16	72_E	[ 12.7325      11.11088889 -11.60016667]
-0.28	 -0.66	-0.01	0.41	72_E	[ 13.31247826   8.44113043 -12.29830435]
-0.1	 -0.13	-0.08	0.16	72_E	[ 11.04657143   9.25521429 -13.40492857]
0.1	 1.15	0.18	-0.45	73_A	[ 11.24257143  11.91342857 -11.95342857]
0.07	 1.36	-0.09	-0.17	73_A	[ 10.3624  11.7708 -12.0274]
0.12	 0.85	-0.06	-0.22	73_A	[  9.2221  13.0034 -15.5609]
-0.19	 -0.87	0.01	0.26	73_A	[  7.16434483  13.18986207 -14.44913793]
-0.17	 -0.57	-0.14	0.14	73_A	[  9.092   13.8225 -10.3819]
-0.09	 -0.04	0.07	0.08	73_A	[  8.62825     12.03491667 -12.34458333]
-0.0	 0.18	0.04	-0.15	73_A	[  8.385       14.42385714 -10.57335714]
-0.08	 -0.3	0.03	0.04	73_A	[ 10.82934375  13.34471875 -10.63646875]
0.06	 1.52	0.02	-0.22	74_G	[  8.1126  14.712  -16.9668]
0.23	 2.05	0.04	-0.31	74_G	[ 10.73036364  16.96090909 -16.99972727]
-0.07	 0.09	-0.1	0.01	74_G	[  9.8355      15.07697059 -17.17079412]
0.05	 0.4	-0.07	-0.19	74_G	[  6.92423529  15.16023529 -15.98164706]
0.2	 1.61	0.21	-0.46	75_Y	[ 12.09772222  17.52222222 -17.27216667]
0.02	 0.21	0.04	-0.08	75_Y	[ 8.47336364 18.17740909 -7.91036364]
-0.02	 0.12	-0.06	-0.01	75_Y	[10.53419048 16.71404762 -9.16597619]
0.04	 1.55	0.0	-0.25	75_Y	[ 7.007  18.2088 -8.641 ]
0.16	 1.02	0.11	-0.33	76_V	[ 10.4615      18.11922727 -18.68295455]
0.16	 0.74	0.1	-0.35	79_C	[ 16.25914815  29.90488889 -23.0277037 ]
0.17	 1.18	0.12	-0.39	79_C	[ 15.97169231  31.19507692 -21.80576923]
0.16	 1.09	0.11	-0.38	80_V	[ 16.24334783  23.93204348 -24.73      ]
0.12	 0.53	-0.0	-0.27	80_V	[ 16.92636364  22.37445455 -23.74931818]
0.12	 0.26	-0.11	-0.15	80_V	[ 19.45258333  27.52604167 -23.60279167]
0.22	 1.35	0.45	-0.66	80_V	[ 17.78538462  24.51192308 -24.34169231]
0.12	 0.39	-0.14	-0.13	80_V	[ 20.46293333  26.51686667 -22.64146667]
0.16	 1.26	0.43	-0.66	80_V	[ 18.5113  28.7547 -23.0469]
0.09	 0.68	-0.08	-0.16	82_Y	[ 14.14455556  20.50066667 -29.45855556]
0.18	 1.45	0.31	-0.55	82_Y	[ 15.05822222  23.28988889 -27.35311111]
0.04	 0.45	-0.02	-0.17	82_Y	[ 15.73876316  22.37676316 -29.27410526]
-0.04	 0.09	-0.19	0.03	82_Y	[ 16.97030303  23.89030303 -30.41242424]
0.11	 1.45	0.12	-0.39	82_Y	[ 16.0369  25.1714 -31.7933]
-0.11	 -0.38	-0.08	0.16	82_Y	[ 16.88911429  26.54094286 -30.88588571]
0.17	 1.01	0.11	-0.38	82_Y	[ 14.8896   22.30005 -26.00435]
0.08	 0.61	0.08	-0.24	82_Y	[ 12.61877778  20.71788889 -29.94588889]
-0.19	 -0.32	-0.21	0.3	82_Y	[ 16.22794444  21.15583333 -29.76844444]
-0.3	 -0.69	0.12	0.44	82_Y	[ 17.9495      23.68727273 -30.352     ]
0.05	 0.32	-0.05	-0.1	82_Y	[ 16.86838462  27.49323077 -29.27615385]
0.2	 1.28	0.39	-0.62	83_P	[ 11.04177778  19.32766667 -29.50222222]
0.08	 0.63	-0.08	-0.13	83_P	[ 10.195       19.59053846 -30.89488462]
0.06	 1.04	0.16	-0.47	84_T	[  9.5252  15.9602 -30.3732]
0.17	 1.29	-0.1	-0.14	84_T	[  8.2072  16.4852 -30.9062]
-0.18	 -0.52	0.02	0.19	84_T	[  7.80017857  14.72457143 -29.71285714]
0.02	 0.63	-0.15	0.05	84_T	[ 10.94416667  15.15266667 -29.02716667]
-0.19	 -1.21	-0.08	0.15	84_T	[ 12.68233333  15.52266667 -29.10416667]
-0.07	 -0.29	-0.01	0.03	84_T	[  9.625875    17.09508333 -30.83233333]
-0.13	 -0.54	0.0	0.18	84_T	[ 10.07991304  14.61913043 -28.97108696]
-0.07	 -0.05	-0.12	0.04	84_T	[ 10.43593333  14.2492     -26.2996    ]
-0.03	 -0.42	0.04	0.11	84_T	[ 12.57977778  15.10894444 -27.59483333]
-0.08	 0.06	0.06	0.03	84_T	[ 12.11970588  17.33808824 -29.69135294]
0.13	 1.19	0.36	-0.77	85_S	[  4.27528571  14.73228571 -28.06171429]
-0.01	 0.86	-0.06	-0.04	85_S	[  3.276       15.52178571 -27.1515    ]
0.15	 0.85	0.03	-0.26	85_S	[  5.36        16.18389474 -30.66842105]
-0.27	 -0.44	0.06	0.33	85_S	[  4.99831579  14.41163158 -28.82221053]
0.05	 0.32	-0.08	-0.07	85_S	[  4.2025  14.596  -26.2053]
0.1	 1.07	-0.1	-0.29	86_D	[  1.01173333  19.48626667 -25.94946667]
-0.02	 -0.24	-0.02	-0.03	86_D	[  1.31885  17.434   -25.4386 ]
-0.0	 0.2	-0.06	-0.02	86_D	[ 1.9750000e-02  1.7678125e+01 -2.7671125e+01]
-0.05	 -0.22	-0.07	0.07	86_D	[  1.055   17.6826 -30.832 ]
0.1	 0.61	-0.04	-0.13	86_D	[  1.14871429  19.71435714 -31.837     ]
-0.15	 -0.39	-0.06	0.21	86_D	[ -0.84114815  18.28244444 -30.52522222]
0.04	 -0.0	-0.08	-0.03	86_D	[  2.96636842  16.37257895 -29.345     ]
-0.18	 -0.47	0.04	0.27	86_D	[  1.04226316  16.67557895 -28.14294737]
-0.03	 0.12	-0.03	0.09	86_D	[ -0.09596296  19.20755556 -27.38459259]
0.2	 1.53	0.15	-0.43	87_V	[  1.05292857  20.78242857 -24.72178571]
0.07	 0.83	0.41	-0.72	88_V	[ -2.116       21.28371429 -19.79057143]
0.02	 0.1	-0.1	-0.13	88_V	[ -2.454       20.84030556 -21.70569444]
0.2	 1.38	0.34	-0.58	88_V	[  0.710375  18.6695   -23.6875  ]
-0.04	 0.23	-0.21	0.07	88_V	[ -1.97248276  19.69889655 -19.32134483]
-0.24	 -0.5	-0.15	0.4	88_V	[ -2.68028  19.6622  -21.408  ]
0.16	 0.89	0.33	-0.59	88_V	[ -2.5145      22.01366667 -21.65383333]
-0.05	 -0.01	0.04	-0.03	88_V	[ -0.88025  19.69335 -23.67615]
0.03	 0.43	-0.18	-0.14	90_Q	[  0.58320833  21.34141667 -13.0215    ]
0.0	 0.17	-0.1	-0.04	90_Q	[  0.10957447  22.54997872 -12.18848936]
0.09	 0.73	0.12	-0.34	90_Q	[  1.78134483  19.54648276 -12.52510345]
0.33	 1.39	0.45	-0.66	90_Q	[ -0.284  22.11  -15.388]
0.07	 -0.05	0.01	-0.18	90_Q	[  2.27370588  18.24917647 -13.69982353]
-0.31	 -0.76	0.07	0.46	90_Q	[  0.81981481  19.21588889 -11.99914815]
0.04	 0.7	-0.11	-0.2	91_T	[  2.42935294  29.53158824 -15.65947059]
0.13	 0.45	0.03	-0.17	91_T	[  3.76054545  30.6225     -15.95954545]
0.26	 1.42	0.31	-0.55	91_T	[  1.9205625  28.5118125 -16.0858125]
0.1	 1.58	0.23	-0.49	92_H	[  7.217       29.47666667 -10.35633333]
0.08	 1.23	0.09	-0.32	92_H	[ 7.6057 28.408  -9.8136]
-0.11	 -0.36	-0.28	0.22	92_H	[ 6.39974286 27.13282857 -8.66194286]
0.03	 0.65	-0.06	-0.12	92_H	[  3.8694375  28.8489375 -10.336875 ]
-0.17	 1.11	-0.1	0.1	92_H	[  4.44683333  31.03416667 -10.3675    ]
0.0	 1.28	-0.03	-0.05	92_H	[  5.88414286  31.58       -10.23442857]
-0.02	 0.76	-0.14	-0.02	92_H	[  3.23966667  31.14766667 -11.01833333]
-0.13	 -0.7	0.04	0.16	92_H	[  5.34472727  33.44954545 -11.73190909]
-0.03	 0.2	-0.04	-0.02	92_H	[  3.39328571  32.849      -11.84171429]
0.13	 0.72	0.07	-0.29	92_H	[  8.53777273  29.30504545 -11.31804545]
0.08	 0.19	-0.05	-0.18	92_H	[  3.22628571  28.26852381 -11.0617619 ]
-0.24	 -0.65	-0.01	0.32	92_H	[ 5.5412  29.22535 -9.29925]
-0.12	 -0.16	-0.04	0.1	92_H	[  7.57590476  31.54309524 -10.95228571]
-0.13	 -0.46	0.03	0.19	92_H	[  6.29966667  34.07004762 -13.03890476]
-0.12	 0.04	0.07	0.21	92_H	[  3.45786111  32.92094444 -13.69152778]
0.1	 0.99	0.02	-0.23	93_K	[ 3.44459259 22.28303704 -9.99818519]
0.17	 1.16	0.12	-0.38	93_K	[ 7.29108333 25.17975    -8.553     ]
0.06	 0.46	0.03	-0.17	93_K	[ 5.54223077 24.21192308 -8.57503846]
0.09	 0.96	-0.08	-0.21	93_K	[  3.45884615  21.516      -11.07      ]
-0.16	 -0.32	-0.3	0.2	93_K	[ 3.76023077 22.84053846 -8.59969231]
0.02	 0.38	-0.07	-0.07	93_K	[ 2.59857143 25.93294286 -9.3862    ]
0.11	 1.04	0.03	-0.29	94_E	[11.36485714 27.31207143 -6.97357143]
0.16	 0.97	0.07	-0.35	94_E	[13.09647368 26.01084211 -5.92673684]
0.04	 1.16	0.05	-0.43	94_E	[12.2754 27.8678 -7.3402]
-0.05	 -0.41	-0.07	0.09	94_E	[12.52914286 29.26414286 -7.6485    ]
-0.05	 0.1	-0.0	0.0	94_E	[12.00865385 30.59973077 -9.64557692]
-0.16	 -0.36	0.04	0.22	94_E	[14.89551163 29.62404651 -7.90148837]
0.15	 0.79	-0.09	-0.15	94_E	[ 8.58225  27.576125 -8.94875 ]
-0.01	 0.25	-0.11	-0.06	94_E	[10.1915625  28.2729375  -9.12015625]
0.04	 0.16	-0.05	-0.14	94_E	[13.48955556 27.19127778 -7.06488889]
0.08	 1.47	0.04	-0.33	95_E	[11.18616667 26.95966667 -5.81783333]
0.12	 1.73	-0.02	-0.21	95_E	[ 8.582  23.6728 -4.5337]
-0.11	 0.06	-0.12	0.02	95_E	[10.27753846 23.20815385 -3.23261538]
-0.07	 0.34	-0.12	0.09	95_E	[ 8.06542857 26.98828571 -5.26371429]
-0.05	 0.76	0.03	-0.06	95_E	[ 8.79157895 26.10936842 -2.70768421]
-0.09	 -0.45	-0.05	0.12	95_E	[11.04308 27.34772 -2.7244 ]
-0.1	 -0.7	0.0	0.09	95_E	[12.425475 26.221375 -3.0157  ]
-0.35	 -1.21	0.26	0.51	95_E	[10.43047059 28.832      -2.27482353]
0.12	 0.66	-0.15	-0.23	95_E	[ 8.53806452 26.315      -7.41016129]
0.04	 0.68	-0.15	-0.17	95_E	[11.80158333 26.75466667 -5.46275   ]
-0.15	 -0.21	-0.15	0.27	95_E	[ 9.29007143 27.67507143 -5.61471429]
-0.23	 -0.63	-0.04	0.26	95_E	[ 7.86965 25.2761  -5.30325]
-0.2	 -0.63	0.12	0.27	95_E	[ 8.27007692 27.04126923 -2.60465385]
-0.15	 -0.3	0.14	0.22	95_E	[ 9.439875  24.7254375 -2.4480625]
0.11	 1.33	0.11	-0.37	96_D	[ 8.18763636 23.52345455 -6.31481818]
0.14	 1.85	0.06	-0.32	96_D	[10.782    21.085    -4.154875]
-0.14	 -0.35	-0.04	0.18	96_D	[10.81534286 19.2276     -5.55511429]
0.05	 0.78	-0.0	-0.15	96_D	[ 6.92566667 21.16926667 -6.99526667]
-0.24	 -0.67	-0.01	0.36	96_D	[ 6.499575 21.598575 -5.9445  ]
-0.07	 -0.06	-0.07	0.01	96_D	[ 5.87471875 20.16334375 -8.58584375]
0.16	 1.6	0.19	-0.43	96_D	[ 8.26847368 23.85442105 -7.30273684]
-0.06	 0.18	-0.04	-0.04	96_D	[ 8.59488889 21.33744444 -4.69794444]
0.16	 1.38	0.04	-0.3	97_L	[12.79346667 23.3722     -2.92333333]
0.12	 0.89	0.01	-0.27	97_L	[16.33153846 21.53176923 -9.00269231]
0.15	 1.35	0.09	-0.37	97_L	[11.90744444 18.73211111 -7.81644444]
0.02	 0.43	0.02	-0.1	97_L	[13.52575   19.5561875 -5.546375 ]
0.13	 1.29	0.01	-0.27	97_L	[16.22566667 21.5318     -7.10673333]
0.12	 0.72	0.02	-0.28	97_L	[16.56036 22.40716 -9.98476]
0.12	 0.47	0.02	-0.21	97_L	[13.29140909 18.60868182 -7.94104545]
0.13	 0.9	0.06	-0.36	98_Y	[14.70236364 19.99872727 -3.97572727]
0.06	 1.0	-0.07	-0.17	98_Y	[16.372      20.23933333 -3.261     ]
-0.13	 -0.7	-0.03	0.15	98_Y	[14.85753571 21.10117857 -1.46039286]
-0.28	 -1.09	0.19	0.43	98_Y	[16.26065714 21.55774286 -0.48685714]
-0.06	 0.11	-0.04	0.05	98_Y	[15.497      24.46646154 -2.26453846]
-0.0	 1.03	-0.03	-0.11	98_Y	[16.70783333 24.26533333 -4.38608333]
0.04	 1.09	0.02	-0.21	98_Y	[15.74386207 24.66937931 -5.5842069 ]
-0.08	 -0.06	0.0	-0.02	98_Y	[18.03772973 24.14286486 -3.95710811]
0.03	 0.76	-0.07	-0.16	98_Y	[16.56883333 24.72463889 -7.24533333]
-0.14	 -1.13	-0.05	0.18	98_Y	[19.32092593 25.05507407 -5.09422222]
-0.02	 -0.2	0.03	-0.16	98_Y	[18.31190244 24.88678049 -7.02653659]
0.0	 0.51	-0.07	-0.13	98_Y	[19.1128125 26.677875  -8.2639375]
-0.21	 -0.52	-0.02	0.22	98_Y	[12.7424878  20.56714634 -2.47773171]
-0.07	 0.01	-0.07	0.04	98_Y	[16.09337931 20.59017241 -5.19496552]
-0.12	 -0.14	-0.05	0.16	98_Y	[17.3928  21.19825 -3.19865]
-0.0	 0.22	-0.18	-0.03	98_Y	[14.34775    24.53829167 -2.921375  ]
-0.21	 -0.98	0.14	0.33	98_Y	[16.36166667 24.05366667 -1.58153333]
-0.18	 -0.28	0.06	0.29	98_Y	[18.59417391 23.75217391 -2.64078261]
-0.26	 -0.85	0.08	0.4	98_Y	[20.41973684 25.15521053 -5.11431579]
-0.23	 -0.8	0.0	0.33	98_Y	[20.30266667 25.72928571 -7.35457143]
