-0.23	 -0.69	0.1	0.29	1_Q	[22.2975   28.2393   49.473925]
-0.2	 -0.82	0.0	0.24	1_Q	[21.03136364 30.42486364 50.48090909]
-0.04	 -0.83	-0.1	0.01	1_Q	[22.61711111 31.05833333 48.60244444]
-0.03	 -0.17	0.02	-0.02	1_Q	[25.09128125 30.524625   49.1766875 ]
-0.23	 -1.5	0.11	0.35	1_Q	[21.9745     30.03423333 52.93633333]
-0.09	 -0.23	0.02	0.08	1_Q	[24.54676923 29.862      53.45738462]
-0.03	 0.16	-0.03	-0.01	1_Q	[24.17913636 27.55663636 52.11140909]
-0.25	 -0.98	0.12	0.38	1_Q	[23.11972727 26.46487879 51.87360606]
-0.25	 -0.45	0.18	0.34	1_Q	[26.23067241 27.59586207 51.80518966]
-0.06	 -0.6	-0.08	0.06	2_F	[21.90458333 32.73658333 50.49475   ]
-0.06	 -0.49	-0.02	0.04	2_F	[23.78694118 33.25658824 48.09735294]
-0.05	 0.1	0.03	-0.07	2_F	[24.70658065 33.99912903 52.5296129 ]
-0.18	 -1.12	0.08	0.28	2_F	[21.77744444 34.92425    49.84619444]
-0.16	 -0.58	-0.09	0.14	2_F	[22.1965     36.849      49.02466667]
-0.12	 -0.65	0.04	0.14	2_F	[23.47332432 36.03413514 47.28213514]
-0.06	 -0.26	0.04	0.01	2_F	[23.45958824 37.25876471 51.28258824]
-0.08	 -0.27	-0.04	0.04	2_F	[24.28574074 37.7752963  46.74040741]
0.0	 0.46	-0.12	-0.01	2_F	[24.46358621 39.43017241 50.37927586]
0.04	 0.89	0.03	-0.15	2_F	[24.15669231 39.16076923 48.35153846]
0.07	 0.08	0.03	-0.16	3_L	[26.14047059 33.902      48.34447059]
0.13	 0.7	0.05	-0.3	3_L	[26.73088235 35.08276471 52.25817647]
0.05	 0.53	-0.02	-0.17	3_L	[28.89422727 36.41877273 52.02938636]
0.12	 0.29	-0.0	-0.18	3_L	[29.11405128 33.34684615 50.10174359]
0.12	 0.89	-0.06	-0.16	3_L	[27.05577778 31.39366667 49.36377778]
0.07	 0.59	0.03	-0.23	3_L	[29.1217     30.30018571 50.23021429]
-0.08	 -0.28	-0.04	0.12	3_L	[27.48585417 31.61566667 53.33022917]
0.05	 0.42	-0.09	-0.16	4_F	[28.00446154 34.82023077 47.96692308]
-0.11	 -0.95	0.04	0.15	4_F	[27.67065625 35.9791875  45.9570625 ]
0.16	 1.42	0.15	-0.41	4_F	[29.85289474 35.16742105 48.11378947]
0.02	 0.55	-0.0	-0.14	4_F	[30.84428571 36.13346429 46.08703571]
-0.02	 0.2	-0.02	-0.01	4_F	[32.51758333 37.88663889 44.87577778]
0.17	 1.49	0.19	-0.45	4_F	[33.88988889 39.66872222 45.00777778]
-0.0	 1.14	-0.03	-0.05	5_S	[28.7945    37.8544375 44.5584375]
0.13	 1.12	0.33	-0.51	5_S	[28.33092308 41.89246154 44.74038462]
-0.19	 -1.04	-0.05	0.25	5_S	[26.19344118 39.34064706 44.24005882]
-0.11	 0.44	0.24	0.05	5_S	[26.15943182 41.28525    45.74515909]
0.07	 -0.77	-0.03	-0.16	6_M	[29.39457895 39.28578947 43.32494737]
0.14	 1.15	0.45	-0.71	6_M	[28.731      42.41271429 44.21828571]
0.09	 0.93	0.03	-0.35	6_M	[29.14575862 42.32689655 42.33465517]
-0.16	 -0.48	0.02	0.22	6_M	[28.65438462 40.82610256 41.25074359]
-0.06	 -0.32	-0.13	0.05	6_M	[31.57542105 39.95657895 42.47757895]
0.08	 1.19	-0.07	-0.2	6_M	[31.79714286 41.55985714 41.11257143]
0.0	 -0.05	-0.02	-0.08	6_M	[33.92052941 40.46882353 42.21152941]
-0.06	 -0.08	-0.05	0.03	6_M	[34.14350725 43.0037971  39.85330435]
0.04	 0.66	-0.04	-0.1	7_S	[29.59074074 43.16555556 39.70359259]
-0.18	 -0.95	0.05	0.26	7_S	[26.402075 43.58325  40.56565 ]
-0.06	 0.17	0.18	0.06	7_S	[26.40564516 44.55574194 43.08432258]
0.04	 0.88	-0.07	-0.07	8_T	[28.34318182 44.67936364 38.37763636]
-0.03	 0.01	0.01	0.0	8_T	[26.32328947 47.13971053 38.15755263]
0.02	 -0.03	-0.04	-0.04	8_T	[31.13419231 47.98711538 36.93076923]
-0.21	 -0.9	0.07	0.33	8_T	[29.37203226 45.63387097 35.95564516]
-0.07	 -0.04	-0.04	0.05	8_T	[31.92906977 44.96748837 37.42172093]
0.19	 1.45	0.25	-0.48	9_G	[29.59838095 49.67885714 37.12885714]
0.16	 1.26	0.38	-0.61	9_G	[25.8201 49.0693 38.3552]
0.11	 0.42	-0.07	-0.14	9_G	[26.70021053 49.521      36.21863158]
-0.16	 -0.85	-0.14	0.14	9_G	[27.6135625  48.21378125 35.2879375 ]
0.12	 1.36	0.22	-0.47	10_P	[24.8852 49.577  36.0686]
0.11	 1.35	0.1	-0.37	10_P	[24.11508696 50.9976087  37.8886087 ]
-0.14	 -0.6	-0.16	0.24	10_P	[22.797      50.60102381 37.27628571]
0.02	 0.02	-0.11	-0.0	10_P	[23.78917143 53.09388571 35.13028571]
-0.02	 0.08	-0.09	0.01	10_P	[25.9338  52.77156 33.32386]
-0.19	 -0.77	0.08	0.25	10_P	[25.83682927 50.02007317 33.93360976]
0.12	 0.5	-0.21	-0.08	11_F	[23.17754545 50.03072727 39.73109091]
0.13	 0.95	-0.11	-0.19	11_F	[22.0555 52.7605 38.276 ]
0.15	 0.2	0.07	-0.25	11_F	[23.04726667 54.54116667 38.7962    ]
0.02	 0.45	0.03	-0.12	11_F	[24.13161702 48.97074468 41.11946809]
0.05	 0.24	-0.08	-0.03	11_F	[25.29755556 46.95461111 41.30166667]
0.14	 0.98	0.04	-0.27	12_I	[21.58242308 50.77369231 40.76615385]
0.01	 0.14	0.01	-0.07	12_I	[20.15277778 52.87261111 38.73044444]
0.21	 0.85	0.16	-0.39	12_I	[20.07361538 53.45576923 43.38180769]
-0.03	 0.56	-0.2	0.01	12_I	[19.495      51.40273684 42.142     ]
-0.24	 -0.88	-0.04	0.23	12_I	[19.0991875  50.90484375 38.67328125]
-0.14	 -0.68	0.14	0.18	12_I	[17.18364706 53.45094118 41.06670588]
-0.25	 -1.3	0.14	0.39	12_I	[17.342875   49.68115278 40.01719444]
0.09	 0.36	-0.01	-0.14	13_C	[19.80142105 55.22994737 39.51942105]
0.18	 1.18	0.14	-0.4	13_C	[17.4714   57.067825 39.96305 ]
0.17	 0.68	0.06	-0.31	13_C	[22.02075    56.90516667 39.45345833]
0.11	 1.17	0.0	-0.29	14_T	[16.58621739 59.16452174 41.96965217]
-0.05	 0.04	-0.07	-0.04	14_T	[15.44897059 57.93861765 44.62982353]
-0.06	 -0.21	0.08	0.14	14_T	[16.97023256 55.1685814  44.60327907]
-0.16	 -0.25	-0.04	0.1	14_T	[15.2534375  56.11264062 41.36101563]
0.14	 0.85	-0.06	-0.26	15_V	[15.45113333 59.98673333 43.27606667]
0.14	 1.24	-0.14	-0.18	15_V	[14.90028571 59.58585714 45.148     ]
-0.01	 0.16	0.0	-0.06	15_V	[14.2564375  62.0164375  44.61691667]
0.1	 0.67	-0.08	-0.17	15_V	[16.45241667 64.96147222 45.30994444]
-0.04	 0.49	-0.2	0.01	16_K	[12.979      62.01113333 46.86313333]
0.17	 1.05	0.05	-0.3	16_K	[14.61777273 60.76113636 50.51554545]
-0.01	 -0.05	-0.01	-0.04	16_K	[13.9506     59.06582857 47.33734286]
-0.03	 0.36	0.09	-0.06	16_K	[11.8146875 60.7485625 48.63075  ]
-0.12	 -0.87	-0.05	0.12	16_K	[12.40256818 58.54       49.80915909]
-0.14	 -0.66	-0.05	0.17	16_K	[10.1622093  59.7047907  50.84804651]
-0.29	 -1.35	0.22	0.47	16_K	[10.24390566 57.61032075 51.92033962]
-0.0	 -0.33	0.01	-0.03	17_D	[13.44525 63.64425 47.80025]
-0.14	 -0.36	-0.07	0.1	17_D	[13.3346  65.59605 49.6139 ]
0.11	 0.65	-0.01	-0.21	17_D	[14.70377778 66.43044444 50.85377778]
-0.02	 -0.22	-0.06	-0.05	17_D	[15.93847222 64.91488889 52.14302778]
-0.13	 -0.16	0.05	0.06	17_D	[13.46994118 63.52955882 52.05385294]
-0.05	 -0.26	0.03	-0.07	17_D	[11.72595833 63.24370833 51.73058333]
-0.17	 -0.87	0.06	0.27	17_D	[10.76312903 63.57458065 49.81345161]
-0.24	 -0.91	0.07	0.34	17_D	[11.17914634 62.60373171 52.88963415]
0.19	 0.85	-0.08	-0.12	18_N	[15.3255 65.4147 47.8313]
0.14	 1.3	0.02	-0.3	18_N	[17.12661538 66.12207692 47.49792308]
0.05	 0.59	-0.03	-0.08	18_N	[17.80288889 67.23622222 51.46538889]
0.07	 0.54	0.06	-0.21	18_N	[16.80769697 67.82554545 48.80793939]
-0.13	 -0.12	-0.27	0.16	18_N	[14.74397368 68.12463158 48.43655263]
0.03	 0.05	0.1	-0.13	18_N	[17.08138095 69.56966667 50.24733333]
0.08	 0.56	-0.03	-0.09	19_Q	[16.92473333 61.3246     52.1178    ]
-0.02	 0.33	-0.19	-0.0	19_Q	[18.13023077 59.40707692 52.93038462]
0.1	 1.18	0.07	-0.3	19_Q	[19.51475    58.54566667 53.08991667]
-0.1	 -0.14	-0.01	0.06	19_Q	[20.38228947 60.56771053 53.97310526]
0.12	 0.87	0.01	-0.24	19_Q	[22.4656  59.69455 52.37505]
0.16	 1.75	0.24	-0.49	21_F	[19.70495 54.65905 45.35645]
0.2	 1.55	0.1	-0.37	21_F	[19.4355 55.1036 44.2832]
-0.0	 0.51	-0.09	-0.19	21_F	[18.04925    54.76871429 46.92567857]
0.0	 -0.47	-0.04	-0.04	21_F	[17.54042857 54.94128571 48.66285714]
0.08	 0.41	-0.02	-0.16	21_F	[17.90576471 54.59423529 49.85076471]
0.03	 0.08	-0.03	-0.13	21_F	[16.14369697 57.24990909 47.73872727]
-0.05	 -0.29	-0.01	0.02	21_F	[18.5378125 55.508125  52.1405625]
-0.07	 0.23	-0.15	-0.01	21_F	[15.29854054 57.90335135 50.37937838]
-0.17	 -0.75	0.11	0.19	21_F	[16.79902778 56.89741667 52.10983333]
-0.07	 -0.0	-0.16	0.06	23_A	[21.10984375 50.26228125 43.88790625]
-0.03	 0.09	-0.11	0.0	23_A	[20.29833333 49.36944444 45.73222222]
0.0	 -0.45	-0.03	-0.01	23_A	[21.49196 48.762   47.669  ]
0.03	 0.16	-0.0	-0.1	23_A	[22.73314286 48.6575     44.73928571]
0.11	 0.62	-0.07	-0.19	24_N	[19.86744444 52.51296296 45.46292593]
0.1	 1.01	-0.07	-0.24	24_N	[18.33169231 52.77069231 47.98696154]
0.15	 1.55	0.22	-0.48	24_N	[19.95286667 50.88546667 49.42413333]
0.09	 0.92	-0.0	-0.23	24_N	[19.39787931 51.22618966 50.74767241]
-0.08	 -0.25	-0.25	0.19	24_N	[18.53097143 49.31177143 48.56348571]
-0.15	 -0.35	-0.23	0.19	24_N	[17.01266667 50.6297619  47.195     ]
-0.21	 -0.87	0.2	0.4	24_N	[17.28210204 50.90844898 45.58579592]
-0.24	 -1.06	0.14	0.42	24_N	[15.81480702 50.52214035 48.43303509]
0.11	 1.0	0.05	-0.25	25_L	[22.48575   49.3379375 49.7844375]
0.19	 0.93	0.09	-0.31	25_L	[24.45754545 48.20327273 49.98845455]
0.09	 0.63	-0.03	-0.21	25_L	[22.86206452 48.87083871 51.84522581]
0.12	 1.71	0.08	-0.32	26_P	[23.74       58.07218182 52.19445455]
0.14	 0.69	-0.03	-0.21	26_P	[25.43096429 56.84328571 52.47639286]
-0.08	 0.05	-0.08	0.07	26_P	[21.57571429 57.23338095 53.8075    ]
-0.07	 -0.28	-0.15	0.07	26_P	[22.70179167 55.35341667 54.94216667]
0.08	 0.18	0.02	-0.21	26_P	[20.61485185 53.28603704 52.96837037]
0.05	 0.27	-0.14	-0.09	27_W	[25.23627273 59.037      51.60490909]
0.04	 0.34	0.03	-0.08	27_W	[27.01716667 59.10045833 51.05391667]
0.17	 1.45	0.41	-0.63	27_W	[26.83072727 60.96       45.92354545]
0.07	 0.44	-0.09	-0.08	27_W	[28.09838235 60.20541176 45.95370588]
-0.04	 -0.04	-0.12	0.04	27_W	[30.64062963 58.16303704 46.00588889]
0.13	 0.98	0.05	-0.26	27_W	[31.3842  56.12144 46.47308]
0.15	 2.09	0.17	-0.42	28_T	[24.04644444 59.53777778 51.50688889]
-0.06	 -0.29	-0.01	0.09	28_T	[25.10471429 61.52442857 51.78328571]
0.13	 0.93	0.09	-0.31	28_T	[22.90014286 61.72021429 52.16714286]
-0.06	 0.3	-0.03	-0.03	28_T	[27.29345 61.7597  49.1587 ]
-0.16	 -0.65	0.08	0.21	28_T	[26.295      64.16327273 49.71730303]
0.08	 0.54	-0.04	-0.12	28_T	[26.15481481 62.81144444 46.88940741]
-0.02	 0.58	-0.12	-0.03	29_M	[24.28216667 63.59705556 52.23883333]
0.01	 0.04	-0.04	-0.02	29_M	[24.34118182 66.40609091 50.58781818]
-0.09	 -0.41	0.02	0.09	29_M	[22.77048649 64.5272973  53.63248649]
-0.09	 -0.23	-0.21	0.1	29_M	[20.7545     66.50663889 53.70016667]
-0.05	 0.18	-0.07	-0.02	29_M	[18.16856522 64.62930435 53.4066087 ]
-0.26	 -1.32	0.18	0.38	29_M	[19.68361224 63.24997959 55.58536735]
0.21	 2.09	0.07	-0.3	30_L	[23.424   67.76725 48.00825]
0.16	 0.77	0.09	-0.27	30_L	[19.82708696 68.67165217 51.32965217]
0.2	 1.35	0.26	-0.52	30_L	[18.66557143 66.76889286 45.96764286]
0.08	 0.41	-0.02	-0.19	30_L	[24.19802703 66.47018919 46.42035135]
0.13	 0.37	0.04	-0.24	31_E	[23.52489474 69.12305263 48.71347368]
0.19	 1.12	0.02	-0.29	31_E	[20.78878571 71.19607143 51.16364286]
0.05	 0.07	-0.1	-0.05	31_E	[23.52628571 72.96128571 49.61242857]
0.01	 0.24	-0.0	-0.07	31_E	[23.96233333 71.65544444 48.00461111]
-0.07	 -0.42	-0.01	0.1	31_E	[23.89321622 71.27002703 51.08835135]
-0.01	 0.27	-0.21	0.0	31_E	[22.80431579 69.08705263 52.66368421]
-0.16	 -0.65	-0.22	0.19	31_E	[22.97193333 70.5689     54.04996667]
-0.26	 -0.78	0.11	0.39	31_E	[21.8127561  72.11492683 53.92043902]
-0.29	 -1.01	0.18	0.47	31_E	[23.82648837 69.78593023 55.01516279]
-0.05	 -0.1	-0.15	0.04	32_G	[21.32852941 73.29717647 50.61358824]
-0.18	 -0.94	0.02	0.25	32_G	[21.80146512 75.08293023 49.03348837]
-0.01	 -0.28	-0.04	0.03	32_G	[21.257875  75.6448125 46.8193125]
-0.02	 0.03	-0.04	-0.01	32_G	[19.37826667 73.8525     46.10876667]
0.17	 0.88	0.16	-0.42	33_D	[23.793      73.44823529 46.61335294]
-0.1	 -0.16	-0.05	0.11	33_D	[21.3432     75.05046667 44.40353333]
0.06	 0.44	-0.04	-0.17	33_D	[20.4605 73.2619 43.8138]
-0.05	 -0.15	-0.0	0.01	33_D	[22.09985185 73.0127037  42.20014815]
-0.17	 -0.75	-0.11	0.15	33_D	[24.39943182 74.13563636 43.84938636]
-0.12	 -0.83	-0.05	0.13	33_D	[24.21362069 76.47613793 45.09668966]
-0.22	 -0.91	0.07	0.31	33_D	[24.30564865 76.26602703 46.92662162]
-0.3	 -1.16	0.21	0.47	33_D	[24.62215  77.535775 43.9593  ]
0.01	 0.72	-0.1	-0.13	34_D	[24.93622727 69.14818182 44.10136364]
-0.13	 -0.35	-0.0	0.18	34_D	[24.40176923 70.19338462 42.38646154]
-0.14	 -0.39	0.07	0.19	34_D	[25.17983673 70.16363265 45.78710204]
0.2	 1.47	0.34	-0.58	35_I	[18.02078947 68.50257895 46.32968421]
0.16	 1.02	0.0	-0.27	35_I	[16.59443333 68.13926667 45.22233333]
0.19	 0.72	0.01	-0.27	35_I	[17.511      73.01611111 46.69633333]
-0.05	 -0.34	-0.05	0.04	35_I	[15.07796552 71.51789655 47.54741379]
-0.14	 -0.55	0.03	0.18	35_I	[17.9924717  72.62260377 49.72464151]
0.24	 1.34	0.17	-0.43	36_Q	[18.26810526 72.73626316 44.24531579]
0.14	 1.38	0.4	-0.66	36_Q	[15.10671429 70.85171429 41.66128571]
0.03	 0.21	-0.25	-0.06	36_Q	[16.89566667 70.79758333 39.79075   ]
0.08	 0.03	-0.13	-0.06	36_Q	[15.32026667 70.05053333 40.50053333]
-0.14	 -0.7	-0.11	0.16	36_Q	[17.49730435 72.95269565 41.35486957]
-0.18	 -0.69	0.13	0.19	36_Q	[14.94229787 73.58797872 41.5712766 ]
-0.23	 -1.01	-0.04	0.22	36_Q	[14.3671 74.8722 43.8418]
-0.08	 -0.31	0.02	0.12	36_Q	[15.64122857 73.7824     45.1886    ]
-0.19	 -0.69	0.03	0.26	36_Q	[12.84052778 73.48844444 43.34977778]
0.11	 1.59	0.12	-0.37	37_V	[18.29376923 71.06307692 39.79223077]
0.15	 1.73	0.08	-0.37	37_V	[18.888  70.868  39.3345]
0.26	 1.29	0.29	-0.54	37_V	[19.05168182 66.52890909 38.39127273]
-0.06	 0.0	-0.09	0.02	37_V	[21.66514706 68.29577941 38.93130882]
-0.12	 -0.51	-0.05	0.14	37_V	[21.28160714 71.53032143 39.99366071]
0.19	 1.4	0.25	-0.51	39_K	[16.0852     66.6466     44.07353333]
0.07	 0.56	0.0	-0.22	39_K	[14.33268 65.30784 42.76804]
0.09	 0.71	0.11	-0.29	39_K	[13.142      67.25391667 39.43608333]
-0.11	 -0.62	-0.18	0.1	39_K	[12.4968     65.75026667 40.05926667]
-0.09	 -0.03	-0.0	0.05	39_K	[13.0659697  68.47615152 41.53548485]
-0.22	 -0.55	-0.04	0.18	39_K	[13.5232  67.26616 44.44336]
-0.07	 -0.18	-0.02	-0.02	39_K	[12.43192593 70.1017037  42.91977778]
-0.09	 -0.47	-0.01	0.11	39_K	[12.44077778 69.16636111 46.26430556]
-0.19	 -0.69	0.1	0.27	39_K	[11.4537963  71.65544444 45.5122037 ]
0.1	 0.99	0.09	-0.31	40_E	[14.62175  68.777    39.463125]
-0.11	 -0.49	-0.02	0.03	40_E	[13.9431875 67.7085    37.68525  ]
0.12	 0.73	0.04	-0.25	40_E	[14.60036364 65.73690909 35.83040909]
0.13	 0.64	0.15	-0.32	40_E	[17.12690909 68.45530303 37.86012121]
-0.03	 -0.26	0.03	-0.0	40_E	[15.74353125 67.96171875 35.82825   ]
-0.11	 -0.02	-0.14	0.08	40_E	[17.54336111 69.37272222 35.84658333]
-0.17	 -0.58	-0.05	0.25	40_E	[18.038      70.80994737 37.03297368]
-0.3	 -1.04	0.15	0.43	40_E	[17.3172973  69.48632432 33.8792973 ]
0.22	 1.54	0.32	-0.57	41_F	[17.36771429 59.9752381  40.25495238]
0.13	 1.0	-0.01	-0.26	41_F	[19.821375   57.87995833 38.18191667]
0.11	 1.01	-0.02	-0.21	42_A	[15.10054167 60.63295833 40.15245833]
0.03	 -0.02	-0.1	-0.06	42_A	[11.77757143 62.45757143 39.53657143]
-0.01	 0.1	-0.04	-0.08	42_A	[12.26989286 60.29057143 38.82392857]
-0.08	 -0.34	-0.07	0.09	42_A	[13.22298039 62.27192157 41.73541176]
0.15	 1.39	0.12	-0.36	43_A	[12.0364 64.047  39.4676]
-0.03	 0.34	0.73	-0.2	43_A	[10.31282143 62.93439286 37.43360714]
0.04	 -0.02	-0.1	-0.05	43_A	[12.24271429 63.83457143 34.74742857]
0.04	 0.32	0.0	-0.18	43_A	[10.52921739 62.41273913 34.79134783]
-0.71	 -0.94	0.09	0.32	43_A	[11.04485484 65.41093548 37.06320968]
0.16	 1.24	-0.02	-0.24	44_R	[13.385      64.56166667 35.32366667]
-0.0	 0.02	-0.01	-0.1	44_R	[13.58725 63.37445 33.63475]
0.2	 1.39	0.39	-0.62	44_R	[13.7042 60.9809 32.2932]
0.1	 1.23	-0.02	-0.16	44_R	[15.26908333 64.42983333 33.93616667]
-0.0	 0.33	-0.01	-0.02	44_R	[15.22845 62.4829  31.9652 ]
-0.13	 -0.48	0.04	0.16	44_R	[17.48266667 64.01693939 31.60966667]
0.04	 0.21	-0.03	-0.02	44_R	[19.43130769 65.24515385 33.20523077]
-0.07	 -0.27	-0.15	0.04	44_R	[17.48755882 66.32417647 33.95097059]
0.02	 0.13	-0.08	-0.05	44_R	[20.11491667 65.40797917 35.90877083]
0.11	 0.65	-0.13	-0.16	45_V	[14.70014286 58.55371429 38.89264286]
-0.06	 0.04	0.01	0.09	45_V	[14.41812162 56.44828378 37.43352703]
0.15	 1.25	0.07	-0.31	45_V	[16.72382051 58.10310256 38.16887179]
0.16	 1.33	0.18	-0.4	46_E	[11.88257143 58.74528571 37.80571429]
0.08	 0.44	0.01	-0.18	46_E	[10.33333333 57.23513333 36.76813333]
-0.02	 -0.31	-0.07	0.03	46_E	[ 9.92826087 60.12104348 38.18452174]
-0.15	 -0.54	-0.02	0.14	46_E	[ 7.88306061 58.81436364 37.87136364]
-0.02	 0.13	-0.1	-0.02	46_E	[ 7.23741935 60.55616129 36.07719355]
-0.06	 0.12	-0.02	-0.03	46_E	[ 7.11735556 60.10897778 34.07935556]
-0.3	 -0.9	0.06	0.56	46_E	[ 6.84460976 61.85926829 37.04436585]
0.01	 0.07	-0.09	-0.07	47_D	[10.862975 61.911975 32.299125]
-0.2	 -0.98	-0.02	0.25	47_D	[10.07446667 62.79286667 30.408     ]
-0.09	 -0.46	0.07	0.1	47_D	[ 8.3916129  61.51251613 29.9876129 ]
-0.07	 -0.05	-0.04	0.03	47_D	[11.73981081 61.60091892 29.21689189]
0.24	 1.67	0.13	-0.4	48_C	[14.88778571 56.28696429 33.34232143]
0.17	 1.0	0.05	-0.31	48_C	[14.17136842 60.28168421 31.00336842]
0.21	 1.44	0.39	-0.62	49_T	[11.93729412 52.58517647 32.45435294]
0.04	 0.29	0.0	-0.15	49_T	[ 9.22417241 52.38058621 32.21855172]
0.13	 0.66	0.05	-0.27	49_T	[10.95294737 55.22752632 36.01926316]
0.04	 0.39	-0.01	-0.16	49_T	[13.48685294 54.26732353 35.19902941]
-0.19	 -0.77	-0.07	0.18	49_T	[10.25304082 52.30420408 35.47214286]
0.03	 -0.16	-0.08	-0.0	50_N	[ 6.70654545 53.61681818 32.77772727]
0.13	 1.48	0.21	-0.47	50_N	[ 5.7198 56.4304 31.5986]
-0.15	 -0.38	0.03	0.15	50_N	[ 5.4899697  54.53836364 30.61093939]
-0.08	 -0.33	-0.03	0.03	50_N	[ 5.70290625 56.3299375  33.3578125 ]
-0.04	 0.27	0.05	-0.06	50_N	[ 6.62745455 55.11845455 35.7075    ]
-0.18	 -0.47	0.06	0.2	50_N	[ 6.16911628 56.66339535 36.51109302]
-0.11	 -0.41	0.06	0.08	50_N	[ 7.74109524 54.11780952 35.88659524]
-0.0	 0.28	-0.11	-0.03	51_V	[ 5.892875 56.052375 29.2575  ]
0.09	 1.19	0.46	-0.71	51_V	[ 8.41542857 56.59614286 26.67814286]
-0.1	 0.05	0.04	0.01	51_V	[ 7.00141667 54.95991667 27.33595833]
-0.13	 -0.56	0.03	0.2	51_V	[ 6.88482759 58.62796552 27.29098276]
-0.09	 -0.57	0.06	0.12	51_V	[ 5.92523529 59.09143137 30.70613725]
-0.0	 0.56	0.01	-0.08	52_K	[ 9.66833333 55.66761111 26.1835    ]
0.11	 1.74	-0.0	-0.27	52_K	[ 9.975  53.994  26.2442]
-0.11	 -0.63	0.04	0.17	52_K	[11.72406667 53.68556667 25.9299    ]
0.06	 0.91	-0.05	-0.12	52_K	[12.55538462 55.999      26.04953846]
-0.04	 -0.54	0.02	0.05	52_K	[10.7872  57.8766  25.62435]
0.0	 0.18	0.05	-0.17	52_K	[13.63082857 58.79485714 26.70557143]
-0.23	 -1.04	0.08	0.3	52_K	[12.9221  60.41338 25.3214 ]
-0.19	 -0.63	-0.01	0.25	52_K	[10.87324444 61.409      26.52368889]
0.08	 0.79	0.03	-0.23	53_H	[11.46847368 51.83921053 30.70557895]
0.09	 0.67	-0.03	-0.21	53_H	[13.03071429 51.36242857 30.35738095]
-0.17	 -0.86	-0.03	0.2	53_H	[13.24326829 51.01943902 27.82182927]
-0.15	 -0.88	0.01	0.22	53_H	[10.32848485 50.44036364 28.01190909]
-0.09	 0.7	-0.07	0.12	53_H	[ 8.73085714 50.11542857 28.13728571]
-0.15	 -0.56	-0.02	0.21	53_H	[ 8.36473333 50.85966667 30.37493333]
-0.16	 -0.77	0.08	0.23	53_H	[ 8.1377   52.007325 26.254   ]
-0.16	 -0.78	0.04	0.23	53_H	[ 6.23504444 51.59035556 29.83188889]
-0.22	 -0.93	0.13	0.31	53_H	[ 5.90513043 52.12465217 27.48521739]
-0.05	 0.62	-0.18	0.01	54_D	[15.3688     51.99586667 28.07686667]
0.23	 1.62	0.19	-0.45	54_D	[15.93742857 54.95571429 32.2695    ]
0.01	 0.23	-0.03	-0.12	54_D	[14.52486364 54.73122727 26.63540909]
-0.03	 0.01	-0.04	-0.0	54_D	[16.95570588 53.15511765 27.20564706]
0.12	 1.67	0.05	-0.32	54_D	[17.9212 52.8801 28.3324]
-0.12	 -0.3	0.08	0.12	54_D	[17.03435294 55.47231373 26.15035294]
0.08	 0.07	0.05	-0.17	55_M	[16.16385714 51.4267619  29.68861905]
0.12	 0.83	-0.1	-0.19	55_M	[16.88970588 53.72717647 32.98688235]
-0.02	 0.04	-0.12	-0.06	55_M	[19.311125 51.369625 31.5525  ]
-0.09	 -0.18	-0.04	0.08	55_M	[19.72206818 53.36604545 33.11963636]
-0.19	 -0.91	0.05	0.27	55_M	[17.71975758 50.60427273 32.88730303]
-0.19	 -0.9	-0.12	0.22	55_M	[15.38726829 49.72112195 32.26780488]
-0.06	 -0.05	0.05	-0.04	55_M	[15.05043333 52.19676667 34.12466667]
-0.2	 -0.92	0.07	0.27	55_M	[13.33413514 50.1012027  34.41136486]
0.04	 0.3	-0.08	-0.07	56_A	[18.82653333 51.87413333 29.5888    ]
-0.04	 -0.07	-0.03	0.08	56_A	[20.85207143 52.03685714 30.52928571]
-0.16	 -0.84	0.05	0.23	56_A	[20.85843182 53.07656818 27.59995455]
0.13	 1.48	0.11	-0.39	57_P	[21.7786 54.4516 32.2718]
0.11	 0.94	0.03	-0.28	57_P	[21.77323529 55.40958824 32.73205882]
0.1	 0.83	0.11	-0.29	57_P	[23.71973333 58.29926667 29.7376    ]
0.1	 1.12	-0.05	-0.19	57_P	[23.4484375 59.488375  30.955625 ]
0.1	 0.84	0.01	-0.2	57_P	[24.44266129 56.27182258 32.93570968]
-0.15	 -0.76	-0.09	0.23	57_P	[25.31882609 55.13417391 30.32823913]
-0.08	 0.22	-0.13	0.04	57_P	[23.23002381 53.40264286 30.5892381 ]
0.22	 1.7	0.01	-0.29	58_T	[23.5776 58.8604 28.6622]
0.07	 0.47	-0.07	-0.13	58_T	[19.69388889 58.58655556 26.90277778]
-0.1	 -0.43	0.01	0.04	58_T	[20.3493871  60.78280645 27.59329032]
-0.08	 -0.25	-0.04	0.1	58_T	[21.85876 58.7284  26.00932]
-0.1	 -0.4	-0.08	0.08	58_T	[20.49362069 55.96537931 26.15689655]
-0.2	 -0.88	0.07	0.29	58_T	[23.97361111 56.97475    26.35826389]
0.16	 1.28	0.3	-0.55	59_C	[18.96628571 57.54057143 27.35914286]
-0.09	 -0.64	-0.06	0.09	59_C	[17.73915385 59.45546154 27.84638462]
0.09	 0.28	0.03	-0.17	59_C	[17.67096552 61.38596552 30.10813793]
-0.01	 0.32	-0.14	-0.03	59_C	[17.2296 57.7262 27.3289]
0.0	 0.21	-0.1	-0.12	59_C	[15.03785714 59.29242857 28.20248571]
0.18	 1.56	0.1	-0.38	60_T	[20.31888889 56.07388889 33.61466667]
0.02	 0.07	-0.03	-0.11	60_T	[17.58091429 56.29831429 34.23368571]
0.03	 -0.23	-0.03	-0.07	60_T	[20.46460606 57.10312121 35.43348485]
0.13	 0.71	-0.06	-0.25	61_K	[23.50316667 61.03658333 32.20216667]
0.11	 1.13	-0.16	-0.11	61_K	[23.35846154 62.41038462 33.79769231]
0.1	 0.92	0.05	-0.19	61_K	[22.24333333 63.60633333 34.74666667]
-0.02	 -0.29	-0.07	0.02	61_K	[21.34182353 64.01188235 32.40058824]
-0.04	 -0.36	-0.07	0.04	61_K	[20.66107407 63.34040741 30.23981481]
-0.16	 -0.68	0.02	0.21	61_K	[23.93662162 63.22237838 30.89605405]
-0.17	 -0.72	-0.05	0.19	61_K	[24.27191489 61.69176596 28.53985106]
-0.28	 -1.16	0.17	0.41	61_K	[22.8959375  63.77366667 27.57027083]
0.13	 0.95	-0.06	-0.2	62_P	[23.762125 62.942875 35.36725 ]
-0.09	 0.1	0.03	0.03	62_P	[25.71581081 61.29302703 36.21672973]
0.13	 1.01	0.01	-0.27	62_P	[22.71846154 57.86842308 37.70646154]
0.2	 1.19	0.09	-0.33	62_P	[24.53915625 57.98496875 34.8384375 ]
0.06	 0.36	-0.01	-0.1	62_P	[24.1952  59.88585 33.46925]
0.03	 0.6	-0.04	-0.06	63_P	[24.46676471 63.95370588 36.33241176]
0.07	 0.58	-0.23	-0.02	63_P	[26.63866667 62.0125     37.97083333]
0.25	 1.49	0.2	-0.43	63_P	[26.14344444 60.77211111 39.13066667]
-0.01	 -0.31	-0.05	-0.01	63_P	[23.85659459 65.92310811 38.41583784]
0.22	 1.4	0.27	-0.53	63_P	[21.50514286 65.40492857 37.81692857]
0.15	 1.39	0.17	-0.45	63_P	[22.6154 64.0939 36.4122]
0.09	 0.68	-0.13	-0.09	64_P	[27.31433333 62.96833333 37.7635    ]
-0.05	 -0.09	-0.1	0.01	64_P	[28.43806667 62.10176667 39.34123333]
0.05	 0.2	-0.12	-0.06	64_P	[28.66625  64.222375 42.086125]
-0.1	 -0.25	-0.07	0.16	64_P	[29.25614286 62.04242857 42.17703571]
-0.25	 -1.3	0.14	0.39	64_P	[29.99164103 64.71958974 39.89366667]
-0.18	 -0.94	0.1	0.28	64_P	[28.00412766 66.60106383 39.66725532]
-0.18	 -0.84	-0.03	0.22	64_P	[27.02533333 65.36976923 37.39853846]
0.13	 0.4	0.04	-0.27	65_F	[26.91057143 65.04378571 41.92385714]
-0.04	 -0.28	-0.07	0.09	65_F	[27.29614286 62.97689286 44.16596429]
0.16	 1.25	0.42	-0.64	65_F	[27.39518182 61.35145455 44.11454545]
-0.04	 -0.41	-0.02	0.03	65_F	[25.71492 65.26316 44.39252]
0.11	 0.09	-0.06	-0.19	65_F	[24.1403     66.65033333 41.9398    ]
0.07	 0.64	-0.1	-0.13	67_G	[29.82052174 59.6486087  43.14043478]
0.05	 0.24	-0.18	-0.04	67_G	[29.74073333 59.67853333 40.559     ]
0.12	 0.33	0.07	-0.27	67_G	[28.12175    59.032      39.37646429]
0.14	 1.34	-0.07	-0.2	68_P	[31.0125  59.07475 40.6385 ]
-0.07	 -0.16	-0.0	0.02	68_P	[31.25468182 57.91577273 38.68177273]
-0.09	 -0.02	-0.09	0.03	68_P	[33.56785185 56.28155556 39.71859259]
-0.24	 -1.34	0.14	0.38	68_P	[33.63736957 58.08021739 41.45558696]
-0.06	 -0.51	0.01	0.03	68_P	[31.91529412 57.89091176 42.95617647]
0.04	 0.49	0.0	-0.12	69_Q	[30.45092 56.81328 37.18532]
0.05	 0.53	-0.26	-0.04	69_Q	[30.51954545 54.00727273 35.36463636]
0.05	 0.3	0.02	-0.13	69_Q	[29.30976 52.04144 35.63928]
-0.04	 -0.24	0.02	0.04	69_Q	[28.4535122  55.3384878  34.87082927]
-0.16	 -0.58	-0.23	0.27	69_Q	[27.55143243 57.81791892 35.49618919]
0.15	 0.59	-0.05	-0.23	69_Q	[24.40922222 55.60340741 36.1557037 ]
0.22	 1.47	0.22	-0.48	69_Q	[25.38358537 57.63834146 38.29465854]
0.14	 1.04	-0.03	-0.26	70_D	[31.5676 54.9403 36.3881]
-0.05	 0.17	-0.14	0.01	70_D	[31.28873684 51.20447368 36.556     ]
0.21	 1.08	0.14	-0.4	70_D	[32.43314286 50.09664286 37.91271429]
0.04	 0.68	0.01	-0.21	70_D	[34.30506667 51.1825     38.21183333]
-0.18	 -0.8	0.05	0.28	70_D	[32.9077619  52.85280952 35.26940476]
-0.08	 0.05	-0.01	0.04	70_D	[34.44114286 54.42319048 36.70419048]
-0.04	 -0.15	-0.04	0.01	70_D	[33.85469231 55.14135897 38.05235897]
-0.28	 -0.93	0.19	0.44	70_D	[35.89382927 53.06763415 36.47687805]
0.07	 0.71	0.02	-0.13	71_M	[33.91317647 52.17758824 40.54776471]
0.02	 0.21	-0.01	-0.09	71_M	[33.12518182 53.46257576 42.50348485]
0.25	 1.55	0.1	-0.36	71_M	[31.75253333 54.9152     44.00066667]
0.07	 0.55	-0.08	-0.11	72_K	[33.78429412 50.07476471 42.511     ]
0.22	 1.02	0.13	-0.42	72_K	[32.5995625  49.03003125 45.2188125 ]
-0.02	 -0.11	-0.0	-0.01	72_K	[34.61495 47.8894  43.35915]
0.06	 -0.41	-0.01	-0.12	72_K	[35.39931579 45.92557895 41.70684211]
-0.08	 -0.63	0.0	0.09	72_K	[35.41561111 48.80988889 40.34894444]
-0.16	 -0.81	-0.01	0.19	72_K	[35.69458621 46.16472414 38.80127586]
-0.15	 -0.45	0.01	0.2	72_K	[34.8783871  48.44030645 37.39772581]
0.2	 1.24	0.22	-0.48	73_M	[28.42813333 43.86126667 44.915     ]
0.02	 -0.09	-0.03	-0.04	73_M	[24.84853846 46.42769231 44.62865385]
0.03	 0.59	-0.06	-0.1	73_M	[24.03991429 46.89788571 47.65057143]
0.02	 0.27	0.05	-0.0	74_F	[34.78112245 46.65646939 46.66691837]
0.06	 0.85	-0.01	-0.09	74_F	[36.11974074 45.08614815 44.23444444]
0.15	 0.97	0.05	-0.36	75_N	[25.11976923 41.29253846 49.46107692]
-0.05	 0.28	-0.0	0.02	75_N	[24.593     43.1193125 47.399375 ]
0.06	 0.57	-0.02	-0.18	75_N	[26.2439375  44.01465625 46.3036875 ]
-0.18	 -0.71	-0.05	0.27	75_N	[24.31155102 43.82912245 49.76061224]
0.13	 1.33	0.44	-0.66	76_F	[28.75942857 38.45114286 52.95185714]
0.04	 0.04	-0.06	-0.15	76_F	[25.53172973 41.59659459 52.31      ]
0.17	 0.97	0.12	-0.35	76_F	[29.63369565 38.84778261 53.99365217]
0.16	 1.38	0.19	-0.45	76_F	[31.24186364 38.44863636 52.87127273]
0.19	 1.18	0.07	-0.35	77_V	[28.11792308 38.03646154 53.81423077]
0.09	 -0.81	-0.08	-0.13	77_V	[24.5945    39.329875  53.5300625]
0.1	 1.28	0.32	-0.57	77_V	[25.10057143 39.93557143 57.55528571]
0.02	 0.07	0.02	-0.04	77_V	[27.48284211 40.35073684 57.29176316]
-0.04	 0.45	-0.23	-0.06	77_V	[25.05370968 36.82603226 53.90822581]
-0.1	 -0.22	-0.11	0.15	77_V	[27.21429333 36.94384    56.19510667]
-0.22	 -1.2	0.11	0.35	77_V	[23.63985    37.90708333 56.59716667]
-0.07	 -0.21	0.0	0.05	78_G	[24.19976471 41.59488235 54.93394118]
-0.2	 -0.58	-0.12	0.24	78_G	[23.99762 42.4305  57.39804]
0.08	 0.72	-0.0	-0.23	78_G	[25.64896154 44.05207692 56.92515385]
0.11	 0.22	-0.0	-0.19	78_G	[26.33126316 44.00626316 58.89389474]
0.05	 0.6	-0.04	-0.02	79_C	[25.5879 43.6204 54.4843]
0.14	 1.53	0.04	-0.26	79_C	[26.22       45.474      55.47690909]
0.09	 0.04	0.07	-0.27	79_C	[26.44485714 44.90135714 53.65185714]
0.16	 1.62	0.25	-0.5	79_C	[26.39192308 43.68084615 52.12453846]
0.18	 1.5	0.16	-0.43	79_C	[28.54973333 42.62473333 57.50493333]
0.11	 0.51	-0.12	-0.14	80_S	[25.92433333 45.08022222 51.77833333]
0.08	 0.37	0.03	-0.2	80_S	[25.48639474 47.22323684 51.88315789]
0.15	 1.02	0.05	-0.33	81_V	[34.16514583 48.14835417 48.40141667]
-0.02	 -0.18	-0.09	-0.07	83_G	[33.31863333 52.89296667 45.02623333]
-0.0	 0.02	-0.23	-0.03	83_G	[34.79911111 53.11       45.83633333]
-0.03	 0.14	0.13	-0.01	83_G	[34.56576744 50.52916279 46.97874419]
0.13	 0.71	-0.01	-0.22	84_N	[33.23425   54.886875  47.4914375]
0.07	 0.27	-0.07	-0.12	84_N	[35.86428571 55.796      49.28928571]
0.0	 0.27	-0.07	-0.05	84_N	[36.93197297 54.5332973  47.59705405]
-0.33	 -1.09	0.19	0.52	84_N	[37.68725641 56.31982051 47.12317949]
-0.13	 -0.15	-0.11	0.14	84_N	[37.51136842 53.15202632 46.43297368]
0.19	 1.31	0.14	-0.4	85_K	[32.63726087 56.3373913  49.58986957]
0.18	 0.8	0.05	-0.33	85_K	[28.5811 56.9612 51.3986]
-0.14	 0.07	-0.08	0.11	85_K	[31.08268889 58.46757778 50.28797778]
-0.07	 0.05	-0.09	0.07	85_K	[29.12693939 59.76842424 49.74633333]
0.22	 1.2	0.16	-0.41	86_L	[33.46540909 49.25136364 58.82622727]
0.2	 1.24	0.19	-0.44	87_F	[26.28725    47.30064286 55.07075   ]
0.24	 1.26	0.43	-0.65	87_F	[27.37835714 55.68064286 52.08414286]
0.19	 0.58	0.07	-0.27	88_I	[25.49746154 50.03557692 59.82642308]
0.07	 1.29	-0.02	-0.17	88_I	[27.83083333 49.33058333 60.467     ]
-0.07	 -0.37	-0.08	0.05	88_I	[26.96772917 46.75560417 61.1670625 ]
0.03	 0.18	-0.09	-0.1	88_I	[30.62919149 48.05248936 61.06995745]
0.18	 1.3	0.09	-0.36	89_D	[24.9275   46.69525  56.602375]
-0.07	 -0.02	-0.22	0.06	89_D	[22.71928 46.38952 57.191  ]
0.03	 0.42	-0.14	-0.03	89_D	[21.16083333 47.791      57.265     ]
-0.03	 -0.12	-0.02	-0.08	89_D	[20.71341667 49.66770833 57.75666667]
0.02	 0.06	-0.06	-0.05	89_D	[22.01922581 48.19132258 60.23174194]
-0.11	 -0.16	0.0	0.07	89_D	[22.83226316 45.98505263 61.28289474]
-0.09	 -0.34	0.05	0.11	89_D	[23.33425  44.84625  59.822275]
-0.19	 -0.63	-0.04	0.35	89_D	[23.88034783 47.10382609 62.15613043]
0.05	 -0.44	-0.08	-0.11	90_Q	[23.87016667 47.94311111 55.07622222]
0.17	 1.62	0.21	-0.48	90_Q	[23.51918182 48.52418182 54.06481818]
-0.04	 -0.04	0.01	-0.03	90_Q	[21.13483333 52.470625   55.76183333]
0.02	 0.23	-0.04	-0.13	90_Q	[20.20269231 50.52384615 54.91065385]
-0.13	 -0.42	-0.09	0.13	90_Q	[21.11818421 47.19436842 54.51165789]
-0.06	 -0.29	-0.14	0.1	90_Q	[19.33725    48.12521429 53.32053571]
-0.31	 -1.14	0.26	0.51	90_Q	[18.6834359  46.51589744 53.039     ]
-0.22	 -1.02	-0.04	0.37	90_Q	[18.369675 49.740475 53.03455 ]
0.17	 0.84	0.01	-0.27	91_K	[23.30363636 53.99345455 56.79754545]
-0.05	 -0.06	-0.14	0.09	91_K	[24.80768571 53.35468571 59.151     ]
-0.12	 -0.49	-0.07	0.1	91_K	[21.5832381  53.07647619 58.13190476]
-0.1	 -0.62	0.01	0.17	91_K	[22.92888889 52.38263889 60.93238889]
-0.14	 -0.77	0.01	0.21	91_K	[20.01784615 51.54492308 60.06512821]
-0.25	 -1.01	0.07	0.41	91_K	[20.62996825 51.2064127  62.40015873]
0.11	 -0.1	0.04	-0.21	92_Y	[25.19311765 55.25082353 56.72764706]
-0.07	 -0.17	0.04	0.1	92_Y	[27.55917073 55.07892683 59.10092683]
-0.13	 -0.57	-0.05	0.09	92_Y	[26.35390625 56.7973125  55.18503125]
-0.11	 0.42	-0.06	0.09	92_Y	[28.23716667 57.71516667 54.546     ]
0.09	 0.63	-0.01	-0.22	92_Y	[28.64563636 56.83836364 53.3575    ]
-0.13	 -0.81	-0.01	0.11	92_Y	[28.8184359  57.96620513 56.95120513]
0.17	 1.2	0.05	-0.29	92_Y	[30.1638 57.8414 53.4962]
-0.18	 -1.13	0.06	0.28	92_Y	[30.918     58.738625  56.7920625]
-0.0	 0.06	-0.05	-0.11	92_Y	[31.11105882 58.30952941 53.94941176]
-0.12	 -0.53	-0.07	0.09	92_Y	[33.31180769 58.45211538 55.21969231]
-0.06	 -0.29	-0.22	0.01	93_V	[29.63307143 54.78428571 59.82135714]
0.13	 1.42	0.39	-0.62	93_V	[30.159      55.91014286 58.84957143]
-0.12	 -0.55	0.04	0.15	93_V	[31.53668421 55.98731579 59.61244737]
-0.07	 -0.4	-0.01	0.09	93_V	[31.77144231 52.00598077 60.753     ]
0.01	 -0.28	-0.0	-0.04	93_V	[28.28216667 51.75469444 59.99802778]
0.14	 1.13	-0.05	-0.18	94_R	[33.38516667 56.90966667 57.47625   ]
-0.13	 -0.82	0.04	0.15	94_R	[34.935      55.83871429 58.6515    ]
-0.12	 -0.43	0.03	0.16	94_R	[35.6792439  53.93721951 60.0447561 ]
-0.09	 -0.62	0.05	0.12	94_R	[35.31573913 51.25026087 60.35956522]
-0.06	 -0.05	-0.11	0.08	94_R	[37.89666667 51.61306667 59.5408    ]
0.11	 0.57	-0.13	-0.18	94_R	[37.91206667 53.002      58.1552    ]
-0.08	 -0.45	-0.01	0.04	94_R	[37.05809091 49.44254545 59.43784091]
0.07	 0.53	-0.04	-0.15	95_D	[35.3705     56.69172222 55.90277778]
0.06	 0.79	0.02	-0.18	95_D	[37.79617647 54.62735294 55.80847059]
-0.08	 -0.45	0.05	0.07	95_D	[37.09846154 56.75684615 53.06335897]
-0.15	 -0.55	-0.03	0.19	95_D	[35.480875  58.6079375 53.2778125]
0.04	 0.2	-0.02	-0.06	95_D	[33.36118182 58.36145455 52.63240909]
-0.19	 -0.35	0.06	0.21	95_D	[35.56969048 57.94985714 50.89480952]
0.11	 1.48	0.09	-0.38	96_L	[39.3184 54.0636 54.3492]
-0.0	 0.07	0.02	-0.03	96_L	[39.14443137 53.75554902 51.90713725]
0.28	 1.37	0.04	-0.33	96_L	[36.34375    47.85858333 49.90325   ]
-0.07	 -0.06	0.01	-0.01	97_T	[41.13663636 53.63463636 54.29436364]
0.16	 0.96	0.04	-0.28	97_T	[41.636375  51.847     52.0446875]
-0.12	 -0.47	-0.05	0.09	97_T	[42.99082609 51.86847826 56.36882609]
0.08	 0.65	0.01	-0.18	97_T	[40.80182609 50.05986957 57.44482609]
-0.17	 -0.74	0.04	0.24	97_T	[40.63332787 53.12793443 57.65122951]
-0.14	 -0.39	-0.07	0.15	98_A	[43.48846667 52.3038     53.70993333]
0.04	 0.49	-0.11	-0.12	98_A	[43.48647619 50.52252381 51.251     ]
0.08	 0.28	-0.14	-0.09	98_A	[45.3967 48.7909 53.8757]
-0.04	 -0.3	0.04	-0.04	98_A	[44.673   47.53168 51.97844]
-0.27	 -1.35	0.14	0.4	98_A	[45.73396923 51.05767692 52.2502    ]
0.07	 1.07	-0.0	-0.18	99_K	[44.49811765 49.70411765 55.183     ]
0.03	 0.24	-0.15	-0.11	99_K	[44.9239  47.03515 55.14   ]
0.23	 1.4	0.18	-0.45	99_K	[43.05528571 44.81107143 55.36321429]
-0.05	 -0.09	-0.14	-0.03	99_K	[43.12223333 48.92156667 57.18156667]
-0.07	 -0.39	-0.16	0.08	99_K	[43.06826316 45.97010526 57.71897368]
-0.24	 -1.12	0.1	0.34	99_K	[44.45255556 46.80566667 59.53633333]
-0.16	 -0.92	0.01	0.2	99_K	[46.26885714 47.20383673 57.29142857]
-0.24	 -1.13	0.14	0.4	99_K	[47.48264615 47.37046154 59.31563077]
0.15	 1.33	0.24	-0.53	100_D	[39.22571429 49.32985714 57.57471429]
0.11	 0.57	-0.04	-0.15	100_D	[39.31495652 47.95069565 57.64904348]
0.16	 1.74	0.15	-0.42	101_H	[39.7135     46.39966667 49.31791667]
0.15	 2.1	0.09	-0.35	101_H	[42.46466667 45.33291667 49.3445    ]
0.18	 1.22	0.2	-0.42	101_H	[40.4744375 44.63075   48.672    ]
-0.09	 -0.07	-0.07	0.05	101_H	[41.95548485 47.57112121 49.22409091]
-0.11	 0.43	-0.08	0.12	101_H	[40.46914286 48.31671429 48.05357143]
-0.13	 -0.34	-0.06	0.13	101_H	[41.92075   50.3316875 49.059625 ]
-0.07	 -0.18	-0.12	0.05	101_H	[38.18992308 48.07730769 48.86711538]
-0.09	 -0.14	-0.04	0.08	101_H	[39.91832203 51.85338983 48.48177966]
0.03	 1.12	0.03	-0.17	101_H	[37.43717391 50.25882609 48.18030435]
0.2	 0.75	-0.05	-0.21	102_A	[43.38911111 46.46488889 50.56977778]
-0.02	 0.12	-0.08	-0.03	102_A	[43.89668 44.22692 50.20028]
0.11	 -0.28	-0.1	-0.14	102_A	[43.035375 42.158    53.212   ]
0.18	 0.56	-0.01	-0.2	102_A	[43.45790909 41.47309091 50.77036364]
-0.17	 -0.81	-0.01	0.27	102_A	[44.98068254 44.2814127  52.8535873 ]
0.12	 1.5	0.18	-0.45	103_E	[42.67775  43.003625 54.042375]
0.01	 0.07	-0.14	-0.06	103_E	[41.60722222 41.17833333 53.95961111]
0.19	 0.28	0.02	-0.23	103_E	[38.91569565 40.20847826 53.64008696]
0.14	 1.14	0.01	-0.25	103_E	[39.15877778 41.34644444 55.23655556]
-0.06	 -0.2	-0.01	0.04	103_E	[41.45753191 42.62765957 56.24776596]
-0.05	 -0.43	-0.11	0.03	103_E	[40.43457143 42.63428571 58.35121429]
0.11	 0.64	-0.05	-0.15	103_E	[38.93190909 41.50009091 57.71572727]
0.02	 0.26	-0.06	-0.12	103_E	[40.26894118 45.23738235 58.39482353]
0.12	 0.98	-0.08	-0.22	104_V	[38.6605  44.92125 48.7815 ]
0.1	 0.53	-0.07	-0.11	104_V	[37.2963125 44.5781875 47.3903125]
0.17	 1.33	0.14	-0.39	104_V	[36.34042857 45.87878571 49.51621429]
0.14	 1.36	0.37	-0.61	105_Q	[43.06909091 39.452      48.424     ]
0.19	 1.23	0.08	-0.32	105_Q	[41.26317391 39.21169565 46.69891304]
-0.03	 -0.16	-0.11	-0.0	105_Q	[43.25470732 41.09736585 47.74907317]
-0.14	 -0.68	-0.04	0.14	105_Q	[42.81471053 43.75386842 46.98665789]
-0.04	 0.5	-0.09	0.03	105_Q	[40.92386957 42.83256522 45.33795652]
0.08	 0.35	0.04	-0.17	105_Q	[39.31982609 43.74730435 46.10973913]
-0.22	 -0.87	0.03	0.29	105_Q	[41.80354839 42.11690323 44.08659677]
0.13	 1.42	0.09	-0.35	106_T	[42.98433333 39.45033333 49.23125   ]
0.03	 0.45	-0.25	-0.07	106_T	[43.24612 37.77996 49.80628]
0.23	 1.21	0.46	-0.67	106_T	[41.65133333 35.34175    50.36775   ]
0.02	 0.34	-0.16	-0.04	106_T	[41.39242857 39.0595     53.45121429]
-0.18	 -0.71	0.12	0.25	106_T	[43.85005556 39.50769444 52.16530556]
-0.12	 -0.58	-0.03	0.15	106_T	[42.33873611 36.64823611 53.01384722]
0.13	 1.15	0.19	-0.41	107_F	[39.38292857 38.27764286 52.45907143]
0.19	 0.94	0.05	-0.3	107_F	[38.413      36.12662963 52.06718519]
0.12	 1.24	0.04	-0.25	107_F	[37.39941667 38.81691667 52.96708333]
0.18	 1.08	0.08	-0.34	107_F	[36.42556522 37.46547826 53.62669565]
0.12	 1.31	0.01	-0.28	107_F	[32.539      36.71486957 53.9083913 ]
0.08	 0.86	-0.03	-0.2	107_F	[31.96921053 35.51947368 51.92510526]
0.05	 0.33	-0.08	-0.14	108_R	[39.48069231 36.62638462 45.37307692]
0.05	 0.6	-0.04	-0.18	108_R	[37.85152941 35.31005882 44.85823529]
-0.0	 0.27	-0.14	-0.04	108_R	[38.63139535 38.44730233 45.24632558]
0.13	 1.25	0.09	-0.34	108_R	[35.52810526 38.57778947 45.61231579]
0.19	 1.31	0.41	-0.63	108_R	[39.18778571 40.65685714 44.75321429]
0.05	 0.17	-0.06	-0.1	108_R	[36.47242308 39.59019231 43.67269231]
-0.04	 -0.27	-0.15	0.01	108_R	[39.11053333 40.64793333 43.1402    ]
-0.04	 -0.05	-0.06	0.06	108_R	[38.12989583 43.10935417 42.5734375 ]
-0.24	 -1.13	0.15	0.36	108_R	[37.49511364 40.35484091 40.96461364]
0.11	 1.35	0.06	-0.35	109_E	[40.026  37.0866 45.825 ]
0.04	 0.3	-0.1	-0.11	109_E	[40.6636875 34.73525   45.4280625]
0.11	 0.6	0.01	-0.19	109_E	[41.3128 32.9338 48.4623]
-0.05	 -0.15	-0.07	0.0	109_E	[40.9022381  32.13961905 46.47114286]
0.0	 -0.17	-0.12	-0.04	109_E	[42.50607692 34.73092308 48.44680769]
-0.14	 -0.72	0.01	0.14	109_E	[42.34080435 36.04421739 45.48752174]
-0.1	 -0.41	-0.08	0.17	109_E	[45.05895238 36.42390476 46.55838095]
-0.24	 -0.88	0.1	0.38	109_E	[45.16153488 35.38355814 47.86174419]
-0.16	 -0.35	-0.01	0.19	109_E	[44.42721818 38.42072727 46.80541818]
0.0	 0.23	-0.17	-0.06	110_K	[40.16617647 31.32123529 49.10652941]
0.17	 0.47	0.1	-0.29	110_K	[37.76181818 30.15245455 49.47777273]
0.08	 0.43	-0.04	-0.14	110_K	[38.47576471 31.38176471 51.38711765]
-0.04	 -0.51	-0.04	0.02	110_K	[41.30369697 32.83148485 50.78930303]
0.06	 0.21	-0.01	-0.12	110_K	[39.51118966 32.80068966 53.55296552]
-0.18	 -0.74	-0.07	0.23	110_K	[42.4439375  32.9000625  53.39345833]
-0.22	 -0.83	-0.3	0.65	110_K	[41.38814286 32.26304762 55.62222222]
0.03	 0.21	0.0	-0.16	111_I	[32.43712821 33.03438462 46.59705128]
0.03	 0.36	-0.02	-0.15	111_I	[34.67220513 35.43266667 45.34889744]
0.16	 1.16	0.08	-0.31	111_I	[31.46502174 32.90295652 49.49926087]
0.13	 1.34	0.21	-0.46	112_A	[36.455     32.5374375 43.432375 ]
0.04	 0.08	-0.12	-0.08	112_A	[38.897625 30.518    43.505875]
-0.0	 0.45	-0.01	-0.12	112_A	[37.33454545 29.44904545 42.82863636]
-0.21	 -0.85	0.04	0.28	112_A	[38.49787037 33.15898148 43.24938889]
0.16	 1.16	0.04	-0.29	113_A	[39.85227273 30.83163636 45.05518182]
-0.06	 -0.04	-0.07	0.03	113_A	[39.54910526 28.53615789 44.55157895]
0.14	 0.64	-0.01	-0.23	113_A	[38.573875   25.95116667 45.65679167]
-0.15	 -0.83	0.02	0.19	113_A	[40.66213333 28.71926667 47.26346667]
0.21	 1.01	0.13	-0.38	114_F	[36.29525    28.60475    49.91966667]
0.13	 0.52	0.08	-0.31	114_F	[32.0404  29.87232 47.7244 ]
0.11	 0.64	0.03	-0.22	114_F	[32.04233333 25.031625   51.22720833]
-0.09	 -0.11	-0.07	0.07	114_F	[30.23125 28.43445 48.4031 ]
-0.09	 0.08	0.05	0.05	114_F	[29.94442424 26.89839394 50.70478788]
0.15	 1.0	0.07	-0.33	115_E	[31.88745455 27.93968182 45.233     ]
-0.02	 -0.02	-0.01	-0.02	115_E	[32.15267742 29.89058065 44.679     ]
0.15	 0.42	0.04	-0.25	115_E	[34.67216667 29.63658333 41.96954167]
-0.02	 0.24	-0.06	-0.0	115_E	[33.73222222 32.00138889 42.85316667]
-0.25	 -0.86	0.01	0.33	115_E	[32.6177027  31.39186486 41.10608108]
-0.14	 -0.25	-0.07	0.11	115_E	[33.87384848 33.48193939 43.69184848]
0.06	 0.51	-0.03	-0.18	116_E	[35.24388889 26.91981481 41.45111111]
-0.1	 -0.24	-0.14	0.09	116_E	[38.175375   27.13883333 42.46220833]
-0.2	 -1.22	0.06	0.31	116_E	[38.52713953 25.46725581 40.90176744]
-0.18	 -0.7	-0.03	0.24	116_E	[39.4045     23.23892857 41.94342857]
-0.15	 -0.35	0.08	0.15	116_E	[38.67673333 23.5415     43.9634    ]
-0.09	 -0.24	0.03	0.1	116_E	[37.642925 22.43485  40.945425]
0.08	 0.79	-0.01	-0.16	117_Q	[36.15313636 21.98177273 44.20159091]
0.1	 0.89	-0.01	-0.27	117_Q	[33.27769231 20.97510256 45.33530769]
0.05	 0.27	-0.06	-0.1	117_Q	[37.3982  23.36385 46.43025]
-0.1	 -0.42	-0.16	0.15	117_Q	[34.86390476 20.96507143 47.48180952]
0.09	 0.73	-0.22	-0.23	117_Q	[35.85081818 20.42536364 49.38863636]
0.06	 0.32	-0.0	-0.11	117_Q	[37.60887097 21.94948387 49.03325806]
0.18	 1.38	0.16	-0.42	117_Q	[33.37944444 22.26425926 50.19051852]
0.03	 0.25	-0.07	-0.15	118_Q	[29.6546 24.2055 43.8534]
0.0	 0.03	0.03	-0.08	118_Q	[29.30385714 22.12271429 44.40657143]
-0.03	 -0.25	-0.01	0.06	118_Q	[30.00094118 25.52376471 45.14708824]
0.06	 0.5	0.03	-0.22	118_Q	[30.26078261 26.41843478 47.33130435]
0.13	 1.54	-0.04	-0.21	118_Q	[31.3036 23.779  49.7678]
0.38	 0.64	0.04	-0.34	118_Q	[31.83597368 22.38992105 48.63657895]
-0.19	 -0.7	-0.01	0.27	118_Q	[29.32757143 23.48505357 48.80208929]
-0.09	 -0.25	-0.11	0.09	119_E	[29.36116667 23.14761111 41.96661111]
0.06	 0.73	-0.04	-0.11	119_E	[30.32025   21.1355625 41.3719375]
-0.14	 -0.44	0.09	0.12	119_E	[30.91431429 22.44948571 39.05882857]
-0.13	 -0.58	0.05	0.13	119_E	[29.7139  25.09545 40.8427 ]
0.07	 0.4	-0.05	-0.18	119_E	[32.787      25.56030769 39.64261538]
-0.11	 -0.28	-0.12	0.09	119_E	[30.47133333 26.93366667 39.36493333]
-0.17	 -0.35	0.08	0.14	119_E	[30.30485366 27.91695122 41.86812195]
-0.19	 -0.54	0.04	0.26	119_E	[32.40519149 28.36089362 39.61265957]
-0.07	 -0.27	-0.05	-0.02	120_N	[32.0105     19.91442857 39.94792857]
-0.03	 -0.25	-0.1	0.01	120_N	[33.13707692 18.11123077 40.67553846]
-0.11	 -0.69	-0.09	0.16	120_N	[34.930025 18.735725 42.12015 ]
-0.02	 0.05	-0.01	-0.04	120_N	[35.23928571 20.46574286 40.54165714]
-0.03	 -0.16	0.03	-0.09	120_N	[34.79386667 22.16166667 38.58126667]
-0.24	 -0.97	0.11	0.38	120_N	[33.7434359  21.61435897 37.58035897]
-0.05	 -0.18	0.02	0.04	120_N	[34.73430556 24.07594444 39.10963889]
0.08	 0.91	-0.07	-0.18	121_Q	[30.95322222 19.05677778 41.57727778]
0.07	 1.13	0.1	-0.26	121_Q	[33.44458333 18.3275     44.13275   ]
0.1	 0.2	0.01	-0.22	121_Q	[31.73609524 16.5097619  42.22814286]
-0.16	 -0.62	-0.03	0.11	121_Q	[29.44828571 16.78760714 42.47317857]
-0.09	 -0.29	-0.09	0.14	121_Q	[31.953775 17.929825 45.378625]
-0.04	 0.03	-0.03	0.03	121_Q	[29.09472222 19.06394444 43.56461111]
-0.09	 0.21	-0.04	0.05	121_Q	[29.06730435 19.053      45.83534783]
-0.27	 -0.95	0.12	0.41	121_Q	[28.5267381  17.5485     46.38497619]
-0.13	 -0.25	-0.06	0.11	121_Q	[29.35164 20.76964 46.77216]
0.11	 1.45	0.04	-0.32	122_P	[32.22072727 15.43627273 42.23118182]
-0.16	 -0.79	-0.0	0.19	122_P	[31.167625  14.6315625 40.40775  ]
-0.19	 -0.84	-0.01	0.26	122_P	[30.29286957 13.6491087  43.3656087 ]
-0.29	 -0.95	0.16	0.44	122_P	[28.7109   13.852725 41.807575]
-0.18	 -0.95	0.06	0.31	122_P	[32.64597727 12.383      41.65668182]
-0.23	 -1.05	0.06	0.34	122_P	[34.52219608 14.52192157 40.98992157]
-0.1	 -0.55	-0.01	0.09	122_P	[33.88222917 15.624625   43.07725   ]
-0.24	 -0.9	0.12	0.24	133_P	[32.3376087  16.76369565 52.24413043]
-0.19	 -0.65	0.05	0.17	133_P	[33.71238889 18.02561111 50.2955    ]
-0.05	 0.19	-0.07	-0.02	133_P	[34.36233333 16.10188889 51.00277778]
-0.1	 -0.48	-0.15	0.14	133_P	[36.31539474 17.99560526 50.03155263]
0.09	 1.01	0.08	-0.28	133_P	[34.48467742 20.36403226 52.21593548]
-0.21	 -0.64	0.15	-0.02	133_P	[32.29954902 20.66719608 52.18668627]
-0.25	 -1.48	0.16	0.4	133_P	[31.60786 18.36996 53.68836]
-0.03	 -0.16	-0.1	-0.03	134_A	[34.86289286 16.61414286 53.47910714]
-0.2	 -0.75	-0.02	0.22	134_A	[36.49240909 15.03131818 54.16781818]
-0.09	 -1.46	-0.06	0.07	134_A	[39.05575  15.51775  53.512625]
-0.13	 -0.8	0.08	0.16	134_A	[39.22483333 16.84570833 51.51666667]
-0.21	 -1.09	0.09	0.32	134_A	[36.89748485 14.17890909 51.48139394]
-0.21	 -0.92	0.08	0.24	135_G	[37.791      16.93678947 55.072     ]
-0.23	 -1.32	0.08	0.32	135_G	[39.906      18.0272766  55.01734043]
-0.1	 -0.47	-0.24	0.06	135_G	[39.58666667 20.09388889 54.59822222]
-0.25	 -0.95	0.17	0.39	135_G	[40.78705556 19.58302778 52.59397222]
0.07	 0.29	-0.03	-0.15	136_G	[37.08773333 19.5268     54.105     ]
0.03	 -0.15	-0.12	-0.07	136_G	[38.55128571 20.43264286 51.01914286]
0.2	 1.25	-0.04	-0.23	136_G	[37.72434783 21.87621739 52.93226087]
-0.14	 -0.52	-0.13	0.2	136_G	[38.05923913 22.52076087 54.43936957]
0.2	 1.91	-0.17	-0.11	137_L	[37.88142857 25.00671429 53.59642857]
0.07	 0.91	-0.06	-0.18	137_L	[35.51075 23.4607  53.897  ]
-0.02	 0.3	-0.15	-0.08	137_L	[33.73691667 23.56320833 52.65520833]
0.16	 1.1	0.13	-0.38	137_L	[37.33118182 26.72795455 51.57690909]
0.02	 0.4	-0.08	-0.04	137_L	[39.50815385 23.37761538 50.45038462]
-0.04	 -0.25	-0.07	-0.02	137_L	[39.37236066 26.04731148 48.98378689]
-0.22	 -1.01	0.07	0.37	137_L	[40.23688889 25.65922222 52.09539683]
0.0	 -0.27	-0.14	0.04	138_S	[36.43395 25.677   54.3761 ]
0.17	 1.86	0.07	-0.33	138_S	[32.8613 25.2443 53.7387]
0.06	 -0.03	-0.07	-0.07	138_S	[36.06597368 28.45576316 53.102     ]
-0.23	 -0.95	0.03	0.29	138_S	[34.48194118 26.69055882 56.43047059]
-0.26	 -0.82	0.12	0.3	138_S	[33.78646667 24.43891111 55.9962    ]
-0.1	 0.01	-0.15	0.08	139_P	[33.86991429 30.32031429 55.94025714]
0.04	 0.78	-0.08	-0.17	139_P	[31.20139394 31.39818182 52.83542424]
-0.2	 -0.35	0.07	0.13	139_P	[30.15772222 29.02292593 54.39983333]
-0.1	 -0.39	-0.06	0.13	139_P	[31.1097037  26.59811111 54.11737037]
0.07	 0.63	-0.11	-0.12	140_P	[36.50794444 31.16816667 54.50394444]
0.08	 1.46	0.11	-0.41	140_P	[33.56814286 32.31157143 56.276     ]
-0.01	 0.27	0.0	-0.08	140_P	[32.58430952 33.35530952 54.61607143]
0.18	 1.89	0.11	-0.35	140_P	[37.071      33.15572414 53.11024138]
0.18	 1.77	0.17	-0.43	140_P	[34.37955556 31.79255556 51.71002778]
0.1	 1.46	0.21	-0.48	141_P	[34.784625 32.361875 56.96925 ]
-0.03	 0.02	-0.14	0.03	141_P	[33.50742857 33.41371429 57.48857143]
0.06	 0.93	0.12	-0.2	141_P	[36.30046154 36.99884615 55.60803846]
-0.21	 -1.11	0.06	0.27	141_P	[35.0456  34.34135 59.2038 ]
-0.22	 -0.87	-0.01	0.35	141_P	[37.59702326 34.69174419 57.98306977]
-0.01	 0.1	-0.31	0.19	141_P	[37.49732653 32.83730612 56.25214286]
0.1	 1.38	0.34	-0.59	142_P	[32.25685714 36.919      55.26957143]
0.09	 1.23	0.42	-0.66	142_P	[36.2742 38.5232 56.7398]
-0.04	 0.07	-0.12	-0.01	142_P	[35.07685294 38.41720588 58.6285    ]
0.17	 0.81	0.06	-0.31	142_P	[30.63602857 38.5654     56.05597143]
-0.12	 -0.43	1.08	0.35	142_P	[31.16310526 38.34119298 58.54221053]
-0.17	 -0.48	-0.08	0.15	142_P	[32.0004   35.737675 57.75105 ]
0.1	 0.14	0.02	-0.16	143_P	[37.19605556 39.95302778 55.79416667]
0.2	 1.01	0.09	-0.39	143_P	[33.71134783 40.8696087  59.12113043]
-0.06	 -1.97	-0.06	0.08	144_S	[37.418625 40.28425  58.603625]
-0.06	 0.06	-0.14	-0.04	144_S	[35.90042857 41.13610714 60.71971429]
0.14	 1.02	-0.07	-0.17	144_S	[36.735875 44.5215   60.924625]
-0.01	 0.35	-0.12	-0.09	144_S	[35.45744444 43.86705556 61.93094444]
-0.19	 -1.02	0.08	0.29	144_S	[38.45809804 41.92972549 61.00417647]
-0.12	 -0.61	0.12	0.12	144_S	[38.84726923 44.38719231 60.23523077]
-0.03	 -0.39	-0.2	0.02	145_F	[35.82012 46.42684 60.11024]
0.16	 0.4	0.11	-0.32	145_F	[33.43655556 47.08251852 60.34162963]
0.16	 1.57	0.13	-0.38	145_F	[37.38053846 46.59353846 58.68269231]
0.11	 1.33	-0.02	-0.3	146_C	[30.88714286 42.16228571 60.15214286]
-0.03	 -0.09	-0.08	-0.04	146_C	[29.10407895 43.51881579 60.01044737]
0.05	 0.46	-0.01	-0.27	146_C	[31.13771111 41.46584444 58.48433333]
0.08	 0.39	-0.03	-0.12	147_T	[30.0558125 44.8346875 62.4059375]
0.01	 0.54	-0.06	-0.1	147_T	[34.73595 44.975   63.2791 ]
-0.13	 -0.17	-0.0	0.11	147_T	[30.5582963  41.85248148 62.11362963]
-0.17	 -0.46	0.09	0.24	147_T	[30.82968571 42.50622857 64.81451429]
-0.11	 -0.42	1.2	0.28	147_T	[33.14963077 41.32807692 62.63292308]
-0.12	 -0.2	-0.1	0.1	148_V	[30.548375 46.084625 63.741375]
-0.25	 -0.86	-0.12	0.27	148_V	[31.55638889 47.5365     64.55677778]
-0.19	 -0.84	-0.11	0.17	148_V	[34.126375  46.88775   63.6421875]
-0.22	 -1.18	0.23	0.35	148_V	[34.85702778 48.02013889 65.48813889]
-0.11	 -0.79	0.01	0.19	148_V	[31.0247619  45.61090476 66.76061905]
-0.18	 -0.84	0.05	0.27	148_V	[33.56477358 44.03498113 66.85124528]
-0.22	 -1.18	0.07	0.33	148_V	[33.08067164 47.23591045 67.96702985]
