-0.23	 -1.07	0.11	0.38	124_F	[-5.13037255 31.25629412 47.46864706]
0.23	 1.04	0.02	-0.25	124_F	[-3.7456 33.3943 48.2586]
0.15	 0.44	0.04	-0.24	124_F	[-6.287      33.98477778 49.4215    ]
-0.26	 -1.09	0.05	0.34	124_F	[-7.5833125  32.7783125  49.77396875]
-0.14	 -0.7	0.01	0.13	124_F	[-6.7595     33.30317391 45.97482609]
-0.08	 0.32	-0.06	0.07	124_F	[-6.71366667 35.20633333 44.7135    ]
-0.1	 0.03	-0.04	0.04	124_F	[-4.65603571 34.57253571 44.23125   ]
-0.15	 -0.72	-0.05	0.19	124_F	[-7.52516667 36.28796667 46.7987    ]
-0.1	 -0.33	0.05	-0.01	124_F	[-3.81424324 37.03772973 44.13254054]
-0.16	 -0.91	0.09	0.19	124_F	[-6.566775 38.181725 46.4853  ]
-0.17	 -0.66	-0.0	0.23	124_F	[-4.44190698 38.61548837 45.45113953]
0.1	 0.53	-0.02	-0.23	125_N	[-6.57858333 37.01141667 49.52325   ]
0.11	 1.45	-0.01	-0.3	125_N	[-3.9033 35.1626 52.3072]
0.13	 0.67	-0.02	-0.23	125_N	[-3.00171053 34.61131579 50.52126316]
-0.18	 -0.44	0.04	0.16	125_N	[-6.29338462 34.06669231 52.304     ]
-0.09	 -0.2	-0.17	0.1	125_N	[-7.5918125 36.394625  52.5401875]
-0.16	 -0.67	0.08	0.27	125_N	[-7.11766 36.07264 53.92066]
-0.25	 -1.06	0.12	0.4	125_N	[-8.90182692 36.24311538 51.19286538]
-0.01	 -0.0	-0.03	-0.05	126_K	[-5.577      37.93140909 51.05595455]
-0.03	 0.06	-0.04	-0.03	126_K	[-4.24195652 38.7316087  52.78169565]
-0.07	 0.09	-0.15	0.05	126_K	[-3.71726667 39.99653333 50.66793333]
0.05	 0.15	0.02	-0.18	126_K	[-3.28562857 38.86145714 48.58968571]
0.0	 0.56	0.23	-0.54	126_K	[-2.99744444 35.43877778 52.71366667]
-0.09	 -0.37	-0.14	0.09	126_K	[-3.07641304 37.52052174 54.2785    ]
0.03	 0.04	-0.06	-0.07	126_K	[-1.895875   35.5254375  54.30153125]
-0.15	 -0.74	0.02	0.18	126_K	[-2.19777358 36.96371698 56.74426415]
-0.15	 -0.69	0.01	0.21	126_K	[-1.47272222 34.90297222 57.80997222]
0.03	 0.39	-0.21	-0.14	127_E	[-1.83971429 39.81271429 52.66807143]
0.19	 1.7	0.06	-0.33	127_E	[-1.84     40.71175  49.176625]
0.2	 1.47	0.34	-0.58	127_E	[ 2.17592308 41.19846154 49.50246154]
0.14	 0.82	0.04	-0.3	127_E	[ 0.962125   41.34551786 51.69064286]
-0.12	 -0.53	-0.05	0.09	127_E	[-2.24015385 42.21117308 50.80298077]
-0.14	 -0.57	0.12	0.08	127_E	[-1.22036 44.065   52.64868]
-6.22	 -0.2	0.29	0.41	127_E	[ 0.7238  43.85778 52.39046]
-0.29	 -0.93	0.18	0.44	127_E	[-1.61597561 42.93678049 54.06839024]
0.28	 1.52	0.22	-0.46	128_Q	[ 0.26953333 38.41573333 52.7108    ]
0.13	 1.35	0.19	-0.47	128_Q	[ 2.03727273 35.16881818 48.78190909]
0.06	 0.52	-0.07	-0.17	128_Q	[ 2.698   34.14368 50.33856]
0.01	 0.77	0.02	-0.13	128_Q	[ 0.773      33.15673684 50.89347368]
-0.08	 -0.3	-0.06	0.12	128_Q	[ 1.95046512 31.51448837 51.80446512]
-0.1	 -0.12	0.02	0.09	128_Q	[-0.94322222 33.29877778 51.47190741]
0.07	 0.53	0.06	-0.27	129_Q	[ 1.1861875 35.0781875 48.1383125]
0.17	 1.08	0.07	-0.34	129_Q	[-0.3895     37.92466667 45.55016667]
0.19	 1.77	0.06	-0.32	129_Q	[ 1.05175  38.138125 44.375625]
0.19	 1.29	0.09	-0.34	129_Q	[ 0.17853333 34.69113333 47.67973333]
0.01	 0.09	-0.12	-0.03	129_Q	[ 0.05937037 36.30951852 43.91814815]
0.09	 1.32	0.05	-0.29	129_Q	[-0.83084615 33.41438462 44.628     ]
-0.23	 -0.55	0.05	0.31	129_Q	[-1.1577561  33.97897561 43.24365854]
-0.1	 0.08	-0.03	0.04	129_Q	[-1.82792593 33.2592963  46.43805556]
0.12	 1.11	0.01	-0.28	130_N	[-0.99189474 38.74857895 46.92726316]
0.02	 0.14	0.07	-0.07	130_N	[ 0.488      39.92235714 45.02035714]
-0.06	 -0.55	-0.05	0.12	130_N	[-1.07476 41.18492 47.218  ]
-0.13	 -1.42	0.0	0.12	130_N	[-0.17058824 43.44017647 47.03988235]
-0.14	 -0.24	-0.09	0.17	130_N	[ 1.69254167 43.45995833 48.22625   ]
-0.11	 -0.38	0.02	0.09	130_N	[ 1.37580488 42.88707317 44.64312195]
0.18	 0.63	0.04	-0.33	131_A	[ 4.43531818 41.88845455 47.87754545]
0.14	 0.65	0.01	-0.26	131_A	[ 3.68696 40.96776 50.42552]
0.06	 0.38	-0.04	-0.17	132_F	[ 3.57333333 34.6752963  47.73492593]
-0.08	 -0.16	-0.1	0.11	132_F	[ 3.82416667 33.34433333 46.447     ]
0.05	 0.74	0.05	-0.3	132_F	[ 5.13772727 32.99018182 46.53136364]
0.09	 0.87	0.09	-0.3	132_F	[ 2.22619512 34.44817073 44.57343902]
-0.05	 0.01	-0.01	-0.0	132_F	[ 6.33767742 31.78258065 44.68793548]
-0.15	 -0.47	-0.09	0.16	132_F	[ 2.84969565 33.12004348 43.13004348]
-0.19	 -0.79	0.05	0.23	132_F	[ 5.05477419 31.59251613 42.96864516]
0.09	 0.34	-0.08	-0.12	133_Y	[ 1.78015789 39.22315789 43.05605263]
-0.04	 0.16	0.06	-0.13	133_Y	[ 1.7023 39.8946 40.9847]
0.08	 0.28	0.05	-0.22	133_Y	[ 3.7581  41.54885 41.18325]
-0.11	 -0.03	-0.09	0.04	133_Y	[ 2.50748889 37.13751111 41.2412    ]
-0.16	 -0.59	-0.09	0.23	133_Y	[ 3.70005 41.5793  38.85305]
-0.18	 -0.93	0.13	0.24	133_Y	[ 1.92697143 37.77077143 38.78957143]
-0.05	 0.05	0.09	-0.1	133_Y	[ 1.65833333 40.20006667 38.94813333]
-0.24	 -0.8	0.12	0.35	133_Y	[ 2.86665  39.619725 36.51135 ]
0.13	 1.49	0.39	-0.62	134_E	[ 7.56977778 42.02433333 41.89677778]
0.17	 1.31	0.2	-0.45	134_E	[ 8.77369565 42.04291304 42.07952174]
0.19	 1.07	0.09	-0.35	134_E	[ 8.38832143 42.99671429 45.00632143]
-0.0	 0.36	-0.1	-0.13	134_E	[ 4.96334375 43.64040625 45.78275   ]
0.02	 0.45	-0.02	-0.08	134_E	[ 5.62216667 43.65866667 42.629875  ]
-0.19	 -0.6	-0.17	0.35	134_E	[ 7.21909091 44.44384091 42.76093182]
-0.16	 -0.3	-0.11	0.22	134_E	[ 3.68939216 43.9247451  42.68478431]
0.18	 1.6	0.27	-0.52	136_L	[ 8.94155556 36.81377778 39.21966667]
-0.01	 0.09	-0.0	-0.06	136_L	[11.10808108 36.68181081 39.48589189]
0.05	 0.93	0.19	-0.34	136_L	[ 8.07666667 35.7167619  39.13185714]
-0.1	 -0.57	0.04	0.13	136_L	[ 9.20813793 33.12441379 40.79267241]
-0.11	 -0.35	0.0	0.11	136_L	[ 5.72482353 34.07115686 40.20998039]
-0.02	 0.34	-0.15	-0.03	137_H	[10.157      39.03007143 38.23707143]
0.09	 1.09	0.11	-0.32	137_H	[10.70056522 40.74247826 39.65978261]
-0.13	 -0.33	-0.1	0.11	137_H	[10.5754     42.04511429 38.69131429]
-0.04	 0.08	-0.11	0.01	137_H	[ 7.63991489 41.34953191 39.33623404]
0.16	 1.17	-0.13	-0.1	137_H	[ 6.3822 40.7784 37.8258]
-0.15	 -0.41	0.09	0.12	137_H	[ 7.68487931 39.01075862 36.7965    ]
-0.08	 -0.12	-0.2	0.06	137_H	[ 5.42216667 36.56983333 37.94413889]
-0.18	 -0.74	0.17	0.15	137_H	[ 6.47727273 37.53563636 36.28390909]
0.16	 1.51	-0.07	-0.23	138_L	[13.05       40.15442857 38.78857143]
0.08	 -0.14	-0.01	-0.19	138_L	[13.42142105 38.77910526 39.41063158]
0.22	 1.55	0.19	-0.46	138_L	[14.488      42.35938095 42.76214286]
0.17	 1.29	0.04	-0.31	138_L	[10.70204 43.10332 45.64636]
-0.02	 0.3	-0.08	-0.05	138_L	[11.62972222 44.11070833 42.77608333]
-0.05	 -0.03	-0.04	-0.02	139_P	[14.35091892 40.63067568 37.84383784]
0.12	 1.38	0.43	-0.64	139_P	[15.73271429 39.56571429 38.67128571]
-0.19	 -0.45	-0.02	0.32	139_P	[17.218      40.05321053 38.11813158]
-0.12	 -0.66	0.08	0.18	139_P	[14.93211111 43.2285     36.80413889]
-0.19	 -0.86	0.07	0.24	139_P	[13.91142553 44.79038298 38.46710638]
-0.07	 0.06	-0.17	-0.02	139_P	[13.37432353 43.90297059 40.58670588]
0.15	 1.71	0.14	-0.41	140_N	[15.9123 42.8123 41.0985]
0.02	 0.02	-0.1	-0.03	140_N	[19.21033333 41.25888889 39.806     ]
0.11	 0.55	-0.05	-0.23	140_N	[18.71376471 39.80964706 40.79517647]
-0.03	 0.02	-0.21	-0.0	140_N	[20.29677778 41.03666667 41.50716667]
0.04	 0.71	-0.1	-0.24	140_N	[17.85324444 43.99342222 41.28922222]
-0.1	 0.02	-0.14	0.01	140_N	[19.67710714 44.92375    40.05371429]
-0.16	 -0.63	-0.04	0.26	140_N	[17.70079545 45.55843182 39.39136364]
-0.19	 -0.87	0.04	0.35	140_N	[19.56853488 43.07339535 38.20502326]
0.26	 1.49	0.3	-0.55	141_L	[16.2683913  42.14956522 42.77952174]
0.16	 1.6	0.14	-0.41	141_L	[17.59842857 38.53792857 41.07457143]
0.23	 1.33	0.37	-0.6	141_L	[17.44378571 39.58       47.86907143]
0.12	 0.72	-0.1	-0.18	142_N	[18.74753333 37.6172     40.82806667]
0.18	 0.52	0.09	-0.3	142_N	[21.20514286 35.0362381  44.28352381]
-0.06	 0.2	-0.12	0.03	142_N	[21.572075 38.07755  42.220925]
-0.21	 -0.76	-0.03	0.23	142_N	[22.349      37.14515385 40.24084615]
-0.19	 -0.6	0.08	0.26	142_N	[23.01394595 35.26083784 41.23208108]
-0.21	 -0.88	0.04	0.3	142_N	[20.21462162 36.09467568 39.41524324]
0.21	 1.08	0.25	-0.49	143_E	[17.9469375 35.182625  40.842625 ]
0.05	 0.31	-0.14	-0.11	143_E	[17.0565    32.3173125 42.2253125]
0.08	 0.24	-0.05	-0.19	143_E	[17.69909091 31.38009091 43.89663636]
0.06	 0.72	-0.09	-0.06	143_E	[20.14648276 32.02382759 42.88062069]
-0.17	 -0.22	-0.08	0.23	143_E	[18.97106667 32.60496667 39.9965    ]
-0.07	 0.13	-0.07	0.06	143_E	[21.65270833 31.82229167 40.61579167]
-0.23	 -0.94	0.12	0.39	143_E	[22.2291   32.143725 39.02385 ]
-0.26	 -1.15	0.13	0.43	143_E	[21.40868421 30.38721053 41.48773684]
0.07	 0.63	-0.1	-0.08	144_E	[19.27875 31.36875 44.412  ]
0.06	 0.29	-0.05	-0.16	144_E	[18.44684211 30.93973684 45.77768421]
0.08	 0.47	-0.2	-0.09	144_E	[19.4587 33.9705 48.3868]
0.06	 0.43	0.08	-0.33	144_E	[17.66632 33.23788 48.89316]
-0.1	 -0.31	-0.11	0.1	144_E	[20.98525641 32.24051282 45.82302564]
-0.17	 -0.77	-0.1	0.16	144_E	[19.60592857 31.69147619 48.635     ]
-0.13	 -0.49	-0.06	0.18	144_E	[22.24576923 30.86142308 48.15561538]
-0.28	 -0.89	0.15	0.41	144_E	[21.985275 29.27595  47.3099  ]
-0.31	 -1.11	0.25	0.5	144_E	[22.51284615 30.88435897 49.94094872]
0.07	 0.47	-0.07	-0.19	145_Q	[20.109      34.55585714 47.65771429]
-0.08	 -0.43	-0.01	0.11	145_Q	[18.621875  36.4083125 48.5781875]
0.16	 0.89	0.04	-0.27	145_Q	[16.58344444 36.02766667 49.26183333]
0.15	 0.49	-0.03	-0.2	145_Q	[18.4874375 38.493     47.8045   ]
-0.14	 -0.56	-0.07	0.15	145_Q	[21.14307317 36.84919512 47.30973171]
0.02	 0.68	0.02	-0.15	145_Q	[21.1671     39.28       46.12283333]
-0.18	 -0.42	-0.1	0.37	145_Q	[21.53746154 40.18425    47.00315385]
0.19	 0.79	-0.01	-0.27	145_Q	[21.10714286 40.04364286 43.81071429]
0.17	 1.37	0.42	-0.64	146_R	[12.69816667 33.28825    44.09466667]
0.01	 0.43	-0.11	-0.11	146_R	[12.47721429 33.72514286 42.04660714]
-0.01	 0.18	-0.08	-0.01	146_R	[13.44078571 35.48521429 39.87821429]
-0.14	 -0.35	0.01	0.08	146_R	[15.43797297 33.99172973 40.69948649]
-0.02	 0.37	0.0	-0.06	146_R	[15.61664444 37.32391111 39.71168889]
0.15	 0.82	-0.0	-0.25	147_N	[12.65468421 31.75384211 46.17052632]
0.09	 0.52	-0.07	-0.17	147_N	[14.00723077 30.30284615 49.24453846]
0.08	 0.68	-0.05	-0.19	147_N	[11.98157692 30.64746154 48.26426923]
-0.07	 0.02	-0.18	0.08	147_N	[15.55211111 30.00958333 47.32219444]
-0.06	 -0.26	-0.06	0.07	147_N	[15.47431818 29.85468182 44.85236364]
-0.26	 -0.78	0.4	0.45	147_N	[14.14279167 28.803125   45.21641667]
-0.09	 -0.41	-0.01	0.06	147_N	[14.52533333 31.40138095 43.4905    ]
0.13	 0.44	-0.11	-0.1	148_G	[16.17772727 31.48545455 48.90881818]
-0.1	 -0.43	-0.05	0.12	148_G	[15.51738095 32.72774603 50.8581746 ]
-0.0	 0.04	-0.08	-0.02	148_G	[14.31392857 34.475      52.09978571]
0.19	 1.49	0.07	-0.34	148_G	[13.19033333 31.95366667 52.39866667]
0.13	 -0.05	-0.21	-0.12	149_F	[14.68766667 35.53866667 51.02216667]
0.16	 0.57	0.06	-0.28	149_F	[12.27821739 36.3493913  52.04326087]
0.08	 0.9	0.07	-0.31	149_F	[13.86175  37.611875 51.79125 ]
-0.0	 -0.04	-0.03	-0.07	149_F	[15.0805     37.18305556 51.117     ]
0.08	 0.65	0.03	-0.16	149_F	[12.54188889 38.24422222 52.32877778]
-0.07	 -0.25	0.01	0.06	149_F	[16.61571429 38.79852381 50.49730952]
0.02	 -0.07	-0.01	-0.11	149_F	[13.67210714 40.52710714 52.51339286]
-0.14	 -0.78	0.0	0.17	149_F	[15.53565625 40.9555625  51.954     ]
0.2	 1.28	0.17	-0.41	150_I	[ 6.92122727 32.54381818 49.67972727]
0.16	 0.93	-0.0	-0.26	150_I	[10.783      31.94563636 46.54672727]
-0.02	 -0.1	-0.13	-0.02	150_I	[ 8.16352632 31.18642105 47.34042105]
0.05	 0.05	-0.02	-0.12	150_I	[10.34505882 32.71123529 44.43588235]
0.18	 1.19	0.04	-0.31	151_Q	[10.84090909 30.24163636 53.95254545]
0.13	 1.06	0.05	-0.26	151_Q	[11.80866667 29.8902     50.60382222]
-0.12	 -0.44	-0.08	0.14	151_Q	[11.54524138 28.39348276 53.30548276]
-0.2	 -1.08	-0.02	0.24	151_Q	[12.25014286 26.47635714 51.91      ]
-0.2	 -0.46	0.09	0.24	151_Q	[10.16557576 25.90587879 51.8679697 ]
-0.16	 -0.43	0.33	0.35	151_Q	[12.37909091 27.33196364 49.63138182]
0.04	 0.29	-0.08	-0.13	152_S	[11.62385714 31.069      53.58928571]
0.01	 -0.0	-0.08	-0.05	152_S	[10.4793  31.70755 55.5767 ]
0.23	 1.61	0.18	-0.4	152_S	[ 8.70623529 33.14376471 56.95094118]
-0.03	 0.36	-0.13	0.01	152_S	[11.09112963 35.03385185 55.17324074]
-0.15	 -0.3	0.05	0.17	152_S	[13.11092308 33.34802564 54.10130769]
0.12	 1.75	0.1	-0.34	153_L	[ 5.01077778 32.60255556 51.41383333]
0.21	 1.09	0.08	-0.31	153_L	[ 4.9832381  34.38380952 50.08147619]
0.14	 1.42	0.19	-0.46	153_L	[ 6.21872222 34.31394444 48.67077778]
0.14	 1.42	-0.04	-0.26	154_K	[ 4.1754     30.80406667 52.00906667]
-0.08	 -0.3	0.01	0.08	154_K	[ 3.86015556 29.49204444 54.82342222]
-0.04	 -0.24	-0.1	-0.02	154_K	[ 5.02092308 28.76919231 52.65407692]
-0.13	 -0.69	-0.07	0.16	154_K	[ 5.3695     30.05534615 50.05373077]
-0.11	 -0.68	0.01	0.13	154_K	[ 6.27708333 27.23519444 51.09902778]
-0.1	 -0.5	0.02	0.09	154_K	[ 7.70720513 28.21976923 48.31887179]
-0.21	 -0.76	0.05	0.29	154_K	[ 8.43762791 25.79476744 49.26206977]
-0.02	 -0.11	-0.18	-0.03	155_D	[ 5.87021429 28.78407143 56.84057143]
0.09	 0.38	-0.17	-0.07	155_D	[ 6.9888 30.7398 58.7139]
-0.18	 -0.5	0.04	0.21	155_D	[ 4.73571429 30.56716667 58.74135714]
-0.11	 -0.59	-0.06	0.12	155_D	[ 8.60415625 30.3956875  57.6221875 ]
-0.03	 -0.2	-0.01	-0.05	155_D	[ 9.06246875 28.49128125 55.808625  ]
-0.01	 0.41	-0.06	-0.07	155_D	[ 8.21972 27.6336  54.2304 ]
-0.32	 -0.98	0.2	0.47	155_D	[ 8.58305  27.167975 57.27665 ]
-0.03	 0.09	-0.08	-0.03	156_D	[ 7.5213     33.51223333 59.63683333]
-0.09	 0.22	-0.03	0.04	156_D	[ 5.4754 33.2645 60.8826]
-0.14	 -0.47	0.07	0.2	156_D	[ 6.0961875  35.39890625 61.759375  ]
-0.06	 -0.06	-0.06	0.07	156_D	[ 3.68064 33.73204 60.57832]
-0.04	 -0.2	-0.13	0.03	157_P	[ 0.94840741 34.27592593 59.0987037 ]
0.17	 1.45	0.15	-0.42	157_P	[-0.24372727 33.793      55.132     ]
-0.11	 -0.51	-0.04	0.14	157_P	[ 0.861375 32.067375 55.748375]
0.05	 0.11	-0.05	-0.08	157_P	[ 2.74004762 31.77233333 57.63585714]
0.21	 1.66	0.15	-0.41	158_S	[ 1.46976471 37.55370588 56.84976471]
-0.11	 -0.24	-0.19	0.1	158_S	[ 1.11619355 38.09609677 58.78832258]
-0.08	 -0.43	-0.06	0.09	158_S	[ 4.03638462 39.59123077 59.84653846]
-0.11	 -0.4	0.09	0.11	158_S	[ 2.98421622 40.36578378 57.8832973 ]
-0.12	 -0.67	-0.01	0.18	158_S	[ 3.36735484 37.77474194 61.32803226]
-0.19	 -0.7	0.13	0.26	158_S	[ 1.56311429 35.94134286 61.17134286]
0.13	 1.34	0.1	-0.39	159_Q	[ 5.1325   38.59625  60.137625]
-0.07	 -0.62	-0.1	0.06	159_Q	[ 6.17957895 40.10431579 58.61147368]
0.06	 0.98	0.07	-0.39	159_Q	[ 5.2644 40.6258 57.6396]
0.05	 0.06	0.09	-0.18	159_Q	[ 6.549      41.160625   56.92195833]
0.11	 1.39	0.05	-0.34	159_Q	[ 8.0881 39.487  57.883 ]
-0.06	 -0.3	-0.03	0.12	159_Q	[ 7.54826316 38.62739474 60.02952632]
-0.09	 0.27	-0.05	-0.02	159_Q	[ 9.6333913  37.19369565 59.16134783]
-0.26	 -0.96	0.18	0.38	159_Q	[ 9.64133333 36.62428571 61.28080952]
-0.05	 -0.16	-0.07	0.04	159_Q	[ 9.74569048 35.49240476 58.35561905]
0.17	 1.66	0.2	-0.47	160_S	[ 3.44865 40.87965 52.6407 ]
0.09	 0.59	-0.32	-0.06	160_S	[ 2.08006897 41.21917241 54.18405172]
0.13	 0.87	0.04	-0.27	160_S	[ 1.6563     38.1864     54.54036667]
0.01	 0.22	-0.06	-0.07	161_A	[ 4.54505263 42.59894737 52.68736842]
0.05	 0.81	0.03	-0.21	161_A	[ 6.99091667 43.13175    55.65      ]
-0.14	 -0.38	0.03	0.21	161_A	[ 7.32491667 44.67630556 53.54733333]
-0.29	 -0.86	-0.01	0.37	161_A	[ 4.28371154 43.40996154 55.67459615]
0.14	 1.54	0.01	-0.3	162_N	[ 7.5312 42.1278 55.9476]
-0.08	 0.21	-0.03	0.09	162_N	[ 9.13863636 42.91572727 55.53459091]
0.01	 -0.99	-0.04	-0.06	162_N	[10.35845455 43.68272727 53.59072727]
-0.06	 -0.49	-0.0	0.03	162_N	[12.13878788 42.17915152 53.70184848]
-0.15	 -0.81	-0.05	0.25	162_N	[10.06302857 40.55131429 56.47905714]
-0.04	 0.79	-0.04	-0.02	162_N	[10.671  38.3035 54.817 ]
0.11	 0.44	0.04	-0.26	162_N	[ 9.84775 37.785   56.03095]
0.16	 0.92	0.13	-0.36	162_N	[11.08376923 38.56761538 53.42653846]
0.21	 1.28	-0.2	-0.12	163_L	[12.43657143 43.74714286 51.87614286]
-0.09	 -0.39	-0.02	0.12	163_L	[10.59328571 44.97971429 51.23382857]
0.08	 0.54	-0.01	-0.14	163_L	[ 7.90811111 44.51366667 50.84888889]
-0.07	 -0.09	0.01	0.05	163_L	[ 7.72888525 44.19242623 47.92447541]
0.06	 0.51	-0.04	-0.06	163_L	[ 5.66351852 43.13525926 50.47022222]
-0.06	 -0.09	0.09	0.05	164_L	[14.73885  44.600375 51.0175  ]
0.12	 0.91	0.0	-0.26	164_L	[11.32189474 45.32231579 48.43694737]
-0.2	 -0.72	-0.01	0.29	164_L	[11.94235294 46.99520588 46.22333824]
-0.12	 -0.58	-0.02	0.14	164_L	[14.61465217 47.73530435 48.36202174]
-0.04	 0.14	-0.1	-0.0	165_A	[17.42585714 44.24838095 50.1822381 ]
0.07	 0.16	-0.12	0.01	165_A	[19.239125 45.03275  48.164625]
-0.18	 -0.58	0.12	0.24	165_A	[18.03944118 46.76979412 48.537     ]
-0.03	 0.04	-0.13	0.07	165_A	[18.85346667 42.07308    48.67657333]
0.0	 0.11	-0.14	-0.01	166_E	[18.94985714 46.84842857 45.88192857]
-0.03	 1.0	-0.18	-0.15	166_E	[17.12941667 45.92966667 42.97075   ]
0.02	 0.56	-0.13	-0.09	166_E	[15.16507273 44.8678     43.89970909]
0.04	 0.47	-0.15	-0.14	166_E	[18.68440741 45.91433333 43.06633333]
-0.07	 -0.24	0.01	0.06	166_E	[20.58032609 44.65895652 45.69132609]
-0.2	 -0.77	-0.02	0.25	166_E	[22.52492857 44.38885714 43.81942857]
-0.06	 0.03	-0.01	0.02	166_E	[21.52873077 42.493      42.93369231]
-0.21	 -0.59	0.09	0.28	166_E	[21.377875 45.652875 42.30185 ]
-0.25	 -1.01	0.13	0.39	167_A	[16.81646809 48.08953191 44.57680851]
