-0.26	 -1.02	0.13	0.37	150_G	[-1.5325     51.72730769 61.19101923]
-0.24	 -1.05	0.1	0.34	150_G	[ 0.44166667 51.10027451 59.6497451 ]
-0.02	 -0.12	-0.13	0.03	150_G	[-1.187      50.81690909 58.38295455]
-0.18	 -0.94	0.04	0.22	150_G	[-0.21151515 49.83466667 56.95945455]
0.12	 0.26	-0.03	-0.15	151_N	[-2.56015789 51.82915789 58.73510526]
0.11	 0.95	0.11	-0.33	151_N	[-3.92963636 49.73386364 57.19881818]
0.08	 0.47	-0.02	-0.26	151_N	[-3.5996 52.1724 54.6933]
-0.2	 -0.72	0.01	0.22	151_N	[-1.72497059 53.13652941 55.46908824]
-0.14	 -0.78	-0.36	0.49	151_N	[-4.73697436 52.20892308 56.05384615]
-0.1	 -0.52	-0.04	0.1	151_N	[-5.54042105 51.94863158 58.77110526]
-0.22	 -0.72	0.06	0.34	151_N	[-4.951  52.7993 59.8137]
-0.09	 -0.33	-0.04	0.08	151_N	[-6.49776667 50.04441667 58.17455   ]
0.17	 1.29	0.13	-0.39	152_S	[-3.434525 49.458475 55.2601  ]
0.18	 1.67	0.03	-0.28	152_S	[-0.366  51.5777 54.3605]
0.08	 0.05	-0.04	-0.09	152_S	[-3.5916     52.2486     52.52526667]
0.11	 0.67	-0.32	-0.01	152_S	[-4.76281818 50.82930303 53.17406061]
-0.16	 -0.36	-0.1	0.11	152_S	[ 0.106125 49.280825 53.84515 ]
0.16	 1.1	0.06	-0.34	152_S	[-1.65392308 47.70465385 53.75519231]
0.08	 1.21	0.42	-0.63	153_P	[-2.83933333 52.813      51.88333333]
0.05	 -0.26	-0.07	-0.14	153_P	[-3.9732381  52.63357143 50.03847619]
0.1	 0.64	0.11	-0.3	153_P	[-2.22805263 50.17063158 47.93236842]
0.03	 0.0	-0.13	-0.03	153_P	[-4.40435714 50.7705     47.6745    ]
-0.22	 -1.36	0.08	0.3	153_P	[-2.19497727 53.13197727 48.58531818]
-0.2	 -0.73	0.02	0.22	153_P	[ 0.3429   52.94985  49.555825]
-0.15	 -0.73	0.0	0.18	153_P	[-0.701      53.1652     52.10851429]
0.04	 0.46	-0.13	-0.11	154_Q	[-2.58981818 48.04386364 47.33254545]
0.13	 0.68	0.06	-0.31	154_Q	[-3.64879167 45.568125   48.25241667]
-0.08	 -0.37	-0.11	0.07	154_Q	[-0.95239286 46.09953571 49.16953571]
-0.2	 -1.05	0.1	0.3	154_Q	[ 0.47295349 47.5334186  47.91562791]
-0.02	 0.51	0.02	-0.05	154_Q	[ 1.01196429 48.99439286 49.38828571]
-0.26	 -0.9	0.08	0.38	154_Q	[ 2.31911111 49.77971111 48.89068889]
-0.0	 0.42	0.09	-0.16	154_Q	[ 0.73646667 48.8456     51.25846667]
0.22	 1.46	0.14	-0.38	155_E	[-5.41766667 48.71233333 53.43386667]
0.13	 1.46	-0.07	-0.17	155_E	[-6.82477778 48.19233333 53.885     ]
0.15	 1.14	0.08	-0.32	155_E	[-7.361      47.34064706 55.544     ]
0.11	 0.74	0.02	-0.26	155_E	[-5.2805     47.5784359  56.25070513]
0.06	 0.42	-0.05	-0.19	156_E	[-7.64983333 49.8615     47.21958333]
0.01	 0.47	-0.06	-0.15	156_E	[-9.46644 49.34816 48.12912]
-0.1	 -0.22	0.0	0.1	156_E	[-7.405      51.49177778 48.46403704]
-0.1	 -0.28	-0.02	0.11	156_E	[-6.38491176 52.78508824 50.88467647]
-0.19	 -0.98	-0.02	0.25	156_E	[-8.34306667 53.1706     51.86013333]
-0.23	 -0.8	0.17	0.38	156_E	[-9.99139474 51.75831579 50.78652632]
-0.15	 -0.72	-0.08	0.35	156_E	[-7.56066667 51.35316667 53.218     ]
0.03	 0.27	-0.11	-0.06	157_V	[-7.99563158 48.19894737 45.41305263]
0.21	 0.77	0.06	-0.29	157_V	[-8.886875  46.2131875 44.84075  ]
0.07	 1.53	0.09	-0.27	157_V	[-4.14625    46.35725    46.08958333]
-0.18	 -0.78	0.03	0.19	157_V	[-5.66172727 45.74452273 43.92570455]
-0.17	 -0.79	0.04	0.24	157_V	[-4.904      49.10820833 44.87495833]
0.17	 1.31	0.2	-0.46	158_E	[-4.25342308 42.69180769 49.14126923]
-0.06	 0.59	-0.41	0.12	158_E	[-4.67725   41.1776875 47.694375 ]
0.2	 1.2	0.13	-0.34	158_E	[-6.14975   40.1944375 47.4489375]
-0.14	 -0.53	-0.04	0.18	158_E	[-4.08342105 43.15205263 46.64152632]
0.12	 1.41	0.29	-0.56	159_L	[-12.32007143  48.14064286  49.222     ]
0.03	 1.2	-0.13	-0.19	159_L	[-11.76584848  48.51663636  50.99257576]
-0.06	 0.06	-0.16	0.07	159_L	[-10.03035294  48.74947059  53.55276471]
0.09	 0.5	-0.04	-0.17	159_L	[-12.16539474  46.50505263  53.80257895]
0.14	 1.2	0.13	-0.38	160_K	[-11.15107692  48.422       48.37576923]
0.14	 1.74	0.05	-0.29	160_K	[-12.4807  48.68    47.8147]
0.17	 1.58	0.17	-0.43	160_K	[-12.33191667  46.0855      44.30966667]
-0.06	 -0.08	-0.09	-0.01	160_K	[-10.73135135  48.10021622  45.40764865]
-0.16	 -0.39	0.02	0.16	160_K	[-12.08772414  48.81548276  43.62731034]
-0.03	 0.04	-0.08	-0.02	160_K	[-13.13504  50.24332  46.85716]
-0.11	 -0.39	0.02	0.16	160_K	[-14.2895      50.84885714  43.77345238]
-0.16	 -0.36	0.03	0.19	160_K	[-15.99646  51.30554  46.04954]
0.13	 1.42	-0.07	-0.21	161_K	[-11.25666667  45.28283333  44.48266667]
0.03	 0.07	-0.13	-0.05	161_K	[-12.80878947  43.77926316  43.93842105]
0.16	 1.1	0.1	-0.32	161_K	[-14.21473333  42.02353333  44.47593333]
0.12	 0.19	0.02	-0.19	161_K	[-11.74305263  41.18168421  44.99821053]
-0.09	 -0.4	0.04	0.09	161_K	[-10.23566667  43.8215      43.56480556]
-0.07	 0.29	-0.02	0.04	161_K	[-9.27568421 40.75563158 43.82468421]
-0.15	 -0.58	-0.01	0.19	161_K	[-7.65352941 42.93605882 42.74291176]
-0.14	 -0.59	0.04	0.2	161_K	[-5.83045833 41.28877083 44.08160417]
0.2	 1.44	0.14	-0.39	163_K	[-19.2205      45.79427778  47.89744444]
0.12	 1.06	-0.04	-0.2	163_K	[-18.01707143  47.15664286  48.3465    ]
-0.01	 0.28	-0.22	0.02	163_K	[-17.449375  47.570125  50.0685  ]
0.04	 0.8	-0.01	-0.14	163_K	[-15.79745946  49.37275676  48.62205405]
-0.05	 -0.04	0.02	0.01	163_K	[-15.25901818  49.039       51.39050909]
-0.27	 -0.96	0.03	0.44	163_K	[-14.45095161  51.13753226  50.59420968]
0.2	 1.35	-0.01	-0.3	164_H	[-17.70338462  41.67246154  43.43307692]
0.18	 0.94	0.06	-0.28	164_H	[-19.66084211  43.59457895  43.25673684]
-0.07	 -0.27	-0.07	0.12	164_H	[-16.45140625  43.30103125  42.64565625]
-0.13	 1.2	-0.07	0.13	164_H	[-16.13957143  44.92157143  41.21057143]
-0.01	 0.05	-0.02	-0.03	164_H	[-13.81522222  45.44851852  42.54577778]
-0.09	 -0.04	0.05	0.04	164_H	[-18.23263889  46.31180556  41.89547222]
-0.19	 -1.06	0.05	0.29	164_H	[-14.24489474  47.81710526  41.22205263]
-0.15	 -0.55	0.09	0.2	164_H	[-16.62253846  48.53573077  41.366     ]
0.02	 0.57	-0.2	-0.07	165_L	[-15.1359375  40.457875   43.808    ]
0.1	 0.91	-0.01	-0.24	165_L	[-13.0276129   39.03241935  45.08322581]
0.09	 0.52	-0.03	-0.18	165_L	[-16.88028  39.21152  42.99512]
0.24	 1.47	0.17	-0.41	166_E	[-22.64963158  41.36726316  49.20947368]
0.18	 1.98	0.03	-0.29	166_E	[-20.68807143  44.79078571  48.774     ]
-0.2	 -0.03	-0.12	0.11	166_E	[-21.30565   42.978     50.844225]
-0.14	 -0.16	0.02	0.15	166_E	[-19.959125   44.8739375  52.492375 ]
0.01	 -0.1	0.02	0.02	166_E	[-18.894625    46.0534375   50.82978125]
-0.02	 -0.29	-0.02	0.08	166_E	[-18.6805      42.87382609  53.21536957]
0.13	 1.49	0.1	-0.35	167_K	[-23.88576923  44.62730769  45.87353846]
0.13	 0.76	-0.09	-0.13	167_K	[-24.95618182  43.62345455  44.70218182]
-0.06	 -0.42	0.01	0.0	167_K	[-22.40309091  45.03581818  43.95278788]
-0.1	 0.01	-0.07	0.08	167_K	[-21.88836  46.71416  46.48072]
-0.15	 -0.74	-0.04	0.2	167_K	[-20.972125   47.3174375  43.60975  ]
-0.07	 -0.41	-0.0	0.09	167_K	[-19.58108511  48.63951064  46.37838298]
-0.14	 -0.13	-0.06	0.13	167_K	[-18.52877778  49.53586111  43.95186111]
0.23	 1.34	0.24	-0.51	168_S	[-21.89541667  42.76241667  43.06491667]
0.13	 1.19	0.38	-0.63	168_S	[-23.40342857  39.85771429  42.34457143]
0.22	 1.42	0.06	-0.31	168_S	[-24.36353333  39.2072      42.6892    ]
0.02	 0.24	-0.06	-0.07	168_S	[-22.10622222  38.91122222  42.24455556]
-0.11	 -0.03	-0.1	0.09	168_S	[-20.26017308  40.95419231  41.92261538]
0.18	 0.99	0.01	-0.3	169_V	[-23.93752941  39.42355882  49.71117647]
0.08	 0.67	-0.03	-0.17	170_E	[-26.60779167  40.89558333  48.80058333]
0.11	 1.39	0.2	-0.47	170_E	[-27.775   42.6417  45.5568]
0.17	 1.08	0.14	-0.37	170_E	[-28.92258333  41.39375     47.66683333]
-0.13	 -0.45	-0.12	0.07	170_E	[-27.12591429  43.39582857  47.003     ]
-0.08	 -0.31	-0.06	0.12	170_E	[-24.9606087   42.6553913   49.75330435]
-0.04	 -0.45	-0.08	0.04	170_E	[-24.68837931  45.07765517  48.75696552]
-0.35	 -1.11	0.24	0.5	170_E	[-26.31758333  45.54194444  49.78263889]
-0.13	 -0.3	-0.04	0.1	170_E	[-23.41205405  45.94443243  48.14875676]
0.13	 1.38	0.19	-0.46	171_K	[-27.227875  42.70025   44.979125]
0.14	 1.52	0.23	-0.46	171_K	[-28.65        41.92436364  43.792     ]
0.18	 1.42	0.3	-0.54	171_K	[-27.79961111  38.49938889  42.21427778]
0.18	 1.04	0.1	-0.3	171_K	[-29.856375  39.820625  42.511625]
-0.09	 -0.31	-0.37	0.14	171_K	[-27.46356667  40.01703333  41.6819    ]
-0.12	 -0.39	-0.12	0.16	171_K	[-27.13686047  43.31644186  42.89583721]
-0.19	 -1.0	0.1	0.28	171_K	[-26.13107692  43.26930769  40.58766667]
-0.0	 0.6	-0.14	-0.03	171_K	[-23.91621875  41.83090625  41.3534375 ]
-0.26	 -1.05	0.1	0.38	171_K	[-23.53258929  42.10157143  39.40741071]
0.06	 0.93	0.02	-0.23	172_I	[-25.57816  37.2552   42.309  ]
0.14	 0.34	0.03	-0.23	172_I	[-23.19128571  35.73247619  42.44580952]
0.15	 0.87	0.03	-0.26	173_A	[-31.23408333  39.39058333  48.28      ]
0.06	 -0.14	0.03	-0.21	173_A	[-31.70412903  37.24012903  48.77251613]
-0.02	 -0.03	-0.13	0.02	173_A	[-29.01886111  39.24175     49.50652778]
0.14	 0.59	-0.12	-0.17	174_D	[-33.1703125  40.095      47.0774375]
0.09	 0.57	-0.09	-0.11	174_D	[-33.7539  39.0305  43.7808]
0.02	 0.12	-0.09	0.0	174_D	[-35.0756875  39.1950625  45.3016875]
-0.05	 -0.33	0.01	0.04	174_D	[-32.60364286  40.84140476  44.23583333]
-0.07	 -0.19	0.07	-0.02	174_D	[-31.61971429  42.88647619  46.00261905]
-0.22	 -0.74	0.03	0.33	174_D	[-31.65973684  42.06821053  47.60563158]
-0.21	 -0.37	-0.0	0.22	174_D	[-30.4792      43.2064      44.70464444]
0.1	 1.47	0.2	-0.46	175_Q	[-32.55183333  38.72433333  43.05183333]
-0.03	 0.21	-0.08	-0.06	175_Q	[-33.91372222  37.17627778  42.57105556]
0.12	 1.47	0.23	-0.52	175_Q	[-32.90185714  34.04914286  43.41842857]
0.13	 0.72	0.01	-0.29	175_Q	[-34.682125  34.46525   43.200625]
-0.08	 -0.65	-0.03	0.0	175_Q	[-32.50277273  35.10518182  42.0315    ]
-0.04	 -0.47	-0.08	0.05	175_Q	[-31.9548      38.32253333  41.71406667]
0.06	 0.66	0.1	-0.23	175_Q	[-29.65984615  36.81403846  40.70811538]
0.0	 0.28	-0.04	-0.12	175_Q	[-29.83468  34.81084  40.23948]
-0.23	 -0.59	-0.02	0.3	175_Q	[-29.6429661   38.09569492  39.65416949]
0.12	 0.52	0.02	-0.24	176_L	[-32.996875    34.60691667  49.60329167]
0.24	 1.46	0.34	-0.58	176_L	[-33.58511111  31.16033333  49.89194444]
0.18	 0.46	0.02	-0.28	176_L	[-31.11109524  34.681       50.1902381 ]
0.15	 1.54	0.2	-0.45	177_E	[-33.51607692  36.285       48.77553846]
0.04	 0.17	-0.1	-0.09	177_E	[-35.731    36.2807   49.38115]
0.21	 1.42	0.31	-0.55	177_E	[-37.76115385  38.27584615  46.99715385]
0.21	 1.26	0.12	-0.37	177_E	[-38.2495      36.5335      48.71378571]
-0.13	 -0.58	-0.13	0.26	177_E	[-35.68077143  38.72198571  48.78078571]
0.08	 0.92	0.04	-0.22	178_E	[-36.74314286  38.53285714  45.62928571]
-0.03	 0.04	-0.1	-0.1	178_E	[-38.71807692  37.95792308  45.05988462]
0.14	 1.34	0.25	-0.58	178_E	[-38.57875   35.806625  42.9555  ]
0.1	 1.03	0.06	-0.23	178_E	[-39.87308333  35.41983333  43.67679167]
-0.16	 -0.65	-0.03	0.21	178_E	[-36.93481818  37.60515152  42.66674242]
0.14	 1.17	0.14	-0.37	179_L	[-35.2043913   32.477       43.04252174]
0.21	 1.52	0.14	-0.41	179_L	[-34.23069231  31.31415385  42.98061538]
0.09	 0.57	0.02	-0.21	180_N	[-40.4479  34.7058  49.3619]
0.14	 0.91	0.04	-0.3	180_N	[-40.97755556  32.35855556  49.66951852]
-0.05	 -0.33	-0.01	0.03	180_N	[-38.8315      33.86766667  50.12044444]
-0.23	 -0.88	-0.05	0.22	180_N	[-37.0078  32.9089  51.413 ]
-0.12	 0.22	-0.03	0.14	180_N	[-37.36107407  30.85703704  50.93407407]
0.03	 -0.04	-0.09	-0.06	180_N	[-35.14126829  33.1964878   50.63721951]
-0.02	 0.14	-0.07	-0.05	181_K	[-42.48188235  35.22570588  48.77017647]
0.03	 0.07	-0.1	-0.05	181_K	[-43.269       35.23114286  45.336     ]
-0.03	 0.33	-0.08	0.01	181_K	[-44.49631818  34.5535      46.83495455]
-0.05	 -0.37	-0.02	0.1	181_K	[-42.33671875  36.88865625  46.1445    ]
-0.04	 -0.13	0.01	0.04	181_K	[-40.76211111  37.30755556  48.964     ]
-0.19	 -0.9	-0.1	0.25	181_K	[-41.40284091  39.1885      46.59220455]
-0.12	 -0.38	-0.09	0.18	181_K	[-39.985625    39.74540625  48.89692187]
-0.3	 -1.33	0.21	0.47	181_K	[-40.72192727  41.98947273  47.88758182]
0.1	 1.26	0.04	-0.25	182_E	[-41.877125  35.0455    44.292875]
-0.03	 0.05	-0.04	0.04	182_E	[-43.71126087  33.60069565  43.73773913]
0.16	 1.49	0.1	-0.31	182_E	[-44.89435714  31.73592857  43.88142857]
0.01	 -0.12	-0.06	-0.07	182_E	[-41.39213636  34.28840909  42.49068182]
0.13	 1.31	0.08	-0.3	182_E	[-43.72127273  31.85318182  41.98972727]
-0.04	 -0.14	-0.01	0.0	182_E	[-42.40057143  32.72485714  40.39504762]
-0.22	 -0.61	0.02	0.27	182_E	[-41.01914286  33.86780952  39.9597619 ]
-0.2	 -0.73	0.05	0.36	182_E	[-43.33809524  31.38897619  39.84221429]
0.2	 1.31	0.12	-0.38	183_L	[-42.31671429  25.646       48.47414286]
-0.02	 0.34	-0.07	-0.08	183_L	[-40.05933333  28.37542857  50.34631746]
-0.03	 0.18	-0.22	-0.01	184_T	[-43.8244      34.1918      49.69073333]
-0.15	 -0.32	0.03	0.15	184_T	[-43.03744898  32.224       51.3637551 ]
-0.1	 -0.42	-0.02	0.11	184_T	[-46.20191892  33.08763514  50.97810811]
0.17	 1.85	0.11	-0.39	185_G	[-45.591125  33.873375  47.97575 ]
-0.1	 -0.56	-0.01	0.14	185_G	[-47.12470213  33.56804255  46.25042553]
-0.01	 0.3	-0.03	-0.01	185_G	[-47.31946667  31.6942      44.37206667]
-0.0	 0.39	0.03	-0.08	185_G	[-49.46866667  31.57545833  45.4385    ]
0.13	 0.58	0.01	-0.23	186_I	[-48.55607692  28.62623077  43.81442308]
-0.01	 -0.02	-0.05	0.01	186_I	[-46.23154839  29.62083871  42.38358065]
0.04	 0.72	-0.07	-0.12	186_I	[-44.09527778  28.62683333  40.93127778]
0.11	 1.3	0.02	-0.31	187_Q	[-48.337125  26.245875  49.31475 ]
0.15	 1.45	0.02	-0.33	187_Q	[-49.1013  28.7417  50.7042]
-0.14	 -0.46	-0.08	0.13	187_Q	[-50.6075      27.40855556  49.53080556]
-0.01	 -0.09	-0.05	-0.04	187_Q	[-47.45956667  28.52743333  50.70643333]
-0.02	 0.05	0.01	-0.09	187_Q	[-45.79651429  25.67334286  49.3238    ]
0.07	 0.41	-0.04	-0.17	187_Q	[-44.52510526  27.92505263  50.88447368]
0.07	 0.52	-0.06	-0.15	187_Q	[-43.50219048  29.20709524  51.19442857]
-0.24	 -0.73	-0.22	0.42	187_Q	[-44.06243284  26.27176119  51.97446269]
0.16	 0.93	-0.1	-0.15	188_Q	[-51.66666667  29.76488889  50.01122222]
0.15	 0.94	0.04	-0.25	188_Q	[-51.81533333  30.33366667  47.5714    ]
-0.19	 -0.62	-0.18	0.29	188_Q	[-53.45713514  30.69421622  47.96845946]
-0.09	 -0.32	-0.07	0.13	188_Q	[-50.66126923  32.74711538  48.51938462]
0.1	 0.89	0.03	-0.21	188_Q	[-48.48843333  32.29883333  50.3671    ]
-0.06	 0.24	-0.1	0.03	188_Q	[-50.52534783  31.89304348  51.72952174]
-0.28	 -0.99	0.1	0.37	188_Q	[-50.95183333  30.49525     52.22475   ]
-0.25	 -0.99	0.12	0.4	188_Q	[-50.59144643  33.60792857  52.45582143]
-0.04	 -0.06	-0.02	-0.03	189_G	[-51.83361224  30.07469388  44.62373469]
0.0	 0.13	0.02	-0.06	189_G	[-53.37711628  27.48244186  46.74523256]
-0.03	 0.35	-0.05	-0.02	190_F	[-53.67538095  29.76447619  43.62042857]
0.04	 0.62	-0.05	-0.09	190_F	[-56.05992308  27.53546154  45.35053846]
0.04	 0.6	-0.1	-0.11	190_F	[-54.75135  27.14955  42.90155]
-0.14	 -0.87	-0.1	0.14	190_F	[-56.27320588  25.85270588  42.96611765]
-0.15	 -0.48	0.03	0.17	190_F	[-56.09320588  29.54338235  42.64932353]
-0.03	 0.47	-0.09	0.05	190_F	[-57.43611111  29.76433333  44.23177778]
-0.09	 -0.55	-0.05	0.05	190_F	[-56.43051111  30.37855556  45.86124444]
-0.19	 -0.96	0.02	0.22	190_F	[-58.61681818  28.38745455  43.69961364]
-0.2	 -0.92	0.16	0.26	190_F	[-58.04155319  30.63865957  46.90455319]
-0.24	 -1.24	0.16	0.4	190_F	[-60.3303    28.703075  44.86235 ]
-0.14	 -0.94	0.04	0.32	190_F	[-60.05056364  29.81627273  46.38925455]
0.11	 0.79	-0.07	-0.19	191_L	[-53.52290909  28.11172727  42.11527273]
0.14	 1.31	0.07	-0.3	191_L	[-54.40033333  26.01022222  40.92677778]
0.07	 -0.02	-0.03	-0.11	191_L	[-53.3557027   24.34894595  45.04608108]
0.07	 0.42	0.02	-0.2	191_L	[-50.94267647  27.87511765  42.2095    ]
-0.06	 -0.2	-0.13	0.03	191_L	[-48.98553333  26.96371111  40.14511111]
-0.15	 -0.72	0.02	0.27	191_L	[-52.22191935  26.95566129  39.02975806]
-0.07	 -0.49	-0.05	0.07	192_P	[-55.41010526  22.61163158  43.355     ]
-0.19	 -0.88	0.06	0.25	192_P	[-55.79265714  20.66034286  41.605     ]
-0.11	 -0.17	0.03	0.08	192_P	[-55.05821053  21.20468421  39.37973684]
-0.08	 -0.33	-0.01	0.05	192_P	[-55.03955882  24.12723529  40.03391176]
0.01	 -0.17	-0.13	-0.1	193_K	[-54.06344828  20.70396552  44.57724138]
0.01	 0.39	-0.12	-0.09	193_K	[-50.889875  18.05675   44.825875]
0.0	 0.3	-0.03	-0.13	193_K	[-49.22370968  19.50116129  45.33658065]
-0.18	 -0.8	-0.0	0.26	193_K	[-52.60182353  18.27273529  45.94476471]
-0.19	 -1.08	0.1	0.28	193_K	[-54.02561111  19.77055556  47.25686111]
-0.03	 0.35	-0.01	0.03	193_K	[-51.42996429  20.43721429  48.11214286]
-0.18	 -0.83	0.05	0.23	193_K	[-53.42032075  21.02981132  49.41875472]
-0.26	 -0.96	0.08	0.43	193_K	[-51.41514286  21.83219643  50.62107143]
0.1	 0.67	-0.18	-0.15	194_D	[-52.10381818  17.85072727  43.64009091]
-0.0	 -0.05	-0.11	0.01	194_D	[-49.66472222  17.49833333  43.05383333]
0.15	 1.18	0.05	-0.27	194_D	[-48.2759375  17.8565625  41.036875 ]
-0.18	 -0.81	0.09	0.23	194_D	[-51.04573171  16.3127561   41.38192683]
-0.2	 -1.01	-0.05	0.23	194_D	[-52.70784615  16.56453846  39.71576923]
-0.03	 -0.43	-0.02	0.01	194_D	[-52.60237931  18.36772414  38.66841379]
-0.18	 -0.59	0.06	0.2	194_D	[-54.00846667  17.816       41.37126667]
0.1	 0.44	0.08	-0.25	195_L	[-48.16166667  23.1947037   38.7922963 ]
0.1	 0.5	-0.0	-0.17	195_L	[-50.34590909  23.45672727  38.12372727]
0.19	 1.42	0.04	-0.26	195_L	[-53.134       20.26355556  37.995     ]
-0.21	 -1.03	0.08	0.31	195_L	[-53.25941176  22.71268627  36.72117647]
-0.14	 -0.85	-0.01	0.15	195_L	[-50.65052727  20.57085455  36.18387273]
0.13	 0.81	0.07	-0.34	196_Q	[-47.81276923  22.14838462  45.79730769]
-0.03	 0.36	-0.11	-0.03	196_Q	[-49.44163636  23.18786364  47.06509091]
0.11	 0.73	0.06	-0.26	196_Q	[-50.49231429  22.19777143  46.93948571]
0.04	 0.11	-0.06	-0.13	196_Q	[-49.79445614  24.75817544  47.57919298]
0.17	 1.3	0.4	-0.62	197_A	[-47.923125  20.9995    44.968375]
0.07	 0.5	-0.06	-0.17	197_A	[-45.8758   20.78148  45.01096]
0.09	 0.71	-0.04	-0.19	197_A	[-44.88307692  19.10776923  41.76815385]
0.01	 0.66	-0.11	-0.14	197_A	[-43.14466667  20.25755556  43.17659259]
-0.2	 -0.97	0.05	0.3	197_A	[-46.25828814  18.37861017  44.13359322]
0.01	 0.23	-0.12	-0.07	198_E	[-44.21205556  19.67333333  39.79105556]
0.07	 0.73	0.0	-0.2	198_E	[-45.61109091  22.66181818  38.29736364]
0.0	 -0.06	-0.02	-0.06	198_E	[-43.35407692  21.88676923  38.37426923]
-0.02	 -0.27	-0.07	0.01	198_E	[-46.4872963   20.96851852  37.5427037 ]
-0.09	 -0.59	0.03	0.17	198_E	[-45.84405405  18.19937838  38.99664865]
-0.16	 -0.87	-0.03	0.25	198_E	[-46.98973333  17.37633333  37.04133333]
-0.23	 -0.79	0.14	0.29	198_E	[-47.58637143  19.14842857  35.90017143]
-0.14	 -0.59	0.07	0.22	198_E	[-48.9867037   17.18792593  37.99688889]
0.11	 1.42	0.06	-0.34	199_A	[-46.3024  23.4538  38.8756]
-0.03	 0.71	-0.06	-0.04	199_A	[-45.2178125  24.75925    38.6625   ]
0.16	 1.01	0.11	-0.34	199_A	[-43.04752941  26.81417647  40.06070588]
-0.06	 -0.39	0.01	0.05	199_A	[-46.25644444  26.62358333  39.70905556]
0.15	 1.6	0.15	-0.4	200_L	[-42.77871429  21.84028571  45.04814286]
-0.03	 0.49	-0.09	-0.03	200_L	[-44.64463934  23.23878689  47.29480328]
0.1	 1.19	0.06	-0.23	201_C	[-40.66527273  21.41154545  39.08727273]
0.01	 -0.16	0.03	-0.13	201_C	[-38.29054545  22.63509091  38.72890909]
-0.05	 -0.02	-0.1	0.04	201_C	[-41.73103226  19.45467742  40.88232258]
-0.14	 -0.78	0.07	0.25	201_C	[-38.72130909  18.76667273  40.2058    ]
0.11	 1.42	0.18	-0.44	202_K	[-41.4504  22.0538  38.7288]
-0.08	 -0.23	-0.04	0.08	202_K	[-40.26054545  23.18027273  37.59918182]
0.13	 1.31	0.0	-0.3	202_K	[-40.01558333  26.00666667  38.537     ]
-0.05	 0.07	-0.05	-0.01	202_K	[-38.5169434   26.09573585  37.84677358]
-0.15	 -0.91	0.04	0.22	202_K	[-42.33254167  25.00152083  37.46054167]
0.1	 0.73	0.0	-0.19	203_L	[-40.81951282  28.76425641  39.90058974]
0.06	 0.47	-0.13	-0.12	204_D	[-36.33994444  22.21438889  39.06533333]
0.01	 0.72	0.02	-0.21	204_D	[-35.41035714  20.03064286  40.91928571]
0.11	 0.86	-0.0	-0.2	204_D	[-34.3418125   21.24296875  43.2831875 ]
-0.1	 -0.26	-0.09	0.19	204_D	[-34.27883721  21.06888372  39.19648837]
0.2	 1.57	0.29	-0.54	205_R	[-36.38761538  24.10292308  38.418     ]
0.08	 0.38	-0.01	-0.24	205_R	[-32.88        24.13086957  37.88191304]
0.06	 0.52	-0.01	-0.19	205_R	[-33.15738462  27.81769231  37.50623077]
-0.05	 -0.66	-0.19	0.04	205_R	[-31.60885  26.7641   37.7783 ]
-0.04	 -0.13	-0.09	-0.01	205_R	[-34.7698   26.3899   36.30675]
-0.08	 -0.37	-0.26	0.17	205_R	[-34.93475    23.4053125  36.789625 ]
-0.27	 -1.11	0.05	0.4	205_R	[-35.49233333  25.15597222  34.06447222]
-0.21	 -0.98	0.07	0.33	205_R	[-35.21026087  23.04695652  33.26304348]
-0.1	 -0.01	-0.08	0.11	205_R	[-33.29147826  23.10595652  33.31573913]
-0.24	 -0.98	0.07	0.34	205_R	[-31.7495      24.00908333  34.2034375 ]
-0.28	 -1.13	0.17	0.44	205_R	[-32.96622222  21.66575926  32.18562963]
0.02	 0.42	-0.14	-0.09	206_R	[-33.10133333  29.55566667  38.59738889]
0.18	 1.06	-0.03	-0.23	206_R	[-32.02326667  30.57826667  40.6122    ]
0.06	 0.5	-0.04	-0.13	206_R	[-34.45370833  31.06579167  40.877875  ]
-0.1	 -0.06	-0.05	0.11	206_R	[-35.71941026  29.24323077  37.66061538]
-0.12	 -0.72	-0.02	0.18	206_R	[-37.89881481  30.14092593  38.11625926]
-0.06	 -0.01	-0.01	0.01	206_R	[-36.09003571  32.54228571  39.53807143]
-0.06	 -0.47	-0.09	0.1	206_R	[-38.34769231  33.23592308  38.80084615]
0.09	 0.67	-0.08	-0.14	206_R	[-39.67375    31.716      39.1808125]
-0.09	 -0.14	0.05	0.02	206_R	[-37.56058824  34.59294118  40.87378431]
0.14	 1.3	0.06	-0.29	208_K	[-28.77607692  24.58153846  42.61046154]
-0.02	 0.2	-0.12	-0.08	208_K	[-28.5835   25.81825  39.57575]
-0.03	 0.17	-0.11	-0.05	208_K	[-27.2576   25.74768  41.18468]
-0.08	 -0.32	-0.02	0.05	208_K	[-29.74078125  24.08053125  39.59246875]
0.07	 -0.18	-0.0	-0.14	208_K	[-29.65566667  22.77766667  42.57213333]
-0.18	 -0.9	0.07	0.26	208_K	[-30.40338235  21.87582353  39.45497059]
-0.18	 -0.81	-0.0	0.22	208_K	[-31.6604375   19.773625    40.50909375]
-0.15	 -0.61	0.02	0.24	208_K	[-30.5257561   20.23404878  42.96982927]
0.14	 0.82	0.07	-0.31	209_A	[-29.77781818  26.61936364  38.92981818]
-0.05	 0.01	-0.08	0.01	209_A	[-27.85133333  27.88480952  38.78804762]
0.19	 1.26	0.08	-0.31	209_A	[-26.64728571  29.95114286  39.37721429]
-0.11	 -0.55	0.05	0.11	209_A	[-29.81439437  29.82208451  38.25094366]
0.12	 0.69	0.09	-0.31	210_T	[-31.55687234  32.17506383  42.32765957]
0.16	 1.22	0.12	-0.39	211_I	[-27.47690909  25.27236364  43.68      ]
-0.08	 -0.16	-0.05	0.04	211_I	[-25.39613559  25.22249153  45.06118644]
0.06	 0.56	-0.01	-0.19	211_I	[-28.56228571  23.95064286  45.35464286]
0.15	 1.67	0.2	-0.46	212_E	[-25.68477778  26.364       42.35222222]
0.15	 1.34	-0.16	-0.16	212_E	[-24.385     26.289125  42.028125]
-0.05	 -0.2	-0.05	-0.05	212_E	[-25.38488889  27.50927778  39.69491667]
-0.12	 -0.43	0.03	0.04	212_E	[-23.67482857  28.4994      38.60225714]
-0.06	 0.26	0.08	-0.07	212_E	[-22.01403846  26.12657692  39.37173077]
-5.48	 -0.14	-0.02	0.11	212_E	[-20.337725  27.156625  39.38765 ]
-0.15	 -0.47	0.0	0.21	212_E	[-22.5504878   25.56107317  41.23517073]
0.14	 0.92	-0.13	-0.15	213_Q	[-23.01110345  31.64793103  40.15410345]
0.17	 1.5	0.12	-0.35	213_Q	[-21.7246087   33.66982609  42.05021739]
0.14	 -0.16	0.08	-0.23	213_Q	[-24.120375  34.3115    40.8795  ]
-0.24	 -0.37	0.0	0.23	213_Q	[-25.15085366  32.29804878  39.16480488]
-0.21	 -0.79	-0.04	0.22	213_Q	[-26.5139  34.2079  38.4634]
-0.07	 -0.04	0.02	0.02	213_Q	[-26.37772727  35.89688636  39.91006818]
-0.08	 0.15	-0.13	0.02	213_Q	[-28.6954      32.73965714  39.45977143]
0.1	 0.62	0.03	-0.28	215_M	[-19.79675758  27.30912121  42.82542424]
-0.02	 -0.01	-0.05	-0.02	215_M	[-22.28973913  25.65343478  44.38930435]
-0.06	 -0.29	-0.03	0.09	215_M	[-21.41951351  25.70256757  47.49586486]
-0.16	 -0.4	0.07	0.17	215_M	[-18.54761765  25.60354412  46.01205882]
0.14	 1.86	0.2	-0.45	216_K	[-17.1425    30.794875  41.1815  ]
0.2	 1.12	0.07	-0.32	216_K	[-18.1993125  33.9435     42.083875 ]
-0.02	 -0.16	-0.13	-0.05	216_K	[-16.56230435  32.60143478  41.58556522]
-0.1	 -0.06	-0.08	0.02	216_K	[-19.26813889  32.39194444  40.19688889]
0.19	 1.31	0.28	-0.53	216_K	[-18.92713889  29.10469444  40.01255556]
-0.09	 -0.52	-0.03	0.15	216_K	[-20.25845283  31.51341509  38.24779245]
-0.24	 -1.21	0.08	0.36	216_K	[-19.20610638  29.6416383   36.58344681]
-0.21	 -0.69	0.02	0.22	216_K	[-21.6954359   28.95502564  36.81084615]
0.07	 0.99	-0.03	-0.22	217_I	[-21.483  35.059  42.73 ]
0.02	 0.17	-0.06	-0.06	217_I	[-19.79333333  36.33851111  42.41924444]
0.15	 0.57	-0.01	-0.24	218_L	[-16.64313889  29.30530556  47.66138889]
0.02	 0.15	0.05	-0.11	218_L	[-18.553775  28.39575   50.0611  ]
0.13	 0.49	0.01	-0.25	218_L	[-16.54     31.15745  50.2732 ]
0.14	 0.92	-0.0	-0.24	219_E	[-13.26008333  29.23258333  44.75125   ]
0.04	 0.39	-0.07	-0.15	219_E	[-13.20081818  31.60890909  42.40027273]
-0.01	 0.32	-0.09	-0.07	219_E	[-12.03082353  30.64305882  43.68023529]
-0.09	 -0.45	-0.02	0.06	219_E	[-14.47140741  29.81288889  41.91374074]
0.0	 0.04	-0.08	0.01	219_E	[-15.41975676  27.81216216  44.54272973]
-0.03	 0.01	-0.09	-0.01	219_E	[-16.28404167  27.16058333  42.03245833]
-0.12	 0.17	-0.08	0.01	219_E	[-17.19652273  28.64959091  40.72847727]
-0.28	 -0.95	0.11	0.46	219_E	[-15.35169048  25.96038095  42.01190476]
0.13	 1.56	0.09	-0.34	220_E	[-14.61088889  32.35311111  42.26822222]
-0.04	 0.35	-0.1	-0.02	220_E	[-12.8853  33.593   42.0861]
0.18	 1.23	0.12	-0.38	220_E	[-11.59674074  36.58796296  44.82881481]
0.01	 0.22	-0.03	-0.08	220_E	[-14.80393333  34.2292      41.5746    ]
-0.01	 -0.08	-0.11	-0.03	220_E	[-12.68483333  36.66766667  42.343     ]
-0.08	 -0.86	-0.07	0.07	220_E	[-14.55272222  37.04033333  40.61811111]
-0.11	 -0.1	-0.02	0.15	220_E	[-16.59128947  36.48078947  41.23536842]
-0.28	 -1.05	0.17	0.46	220_E	[-13.6967561   38.58697561  40.76880488]
0.07	 1.37	0.26	-0.53	221_I	[-11.49814286  33.492       49.19042857]
0.16	 1.13	0.04	-0.34	221_I	[-10.18008696  34.07421739  49.19030435]
0.17	 0.91	0.08	-0.35	221_I	[-12.5812381   33.74447619  50.3287619 ]
0.02	 0.34	0.03	-0.14	222_D	[-10.39436364  32.34404545  48.86295455]
0.13	 1.51	-0.05	-0.24	222_D	[-9.06692857 31.85171429 46.81321429]
-0.16	 -0.41	-0.01	0.18	222_D	[-8.0932766  31.31268085 46.99257447]
-0.09	 -0.72	0.04	0.04	222_D	[-10.8498125   29.68534375  46.822875  ]
-0.21	 -0.76	-0.05	0.22	222_D	[-11.70546154  29.09984615  48.95423077]
-0.06	 -0.01	0.03	0.06	222_D	[-13.20127273  31.173       49.76025   ]
-0.15	 -0.22	-0.02	0.16	222_D	[-13.76351064  28.73425532  47.47568085]
-0.1	 -0.21	-0.13	0.06	223_T	[-7.60035294 32.11935294 44.65229412]
0.14	 1.04	0.05	-0.29	223_T	[-6.2921875 33.4755625 46.567125 ]
-0.14	 -0.39	-0.03	0.17	223_T	[-6.055      35.11153659 44.88439024]
-0.24	 -0.97	0.04	0.27	223_T	[-7.66970588 33.95011765 42.57723529]
-0.03	 0.0	-0.03	0.05	223_T	[-9.50291429 36.01137143 43.33371429]
-0.15	 -0.7	0.07	0.17	223_T	[-9.9211     32.41656667 42.42976667]
0.23	 1.51	-0.16	-0.12	224_L	[-6.56828571 37.13042857 46.18357143]
0.03	 0.56	-0.07	-0.17	224_L	[-7.4836129  33.846      49.33412903]
0.17	 1.22	0.1	-0.39	224_L	[-11.00778571  37.72978571  45.9775    ]
0.01	 0.11	-0.1	-0.12	224_L	[-8.70526415 38.73607547 45.62871698]
0.11	 0.27	0.06	-0.21	225_I	[-5.4956087  37.41678261 47.48886957]
0.2	 1.8	0.07	-0.37	225_I	[-4.91755556 35.17944444 50.90155556]
0.07	 0.56	0.05	-0.17	225_I	[-3.71967347 39.40222449 49.38818367]
-0.13	 -0.35	0.0	0.18	225_I	[-2.51626667 36.42213333 47.61526667]
-0.15	 -0.47	-0.01	0.18	225_I	[-3.21832558 34.17613953 47.00753488]
-0.14	 -0.53	-0.07	0.23	225_I	[-1.28601449 35.85186957 50.32615942]
-0.18	 -0.85	0.06	0.24	225_I	[-3.89178873 32.88066197 49.43764789]
0.1	 0.41	0.01	-0.21	226_L	[-4.6012  35.85855 51.9355 ]
0.18	 0.63	0.03	-0.31	226_L	[-2.85525  36.761875 53.013375]
0.13	 0.79	0.02	-0.26	226_L	[-4.07645 36.22985 54.16645]
-0.0	 -0.23	-0.03	-0.03	227_P	[-0.92788462 37.71196154 54.15376923]
-0.04	 0.3	0.09	-0.08	227_P	[ 0.50556522 40.77113043 54.24469565]
-0.16	 -0.59	-0.05	0.28	227_P	[-0.07243478 40.32669565 51.94471739]
0.05	 0.56	-0.06	-0.16	227_P	[-1.88816667 39.82377778 50.92983333]
0.05	 0.35	-0.03	-0.1	228_E	[-0.07144444 38.21811111 56.99055556]
0.16	 1.79	0.15	-0.41	228_E	[-3.05936364 38.25772727 59.36663636]
0.04	 0.29	-0.1	-0.06	228_E	[-1.00757143 40.68928571 60.09042857]
-0.07	 -0.07	-0.03	0.04	228_E	[-3.53360606 40.73706061 60.14590909]
-0.13	 -0.63	-0.1	0.14	228_E	[-0.31873529 38.86358824 59.73029412]
-0.05	 -0.25	-0.15	-0.02	228_E	[-1.49888235 36.00182353 59.11488235]
-0.13	 -0.52	-0.07	0.18	228_E	[ 0.24417857 35.71675    60.53046429]
-0.26	 -1.16	0.17	0.43	228_E	[ 0.09115 36.6679  61.9443 ]
-0.29	 -1.1	0.21	0.48	228_E	[ 0.86478049 34.45370732 59.77958537]
0.1	 0.47	-0.09	-0.16	229_N	[ 0.15888889 41.11911111 58.96344444]
-0.07	 -0.39	-0.03	0.06	229_N	[-1.74805263 42.82668421 59.98989474]
0.09	 1.65	0.18	-0.45	229_N	[-3.34385714 43.43757143 59.76057143]
-0.09	 -0.38	-0.09	0.14	229_N	[-3.13772222 45.13005556 58.42797222]
-0.21	 -1.16	0.06	0.29	229_N	[ 0.452      43.98458974 59.06969231]
-0.19	 -0.87	-0.01	0.25	229_N	[ 1.95791667 43.38591667 57.23375   ]
-0.19	 -0.67	0.09	0.25	229_N	[ 0.65628205 44.91915385 55.97638462]
-0.05	 -0.19	-0.01	0.01	229_N	[ 1.09066667 41.74164286 56.23316667]
0.17	 1.68	0.07	-0.31	230_F	[-2.2825     45.74555556 55.22611111]
0.06	 0.69	-0.07	-0.12	230_F	[-2.81946875 43.1353125  50.34690625]
-0.02	 0.38	-0.16	-0.07	230_F	[-0.55297826 45.26986957 53.6348913 ]
-0.07	 0.0	-0.08	0.04	230_F	[-0.67209091 44.57359091 51.43059091]
0.15	 1.88	0.09	-0.36	231_K	[-5.56106667 44.78346667 58.53573333]
0.14	 0.77	-0.01	-0.19	231_K	[-6.53811765 41.09223529 59.71464706]
0.14	 0.93	0.05	-0.27	231_K	[-9.21815385 43.52115385 60.01392308]
0.0	 -0.22	-0.04	-0.1	231_K	[-8.99493333 41.32246667 59.6674    ]
-0.15	 -0.58	-0.01	0.23	231_K	[-6.28675641 43.64628205 61.07752564]
0.23	 1.76	0.19	-0.44	232_D	[-7.01546667 45.61866667 58.11466667]
0.11	 1.21	0.03	-0.31	232_D	[-10.736       44.60124138  59.14831034]
0.13	 1.57	0.01	-0.19	232_D	[-11.97011538  44.07261538  57.13361538]
0.05	 0.69	0.0	-0.14	232_D	[-9.96866667 47.0983     56.58053333]
-0.02	 -0.29	-0.06	0.04	232_D	[-8.94058065 47.51474194 58.96332258]
-0.32	 -0.89	-0.01	0.43	232_D	[-9.48717143 46.3364     60.60408571]
-0.2	 -0.45	-0.05	0.15	232_D	[-8.74195745 48.75710638 58.2466383 ]
0.05	 0.61	-0.09	-0.06	234_R	[-10.45671429  38.64885714  58.57371429]
-0.37	 0.86	-0.16	-0.18	234_R	[-10.92226667  37.37143333  57.05943333]
0.02	 0.12	-0.04	-0.05	234_R	[-8.57293548 38.48325806 58.08564516]
0.02	 0.17	-0.03	-0.07	234_R	[-6.20004651 37.80890698 58.33630233]
-0.0	 0.45	-0.19	-0.06	234_R	[-5.374   35.18225 56.57025]
-0.18	 -0.85	0.06	0.27	234_R	[-4.53505882 35.33668627 58.91386275]
-0.17	 -0.75	0.03	0.24	234_R	[-2.67277143 35.14345714 56.23922857]
0.12	 1.14	0.07	-0.3	235_L	[-10.1827  40.2169  59.3082]
0.09	 1.02	-0.05	-0.13	235_L	[-12.0944375  38.81825    59.4744375]
0.23	 0.85	0.03	-0.24	235_L	[-15.5142  40.4774  57.74  ]
0.01	 -0.06	-0.08	-0.07	235_L	[-11.31346429  41.81871429  60.538     ]
0.01	 0.41	-0.08	-0.04	235_L	[-14.22370833  42.351       58.975875  ]
-0.15	 -0.56	-0.06	0.26	235_L	[-14.5904697   39.65201515  60.96343939]
-0.2	 -1.0	-0.03	0.37	235_L	[-13.49192308  43.29587179  61.27296154]
0.15	 1.33	0.16	-0.42	236_K	[-13.31027273  42.77427273  57.17863636]
0.03	 0.07	-0.07	-0.03	236_K	[-15.31328571  41.82180952  56.1307619 ]
0.13	 0.69	0.1	-0.31	236_K	[-16.58240909  40.62672727  54.33836364]
0.04	 0.7	-0.06	-0.06	236_K	[-13.71410526  44.04521053  55.38868421]
0.06	 0.09	-0.12	-0.1	236_K	[-16.00566667  43.21193333  54.52133333]
0.2	 1.62	-0.04	-0.23	236_K	[-13.898875  45.332625  54.1495  ]
0.24	 1.47	0.15	-0.42	236_K	[-14.2255      46.71691667  52.46966667]
-0.15	 -0.57	-0.02	0.18	236_K	[-16.50283019  46.27371698  53.735     ]
0.05	 0.39	-0.11	-0.12	237_R	[-12.49105556  35.22583333  53.86766667]
0.06	 0.09	0.02	-0.12	237_R	[-11.13494444  34.51872222  51.70494444]
0.0	 -0.03	-0.04	-0.01	237_R	[-10.47454167  35.60229167  54.36941667]
-0.12	 -0.32	-0.04	0.14	237_R	[-8.773      34.00691667 52.98525   ]
0.0	 0.36	0.02	-0.06	237_R	[-7.50306897 34.52855172 51.40444828]
-0.06	 -0.44	-0.01	0.07	237_R	[-7.22907407 35.17111111 54.60961111]
0.13	 1.46	0.08	-0.34	238_K	[-12.29007143  36.34421429  55.77135714]
0.09	 0.31	-0.08	-0.16	238_K	[-14.10535714  34.7675      55.99742857]
0.17	 1.28	0.37	-0.6	238_K	[-16.71472727  36.14572727  58.41827273]
0.24	 1.35	0.39	-0.62	238_K	[-16.31278947  33.884       56.84668421]
0.19	 1.39	0.13	-0.4	238_K	[-13.1315625   36.73296875  58.4899375 ]
0.04	 1.17	-0.05	-0.16	238_K	[-15.179325  35.07035   59.06775 ]
-0.19	 -0.51	-0.15	0.23	238_K	[-13.78028261  35.79123913  60.87284783]
-0.21	 -0.7	-0.1	0.38	238_K	[-12.65176786  33.21391071  60.78591071]
-0.26	 -0.81	0.12	0.37	238_K	[-11.22887755  33.87093878  58.77081633]
0.16	 1.25	0.09	-0.36	239_G	[-15.76818182  37.963       58.64209091]
-0.08	 -0.39	-0.16	0.22	239_G	[-17.81358824  38.46998039  57.89194118]
0.0	 0.27	0.09	-0.15	239_G	[-19.30357895  38.90863158  55.43673684]
-0.08	 -0.12	-0.09	0.09	239_G	[-20.51023529  37.58976471  56.42211765]
0.12	 1.02	-0.05	-0.15	240_L	[-17.84675   39.572375  54.43475 ]
0.09	 0.09	-0.06	-0.19	240_L	[-19.51494737  39.16057895  53.45010526]
0.11	 0.8	-0.06	-0.38	240_L	[-17.82358333  40.24775     52.97708333]
0.18	 1.25	0.08	-0.35	240_L	[-20.79491892  40.02818919  51.34221622]
0.13	 1.12	0.04	-0.26	241_V	[-15.88573333  33.137       55.23446667]
-0.08	 -0.02	0.0	0.01	241_V	[-16.29132653  30.85420408  53.71253061]
0.03	 0.53	-0.1	-0.08	241_V	[-14.37063636  33.01497727  52.24890909]
0.18	 1.28	0.11	-0.38	242_K	[-20.858       32.00288889  56.908     ]
0.03	 0.16	-0.1	-0.06	242_K	[-22.296       34.69571429  56.97728571]
-0.02	 -0.24	-0.05	-0.06	242_K	[-22.73668421  32.84326316  56.79331579]
-0.08	 -0.38	-0.03	0.14	242_K	[-20.69411429  34.43574286  58.28362857]
-0.05	 -0.22	-0.02	0.04	242_K	[-18.13326087  34.63786957  59.27878261]
-0.06	 -0.07	-0.0	0.05	242_K	[-19.60544828  31.61786207  58.7602069 ]
-0.03	 0.13	-0.1	-0.03	242_K	[-16.32085965  31.93463158  58.79307018]
-0.28	 -1.13	0.04	0.45	242_K	[-17.13174138  30.01805172  60.10674138]
0.13	 0.69	0.1	-0.32	243_K	[-21.6061  36.1212  56.4783]
-0.03	 -0.35	-0.05	-0.01	243_K	[-23.92116667  35.66088889  55.75455556]
0.19	 1.33	0.16	-0.42	243_K	[-25.746       34.79522727  53.9975    ]
-0.03	 -0.02	-0.11	-0.09	243_K	[-22.32715625  38.04803125  55.153125  ]
0.1	 0.77	0.03	-0.27	243_K	[-25.45605263  36.91489474  54.30047368]
-0.07	 0.12	-0.05	0.03	243_K	[-23.51461905  39.6182381   52.53114286]
-0.25	 -1.22	0.15	0.33	243_K	[-24.42947727  40.35572727  54.88438636]
-0.21	 -0.88	0.05	0.3	243_K	[-26.76195918  39.26095918  54.61561224]
0.15	 1.47	0.11	-0.39	245_Q	[-22.76241667  28.59475     52.87358333]
-0.02	 0.16	-0.1	0.01	245_Q	[-23.7504  29.605   55.638 ]
0.0	 -0.05	0.01	-0.1	245_Q	[-24.67061905  28.40785714  54.49352381]
-0.03	 0.05	-0.01	0.0	245_Q	[-21.85278378  29.53540541  55.50540541]
0.04	 0.07	0.01	-0.18	245_Q	[-20.84561111  28.40044444  52.49338889]
-0.02	 0.25	0.03	-0.09	245_Q	[-19.23305882  28.25547059  55.086     ]
-0.02	 -0.07	-0.06	0.02	245_Q	[-18.61319355  29.43809677  56.3906129 ]
-0.19	 -0.72	0.01	0.28	245_Q	[-17.89738333  27.86163333  53.66376667]
0.14	 1.22	0.15	-0.38	246_A	[-23.64554545  31.24263636  56.26572727]
-0.09	 0.04	-0.12	0.02	246_A	[-25.99768421  30.33136842  56.46089474]
0.19	 0.84	0.11	-0.31	246_A	[-28.51223529  30.67229412  55.52788235]
-0.19	 -0.88	-0.04	0.26	246_A	[-26.17213846  32.89949231  56.75755385]
0.15	 0.97	0.03	-0.32	247_F	[-27.64025    34.5175625  53.7160625]
0.16	 2.16	0.08	-0.32	247_F	[-26.27046667  38.5474      50.705     ]
-0.03	 -0.1	-0.0	-0.01	247_F	[-29.413875    36.22851786  52.47060714]
-0.05	 0.33	-0.11	-0.02	247_F	[-27.79028125  38.23159375  52.60259375]
0.17	 1.45	0.28	-0.52	248_L	[-26.3499  26.314   52.3013]
0.0	 0.36	-0.09	-0.1	248_L	[-25.14938889  26.79088889  51.2255    ]
0.01	 -0.22	-0.0	-0.07	248_L	[-22.31051613  27.28390323  50.16283871]
0.11	 0.87	0.03	-0.23	248_L	[-25.05        26.34248148  48.34466667]
0.1	 1.61	0.09	-0.32	249_A	[-25.9153  27.2042  53.5845]
-0.01	 0.21	-0.14	-0.06	249_A	[-27.64116667  25.706       53.99961111]
0.11	 0.77	-0.08	-0.18	249_A	[-30.2339375  27.77325    55.11575  ]
0.03	 0.36	-0.18	-0.05	249_A	[-30.27247059  25.73352941  54.59535294]
-0.19	 -1.05	0.06	0.3	249_A	[-27.48283051  27.425       56.04101695]
0.08	 0.46	-0.18	-0.12	250_E	[-32.4001  28.7473  54.1692]
0.17	 0.79	-0.05	-0.19	250_E	[-33.99764286  28.35592857  52.16257143]
0.08	 0.56	0.06	-0.25	250_E	[-32.86341379  30.63562069  51.81037931]
-0.14	 -0.91	0.05	0.22	250_E	[-31.84814706  30.691       55.27352941]
-0.2	 -1.15	-0.03	0.24	250_E	[-32.38407143  33.05821429  55.36042857]
-0.05	 -0.02	-0.21	0.17	250_E	[-32.80189796  33.55665306  52.71712245]
-0.1	 -0.28	0.03	0.05	250_E	[-30.0425625   33.5129375   55.32916667]
0.13	 1.48	0.14	-0.4	252_D	[-30.5502      22.65693333  49.97      ]
0.16	 1.42	0.27	-0.53	252_D	[-31.51566667  23.18266667  53.07366667]
0.21	 1.16	-0.0	-0.25	252_D	[-32.037       21.76833333  50.79883333]
-0.12	 0.16	-0.14	0.07	252_D	[-30.1135122   22.94717073  52.66956098]
-0.02	 0.32	0.11	-0.13	252_D	[-27.4792   23.49132  50.56552]
-0.05	 0.25	-0.06	-0.03	252_D	[-28.02836111  23.41041667  48.94947222]
-0.21	 -0.66	0.07	0.29	252_D	[-26.69494737  23.71084211  52.06763158]
0.11	 1.39	0.1	-0.38	253_T	[-31.93553846  23.84015385  53.52607692]
0.14	 1.26	0.43	-0.65	253_T	[-32.610875  23.761875  54.029125]
0.14	 1.39	0.31	-0.56	253_T	[-36.4554  25.6369  52.1827]
0.04	 0.32	-0.16	-0.09	253_T	[-33.81875     27.52025     54.16458333]
-0.14	 -0.35	-0.05	0.15	253_T	[-32.71691837  25.31446939  55.46402041]
-0.17	 -0.69	0.03	0.22	253_T	[-35.90445312  26.15435937  54.56132812]
0.18	 1.06	0.08	-0.32	254_V	[-37.04663636  26.23909091  50.70345455]
0.08	 0.49	-0.07	-0.18	254_V	[-35.33851429  28.93451429  50.61908571]
0.14	 1.2	0.15	-0.42	255_E	[-34.5766  21.6858  46.4391]
0.16	 1.51	0.3	-0.55	255_E	[-33.68509091  20.44727273  49.44263636]
0.08	 0.74	-0.04	-0.14	255_E	[-35.05938889  19.86605556  47.254     ]
-0.05	 0.21	-0.08	-0.02	255_E	[-32.619       21.2504      48.09793333]
0.18	 1.36	0.28	-0.52	255_E	[-33.81035294  22.25870588  45.50717647]
0.03	 0.57	-0.03	-0.17	255_E	[-30.90613793  21.63631034  45.09582759]
-0.15	 -0.32	0.01	0.14	255_E	[-29.90465854  21.54453659  46.86734146]
0.06	 0.17	0.07	-0.27	255_E	[-31.76173684  21.52326316  44.31242105]
-0.01	 0.3	-0.03	-0.0	256_Q	[-38.56280769  19.66553846  52.1055    ]
0.02	 -0.09	-0.12	-0.03	256_Q	[-36.18370833  20.25933333  53.27775   ]
-0.01	 -0.25	-0.03	-0.07	256_Q	[-33.54152778  19.6855      51.85336111]
0.04	 0.13	-0.0	-0.16	256_Q	[-33.124625  21.363625  54.312625]
-0.14	 -0.52	-0.01	0.24	256_Q	[-34.55923529  22.10932353  55.33082353]
-0.32	 -1.04	0.12	0.44	256_Q	[-32.16311538  19.66388462  54.69473077]
0.09	 0.45	-0.14	-0.05	257_N	[-40.46358333  21.10891667  50.94516667]
0.13	 1.26	0.07	-0.34	257_N	[-40.583  20.44   49.8  ]
-0.04	 0.07	-0.02	-0.01	257_N	[-41.68538636  21.90904545  48.67679545]
0.09	 0.99	-0.08	-0.25	257_N	[-40.3414898   24.74822449  50.51893878]
-0.11	 -0.07	-0.53	0.12	257_N	[-39.94704167  23.88283333  52.40920833]
-0.32	 -0.57	-0.71	0.74	257_N	[-41.60663636  23.61379545  52.89095455]
-0.05	 -0.24	-0.02	-0.04	257_N	[-38.18883673  23.99667347  53.38067347]
0.16	 1.47	0.11	-0.36	258_I	[-41.21572222  20.99444444  46.54572222]
0.17	 0.97	0.05	-0.32	258_I	[-36.85404545  18.85668182  46.23281818]
0.19	 1.88	0.17	-0.41	258_I	[-36.13557692  21.54842308  45.0565    ]
0.13	 0.39	-0.06	-0.19	259_C	[-41.3048  20.1457  44.871 ]
-0.0	 -0.23	-0.1	0.03	259_C	[-40.67252381  17.9662381   43.63380952]
-0.04	 -0.38	-0.16	0.02	259_C	[-40.5897  16.4119  44.7497]
-0.1	 -0.02	-0.03	0.02	259_C	[-38.15283721  15.92709302  45.54509302]
-0.17	 -0.74	-0.01	0.15	259_C	[-37.3728125  17.6200625  43.640375 ]
0.01	 0.14	-0.12	-0.04	259_C	[-36.44777273  19.46727273  42.49618182]
-0.03	 -0.12	-0.03	0.05	260_Q	[-41.2038125  18.461375   46.685    ]
-0.07	 -0.34	-0.11	0.08	260_Q	[-41.35616667  17.267625    48.46958333]
0.15	 -1.11	-0.11	-0.16	260_Q	[-39.5884  15.5634  49.9354]
-0.06	 -0.43	-0.02	0.1	260_Q	[-40.345975  17.978025  50.212075]
-0.07	 -0.03	-0.13	0.05	260_Q	[-39.58396296  14.65240741  48.29444444]
-0.13	 -0.64	0.01	0.18	260_Q	[-42.164625  15.166225  46.68315 ]
-0.11	 -0.41	-0.07	0.13	260_Q	[-41.50085  12.7216   46.6238 ]
-0.33	 -0.98	0.15	0.44	260_Q	[-40.73397368  12.45560526  45.31697368]
-0.27	 -1.13	0.16	0.42	260_Q	[-42.03512963  12.04031481  48.1652037 ]
0.18	 0.81	-0.03	-0.24	261_E	[-37.52338462  15.50376923  48.23861538]
-0.14	 -0.72	0.04	0.14	261_E	[-35.25615094  16.54735849  49.13835849]
-0.19	 -0.31	-0.17	0.19	261_E	[-33.9524      18.40853333  49.5966    ]
-0.19	 -1.01	0.06	0.29	261_E	[-37.40781356  15.93764407  51.45520339]
