-0.24	 -0.71	-0.01	0.41	3_M	[30.20550877  5.56964912 55.00824561]
0.04	 0.45	-0.1	-0.09	3_M	[29.2324      4.35386667 56.93306667]
0.1	 1.04	-0.04	-0.17	3_M	[30.0859  7.4702 57.1549]
0.19	 1.57	0.2	-0.46	3_M	[32.26126667  7.26566667 55.95106667]
0.2	 1.51	0.25	-0.52	3_M	[32.71632143  4.39278571 54.93942857]
-0.05	 -0.22	-0.03	0.01	3_M	[31.37971795  1.67212821 56.02884615]
0.13	 1.42	0.33	-0.6	3_M	[ 3.15590000e+01 -5.07142857e-02  5.75255714e+01]
-0.01	 -0.02	0.01	-0.08	3_M	[29.55565854  0.99987805 58.784     ]
0.07	 0.29	-0.03	-0.19	4_K	[28.98635714  6.50257143 57.84657143]
-0.03	 -0.33	-0.01	0.0	4_K	[28.35068966  8.17710345 59.21051724]
0.1	 0.82	-0.03	-0.22	4_K	[28.02536667  9.42403333 62.34176667]
-0.09	 -0.14	-0.05	0.09	4_K	[28.42838 11.4145  60.53082]
-0.15	 -0.27	0.04	0.09	4_K	[29.96538889 13.52602778 60.37297222]
0.24	 0.92	0.34	-0.54	9_D	[37.537      14.03666667 74.87183333]
0.12	 1.06	0.08	-0.34	9_D	[36.04222581 13.1066129  75.59080645]
0.17	 1.48	0.3	-0.55	9_D	[36.4966875 15.248875  71.760125 ]
0.12	 1.92	-0.05	-0.23	9_D	[39.38566667 15.789      73.09983333]
0.02	 0.43	-0.09	-0.05	9_D	[39.71492 14.54584 74.09332]
-0.16	 -0.38	0.01	0.17	9_D	[38.56710256 16.4145641  71.74730769]
0.05	 1.08	-0.09	-0.11	10_Y	[37.585625  12.863375  76.5436875]
-0.02	 -0.37	-0.03	0.0	10_Y	[39.52711111 13.93955556 76.593     ]
-0.08	 -0.36	0.08	0.07	10_Y	[39.3305     12.66733333 78.78773333]
-0.08	 -0.43	-0.09	0.13	11_G	[42.0246087  13.52282609 77.52643478]
0.04	 0.47	-0.35	0.08	11_G	[43.72171875 12.513875   76.6560625 ]
-0.26	 -0.98	0.03	0.45	11_G	[44.85553846 13.611      76.67371795]
0.2	 1.4	0.16	-0.41	12_S	[42.308      12.41657895 73.93189474]
-0.07	 -0.19	-0.14	0.05	12_S	[45.20914286 12.45028571 74.15995238]
0.1	 0.69	-0.09	-0.16	12_S	[43.63473684 12.17436842 72.28357895]
0.07	 -0.34	0.0	-0.14	12_S	[46.10352 10.75896 75.91116]
0.08	 0.63	-0.03	-0.22	13_G	[46.5088125 11.122     72.535625 ]
0.07	 -0.3	0.05	-0.1	14_N	[45.90676923 12.46726923 70.832     ]
-0.12	 -0.39	0.09	0.14	14_N	[47.14365517 13.52041379 69.50227586]
0.02	 0.13	-0.18	-0.01	14_N	[45.814      14.50446154 67.46646154]
0.15	 1.58	0.1	-0.31	14_N	[46.96005556 13.74488889 66.09711111]
-0.16	 -0.8	-0.08	0.18	14_N	[48.95254286 12.43962857 68.04654286]
0.17	 1.12	0.08	-0.35	14_N	[48.93325 11.22875 65.993  ]
0.07	 0.76	0.02	-0.15	15_L	[44.25718182 14.23418182 68.66472727]
0.14	 1.25	0.08	-0.29	15_L	[41.72130769 14.46084615 65.66215385]
-0.05	 -0.39	0.02	-0.0	15_L	[41.33289655 14.79606897 67.87044828]
0.07	 0.02	-0.01	-0.1	15_L	[43.046      13.37678571 70.47964286]
0.08	 -0.1	-0.05	-0.14	15_L	[40.99441176 14.222      70.76767647]
-0.07	 -0.6	-0.17	0.08	16_R	[43.74425    15.39958333 66.79625   ]
0.07	 0.45	0.07	-0.19	16_R	[42.846      15.75116667 64.03927778]
0.16	 1.77	0.15	-0.44	16_R	[45.79066667 14.89422222 62.01966667]
-0.17	 -0.72	-0.09	0.21	16_R	[45.60067647 16.44729412 65.43814706]
0.06	 0.52	0.03	-0.22	16_R	[44.90556757 16.8427027  62.88318919]
-0.15	 -0.73	0.02	0.26	16_R	[45.74461224 19.07008163 64.2494898 ]
-0.16	 -0.78	0.0	0.19	16_R	[44.02165625 20.24715625 62.75046875]
-0.09	 -0.36	-0.01	0.03	16_R	[45.01914286 20.25335714 61.50614286]
-0.15	 -0.57	0.07	0.19	16_R	[45.98456522 18.47356522 60.18528261]
-0.28	 -0.98	0.08	0.41	16_R	[43.87877778 20.83772222 60.26285185]
0.15	 1.24	0.1	-0.38	17_S	[46.7588125 14.734875  63.9088125]
0.0	 -0.05	-0.08	-0.03	17_S	[46.69845 13.5855  61.5041 ]
0.12	 0.05	0.12	-0.26	17_S	[46.38633333 10.99516667 60.49161111]
-0.01	 0.18	-0.14	-0.07	17_S	[48.82189189 11.15375676 62.85659459]
-0.24	 -0.98	0.07	0.35	17_S	[48.90502222 13.67162222 63.57011111]
0.09	 0.38	-0.06	-0.16	19_A	[40.20941304 14.42813043 62.95278261]
0.15	 1.71	0.14	-0.41	20_K	[42.35891667 13.58025    57.43041667]
0.06	 0.73	-0.08	-0.13	20_K	[44.59881818 11.79409091 57.30936364]
-0.0	 0.03	-0.02	-0.1	20_K	[42.79186667 12.18713333 56.2366    ]
-0.12	 -0.72	-0.01	0.19	20_K	[44.89490909 13.73027273 58.07757576]
-0.03	 -0.09	-0.04	-0.05	20_K	[45.26968182 15.67359091 59.74440909]
-0.07	 -0.15	0.0	0.09	20_K	[42.49146875 16.05       57.765375  ]
0.09	 0.52	-0.02	-0.19	20_K	[42.41377143 17.44454286 60.7684    ]
-0.21	 -0.66	-0.03	0.27	20_K	[40.44150943 17.59933962 59.43930189]
0.13	 0.79	-0.01	-0.22	21_A	[45.273875 11.36675  58.692875]
0.08	 0.21	-0.03	-0.1	21_A	[45.18923077  9.94161538 57.30707692]
0.05	 0.02	-0.01	-0.17	21_A	[46.29888462  8.55207692 58.78903846]
0.16	 1.37	0.3	-0.57	23_E	[37.78114286 11.17742857 55.10128571]
0.08	 0.22	-0.14	-0.1	23_E	[40.1189 11.8259 54.1393]
-0.09	 -0.28	0.01	0.1	23_E	[38.53024 10.13312 53.24792]
-0.04	 -0.64	-0.08	-0.01	23_E	[39.47817647 13.04529412 55.72767647]
0.1	 0.62	-0.07	-0.13	23_E	[36.7246     12.69406667 56.9046    ]
0.04	 0.26	-0.08	-0.06	23_E	[38.30436667 14.72813333 57.57433333]
-0.29	 -1.03	0.18	0.44	23_E	[37.86858974 15.40128205 56.20902564]
0.02	 0.35	0.01	-0.08	23_E	[38.6515     15.04086111 59.53594444]
0.16	 0.87	-0.05	-0.19	24_A	[41.372    11.87425  54.899375]
-0.11	 -0.67	-0.04	0.15	24_A	[41.77194444 10.80822222 52.73455556]
0.11	 0.95	-0.01	-0.28	24_A	[43.0507  7.5928 52.9325]
-0.25	 -0.66	0.18	0.38	24_A	[41.20733333  8.22427778 51.48872222]
-0.13	 -0.34	-0.0	0.09	24_A	[44.11536207 10.38036207 53.95331034]
0.03	 0.37	-0.06	-0.15	25_A	[42.08722581  5.41019355 53.08380645]
-0.02	 -0.04	-0.1	0.0	25_A	[39.5945    6.175125 51.807125]
0.05	 0.26	-0.03	-0.11	25_A	[39.03893333  4.28733333 51.9855    ]
0.13	 1.15	0.44	-0.64	26_G	[39.04285714  8.365      52.39885714]
-0.13	 -0.45	-0.1	0.15	26_G	[37.10002941  7.27164706 51.86811765]
0.12	 0.33	-0.01	-0.2	26_G	[36.41944444  8.99811111 53.69533333]
-0.1	 0.12	-0.07	0.06	26_G	[34.37566038  6.96624528 53.61801887]
0.09	 -0.16	-0.19	-0.08	27_F	[34.526     9.6375   55.023625]
0.04	 0.07	-0.03	-0.09	27_F	[35.98373077 10.64769231 55.45415385]
0.14	 0.87	-0.08	-0.23	28_S	[33.23941667  8.78825    55.62175   ]
-0.08	 -0.44	-0.01	0.06	28_S	[33.97315789 11.54863158 56.35568421]
-0.13	 -0.56	0.03	0.16	28_S	[31.15355263 10.16957895 56.30247368]
-0.19	 -0.49	0.01	0.23	28_S	[31.12519355 12.56796774 57.40035484]
0.2	 0.87	0.01	-0.25	29_V	[34.64075 12.6845  58.3883 ]
0.1	 1.42	0.02	-0.28	29_V	[35.54725  13.812875 61.69875 ]
-0.19	 -0.49	0.06	0.21	29_V	[33.73021875 14.213875   60.375375  ]
-0.01	 0.67	-0.76	0.07	29_V	[36.55315789 13.58215789 59.97415789]
0.17	 0.61	0.11	-0.34	29_V	[37.31552 13.1906  62.06188]
-0.01	 0.52	-0.02	-0.08	30_A	[34.5587619  14.39980952 63.15438095]
0.09	 0.55	-0.0	-0.17	30_A	[31.70172 14.49316 63.3774 ]
-0.05	 -0.14	-0.02	-0.04	31_V	[34.23025   15.07125   64.8665625]
0.08	 0.06	-0.1	-0.12	31_V	[34.4666 15.9058 68.0664]
-0.01	 -0.42	0.02	-0.07	31_V	[32.66134783 15.44473913 66.90808696]
-0.09	 -0.24	-0.01	0.18	31_V	[35.95247368 16.27005263 66.80173684]
-0.02	 0.35	0.0	-0.07	31_V	[37.4111   15.75765  69.010925]
-0.06	 -0.33	0.03	0.04	31_V	[37.93030769 15.09817308 65.19736538]
-0.06	 -0.41	-0.11	0.09	32_A	[33.41917391 15.8203913  70.27526087]
0.19	 1.63	0.24	-0.51	32_A	[35.10291667 15.28216667 71.43241667]
0.07	 1.19	-0.02	-0.18	32_A	[31.07168421 15.05994737 69.35005263]
0.05	 0.65	0.12	-0.27	33_Q	[32.23335714 15.4475     71.93257143]
0.28	 1.24	-0.17	-0.13	33_Q	[32.08385714 15.84385714 75.35628571]
-0.02	 -0.26	-0.01	-0.01	33_Q	[32.9296   13.994725 76.71285 ]
-0.03	 -0.23	-0.18	0.0	33_Q	[34.81861905 15.20461905 75.87861905]
-0.12	 -0.45	-0.1	0.09	33_Q	[33.86007843 17.04568627 73.41415686]
-0.13	 -0.45	-0.14	0.11	33_Q	[35.51229167 18.089875   74.70866667]
-0.31	 -1.15	0.24	0.49	33_Q	[35.21055  19.791675 74.115425]
-0.16	 -0.62	0.03	0.22	33_Q	[36.81403226 17.32309677 75.67474194]
0.19	 1.04	0.11	-0.36	34_D	[31.18646667 15.1838     72.802     ]
0.14	 1.58	0.03	-0.3	34_D	[30.22375  14.462125 76.5715  ]
-0.13	 -0.25	-0.06	0.16	34_D	[29.54341463 15.98402439 74.49573171]
-0.11	 -0.25	0.06	-0.01	34_D	[27.024      15.145      75.74195238]
-0.17	 -0.69	0.11	0.27	34_D	[27.43142857 14.24788095 76.9922381 ]
-0.1	 -0.52	-0.01	0.11	34_D	[26.30920588 14.776      74.10658824]
0.14	 1.14	-0.02	-0.24	35_P	[26.012875  9.827625 75.0675  ]
0.2	 1.22	0.02	-0.24	35_P	[26.26963636  8.26772727 74.29418182]
-0.04	 -0.16	-0.0	0.03	35_P	[27.70264706  9.38166667 76.79733333]
-0.1	 0.16	-0.03	0.04	35_P	[29.04678571 10.38607143 78.66121429]
0.0	 -0.0	-0.08	-0.06	35_P	[29.95339286 12.68225    77.79042857]
0.19	 1.71	0.16	-0.44	36_K	[26.63115385 12.05115385 75.50330769]
0.14	 1.52	-0.01	-0.23	36_K	[25.56111111 13.89844444 72.23888889]
-0.03	 -0.02	0.0	-0.03	36_K	[24.10233333 13.00052381 70.46009524]
-0.1	 -0.09	-0.07	0.1	36_K	[24.489      12.16534783 74.68436957]
-0.13	 0.01	-0.06	0.08	36_K	[22.18867857 11.49228571 73.64075   ]
-0.15	 -0.77	-0.17	0.21	36_K	[23.83503704  8.61388889 74.28174074]
-0.11	 0.03	0.04	0.05	36_K	[22.77414286  7.69902381 71.84828571]
-0.27	 -1.32	0.17	0.43	36_K	[20.36557778  8.66493333 73.17548889]
-0.06	 -0.09	-0.04	0.05	37_A	[26.34304545 14.54877273 70.40781818]
-0.07	 -0.44	-0.01	-0.03	37_A	[28.88754545 15.19565909 70.45809091]
-0.02	 0.41	0.04	-0.02	38_H	[25.80665517 13.48589655 67.87489655]
-0.06	 -0.19	-0.17	0.07	38_H	[25.481      11.90122727 65.99913636]
0.12	 1.02	0.1	-0.32	38_H	[27.45492 10.8192  64.87688]
0.06	 0.66	0.1	-0.22	38_H	[27.076  14.1556 66.3712]
-0.05	 0.16	-0.03	-0.05	38_H	[27.59648485 13.52169697 64.24439394]
0.11	 0.83	-0.1	-0.18	38_H	[28.8903125 15.04075   67.7361875]
-0.2	 -0.8	0.04	0.27	38_H	[28.65812245 15.51171429 64.41332653]
-0.12	 -0.71	-0.04	0.16	38_H	[29.95764516 15.79887097 66.563     ]
0.01	 -0.25	-0.07	-0.02	39_E	[23.8929 11.112  66.7483]
0.17	 1.76	0.13	-0.38	39_E	[23.98075     8.07858333 69.41166667]
0.15	 1.59	0.08	-0.36	39_E	[22.36555556  7.79966667 66.499     ]
-0.08	 -0.33	0.02	0.06	39_E	[24.1909375   6.53345833 67.097875  ]
-0.14	 -0.63	-0.2	0.12	39_E	[21.77482051  9.23202564 68.07664103]
0.13	 0.97	-0.03	-0.26	39_E	[23.26225    11.78091667 68.70741667]
-0.06	 -0.17	-0.05	-0.0	39_E	[21.13693333 11.16476667 69.5803    ]
-0.21	 -0.8	0.08	0.26	39_E	[20.77621429 12.16875    71.13957143]
-0.32	 -1.43	0.29	0.54	39_E	[19.90553125 11.224125   68.308125  ]
0.14	 0.86	0.12	-0.37	40_E	[24.27958621  9.77172414 65.10172414]
0.19	 1.78	-0.11	-0.19	40_E	[23.53042857  6.31914286 64.56085714]
0.09	 1.09	-0.06	-0.19	40_E	[25.49963333  7.714      63.71986667]
-0.01	 0.34	-0.15	-0.07	40_E	[25.36288636  6.44359091 61.98127273]
-0.21	 -0.93	0.0	0.28	40_E	[23.51030556  9.88797222 63.11416667]
-0.22	 -1.01	0.07	0.29	40_E	[22.27961111  8.05902778 61.23530556]
-0.12	 -0.43	-0.14	0.14	40_E	[20.84195238  7.22209524 63.10747619]
-0.22	 -0.58	0.04	0.27	40_E	[20.74847727  8.33570455 64.52540909]
-0.23	 -0.75	0.15	0.39	40_E	[21.33834043  5.70778723 62.94968085]
0.17	 1.44	0.12	-0.4	41_A	[27.45211111  9.10288889 64.10227778]
0.1	 1.58	0.17	-0.43	41_A	[26.505625  4.41     63.36625 ]
0.04	 0.27	-0.01	-0.15	41_A	[27.28376923  4.53290385 65.58661538]
0.21	 1.22	0.13	-0.4	41_A	[28.72118519  6.62274074 66.88703704]
0.07	 0.98	-0.03	-0.25	42_D	[27.56784375  2.1599375  63.22809375]
0.12	 0.88	-0.13	-0.17	42_D	[28.22121429  1.51592857 61.28242857]
-0.03	 0.22	-0.13	-0.01	42_D	[27.011   3.0208 59.5702]
-0.22	 -0.68	0.58	0.41	42_D	[25.82928261  3.04795652 61.04813043]
-0.08	 -0.22	-0.02	0.09	42_D	[27.18622222  4.89997222 58.97041667]
0.2	 1.12	0.21	-0.46	44_L	[29.82895455  4.34904545 68.22254545]
0.21	 1.22	0.18	-0.41	44_L	[29.85605263  5.66521053 68.40073684]
0.1	 1.4	0.03	-0.26	49_Q	[49.3193125  5.7765625 73.667875 ]
0.06	 0.41	-0.14	-0.09	49_Q	[49.4965  8.7787 76.0041]
0.14	 0.12	0.05	-0.21	49_Q	[47.67516667  9.46405556 76.68894444]
-0.07	 -0.51	-0.02	-0.02	49_Q	[49.45430556  9.12366667 73.73647222]
0.05	 0.32	-0.12	-0.08	49_Q	[50.03768421  6.73394737 71.62436842]
-0.1	 -0.05	-0.18	-0.07	49_Q	[50.64576923  8.35526923 70.52665385]
0.14	 1.04	0.0	-0.29	49_Q	[50.2862      9.99146667 69.40846667]
-0.19	 -0.72	0.06	0.28	49_Q	[50.06931481 10.77851852 71.80138889]
-0.1	 -0.42	-0.06	0.11	50_G	[50.2785      6.60066667 75.846625  ]
-0.19	 -1.11	0.06	0.3	50_G	[50.300125    7.76978125 78.224625  ]
0.01	 0.24	-0.1	-0.03	50_G	[50.572       5.30436364 78.43545455]
0.07	 0.41	-0.05	-0.17	50_G	[49.05077419  3.71303226 78.07083871]
0.02	 0.27	-0.04	-0.06	51_H	[49.82540909  6.93136364 80.29177273]
0.15	 1.46	0.04	-0.28	51_H	[50.72814286  4.992      81.28557143]
-0.1	 -0.25	-0.01	0.01	51_H	[49.35521429  7.00114286 82.41767857]
-0.05	 1.08	0.03	-0.06	51_H	[49.3036  6.1664 84.4486]
-0.03	 -0.43	0.02	0.05	51_H	[51.3423913   4.67078261 83.38008696]
-0.07	 -0.23	-0.01	0.09	51_H	[47.84284211  5.36447368 85.53384211]
-0.22	 -1.03	0.1	0.31	51_H	[51.21096552  3.71048276 85.77768966]
-0.06	 -0.37	0.06	0.08	51_H	[48.715       3.20870833 86.527375  ]
0.14	 1.46	0.19	-0.47	52_F	[47.19988889  1.88766667 79.29844444]
0.21	 1.52	0.29	-0.54	52_F	[47.31868182  0.67636364 79.23772727]
0.05	 0.43	-0.05	-0.13	53_G	[45.38245833  3.34758333 85.92158333]
0.01	 -0.16	-0.02	-0.03	53_G	[44.72225    5.4515625 85.4199375]
0.05	 0.83	-0.09	-0.14	53_G	[42.898       3.98518182 85.11272727]
0.01	 0.21	0.09	-0.26	54_Q	[46.15066667  6.40416667 84.79666667]
-0.0	 -0.06	-0.08	-0.03	54_Q	[44.35945455  7.73895455 84.45222727]
0.2	 1.32	0.07	-0.31	54_Q	[42.97876923  8.74330769 83.147     ]
-0.04	 -0.31	0.03	-0.07	54_Q	[47.36173913  8.00121739 83.38913043]
-0.2	 -1.06	0.09	0.31	54_Q	[45.91502632 10.06760526 82.98939474]
-0.22	 -0.95	-0.05	0.22	54_Q	[45.919  10.9509 80.8873]
-0.05	 0.04	0.01	-0.02	54_Q	[47.07111905  9.78328571 79.68971429]
0.06	 0.2	-0.95	0.77	54_Q	[44.05668571 10.85274286 79.59594286]
0.11	 0.56	-0.11	-0.13	56_M	[39.638       3.65145455 84.09045455]
0.08	 0.67	-0.07	-0.19	56_M	[37.9031875   3.80309375 82.66425   ]
0.13	 1.08	0.01	-0.23	56_M	[41.20686667  2.73926667 84.301     ]
-0.0	 0.12	-0.05	-0.03	56_M	[39.083       1.17165217 83.39117391]
-0.02	 0.29	-0.01	-0.12	56_M	[37.14289655  0.85041379 81.00441379]
0.13	 1.26	0.09	-0.33	57_R	[41.0516  4.5127 84.7296]
-0.06	 -0.2	-0.11	0.08	57_R	[38.77268182  5.83727273 85.22936364]
0.1	 1.34	0.26	-0.52	57_R	[38.6785    7.809875 85.226875]
0.17	 0.74	0.04	-0.25	57_R	[37.35733333  7.672      84.77666667]
-0.18	 -0.77	-0.05	0.28	57_R	[40.98370769  7.26809231 86.03113846]
0.2	 1.36	0.1	-0.34	58_A	[40.977       9.0032     83.84593333]
0.17	 0.56	-0.12	-0.14	58_A	[39.46914286 10.62807143 82.60507143]
0.25	 0.85	0.11	-0.34	58_A	[37.73094737 10.88694737 80.08384211]
-0.07	 -0.31	-0.02	0.09	58_A	[41.3101   11.035175 81.5012  ]
0.21	 1.21	0.17	-0.43	59_F	[36.379       3.37341379 80.04489655]
0.12	 1.55	0.09	-0.32	60_Q	[35.78513333  8.0128     84.95753333]
-0.06	 0.17	0.0	0.01	60_Q	[33.1546      8.4627     84.39006667]
0.01	 -0.01	-0.03	-0.08	60_Q	[35.91633333  4.6848     83.57702222]
-0.19	 -0.83	0.07	0.26	60_Q	[34.47010256  5.05561538 85.91733333]
-0.2	 -0.87	-0.03	0.24	60_Q	[32.32836364  3.78936364 85.37554545]
-0.04	 0.05	0.01	-0.02	60_Q	[32.35314286  3.14589286 83.60982143]
-0.17	 -0.66	-0.01	0.21	60_Q	[31.11911321  5.82660377 84.76022642]
0.02	 0.21	-0.12	-0.06	61_E	[34.301      10.42905263 84.71194737]
0.06	 0.68	0.17	-0.36	61_E	[33.767      10.92064286 82.42471429]
-0.24	 -0.82	0.08	0.32	61_E	[32.80315789 11.64886842 82.90252632]
-0.02	 -0.17	-0.06	-0.04	61_E	[36.34230556 11.78402778 82.58322222]
0.08	 0.88	-0.05	-0.21	61_E	[38.41576471  9.95652941 84.70832353]
-0.09	 -0.11	-0.17	0.11	61_E	[37.45311111 11.39977778 86.00640741]
-0.33	 -1.03	0.12	0.47	61_E	[36.81415789 10.4795     87.18928947]
-0.26	 -0.96	0.16	0.43	61_E	[37.63966667 13.05269048 85.5035    ]
0.03	 0.47	-0.09	-0.23	62_S	[35.36166667 11.5055     80.74583333]
-0.06	 -0.25	-0.09	0.06	62_S	[33.13664 12.11396 79.44964]
0.02	 -0.44	-0.13	0.02	62_S	[31.4017 10.7798 80.7995]
0.08	 0.28	-0.06	-0.18	62_S	[30.95723077 11.07246154 79.35053846]
0.05	 0.3	-0.07	-0.07	62_S	[35.23728571 11.86831429 78.35254286]
0.07	 0.83	-0.07	-0.16	63_G	[31.94614286  9.60085714 82.28792857]
-0.05	 -0.19	-0.02	0.07	63_G	[30.31208108  8.4322973  81.51975676]
0.1	 1.51	0.05	-0.31	63_G	[29.3745  8.2854 79.1658]
0.06	 0.55	-0.01	-0.2	63_G	[29.25407143  6.78667857 78.23903571]
0.22	 1.0	0.17	-0.42	65_V	[34.30946154  3.1915     80.69030769]
0.23	 1.64	-0.04	-0.24	65_V	[31.14371429  2.37842857 82.50371429]
-0.05	 0.24	-0.07	-0.02	65_V	[32.01540678  0.6779322  80.73762712]
0.11	 0.6	-0.01	-0.23	66_E	[28.43036  1.39784 79.1534 ]
0.12	 0.75	0.06	-0.24	66_E	[26.52766667  1.23933333 77.17644444]
0.02	 0.32	-0.03	-0.05	66_E	[26.41314286  4.04071429 78.36291429]
-0.27	 -0.92	-0.05	0.36	66_E	[26.08675  3.1427  80.65305]
-0.1	 -0.16	0.02	0.09	66_E	[28.00461111  4.31922222 82.623     ]
0.01	 -0.02	0.0	-0.02	66_E	[28.75391304  5.71778261 81.55813043]
-0.17	 -0.71	0.01	0.24	66_E	[28.69552381  2.32240476 82.46052381]
0.14	 1.25	0.08	-0.32	67_R	[27.74026316  4.81068421 76.63294737]
0.14	 1.28	0.11	-0.37	67_R	[26.927625  4.846625 75.304875]
0.13	 0.9	0.07	-0.29	67_R	[27.10622581  2.1416129  72.87567742]
0.12	 0.72	0.06	-0.31	67_R	[28.72444444  6.38905556 75.86572222]
0.01	 0.15	-0.13	-0.09	67_R	[26.51204  6.52664 73.767  ]
0.01	 0.14	-0.11	-0.09	67_R	[27.0034   4.06665 71.9467 ]
-0.15	 0.03	-0.16	0.04	67_R	[26.84727778  5.63530556 70.55658333]
0.17	 1.33	0.12	-0.37	67_R	[28.347       6.71885714 68.87078571]
0.14	 1.06	0.04	-0.31	67_R	[26.00176471  7.17673529 69.38014706]
0.1	 0.97	-0.08	-0.15	69_R	[27.67442857 -2.576      76.15178571]
0.05	 0.21	-0.11	-0.19	69_R	[29.04222727 -3.97172727 75.13995455]
-0.03	 0.13	-0.02	-0.03	69_R	[28.7483  -0.8152  78.28175]
-0.16	 -0.71	0.14	0.16	69_R	[29.31596774 -2.70180645 78.66945161]
-0.09	 -0.18	-0.24	0.08	69_R	[31.26708333 -1.69733333 80.07325   ]
-0.01	 -0.51	0.02	0.02	69_R	[32.56569697 -2.93612121 80.06493939]
-0.04	 -0.58	-0.1	0.11	69_R	[30.81944444 -5.23522222 79.14633333]
-0.0	 -0.15	0.05	0.06	69_R	[31.2594878  -5.29790244 76.40834146]
-0.15	 -0.45	0.06	0.19	69_R	[32.88376596 -6.11393617 79.66644681]
0.16	 1.1	0.04	-0.29	70_R	[27.2493 -0.8462 76.4205]
-0.0	 -0.23	-0.1	-0.04	70_R	[25.83276923 -2.25930769 75.00330769]
0.21	 1.52	0.09	-0.36	70_R	[24.94969231 -2.82353846 72.30015385]
0.1	 0.43	0.04	-0.2	70_R	[25.42729167  0.21833333 75.18391667]
0.03	 0.07	0.04	-0.16	70_R	[24.15415217 -0.6513913  73.16045652]
-0.09	 -0.09	-0.13	0.04	70_R	[23.12113158  1.58065789 73.38818421]
-0.22	 -0.99	-0.01	0.26	70_R	[22.22845833  0.797625   75.757625  ]
-0.06	 -0.1	-0.02	0.02	70_R	[23.0563125  2.389125  75.9735   ]
-0.09	 -0.16	-0.05	0.05	70_R	[24.89963043  3.93523913 74.90256522]
-0.2	 -1.04	0.09	0.33	70_R	[23.20383929  2.56708929 77.71626786]
0.14	 1.5	0.23	-0.5	71_H	[26.57083333  0.60466667 71.90908333]
0.19	 1.67	0.14	-0.39	71_H	[26.90006667  0.7346     70.5626    ]
0.15	 1.61	0.12	-0.39	71_H	[27.90369231  1.94184615 70.76038462]
0.01	 0.44	-0.16	-0.04	71_H	[27.83525926  2.74318519 69.11659259]
0.07	 0.77	-0.1	-0.18	71_H	[28.12258824  3.19811765 67.07570588]
0.19	 1.53	0.05	-0.34	72_L	[30.71814286 -4.18542857 69.31307143]
0.01	 0.19	-0.24	0.02	72_L	[30.066      -6.04754545 72.12509091]
-0.06	 -0.01	-0.01	0.05	72_L	[29.35477419 -6.31364516 69.85074194]
0.14	 0.84	-0.05	-0.25	72_L	[31.33616129 -5.14319355 72.90022581]
0.11	 0.75	-0.0	-0.23	72_L	[32.62053333 -4.35563333 69.44846667]
0.15	 1.07	0.08	-0.3	73_E	[29.0918 -5.1891 73.6589]
-0.13	 -0.95	-0.09	0.06	73_E	[28.427    -6.763625 72.94825 ]
0.12	 0.51	-0.19	-0.12	73_E	[24.772875 -5.744625 71.87425 ]
-0.1	 -0.28	-0.08	0.1	73_E	[26.00972917 -7.5451875  70.69079167]
-0.0	 0.02	-0.17	-0.03	73_E	[26.295      -4.50432258 74.46467742]
-0.22	 -0.93	0.13	0.3	73_E	[24.75805556 -6.17283333 74.75677778]
-0.08	 -0.49	-0.04	0.06	73_E	[26.4086087  -8.29591304 74.86456522]
-0.26	 -0.92	0.21	0.46	73_E	[27.9237381  -7.58938095 75.67257143]
-0.28	 -0.87	0.15	0.43	73_E	[25.59469231 -9.32576923 74.07269231]
0.12	 1.33	0.1	-0.38	74_R	[25.0414     -4.46286667 71.8582    ]
-0.04	 0.06	-0.06	-0.01	74_R	[23.9068125 -5.4766875 69.6988125]
-0.11	 -0.79	-0.06	0.08	74_R	[25.26685714 -6.735      68.255     ]
-0.14	 -0.67	0.05	0.14	74_R	[24.5522     -5.0986     66.61873333]
0.1	 0.67	0.03	-0.22	74_R	[23.7605   -3.17975  71.044625]
-0.18	 -1.15	-0.01	0.24	74_R	[22.75813333 -3.96543333 68.05583333]
-0.14	 -0.61	0.08	0.17	74_R	[21.9903125  -2.41597917 68.99045833]
0.15	 1.55	-0.01	-0.27	74_R	[23.0518 -0.5912 68.244 ]
0.01	 0.25	-0.04	-0.06	74_R	[22.49535 -0.2605  69.7869 ]
-0.21	 -1.05	0.05	0.32	74_R	[20.75407143 -0.20142857 70.73578571]
-0.11	 -0.26	-0.07	0.14	74_R	[23.99883721  1.4237907  70.45413953]
0.08	 1.36	0.14	-0.43	75_G	[27.006 -7.045 68.818]
-0.12	 -0.36	-0.05	0.12	75_G	[28.11647368 -6.72189474 67.0055614 ]
0.16	 1.34	0.03	-0.29	75_G	[28.44143478 -5.20447826 65.78273913]
-0.13	 -0.31	-0.04	0.13	75_G	[27.93426087 -5.49017391 64.21665217]
0.14	 1.65	0.19	-0.45	76_L	[27.71163636 -3.23390909 63.93709091]
0.14	 0.98	0.09	-0.31	76_L	[31.113425 -3.872525 66.909475]
0.01	 0.27	-0.02	-0.09	76_L	[25.41762222  0.74304444 66.89186667]
-0.16	 -0.59	0.4	0.23	76_L	[25.32888571 -1.19568571 64.41152857]
0.1	 0.26	0.07	-0.22	77_P	[29.72591667 -1.266125   60.79683333]
0.06	 0.22	0.01	-0.14	77_P	[28.28172414 -1.24986207 62.70517241]
0.09	 0.53	-0.0	-0.18	82_C	[50.16866038  3.01979245 72.32301887]
0.18	 1.27	0.14	-0.39	83_V	[46.98966667  1.92823333 77.5097    ]
0.05	 0.43	-0.03	-0.16	83_V	[48.65875   2.975375 75.055525]
0.22	 1.1	0.07	-0.32	86_Q	[48.85407143  0.21864286 74.60421429]
0.08	 0.47	-0.17	-0.09	86_Q	[48.98229268 -0.07736585 77.16134146]
0.16	 0.95	0.09	-0.31	86_Q	[50.85192308 -0.80903846 74.37096154]
0.15	 1.56	0.08	-0.3	90_E	[39.6464375 -7.4460625 81.7438125]
0.04	 0.16	-0.14	-0.09	90_E	[42.4925 -8.0379 83.2552]
-0.04	 0.05	-0.06	-0.08	90_E	[41.077   -6.52565 83.7603 ]
-0.1	 -0.76	-0.01	0.13	90_E	[41.63172414 -9.52117241 82.58627586]
0.07	 0.66	0.1	-0.27	90_E	[ 39.0788  -10.09528  80.53552]
0.03	 0.58	-0.06	-0.09	90_E	[ 40.0866875 -11.932125   81.319125 ]
-0.12	 -0.51	0.02	0.18	90_E	[ 42.01853571 -12.72475     81.53246429]
-0.12	 -0.77	0.02	0.41	90_E	[ 38.85932609 -12.255       81.39073913]
0.17	 1.37	0.09	-0.34	91_G	[43.79516667 -8.35908333 82.52883333]
-0.02	 -0.02	-0.12	0.03	91_G	[44.13525 -6.51415 84.0257 ]
0.14	 0.96	0.05	-0.34	92_S	[46.12648148 -5.12937037 84.34277778]
0.14	 1.22	0.16	-0.47	92_S	[47.944      -5.27268182 85.6015    ]
0.15	 0.6	-0.05	-0.18	93_E	[50.6489  -5.25635 85.9215 ]
0.13	 1.37	0.41	-0.64	93_E	[53.05733333 -3.27133333 84.08783333]
-0.1	 -0.32	-0.07	0.09	93_E	[52.52697368 -2.74718421 85.88394737]
-0.03	 0.43	-0.06	-0.09	93_E	[53.38404348 -4.80582609 84.42221739]
0.03	 -0.09	-0.02	-0.05	93_E	[51.76792308 -7.41638462 85.18946154]
0.04	 0.09	-0.18	-0.01	93_E	[54.3465 -6.9384 84.8639]
0.18	 1.48	0.2	-0.47	93_E	[54.9577 -5.6718 83.3602]
-0.06	 -0.12	0.01	0.05	93_E	[54.0717   -9.3464   84.112925]
0.23	 1.26	-0.0	-0.24	94_E	[52.4953 -0.3057 84.3509]
-0.01	 0.03	-0.02	-0.06	94_E	[51.0352      0.80654286 86.1456    ]
0.06	 0.46	-0.06	-0.1	94_E	[52.6602   1.7128  82.85465]
0.12	 1.73	-0.02	-0.26	94_E	[51.4246  1.4478 79.2888]
0.1	 0.73	-0.01	-0.23	94_E	[49.59117073  1.41321951 79.23497561]
-0.11	 -0.34	-0.08	0.13	94_E	[52.08119512  3.12997561 80.28460976]
0.05	 0.38	0.04	-0.16	95_A	[47.67971429  0.44307143 87.19942857]
0.24	 2.25	0.11	-0.3	95_A	[46.624375 -0.849125 87.915375]
0.26	 1.44	0.38	-0.61	95_A	[45.83721053 -3.66521053 85.92105263]
0.12	 1.19	-0.01	-0.19	95_A	[46.6842      1.43986667 86.576     ]
0.11	 0.43	0.02	-0.19	96_P	[48.74293333 -5.10593333 87.6244    ]
0.02	 0.12	-0.18	0.01	96_P	[47.25588889 -4.85477778 90.11877778]
-0.18	 -0.36	0.16	0.29	96_P	[46.28104255 -5.62795745 88.032     ]
-0.23	 -1.02	0.07	0.31	96_P	[49.06915385 -3.939      90.34428205]
-0.22	 -0.85	0.05	0.29	96_P	[51.27190244 -3.1475122  89.00490244]
-0.09	 -0.07	-0.02	0.07	96_P	[49.785125   -0.82575    88.34584375]
-0.01	 -0.23	-0.02	-0.01	97_G	[46.13013636 -2.17404545 89.69509091]
-0.23	 -1.01	0.15	0.26	97_G	[44.4345     -3.52194444 90.49858333]
0.0	 0.17	-0.06	-0.03	97_G	[43.4806087  -3.09982609 88.77313043]
-0.22	 -0.91	-0.07	0.29	97_G	[41.736325 -3.7254   89.132175]
0.09	 -0.22	-0.05	-0.12	98_V	[41.7812     -0.99806667 87.85246667]
0.13	 1.04	-0.08	-0.19	98_V	[42.2164 -4.3517 86.7643]
0.08	 0.48	-0.07	-0.19	98_V	[43.55851852 -4.35737037 85.50351852]
-0.0	 -0.11	-0.0	-0.05	98_V	[41.46626667  1.0233     85.6102    ]
-0.12	 -0.74	0.01	0.17	98_V	[43.93918644  1.07261017 87.77240678]
0.08	 1.25	-0.02	-0.07	99_R	[40.18623077 -1.98246154 86.55630769]
0.1	 0.68	0.04	-0.19	99_R	[40.74841176 -5.03770588 85.832     ]
0.06	 -0.03	0.05	-0.15	99_R	[38.6285     -1.67546154 83.55338462]
-0.17	 -0.88	-0.08	0.2	99_R	[38.75718182 -3.56951515 86.51090909]
0.03	 -0.17	-0.16	-0.04	99_R	[38.11051515 -5.57615152 84.36045455]
-0.16	 -0.85	-0.06	0.21	99_R	[36.57671053 -4.84821053 86.0215    ]
-0.24	 -1.02	-0.08	0.28	99_R	[36.74904348 -7.10582609 84.74986957]
-0.12	 -0.34	-0.05	0.13	99_R	[35.59125    -7.39033333 86.35204167]
-0.27	 -1.43	0.17	0.43	99_R	[34.5559375  -6.56314583 87.69254167]
-0.28	 -1.23	0.17	0.44	99_R	[35.31727778 -9.26946296 86.12146296]
0.18	 1.31	0.09	-0.36	100_G	[37.74041667 -2.6035     81.5295    ]
0.03	 -0.01	-0.07	-0.11	100_G	[37.58457143 -5.0092     81.99271429]
0.16	 0.41	-0.04	-0.17	101_L	[35.6206875 -3.9875    80.221125 ]
0.09	 1.37	-0.09	-0.21	101_L	[36.44516667 -5.982      80.75191667]
-0.04	 -0.26	-0.18	0.06	101_L	[35.24479167 -6.49308333 80.11570833]
0.08	 0.69	-0.03	-0.16	101_L	[35.62648387 -1.297      80.22351613]
0.02	 0.3	0.02	-0.14	102_G	[37.77268 -8.54324 80.35832]
-0.08	 -0.2	0.01	0.16	102_G	[36.15725532 -9.69119149 78.36055319]
0.11	 0.51	-0.06	-0.13	103_L	[35.18288235 -9.31564706 75.62711765]
0.11	 0.55	-0.06	-0.21	103_L	[ 37.24013333 -11.0506      75.96786667]
0.04	 0.38	-0.02	-0.13	103_L	[ 36.82038095 -11.71219048  74.43342857]
-0.02	 0.02	-0.06	-0.02	103_L	[33.40523333 -7.39163333 73.13945   ]
0.14	 0.73	0.07	-0.26	103_L	[34.12911765 -7.19241176 76.70111765]
0.13	 0.38	0.08	-0.29	104_V	[ 39.23190476 -11.36885714  77.66428571]
0.09	 1.05	0.09	-0.3	105_P	[ 39.43633333 -13.15116667  76.90933333]
0.04	 0.43	-0.17	-0.08	105_P	[ 39.83485714 -12.93392857  78.36892857]
0.08	 0.25	-0.06	-0.15	105_P	[ 43.52123077 -14.27630769  77.57784615]
0.14	 0.43	0.02	-0.23	105_P	[ 44.61236364 -13.36954545  75.99845455]
-0.2	 -1.02	-0.0	0.29	105_P	[ 40.8665625 -15.040875   78.045875 ]
-0.08	 -0.73	-0.01	0.02	105_P	[ 41.461      -15.56925714  74.97228571]
-0.03	 0.11	-0.03	-0.08	105_P	[ 38.9372963  -13.38607407  75.15522222]
0.11	 0.5	-0.12	-0.05	106_G	[ 42.9651 -13.7839  79.4359]
-0.12	 -0.56	0.0	0.15	106_G	[ 45.40289286 -12.97410714  79.38575   ]
0.12	 0.43	-0.08	-0.16	106_G	[ 44.62814286 -11.10114286  81.20585714]
0.03	 0.51	-0.09	-0.02	107_E	[ 47.05      -11.5433125  80.4304375]
0.21	 1.2	0.15	-0.41	107_E	[ 49.12747826 -10.91330435  79.78852174]
0.04	 0.37	-0.0	-0.15	107_E	[ 46.27507407 -10.15888889  82.41237037]
0.03	 0.55	0.02	-0.08	107_E	[47.20954545 -8.12436364 85.02063636]
-0.22	 -0.39	0.05	0.33	107_E	[46.53443478 -9.85752174 84.84365217]
-0.12	 -0.26	0.08	0.26	107_E	[48.68806897 -7.45986207 85.70927586]
0.25	 1.63	0.06	-0.34	109_R	[54.62158333 -9.61983333 79.72416667]
0.21	 1.51	0.16	-0.42	109_R	[ 52.28727273 -11.09027273  78.02063636]
-0.08	 -0.3	-0.12	0.07	109_R	[ 52.3657037  -11.45375926  80.4037037 ]
-0.06	 0.57	-0.11	0.05	109_R	[ 52.5448 -11.2702  83.5535]
-0.19	 -0.98	0.1	0.3	109_R	[ 50.31970909 -12.50238182  82.66383636]
-0.1	 -0.56	-0.07	0.11	109_R	[ 50.686375   -10.46221875  84.8285    ]
0.11	 0.64	0.01	-0.25	110_R	[57.31340741 -8.36007407 78.9152963 ]
0.18	 1.93	0.1	-0.35	110_R	[55.64572222 -4.39333333 82.53505556]
-0.05	 -0.23	-0.04	0.02	110_R	[58.19457447 -3.55197872 82.57159574]
-0.07	 -0.43	0.02	0.05	110_R	[60.09269231 -2.04311538 81.30226923]
-0.13	 -0.36	-0.05	0.12	110_R	[58.79163636 -0.40354545 82.59227273]
-0.03	 -0.15	-0.04	0.02	110_R	[57.11396154  0.62323077 81.306     ]
-0.22	 -0.87	0.05	0.32	110_R	[60.18152083  0.58466667 80.64183333]
0.23	 1.61	0.21	-0.47	111_F	[58.40383333 -7.823      76.70916667]
0.12	 0.84	0.02	-0.21	111_F	[60.4964  -4.38432 79.68888]
0.1	 0.85	0.05	-0.25	112_R	[60.0907 -8.5457 77.5255]
-0.01	 0.19	0.02	-0.09	112_R	[62.10468421 -6.10578947 79.42668421]
-0.01	 1.02	-0.03	-0.04	112_R	[62.65052632 -8.28205263 78.45715789]
-0.25	 -1.37	0.05	0.35	112_R	[63.49664516 -9.55851613 78.93951613]
-0.2	 -1.26	0.07	0.24	112_R	[61.32345161 -9.21458065 80.194     ]
0.0	 0.23	0.01	-0.1	112_R	[59.97388462 -7.24365385 81.13430769]
-0.16	 -0.86	0.01	0.26	112_R	[59.92504167 -9.6836875  82.10779167]
-0.12	 -0.64	0.05	0.19	112_R	[59.18256667 -7.66506667 83.58176667]
0.04	 0.41	0.06	-0.15	112_R	[57.64284211 -8.09278947 83.28536842]
0.01	 -0.66	-0.02	-0.03	112_R	[56.161875   -9.19791667 81.13083333]
-0.15	 -0.42	-0.09	0.19	112_R	[56.90132609 -6.68013043 84.32458696]
0.13	 0.47	-0.0	-0.2	113_A	[63.35647368 -5.70421053 77.52110526]
-0.09	 -0.03	-0.12	0.07	113_A	[65.2263 -7.6136 77.0784]
0.14	 0.83	0.01	-0.3	113_A	[64.803125 -5.664125 76.718875]
-0.09	 -0.17	-0.09	0.07	113_A	[63.81204167 -9.73877083 75.50647917]
-0.07	 -0.36	0.09	0.06	114_G	[66.29689655 -6.64572414 75.0287931 ]
-0.18	 -0.76	-0.07	0.21	114_G	[67.13790909 -5.32024242 73.40651515]
-0.13	 -0.79	-0.04	0.11	114_G	[66.77209091 -3.42318182 75.16972727]
-0.04	 -0.25	0.08	0.05	114_G	[64.87991304 -3.61195652 76.5053913 ]
0.06	 0.34	-0.13	-0.1	115_R	[66.29226667 -3.32836667 72.49646667]
0.03	 0.13	-0.12	-0.01	115_R	[66.09057143 -0.99119048 74.88690476]
-0.05	 -0.11	-0.16	0.02	115_R	[64.85215909 -0.21615909 72.17088636]
-0.21	 -1.34	0.1	0.29	115_R	[67.24129412  0.56505882 73.20008824]
-0.18	 -0.8	-0.13	0.2	115_R	[67.11506818 -0.83588636 70.82134091]
-0.21	 -1.05	-0.06	0.24	115_R	[69.41916667 -0.11158333 72.38683333]
-0.11	 -0.31	-0.04	0.15	115_R	[70.11372 -0.60748 70.55788]
-0.28	 -1.26	0.16	0.43	115_R	[69.66830612 -1.28881633 68.86228571]
-0.28	 -1.19	0.17	0.44	115_R	[71.96086792 -0.47626415 70.98475472]
0.02	 0.01	-0.03	-0.13	116_V	[6.41806071e+01 7.21785714e-02 7.55507143e+01]
0.14	 1.55	-0.04	-0.21	116_V	[62.03815789  1.87136842 75.16394737]
-0.25	 -0.94	0.06	0.33	116_V	[62.75613889  2.38638889 76.48263889]
-0.15	 -0.81	-0.19	0.18	116_V	[62.17368421 -0.65642105 78.18552632]
0.13	 1.06	0.08	-0.35	116_V	[ 6.04895806e+01 -5.07741935e-02  7.82367419e+01]
0.03	 0.18	0.04	-0.11	116_V	[62.21982759 -3.01337931 77.88889655]
0.12	 0.65	0.06	-0.26	117_P	[62.00558621  1.01082759 72.02127586]
0.12	 1.26	0.03	-0.24	117_P	[56.79107143  2.60257143 74.121     ]
-0.06	 -0.34	-0.06	0.08	117_P	[58.184      3.9984375 73.6640625]
-0.14	 -0.63	0.05	0.13	117_P	[60.60670833  3.6744375  74.88597917]
0.12	 0.65	-0.02	-0.2	118_Q	[59.4802  -1.5552  67.82348]
0.18	 1.17	0.11	-0.36	118_Q	[58.43715385 -3.05684615 66.61965385]
0.04	 0.51	-0.13	-0.15	119_M	[61.22055556  0.13548148 69.22018519]
0.17	 1.0	0.09	-0.31	119_M	[60.23652  1.9588  66.84976]
-0.28	 -1.14	0.13	0.39	119_M	[62.24077419  1.71229032 66.67570968]
-0.07	 -0.56	-0.03	0.02	119_M	[61.67045   3.57775  69.471275]
0.19	 0.79	0.0	-0.27	119_M	[59.5347619   4.52       71.47119048]
-0.02	 -0.02	-0.06	-0.1	119_M	[58.79463158  6.19389474 68.67992105]
-0.26	 -1.24	0.07	0.39	119_M	[60.57198701  7.12272727 70.38585714]
-0.09	 -0.4	-0.02	0.04	120_G	[60.71651613  2.54222581 64.59251613]
0.04	 0.62	-0.02	-0.17	120_G	[59.5037 -0.382  64.8292]
0.2	 1.65	0.27	-0.52	120_G	[57.97227778 -0.94783333 65.23588889]
0.02	 -0.07	-0.09	-0.05	121_W	[60.94064706  0.80729412 62.82464706]
0.27	 1.29	-0.16	-0.09	121_W	[59.7136 -1.537  63.7236]
-0.13	 -0.49	0.01	0.17	121_W	[60.84755556 -2.27626667 62.09248889]
-0.03	 -0.1	-0.06	0.03	121_W	[60.44122222  0.17548148 59.68437037]
0.02	 1.07	0.03	-0.13	121_W	[59.53744444  1.36344444 58.77066667]
-0.18	 -1.07	0.08	0.25	121_W	[60.83730303  3.06172727 60.67718182]
0.03	 0.85	0.07	-0.2	121_W	[58.2218  1.9017 58.0774]
-0.15	 -0.33	0.03	0.18	121_W	[59.3912  4.938  59.9879]
-0.06	 0.08	0.04	-0.05	121_W	[58.49084615  3.39861538 58.00830769]
-0.01	 0.55	-0.17	-0.01	121_W	[57.359875  1.143    57.65575 ]
-0.19	 -0.95	0.07	0.27	121_W	[57.16882353  5.35870588 58.5935    ]
0.01	 0.55	-0.0	-0.11	121_W	[55.8482   1.91305 57.13765]
-0.08	 0.05	-0.09	-0.02	121_W	[55.61025926  4.483      57.41007407]
0.13	 0.9	0.03	-0.29	122_N	[59.59042857 -4.70185714 61.95871429]
0.15	 0.75	0.1	-0.34	122_N	[58.50668 -2.98192 64.49988]
-0.12	 -0.35	-0.14	0.11	122_N	[59.7543 -4.9396 64.2003]
-0.09	 -0.13	-0.05	0.12	122_N	[59.05264865 -7.26256757 63.55978378]
0.01	 0.06	-0.02	-0.16	122_N	[59.65485 -5.73135 65.7909 ]
0.08	 0.62	-0.01	-0.22	123_A	[59.01463158 -6.13878947 60.662     ]
0.12	 0.96	-0.01	-0.22	123_A	[56.02366667 -8.84844444 59.26466667]
-0.05	 -0.14	-0.02	0.02	123_A	[56.73133333 -8.80030303 61.77184848]
-0.07	 -0.31	0.03	0.02	123_A	[58.304      -7.544      58.31221277]
0.12	 1.22	0.15	-0.39	124_L	[54.62035714 -9.773      61.47492857]
-0.02	 -0.0	-0.19	0.03	124_L	[ 54.60083333 -10.474       59.73025   ]
0.12	 0.46	0.09	-0.26	124_L	[54.6824  -9.8883  57.94585]
0.12	 0.75	0.12	-0.38	125_E	[ 53.79622222 -11.07388889  60.924     ]
-0.06	 -0.03	-0.0	0.05	125_E	[ 53.26568421 -12.93886842  60.37223684]
-0.16	 -0.75	-0.01	0.15	125_E	[ 52.67929268 -14.56068293  58.16034146]
-0.15	 -0.64	-0.02	0.16	125_E	[ 51.27906667 -15.5332      60.08406667]
-0.23	 -0.77	0.11	0.34	125_E	[ 50.03997561 -15.74580488  58.07314634]
0.02	 0.2	-0.21	-0.02	125_E	[ 49.50608511 -14.18614894  61.10051064]
0.07	 0.4	-0.02	-0.18	126_F	[ 48.24968182 -13.62495455  56.32963636]
0.18	 1.56	0.13	-0.41	127_G	[ 47.266      -13.60281818  59.93509091]
-0.12	 -0.58	0.01	0.14	127_G	[ 45.78608824 -14.67873529  58.30167647]
-0.12	 -1.16	-0.01	0.14	128_G	[ 43.59254167 -14.87129167  57.09625   ]
-0.18	 -0.76	0.04	0.23	128_G	[ 41.10708108 -13.74381081  57.07005405]
-0.16	 -0.79	-0.01	0.22	128_G	[ 41.12355556 -13.13077778  54.79666667]
-0.01	 -0.03	0.0	-0.02	128_G	[ 43.01075862 -12.691       54.01982759]
0.01	 -0.12	-0.05	-0.08	129_A	[ 40.348625 -10.827     56.8435  ]
-0.07	 -0.36	0.01	0.02	129_A	[ 41.04486364 -10.72045455  53.51077273]
0.12	 1.36	-0.19	-0.16	129_A	[42.677  -9.957  53.1446]
-0.17	 0.62	-0.33	-0.06	129_A	[41.95744828 -8.21117241 52.63848276]
-0.09	 -0.09	-0.17	0.05	129_A	[39.20680822 -8.8150274  54.94106849]
0.25	 1.35	0.45	-0.66	130_F	[40.71431818 -9.06504545 58.27427273]
0.05	 0.65	0.04	-0.25	131_A	[ 47.25190909 -11.361       52.00790909]
-0.05	 0.01	0.06	-0.07	131_A	[ 49.19354545 -11.30290909  53.04413636]
-0.14	 -0.64	0.02	0.18	131_A	[ 46.0740566  -13.15324528  53.50401887]
-0.11	 -0.26	-0.02	0.13	132_P	[48.37957895 -9.86457895 50.87831579]
0.17	 1.4	0.15	-0.43	132_P	[49.55321053 -8.00168421 51.976     ]
-0.09	 -0.17	-0.01	0.06	132_P	[50.17646341 -6.93885366 51.39834146]
-0.14	 -0.52	0.09	0.2	132_P	[46.58922857 -7.08591429 50.16291429]
-0.17	 -0.79	-0.03	0.31	132_P	[44.86253191 -8.92891489 50.29597872]
0.03	 0.32	-0.07	-0.12	132_P	[ 44.24184 -10.32968  52.21128]
0.09	 0.32	-0.01	-0.17	133_L	[47.99692683 -4.14892683 52.52834146]
-0.03	 0.04	0.03	-0.01	134_T	[52.95945833 -8.90133333 52.78702083]
-0.12	 -0.13	-0.13	0.03	134_T	[ 51.03264286 -11.53307143  53.69078571]
0.09	 0.69	0.06	-0.27	134_T	[ 50.09       -12.68784615  55.73753846]
-0.15	 -0.94	0.03	0.21	134_T	[ 53.45398214 -12.364625    55.26046429]
0.17	 1.28	0.28	-0.53	135_G	[ 54.67114286 -10.16728571  56.39014286]
-0.12	 -0.74	-0.02	0.17	135_G	[55.97194872 -9.23402564 54.91705128]
0.06	 0.13	-0.02	-0.05	135_G	[55.55584615 -6.84146154 53.43723077]
-0.07	 -0.22	-0.04	0.09	135_G	[57.58776316 -6.28110526 54.69336842]
0.0	 0.94	0.02	-0.2	136_R	[55.79246667 -4.53106667 53.9794    ]
0.17	 1.32	0.24	-0.5	136_R	[54.06438462 -2.296      54.43538462]
0.0	 0.03	-0.19	-0.0	136_R	[53.29304167 -5.778      52.37379167]
-0.16	 -0.83	-0.03	0.22	136_R	[54.39545455 -3.25456818 51.83025   ]
-0.02	 0.04	-0.03	-0.04	136_R	[51.34888889 -3.49748148 51.51785185]
-0.18	 -0.56	-0.01	0.23	136_R	[52.51936364 -1.44727273 50.18990909]
-0.13	 -0.6	0.01	0.18	136_R	[53.70735556  0.09011111 51.82553333]
-0.08	 -0.73	0.03	0.08	136_R	[50.31571795 -0.77669231 50.95994872]
0.1	 0.57	-0.05	-0.15	137_H	[55.60451852 -2.29788889 55.49111111]
0.19	 0.76	0.08	-0.28	137_H	[55.08925    -0.16191667 56.78533333]
0.03	 -0.58	-0.04	-0.07	137_H	[57.72877778 -0.40648148 57.31974074]
0.03	 0.92	-0.06	-0.04	137_H	[59.68271429 -1.34871429 57.47414286]
-0.08	 0.02	0.01	0.1	137_H	[58.6072963  -2.8572963  55.34707407]
-0.02	 0.17	-0.06	-0.05	137_H	[60.53373333 -3.22833333 59.2036    ]
-0.21	 -1.08	0.12	0.34	137_H	[60.71308889 -4.09268889 55.66275556]
-0.24	 -0.91	0.1	0.34	137_H	[61.40383333 -4.439375   57.83170833]
0.12	 1.89	0.19	-0.45	139_Y	[55.522875  5.74975  63.0315  ]
0.1	 0.59	0.01	-0.25	139_Y	[56.952875   5.5099375 62.1735625]
0.09	 1.31	0.18	-0.44	139_Y	[55.60677778  6.04055556 63.74433333]
-0.11	 -0.4	-0.07	0.12	139_Y	[59.07552941  5.60720588 63.65605882]
0.05	 0.18	-0.06	-0.13	139_Y	[55.61440625  6.59903125 65.98109375]
-0.07	 -0.47	0.08	-0.13	139_Y	[57.01213333  6.71126667 64.29473333]
-0.12	 -0.13	0.04	0.14	139_Y	[58.92992683  6.59180488 66.28117073]
0.14	 1.1	-0.17	-0.15	141_A	[56.30736364  3.72181818 71.97290909]
-0.05	 -0.39	-0.02	0.05	141_A	[53.74572093  3.7722093  71.99460465]
-0.07	 0.01	-0.07	0.04	141_A	[55.425575  5.5658   69.6629  ]
0.02	 0.35	0.02	-0.17	142_N	[54.07390476  1.98614286 73.32380952]
0.15	 -0.0	0.04	-0.25	142_N	[52.16935  0.262   73.2124 ]
0.03	 0.51	-0.03	-0.09	143_S	[54.51108  0.9338  75.30124]
0.0	 0.25	-0.07	-0.03	143_S	[55.62391304  1.35852174 77.77630435]
-0.03	 -0.31	0.01	0.01	143_S	[57.60438889  2.06052778 77.24958333]
0.19	 1.81	0.13	-0.37	144_Y	[52.93194118 -0.90088235 75.89164706]
0.15	 1.26	-0.08	-0.21	144_Y	[51.7496 -0.97   77.0552]
0.05	 0.35	-0.03	-0.12	144_Y	[52.67466667  0.28554167 78.34004167]
0.01	 0.06	-0.08	-0.09	144_Y	[54.44531579  1.23110526 80.20326316]
0.17	 1.58	0.12	-0.36	144_Y	[54.06709524 -2.88233333 82.96519048]
-0.14	 -0.81	-0.06	0.15	144_Y	[54.85631034 -0.47324138 83.10896552]
0.15	 0.97	-0.05	-0.2	145_Y	[ 53.44789474 -11.47010526  74.99705263]
0.22	 1.08	0.04	-0.3	145_Y	[56.76378571 -8.95821429 76.70028571]
-0.1	 -0.22	-0.01	0.12	145_Y	[ 54.95253061 -11.06267347  77.38365306]
0.18	 1.27	0.04	-0.29	147_P	[ 51.48686667 -12.2174      73.84313333]
-0.1	 -0.33	-0.07	0.15	147_P	[ 50.28954348 -12.98763043  76.35706522]
0.06	 0.24	-0.0	-0.14	147_P	[ 47.83385294 -12.44370588  77.08679412]
0.1	 0.65	0.03	-0.23	148_L	[ 50.15333333 -13.949       73.37061905]
0.08	 0.65	-0.1	-0.1	148_L	[ 46.82922222 -16.18011111  71.75933333]
-0.09	 -0.27	-0.0	0.09	148_L	[ 46.81929268 -14.88909756  74.16012195]
-0.02	 -0.19	-0.03	-0.02	148_L	[ 48.6192   -16.017025  70.903075]
0.1	 0.33	0.01	-0.14	148_L	[ 51.74883333 -14.38961111  71.90472222]
-0.14	 -0.42	-0.08	0.22	148_L	[ 51.64113846 -16.4196      69.64693846]
0.2	 1.38	0.15	-0.4	148_L	[ 51.86757692 -13.49346154  68.20480769]
-0.0	 0.34	-0.06	-0.1	149_T	[ 44.57480952 -15.89528571  72.8427619 ]
-0.01	 -0.02	-0.0	-0.03	149_T	[ 45.096875  -16.9616875  70.597625 ]
0.01	 0.1	-0.06	-0.1	149_T	[ 45.69593548 -15.96841935  68.47370968]
0.15	 1.52	0.03	-0.3	149_T	[ 44.35711111 -14.07133333  74.43633333]
0.12	 1.31	0.03	-0.31	150_P	[ 43.89566667 -17.56333333  70.65766667]
-0.12	 -0.44	0.04	0.06	150_P	[ 43.29994118 -17.80394118  68.85923529]
-0.0	 0.54	-0.09	0.04	150_P	[ 43.1228 -16.2034  67.1524]
-0.17	 -0.56	0.09	0.24	150_P	[ 41.20194737 -16.32460526  66.78005263]
-0.2	 -0.82	0.13	0.24	150_P	[ 40.97671795 -18.52341026  69.63720513]
-0.09	 -0.19	-0.1	0.08	150_P	[ 40.03021622 -17.32908108  71.8297027 ]
-0.15	 -0.58	0.03	0.15	150_P	[ 42.86879167 -17.27829167  72.62316667]
0.1	 0.92	-0.09	-0.15	151_Y	[ 40.85025    -14.01225     66.45291667]
0.13	 0.73	0.0	-0.27	151_Y	[ 42.37809524 -12.93580952  65.64171429]
0.06	 0.25	-0.03	-0.16	151_Y	[ 38.10988462 -14.068       67.09219231]
0.11	 0.9	0.05	-0.25	151_Y	[ 38.37742308 -14.42580769  72.80980769]
-0.07	 0.23	-0.01	-0.02	151_Y	[ 36.86940541 -15.26802703  68.50356757]
0.08	 1.5	0.12	-0.38	151_Y	[ 38.315125 -16.749625  70.2145  ]
-0.19	 -0.79	0.03	0.29	151_Y	[ 36.61513725 -16.08617647  71.34276471]
0.18	 0.97	0.04	-0.34	152_S	[ 44.12925   -14.54675    66.8735625]
0.1	 0.77	-0.08	-0.13	152_S	[ 44.5592     -13.96386667  65.3052    ]
0.1	 -0.03	-0.17	-0.14	152_S	[ 45.4316 -14.1166  64.284 ]
0.1	 0.98	-0.25	-0.12	153_L	[ 43.4348 -13.124   64.898 ]
-0.02	 0.41	-0.13	-0.1	153_L	[ 44.248      -13.46790476  63.3342381 ]
0.13	 0.53	0.05	-0.28	153_L	[ 46.86909677 -13.1883871   61.96506452]
0.15	 1.53	0.05	-0.31	153_L	[ 42.12329412 -11.99505882  63.68147059]
-0.12	 -0.54	0.05	0.19	153_L	[ 42.4314902  -13.81196078  61.11696078]
0.01	 0.49	-0.09	-0.13	153_L	[ 40.62675758 -10.70330303  60.03281818]
0.12	 0.23	0.02	-0.24	155_K	[ 53.02723077 -12.14723077  63.31692308]
0.06	 1.04	-0.05	-0.15	155_K	[ 53.8068 -10.9241  62.3478]
0.09	 0.22	0.02	-0.16	155_K	[ 51.8245     -13.39815625  64.6673125 ]
0.22	 1.57	0.32	-0.56	155_K	[ 48.8322     -13.62993333  63.39186667]
-0.12	 -0.7	-0.15	0.22	155_K	[ 50.69955  -15.311325  64.878475]
-0.11	 -0.38	-0.01	0.12	155_K	[ 48.70838235 -16.45955882  66.70720588]
-0.14	 -0.45	-0.03	0.15	155_K	[ 46.92980392 -15.47345098  64.75382353]
0.13	 0.93	-0.02	-0.25	156_G	[ 53.765      -12.09611111  65.24644444]
-0.02	 -0.17	-0.07	0.01	156_G	[ 55.20263636 -10.93059091  63.96804545]
-0.01	 0.08	-0.1	-0.06	156_G	[ 55.84584615 -11.90692308  65.51461538]
0.12	 0.5	0.06	-0.26	156_G	[ 54.14725926 -12.28918519  67.39855556]
0.14	 1.24	0.02	-0.28	157_E	[57.27278261 -9.50143478 64.75917391]
0.14	 1.02	-0.02	-0.25	157_E	[59.40926087 -8.68165217 65.45269565]
0.02	 0.6	-0.07	-0.04	157_E	[ 58.05233333 -13.09275     67.671     ]
-0.19	 -0.94	0.07	0.23	157_E	[ 59.108525 -12.27375   65.279425]
-0.21	 -0.84	-0.05	0.23	157_E	[ 61.64746154 -12.34015385  66.18723077]
-0.19	 -0.54	0.05	0.26	157_E	[ 61.7452037  -10.27681481  65.48774074]
-0.02	 0.16	-0.1	-0.05	157_E	[ 61.65085714 -12.10009524  67.78133333]
0.15	 0.99	0.15	-0.39	158_Y	[60.73376471 -7.76988235 67.40594118]
0.07	 0.29	-0.04	-0.14	158_Y	[61.2896875  -5.27065625 67.855625  ]
-0.08	 -0.28	-0.11	0.11	158_Y	[62.7415     -3.51816667 68.86933333]
0.04	 0.27	-0.12	-0.09	158_Y	[63.66631818 -2.16406818 70.89165909]
0.03	 -0.17	-0.14	-0.09	159_E	[62.61085714 -8.21142857 68.21714286]
0.0	 -0.01	0.03	-0.13	159_E	[63.74605263 -9.61910526 68.82921053]
-0.04	 -0.79	-0.11	0.05	159_E	[ 64.379  -11.1319  70.4573]
-0.04	 0.08	-0.01	0.01	159_E	[ 63.52408571 -11.15782857  72.74708571]
0.19	 1.27	0.2	-0.47	159_E	[64.96492308 -8.68546154 72.63069231]
0.16	 1.48	0.2	-0.47	159_E	[65.10909091 -5.16445455 70.85290909]
-0.02	 0.51	-0.18	-0.0	159_E	[66.12696 -6.75624 70.18844]
-0.19	 -0.61	0.03	0.3	159_E	[66.55135714 -8.68571429 70.9932619 ]
-0.21	 -0.71	0.14	0.34	159_E	[65.81984444 -6.36611111 68.73897778]
0.04	 0.07	-0.11	0.04	160_G	[ 63.18128571 -11.62357143  68.99128571]
-0.17	 -0.87	0.04	0.2	160_G	[ 62.27220455 -13.47463636  70.20877273]
0.14	 1.04	0.04	-0.25	160_G	[ 60.30828 -13.14288  71.06688]
-0.23	 -0.77	0.02	0.27	160_G	[ 60.15096774 -14.47735484  72.05348387]
0.17	 1.52	-0.04	-0.23	161_T	[ 58.79975    -12.86225     73.53516667]
-0.02	 -0.08	-0.01	-0.05	161_T	[ 59.8571087  -10.56558696  74.9676087 ]
-0.02	 -0.03	-0.06	-0.07	161_T	[ 56.8218125  -11.42259375  74.8348125 ]
0.16	 0.47	0.05	-0.25	162_P	[ 53.75991429 -12.52182857  72.63542857]
-0.01	 0.15	-0.06	-0.06	162_P	[ 54.50230233 -14.55418605  69.55111628]
-0.18	 -0.6	0.02	0.25	162_P	[ 56.79327451 -15.65029412  70.28990196]
-0.18	 -0.89	0.02	0.2	162_P	[ 56.84529167 -14.50783333  72.8195    ]
0.13	 1.38	0.05	-0.27	168_A	[ 37.81092857 -10.75114286  64.27835714]
0.04	 0.33	0.02	-0.1	168_A	[ 39.44996774 -12.11774194  65.31467742]
0.1	 0.47	-0.04	-0.17	168_A	[ 39.94227273 -10.82827273  62.95963636]
0.13	 0.81	-0.01	-0.23	169_K	[ 36.70021429 -11.96778571  65.71657143]
0.12	 0.23	0.03	-0.2	169_K	[34.20342857 -8.8792381  67.96419048]
0.12	 1.95	-0.0	-0.27	169_K	[ 34.305      -10.5675      68.80833333]
0.12	 1.27	-0.01	-0.22	169_K	[35.03404762 -9.4262381  70.35257143]
-0.07	 -0.14	0.01	0.02	169_K	[ 34.37761538 -12.32161538  70.69628205]
-0.11	 -0.09	0.0	0.15	169_K	[ 34.82823077 -11.66079487  73.22787179]
0.08	 0.16	-0.0	-0.16	170_E	[ 35.47711111 -11.18038889  64.08366667]
-0.12	 -0.81	-0.01	0.16	170_E	[ 33.23585714 -10.31157143  63.139     ]
0.01	 0.26	-0.15	-0.11	170_E	[31.6691875 -8.4339375 63.7145   ]
-0.14	 0.22	-0.2	-0.01	170_E	[31.80446429 -7.24025    65.99121429]
-0.11	 -0.73	0.02	0.16	170_E	[ 31.56154054 -10.20127027  65.67683784]
-0.21	 -1.07	0.09	0.3	170_E	[ 31.94872093 -12.59248837  64.81632558]
-0.11	 -0.06	0.08	-0.01	170_E	[ 33.4375625 -13.8340625  67.0339375]
-0.2	 -0.51	-0.06	0.28	170_E	[ 34.74914894 -14.14223404  65.67251064]
-0.04	 0.3	-0.04	-0.04	170_E	[ 33.54211111 -12.15040741  68.08677778]
0.07	 0.55	-0.04	-0.19	171_N	[33.40227273 -8.344      62.22509091]
0.16	 1.05	0.06	-0.33	171_N	[32.64363636 -5.24618182 65.82072727]
0.21	 1.55	0.13	-0.39	171_N	[33.28857143 -4.23164286 66.42378571]
0.11	 0.82	0.11	-0.33	171_N	[30.735      -6.37807692 64.83707692]
-0.05	 -0.41	-0.02	0.06	171_N	[30.09946667 -7.00933333 62.4212    ]
-0.07	 -0.1	0.03	0.07	171_N	[31.4876   -6.782425 60.639925]
-0.08	 -0.16	0.01	0.06	171_N	[29.11658621 -4.59910345 61.78510345]
0.2	 0.69	0.02	-0.26	172_L	[34.0928  -5.5128  67.59745]
0.23	 0.5	0.05	-0.28	172_L	[34.7746087  -7.01826087 69.822     ]
0.13	 1.27	0.23	-0.49	178_H	[50.5002   6.21624 69.66172]
0.09	 0.96	-0.11	-0.14	178_H	[51.67778788  5.57684848 69.44809091]
0.18	 1.17	0.13	-0.38	179_P	[48.2687    5.70955  58.386775]
0.17	 0.96	-0.03	-0.23	180_E	[48.04645455  7.45254545 59.56554545]
0.13	 0.59	-0.09	-0.12	180_E	[49.65525   7.169    59.556875]
-0.07	 -0.2	0.04	0.11	180_E	[49.56530952  9.26185714 60.85588095]
0.17	 1.33	0.44	-0.65	180_E	[47.136  9.253 60.704]
-0.05	 0.26	0.01	-0.09	181_K	[52.09321053  7.82573684 60.57605263]
-0.09	 -0.43	-0.2	0.02	181_K	[52.948875  6.918375 59.69375 ]
0.03	 0.3	0.05	-0.13	181_K	[54.72089286  6.17546429 60.69228571]
0.05	 0.41	-0.01	-0.11	181_K	[54.0530625  7.099625  63.0574375]
-0.01	 -0.06	-0.04	-0.02	181_K	[51.54804  9.08116 63.79112]
0.03	 0.5	-0.09	-0.08	181_K	[54.08609091  7.85836364 65.02981818]
-0.18	 -0.55	0.02	0.18	181_K	[52.70740984  8.70285246 67.23872131]
0.09	 0.54	0.05	-0.27	181_K	[50.54094737  9.34010526 67.35294737]
0.15	 1.19	0.09	-0.32	182_S	[53.50418182  3.11990909 56.11804545]
0.02	 0.59	-0.1	-0.12	183_G	[51.99338462  6.26084615 58.17612821]
-0.23	 -0.67	-0.05	0.28	183_G	[52.96456818  6.36147727 55.75675   ]
0.08	 0.62	-0.05	-0.21	183_G	[50.77648  6.45736 54.16996]
0.15	 0.77	0.11	-0.31	183_G	[49.49366667  5.71283333 56.31166667]
0.03	 0.34	0.02	-0.15	184_K	[52.9833913   4.79795652 53.561     ]
0.18	 1.7	0.22	-0.49	184_K	[49.37755556  4.04922222 52.13777778]
0.14	 0.28	0.12	-0.26	184_K	[48.87145  2.32635 52.2084 ]
-0.1	 -0.43	-0.15	0.08	184_K	[51.680725  2.999175 51.096725]
-0.15	 -0.95	0.01	0.24	184_K	[53.11313889  5.19811111 50.42002778]
-0.0	 -0.14	0.09	-0.1	184_K	[49.99014583  6.02891667 50.96822917]
-0.23	 -1.14	0.05	0.38	184_K	[50.99171429  7.65091837 49.37953061]
-0.28	 -0.95	0.11	0.41	184_K	[52.55259615  8.36655769 51.30809615]
0.17	 0.91	0.1	-0.32	185_A	[52.75094444  2.23488889 53.94605556]
0.11	 0.12	-0.01	-0.22	185_A	[53.53515385  0.28138462 55.26873077]
0.1	 0.52	0.01	-0.16	187_L	[45.24872727  2.49018182 52.60590909]
0.13	 0.91	0.07	-0.32	187_L	[43.54942857  3.54195238 53.52880952]
-0.01	 0.05	-0.03	-0.01	187_L	[46.42567647  4.63494118 52.73541176]
0.1	 1.13	-0.02	-0.13	187_L	[47.86766667  6.47975    55.89266667]
-0.13	 -0.38	-0.08	0.15	187_L	[47.40414865  7.66263514 53.1007027 ]
0.14	 1.03	0.07	-0.31	187_L	[45.61406522  7.27867391 55.25304348]
0.15	 1.21	-0.0	-0.25	188_A	[47.05622222  2.56255556 52.55833333]
-0.07	 -0.16	-0.05	0.02	188_A	[45.68095238  0.65338095 51.98371429]
0.19	 1.13	0.09	-0.32	188_A	[43.98875    -1.2035     52.57983333]
-0.05	 -0.29	-0.01	0.02	188_A	[47.16171739 -1.07186957 51.89843478]
0.14	 1.38	0.18	-0.47	191_A	[39.34688889  1.38877778 52.62988889]
0.08	 1.1	-0.04	-0.14	191_A	[40.32722222 -1.35811111 52.25055556]
0.07	 0.55	-0.02	-0.14	191_A	[38.34480769 -0.31161538 52.7535    ]
-0.1	 -0.49	-0.06	0.15	191_A	[41.76958904  1.26480822 51.71543836]
0.15	 1.42	0.26	-0.5	192_L	[39.71726667 -2.8454     52.47946667]
0.13	 1.19	0.09	-0.31	192_L	[39.0768     -5.02514286 54.79525714]
0.25	 1.54	0.21	-0.48	192_L	[40.9895625 -5.5899375 54.4195   ]
0.09	 0.73	-0.02	-0.16	192_L	[43.41629412 -2.63529412 52.22058824]
0.14	 0.73	0.01	-0.23	192_L	[44.95319048 -4.68585714 52.20680952]
-0.03	 0.02	-0.14	0.05	192_L	[41.37694118 -4.87882353 51.55355294]
0.05	 0.42	-0.24	-0.1	194_R	[35.208      -0.11291667 53.60258333]
0.05	 0.1	0.04	-0.16	194_R	[33.34089286 -0.72357143 55.21232143]
0.22	 1.5	0.14	-0.42	194_R	[36.70425   0.676875 53.226875]
0.14	 0.76	-0.03	-0.24	194_R	[34.18566667  1.45708333 54.22875   ]
0.05	 0.52	-0.27	-0.11	194_R	[37.67989474  2.23447368 52.21189474]
-0.01	 0.42	-0.06	-0.15	194_R	[35.57285714  2.52348571 51.98217143]
-0.15	 -0.34	-0.13	0.25	194_R	[33.57481667  3.53801667 52.43553333]
-0.27	 -1.07	0.16	0.44	194_R	[36.08375926  2.96924074 49.89796296]
0.0	 0.65	-0.16	-0.14	195_R	[36.367      -0.81011111 53.07788889]
-0.03	 0.14	0.02	-0.02	195_R	[34.8362  -1.83045 53.0599 ]
0.13	 0.89	-0.14	-0.09	195_R	[35.60216667 -5.553      54.30116667]
-0.13	 -0.34	-0.04	0.1	195_R	[33.50384375 -4.75584375 54.33809375]
0.06	 0.56	-0.05	-0.16	195_R	[37.43124138 -3.72310345 52.58672414]
-0.15	 -0.62	-0.05	0.12	195_R	[35.14678947 -4.29505263 51.67592105]
-0.13	 -0.62	0.08	0.17	195_R	[37.23843478 -3.88569565 49.86543478]
0.09	 0.79	0.0	-0.2	195_R	[38.88274194 -5.57851613 51.10154839]
-0.08	 -0.3	-0.24	0.14	195_R	[37.64182759 -6.9282069  50.65075862]
-0.25	 -1.22	0.12	0.39	195_R	[35.82573469 -7.51085714 49.65414286]
-0.29	 -0.5	-0.3	0.37	195_R	[39.00353968 -8.19511111 51.02047619]
0.11	 1.21	0.06	-0.3	196_Y	[36.86388889 -5.22655556 54.56622222]
-0.1	 0.24	-0.13	-0.01	196_Y	[36.09372727 -6.55318182 56.01836364]
-0.08	 -0.12	-0.05	0.08	196_Y	[33.29466667 -6.47083333 57.95471429]
0.25	 1.39	0.36	-0.59	196_Y	[38.24645455 -6.41536364 56.26245455]
-0.04	 -0.04	-0.09	0.04	196_Y	[36.679     -8.2605625 57.367875 ]
-0.06	 -0.09	0.02	0.02	196_Y	[37.5502619  -9.25733333 58.91957143]
0.18	 1.2	0.01	-0.3	196_Y	[34.51923529 -7.096      60.31658824]
0.03	 0.52	0.04	-0.14	196_Y	[35.30007692 -8.27115385 60.09523077]
0.03	 0.22	0.0	-0.08	196_Y	[36.82378947 -9.91563158 61.87518421]
-0.07	 -0.21	-0.07	0.07	197_F	[30.85944444 -2.97235556 58.16777778]
-0.17	 -1.01	0.05	0.24	197_F	[31.58957692 -3.0235     56.00423077]
