-0.28	 -0.99	0.11	0.38	2_S	[65.57879167 -6.78052083 65.13802083]
-0.15	 -0.59	-0.11	0.18	2_S	[63.638625   -7.78575    63.67604167]
0.12	 1.26	0.3	-0.58	2_S	[62.35333333 -6.26375    63.72741667]
-0.15	 -0.04	-0.08	0.12	2_S	[61.84554762 -6.14097619 62.7222381 ]
-0.15	 -0.4	-0.03	0.2	2_S	[62.02408889 -6.62564444 66.41348889]
-0.29	 -1.05	0.2	0.46	2_S	[62.84542857 -8.83947619 66.93164286]
0.06	 0.54	-0.13	-0.08	3_L	[64.50515385 -4.33546154 65.30530769]
0.15	 1.77	-0.07	-0.18	3_L	[61.7913 -3.4707 62.572 ]
0.08	 0.53	-0.08	-0.16	3_L	[66.21236735 -3.17934694 62.85728571]
0.01	 0.1	-0.35	0.1	3_L	[63.78502632 -1.38471053 64.60102632]
0.01	 0.07	-0.14	0.02	3_L	[62.34433333 -3.69046667 66.76173333]
-0.23	 -1.28	0.11	0.44	3_L	[62.00839394 -1.12665152 67.16066667]
-0.19	 -0.95	0.06	0.28	3_L	[59.88825    -2.82905556 65.03472222]
0.06	 -0.51	-0.02	-0.1	4_A	[62.38072222 -2.07044444 61.76605556]
0.03	 0.37	-0.08	-0.13	4_A	[64.37809756  0.83882927 62.78782927]
-0.04	 0.02	-0.08	-0.04	4_A	[62.57974 -0.90946 59.22208]
0.26	 1.7	0.29	-0.54	5_K	[64.24533333  1.93429167 59.04491667]
0.18	 1.4	0.4	-0.63	5_K	[68.08377778 -2.08511111 61.08038889]
-0.05	 -0.26	-0.12	0.07	5_K	[69.98856364 -2.25149091 62.388     ]
-0.07	 -0.12	-0.03	0.08	5_K	[71.17293939 -1.72157576 65.02048485]
0.0	 0.39	-0.08	-0.06	6_R	[63.02495833  3.06383333 60.987125  ]
-0.04	 -0.16	0.04	0.0	6_R	[61.72516667  4.54986111 62.73177778]
-0.03	 -0.47	0.02	0.01	6_R	[63.90405  3.30205 64.43085]
0.01	 -0.71	-0.06	-0.04	6_R	[62.46    5.3906 65.8088]
0.13	 1.33	0.21	-0.48	6_R	[61.98871429  6.39457143 65.57342857]
0.03	 0.64	-0.04	-0.14	6_R	[64.20572  4.01332 66.80336]
0.28	 1.39	0.44	-0.66	10_C	[67.68555 19.69685 58.3162 ]
0.28	 1.38	0.2	-0.46	10_C	[69.02522222 17.29011111 59.84844444]
0.0	 0.18	-0.17	-0.06	10_C	[68.18579487 18.68671795 60.90410256]
0.21	 1.56	0.14	-0.39	12_D	[67.59440909 25.51090909 58.07327273]
0.15	 0.99	0.06	-0.27	12_D	[68.8682  22.74095 59.34015]
0.03	 0.34	-0.06	-0.14	12_D	[68.02860465 21.8775814  60.74674419]
-0.17	 -0.26	-0.07	0.21	12_D	[69.53083784 24.48002703 59.61137838]
0.21	 1.12	0.2	-0.45	13_V	[58.79055882 26.77261765 60.56435294]
0.19	 1.06	0.08	-0.32	14_H	[61.11831818 30.70395455 57.21604545]
0.12	 0.48	-0.13	-0.15	14_H	[63.75733333 30.59590476 58.33385714]
-0.01	 -1.32	-0.05	0.04	14_H	[64.36111111 31.72288889 59.48788889]
-0.13	 -0.57	0.04	0.22	14_H	[62.47511765 32.76052941 58.19817647]
0.0	 -0.14	-0.04	-0.03	14_H	[64.65794444 32.13722222 61.54788889]
-0.18	 -0.85	0.1	0.24	14_H	[62.07095652 34.47076087 59.85054348]
-0.09	 0.0	0.01	0.07	14_H	[63.05154545 34.13581818 62.18609091]
0.12	 0.58	0.05	-0.28	15_A	[59.98237838 30.43254054 61.42502703]
-0.06	 0.32	-0.22	-0.03	15_A	[57.95705263 31.14489474 61.11026316]
-0.04	 0.15	-0.11	0.03	15_A	[56.60305556 31.24158333 57.02186111]
-0.15	 -0.62	-0.1	0.17	15_A	[58.6087963  33.32848148 58.99690741]
0.23	 1.19	0.18	-0.42	16_G	[57.59419048 28.25052381 60.10890476]
0.03	 -0.24	-0.0	-0.09	16_G	[55.4430625 28.2214375 57.25375  ]
0.13	 2.05	0.11	-0.34	16_G	[56.68928571 29.29214286 55.56742857]
0.01	 0.05	0.03	0.01	16_G	[56.12215789 27.20768421 55.06568421]
0.03	 0.25	-0.03	-0.1	17_R	[61.43179487 29.23776923 54.19407692]
-0.11	 -0.42	-0.07	0.14	17_R	[59.32980645 31.45654839 54.62035484]
-0.11	 -0.54	-0.01	0.13	17_R	[57.18994444 30.31258333 53.22561111]
-0.07	 -0.3	0.01	0.02	17_R	[60.04063636 30.07259091 51.57772727]
-0.09	 -0.64	0.02	0.05	17_R	[58.0214 30.5918 50.2334]
-0.06	 -0.04	0.01	-0.01	17_R	[56.58330556 28.55908333 51.14413889]
-0.17	 -0.72	0.07	0.24	17_R	[59.81415385 29.58787179 49.06487179]
0.14	 1.26	0.02	-0.31	18_V	[62.95733333 27.91033333 53.68866667]
0.1	 0.69	0.04	-0.19	18_V	[63.29907143 27.19396429 52.39214286]
0.01	 0.02	-0.09	-0.08	19_V	[63.9343913  28.82165217 54.55373913]
0.09	 1.67	-0.11	-0.21	19_V	[64.7774 28.2556 52.9706]
-0.16	 -0.37	0.03	0.18	19_V	[66.58731707 28.95990244 52.93880488]
0.21	 1.61	0.23	-0.48	19_V	[67.3353  26.7812  56.91475]
-0.18	 -0.65	0.01	0.26	19_V	[67.52658491 29.68445283 56.32626415]
0.07	 0.55	0.1	-0.26	19_V	[64.30288 29.60272 57.27552]
-0.01	 0.23	-0.15	-0.02	20_K	[68.55182353 27.21370588 52.03488235]
0.01	 -0.29	-0.14	0.0	20_K	[66.60725    27.08841667 50.7705    ]
-0.09	 -0.54	0.05	0.13	20_K	[67.84546875 25.657625   49.4988125 ]
0.15	 2.76	-0.03	-0.2	20_K	[69.612125 25.7015   51.7425  ]
-0.07	 -0.21	-0.03	0.02	20_K	[69.58025 26.59075 54.6001 ]
-0.14	 -0.5	0.04	0.18	20_K	[71.65063636 25.03930303 54.2379697 ]
0.1	 0.75	-0.06	-0.16	20_K	[69.71070588 24.74588235 56.87535294]
-0.09	 -0.2	-0.0	0.06	20_K	[71.35301754 22.72654386 56.82773684]
0.12	 2.09	0.05	-0.29	21_G	[65.208625 26.83625  51.3155  ]
-0.04	 -0.17	-0.05	0.04	21_G	[64.68026667 25.5967     49.08463333]
0.18	 1.42	0.17	-0.36	21_G	[66.42044444 22.9195     48.36861111]
0.14	 1.21	-0.03	-0.2	22_V	[65.08344444 23.34133333 47.67666667]
0.18	 0.98	0.04	-0.36	22_V	[65.49773333 22.47406667 46.78486667]
0.21	 1.3	0.19	-0.44	22_V	[63.325      21.80530769 45.25615385]
0.15	 1.64	0.18	-0.44	23_N	[64.0119 20.7811 44.4929]
0.13	 1.42	0.22	-0.5	23_N	[65.31071429 19.50342857 43.24985714]
-0.07	 0.04	-0.0	0.01	23_N	[66.93251111 18.51266667 43.21666667]
-0.23	 -1.12	-0.17	0.25	23_N	[65.36631579 21.96844737 44.01657895]
0.07	 0.2	0.01	-0.17	23_N	[67.7212  21.56516 45.08368]
-0.23	 -0.76	0.11	0.36	23_N	[68.80740426 22.55497872 44.16702128]
0.07	 0.61	-0.11	-0.14	23_N	[69.46475   20.0294375 44.592375 ]
0.07	 0.66	-0.15	-0.07	24_F	[67.5829 16.0414 43.8683]
0.07	 0.5	-0.04	-0.11	24_F	[65.5783 16.6026 42.5392]
-0.21	 -0.75	0.09	0.26	24_F	[65.57615789 14.46171053 42.98523684]
0.02	 0.9	-0.45	0.3	24_F	[67.33151724 14.01668966 46.1597931 ]
0.13	 1.44	0.08	-0.32	24_F	[66.02707143 14.10192857 48.083     ]
-0.13	 -0.02	1.65	0.5	24_F	[65.24684848 13.0680303  46.44575758]
0.0	 0.26	-0.06	-0.13	24_F	[62.848      12.87566667 47.13904762]
-0.04	 0.22	-0.23	0.01	25_V	[63.593  15.6559 41.8126]
0.07	 0.83	-0.15	-0.11	25_V	[63.88707143 18.01464286 41.90164286]
0.06	 0.61	-0.08	-0.17	25_V	[63.29885714 19.57952381 43.03738095]
0.05	 0.28	-0.21	-0.05	25_V	[62.39325   13.9376875 44.216375 ]
0.13	 0.84	0.04	-0.29	25_V	[60.05016129 15.8886129  45.06154839]
-0.21	 -0.94	0.04	0.31	25_V	[60.50569697 14.50684848 42.65127273]
0.1	 1.1	0.1	-0.38	26_N	[61.59153333 16.32486667 40.7716    ]
-0.04	 -0.08	-0.03	-0.07	26_N	[62.20315 19.90915 40.8265 ]
0.12	 0.91	-0.02	-0.25	26_N	[59.100125 20.280125 40.735875]
-0.13	 -0.28	-0.08	0.18	26_N	[58.46348889 18.14557778 42.16004444]
-0.45	 -0.62	-0.03	0.19	26_N	[60.02342553 18.96404255 39.63431915]
-0.13	 -0.41	-0.19	0.15	26_N	[61.88296 17.93068 38.89132]
-0.23	 -1.05	0.07	0.35	26_N	[63.60373684 17.96997368 39.38576316]
-0.27	 -1.17	0.17	0.43	26_N	[61.23317857 17.68103571 37.08078571]
0.01	 -1.25	-0.02	-0.05	27_L	[60.76664706 21.40529412 42.498     ]
0.17	 1.61	0.06	-0.36	27_L	[57.69       19.72529412 43.53823529]
-0.03	 -0.18	-0.25	0.0	27_L	[57.55384615 21.54330769 41.55238462]
-0.17	 -0.76	-0.04	0.15	27_L	[59.06328205 23.28       41.83576923]
0.16	 1.28	0.27	-0.53	27_L	[60.50663636 22.26581818 44.048     ]
0.19	 1.23	0.09	-0.32	27_L	[58.66512 18.61992 45.79028]
0.19	 1.79	0.16	-0.41	27_L	[61.93952941 20.96976471 44.53305882]
0.07	 1.0	0.06	-0.3	28_R	[56.716875 21.087375 42.48225 ]
0.09	 0.82	-0.16	-0.12	28_R	[56.78077778 24.29988889 41.26611111]
0.15	 1.1	-0.13	-0.16	28_R	[55.72042857 25.89071429 43.84914286]
-0.18	 -0.8	0.07	0.29	28_R	[57.6087381  26.10507143 42.7177381 ]
-0.11	 -0.16	-0.07	0.08	28_R	[54.25051724 24.33055172 44.12186207]
-0.19	 -0.82	0.01	0.25	28_R	[53.53466667 22.25961111 42.43972222]
-0.12	 -0.43	-0.13	0.1	28_R	[55.09755  23.979225 40.7982  ]
-0.2	 -0.86	-0.04	0.25	28_R	[52.53140741 23.07922222 40.25366667]
-0.13	 -0.37	-0.04	0.14	28_R	[53.40345833 23.611      38.54745833]
-0.29	 -1.39	0.16	0.43	28_R	[55.01282979 24.12608511 37.69561702]
-0.28	 -1.13	0.17	0.44	28_R	[51.88981481 23.40914815 37.42603704]
-0.07	 -0.19	-0.18	0.03	29_D	[58.17009091 26.81563636 44.80590909]
-0.04	 -0.24	-0.05	0.06	29_D	[55.47678788 26.14012121 46.47660606]
-0.07	 -0.08	-0.0	0.12	29_D	[57.352625  28.4510625 46.748625 ]
0.02	 -0.63	0.0	0.01	29_D	[59.15691667 27.72983333 46.95258333]
-0.11	 -0.52	-0.04	0.19	29_D	[55.725525 28.039175 48.407125]
0.09	 0.58	-0.0	-0.14	30_A	[59.98725    25.37320833 45.10179167]
0.17	 1.18	0.05	-0.3	30_A	[62.46425    25.87866667 48.40516667]
-0.15	 -0.44	-0.05	0.13	30_A	[62.66414754 24.45913115 45.66829508]
0.11	 0.29	-0.01	-0.16	31_G	[60.952      26.73035714 47.97985714]
0.1	 0.59	-0.03	-0.14	31_G	[61.51952381 27.272      50.70090476]
0.17	 1.62	0.13	-0.4	32_D	[56.28263636 26.14727273 52.05672727]
0.1	 0.67	-0.06	-0.25	32_D	[55.22568182 25.93981818 50.058     ]
-0.11	 -0.37	-0.18	0.17	32_D	[53.960375 25.490625 50.86225 ]
0.02	 -0.23	-0.01	-0.09	32_D	[54.56311111 25.53988889 52.61322222]
-0.1	 -0.23	0.0	0.1	32_D	[53.26767568 23.50105405 50.03664865]
0.16	 1.1	0.09	-0.32	33_P	[55.73487097 25.63054839 54.21196774]
0.18	 0.85	-0.01	-0.24	34_V	[52.1003 22.6415 52.3628]
-0.04	 -0.11	-0.09	0.01	34_V	[50.96888136 20.16562712 52.28842373]
0.08	 1.44	0.11	-0.41	34_V	[50.89855 22.25855 53.72495]
0.16	 1.36	0.36	-0.6	35_E	[53.60154545 21.11827273 50.49163636]
0.13	 0.16	-0.11	-0.13	35_E	[53.7833 19.5711 49.7604]
0.19	 1.58	0.01	-0.27	35_E	[56.30785714 17.28885714 48.35571429]
0.1	 -0.36	0.01	-0.13	35_E	[53.98809091 21.25809091 48.80854545]
-0.06	 -0.17	-0.03	0.05	35_E	[55.22340476 19.10504762 47.32988095]
-0.07	 -0.64	-0.02	0.01	35_E	[53.97317647 21.47376471 45.88870588]
-0.11	 0.05	-0.02	0.02	35_E	[55.60797143 20.10014286 44.4536    ]
0.05	 0.57	0.08	-0.22	35_E	[54.58778261 23.32630435 46.92417391]
0.14	 1.06	-0.04	-0.25	38_R	[54.3322  13.41425 51.6082 ]
0.16	 1.39	0.42	-0.65	38_R	[55.681      14.31972727 48.253     ]
0.19	 1.13	0.2	-0.45	38_R	[54.91509091 12.51886364 49.792     ]
0.06	 0.59	-0.07	-0.16	38_R	[54.06631111 15.08117778 48.86417778]
0.07	 1.0	-0.03	-0.19	38_R	[53.09306667 17.7292     49.89513333]
0.15	 1.33	0.09	-0.31	38_R	[51.56441935 15.68180645 50.94096774]
0.02	 0.27	-0.03	-0.13	38_R	[51.93082609 15.49378261 48.27730435]
0.1	 0.49	-0.01	-0.13	38_R	[51.67373333 13.29166667 49.28153333]
-0.1	 -0.37	-0.0	0.02	38_R	[49.10781579 13.3975     50.51221053]
-0.22	 -0.78	0.0	0.28	38_R	[50.1662093  13.76032558 47.18416279]
0.13	 1.13	0.12	-0.36	39_A	[56.38530769 15.03361538 48.15692308]
0.06	 0.77	-0.13	-0.11	39_A	[57.76433333 13.91253333 47.19966667]
0.14	 0.36	0.09	-0.26	39_A	[59.88709091 12.521      47.53463636]
0.02	 0.27	-0.12	-0.06	39_A	[58.59227907 15.61267442 46.93069767]
0.16	 1.15	0.13	-0.37	40_Y	[64.97732258 13.07609677 50.37648387]
0.12	 1.48	-0.0	-0.29	41_D	[56.016   8.6212 50.9084]
-0.38	 0.07	0.02	0.04	41_D	[57.61995   7.505875 51.61225 ]
0.16	 1.51	0.21	-0.48	41_D	[54.88214286 11.2545     51.18921429]
0.04	 0.49	0.24	-0.14	41_D	[54.80310526  8.83373684 52.19426316]
0.04	 0.49	-0.14	-0.09	41_D	[56.100325  7.619875 53.598825]
-0.69	 0.23	-0.08	0.04	41_D	[53.29394828 10.45639655 53.23396552]
0.01	 0.26	-0.02	-0.1	42_E	[56.18222222  8.51577778 49.24318519]
-0.01	 0.04	-0.12	-0.07	42_E	[58.879375  9.5635   46.842875]
-0.2	 -0.61	0.06	0.28	42_E	[58.664775  7.2592   47.619725]
-0.1	 -0.27	-0.03	0.05	42_E	[57.12675    10.41214286 46.38371429]
-0.16	 -0.41	-0.16	0.18	42_E	[54.51154762 10.08402381 48.25866667]
-0.08	 -0.29	-0.06	0.07	42_E	[54.44957895 11.91684211 46.17378947]
-0.12	 0.16	0.01	0.02	42_E	[53.07126531 12.4617551  47.19085714]
-0.15	 -0.41	0.04	0.2	42_E	[55.8627381  13.01004762 46.00307143]
0.15	 1.56	0.17	-0.42	43_A	[59.502      10.48444444 47.50288889]
-0.02	 0.38	-0.1	-0.07	43_A	[60.85685  9.0312  47.14875]
0.08	 0.62	-0.1	-0.14	43_A	[60.99523077  6.65715385 48.47923077]
0.15	 0.72	0.09	-0.29	43_A	[63.08113043  5.84978261 49.56204348]
0.06	 0.57	-0.07	-0.16	43_A	[63.07917778 10.6072     48.26626667]
-0.03	 -0.06	-0.03	0.15	44_G	[60.37897959  5.51877551 51.55912245]
0.2	 1.47	0.4	-0.63	44_G	[59.66016667  6.73058333 53.20733333]
0.19	 1.35	0.23	-0.5	45_A	[58.57907407  7.10396296 54.45681481]
0.17	 1.47	0.21	-0.47	46_D	[59.73953846  5.24907692 57.91469231]
0.06	 0.36	0.08	-0.19	46_D	[58.71970588  6.46229412 59.50305882]
0.12	 0.31	-0.1	-0.13	46_D	[61.17        4.88231579 59.49294737]
0.17	 1.06	0.09	-0.32	46_D	[62.64952174  3.08926087 58.0806087 ]
0.2	 1.08	0.08	-0.34	47_E	[59.8886875  6.7845    62.0231875]
0.16	 1.29	0.09	-0.35	47_E	[59.57883333  7.60466667 64.49725   ]
-0.04	 -0.23	-0.16	0.07	47_E	[60.52544444  6.53405556 64.17055556]
0.18	 1.53	0.29	-0.54	48_L	[57.82863636 13.92545455 59.67436364]
0.18	 1.56	0.13	-0.38	48_L	[57.090375   14.16834375 58.04184375]
0.27	 1.55	0.31	-0.55	49_V	[66.0217 16.9776 64.172 ]
0.1	 0.67	-0.01	-0.18	51_L	[66.11593548 23.10070968 64.22032258]
-0.14	 -0.46	0.03	0.18	51_L	[67.87134848 20.00343939 64.23336364]
0.02	 0.08	-0.11	-0.05	51_L	[65.84434146 19.90963415 66.61282927]
0.15	 1.32	0.38	-0.61	52_D	[65.3483 25.0144 64.5288]
0.02	 0.34	-0.07	-0.07	52_D	[64.76398039 26.32270588 66.20988235]
0.08	 0.81	-0.12	-0.18	52_D	[59.53868889 28.33868889 63.16364444]
0.17	 0.63	-0.1	-0.2	52_D	[60.79488679 28.32824528 66.49273585]
-0.04	 0.13	-0.04	0.04	53_I	[66.87346154 27.61930769 64.82961538]
0.09	 0.34	0.04	-0.18	53_I	[66.14628571 28.71142857 65.50914286]
-0.08	 -0.38	-0.07	0.13	53_I	[66.853      30.70252632 63.81147368]
-0.08	 -0.22	-0.09	0.05	53_I	[68.11213333 28.28246667 63.05173333]
0.16	 1.34	0.34	-0.58	53_I	[65.73575 30.402   61.49225]
-0.03	 -0.11	0.01	0.03	53_I	[67.808325 25.6358   62.792775]
-0.12	 -0.35	-0.02	0.11	53_I	[67.55915625 29.259125   59.9821875 ]
0.18	 1.42	0.26	-0.52	54_S	[65.101625 31.8255   63.279625]
-0.05	 -0.15	-0.0	0.03	54_S	[65.087      30.35166667 67.19469697]
0.19	 0.96	0.15	-0.4	54_S	[61.05696429 31.35235714 63.81221429]
0.0	 0.46	-0.37	-0.03	54_S	[61.20239535 30.6514186  66.65932558]
0.05	 0.6	-0.11	-0.13	55_A	[64.73466667 33.31756667 64.38483333]
-0.09	 -0.0	-0.1	0.1	55_A	[67.10672222 32.43722222 66.74433333]
0.17	 1.14	0.06	-0.34	55_A	[65.17738889 34.26861111 68.52644444]
-0.23	 -0.72	0.02	0.3	55_A	[66.05239024 33.83939024 69.44517073]
-0.22	 -1.16	0.07	0.34	55_A	[66.82756944 35.01859722 65.74640278]
0.03	 0.01	-0.08	-0.04	56_T	[63.81192308 35.61546154 69.85392308]
0.11	 0.76	-0.08	-0.14	56_T	[63.56457143 32.11357143 69.64478571]
0.03	 0.28	-0.1	-0.09	56_T	[61.51512 31.479   68.78392]
0.11	 1.22	0.02	-0.25	56_T	[60.8965   36.313    67.469625]
-0.15	 -0.55	-0.01	0.2	56_T	[63.17590385 36.91607692 67.58332692]
-0.16	 -0.81	0.05	0.23	56_T	[60.73378571 36.50871429 70.18758929]
-0.01	 -0.05	-0.18	-0.06	57_H	[62.68003704 33.85874074 71.53385185]
-0.12	 -0.29	-0.24	0.15	57_H	[61.96314286 30.95604762 71.62266667]
0.09	 0.75	-0.09	-0.14	57_H	[59.43734286 32.144      71.15005714]
-0.15	 -0.2	-0.05	0.18	57_H	[58.84       31.12089655 72.83465517]
-0.08	 -0.13	-0.05	0.07	57_H	[62.02554054 31.96001351 73.49860811]
0.1	 -1.29	0.02	-0.2	58_E	[57.564      34.92941667 68.68925   ]
-0.12	 -0.23	0.06	0.1	58_E	[55.2025814  33.74006977 69.35997674]
-0.11	 -0.47	-0.01	0.12	58_E	[57.21071053 35.34334211 71.49828947]
-0.22	 -0.77	0.03	0.28	58_E	[56.89376923 34.18687179 73.88582051]
-0.04	 0.43	0.15	-0.17	58_E	[55.65304348 31.88117391 72.708     ]
0.06	 0.54	-0.04	-0.17	58_E	[56.17632258 30.2623871  72.36151613]
-0.33	 -0.93	-0.0	0.51	58_E	[54.36453488 32.55772093 72.90762791]
0.17	 0.83	0.11	-0.34	59_E	[58.57381818 31.8645     68.49340909]
-0.07	 -0.53	-0.0	0.0	59_E	[55.75371429 33.56009524 66.47842857]
0.08	 0.55	-0.08	-0.21	59_E	[56.379125 31.4944   66.466225]
0.03	 0.78	-0.27	-0.11	59_E	[57.4497069  30.27003448 65.17068966]
-0.29	 -0.25	-0.24	0.1	59_E	[57.72441667 33.485      64.77897222]
0.1	 0.73	0.19	-0.35	59_E	[59.08158065 33.98683871 66.99732258]
-0.08	 -0.09	0.03	0.03	59_E	[60.04877778 35.81533333 65.47044444]
-0.0	 0.11	-0.05	-0.06	59_E	[62.27196875 35.1238125  65.06753125]
-0.12	 0.04	-0.14	0.07	59_E	[60.031875  34.0253125 63.025125 ]
0.08	 0.93	-0.14	-0.16	60_R	[54.5220625 31.9855625 68.03375  ]
-0.07	 0.34	-0.11	-0.03	60_R	[53.88043243 29.78397297 69.71516216]
0.19	 0.91	0.04	-0.31	60_R	[56.27145  28.911625 70.238325]
0.21	 1.16	0.13	-0.37	60_R	[57.76076471 28.31052941 67.49858824]
-0.01	 0.04	-0.13	-0.01	60_R	[58.88490476 27.93238095 69.1817619 ]
0.05	 0.5	0.1	0.04	60_R	[58.18169231 27.83488462 71.40884615]
0.06	 0.4	-0.08	-0.1	60_R	[60.05311111 27.07233333 70.49888889]
-0.0	 0.34	-0.07	-0.1	61_A	[52.69878571 30.9425     67.25646429]
0.04	 0.51	-0.1	-0.07	61_A	[50.72488235 29.50917647 66.25311765]
0.05	 0.08	0.01	-0.2	61_A	[51.67283333 30.93441667 62.84825   ]
-0.01	 -0.77	-0.04	-0.06	61_A	[50.41705 28.96    63.42525]
-0.22	 -1.1	0.1	0.35	61_A	[50.92       32.08546575 65.37223288]
0.2	 1.41	0.2	-0.47	62_I	[53.34491304 31.65278261 63.83778261]
0.04	 0.43	-0.09	-0.16	62_I	[52.19457143 29.8635     61.17764286]
0.21	 0.29	0.07	-0.31	62_I	[52.7825     27.60035714 60.01107143]
0.09	 0.8	-0.2	-0.1	62_I	[56.27523077 30.63838462 62.18230769]
-0.17	 -0.02	-0.18	0.13	62_I	[54.97647059 32.72476471 62.31258824]
0.1	 0.8	0.08	-0.28	62_I	[55.03035135 29.23564865 59.82305405]
-0.19	 -0.99	0.09	0.28	62_I	[53.20602817 32.61657746 59.93939437]
0.16	 1.01	0.1	-0.36	63_L	[56.0155    29.0025    63.0628125]
0.17	 1.04	0.14	-0.38	63_L	[56.37742857 27.02485714 61.63642857]
0.18	 1.16	0.05	-0.32	63_L	[57.04      28.073     63.9853125]
0.16	 1.63	0.09	-0.36	63_L	[57.97526667 26.5082     62.68713333]
0.13	 1.52	0.16	-0.44	63_L	[57.63822222 26.03344444 61.95933333]
0.08	 1.48	-0.02	-0.15	64_L	[49.4896 25.0704 63.9909]
0.17	 1.61	0.14	-0.38	64_L	[49.18969231 23.88176923 63.56407692]
0.03	 0.08	-0.01	-0.03	64_L	[49.82896154 26.31992308 65.50584615]
0.17	 1.0	-0.04	-0.24	64_L	[49.867      24.70244444 67.74122222]
-0.06	 -0.32	-0.07	0.05	64_L	[50.30561017 26.96955932 68.58020339]
0.12	 0.79	0.09	-0.32	65_D	[49.73725 26.858   63.41075]
0.0	 -0.02	-0.13	-0.06	65_D	[48.61285 25.4169  61.79465]
0.16	 1.17	0.01	-0.29	65_D	[48.51226667 24.46233333 59.83413333]
-0.08	 -0.04	-0.17	0.04	65_D	[49.87475    28.42228571 61.17760714]
-0.05	 -0.01	-0.14	0.02	65_D	[48.3149697  27.22812121 59.17763636]
-0.3	 -1.02	0.17	0.5	65_D	[47.16505  27.4138   60.176825]
-0.11	 -0.2	-0.0	0.06	65_D	[49.4116129  27.4993871  58.10329032]
0.17	 1.46	0.31	-0.56	66_V	[51.98578571 26.46814286 59.21721429]
0.14	 0.89	0.0	-0.28	66_V	[54.01631818 26.3855     58.176     ]
0.19	 1.31	0.15	-0.42	66_V	[54.40922222 25.13927778 56.40588889]
0.12	 1.24	0.43	-0.66	68_A	[47.75528571 19.65671429 61.76971429]
0.1	 1.37	-0.09	-0.2	68_A	[47.38766667 21.32325    59.08966667]
0.05	 0.24	-0.03	-0.14	68_A	[47.32111538 18.96515385 60.23311538]
-0.1	 -0.52	-0.02	0.15	68_A	[47.40238596 22.15566667 61.92505263]
0.16	 1.53	0.21	-0.48	69_R	[47.50188889 21.70277778 58.01744444]
0.18	 1.09	0.14	-0.38	69_R	[48.73328 19.7124  55.10512]
0.0	 0.53	-0.26	-0.09	69_R	[48.51744444 21.62507407 55.61114815]
-0.04	 -0.26	-0.23	0.01	69_R	[47.80377419 23.69196774 57.93403226]
-0.19	 -1.22	0.03	0.29	69_R	[47.759075 24.738    55.8581  ]
-0.1	 -0.65	-0.14	0.17	69_R	[49.59448148 23.82514815 54.09344444]
-0.12	 -0.26	-0.03	0.16	69_R	[50.16007692 26.46338462 54.59469231]
-0.07	 0.37	0.02	0.04	69_R	[51.41781818 26.72021212 56.51266667]
-0.03	 0.12	-0.37	0.27	69_R	[52.45093333 25.23981667 53.75931667]
0.13	 0.97	0.05	-0.32	70_V	[54.09792683 15.80495122 58.49768293]
0.11	 0.61	-0.02	-0.23	71_A	[51.1852963  15.34774074 60.17222222]
0.05	 0.71	0.06	-0.22	71_A	[47.41541667 16.48875    59.8145    ]
-0.07	 -0.18	-0.06	0.05	71_A	[48.06263636 13.96615152 59.72606061]
-0.07	 -0.52	-0.11	0.05	71_A	[48.74283871 16.13983871 61.785     ]
0.14	 1.22	0.33	-0.58	72_E	[47.092   17.223   59.25075]
-0.02	 -0.22	-0.07	0.03	72_E	[46.07282353 15.16605882 58.23288235]
-0.08	 0.08	-0.04	0.07	72_E	[45.67476923 14.86084615 55.14179487]
-0.15	 -0.77	0.01	0.18	72_E	[45.09382857 17.26557143 57.91722857]
0.12	 2.02	0.1	-0.36	72_E	[45.55981818 17.67836364 55.11809091]
-0.03	 0.29	-0.1	-0.1	72_E	[45.49870588 19.91161765 56.07341176]
-0.26	 -0.78	0.11	0.33	72_E	[44.95880556 20.44869444 58.00777778]
-0.19	 -0.89	0.04	0.33	72_E	[45.33667347 20.02953061 54.76444898]
0.19	 1.98	0.06	-0.28	73_R	[47.81676923 14.04323077 53.39776923]
0.01	 0.59	-0.04	-0.14	73_R	[50.38526087 12.46263043 53.18584783]
0.08	 -0.1	-0.02	-0.17	73_R	[48.20647619 18.64357143 53.18757143]
-0.13	 -0.01	-0.14	0.11	73_R	[46.45625 16.756   52.4843 ]
-0.05	 0.25	-0.16	-0.0	73_R	[49.07194118 17.82023529 50.84888235]
-0.12	 -0.22	-0.05	0.12	73_R	[47.17827273 17.56381818 49.34918182]
-0.22	 -1.11	0.11	0.34	73_R	[46.13688889 15.3782037  49.37805556]
-0.17	 -0.68	0.01	0.22	73_R	[48.72659524 16.57647619 47.86952381]
0.09	 0.34	0.02	-0.19	74_V	[51.67975    13.04603125 58.7099375 ]
0.19	 1.6	-0.03	-0.26	74_V	[53.45285714 14.01542857 57.65171429]
0.17	 0.96	0.08	-0.34	74_V	[54.80818182 13.42027273 57.44445455]
0.21	 1.63	0.23	-0.48	74_V	[53.319   13.45495 53.42775]
0.14	 -0.34	-0.07	-0.2	75_F	[51.81808333  9.71483333 55.54583333]
0.14	 0.91	0.03	-0.24	75_F	[51.417875 10.171    58.660625]
0.08	 0.96	0.01	-0.21	75_F	[52.52812903  8.94158065 57.89580645]
-0.22	 -0.84	-0.01	0.3	75_F	[52.15576923  7.38525641 58.919     ]
-0.15	 -0.84	-0.01	0.2	75_F	[49.98280556  8.1435     57.27563889]
-0.12	 -0.58	-0.09	0.13	75_F	[48.172       8.40016667 56.89216667]
-0.12	 -0.64	0.03	0.14	75_F	[49.01767647  9.50323529 54.91897059]
-0.14	 -0.84	0.07	0.1	75_F	[47.98391429 10.04102857 58.74468571]
-0.15	 -0.46	0.05	0.17	75_F	[47.12796875 10.80275    54.47071875]
-0.16	 -0.65	0.04	0.24	75_F	[46.30379412 11.28652941 58.43808824]
-0.15	 -0.56	0.01	0.16	75_F	[45.70075862 11.7492069  56.33703448]
0.14	 0.76	-0.15	-0.14	76_I	[54.81345455  7.23945455 59.22509091]
0.05	 -0.41	-0.06	-0.12	76_I	[53.97586667  9.5746     61.29786667]
-0.01	 0.3	-0.17	-0.09	76_I	[54.27313333 11.7758     60.03642222]
0.22	 1.56	0.26	-0.51	76_I	[56.4614375 11.911375  58.33575  ]
0.03	 0.25	-0.04	-0.11	76_I	[55.40368  7.20466 56.54532]
0.08	 1.06	-0.11	-0.14	77_P	[54.59925  8.70125 61.70225]
0.13	 1.0	-0.08	-0.16	77_P	[54.43677778  9.77422222 62.86933333]
0.19	 1.39	0.26	-0.51	77_P	[57.17495652 12.55073913 60.17678261]
0.12	 0.74	-0.05	-0.21	77_P	[56.07431579  9.26321053 64.82384211]
-0.15	 -0.9	0.01	0.2	77_P	[56.64169811  7.25475472 63.37103774]
-0.07	 -0.25	-0.06	0.05	77_P	[55.94122581  7.04858065 60.67829032]
0.09	 0.75	-0.06	-0.17	78_L	[55.2248125  14.313375   61.27578125]
0.2	 1.66	0.24	-0.5	78_L	[56.41011765 15.67547059 59.60694118]
0.2	 1.09	0.06	-0.34	78_L	[53.39009524 16.05566667 61.15409524]
0.18	 1.64	0.18	-0.46	81_G	[64.12061538 20.09353846 68.34553846]
0.05	 0.01	0.04	-0.17	82_G	[63.92411538 22.07157692 69.73142308]
-0.07	 -0.17	-0.07	0.06	82_G	[65.00817949 23.82620513 68.11761538]
0.02	 0.1	-0.06	-0.14	82_G	[63.406875  26.2550625 68.723375 ]
0.14	 0.74	-0.03	-0.22	82_G	[61.14936842 26.53063158 68.807     ]
-0.22	 -1.32	0.09	0.29	83_G	[64.67836842 24.86836842 70.90231579]
-0.07	 -0.13	-0.13	0.03	83_G	[63.58395238 26.67492857 71.99921429]
0.11	 1.42	0.19	-0.45	83_G	[63.01485714 25.17       73.696     ]
0.11	 0.31	0.01	-0.21	83_G	[60.16662069 27.08848276 73.07217241]
0.1	 0.67	0.01	-0.22	84_V	[62.94741667 23.294375   72.44725   ]
0.12	 1.21	0.25	-0.51	84_V	[62.7994     24.36006667 74.75913333]
0.11	 0.5	-0.01	-0.24	84_V	[63.11421739 22.54756522 74.76265217]
-0.03	 0.09	0.01	-0.05	85_R	[60.65331579 25.07363158 79.64771053]
0.02	 -0.12	-0.05	0.03	85_R	[60.77877778 27.34494444 77.54713889]
0.18	 1.41	0.16	-0.41	85_R	[63.34940741 26.22959259 75.80911111]
-0.17	 -0.59	-0.08	0.17	85_R	[61.55675556 29.24573333 75.75815556]
0.1	 0.84	-0.13	-0.18	85_R	[62.7906     29.43813333 73.49756667]
-0.01	 0.43	0.0	-0.04	85_R	[64.7418  29.45575 74.9626 ]
-0.11	 -0.2	-0.59	0.49	85_R	[65.70393333 27.36257333 75.91857333]
-0.25	 -0.83	-0.06	0.36	85_R	[65.28844828 29.62701724 73.1125    ]
-0.09	 -0.45	-0.04	0.04	86_S	[57.49816667 25.57656667 80.0051    ]
0.06	 0.6	0.02	-0.13	86_S	[56.14796296 26.60803704 77.73544444]
0.24	 1.77	0.12	-0.36	87_L	[56.527  22.6602 80.7558]
0.01	 0.14	-0.04	-0.14	87_L	[53.74234615 21.93615385 81.13523077]
-0.01	 -0.17	-0.07	-0.04	87_L	[53.67735714 19.64602381 83.12952381]
0.2	 1.45	0.21	-0.47	87_L	[51.6455     20.20391667 81.08625   ]
0.13	 0.86	-0.01	-0.26	88_E	[51.01664706 23.95223529 77.36029412]
0.14	 1.68	0.26	-0.51	88_E	[53.01191667 25.56566667 74.89075   ]
0.15	 0.85	0.17	-0.39	88_E	[50.95244444 23.48862963 75.37696296]
-0.05	 0.09	-0.13	0.03	88_E	[52.40413725 26.22784314 76.50770588]
-0.16	 -0.71	0.02	0.21	88_E	[51.31866667 26.10021429 79.30992857]
-0.19	 -0.92	-0.03	0.24	88_E	[52.67364286 26.16585714 81.36607143]
-0.05	 -0.32	0.03	0.02	88_E	[53.95643243 24.57918919 81.13997297]
-0.27	 -0.86	0.14	0.42	88_E	[54.08151351 27.65540541 80.37575676]
0.13	 1.26	-0.03	-0.28	89_D	[54.07525  25.81525  75.332875]
0.16	 1.68	0.16	-0.43	89_D	[53.93375    25.82933333 73.99333333]
0.07	 0.79	-0.06	-0.19	89_D	[56.7469  26.8032  74.68525]
-0.04	 0.39	-0.18	-0.02	89_D	[55.70168085 27.36355319 72.9857234 ]
-0.02	 0.35	-0.09	0.01	89_D	[58.15830769 27.13946154 75.56846154]
0.11	 1.53	0.12	-0.41	91_R	[50.19566667 22.40416667 75.70366667]
0.0	 0.04	-0.07	-0.13	91_R	[48.74890476 22.15333333 74.54342857]
-0.11	 -0.47	0.03	0.11	91_R	[47.24584615 19.98464103 76.18497436]
-0.04	 0.2	0.1	-0.03	91_R	[48.91137037 22.47962963 77.12188889]
-0.13	 -0.5	-0.04	0.14	91_R	[47.49891667 21.30183333 79.15958333]
-0.1	 -0.25	0.01	0.11	91_R	[48.30294872 18.88379487 79.30574359]
-0.11	 -0.22	-0.06	0.12	91_R	[49.85598246 22.37796491 80.0034386 ]
0.09	 0.31	-0.01	-0.19	92_K	[49.05690476 22.75557143 71.75933333]
0.13	 0.38	0.08	-0.3	92_K	[49.41641176 22.66117647 69.09288235]
0.16	 1.14	0.1	-0.33	92_K	[49.9505 24.258  70.0909]
-0.01	 0.15	-0.1	-0.08	92_K	[49.6367907  24.97872093 72.99865116]
0.08	 0.77	-0.04	-0.21	92_K	[52.38265854 26.98263415 72.13029268]
-0.19	 -0.83	-0.09	0.31	92_K	[50.65192453 27.97698113 73.59977358]
-0.3	 -1.26	0.19	0.47	92_K	[48.21041667 27.5964375  72.80545833]
0.14	 2.24	-0.06	-0.2	94_L	[49.2396 16.437  70.524 ]
-0.04	 -0.31	0.0	0.04	94_L	[49.18106452 16.09596774 68.44512903]
0.09	 0.6	0.02	-0.14	94_L	[50.67963333 15.94083333 71.61396667]
0.17	 1.12	0.08	-0.34	94_L	[52.5379375 14.547125  72.83425  ]
0.12	 -0.0	0.01	-0.18	94_L	[52.89485 14.1515  70.68055]
0.01	 0.6	-0.1	-0.05	95_L	[46.95008333 17.58108333 69.427     ]
0.08	 0.79	-0.08	-0.16	95_L	[47.284      20.67375    68.11741667]
-0.18	 -0.6	0.07	0.29	95_L	[46.5097381  18.62752381 67.30071429]
-0.02	 0.02	0.04	-0.01	95_L	[47.25226087 21.05504348 69.89778261]
-0.19	 -0.64	-0.0	0.24	95_L	[45.369      18.91773684 71.18715789]
-0.08	 -0.28	-0.05	0.12	95_L	[47.42210606 17.34572727 72.83109091]
-0.17	 -0.73	0.03	0.23	95_L	[46.06905263 21.01310526 72.8474386 ]
-0.03	 -0.14	-0.09	0.06	96_S	[47.66392857 21.05214286 65.86392857]
0.06	 0.44	-0.03	-0.17	96_S	[47.3994 18.7088 65.3934]
0.01	 0.11	-0.03	0.0	96_S	[47.68996552 18.96337931 63.5137931 ]
0.13	 1.74	0.07	-0.36	96_S	[48.3332 21.9824 65.071 ]
-0.02	 -0.22	0.0	-0.02	96_S	[48.773      22.8455     66.45661765]
-0.03	 -0.03	-0.04	0.03	97_G	[48.99126471 16.28135294 64.99979412]
0.11	 0.47	-0.06	-0.15	97_G	[50.899      14.77633333 65.53233333]
0.0	 0.38	-0.06	-0.08	97_G	[51.70173529 14.65602941 63.38264706]
0.07	 0.08	0.08	-0.21	98_A	[51.56384 14.48144 67.66412]
0.11	 0.86	-0.03	-0.08	99_D	[52.91507692 12.48746154 68.08823077]
-0.0	 0.11	-0.01	-0.09	99_D	[54.51094595 11.5062973  69.74562162]
-0.02	 0.01	-0.0	0.01	99_D	[54.62652 10.35784 66.77032]
-0.02	 0.32	-0.02	-0.12	99_D	[53.34461905 10.65338095 64.5242381 ]
-0.02	 -0.09	-0.1	-0.07	99_D	[53.384      12.03308333 63.02166667]
-0.25	 -0.82	0.1	0.36	99_D	[51.68409524 11.51735714 65.36219048]
0.18	 1.04	0.12	-0.34	100_K	[56.90173333 10.0724     68.42213333]
0.11	 0.94	-0.07	-0.21	100_K	[60.14535294  9.53770588 69.43388235]
-0.01	 0.05	-0.01	-0.06	100_K	[58.4429    8.6831   67.039825]
0.0	 -0.16	-0.09	-0.02	100_K	[60.8032   7.48676 66.96448]
0.18	 1.54	0.23	-0.49	102_S	[64.9425   19.0795   71.866875]
0.07	 0.64	-0.08	-0.19	102_S	[63.57605556 20.56263889 71.47247222]
0.12	 0.73	-0.03	-0.23	102_S	[64.34152941 19.01511765 69.24470588]
0.12	 0.75	0.08	-0.32	102_S	[65.47672727 17.81272727 69.58193939]
0.18	 1.67	0.21	-0.47	103_V	[63.68533333 20.6944     73.79446667]
0.05	 0.29	-0.01	-0.16	104_N	[65.24292308 21.29926923 74.65157692]
-0.02	 0.08	-0.02	-0.03	104_N	[67.23474419 20.98425581 72.60104651]
0.1	 0.95	-0.01	-0.26	104_N	[70.70185185 21.76307407 73.12540741]
-0.08	 -0.29	-0.0	0.04	104_N	[69.74313333 20.52136667 71.0438    ]
0.18	 0.59	-0.02	-0.22	105_S	[67.13363636 22.74490909 74.842     ]
0.12	 1.68	0.21	-0.48	105_S	[67.71516667 25.09416667 77.71583333]
-0.01	 0.25	-0.35	0.11	105_S	[68.64542308 25.65580769 75.64780769]
0.08	 0.16	-0.05	-0.16	105_S	[70.35721875 23.95884375 73.760875  ]
-0.04	 1.06	-0.48	-0.14	106_A	[66.27553333 24.29803333 76.51066667]
-0.03	 -0.17	-0.16	-0.02	106_A	[66.12890476 24.99152381 78.74414286]
0.18	 1.24	0.07	-0.29	106_A	[64.669      23.20483333 81.06733333]
0.1	 0.9	0.04	-0.23	106_A	[64.06332692 24.41640385 77.46492308]
0.22	 1.51	0.3	-0.54	108_V	[70.69276471 19.04235294 81.85805882]
0.1	 1.56	0.14	-0.43	108_V	[70.58557143 22.18357143 82.94614286]
-0.02	 -0.32	-0.06	0.01	108_V	[69.88189189 20.53564865 83.71745946]
0.03	 0.17	-0.05	-0.08	108_V	[72.39158333 22.06661111 81.68058333]
0.01	 -0.41	-0.06	0.01	109_R	[69.81622222 24.05872222 83.43133333]
0.11	 1.44	0.09	-0.4	109_R	[67.54591667 23.659      84.22316667]
-0.19	 -0.66	0.0	0.26	109_R	[67.63878049 23.60160976 85.36941463]
-0.1	 -0.53	-0.05	0.14	109_R	[66.93240741 25.39633333 82.39462963]
-0.12	 -0.62	0.04	0.12	109_R	[68.67121429 26.6357619  81.58911905]
0.06	 -0.16	-0.06	-0.02	109_R	[71.20844444 24.63388889 81.89733333]
-0.04	 -0.17	-0.01	0.0	109_R	[72.09094118 25.95938235 80.92870588]
-0.14	 0.55	-0.06	0.15	109_R	[70.62775  28.341375 80.630875]
-0.12	 -0.29	0.18	0.18	109_R	[69.18969388 27.32202041 78.20422449]
-0.11	 -0.32	0.05	0.12	109_R	[72.30607692 28.49342308 79.06282692]
0.11	 1.1	-0.14	-0.1	110_R	[65.8046 21.7827 85.9288]
0.02	 -0.27	-0.09	-0.04	110_R	[64.25491892 23.5597027  83.49764865]
-0.02	 -0.11	0.01	-0.04	110_R	[64.13180645 22.07977419 86.44745161]
-0.14	 -0.57	0.06	0.15	110_R	[61.9445     23.65134211 84.77636842]
-0.01	 0.18	-0.08	-0.03	110_R	[60.64330769 22.17561538 86.75384615]
-0.12	 -0.3	-0.05	0.13	110_R	[59.47054545 23.12481818 85.60509091]
-0.11	 -0.01	-0.02	-0.0	110_R	[59.20281395 23.0947907  82.76165116]
-0.02	 0.03	-0.04	-0.05	110_R	[58.50722581 21.12909677 86.08374194]
0.16	 1.6	0.21	-0.47	111_P	[64.7        15.99505556 85.53066667]
0.04	 0.52	-0.1	-0.14	111_P	[67.14703448 15.99613793 85.45775862]
-0.19	 -0.73	-0.12	0.28	111_P	[67.35355769 17.95838462 86.58148077]
0.01	 0.1	-0.09	-0.09	111_P	[67.19872093 19.74106977 85.69139535]
0.15	 1.03	0.04	-0.56	112_E	[62.84887879 15.9340303  86.28078788]
0.19	 1.32	0.42	-0.64	112_E	[60.46076923 19.26823077 87.19984615]
0.01	 0.5	0.04	-0.22	112_E	[64.22498387 18.05583871 87.67808065]
-0.05	 -0.06	-0.27	0.12	112_E	[63.23257143 19.50834286 88.80197143]
-0.31	 -1.09	0.22	0.5	112_E	[63.63284615 18.95330769 90.67453846]
-0.18	 -0.34	-0.08	0.16	112_E	[61.616975 20.753675 88.42405 ]
0.21	 1.64	0.12	-0.36	113_L	[61.78825    22.38629167 80.61779167]
0.14	 2.11	0.16	-0.41	115_R	[58.7981 11.8735 83.6485]
0.21	 1.58	0.15	-0.4	115_R	[57.4461875 11.796125  83.441625 ]
0.17	 0.9	0.16	-0.42	115_R	[61.36235484 13.34167742 85.85922581]
-0.14	 -0.23	-0.07	0.16	115_R	[58.99929032 11.90045161 86.37677419]
-0.06	 -0.02	0.02	-0.01	115_R	[57.19959459 14.20708108 87.04162162]
-0.12	 -0.47	-0.11	0.06	115_R	[60.51384 14.24836 88.093  ]
-0.13	 -0.34	-0.04	0.14	115_R	[58.85025    15.45058333 89.42091667]
-0.09	 -0.17	0.04	0.04	115_R	[58.39911628 17.61967442 88.08051163]
-0.17	 -0.54	0.05	0.24	115_R	[61.00817949 16.21       89.56197436]
0.15	 1.15	0.05	-0.27	116_E	[55.29304762 15.62871429 84.09414286]
0.12	 1.67	0.07	-0.31	116_E	[55.13042857 17.53507143 84.01392857]
0.12	 0.39	-0.02	-0.15	116_E	[56.46993333 17.14853333 85.59453333]
0.11	 1.76	-0.12	-0.14	116_E	[55.53718182 19.51127273 84.72590909]
0.09	 0.43	0.03	-0.19	116_E	[56.85256 21.21484 83.01588]
-0.23	 -0.74	0.04	0.32	116_E	[56.31011111 19.84491667 86.31147222]
0.03	 0.11	-0.1	-0.06	118_A	[55.92628571 10.20414286 81.91685714]
-0.04	 0.12	-0.01	-0.01	118_A	[54.36283871  9.45674194 80.45132258]
0.09	 0.47	-0.03	-0.11	118_A	[57.87763889  9.86841667 81.15725   ]
0.1	 1.56	0.11	-0.37	119_D	[56.14942857 11.12428571 82.74857143]
0.0	 0.25	-0.06	-0.01	119_D	[54.29128571 10.36085714 83.02778571]
0.13	 1.3	0.35	-0.59	119_D	[52.16690909 12.54990909 83.48709091]
-0.15	 -0.5	-0.02	0.21	119_D	[51.60495122 10.92885366 82.07065854]
0.05	 0.43	0.02	-0.29	119_D	[53.78128571 13.66914286 84.46978571]
-0.11	 -0.22	-0.11	0.12	119_D	[54.80588889 11.84707407 85.51411111]
-0.23	 -0.71	0.06	0.4	119_D	[52.95215556 11.29844444 85.48533333]
-0.14	 -0.47	-0.06	0.15	119_D	[56.20263636 11.38339394 85.77163636]
0.05	 0.67	-0.09	-0.07	120_H	[50.14492308 13.36376923 80.96976923]
0.16	 1.4	0.34	-0.63	120_H	[50.98153333 12.35906667 79.04446667]
-0.21	 -0.57	0.04	0.31	120_H	[49.96630769 11.86176923 78.74512821]
0.08	 0.53	0.09	-0.22	120_H	[50.17186364 15.68118182 79.46513636]
-0.07	 -1.1	-0.04	0.11	120_H	[49.78483333 15.26966667 81.47333333]
-0.06	 0.47	-0.16	0.06	120_H	[49.48222222 17.06788889 80.90911111]
-0.05	 0.05	-0.23	0.15	120_H	[51.68088571 14.46691429 83.68588571]
-0.14	 -0.8	-0.03	0.21	120_H	[50.1438125  18.248125   82.81785417]
-0.14	 -0.52	0.09	0.22	120_H	[51.76444118 16.55226471 84.28023529]
0.04	 -0.29	-0.08	-0.06	121_F	[50.65441667 11.98408333 76.47916667]
-0.08	 -0.6	-0.13	0.06	121_F	[51.5265 10.1162 77.2609]
-0.08	 -0.44	-0.02	0.08	121_F	[52.15246667  9.86143333 74.97483333]
0.06	 0.03	0.01	-0.1	121_F	[52.07817647 12.97088235 74.33111765]
-0.05	 0.02	0.01	-0.03	121_F	[50.28369767 14.93983721 75.28134884]
0.0	 0.08	-0.09	-0.07	121_F	[49.56759375 16.902125   76.59890625]
0.1	 2.0	0.01	-0.23	122_G	[52.57457143 10.191      78.859     ]
-0.14	 -0.19	0.04	0.16	122_G	[53.3803   8.2577  77.98265]
0.06	 0.21	-0.02	-0.11	123_A	[56.07644444  7.68461111 78.38833333]
0.14	 1.55	0.17	-0.43	123_A	[59.04166667  6.636      74.9895    ]
0.19	 1.45	0.26	-0.52	123_A	[59.90409091  8.87554545 73.64127273]
-0.15	 -0.67	0.0	0.18	123_A	[58.62066129  6.24854839 77.71248387]
0.17	 1.26	-0.1	-0.18	124_Q	[57.925625  6.072625 74.879125]
-0.1	 0.03	-0.27	0.12	124_Q	[58.72108  6.91028 73.0234 ]
0.06	 1.03	-0.04	-0.21	124_Q	[57.82757692  9.08465385 72.33965385]
-0.01	 0.18	-0.07	-0.1	124_Q	[57.52845098  9.27196078 70.724     ]
-0.18	 -1.02	0.01	0.25	124_Q	[56.49359459  6.09135135 71.66416216]
-0.2	 -0.96	0.07	0.26	124_Q	[55.530725  4.874575 73.78255 ]
-0.19	 -0.6	-0.05	0.22	124_Q	[53.29    5.7305 73.9665]
-0.15	 -0.67	0.05	0.18	124_Q	[53.7273871   6.35251613 75.97180645]
-0.15	 -0.6	0.05	0.21	124_Q	[53.3895      8.00034211 72.79921053]
0.1	 1.06	0.38	-0.66	125_A	[55.549875 10.28675  71.51875 ]
0.04	 0.33	-0.03	-0.15	125_A	[54.07316667 11.53996667 72.47596667]
0.15	 1.0	0.19	-0.38	126_V	[60.02615789 10.99847368 72.348     ]
0.13	 1.55	0.12	-0.37	126_V	[61.22658333  9.98304167 73.00379167]
0.21	 1.34	0.19	-0.43	127_V	[60.94161538 10.78976923 70.70142308]
-0.03	 0.5	-0.12	0.0	129_A	[68.37182857 17.66165714 70.05874286]
0.22	 1.51	0.29	-0.54	130_I	[71.00105882 16.64847059 70.78364706]
0.18	 1.34	0.34	-0.58	130_I	[72.0097 16.5758 70.5476]
0.16	 1.54	0.35	-0.59	130_I	[72.4745    16.1834375 69.7041875]
0.11	 0.24	0.02	-0.23	131_D	[73.931   21.34105 69.20325]
0.02	 0.41	0.01	-0.14	131_D	[72.43553659 18.61841463 68.93634146]
-0.03	 0.24	-0.15	-0.05	131_D	[72.2503617  21.52797872 70.83393617]
0.09	 1.33	0.08	-0.39	133_R	[83.79057143 18.87       73.25085714]
0.16	 1.71	0.15	-0.39	133_R	[83.10538095 18.78890476 74.37490476]
0.14	 1.37	0.15	-0.36	133_R	[83.1545     20.09914286 72.95121429]
0.13	 1.04	-0.06	-0.21	133_R	[84.6566 19.9128 71.3738]
-0.17	 -0.84	-0.04	0.28	133_R	[84.12830233 22.08881395 71.27306977]
0.2	 0.79	-0.07	-0.22	133_R	[82.18669231 23.81261538 71.26807692]
-0.03	 -0.44	-0.14	0.06	133_R	[82.06881818 23.94890909 69.19872727]
-0.05	 -0.24	0.0	0.08	133_R	[82.378525 22.3105   67.61355 ]
0.12	 0.59	0.05	-0.27	133_R	[79.81428571 24.379      68.73704762]
0.1	 1.46	0.09	-0.33	134_W	[84.99159091 18.71809091 73.58713636]
-0.15	 -0.15	-0.13	0.16	134_W	[86.48693333 18.60553333 71.96728889]
-0.0	 0.32	-0.05	-0.07	134_W	[86.71457143 15.49809524 70.9455    ]
0.15	 1.8	-0.19	-0.1	134_W	[86.611  13.5028 70.598 ]
-0.01	 0.1	-0.06	-0.04	134_W	[85.17463158 14.16852632 68.97668421]
0.17	 1.13	0.15	-0.4	134_W	[84.78904762 11.483      69.16047619]
0.16	 1.4	0.05	-0.3	134_W	[85.04934483 10.09465517 75.0822069 ]
0.21	 1.81	0.06	-0.34	134_W	[84.98211111  9.19455556 73.98355556]
-0.07	 -0.21	-0.12	0.06	135_R	[87.41927778 18.99816667 74.69594444]
0.08	 0.57	-0.18	-0.07	135_R	[89.26746154 17.89215385 76.35884615]
0.03	 0.13	-0.0	-0.08	135_R	[88.90625 16.3687  77.7043 ]
0.06	 0.65	-0.05	-0.17	135_R	[85.08326087 19.19078261 75.97426087]
-0.18	 -1.04	0.04	0.25	135_R	[87.7612     19.90294286 77.23362857]
-0.1	 -0.56	-0.03	0.11	135_R	[88.04878788 18.56566667 79.79736364]
0.08	 -0.28	-0.01	-0.09	135_R	[85.80784615 20.60815385 79.54553846]
-0.18	 -0.6	-0.02	0.21	135_R	[86.32   20.3727 81.4377]
-0.21	 -0.87	0.09	0.28	135_R	[86.47484783 18.02023913 82.36152174]
-0.12	 -0.07	0.01	0.14	135_R	[84.14820588 20.07267647 82.00402941]
-0.12	 -0.41	0.01	0.05	136_G	[89.11045 17.12625 73.7585 ]
-0.25	 -1.27	0.15	0.38	136_G	[90.97338095 15.86845238 74.81966667]
0.08	 0.38	-0.25	-0.02	136_G	[90.7469 13.7024 74.4054]
0.03	 0.31	-0.07	-0.12	136_G	[88.783375   13.53528125 72.9031875 ]
-0.01	 -0.17	0.03	-0.1	137_D	[89.9114  13.8994  76.85756]
0.05	 0.09	-0.13	-0.04	137_D	[88.0934 13.1285 78.2298]
-0.13	 -0.51	0.0	0.15	137_D	[86.61364865 11.15245946 77.90759459]
-0.15	 -0.66	-0.05	0.18	137_D	[89.86134146 11.00563415 77.21363415]
-0.01	 0.19	0.14	-0.17	137_D	[90.18168 10.27476 74.52664]
-0.23	 -0.73	0.05	0.35	137_D	[91.33864444 11.00266667 74.15151111]
-0.14	 -0.04	-0.01	0.08	137_D	[88.73155263  9.13002632 74.65815789]
0.19	 1.42	0.18	-0.45	138_F	[84.969      12.52414286 78.82471429]
0.04	 0.06	-0.01	-0.09	138_F	[86.96445833 14.93029167 79.47491667]
-0.06	 0.0	-0.09	0.08	138_F	[84.92204878 13.78290244 80.94536585]
-0.11	 -0.69	-0.01	0.17	138_F	[83.23712121 14.45775758 82.40860606]
0.1	 0.94	0.01	-0.25	138_F	[82.31925    16.29996429 82.3475    ]
0.16	 0.91	-0.06	-0.23	139_P	[83.85234783 11.01247826 77.68986957]
0.2	 1.55	0.26	-0.51	140_E	[82.92025    19.12433333 75.96708333]
-0.0	 0.23	-0.03	-0.06	140_E	[83.5644878  21.23363415 77.56087805]
0.06	 -0.49	0.03	-0.14	140_E	[82.17447059 22.07041176 80.18658824]
0.16	 1.17	0.24	-0.52	142_H	[72.96355 21.626   73.4875 ]
0.14	 1.84	0.13	-0.41	142_H	[80.83958333 24.871      73.61641667]
0.08	 0.69	0.02	-0.21	142_H	[82.47156522 21.26521739 74.93521739]
-0.02	 -0.08	-0.11	0.01	142_H	[81.96475862 23.69917241 73.88524138]
0.14	 1.55	0.14	-0.39	143_V	[72.85484211 23.04715789 73.80868421]
0.14	 1.49	0.2	-0.45	143_V	[72.66133333 24.186      73.35166667]
0.22	 1.33	0.14	-0.4	143_V	[74.12894118 25.63264706 79.19441176]
-0.11	 -0.5	-0.16	0.16	144_A	[70.75768182 27.173      73.67904545]
-0.1	 -0.76	-0.04	0.09	144_A	[72.06155556 28.16866667 71.745     ]
-0.05	 0.04	-0.06	0.05	144_A	[73.63325 28.729   71.66725]
-0.08	 -0.38	0.08	0.05	144_A	[72.36696078 28.7072549  74.84415686]
-0.12	 -0.38	-0.16	0.11	145_G	[71.46854167 25.40808333 71.77241667]
-0.2	 -0.96	-0.02	0.32	145_G	[72.40119565 25.79297826 69.4308913 ]
0.08	 0.89	-0.05	-0.18	145_G	[74.27031818 23.52059091 69.2875    ]
-0.05	 0.22	-0.03	-0.02	145_G	[75.74838298 25.76842553 68.52204255]
0.2	 1.51	0.26	-0.51	146_G	[73.54672727 23.33254545 71.87354545]
0.14	 1.22	0.03	-0.26	147_R	[78.34490909 28.71636364 74.19881818]
0.01	 0.17	-0.1	-0.09	147_R	[80.16306061 27.39387879 74.29833333]
-0.01	 -0.46	0.01	-0.05	147_R	[76.53752174 29.47017391 72.97273913]
-0.13	 -0.47	-0.0	0.16	147_R	[75.77587879 29.19315152 70.2039697 ]
-0.23	 -0.85	0.12	0.32	147_R	[78.15632432 29.72905405 69.65281081]
-0.02	 -0.25	0.02	-0.02	147_R	[78.72347619 26.92428571 69.18871429]
-0.1	 -0.32	-0.04	0.13	147_R	[80.78008333 28.33241667 69.75675   ]
-0.2	 -1.04	0.14	0.29	147_R	[80.76123256 29.29695349 71.93767442]
-0.09	 -0.2	-0.05	0.11	147_R	[81.43552381 26.2722619  70.95164286]
0.1	 0.3	0.06	-0.27	148_V	[78.22118182 28.39881818 76.43018182]
-0.1	 -0.67	-0.03	0.14	148_V	[76.70688525 27.84662295 79.2925082 ]
-0.12	 -0.62	0.03	0.17	148_V	[75.61406122 29.65714286 76.61267347]
0.1	 1.64	0.1	-0.29	149_P	[80.41215385 23.82884615 80.13461538]
-0.09	 -0.27	0.06	0.03	149_P	[78.65803226 25.50848387 80.32096774]
-0.0	 0.19	-0.08	-0.08	149_P	[82.17482759 23.66655172 77.99496552]
-0.2	 -0.94	0.08	0.31	149_P	[82.04485714 25.90122449 78.0377551 ]
-0.07	 -0.15	0.03	0.01	149_P	[80.55515152 26.93163636 76.81663636]
-0.06	 -0.16	-0.12	0.03	150_T	[77.77233333 23.89386667 81.56086667]
-0.09	 -0.42	-0.07	0.06	150_T	[79.51838462 23.06161538 82.06792308]
-0.11	 -0.39	0.05	0.15	150_T	[78.00551429 21.48017143 83.57822857]
0.0	 -0.47	-0.01	-0.09	150_T	[75.429      21.70242105 81.82863158]
0.09	 0.36	-0.02	-0.1	150_T	[75.14592 23.9918  80.24624]
0.11	 1.38	-0.02	-0.17	151_G	[80.77025  22.36125  81.255375]
-0.11	 -0.5	-0.01	0.12	151_G	[81.48946154 20.856      82.93711538]
0.21	 1.34	-0.07	-0.2	151_G	[79.149   19.4335  83.89575]
-0.1	 -0.52	-0.03	0.15	151_G	[80.60511628 17.90004651 83.71169767]
0.21	 1.64	-0.05	-0.24	152_L	[78.33257143 16.72642857 83.35485714]
0.09	 0.34	-0.03	-0.16	152_L	[75.08504545 15.78254545 82.54490909]
-0.16	 -1.0	0.02	0.23	152_L	[75.98942029 18.27289855 84.27030435]
0.05	 0.31	-0.03	-0.15	152_L	[73.29589189 18.63       82.43086486]
0.06	 0.49	-0.08	-0.13	153_H	[78.42010714 15.04810714 82.46825   ]
0.21	 1.37	0.35	-0.58	153_H	[76.45485 13.8187  81.4418 ]
0.04	 0.29	-0.11	-0.1	153_H	[79.85039286 13.16571429 82.75057143]
0.14	 1.55	-0.05	-0.17	153_H	[81.3029 11.4092 81.8972]
0.03	 1.0	-0.12	-0.06	153_H	[82.49855556 11.74322222 80.97044444]
0.12	 -0.23	-0.07	-0.13	153_H	[79.84642857  9.21607143 81.42635714]
-0.08	 -0.35	0.02	0.12	153_H	[82.59629032  9.75674194 79.49283871]
-0.01	 -0.44	0.01	0.0	153_H	[80.7510625  8.3653125 79.7351875]
0.29	 0.7	0.02	-0.3	155_V	[78.77314286  7.81228571 80.05342857]
-0.07	 -0.36	0.03	0.04	155_V	[77.60342857  6.5036     79.86325714]
0.11	 1.04	0.03	-0.29	155_V	[79.6186  6.7256 77.6335]
0.11	 0.63	-0.02	-0.22	156_E	[75.60704545  8.5175     82.27940909]
0.09	 0.47	-0.05	-0.18	156_E	[74.01036364 11.86518182 83.10445455]
0.07	 0.28	-0.03	-0.14	156_E	[73.13027778  9.8405     83.45366667]
-0.08	 -0.23	-0.05	-0.01	156_E	[76.19903571 11.67303571 83.54278571]
-0.15	 -0.85	0.01	0.1	156_E	[77.55660606  8.58548485 83.30427273]
-0.09	 -0.28	-0.08	0.08	156_E	[78.73152 10.61276 85.04648]
-0.29	 -0.96	0.19	0.45	156_E	[77.657775 11.1338   86.068975]
-0.24	 -0.9	0.08	0.35	156_E	[80.38994118 10.34323529 84.53041176]
0.18	 0.76	-0.04	-0.24	157_W	[75.32533333 13.042      82.04541667]
0.13	 1.06	-0.03	-0.2	157_W	[73.585125  13.851125  82.2655625]
0.09	 0.51	-0.07	-0.1	157_W	[72.108375  15.0454375 82.955125 ]
0.14	 0.35	0.01	-0.21	157_W	[70.03112121 16.83445455 83.14506061]
0.18	 1.3	0.17	-0.43	159_V	[70.94336842  5.84778947 80.13263158]
0.09	 0.96	0.02	-0.31	159_V	[70.4193  7.9806 83.7563]
0.16	 0.77	0.18	-0.42	159_V	[69.15760714  7.12071429 82.96917857]
0.09	 0.57	-0.07	-0.12	159_V	[73.35115385  7.63069231 82.97507692]
-0.18	 -0.75	-0.06	0.3	159_V	[71.59501429  5.5305     82.93574286]
0.04	 0.08	-0.05	0.0	159_V	[74.60996154  5.51392308 81.46211538]
0.13	 0.74	0.01	-0.25	160_K	[71.89771429  8.72885714 83.44142857]
0.03	 0.77	-0.16	-0.14	160_K	[70.8728125  8.8850625 84.1701875]
0.01	 0.94	-0.05	-0.1	160_K	[71.99226087 11.70756522 84.31704348]
-0.01	 -0.13	-0.07	-0.02	160_K	[70.05892 13.72396 84.99184]
-0.18	 -0.87	0.08	0.28	160_K	[69.9892973  12.30878378 86.77232432]
0.08	 1.01	0.05	-0.28	160_K	[68.62944444  9.80741667 86.06797222]
-0.29	 -1.05	0.04	0.42	160_K	[69.35153704  9.44768519 87.78475926]
0.04	 0.26	0.05	-0.09	162_V	[63.75203704  6.78766667 80.77503704]
0.1	 1.34	-0.05	-0.25	162_V	[69.01394737  5.798      79.74873684]
-0.06	 0.02	-0.05	0.04	162_V	[66.51051563  4.805375   79.85782812]
0.14	 1.36	0.19	-0.45	163_E	[67.3406  6.3625 82.5408]
-0.08	 -0.24	-0.1	0.08	163_E	[65.46008696  6.016      83.56791304]
0.18	 1.33	0.04	-0.29	163_E	[64.78042857  9.04571429 85.59      ]
-0.19	 -0.61	0.1	0.27	163_E	[63.02605405  7.57686486 84.51340541]
-0.11	 -0.34	-0.04	0.13	163_E	[67.08768254  7.30744444 85.45261905]
0.15	 0.69	0.0	-0.24	164_L	[62.53484211 10.61305263 85.06878947]
0.05	 0.32	-0.12	-0.04	164_L	[61.45     9.29375 83.52325]
0.04	 0.32	-0.09	-0.07	164_L	[60.34116 10.74872 83.72404]
0.1	 0.66	-0.05	-0.19	164_L	[66.52176 14.09112 85.65104]
-0.08	 -0.44	-0.08	0.03	164_L	[64.4262439  12.27635366 86.53691463]
-0.05	 -0.14	-0.07	0.02	165_G	[60.691375   8.2988125 80.9723125]
0.21	 1.76	0.17	-0.42	165_G	[61.85569231  7.86307692 79.12223077]
0.12	 -0.08	-0.01	-0.19	166_A	[62.925       6.80883333 77.74891667]
0.02	 0.2	0.0	-0.19	167_G	[60.97097561  7.0482439  74.59360976]
-0.0	 0.49	-0.3	0.0	167_G	[61.69523529  7.71388235 72.91435294]
0.03	 -0.43	0.03	-0.11	167_G	[62.73626087  5.60834783 73.04469565]
0.09	 1.13	0.1	-0.29	168_E	[62.5522963   8.31325926 70.82907407]
0.06	 -0.0	-0.07	-0.05	168_E	[62.59266667  7.00216667 69.14766667]
0.05	 -0.09	-0.07	-0.08	168_E	[61.454       8.46488889 69.07944444]
0.12	 1.82	0.06	-0.21	168_E	[62.95154545  6.24345455 67.90718182]
0.19	 1.09	0.16	-0.44	170_L	[70.71345 15.2769  69.5407 ]
0.08	 0.72	-0.04	-0.2	170_L	[66.65110256 16.25353846 66.60071795]
0.08	 0.05	-0.07	-0.14	170_L	[69.45693103 15.61872414 66.78503448]
0.02	 0.41	-0.0	-0.17	172_T	[71.79608333 16.44663889 67.28361111]
0.11	 0.55	0.02	-0.21	172_T	[74.01253333 18.24416667 65.37073333]
0.03	 0.27	0.01	-0.12	174_M	[80.45862857 20.86611429 64.88885714]
0.06	 0.51	0.01	-0.22	174_M	[75.46958974 21.48276923 67.36428205]
-0.16	 -0.54	-0.05	0.16	174_M	[77.93905455 23.50430909 66.49956364]
0.07	 -0.51	-0.09	-0.09	175_D	[83.34458824 19.73135294 65.79047059]
0.16	 1.16	0.19	-0.47	175_D	[82.65054167 18.12770833 63.63583333]
-0.16	 -0.48	-0.08	0.17	175_D	[83.98697619 18.02852381 63.26507143]
-0.02	 0.02	-0.1	0.0	175_D	[84.15533333 16.17130952 66.05938095]
-0.04	 0.03	-0.04	0.02	175_D	[85.46331818 17.31663636 68.46395455]
0.08	 1.28	0.35	-0.59	175_D	[85.21428571 16.23557143 68.97785714]
-0.15	 -0.18	0.08	0.2	175_D	[85.05531034 19.70413793 67.94931034]
0.14	 1.4	0.1	-0.4	176_R	[83.22038095 14.58157143 64.85833333]
0.02	 0.66	-0.1	-0.19	176_R	[83.692      14.95309091 62.15848485]
-0.04	 0.0	-0.07	-0.04	176_R	[84.37685714 13.04625714 63.80794286]
-0.07	 0.01	-0.06	-0.06	176_R	[85.349125 12.60125  61.334125]
-0.04	 -0.07	-0.15	0.02	176_R	[84.543      10.48569231 60.69842308]
-0.26	 -0.9	0.08	0.38	176_R	[85.39032727 10.34550909 63.43869091]
0.13	 1.07	-0.08	-0.19	177_D	[77.7132 20.9137 61.052 ]
-0.04	 0.02	-0.01	0.07	177_D	[80.04440909 20.82990909 61.39488636]
0.03	 0.52	-0.04	-0.13	177_D	[77.82589474 21.06526316 63.68036842]
-0.05	 0.25	-0.08	0.0	177_D	[75.7066087  20.3196087  61.97378261]
-0.2	 -0.7	0.04	0.26	177_D	[74.93548571 20.83408571 63.85314286]
-0.1	 -0.19	0.03	0.02	177_D	[75.02963636 18.27643182 61.67879545]
0.05	 0.53	-0.04	-0.18	178_G	[77.56422857 18.35622857 59.36202857]
-0.21	 -0.89	0.0	0.29	178_G	[78.03042857 20.40367347 58.06308163]
0.01	 0.87	-0.05	-0.21	178_G	[80.00794444 20.28877778 57.8735    ]
-0.24	 -0.86	0.12	0.38	178_G	[80.75497297 21.06797297 57.2267027 ]
-0.05	 0.07	-0.18	0.02	179_T	[82.5668 19.4708 56.9948]
0.16	 0.68	0.0	-0.24	179_T	[81.38641667 18.49041667 55.51508333]
-0.12	 -0.38	-0.01	0.15	179_T	[83.3838125  17.37703125 55.3123125 ]
0.18	 1.1	0.2	-0.41	179_T	[83.8748  17.01168 59.2078 ]
-0.07	 -0.12	-0.01	0.0	179_T	[83.38452381 18.90822222 60.47106349]
0.18	 1.47	0.12	-0.38	180_K	[79.28862069 16.7322069  57.00827586]
0.14	 1.89	0.06	-0.31	180_K	[83.1005   15.04075  54.727125]
-0.03	 -0.17	-0.03	-0.05	180_K	[82.1095     13.02771875 53.86003125]
-0.08	 -0.12	-0.09	0.01	180_K	[81.46648387 16.01819355 53.23758065]
-0.01	 -0.26	-0.13	-0.04	180_K	[78.80139394 17.54724242 54.32669697]
-0.1	 -0.38	-0.02	0.11	180_K	[79.87637209 16.63153488 51.45869767]
-0.19	 0.13	0.23	0.03	180_K	[77.19657143 18.2096     51.97251429]
-0.22	 -0.63	0.01	0.25	180_K	[78.43453659 18.44185366 49.63839024]
-0.02	 0.21	-0.05	-0.02	181_E	[83.94917647 12.397      55.63994118]
0.09	 1.36	0.25	-0.51	181_E	[83.8602 11.1102 56.3302]
-0.13	 -1.02	0.01	0.16	181_E	[84.37157692 10.45203846 57.64384615]
-0.03	 -0.73	-0.03	0.01	181_E	[85.58332 12.79512 58.11612]
-0.1	 -0.6	-0.1	0.09	181_E	[85.21585185 15.20003704 55.83322222]
-0.07	 -0.18	-0.11	0.03	181_E	[86.56193939 15.74809091 57.79275758]
-0.16	 -0.32	-0.05	0.19	181_E	[86.13284314 15.57903922 59.75356863]
-0.31	 -1.16	0.24	0.5	181_E	[87.85407692 15.93907692 56.67166667]
0.11	 0.53	-0.06	-0.21	182_G	[81.97595652  9.21786957 59.02369565]
0.2	 1.52	0.31	-0.55	183_Y	[80.5708   8.49355 60.2305 ]
0.13	 0.63	-0.02	-0.23	183_Y	[82.3117037   8.61488889 62.39962963]
0.17	 1.36	0.22	-0.48	184_D	[82.91523529  9.94988235 65.32294118]
0.03	 0.49	-0.18	-0.11	184_D	[83.50704167 11.08891667 66.82895833]
0.14	 1.46	0.05	-0.32	184_D	[83.47764706  9.42994118 67.22052941]
0.12	 0.8	0.01	-0.22	184_D	[83.1242963 13.2297037 66.997    ]
0.08	 0.6	-0.14	-0.16	185_L	[82.95908696  8.17847826 65.16886957]
0.03	 0.38	-0.1	-0.09	185_L	[83.56448276  5.93734483 65.0282069 ]
0.15	 1.83	0.06	-0.34	185_L	[81.1373125  3.2309375 63.91775  ]
0.22	 1.12	0.09	-0.37	185_L	[81.16778947  6.91347368 61.24063158]
-0.14	 -0.53	-0.05	0.2	185_L	[83.19471014  4.27089855 62.44872464]
0.12	 0.65	-0.03	-0.2	186_R	[83.33412  5.26652 69.87336]
0.17	 1.38	0.19	-0.44	186_R	[81.97953333  4.92773333 70.94346667]
0.11	 0.82	0.06	-0.26	186_R	[84.20876471  6.84976471 71.11652941]
-0.09	 -0.35	-0.18	0.19	186_R	[85.2734      6.62982222 67.80751111]
-0.18	 -1.0	0.0	0.24	186_R	[86.68064865  8.86521622 68.15751351]
-0.05	 -0.0	-0.03	0.02	186_R	[86.76388462  7.31738462 70.91223077]
-0.12	 -0.44	-0.05	0.13	186_R	[88.76736364  8.69954545 70.56290909]
-0.07	 -0.1	-0.03	0.05	186_R	[87.90260606 11.17727273 70.38987879]
-0.07	 -0.09	-0.02	0.03	186_R	[87.473       8.60333333 72.85966667]
0.2	 1.56	0.28	-0.51	189_R	[78.30082857  1.86917143 72.3442    ]
0.14	 1.39	0.26	-0.52	189_R	[81.67616667  3.70941667 70.80583333]
0.03	 0.18	-0.33	0.08	189_R	[80.22410204  1.19563265 71.80430612]
-0.17	 -0.83	0.03	0.22	189_R	[81.18932653  0.10818367 69.88704082]
-0.1	 -0.47	0.07	0.05	189_R	[83.20648  2.23308 69.81656]
-0.11	 -0.43	-0.03	0.15	189_R	[83.54846154  0.42761538 67.90923077]
-0.13	 -0.29	-0.09	0.13	189_R	[81.41689796  0.56663265 66.36089796]
-0.09	 -0.28	-0.11	0.22	189_R	[84.19339655  2.8537069  67.16894828]
-0.01	 1.01	-0.17	-0.01	190_M	[79.54318182  3.21940909 74.42136364]
0.14	 0.47	0.08	-0.18	190_M	[78.15313636  4.05545455 76.30059091]
0.12	 1.27	-0.02	-0.2	190_M	[80.32307692  5.29192308 75.89161538]
-0.1	 -0.14	-0.03	0.07	190_M	[82.33025   4.653775 73.363275]
-0.07	 -0.11	0.0	0.03	190_M	[84.122       7.03465625 74.0345625 ]
-0.11	 -0.74	0.04	0.15	190_M	[82.67465385  6.96334615 76.96376923]
0.11	 1.87	0.18	-0.47	192_A	[72.55671429  2.757      71.98828571]
0.04	 0.19	-0.14	-0.1	192_A	[74.5136  0.8691 72.2654]
-0.09	 -0.15	0.03	0.01	192_A	[72.33659259  1.43033333 73.41925926]
0.05	 0.49	-0.08	-0.14	192_A	[74.12453125  1.9085625  70.71665625]
0.14	 1.24	0.04	-0.3	193_E	[75.89188889  1.155      72.35888889]
-0.06	 -0.87	-0.1	0.04	193_E	[74.67906667 -0.2742     74.1484    ]
0.09	 1.25	0.07	-0.29	193_E	[74.76405882  0.69076471 76.19905882]
-0.22	 -1.02	0.01	0.28	193_E	[74.31809375 -0.10721875 77.2071875 ]
0.07	 0.2	-0.06	-0.1	193_E	[77.73135   0.652425 74.372275]
-0.18	 -0.72	-0.04	0.19	193_E	[76.49543182 -1.69056818 75.16797727]
-0.12	 -0.27	-0.02	0.11	193_E	[78.87028125 -1.70853125 74.8433125 ]
-0.28	 -1.07	0.22	0.48	193_E	[78.85048837 -3.53593023 75.35853488]
-0.19	 -0.5	-0.5	0.62	193_E	[80.05012766 -0.37223404 74.41885106]
0.13	 1.31	0.17	-0.41	194_A	[76.84963636  2.40590909 76.64681818]
-0.09	 -0.23	-0.09	0.09	194_A	[75.53238889  1.93838889 78.67972222]
0.22	 1.55	-0.08	-0.23	194_A	[72.75428571  1.17085714 77.85828571]
-0.12	 -0.09	-0.13	0.14	194_A	[72.51306667  2.71353333 79.72966667]
-0.03	 -0.53	-0.02	0.01	194_A	[76.30513636  3.88604545 79.06431818]
0.08	 0.71	0.08	-0.28	195_V	[70.454       4.237125   78.65579167]
0.01	 -0.03	-0.09	-0.07	195_V	[70.94191667  1.07083333 77.40191667]
-0.01	 -0.0	-0.05	-0.05	195_V	[70.69948649  1.07954054 74.95364865]
0.18	 1.47	0.18	-0.46	195_V	[70.41584615  5.41953846 78.82315385]
-0.04	 -0.26	-0.11	0.02	196_G	[69.14233333  2.49955556 78.408     ]
-0.22	 -1.04	0.04	0.29	196_G	[67.87068293  0.41441463 77.04814634]
0.04	 0.69	0.02	-0.18	196_G	[67.186      1.6041875 75.3053125]
-0.3	 -1.14	0.08	0.43	196_G	[65.34388235  0.97355882 75.46897059]
0.14	 1.36	-0.1	-0.22	197_V	[65.36317647  2.32805882 73.79223529]
-0.03	 0.16	-0.05	0.02	197_V	[67.01591667  2.14666667 72.16475   ]
0.11	 0.12	0.04	-0.18	197_V	[69.37904  2.95288 72.4116 ]
0.01	 -0.24	-0.02	0.04	197_V	[64.35027778  4.05266667 76.31827778]
0.09	 0.63	-0.09	-0.22	198_P	[66.3945   2.29725 71.4905 ]
0.02	 0.4	-0.13	-0.11	198_P	[67.55053846  2.49023077 70.17853846]
0.12	 1.6	0.11	-0.4	198_P	[65.28885714  3.079      68.05714286]
-0.09	 -0.3	0.03	0.11	198_P	[64.04466667  3.39179365 69.88730159]
-0.15	 -0.76	-0.14	0.14	198_P	[64.15020833  3.12816667 72.33454167]
0.2	 1.79	0.22	-0.46	199_V	[69.51166667  3.70744444 69.52555556]
0.17	 1.09	0.06	-0.31	199_V	[71.32114286  3.73714286 71.07917857]
0.02	 0.33	-0.05	-0.11	202_S	[71.8815     15.9327     63.61023333]
0.12	 0.58	0.08	-0.3	203_G	[74.33265714 14.5744     61.38282857]
-0.09	 0.11	-0.23	0.04	203_G	[75.395      15.85269231 61.00576923]
0.04	 0.02	0.02	-0.12	204_G	[76.66589474 15.45857895 59.70863158]
0.19	 2.05	0.17	-0.41	204_G	[78.5404 15.8838 58.6509]
0.17	 1.24	0.03	-0.31	204_G	[77.90791667 15.02666667 57.73408333]
0.1	 0.71	-0.02	-0.22	205_A	[76.14588235 13.86264706 58.50629412]
0.09	 0.53	0.08	-0.11	205_A	[76.79928571 15.13304762 55.62857143]
0.15	 0.89	0.02	-0.26	205_A	[74.63442857 13.18232143 57.77017857]
0.11	 1.78	0.16	-0.39	206_G	[79.74638462 13.52084615 52.56146154]
0.18	 1.16	0.08	-0.31	206_G	[80.20854545 12.18054545 52.26545455]
0.01	 0.05	-0.03	-0.08	206_G	[78.05973913 12.45695652 50.44215217]
0.08	 0.5	-0.07	-0.09	207_R	[77.82215385  9.37361538 50.27692308]
0.03	 -0.41	-0.06	-0.11	207_R	[79.77613333  7.4704     50.8288    ]
-0.13	 -0.51	0.04	0.17	207_R	[80.89944737 10.25905263 50.23586842]
-0.2	 -0.76	0.08	0.26	207_R	[83.164       9.94103125 51.01190625]
0.01	 0.03	0.01	-0.03	207_R	[82.0428   6.99455 50.8689 ]
-0.06	 0.03	0.07	-0.08	207_R	[84.22317647  7.25147059 51.89211765]
-0.22	 -0.83	0.04	0.29	207_R	[85.05066038  8.37171698 53.02498113]
-0.05	 -0.1	0.14	0.18	207_R	[83.5812381   5.58420635 53.07509524]
0.04	 1.11	0.03	-0.19	208_M	[77.31282609  7.6236087  50.13326087]
0.07	 0.82	-0.01	-0.18	208_M	[77.21205263  4.62336842 49.57394737]
0.01	 0.28	-0.1	-0.08	208_M	[75.54415  7.2485  48.5896 ]
0.1	 0.77	0.01	-0.22	208_M	[73.33961111  6.56166667 47.49805556]
-0.17	 -0.79	0.02	0.24	208_M	[75.70181538  4.59706154 46.60412308]
0.14	 0.8	0.1	-0.3	209_E	[78.75966667  4.89152381 51.35571429]
0.07	 0.56	-0.01	-0.16	209_E	[80.62984615  4.3965     51.82692308]
0.13	 0.91	0.03	-0.28	209_E	[81.27236957  2.87032609 54.83478261]
-0.06	 -0.08	0.08	-0.06	209_E	[82.72125     1.82554167 53.64295833]
-0.26	 -0.89	-0.0	0.37	209_E	[82.75816216  2.29954054 52.02551351]
-0.17	 -0.39	-0.03	0.18	209_E	[83.85702222  2.85422222 55.16993333]
0.2	 1.37	0.31	-0.57	210_H	[81.77659259  7.23       56.03822222]
-0.07	 -0.07	-0.21	0.0	210_H	[83.20835556  8.70955556 55.78744444]
0.17	 1.78	0.15	-0.4	210_H	[82.59966667 10.70586667 54.27786667]
0.18	 1.53	0.25	-0.51	212_L	[79.24542857  0.09807143 57.44078571]
0.1	 0.77	-0.04	-0.23	212_L	[76.55004545 -2.81281818 56.92327273]
-0.03	 -0.17	-0.06	-0.01	212_L	[79.30563636 -1.16512727 55.09812727]
0.16	 1.31	0.01	-0.27	213_E	[80.12255556  1.62366667 60.64233333]
0.12	 1.01	0.08	-0.25	213_E	[79.56986957  1.90952174 62.53078261]
0.22	 1.52	0.09	-0.32	213_E	[80.78277778  2.74966667 60.96977778]
0.01	 -0.02	-0.07	-0.1	213_E	[81.11116667  1.90042857 58.4682619 ]
0.13	 1.53	-0.03	-0.18	213_E	[82.87735294  4.89123529 57.35752941]
0.06	 0.39	0.23	0.16	213_E	[81.9045614   6.28377193 58.10245614]
-0.2	 -0.81	-0.07	0.26	213_E	[83.82326667  3.85228889 58.48177778]
0.12	 1.24	0.11	-0.29	215_F	[74.28616667 -1.1075     62.15316667]
-0.05	 -0.03	-0.07	-0.0	215_F	[73.84781818 -1.16668182 64.19004545]
0.24	 0.93	0.14	-0.37	215_F	[73.78069231 -0.689      60.41265385]
-0.08	 -0.2	-0.05	0.1	216_Q	[76.1104375 -2.15075   63.1583125]
0.15	 1.41	0.0	-0.24	216_Q	[78.28366667 -0.40870833 64.51704167]
-0.2	 -0.6	0.03	0.3	216_Q	[78.24915789 -1.72223684 65.57473684]
-0.16	 -0.79	-0.08	0.12	216_Q	[79.10136842 -1.75431579 62.71773684]
-0.02	 -0.09	-0.0	0.0	216_Q	[76.58197297 -2.31035135 60.42586486]
-0.1	 -0.76	-0.08	0.11	216_Q	[79.83141667 -3.06283333 60.72825   ]
-0.07	 -0.32	0.05	0.03	216_Q	[80.42866667 -0.82875556 59.86244444]
-0.24	 -0.74	0.09	0.3	216_Q	[79.01827273 -3.57915909 58.48297727]
0.15	 1.57	0.14	-0.41	217_A	[79.28173684  0.59863158 66.27663158]
0.04	 0.32	-0.08	-0.08	217_A	[7.76500588e+01 7.41764706e-02 6.75790000e+01]
0.14	 0.21	-0.01	-0.18	217_A	[77.37663158  1.20563158 69.17273684]
0.19	 1.7	0.15	-0.38	217_A	[79.85576471  2.10182353 64.54647059]
0.16	 0.93	-0.04	-0.27	218_G	[75.82818182 -0.66454545 66.23745455]
-0.08	 -0.4	0.01	0.04	218_G	[73.95619048 -0.11392857 67.6582381 ]
0.06	 0.04	-0.01	-0.13	218_G	[71.58997059  1.87355882 68.66652941]
0.23	 1.56	0.23	-0.49	220_E	[66.29886364  2.14190909 63.90790909]
0.09	 1.13	0.09	-0.3	220_E	[66.11819048  2.50642857 66.52947619]
-0.05	 0.02	-0.14	0.06	220_E	[67.71115789  1.39271053 68.47105263]
-0.17	 -0.83	-0.03	0.25	220_E	[68.0005     -0.95064286 67.52321429]
0.03	 0.25	-0.47	0.15	220_E	[66.62477193 -0.69847368 65.15407018]
-0.08	 -0.24	0.06	0.06	220_E	[70.08741379 -0.74727586 67.27137931]
0.25	 0.99	0.19	-0.44	223_L	[73.05370833 13.28216667 59.71375   ]
0.15	 1.56	0.04	-0.3	223_L	[68.05996552 15.75855172 63.55286207]
-0.01	 0.23	-0.1	-0.05	223_L	[70.58562222 15.89908889 61.02451111]
0.02	 -0.39	-0.09	-0.01	224_A	[71.99946667 14.91793333 58.1572    ]
0.07	 1.29	0.14	-0.43	224_A	[70.7956 15.867  58.5448]
0.22	 1.76	0.09	-0.33	224_A	[72.84783333 14.31708333 56.4085    ]
0.1	 -0.15	0.03	-0.11	225_A	[71.49481818 16.53095455 57.04663636]
-0.04	 0.05	-0.08	0.02	225_A	[70.21978182 19.26965455 57.55547273]
0.08	 0.16	-0.02	-0.19	226_S	[72.32413333 18.10006667 55.02953333]
0.08	 1.23	-0.12	-0.15	226_S	[73.49592308 18.13169231 51.02361538]
0.2	 1.44	0.32	-0.57	226_S	[73.11288235 18.26111765 49.85235294]
-0.26	 -0.47	0.08	0.13	226_S	[73.6161   19.716725 53.33855 ]
0.03	 -0.11	0.0	-0.11	226_S	[72.70008 21.68856 54.16644]
0.2	 1.39	-0.02	-0.26	227_V	[73.3872 17.1261 53.8243]
0.17	 1.38	0.36	-0.6	227_V	[74.43876471 16.93035294 51.10170588]
-0.02	 0.13	-0.62	0.04	227_V	[75.39192593 16.80151852 53.10759259]
0.16	 1.13	0.08	-0.31	227_V	[73.40940741 15.23137037 54.75892593]
0.17	 1.42	0.05	-0.34	228_F	[68.43075  13.558375 50.023125]
0.13	 1.23	0.08	-0.32	228_F	[67.76725926 14.38907407 48.95888889]
0.17	 1.7	0.16	-0.41	228_F	[67.50041176 13.04670588 51.13358824]
0.2	 1.48	0.38	-0.61	228_F	[68.38636364 12.03927273 50.92618182]
-0.07	 -0.44	0.03	0.07	230_F	[71.36512195 17.76997561 44.87390244]
-0.03	 0.31	-0.07	-0.03	230_F	[72.12011765 19.91158824 46.59920588]
-0.09	 0.11	-0.03	0.13	230_F	[71.93171429 21.81185714 47.41257143]
-0.05	 -0.4	-0.08	0.06	230_F	[73.20197059 20.78902941 49.28235294]
-0.03	 0.16	-0.17	-0.07	230_F	[70.4        22.22316667 46.84661111]
-0.07	 -0.48	0.02	0.07	230_F	[72.60927273 23.07730303 50.41718182]
-0.0	 -0.17	-0.08	0.0	230_F	[69.06959375 23.20128125 47.94675   ]
-0.04	 0.01	-0.0	0.05	230_F	[70.92496 24.4724  50.40172]
0.03	 0.51	0.01	-0.2	231_G	[69.294      14.68766667 45.59086667]
-0.02	 0.53	-0.11	0.02	231_G	[72.023      15.39916667 44.52683333]
-0.14	 -0.32	0.04	0.14	231_G	[71.38558333 13.35591667 44.41286111]
-0.02	 -0.01	-0.01	-0.03	232_E	[74.0268  14.62884 45.4598 ]
-0.16	 -0.53	0.1	0.23	232_E	[74.506      11.47385294 46.12944118]
0.05	 0.56	-0.01	-0.13	232_E	[75.72605556 13.89544444 47.84133333]
0.02	 0.11	-0.06	-0.07	232_E	[74.33204 16.97868 46.34648]
0.05	 0.67	0.06	-0.18	232_E	[75.71461364 17.31959091 48.57497727]
-0.29	 -0.98	-0.03	0.38	232_E	[76.1180303  18.68160606 47.45651515]
-0.07	 0.09	-0.08	0.07	232_E	[77.5157     15.1779     48.99106667]
0.17	 1.21	0.04	-0.27	233_I	[73.14255556  9.71644444 47.547     ]
0.11	 0.91	0.1	-0.36	233_I	[69.13105 12.124   48.9266 ]
0.05	 0.45	-0.04	-0.16	233_I	[75.27616667 10.4995     48.98030952]
0.18	 1.28	0.19	-0.46	233_I	[72.95245  8.27475 48.43795]
-0.09	 0.74	1.4	0.46	234_P	[68.00339024 11.40656098 46.89165854]
-0.14	 -0.07	0.01	0.09	234_P	[68.00022917  9.66504167 45.10795833]
-0.2	 -0.62	-0.02	0.24	234_P	[70.07178571  8.67560714 43.98092857]
-0.02	 -0.11	-0.04	-0.04	234_P	[71.76075     9.41541667 45.68194444]
0.06	 0.34	-0.02	-0.15	235_I	[66.58111765  9.96629412 48.69105882]
0.17	 1.42	0.32	-0.57	235_I	[65.401625  9.754    49.475625]
0.1	 1.04	-0.02	-0.23	235_I	[66.2295     10.93253571 50.53253571]
0.18	 1.37	0.42	-0.64	235_I	[64.56875    11.03283333 50.66875   ]
0.12	 0.18	0.02	-0.21	236_P	[64.91224  4.1326  48.50704]
0.16	 0.55	0.04	-0.28	236_P	[66.93078947  3.36263158 45.63952632]
0.22	 1.53	0.17	-0.43	236_P	[65.9352   2.03785 47.69895]
-0.12	 -0.51	-0.15	0.22	236_P	[64.77185417  4.92345833 45.73789583]
-0.16	 -0.45	-0.06	0.19	236_P	[63.27236111  6.98402778 46.28319444]
-0.02	 0.37	-0.13	-0.06	236_P	[65.46116667  8.728625   46.67525   ]
0.12	 0.81	0.03	-0.29	237_K	[67.5556875  5.981125  45.6021875]
0.09	 0.84	-0.05	-0.2	237_K	[68.139       4.29283333 45.13016667]
0.15	 1.35	0.03	-0.35	237_K	[71.95133333  2.61444444 46.65188889]
0.04	 0.02	-0.06	-0.07	237_K	[69.18872222  6.05766667 44.54811111]
-0.0	 0.12	-0.05	-0.09	237_K	[72.2399375   5.39220833 45.24564583]
-0.22	 -1.15	0.09	0.33	237_K	[71.252       4.20376923 42.95005128]
0.07	 0.75	0.01	-0.16	237_K	[70.19745652  2.3426087  44.85313043]
-0.24	 -0.92	0.07	0.33	237_K	[69.87632  1.46054 42.60286]
0.21	 1.54	0.15	-0.41	239_K	[65.5731875  2.17825   49.7985   ]
0.09	 0.47	-0.04	-0.14	239_K	[63.69614286  3.29764286 51.27528571]
0.22	 1.28	0.12	-0.37	239_K	[61.53822727  3.31963636 53.17213636]
0.18	 0.92	0.11	-0.36	240_R	[67.97158333 -1.98366667 48.56075   ]
0.07	 0.54	-0.13	-0.14	240_R	[71.4666     -1.12546667 47.13433333]
0.03	 0.73	0.0	-0.19	240_R	[70.49873913 -2.84104348 48.02195652]
-0.06	 -0.23	-0.1	0.04	240_R	[69.51234615 -1.0705     46.01376923]
0.13	 0.77	-0.01	-0.2	240_R	[66.8934     -1.82926667 47.4408    ]
-0.08	 -0.3	0.01	0.04	240_R	[67.12       -0.34984444 44.41111111]
-0.09	 -0.12	-0.07	0.12	240_R	[65.32166667  1.08622222 44.3647037 ]
0.06	 0.61	0.08	-0.16	240_R	[64.55807692  0.07296154 45.98580769]
-0.15	 -0.45	0.01	0.11	240_R	[64.17056757 -2.17121622 46.76878378]
-0.28	 -0.6	-0.01	0.51	240_R	[63.00987273  0.63776364 45.53961818]
0.14	 1.48	0.06	-0.34	241_Y	[71.26736364  0.47236364 47.087     ]
0.09	 0.38	-0.01	-0.18	241_Y	[72.75423077 -0.22484615 47.44430769]
0.13	 0.83	0.1	-0.3	241_Y	[73.25744444  1.86911111 47.51892593]
-0.04	 0.11	-0.16	0.07	241_Y	[75.92495  0.83125 47.6179 ]
-0.07	 -0.37	-0.0	0.03	241_Y	[77.77660526  0.90673684 48.80286842]
0.15	 3.31	0.01	-0.23	241_Y	[78.08375   2.780875 50.52325 ]
-0.25	 0.51	-0.01	-0.12	241_Y	[79.39013158  0.98631579 51.72778947]
0.14	 2.37	-0.07	-0.18	243_A	[69.0944 -4.9214 52.9942]
-0.04	 -0.12	-0.12	-0.06	243_A	[69.79133333 -5.67977778 50.70111111]
-0.05	 -0.15	-0.0	0.07	243_A	[70.56839394 -6.35687879 52.57045455]
-0.06	 -0.28	0.0	0.01	243_A	[67.868375 -4.094525 50.7717  ]
0.13	 0.65	-0.11	-0.15	244_E	[70.31842857 -4.774      49.41228571]
-0.12	 -0.46	-0.04	0.13	244_E	[71.67438889 -6.46222222 49.58655556]
0.19	 1.42	0.02	-0.29	244_E	[72.86225 -6.971   51.2925 ]
-0.16	 -0.49	0.07	0.25	244_E	[74.68405714 -6.95997143 50.29862857]
-0.13	 -0.38	0.02	0.18	244_E	[72.03173077 -5.18973077 47.61176923]
0.08	 0.83	-0.04	-0.15	244_E	[75.4776  -5.047   48.30275]
-0.06	 -0.17	-0.09	0.03	244_E	[74.37233333 -3.23025926 46.44525926]
-0.22	 -0.81	0.17	0.33	244_E	[73.70944444 -4.37695556 45.54533333]
-0.11	 -0.19	0.05	0.14	244_E	[75.55561538 -1.70294872 46.59517949]
0.04	 1.03	-0.03	-0.13	245_K	[76.37422222 -5.56755556 52.76422222]
0.02	 -0.07	-0.1	0.04	245_K	[75.025      -6.99763636 53.32072727]
-0.14	 -0.52	0.04	0.17	245_K	[75.71534286 -5.48357143 55.32862857]
0.03	 0.62	-0.03	-0.12	245_K	[77.55909091 -3.75586364 53.65718182]
0.12	 0.43	-0.03	-0.18	245_K	[77.0825  -4.6695  50.65525]
-0.15	 -0.8	0.03	0.2	245_K	[79.39862857 -2.74305714 51.163     ]
-0.2	 -0.81	0.04	0.27	245_K	[78.60959615 -3.13586538 48.64048077]
0.09	 0.69	-0.11	-0.17	246_G	[73.1898 -7.2193 52.7567]
-0.19	 -0.86	-0.02	0.24	246_G	[72.83438095 -7.81195238 54.94654762]
0.09	 0.42	-0.03	-0.16	246_G	[71.98       -6.13879167 56.01479167]
-0.24	 -0.83	0.12	0.34	246_G	[71.75262162 -6.8312973  57.66313514]
0.13	 0.61	-0.06	-0.12	247_V	[71.51354545 -4.32318182 58.408     ]
0.04	 0.56	-0.05	-0.12	247_V	[69.39928571 -5.85385714 56.52671429]
0.08	 0.47	-0.02	-0.13	247_V	[68.54536667 -4.6883     54.7552    ]
0.06	 0.54	-0.05	-0.17	247_V	[71.35605 -2.12535 59.7285 ]
0.08	 0.4	0.03	-0.14	247_V	[73.93169444 -2.75297222 58.05275   ]
0.05	 0.1	-0.07	-0.1	248_H	[69.35791304 -4.40886957 58.80334783]
-0.02	 0.51	-0.06	0.01	248_H	[67.08741176 -5.43817647 56.71405882]
-0.09	 -0.35	-0.04	0.1	248_H	[67.50985106 -5.00278723 59.65689362]
-0.1	 0.43	-0.08	0.12	248_H	[65.44185714 -6.59671429 58.54914286]
-0.05	 0.59	-0.06	-0.04	248_H	[65.054      -6.22474074 61.06881481]
-0.15	 -0.8	0.01	0.11	248_H	[64.45556522 -5.56969565 56.94878261]
-0.15	 -0.79	0.05	0.16	248_H	[62.48963333 -5.6537     59.99103333]
-0.16	 -0.4	0.05	0.2	248_H	[62.40633333 -4.6842     58.01496667]
0.15	 2.65	0.13	-0.31	249_V	[65.957      -3.90227273 55.49772727]
-0.01	 -0.51	-0.09	0.0	249_V	[63.47114286 -3.40845714 54.73265714]
0.22	 1.77	0.11	-0.36	249_V	[66.45494444 -3.10866667 53.61694444]
0.02	 0.47	-0.08	-0.1	250_R	[61.37507143 -1.80428571 55.81878571]
0.09	 0.62	-0.07	-0.18	250_R	[61.17392308  1.45207692 52.38061538]
0.06	 0.33	-0.1	-0.14	250_R	[61.36811429  0.43348571 57.3272    ]
0.08	 0.31	-0.21	0.02	250_R	[59.19816667 -0.55816667 56.10566667]
-0.11	 -0.35	0.03	0.09	250_R	[59.06218182  1.73127273 57.35261364]
-0.04	 -0.0	-0.01	0.01	250_R	[57.02278571  1.92339286 55.81992857]
0.04	 0.51	-0.04	-0.19	250_R	[58.03073913  4.40056522 56.16717391]
0.11	 0.9	0.08	-0.37	250_R	[59.1775      4.4505625  53.96121875]
-0.15	 -0.09	-0.57	0.52	250_R	[56.59496721  4.70327869 54.49390164]
0.13	 0.53	-0.01	-0.16	251_L	[61.26983333 -2.34908333 53.60758333]
0.15	 1.34	-0.07	-0.21	251_L	[62.18686667  0.733      50.95513333]
0.09	 0.6	-0.07	-0.13	251_L	[60.1116     -0.46526667 50.62666667]
-0.34	 -0.47	0.24	0.35	251_L	[ 6.00241765e+01 -1.04705882e-02  4.92819412e+01]
-0.03	 -0.23	-0.02	0.02	251_L	[61.7482     -2.66034286 50.42577143]
-0.11	 -0.15	-0.02	0.1	251_L	[64.73002817 -3.79571831 50.27126761]
0.13	 0.73	-0.03	-0.21	251_L	[64.00914286  0.34246429 49.23982143]
0.13	 0.76	-0.03	-0.17	252_D	[59.45514286 -2.59392857 51.92528571]
-0.14	 -0.64	-0.01	0.18	252_D	[57.49064706 -1.53670588 49.95164706]
-0.01	 0.53	0.19	-0.29	252_D	[56.89871429  1.2        52.192     ]
0.03	 0.16	0.12	0.07	252_D	[58.67790476  2.10435714 52.25978571]
-0.19	 -0.94	0.08	0.29	252_D	[56.420675 -2.787625 51.4775  ]
-0.19	 -1.08	-0.02	0.25	252_D	[56.54726667 -3.2652     53.8982    ]
-0.13	 -0.28	0.06	0.14	252_D	[58.54131429 -2.25648571 54.75765714]
-0.19	 -0.59	-0.01	0.29	252_D	[55.8109375  -1.0644375  54.38891667]
-0.89	 -0.98	0.01	0.46	252_D	[55.52888889  0.84322222 51.51616667]
