-0.26	 -1.07	0.14	0.38	15_R	[38.07675    -5.28518182 25.33881818]
0.09	 1.63	-0.02	-0.21	15_R	[39.049      -4.01483333 26.5445    ]
0.07	 0.14	0.01	-0.17	15_R	[36.97861905 -4.32542857 28.66647619]
-0.04	 0.19	-0.16	-0.0	15_R	[35.01782759 -5.28917241 27.14144828]
-0.08	 -0.35	-0.12	0.08	15_R	[38.719  -0.9616 25.3613]
0.07	 0.6	-0.05	-0.21	15_R	[36.61666667 -2.8675     23.42316667]
0.06	 2.05	-0.04	-0.25	15_R	[ 3.65660000e+01 -1.89166667e-02  2.45630833e+01]
0.02	 0.08	0.01	-0.06	15_R	[36.06025  -0.76175  22.206625]
-0.12	 -0.59	0.01	0.07	15_R	[34.78630769  0.79692308 21.93053846]
0.05	 0.89	-0.01	-0.16	15_R	[33.89776667  2.30006667 24.326     ]
-0.09	 0.53	-0.21	0.12	15_R	[32.69109524  0.07628571 21.14966667]
-0.26	 -0.47	-0.01	0.4	15_R	[39.167   -3.0958  27.46175]
-0.07	 -0.25	0.06	0.0	15_R	[37.86825 -0.75025 26.40775]
-0.16	 -0.73	0.06	0.28	15_R	[39.09485185 -2.09248148 24.43355556]
-0.28	 -0.77	-0.02	0.35	15_R	[37.1636  -2.82365 22.8666 ]
0.09	 -0.25	-0.02	-0.13	15_R	[35.008      -3.75242857 24.56021429]
0.1	 0.9	0.0	-0.25	15_R	[3.58596364e+01 2.88181818e-02 2.59735455e+01]
-0.3	 -0.68	0.1	0.39	15_R	[36.9432      0.36393333 23.6606    ]
-0.13	 -0.42	-0.06	0.11	15_R	[34.5714  -2.15012 22.34808]
-0.02	 -0.43	-0.67	0.48	15_R	[34.58415  1.5434  25.1325 ]
0.01	 0.23	-0.04	-0.05	15_R	[32.81338095  2.69280952 23.49347619]
0.16	 -0.59	-0.17	0.41	15_R	[32.64985714 -1.20097143 21.39097143]
-0.01	 -0.31	-0.11	0.24	15_R	[31.75033333  0.60466667 21.51019048]
0.14	 1.58	0.21	-0.48	16_E	[33.972      -0.23625    28.96466667]
0.03	 0.63	-0.03	-0.15	16_E	[34.09119231 -0.08773077 27.40423077]
0.1	 1.06	0.12	-0.44	16_E	[37.974  -2.9675 31.0843]
-0.14	 -0.32	-0.17	0.08	16_E	[38.62641667 -0.74475    32.47608333]
-0.21	 -0.67	0.15	0.29	16_E	[37.19243243  1.04091892 31.86778378]
0.05	 0.07	-0.02	-0.07	16_E	[37.03431579 -0.40715789 34.29      ]
0.05	 0.58	0.07	-0.17	16_E	[37.33835294 -0.91470588 28.50676471]
-0.04	 0.33	-0.05	-0.04	16_E	[35.69240909  0.23381818 29.5725    ]
0.09	 0.66	0.48	-0.73	16_E	[37.41890909 -3.85272727 31.20154545]
-0.17	 -0.35	-0.13	0.22	16_E	[38.37752381 -1.89371429 30.076     ]
0.17	 1.13	0.32	-0.58	17_L	[32.59854545  0.20445455 28.98590909]
0.19	 1.47	0.16	-0.43	17_L	[33.02283333 -5.13775    26.13658333]
0.19	 1.29	0.23	-0.48	17_L	[31.32064706 -6.20364706 24.51470588]
0.03	 0.24	-0.11	-0.11	17_L	[32.42594444 -4.03541667 24.13297222]
0.14	 1.45	0.16	-0.44	18_R	[32.05855556  0.79822222 27.83444444]
0.1	 1.46	-0.13	-0.21	18_R	[31.68571429  2.44814286 27.608     ]
0.12	 1.25	0.12	-0.36	18_R	[30.42054545  8.57427273 29.51154545]
-0.02	 -0.09	-0.16	-0.01	18_R	[32.17788889  7.62644444 30.42166667]
0.22	 1.74	0.18	-0.45	18_R	[29.54127273  9.18709091 29.82318182]
-0.05	 0.01	-0.11	0.03	18_R	[32.13678571  2.45978571 28.77682143]
0.08	 0.64	0.01	-0.19	18_R	[31.87434783  4.19673913 30.15878261]
-0.15	 -0.16	0.02	0.09	18_R	[32.40878947  6.13563158 30.80568421]
-0.16	 -0.58	-0.01	0.26	18_R	[31.9797      8.3761     31.68063333]
0.01	 -0.36	-0.06	-0.12	18_R	[29.91926316  9.67273684 31.599     ]
0.12	 1.81	0.02	-0.25	25_D	[13.475375  8.85875  39.84025 ]
0.09	 0.69	0.02	-0.24	25_D	[10.24946154 11.27538462 39.00361538]
0.16	 1.88	0.04	-0.27	25_D	[10.10633333 11.53122222 37.473     ]
-0.18	 -0.91	-0.01	0.26	25_D	[ 9.1931875   9.927375   40.12359375]
0.12	 1.08	0.13	-0.35	25_D	[13.73036364  7.541      39.30527273]
-0.08	 -0.2	0.11	0.1	25_D	[12.03790323  8.91241935 40.82458065]
0.15	 1.77	0.04	-0.31	26_N	[11.288375  6.597125 40.879125]
0.09	 1.02	-0.21	0.04	26_N	[10.97725  5.57025 41.34525]
0.15	 1.56	0.17	-0.44	26_N	[11.25857143  2.25171429 40.12014286]
0.15	 1.48	0.11	-0.33	26_N	[10.3344      2.0406     40.31906667]
0.08	 0.97	0.02	-0.29	26_N	[ 8.306875   6.0024375 40.8969375]
-0.14	 -0.63	-0.1	0.17	26_N	[ 7.6661  5.1798 42.0615]
-0.21	 -0.6	0.08	0.24	26_N	[ 8.75902703  3.38889189 42.49478378]
-0.06	 0.02	0.08	0.02	26_N	[ 5.98025  4.5662  40.5231 ]
-0.02	 -0.06	-0.06	0.06	26_N	[12.8118   5.60552 40.06584]
-0.13	 -0.79	0.13	-0.05	26_N	[11.06875     4.04770833 41.36270833]
-0.14	 -0.34	-0.04	0.19	26_N	[ 9.24195455  6.83477273 41.10345455]
-0.18	 -0.89	0.1	0.36	26_N	[ 5.91671429  3.27404762 41.29957143]
-0.04	 0.12	0.04	-0.02	26_N	[ 5.93380769  5.09376923 39.32023077]
0.1	 1.44	0.06	-0.33	28_G	[13.02333333 -0.17338095 39.96385714]
0.12	 1.21	0.0	-0.2	28_G	[13.30961905  3.03119048 39.261     ]
-0.05	 0.12	-0.18	-0.01	28_G	[12.80641304  0.50632609 40.49719565]
0.14	 1.26	0.2	-0.55	28_G	[11.8575     -1.10566667 39.60266667]
-0.01	 1.0	-0.02	-0.19	29_K	[15.36166667  5.24866667 38.24833333]
0.14	 2.05	-0.01	-0.26	29_K	[14.8866  2.7467 38.7682]
0.15	 1.23	0.09	-0.34	29_K	[16.62047059  3.53788235 38.86647059]
0.16	 0.82	0.12	-0.34	29_K	[17.42522222  5.317      38.565     ]
0.08	 0.68	-0.06	-0.08	29_K	[15.07282353  6.40464706 38.57341176]
0.11	 1.74	0.06	-0.26	29_K	[14.60572222  4.59177778 38.229     ]
0.18	 1.39	0.52	-0.86	30_T	[17.24283333  3.06683333 42.51858333]
0.07	 0.68	-0.02	-0.22	30_T	[18.10986486  4.16002703 41.28897297]
0.07	 1.25	-0.09	-0.16	30_T	[20.72436364  2.058      44.19572727]
0.02	 0.4	-0.12	-0.03	30_T	[15.81563636  2.01463636 40.15868182]
0.07	 0.92	-0.13	0.01	30_T	[16.63940909  2.23295455 42.68209091]
0.08	 0.17	-0.01	-0.15	30_T	[19.37672  2.66352 44.83824]
0.05	 0.7	-0.03	-0.27	30_T	[21.40232258  1.21541935 42.69987097]
0.1	 1.8	0.09	-0.28	31_T	[13.52922222 -2.32155556 41.68066667]
-0.04	 -0.29	-0.03	-0.01	31_T	[13.94168966 -1.60386207 43.66810345]
0.12	 1.5	0.01	-0.32	31_T	[14.079375 -3.310125 44.324   ]
0.2	 1.39	0.37	-0.6	31_T	[15.626   0.5823 41.2916]
0.08	 1.48	0.08	-0.33	31_T	[13.48726667 -2.31426667 40.8676    ]
-0.07	 -0.02	-0.12	-0.01	31_T	[14.49683333  0.08494444 42.57627778]
0.09	 0.66	-0.01	-0.19	31_T	[13.12711538 -3.98946154 43.38384615]
0.23	 1.49	0.2	-0.46	33_L	[22.88328571  0.21566667 40.97290476]
0.08	 0.76	-0.11	-0.12	34_K	[22.2333 -0.8363 43.6851]
0.13	 0.87	0.05	-0.3	34_K	[21.85027273 -2.23081818 47.797     ]
0.07	 1.52	0.18	-0.35	34_K	[23.91691667 -1.35641667 46.63975   ]
0.13	 1.6	0.05	-0.35	34_K	[23.084      -1.22571429 44.18385714]
0.21	 1.46	0.2	-0.46	34_K	[21.73764286 -0.823      42.575     ]
-0.09	 0.07	-0.17	0.13	34_K	[21.16066667  0.3986     45.35093333]
-0.0	 0.19	0.02	-0.09	34_K	[20.51028571 -1.14642857 48.19989286]
-0.23	 -0.63	0.08	0.34	34_K	[23.50803846 -1.97642308 48.08746154]
-0.18	 -0.32	-0.03	0.21	34_K	[23.44148 -0.64908 45.93728]
0.01	 -0.47	-0.04	-0.02	35_K	[ 20.922      -10.54811765  41.62347059]
-0.02	 -4.73	-0.01	-0.08	35_K	[ 17.06083333 -11.50166667  45.21133333]
0.15	 0.66	0.06	-0.28	35_K	[ 18.48529412 -10.38947059  40.70176471]
-0.02	 0.13	-0.05	0.0	35_K	[ 18.31259259 -11.40637037  43.06340741]
-0.22	 -0.38	0.04	0.24	35_K	[ 18.45639286 -10.70657143  45.70410714]
0.05	 0.51	0.04	-0.12	35_K	[16.450125   -9.30129167 46.05329167]
-0.13	 -0.17	0.01	0.14	35_K	[ 15.86804348 -11.69495652  44.37717391]
-0.11	 -0.0	-0.07	0.12	36_F	[ 23.68073529 -10.37988235  39.37582353]
0.14	 1.29	0.1	-0.39	36_F	[ 22.12794118 -10.49935294  36.93935294]
0.11	 0.08	0.04	-0.24	36_F	[26.05172 -8.59336 37.43052]
0.19	 1.82	-0.05	-0.25	36_F	[ 24.00014286 -10.651       36.47257143]
0.09	 0.47	-0.0	-0.22	36_F	[ 25.36695833 -10.18741667  36.08029167]
0.08	 0.26	-0.1	-0.06	36_F	[20.65335714 -9.91342857 38.68796429]
0.13	 0.95	0.06	-0.3	36_F	[ 20.97675 -10.1717   36.7721 ]
0.03	 0.5	-0.01	-0.15	37_N	[ 25.23341667 -10.09875     42.21791667]
-0.08	 -0.45	0.04	0.11	37_N	[26.22176 -9.09624 44.11448]
0.07	 0.42	-0.2	-0.0	37_N	[27.592      -8.30933333 42.513     ]
-0.07	 0.03	0.01	-0.0	37_N	[27.81947222 -8.16261111 40.51997222]
0.08	 0.76	-0.07	-0.15	37_N	[27.98277778 -5.83851852 43.12485185]
0.06	 0.11	0.04	-0.16	37_N	[25.6255     -9.09278571 39.9685    ]
-0.2	 -0.61	0.07	0.28	37_N	[28.98676667 -6.24863333 42.38393333]
0.09	 0.52	-0.15	-0.07	38_G	[ 23.57471429 -10.668       42.08328571]
-0.05	 -0.06	-0.01	-0.02	38_G	[ 22.77311765 -11.46405882  44.00011765]
0.06	 0.41	-0.11	-0.12	38_G	[ 21.49085714 -10.02057143  45.98471429]
-0.18	 -0.67	0.06	0.27	38_G	[ 23.6894186  -10.06106977  47.10030233]
0.11	 1.33	0.04	-0.27	38_G	[ 22.33514286 -10.491       41.79728571]
-0.17	 -0.53	-0.13	0.2	38_G	[ 21.28138095 -11.14909524  43.91352381]
-0.2	 -0.19	0.07	0.36	38_G	[ 24.34021739 -11.47117391  44.46165217]
0.08	 1.19	-0.16	-0.09	39_E	[20.84318182 -8.76654545 47.74954545]
0.17	 1.29	0.09	-0.37	39_E	[19.91231579 -8.92363158 46.26726316]
0.12	 1.31	0.19	-0.39	39_E	[23.758      -6.37883333 48.15      ]
0.07	 1.4	0.04	-0.27	39_E	[25.80272222 -7.22638889 46.08311111]
-0.1	 -0.68	-0.1	0.09	39_E	[25.67457143 -4.04621429 46.83728571]
-0.22	 -0.56	0.05	0.26	39_E	[27.49478261 -5.10347826 45.63595652]
0.1	 0.81	-0.12	-0.11	39_E	[25.29475    -2.78133333 46.02308333]
-0.02	 0.3	-0.06	-0.03	39_E	[22.8661  -8.1982  48.47915]
0.02	 0.29	-0.02	-0.17	39_E	[23.43816667 -5.08166667 47.95145833]
-0.25	 -1.19	0.04	0.35	39_E	[25.48583333 -7.08744444 47.42038889]
0.21	 1.12	0.1	-0.38	40_D	[20.560625   -3.85370833 48.84329167]
0.14	 0.36	0.02	-0.25	40_D	[19.10335714 -6.06035714 51.26128571]
-0.1	 -0.26	-0.18	0.09	40_D	[20.13872 -7.8582  51.69944]
-0.23	 -0.83	0.06	0.34	40_D	[19.96913953 -9.14623256 50.51232558]
-0.27	 -0.89	0.14	0.41	40_D	[21.56207143 -7.22221429 52.40580952]
-0.02	 -0.05	-0.15	-0.02	40_D	[22.3103913  -6.60326087 49.45282609]
-0.03	 0.08	-0.04	-0.08	40_D	[18.60178261 -8.06295652 48.61343478]
-0.19	 -0.38	-0.35	0.28	40_D	[20.26576471 -4.53111765 50.90964706]
0.09	 0.82	-0.03	-0.16	40_D	[17.94609091 -6.91227273 50.66063636]
0.0	 0.25	-0.04	-0.11	41_V	[14.15654762 -3.679      46.89359524]
0.1	 0.2	0.04	-0.19	41_V	[14.7175  -7.24895 46.49095]
0.11	 0.6	0.09	-0.25	41_V	[16.72577778 -6.886      48.5992963 ]
-0.12	 -0.43	-0.24	0.16	41_V	[16.04825  -7.768625 47.059875]
-0.07	 -0.37	-0.17	0.09	41_V	[13.869      -6.00814286 46.77928571]
0.14	 1.34	0.04	-0.3	42_D	[14.145375 -1.852125 49.424625]
-0.19	 -0.69	0.06	0.24	42_D	[13.61074359 -1.46212821 51.38515385]
-0.2	 -0.44	-0.06	0.18	42_D	[13.49654545 -5.61672727 51.77090909]
-0.23	 -0.87	-0.05	0.24	42_D	[15.947      -6.43783333 52.62183333]
0.07	 0.5	-0.05	-0.14	42_D	[17.60452941 -5.42247059 51.76926471]
-0.18	 -0.4	0.04	0.22	42_D	[15.6038913  -4.77343478 53.90763043]
-0.17	 -0.18	-0.06	0.18	42_D	[13.28564706 -3.74941176 49.342     ]
-0.16	 -0.64	0.1	0.26	42_D	[13.27140909 -4.19054545 52.25936364]
-0.14	 -0.56	0.0	0.23	42_D	[14.25517857 -6.08721429 50.26196429]
0.02	 0.79	0.04	-0.3	43_T	[16.294       0.95066667 52.13733333]
0.07	 1.12	-0.13	-0.08	43_T	[16.19433333  1.83566667 50.64426667]
-0.2	 -0.37	-0.12	0.1	43_T	[18.49606452  1.68677419 50.31374194]
0.08	 0.68	-0.1	0.05	43_T	[17.74133333  0.10633333 53.48816667]
0.02	 0.74	-0.06	-0.24	43_T	[19.26677778 -1.90902778 51.19725   ]
-0.12	 -0.59	-0.14	0.13	43_T	[17.50873077 -2.39403846 54.25042308]
-0.14	 -0.46	-0.12	0.14	43_T	[15.0414   0.3416  51.69585]
-0.14	 -0.28	0.01	0.16	43_T	[17.71815385  0.78580769 53.03384615]
-0.26	 -0.77	0.14	0.4	43_T	[19.91716667 -1.39270833 52.496     ]
-0.23	 -1.03	0.15	0.39	43_T	[18.56416667 -1.59791667 54.63029167]
-0.16	 -0.54	0.12	0.25	43_T	[15.7633913  -1.31934783 54.16573913]
0.06	 0.0	-0.13	-0.24	43_T	[17.68057143 -3.67314286 53.37257143]
0.12	 1.53	0.22	-0.49	44_I	[14.91155556  0.61477778 50.03655556]
0.15	 1.68	0.0	-0.26	44_I	[15.56233333  2.93833333 49.7415    ]
-0.13	 -0.6	-0.04	0.18	44_I	[14.14602326  2.42606977 48.48309302]
0.0	 -0.01	-0.1	-0.05	44_I	[15.35536842  1.70852632 44.63036842]
0.1	 0.89	0.03	-0.26	44_I	[14.657625  -0.8229375 48.612375 ]
0.17	 0.7	0.04	-0.24	44_I	[18.58571429  1.28390476 47.91080952]
0.02	 -0.49	-0.02	-0.12	44_I	[14.7961  -0.9267  46.24045]
0.19	 1.08	0.05	-0.31	44_I	[19.25946154  0.55915385 46.45238462]
0.08	 0.7	-0.18	-0.08	44_I	[15.51085714  1.22714286 43.61928571]
-0.04	 0.04	0.08	-0.05	44_I	[14.80861905  2.36052381 45.71395238]
0.14	 1.32	0.45	-0.71	44_I	[18.246       2.201      46.16666667]
0.08	 0.77	-0.04	-0.19	45_S	[14.76257143  5.00485714 45.9097619 ]
0.1	 0.74	0.03	-0.27	45_S	[17.48422642  4.88020755 45.02673585]
0.01	 0.1	0.17	-0.31	45_S	[15.92913636  5.59404545 49.90713636]
-0.12	 -0.42	-0.16	0.21	45_S	[18.45338462  5.25592308 48.91626923]
0.02	 -0.47	-0.11	-0.03	45_S	[18.30435294  3.61476471 47.76717647]
-0.01	 0.28	-0.21	0.08	45_S	[14.01626667  4.8582     48.19226667]
-0.08	 -0.01	-0.06	-0.01	45_S	[15.97540909  7.36404545 49.07813636]
-0.12	 -0.4	-0.12	0.27	45_S	[16.108       4.58979412 50.38085294]
-0.35	 -0.81	0.22	0.51	45_S	[18.46246154  6.68473077 49.65823077]
0.06	 1.01	0.53	-0.8	46_P	[14.47214286  6.04714286 45.04914286]
0.0	 0.53	-0.11	-0.14	46_P	[18.11662162  8.35456757 46.65813514]
0.1	 0.57	-0.15	-0.11	46_P	[13.925   9.3816 44.7401]
-0.11	 -0.4	-0.04	0.11	46_P	[12.6413125  8.4721875 46.103125 ]
-0.07	 -0.73	-0.06	0.02	46_P	[13.48354545  6.95963636 47.77245455]
-0.16	 -0.27	-0.02	0.19	46_P	[14.82864706  6.57917647 43.88282353]
0.05	 0.59	-0.06	-0.15	46_P	[15.20673684 10.21447368 46.14663158]
-0.05	 0.35	0.02	-0.02	46_P	[14.22791176  9.49079412 43.36088235]
-0.28	 -0.79	0.19	0.43	46_P	[12.8278   9.23275 46.74685]
-0.21	 -0.67	0.2	0.37	46_P	[12.80680952  7.03633333 44.99204762]
-0.13	 0.05	0.1	0.21	46_P	[14.889       8.42435294 48.16517647]
-0.26	 -0.56	0.1	0.35	46_P	[13.09906667  6.13793333 47.5178    ]
0.23	 1.51	0.21	-0.48	47_T	[16.9819   9.4928  41.33505]
0.07	 1.48	0.58	-0.99	47_T	[17.9038  6.4702 41.5618]
0.12	 1.18	0.11	-0.34	47_T	[17.99638095  5.35919048 42.62342857]
-0.04	 -0.0	-0.13	0.02	47_T	[16.7575      7.24366667 42.44783333]
0.09	 -0.31	-0.02	-0.14	47_T	[19.75973684  7.14842105 44.72263158]
0.11	 0.76	0.14	-0.42	47_T	[18.55586364  6.26477273 40.59304545]
0.09	 0.49	0.05	-0.28	47_T	[22.05615625  8.030375   43.05409375]
0.11	 0.52	0.03	-0.2	48_L	[22.03315385 10.81338462 43.79861538]
-0.14	 -0.36	0.03	0.2	48_L	[22.10108571 13.49985714 43.179     ]
0.08	 -0.24	-0.08	-0.17	48_L	[20.732375 13.714125 45.467   ]
-0.13	 -0.75	-0.01	0.16	48_L	[19.36786667 12.02423333 48.12043333]
0.0	 0.34	-0.07	-0.04	48_L	[16.7473913  13.32473913 45.28852174]
-0.02	 0.05	0.05	-0.1	48_L	[20.62705882  9.55788235 45.03723529]
0.17	 1.2	0.24	-0.48	48_L	[18.34941176 13.00682353 42.82082353]
-0.07	 0.07	-0.17	0.05	48_L	[21.42473913 12.4293913  45.767     ]
-0.18	 0.11	-0.15	0.15	48_L	[19.15915 13.96245 44.233  ]
-0.25	 -0.62	0.05	0.34	48_L	[18.27904348 11.09347826 48.19004348]
-0.2	 -0.74	0.19	0.28	48_L	[20.58686364 10.87940909 47.35722727]
-0.17	 -0.76	0.16	0.31	48_L	[19.33292 13.64784 47.57268]
-0.1	 -0.2	0.08	0.1	48_L	[16.31282609 11.63213043 46.74030435]
-0.28	 -0.96	-0.12	0.49	48_L	[16.9867 13.9851 45.5786]
0.16	 1.46	0.27	-0.55	48_L	[17.359125 12.956    43.741625]
0.11	 1.51	0.33	-0.57	49_G	[22.10757143  9.842      42.60485714]
0.01	 0.38	-0.05	-0.15	49_G	[23.55407692 11.30015385 41.61423077]
0.18	 1.52	0.06	-0.33	49_G	[23.51111111 10.10155556 40.40622222]
-0.05	 0.01	0.01	0.09	49_G	[22.84153333 12.6071     39.95996667]
-0.2	 -1.02	-0.03	0.27	49_G	[23.954      11.77210526 42.52305263]
0.05	 1.3	-0.01	-0.29	50_F	[24.15227273  9.63672727 42.03536364]
-0.07	 -0.47	0.01	0.1	50_F	[25.42727586  7.76324138 42.471     ]
0.07	 1.17	0.33	-0.71	50_F	[27.5822  7.3862 41.3924]
0.03	 0.62	-0.11	-0.17	50_F	[26.10266667 11.46246667 39.13026667]
-0.08	 -0.04	-0.15	0.09	50_F	[28.74372727  8.75863636 41.26104545]
0.01	 -0.18	0.02	-0.05	50_F	[28.64087097 11.36780645 38.70951613]
-0.07	 0.39	-0.05	-0.0	50_F	[29.6748      9.97937143 39.7844    ]
-0.01	 0.03	-0.21	0.0	50_F	[25.54114286 10.38128571 41.27389286]
0.11	 1.12	-0.03	-0.17	50_F	[27.42253846  6.74492308 41.17976923]
0.12	 0.9	0.04	-0.31	50_F	[25.23552174 10.99517391 37.8693913 ]
-0.14	 -0.28	0.04	0.32	50_F	[29.655625    7.681125   41.03958333]
-0.24	 -0.52	-0.09	0.41	50_F	[29.03293333 12.2838     38.10493333]
-1.92	 -0.65	0.58	0.86	50_F	[30.70373684 10.63642105 40.05110526]
0.04	 0.92	0.07	-0.36	51_N	[26.07171429  3.69328571 41.92442857]
0.04	 1.1	0.11	-0.46	51_N	[25.08866667  3.48733333 42.666     ]
-0.13	 -0.57	-0.15	0.13	51_N	[23.1267  3.2393 43.6074]
-0.23	 -0.76	0.11	0.32	51_N	[24.08159375  5.10946875 44.20103125]
0.03	 0.67	0.04	-0.28	51_N	[21.772125  3.2275   43.736875]
-0.01	 -0.14	-0.05	-0.06	51_N	[26.1275625  5.17175   42.432625 ]
0.01	 0.37	0.01	-0.13	51_N	[24.34534286  2.2296     41.82057143]
-0.03	 0.4	0.0	-0.04	51_N	[20.91080769  4.79630769 44.1505    ]
0.08	 0.86	0.05	-0.3	52_I	[26.64122222  3.10722222 41.356     ]
0.12	 1.66	0.23	-0.49	52_I	[27.10208333  1.89566667 40.91716667]
-0.14	 -0.17	0.03	0.11	52_I	[29.22795122  1.8594878  41.20434146]
0.01	 -0.06	0.0	-0.13	52_I	[31.2951  2.9602 38.5945]
0.05	 -0.04	0.05	-0.2	52_I	[30.9005     6.8698125 37.9465625]
-0.09	 -0.17	-0.1	0.06	52_I	[27.74925  4.7466  41.3731 ]
-0.01	 -0.13	-0.01	-0.03	52_I	[30.002    4.93505 39.967  ]
-0.0	 -0.07	-0.01	-0.06	52_I	[31.51587097  3.68929032 37.02770968]
0.14	 0.5	-0.02	-0.2	52_I	[31.09075  1.724   38.882  ]
-0.08	 -0.28	-0.07	0.16	52_I	[30.7738125  7.0893125 39.183875 ]
0.08	 0.31	-0.09	-0.09	52_I	[31.4619  6.0112 36.8138]
0.06	 1.47	0.08	-0.3	53_K	[29.18583333 -2.19283333 40.456     ]
0.11	 1.55	0.1	-0.34	53_K	[27.499      -1.792      41.71188889]
0.08	 0.5	-0.07	-0.25	53_K	[26.61109091 -2.72481818 44.80654545]
-0.0	 0.37	-0.21	0.03	53_K	[29.7935    -0.6763125 41.012875 ]
0.09	 0.92	0.08	-0.28	53_K	[28.83984 -3.26632 40.28124]
-0.14	 -0.47	-0.2	0.18	53_K	[28.0136875 -1.2478125 42.1176875]
0.14	 0.59	0.02	-0.26	53_K	[26.15672727  0.46086364 41.28213636]
0.06	 0.58	-0.05	-0.19	53_K	[24.01523077 -0.91657692 42.41434615]
-0.01	 -0.48	-0.17	0.07	53_K	[27.73585714 -3.08692857 43.23621429]
-0.12	 -0.27	-0.09	0.31	53_K	[25.87764516 -1.28590323 44.10316129]
-0.15	 -0.65	0.05	0.11	54_T	[32.26096667 -3.69863333 39.9336    ]
0.08	 1.3	0.11	-0.41	54_T	[33.531    -0.249375 39.127375]
-0.18	 -0.47	-0.17	0.23	54_T	[33.11185185  1.1717037  38.0572963 ]
0.01	 0.62	0.03	-0.1	54_T	[35.44718182 -2.64927273 38.22309091]
0.0	 0.22	0.08	-0.16	54_T	[31.17703333 -0.84526667 39.81086667]
-0.21	 -0.82	-0.02	0.31	54_T	[33.68566667 -1.27305556 39.7385    ]
0.05	 0.61	-0.04	-0.16	54_T	[33.44777778  1.26827778 36.44788889]
-0.07	 0.21	-0.03	-0.01	54_T	[36.00986111 -1.22802778 37.11838889]
0.04	 0.19	-0.02	-0.09	54_T	[34.90786364 -3.83622727 37.47872727]
0.18	 1.21	0.09	-0.35	55_L	[34.0038     -5.95606667 36.44406667]
0.02	 0.16	-0.04	-0.06	55_L	[30.66290909 -6.97445455 39.43872727]
-0.11	 -0.16	-0.01	0.01	55_L	[33.248      -5.89210526 38.50731579]
-0.07	 0.16	-0.14	0.04	55_L	[30.09582353 -7.84782353 38.57464706]
-0.09	 0.41	-0.12	-0.06	55_L	[30.27033333 -5.72238095 39.89438095]
0.15	 -0.03	-0.01	-0.17	55_L	[28.71766667 -8.48973333 36.9214    ]
0.21	 0.62	0.15	-0.41	55_L	[27.87338462 -7.70323077 38.47861538]
0.19	 1.44	0.19	-0.46	55_L	[28.9651875 -4.8410625 40.1138125]
0.12	 1.21	-0.05	-0.26	56_E	[33.70783333 -7.36766667 37.2265    ]
0.09	 1.37	0.13	-0.36	56_E	[ 31.77358333 -11.50508333  34.79841667]
-0.14	 -0.54	0.01	0.18	56_E	[ 30.47185185 -10.53677778  36.53437037]
0.03	 0.99	-0.08	-0.07	56_E	[34.93145455 -9.48945455 36.576     ]
0.07	 1.1	0.18	-0.26	56_E	[ 33.81566667 -11.42        34.828     ]
-0.03	 0.23	-0.13	-0.04	56_E	[ 36.5305     -10.61355556  34.67788889]
-0.28	 -0.88	0.08	0.3	56_E	[ 35.60545238 -12.23221429  35.01221429]
-0.16	 -0.3	0.06	0.18	56_E	[ 37.15012821 -10.06894872  33.12725641]
-0.03	 -0.45	-0.03	0.09	56_E	[32.50257143 -8.36857143 37.88007143]
-0.02	 0.15	0.01	-0.0	56_E	[35.23283333 -8.13223333 35.612     ]
-0.09	 0.08	0.02	0.03	56_E	[ 33.64026087 -10.56004348  36.40165217]
0.12	 0.92	0.1	-0.32	56_E	[ 33.04014286 -11.68978571  34.13992857]
0.08	 1.36	0.16	-0.49	57_H	[ 27.2926 -12.4777  34.7378]
0.05	 0.6	-0.04	-0.14	57_H	[ 26.11654545 -13.443       33.85090909]
0.01	 0.35	-0.21	-0.02	57_H	[ 30.30333333 -12.2636      34.94393333]
0.19	 1.52	0.17	-0.41	57_H	[27.87336842 -9.78215789 35.41994737]
-0.24	 -0.6	-0.05	0.28	57_H	[ 27.72386957 -12.18395652  35.37213043]
-0.12	 -0.37	-0.11	0.18	57_H	[ 24.946625   -14.022625    34.25403125]
0.06	 1.21	-0.07	-0.18	58_R	[ 31.15033333 -14.98166667  30.074     ]
-0.06	 0.05	0.02	-0.07	58_R	[ 32.48291667 -14.49816667  29.99833333]
-0.12	 -0.14	-0.05	0.12	58_R	[ 32.02255 -13.38505  28.2099 ]
0.11	 1.31	0.11	-0.33	58_R	[ 29.98566667 -15.16366667  29.65566667]
-0.0	 0.5	0.01	-0.09	58_R	[ 28.10176923 -15.011       31.85630769]
0.09	 0.74	-0.02	-0.2	58_R	[ 26.85959259 -14.94418519  27.40040741]
-0.06	 -0.05	-0.02	0.01	58_R	[ 27.55696667 -16.20746667  28.65866667]
-0.0	 0.38	-0.09	-0.05	58_R	[ 28.724      -14.2875      25.90714286]
-0.07	 0.1	0.15	-0.09	58_R	[ 30.31346667 -13.5424      33.5989    ]
-0.14	 -0.31	-0.0	0.26	58_R	[ 30.94314815 -15.17996296  31.61507407]
0.06	 0.27	0.03	-0.22	58_R	[ 30.24461111 -14.58        28.69627778]
-0.21	 -0.34	0.1	0.11	58_R	[ 28.379      -15.836       30.85666667]
0.05	 0.36	-0.18	0.03	58_R	[ 28.17836364 -14.37827273  32.66427273]
0.01	 0.05	-0.06	-0.1	58_R	[ 25.708      -14.70288235  30.71476471]
-0.24	 -0.91	0.02	0.34	58_R	[ 27.2282 -16.4762  29.6452]
-0.33	 -1.59	0.33	0.59	58_R	[ 28.16025 -17.2002   27.6101 ]
0.12	 1.42	-0.02	-0.29	58_R	[ 28.78618182 -13.19490909  25.04209091]
-0.24	 -0.82	-0.04	0.31	58_R	[ 27.99663636 -15.60806061  25.45818182]
-0.01	 0.43	-0.06	-0.02	59_G	[ 33.24828571 -14.29314286  31.50128571]
-0.12	 -0.76	-0.06	0.15	59_G	[ 35.15884615 -13.52007692  30.641     ]
0.07	 1.1	-0.02	-0.14	59_G	[ 33.991625  -11.0070625  28.5369375]
-0.12	 -0.38	0.1	0.16	59_G	[ 36.16138889 -10.24933333  29.97936111]
-0.03	 -0.25	-0.05	0.06	59_G	[ 33.22511765 -13.21141176  32.96929412]
-0.08	 -0.52	-0.01	0.19	59_G	[ 35.69457895 -12.92568421  31.77542105]
-0.2	 -0.6	0.05	0.32	59_G	[ 34.725   -13.2991   29.28255]
0.12	 1.48	-0.01	-0.29	60_F	[ 32.8562 -10.2142  27.6894]
0.12	 1.91	0.16	-0.4	60_F	[ 32.41633333 -11.08622222  27.73333333]
-0.05	 0.12	0.04	-0.1	60_F	[32.98731579 -9.39242105 26.79747368]
-0.03	 -0.19	-0.12	-0.02	60_F	[ 31.3095    -12.0629375  26.614125 ]
-0.14	 -0.77	-0.06	0.02	60_F	[32.5392     -9.65726667 25.34006667]
-0.06	 -0.34	0.04	-0.03	60_F	[ 31.10688235 -11.69005882  25.30105882]
0.04	 0.71	-0.05	-0.15	60_F	[34.2585     -8.19971429 28.42092857]
0.07	 0.46	-0.01	-0.09	60_F	[32.87569231 -7.04446154 26.49603846]
0.11	 0.6	0.05	-0.33	60_F	[ 30.29281818 -13.03127273  27.02527273]
0.03	 0.2	-0.01	-0.14	60_F	[31.88266667 -8.0216     24.13746667]
0.01	 0.34	-0.08	-0.08	60_F	[ 29.86311538 -11.6915      24.3465    ]
0.03	 2.28	-0.06	-0.09	61_K	[36.84209091 -5.55227273 31.07736364]
0.12	 0.95	0.05	-0.28	61_K	[36.12625  -6.358875 34.209   ]
0.0	 -0.25	-0.02	-0.06	61_K	[38.14221429 -4.78378571 32.81907143]
0.06	 0.95	0.03	-0.21	61_K	[37.67925  -3.829125 36.183875]
-0.0	 -4.73	-0.01	-0.08	61_K	[39.726      -3.3625     35.86566667]
0.04	 0.31	0.06	-0.02	61_K	[35.48964706 -6.83282353 29.89494118]
-0.05	 -0.37	-0.17	0.05	61_K	[36.51792857 -7.20678571 32.29221429]
0.13	 -0.23	0.08	-0.2	61_K	[36.38838462 -5.03292308 30.27038462]
0.04	 0.23	-0.09	-0.15	61_K	[35.39717391 -5.57504348 35.23465217]
-0.2	 -0.67	0.11	0.06	61_K	[38.07813043 -5.6313913  33.60878261]
-0.1	 0.03	-0.29	0.13	61_K	[38.53081818 -3.40336364 32.22209091]
0.14	 1.64	0.24	-0.51	61_K	[37.3339 -1.6201 35.6287]
-0.14	 -0.3	-0.03	0.14	61_K	[37.01415385 -4.37038462 36.30157692]
-0.27	 -0.73	-0.04	0.42	61_K	[38.8148     -2.38543333 36.4997    ]
-0.25	 -0.63	0.09	0.33	61_K	[39.78434615 -4.35111538 34.95746154]
-0.17	 -0.28	0.0	0.22	61_K	[39.51747826 -2.1143913  33.91121739]
0.14	 1.18	0.01	-0.28	63_N	[32.00333333  2.55841667 32.24958333]
-0.13	 -0.56	-0.15	0.1	63_N	[33.39378571  2.21214286 33.50035714]
0.06	 0.04	0.07	-0.1	63_N	[34.29679167  0.988875   34.91095833]
-0.07	 0.09	-0.01	0.03	63_N	[34.44684211  1.64568421 31.92173684]
0.12	 0.68	-0.0	-0.27	63_N	[31.7254      2.66706667 34.82453333]
0.05	 0.37	-0.09	-0.14	63_N	[35.19666667  1.18066667 33.183     ]
0.06	 0.79	0.01	-0.21	63_N	[33.20780769  1.41       30.76257692]
0.04	 0.53	-0.12	-0.05	65_W	[32.051125   6.6619375 34.6169375]
0.07	 0.26	0.03	-0.29	65_W	[31.08865517  8.7507931  34.81082759]
0.09	 0.83	0.0	-0.25	65_W	[31.47606061  4.21851515 33.5109697 ]
-0.14	 -0.43	0.01	0.25	65_W	[32.45977273  6.54331818 33.74959091]
0.14	 1.64	0.14	-0.44	65_W	[29.8204 10.038  36.0461]
-0.24	 -0.56	-0.15	0.47	65_W	[31.44190323  9.09158065 35.08345161]
0.13	 0.97	-0.03	-0.27	67_V	[21.56114286 11.84080952 36.24319048]
0.13	 0.85	0.08	-0.33	67_V	[22.6435     10.9788     37.40246667]
0.12	 0.91	-0.01	-0.27	68_G	[17.3914   7.51795 39.47385]
0.09	 0.67	0.01	-0.23	69_G	[15.77113333  8.87493333 39.32853333]
0.13	 1.63	0.08	-0.32	70_Q	[12.32183333 13.31433333 39.82266667]
0.09	 1.04	0.25	-0.6	70_Q	[13.27265 11.32265 42.13115]
-0.01	 0.42	0.08	-0.23	70_Q	[15.21817857 13.35457143 42.68392857]
-0.17	 -0.28	-0.06	0.15	70_Q	[14.50902703 14.65678378 42.51986486]
0.04	 0.53	-0.1	-0.02	70_Q	[14.01376471 11.54982353 43.95794118]
0.2	 1.85	0.11	-0.38	70_Q	[11.74809091 12.29463636 39.38336364]
0.03	 -0.05	-0.01	-0.14	70_Q	[12.92947059 14.44911765 40.14223529]
-0.22	 0.04	-0.31	0.34	70_Q	[12.16107692 11.59369231 41.33092308]
0.16	 0.91	0.02	-0.26	70_Q	[14.90810714 10.17339286 41.1015    ]
-0.06	 -0.11	-0.07	0.03	70_Q	[14.95464286 12.87235714 44.62485714]
0.11	 0.59	0.02	-0.23	71_K	[14.44827273 16.93004545 34.36872727]
-0.04	 0.6	0.01	-0.05	71_K	[ 9.8824 16.2727 37.1613]
0.01	 0.57	-0.05	-0.13	71_K	[11.33382609 18.09113043 35.83982609]
0.08	 0.75	0.03	-0.21	71_K	[ 9.78525  16.882625 34.6425  ]
-0.03	 0.19	-0.07	-0.01	71_K	[ 9.54766667 18.28416667 33.63488889]
-0.02	 0.13	-0.03	-0.07	71_K	[ 7.72554545 17.08354545 32.14409091]
0.02	 -0.19	-0.09	-0.05	71_K	[11.02475862 13.54503448 37.96086207]
-0.05	 -0.32	-0.06	0.06	71_K	[ 9.83319048 14.61419048 36.48619048]
-0.13	 -0.47	-0.09	0.14	71_K	[11.35842105 17.07431579 37.84052632]
-0.22	 -1.29	0.02	0.32	71_K	[10.141   18.49265 35.81285]
-0.07	 0.34	-0.01	-0.02	71_K	[12.18822727 17.40986364 34.23213636]
0.08	 0.72	0.1	-0.34	71_K	[10.94421053 15.64005263 32.54926316]
-0.01	 -0.62	-0.05	0.06	71_K	[ 8.68968421 15.43973684 34.92168421]
-0.2	 -0.95	0.1	0.36	71_K	[ 8.44983333 18.64994444 34.25633333]
-0.23	 -0.66	0.15	0.38	71_K	[10.46472727 18.10759091 32.45613636]
-0.37	 -0.8	0.27	0.54	71_K	[ 7.68880952 18.06957143 31.78485714]
-0.1	 0.03	2.86	0.82	71_K	[ 8.54932353 15.51508824 31.73726471]
-0.24	 -0.5	1.08	0.71	71_K	[ 7.15084 16.12664 33.09604]
0.09	 1.37	0.05	-0.33	72_S	[13.02233333 17.8285     37.43933333]
0.05	 1.03	0.11	-0.33	72_S	[13.44275 18.22775 37.2995 ]
0.1	 0.75	0.09	-0.32	72_S	[17.62611765 18.41623529 37.01423529]
-0.04	 0.2	0.36	-0.52	72_S	[15.45927273 18.1435     39.70113636]
0.08	 1.28	-0.01	-0.21	72_S	[15.56386957 16.57908696 40.27208696]
0.1	 0.55	0.01	-0.17	72_S	[12.85692308 16.179      39.06161538]
-0.11	 -0.35	-0.07	0.2	72_S	[14.64253333 18.60203333 36.43633333]
-0.22	 -0.43	0.01	0.39	72_S	[16.50121739 18.98926087 39.27417391]
-0.19	 -0.58	-0.01	0.34	72_S	[13.65774074 18.45937037 39.30055556]
-0.18	 -0.4	-0.11	0.22	72_S	[15.8081     16.83976667 41.21426667]
0.07	 0.47	-0.09	0.07	73_L	[17.976      14.33033333 40.907     ]
-0.03	 -0.05	-0.15	0.02	73_L	[19.86570968 15.55470968 40.08048387]
0.25	 1.56	0.29	-0.54	73_L	[20.3004  13.2342  36.69265]
0.13	 0.85	0.07	-0.33	73_L	[17.06623529 14.54729412 40.87676471]
0.18	 1.56	0.17	-0.43	73_L	[17.83028571 13.44178571 41.56064286]
-0.15	 -0.1	-0.09	0.16	73_L	[19.343      14.86180952 41.30071429]
0.02	 0.25	-0.05	-0.14	73_L	[21.04193103 13.48717241 38.573     ]
-0.0	 -0.25	-0.05	-0.01	73_L	[19.21959091 16.58277273 39.33722727]
0.09	 0.53	-0.1	-0.16	74_R	[16.6855 15.487  31.2938]
0.06	 -0.13	0.02	-0.15	74_R	[18.33334783 14.29456522 30.40756522]
0.05	 0.65	-0.0	-0.17	74_R	[14.56255556 14.45077778 31.37577778]
0.1	 1.6	0.14	-0.4	74_R	[10.00578947 12.36473684 36.12936842]
-0.05	 -0.05	0.09	-0.08	74_R	[15.12407143 15.70007143 32.403     ]
0.01	 0.32	0.01	-0.16	74_R	[15.3922381  13.54690476 30.67761905]
0.11	 0.77	0.06	-0.25	74_R	[13.12826316 14.83063158 32.46936842]
0.1	 1.21	-0.07	-0.22	74_R	[11.53455556 14.59677778 31.86488889]
0.1	 0.71	-0.13	-0.2	74_R	[ 8.93179592 13.03322449 32.47971429]
0.04	 0.2	-0.19	-0.1	74_R	[ 8.98986364 12.37418182 34.97795455]
-0.02	 -0.36	-0.24	-0.06	75_S	[16.50725  16.63225  32.201375]
-0.01	 0.89	-0.08	-0.15	75_S	[17.02433333 17.41833333 31.44766667]
0.12	 1.47	0.28	-0.53	75_S	[20.35746154 17.11192308 31.28207692]
0.04	 0.63	0.02	-0.2	75_S	[21.1069375  17.869625   30.55964583]
-0.1	 -0.09	0.0	-0.04	75_S	[18.393  19.6524 31.9374]
0.09	 1.25	0.05	-0.26	75_S	[20.39611111 19.37511111 33.35327778]
0.12	 1.66	0.28	-0.54	75_S	[16.236125 16.9185   33.247   ]
-0.23	 -0.04	-0.11	0.25	75_S	[18.17745455 17.11218182 30.41527273]
-0.23	 -1.03	0.03	0.4	75_S	[19.06457143 19.72209524 31.31528571]
-0.15	 -0.17	0.07	0.1	75_S	[16.69012903 18.59106452 32.87206452]
-0.13	 -0.32	-0.06	0.16	75_S	[18.90397297 20.24235135 34.42494595]
0.04	 1.03	-0.06	-0.1	76_Y	[22.99188889 15.20688889 36.00644444]
-0.11	 -0.53	-0.1	0.11	76_Y	[23.23766667 16.67983333 36.52383333]
0.03	 0.04	-0.07	-0.07	76_Y	[21.94673333 16.47466667 37.419     ]
0.01	 0.08	0.03	-0.21	76_Y	[23.31675676 18.37113514 34.87424324]
0.03	 0.04	-0.06	-0.07	76_Y	[20.75422222 18.52422222 37.83588889]
-0.08	 -0.74	-0.11	0.1	76_Y	[22.8580625  19.8823125  35.49071875]
0.02	 0.41	0.08	-0.18	76_Y	[21.78229167 19.66775    36.92779167]
-0.26	 -0.92	-0.02	0.41	76_Y	[20.98315152 20.90427273 37.57393939]
0.1	 0.16	0.04	-0.27	76_Y	[21.75691304 14.283      35.86430435]
0.09	 0.07	-0.02	-0.21	76_Y	[24.45810526 15.37489474 35.05315789]
-0.08	 -0.11	-0.39	0.21	76_Y	[24.56144444 18.81388889 34.13      ]
-0.23	 -0.66	-0.3	0.22	76_Y	[19.45313333 18.6222     38.17393333]
-0.19	 -1.0	-0.06	0.48	76_Y	[24.0453 20.3357 35.049 ]
-0.25	 -1.04	0.16	0.43	76_Y	[22.56846154 21.73096154 37.01315385]
0.11	 0.39	-0.01	-0.3	77_W	[16.29357143 11.87109524 29.55238095]
0.18	 0.67	-0.01	-0.2	77_W	[19.5225   13.142125 29.36575 ]
0.03	 -0.46	-0.19	-0.07	77_W	[17.34896 11.45588 28.75004]
0.21	 1.2	0.46	-0.55	77_W	[15.54947059 10.61447059 28.52223529]
0.19	 1.52	0.27	-0.52	78_R	[27.18946154 13.692      27.58753846]
0.07	 0.47	-0.12	-0.06	78_R	[23.68       17.66153846 29.23384615]
-0.04	 -0.44	-0.05	0.05	78_R	[23.3789375 18.54925   26.35175  ]
-0.02	 0.62	0.09	-0.22	78_R	[20.59027273 17.59181818 26.68172727]
-0.07	 -0.3	0.02	0.02	78_R	[20.67355556 17.65316667 25.0705    ]
-0.14	 0.27	-0.04	0.26	78_R	[22.19921429 16.91078571 23.509     ]
-0.08	 -0.17	-0.16	0.09	78_R	[19.14887097 16.38332258 25.18864516]
0.16	 0.92	0.11	-0.39	78_R	[20.907      15.17584211 29.39331579]
0.14	 0.96	0.0	-0.24	78_R	[20.86485714 14.81935714 27.61503571]
0.12	 1.17	0.32	-0.67	78_R	[23.0845 17.4379 29.8999]
0.09	 0.52	-0.08	-0.19	78_R	[24.93169231 17.44338462 28.18361538]
-0.24	 -0.79	0.1	0.36	78_R	[22.63652381 18.985      27.79390476]
-0.07	 -0.53	0.01	0.03	78_R	[23.70738889 17.90983333 25.43788889]
-0.11	 0.22	-0.1	0.0	78_R	[20.26947368 17.58247368 27.57189474]
0.04	 0.45	-0.06	-0.08	78_R	[23.57361111 15.93094444 24.08855556]
-0.04	 -0.16	-0.01	0.03	78_R	[21.09953846 16.41015385 23.00892308]
-0.3	 -1.07	0.28	0.55	78_R	[18.48152381 17.05042857 26.00204762]
-0.07	 -0.5	-0.49	0.31	78_R	[18.58695 16.095   23.91505]
0.05	 0.94	0.18	-0.39	79_N	[28.3394 14.9484 30.2458]
0.15	 2.21	0.02	-0.27	79_N	[27.926375 13.333625 28.75225 ]
-0.17	 -0.21	-0.04	0.16	79_N	[29.09614286 13.04651429 30.81625714]
0.06	 0.34	-0.02	-0.2	79_N	[27.31873333 15.69306667 32.4426    ]
-0.15	 -0.63	-0.08	0.19	79_N	[27.3221 17.3725 32.3886]
-0.17	 -0.47	-0.01	0.24	79_N	[26.77988095 17.78078571 30.07904762]
-0.12	 -1.01	0.01	0.17	79_N	[26.27457143 17.47885714 33.32485714]
-0.07	 0.14	-0.29	0.07	79_N	[27.6845     15.40383333 28.70245833]
0.11	 0.98	0.51	-0.7	79_N	[26.224875 15.014125 33.539875]
-0.1	 -0.49	0.1	-0.01	79_N	[28.19854545 15.25718182 32.10213636]
-0.07	 -0.03	-0.07	0.08	79_N	[24.46752778 18.28358333 31.88527778]
0.03	 0.12	-0.05	-0.08	79_N	[25.55141176 16.33252941 33.91317647]
0.1	 1.54	-0.02	-0.26	80_Y	[29.066  11.7248 32.9446]
-0.04	 -0.7	-0.2	0.01	80_Y	[28.60935714 12.81642857 33.90721429]
0.14	 1.53	0.22	-0.47	80_Y	[24.75822222 11.82655556 36.28477778]
0.06	 0.72	-0.13	-0.29	80_Y	[26.84009524 14.00909524 34.42109524]
-0.12	 0.09	-0.11	0.14	80_Y	[26.08405882 13.45420588 36.62858824]
0.26	 1.16	0.12	-0.38	80_Y	[28.987375  10.7005625 29.5635625]
0.16	 0.7	-0.0	-0.1	80_Y	[29.41213333 10.65806667 32.81613333]
-0.05	 0.24	-0.02	-0.01	80_Y	[29.428375   11.54133333 35.30791667]
0.07	 0.3	-0.03	-0.17	80_Y	[23.70022727 12.92445455 35.61881818]
-0.18	 -0.51	0.22	0.17	80_Y	[28.02142105 13.56894737 36.76915789]
0.16	 1.45	0.38	-0.61	81_F	[20.3865     13.6595     25.32091667]
0.12	 0.51	-0.01	-0.18	81_F	[19.72790625 12.33946875 26.930375  ]
0.08	 0.63	-0.11	-0.19	82_E	[31.27288889  8.82038889 27.80427778]
-0.12	 -0.43	-0.1	0.16	82_E	[32.0655   10.98925  27.021625]
0.02	 0.62	-0.05	-0.17	82_E	[30.73327273 13.61281818 25.331     ]
-0.03	 0.35	-0.06	-0.03	82_E	[31.24511111 12.39644444 22.90455556]
-0.28	 -0.94	0.12	0.43	82_E	[32.75258824 11.208      22.988     ]
-0.02	 0.3	-0.03	-0.09	82_E	[29.94042857 11.64632143 22.05496429]
0.18	 1.24	0.2	-0.47	82_E	[28.36456667 12.2718     27.1467    ]
-0.04	 0.06	0.01	-0.11	82_E	[30.46770588 11.12011765 27.64497059]
-0.02	 -0.29	0.0	0.1	82_E	[32.64052632 10.36152632 25.95047368]
0.09	 0.95	-0.02	-0.19	82_E	[29.4097 13.3086 25.9668]
-0.31	 -0.73	-0.06	0.41	82_E	[31.55804545 13.61904545 25.46977273]
-0.02	 0.26	-0.24	0.08	83_S	[32.22733333  7.24       23.57366667]
0.19	 1.42	0.05	-0.33	83_S	[30.65953846  4.03907692 23.99269231]
0.18	 1.56	0.08	-0.33	83_S	[31.94754545  3.67       26.32481818]
-0.22	 -0.63	-0.02	0.14	83_S	[33.87307143  6.33121429 25.34214286]
-0.09	 -0.08	-0.08	0.09	83_S	[32.82258621  6.8042069  27.54537931]
0.02	 0.35	-0.05	-0.06	83_S	[30.51558065  8.588      23.18796774]
-0.22	 -0.5	-0.09	0.28	83_S	[31.24659259  5.99818519 23.23677778]
-0.04	 -0.19	-0.19	0.24	83_S	[33.39833333  4.66248148 24.88566667]
-0.17	 -0.44	0.02	0.12	83_S	[33.27355556  7.84874074 24.70192593]
0.12	 1.42	0.22	-0.51	84_T	[29.2065    5.617875 23.598375]
-0.01	 0.27	-0.09	-0.02	84_T	[27.76090698  4.03123256 22.5674186 ]
0.2	 1.39	0.13	-0.39	84_T	[28.5827  6.5751 23.5759]
0.13	 0.46	-0.02	-0.18	85_D	[30.594       1.74330435 22.66304348]
0.13	 1.22	0.09	-0.4	85_D	[32.16653846  1.27284615 26.24742308]
0.16	 0.75	0.03	-0.28	85_D	[28.41911765  1.72741176 22.19652941]
0.11	 0.4	0.01	-0.22	92_D	[ 4.99762963  1.42162963 38.49807407]
0.1	 0.68	0.01	-0.23	94_A	[ 2.74366667  0.99233333 37.20977778]
-0.03	 -0.03	0.1	-0.06	94_A	[ 0.33417647  0.80402941 36.60632353]
0.08	 1.16	0.02	-0.26	94_A	[ 2.18190909 -0.54163636 38.08545455]
0.02	 0.24	-0.08	-0.06	94_A	[ 0.68577778 -1.803      37.62581481]
0.17	 0.98	0.02	-0.23	94_A	[ 3.49294444 -0.43716667 38.15761111]
0.05	 1.53	-0.07	-0.18	95_D	[ 3.03266667  3.26866667 37.29633333]
-0.08	 -0.56	0.0	0.02	95_D	[ 3.0438      4.75073333 37.41313333]
-0.08	 -0.03	-0.11	0.04	95_D	[ 4.27905  6.13685 37.5855 ]
0.04	 0.54	-0.06	-0.08	95_D	[ 1.60816667  5.80658333 36.267     ]
-0.02	 0.1	-0.06	-0.01	95_D	[ 1.11527778  2.88572222 36.392     ]
0.09	 -0.02	0.09	-0.25	95_D	[ 3.8205   2.89255 37.47755]
0.17	 1.65	0.1	-0.37	96_R	[-1.44225   4.745625 31.48625 ]
-0.0	 0.13	-0.01	-0.0	96_R	[-4.13793103e-04  5.41351724e+00  3.00578621e+01]
0.08	 0.05	-0.1	-0.18	96_R	[-2.24833333  1.55611111 31.39377778]
0.02	 0.71	-0.15	-0.28	96_R	[-2.751       3.29210526 33.67715789]
0.04	 0.98	-0.09	-0.18	96_R	[-2.95438462  2.112      33.68953846]
-0.06	 0.44	-0.09	0.02	96_R	[-4.1913  2.3145 33.9773]
-0.1	 -0.44	0.03	0.04	96_R	[-4.6314  1.7153 35.3421]
-0.08	 -0.31	-0.0	0.04	96_R	[-3.63325     0.16525    36.23267857]
-0.2	 -0.05	0.0	0.25	96_R	[-6.39714286  2.06542857 35.60647619]
0.18	 1.54	0.29	-0.55	96_R	[ 0.54772727  2.69536364 30.24318182]
-0.15	 -0.18	0.01	0.11	96_R	[-1.48946429  2.67589286 30.65560714]
0.01	 -0.07	-0.1	-0.07	96_R	[-1.11083333  3.53627778 34.98322222]
-0.15	 -0.24	-0.13	0.13	96_R	[-3.00491304  4.11052174 33.01743478]
0.02	 0.39	0.02	-0.19	96_R	[-2.57727586 -0.06489655 33.00155172]
0.09	 0.87	0.05	-0.19	96_R	[-1.81390909  1.93881818 35.64136364]
-0.24	 -1.05	0.13	0.36	96_R	[-4.75138889  2.98916667 33.40966667]
0.08	 0.72	-0.06	-0.18	96_R	[-2.31023077 -0.3964359  35.8004359 ]
-0.31	 -1.29	0.05	0.49	96_R	[-4.84732  0.10072 37.144  ]
-0.28	 -1.2	0.17	0.47	96_R	[-6.439375    2.8195     34.45945833]
-0.31	 -1.07	0.34	0.6	96_R	[-6.77504762  1.33747619 36.53652381]
-0.04	 0.04	-0.1	-0.01	97_Q	[ 0.96594872  8.74746154 30.673     ]
0.25	 0.47	0.81	-1.74	97_Q	[-0.16142857  7.16357143 36.23714286]
0.05	 0.79	0.02	-0.26	97_Q	[ 0.06928571  9.31       34.36171429]
-0.14	 -0.59	-0.07	0.17	97_Q	[-1.23679167  9.443375   35.65525   ]
-0.28	 -0.97	0.17	0.44	97_Q	[-1.32917949 11.10048718 35.76133333]
-0.1	 -0.42	-0.02	0.21	97_Q	[-2.12660714  8.04453571 36.18496429]
0.14	 1.55	0.09	-0.34	97_Q	[-0.17714286  4.77842857 35.07128571]
-0.03	 -0.3	-0.0	0.05	97_Q	[-1.54303704  6.85822222 32.68733333]
-0.09	 -0.47	-0.44	0.17	97_Q	[-1.56209524  6.00704762 34.78647619]
0.05	 0.44	-1.03	1.9	97_Q	[ 0.68019048  7.284      36.15304762]
-0.08	 -0.21	-0.19	0.04	97_Q	[ 1.32011111  9.57177778 35.53316667]
-0.07	 0.18	-0.02	-0.01	97_Q	[ 0.09330435  9.55991304 33.0113913 ]
-0.24	 -0.81	0.03	0.55	97_Q	[-1.8928      7.0246     36.37166667]
-0.35	 -1.19	0.38	0.62	97_Q	[-2.96390476  8.90604762 37.10880952]
0.04	 -0.79	-0.19	0.03	98_R	[ 3.16933333 10.08733333 35.41933333]
-0.01	 0.62	-0.17	-0.04	98_R	[ 5.18184615 10.89007692 34.90307692]
-0.01	 0.2	-0.05	-0.01	98_R	[ 4.948875  8.80725  37.036   ]
-0.02	 -0.43	-0.02	-0.01	98_R	[ 6.36742857  9.22735714 37.99685714]
-0.04	 -0.14	0.02	-0.09	98_R	[ 7.82505882 11.01511765 37.29429412]
0.04	 0.6	-0.05	-0.05	98_R	[ 7.34682353  7.76670588 39.03958824]
0.15	 1.48	0.17	-0.44	98_R	[ 2.4273  9.7816 32.245 ]
0.0	 0.4	-0.08	-0.1	98_R	[ 3.00424 10.46972 33.77176]
0.0	 -0.27	-0.07	-0.02	98_R	[ 3.03673684  8.58868421 35.99763158]
0.13	 0.89	0.07	-0.29	98_R	[ 6.7581     10.85823333 33.61286667]
-0.25	 -0.66	0.22	0.26	98_R	[ 4.8249  10.93145 36.08085]
0.13	 0.87	0.09	-0.39	98_R	[ 4.915       7.79675    37.03341667]
-0.08	 -0.27	-0.13	0.05	98_R	[ 7.26168421 11.45068421 35.86968421]
0.06	 0.54	-0.06	-0.11	98_R	[ 8.81366667 11.09922222 37.64466667]
0.13	 1.73	-0.0	-0.22	98_R	[ 6.2103  6.8692 38.319 ]
0.17	 1.6	0.15	-0.43	99_M	[ 3.08014286  5.72507143 26.85571429]
0.09	 1.44	0.21	-0.43	99_M	[ 1.302125   3.3818125 29.331875 ]
0.08	 0.9	0.17	-0.41	99_M	[ 1.98883333  3.32616667 27.27216667]
-0.11	 -0.12	-0.17	0.03	99_M	[ 1.52495652  4.87291304 28.04278261]
0.08	 0.69	0.01	-0.22	99_M	[ 1.7654   2.10528 27.79452]
-0.05	 -0.52	-0.16	0.08	100_Q	[ 1.73028571 11.00085714 27.43485714]
-0.09	 -0.4	-0.03	0.05	100_Q	[ 0.11607143  8.53728571 26.626     ]
-0.16	 -0.7	-0.06	0.21	100_Q	[ 0.95636364  7.74627273 24.01836364]
0.01	 0.25	-0.09	-0.08	100_Q	[ 2.8599  7.2862 23.9298]
-0.11	 -0.21	-0.09	0.14	100_Q	[ 0.65776  9.95832 23.41172]
0.14	 1.8	0.16	-0.44	100_Q	[ 1.51964286  7.30392857 28.91535714]
0.22	 1.48	0.34	-0.57	100_Q	[ 3.3580625  6.6015    25.843    ]
-0.06	 0.04	-0.07	-0.01	100_Q	[ 1.90804 10.03984 28.82636]
0.07	 0.19	0.09	-0.69	100_Q	[ 1.5354 11.0528 26.5826]
-0.1	 -0.19	-0.09	0.13	100_Q	[ 1.01890909  7.26706061 26.85739394]
-0.18	 -0.3	0.02	0.22	100_Q	[ 0.09777273 10.12718182 26.13859091]
-0.22	 -1.0	0.18	0.38	100_Q	[ 0.074625   10.56308333 24.08933333]
-0.23	 -0.51	0.12	0.33	100_Q	[ 1.88803125  9.6753125  22.55115625]
0.06	 1.48	0.28	-0.49	101_D	[ 7.6675   11.727125 28.630375]
0.13	 1.42	0.26	-0.51	101_D	[ 8.264625 11.61275  28.014375]
0.17	 1.28	0.12	-0.4	101_D	[ 7.1316  11.7214  31.34665]
-0.02	 0.43	0.43	0.23	101_D	[ 4.83990909 12.54018182 30.65975758]
-0.09	 -0.09	2.42	0.8	101_D	[ 5.4524359  13.79594872 30.06641026]
-0.11	 -0.23	-0.05	0.1	101_D	[ 3.70653488 11.72144186 31.59886047]
0.13	 1.53	0.07	-0.26	101_D	[ 6.982      12.37473333 28.19993333]
0.09	 0.35	-0.43	0.15	101_D	[ 7.87383871 12.36209677 30.42006452]
-0.01	 0.31	-0.26	0.02	103_Q	[ 5.88564286  8.21742857 20.62707143]
-0.05	 0.25	0.1	-0.06	103_Q	[ 5.21121429  9.67196429 22.15357143]
0.1	 1.1	0.09	-0.46	103_Q	[ 6.767     8.24125  19.725375]
0.17	 1.23	0.02	-0.21	103_Q	[ 4.76677778  6.53344444 21.90661111]
-0.03	 0.2	0.03	0.06	103_Q	[ 7.81681818  9.54377273 20.43872727]
0.06	 0.95	0.13	-0.18	104_R	[ 9.39266667 11.939      23.236     ]
0.12	 0.74	0.08	-0.34	104_R	[10.57977778 12.404      25.71938889]
0.04	 0.58	-0.15	-0.06	104_R	[10.74318182 12.19681818 23.54309091]
0.06	 0.05	-0.09	-0.12	104_R	[ 8.70183333 12.928      25.10116667]
0.1	 1.37	0.08	-0.32	104_R	[ 6.06846154 11.99561538 23.11984615]
-0.18	 -0.58	-0.0	0.05	104_R	[ 5.58833333 14.50973333 23.66813333]
-0.07	 0.91	-0.04	0.09	104_R	[ 5.0624 15.0756 25.2528]
-0.11	 -0.76	0.0	0.11	104_R	[ 3.759      14.39093333 25.91766667]
-0.0	 -1.17	-0.16	0.05	104_R	[ 2.60833333 12.23406667 24.9258    ]
-0.13	 1.01	0.06	0.12	104_R	[ 3.63284615 14.61153846 27.84892308]
0.11	 0.37	0.08	-0.29	104_R	[ 9.0683125 11.3875    22.6059375]
0.07	 0.81	-0.06	-0.11	104_R	[ 8.19907143 12.59592857 26.80071429]
-0.12	 -0.97	-0.11	0.34	104_R	[ 8.89930435 13.5413913  24.36195652]
-0.09	 -0.75	-0.18	0.16	104_R	[ 6.88452941 11.64194118 22.27082353]
-0.2	 -0.73	0.2	0.24	104_R	[ 7.10931818 14.60131818 23.69145455]
-0.15	 0.06	0.05	0.26	104_R	[ 4.669      13.488      23.37578261]
-0.12	 -0.18	0.06	0.12	104_R	[ 6.56347059 14.56620588 26.60355882]
0.04	 -0.14	-0.2	-0.06	104_R	[ 3.64269565 11.34091304 23.93134783]
0.04	 -0.11	0.01	-0.22	104_R	[ 2.23622222 11.99338889 26.28316667]
-0.27	 -1.25	-0.0	0.36	104_R	[ 5.08910526 14.91521053 28.34757895]
-0.04	 -0.06	-0.04	0.08	104_R	[ 2.96672 12.73896 28.3076 ]
0.17	 1.36	0.36	-0.59	105_E	[14.4606 11.2398 26.2371]
-0.04	 0.03	-0.12	0.02	105_E	[11.14047059 13.01635294 27.89005882]
-0.05	 0.16	-0.08	-0.05	105_E	[14.04355814 12.64818605 28.24148837]
-7.13	 -0.18	-0.08	0.07	105_E	[11.28631429 13.93691429 30.2384    ]
0.12	 1.15	-0.08	-0.18	105_E	[12.1986     12.59133333 26.27326667]
0.11	 0.79	0.07	-0.33	105_E	[ 9.43186957 11.93978261 28.61230435]
0.09	 1.0	-0.11	-0.15	107_Q	[12.52144444 10.88244444 20.40922222]
0.15	 1.22	0.04	-0.29	107_Q	[13.78178571 10.99621429 19.54471429]
0.02	 -0.07	-0.11	0.03	107_Q	[10.52918182 10.22909091 20.11809091]
-0.01	 0.55	0.05	-0.29	107_Q	[10.248   8.41   18.7315]
0.11	 0.47	-0.03	-0.23	107_Q	[ 9.8195      6.49       18.13135714]
-0.1	 0.24	-0.07	-0.02	107_Q	[12.30344444  6.88994444 17.89630556]
0.09	 -0.96	0.0	-0.09	107_Q	[10.41169231 10.59184615 21.28861538]
-0.09	 -0.47	0.1	0.23	107_Q	[11.569    9.79565 19.05805]
-0.01	 -0.14	-0.08	-0.02	107_Q	[ 8.74405882  7.90447059 19.11864706]
0.12	 1.04	0.08	-0.31	108_S	[12.2868     11.45806667 21.75553333]
-0.0	 1.21	-0.06	-0.18	108_S	[13.002      12.35833333 21.662     ]
0.19	 1.27	0.28	-0.5	108_S	[16.86353846 13.20638462 21.60330769]
0.03	 0.47	-0.15	-0.08	108_S	[13.61675   13.4343125 24.6389375]
-0.18	 -0.59	-0.01	0.21	108_S	[15.42968966 14.30455172 23.02982759]
-0.05	 0.18	-0.07	0.02	108_S	[14.06044 12.75168 20.77992]
-0.12	 -0.13	-0.08	0.22	108_S	[12.39965385 13.25080769 23.72480769]
0.17	 1.51	0.12	-0.39	108_S	[14.76028571 12.13264286 25.61128571]
-0.06	 -0.04	-0.24	0.16	108_S	[16.39037143 13.57745714 24.66511429]
0.06	 0.38	-0.1	-0.1	109_L	[17.8979 11.2509 26.4562]
0.13	 0.71	0.07	-0.32	109_L	[16.14864286 10.75942857 26.44532143]
0.08	 0.82	0.09	-0.31	109_L	[18.2916 11.2008 27.5926]
0.15	 0.87	0.07	-0.33	109_L	[18.52513333 11.81573333 24.88913333]
0.07	 1.32	0.22	-0.47	110_L	[16.70069231  8.02430769 17.66730769]
0.12	 0.72	-0.14	-0.11	110_L	[18.63513158  7.78168421 17.03355263]
0.06	 0.87	-0.06	-0.21	110_L	[15.3058   7.08755 18.2586 ]
0.15	 1.3	0.29	-0.53	110_L	[14.44890909  5.37590909 18.55227273]
0.16	 1.24	0.02	-0.3	110_L	[14.70333333  7.67777778 18.45522222]
0.03	 0.09	-0.04	-0.08	110_L	[16.123625    5.62541667 17.86      ]
0.08	 0.76	0.29	-0.54	111_V	[18.7964 11.2202 16.4866]
0.07	 0.79	0.06	-0.26	111_V	[20.23463636 10.23618182 17.67890909]
-0.17	 -0.46	-0.08	0.18	111_V	[20.06534286 12.74688571 17.18871429]
0.05	 0.58	-0.1	0.08	111_V	[16.94266667 12.10133333 16.32733333]
-0.09	 -0.47	-0.08	0.1	111_V	[15.00109375 10.33565625 16.78490625]
-0.01	 0.87	0.0	-0.15	111_V	[15.67836667 13.10616667 19.1994    ]
-0.1	 -0.27	-0.21	0.14	111_V	[18.42271429  9.93038095 16.3457619 ]
-0.19	 -0.35	0.05	0.22	111_V	[17.27333333 12.54738889 16.24577778]
-0.19	 -0.77	0.15	0.29	111_V	[14.695      12.01957692 16.61596154]
-0.24	 -0.53	1.02	0.5	111_V	[16.38333333  9.78228571 15.75147619]
0.03	 0.43	-0.2	-0.1	111_V	[14.62158824  9.20470588 17.81458824]
-0.28	 -1.4	0.09	0.47	111_V	[15.21621053 13.54736842 18.39442105]
-0.05	 -0.21	-0.12	0.04	111_V	[17.79904348 13.609      19.74056522]
0.12	 1.42	0.05	-0.32	112_E	[21.51825  10.984625 17.6945  ]
0.12	 0.96	0.01	-0.26	112_E	[21.81581818  9.45881818 18.17009091]
0.07	 1.26	0.06	-0.24	112_E	[19.78708333 14.58366667 21.45091667]
-0.0	 0.12	-0.02	-0.08	112_E	[22.53227586 14.56355172 22.16048276]
0.07	 0.29	0.03	-0.17	112_E	[18.64652174 14.4048913  23.2038913 ]
0.16	 0.84	0.01	-0.22	112_E	[20.51761111 13.72027778 19.884     ]
0.08	 1.24	0.04	-0.31	113_E	[22.57457143 12.19342857 17.17557143]
0.12	 0.6	-0.02	-0.17	113_E	[26.89983333  9.38975    18.2935    ]
-0.01	 0.38	-0.06	-0.12	113_E	[24.41807692 14.02530769 17.25515385]
-0.06	 -0.09	0.02	-0.1	113_E	[26.33305556 13.54638889 16.04672222]
-0.23	 -0.71	-0.06	0.24	113_E	[28.48208333 13.56375    17.05091667]
-0.1	 -0.36	-0.04	0.15	113_E	[27.8783913  14.13069565 18.7426087 ]
-0.23	 -0.71	0.07	0.34	113_E	[28.54884211 11.53126316 16.98644737]
0.03	 0.45	-0.08	-0.02	113_E	[22.82422222 13.83016667 19.24927778]
-0.07	 -0.13	-0.14	0.1	113_E	[23.12485 11.0861  16.8561 ]
-0.34	 -0.73	0.05	0.38	113_E	[23.57994118 13.64547059 16.61476471]
-0.08	 -0.88	-0.01	0.13	113_E	[24.99764286 14.33321429 19.04607143]
-0.07	 -0.34	-0.02	0.17	113_E	[25.75833333 11.34941667 15.79508333]
-0.3	 -0.84	0.24	0.51	113_E	[26.39794737 14.35694737 15.81821053]
0.07	 0.89	-0.06	-0.18	114_R	[26.5945625  8.3203125 20.0925   ]
-0.01	 -0.09	-0.05	-0.09	114_R	[27.5942069   8.27641379 21.952     ]
0.03	 0.79	-0.03	-0.17	114_R	[28.03733333 14.84533333 22.20522222]
0.01	 0.61	-0.12	-0.02	114_R	[26.35071429 14.94757143 22.70928571]
0.05	 0.59	0.09	-0.19	114_R	[26.9858     15.30657143 25.071     ]
-0.05	 -0.08	-0.15	0.09	114_R	[28.8825625 15.7826875 25.244625 ]
-0.01	 0.12	-0.22	0.03	114_R	[25.5113 16.5526 24.8625]
0.21	 1.47	0.15	-0.41	114_R	[24.31652632 13.14073684 21.34142105]
0.09	 0.37	-0.0	-0.11	114_R	[28.10533333 10.394      20.22646667]
0.03	 0.22	-0.09	-0.1	114_R	[28.999     12.7805    20.5605625]
-0.0	 0.62	-0.08	-0.0	114_R	[26.17461538 14.14346154 21.14953846]
-0.13	 -0.53	-0.03	0.16	114_R	[28.81877778 14.84359259 21.98062963]
0.16	 0.96	0.1	-0.31	114_R	[25.00141176 14.06205882 23.23852941]
-0.12	 -0.34	-0.05	0.2	114_R	[29.90943478 15.42134783 23.99730435]
-0.23	 -0.73	0.05	0.42	114_R	[28.38548148 16.74003704 26.09348148]
-0.07	 -0.62	-0.19	0.08	114_R	[26.101      16.97958824 26.61311765]
0.18	 1.1	0.11	-0.4	115_L	[25.7393  6.2091 20.5877]
0.19	 1.2	0.14	-0.41	115_L	[26.11917647  6.35094118 22.08723529]
0.12	 1.55	0.17	-0.44	116_A	[26.0563  7.4459 18.9005]
0.08	 1.06	-0.06	-0.2	116_A	[25.92917647  5.26841176 16.34635294]
-0.14	 -0.31	0.11	0.41	116_A	[26.61369231  5.33551282 18.86282051]
-0.17	 -0.87	-0.15	0.24	116_A	[24.84504167  7.981625   15.61770833]
0.1	 0.52	0.77	-0.9	116_A	[26.06628571  8.03614286 18.78728571]
0.08	 1.05	-0.14	-0.21	116_A	[22.39213793  6.97986207 17.17203448]
-0.24	 -1.02	0.21	0.47	116_A	[24.54861111  6.60938889 15.04366667]
-0.04	 0.07	-0.01	0.12	116_A	[23.72972222  8.94394444 16.29383333]
-0.16	 -1.04	0.03	0.25	116_A	[26.46263158  8.03036842 16.66647368]
0.05	 0.47	-0.23	-0.03	117_G	[24.71585714  4.63028571 15.78042857]
-0.12	 -0.54	-0.16	0.19	117_G	[25.468       2.72935714 15.90164286]
0.07	 0.84	-0.09	-0.18	117_G	[26.6313   1.791   18.77015]
0.11	 0.72	-0.02	-0.25	117_G	[24.10266667  0.10188889 17.71762963]
0.14	 0.95	0.08	-0.27	117_G	[23.12825  4.4838  15.7477 ]
-0.09	 -0.38	0.01	0.17	117_G	[24.19580769  1.82442308 16.03096154]
-0.15	 -0.44	-0.02	0.24	117_G	[26.53292857  2.24260714 16.88042857]
0.09	 0.89	0.01	-0.26	118_A	[26.05616667  3.23875    20.25083333]
0.08	 1.51	-0.03	-0.32	118_A	[26.27914286  2.85       21.196     ]
0.16	 1.3	0.1	-0.34	118_A	[26.60933333  1.99711111 21.02072222]
0.14	 1.42	0.3	-0.56	118_A	[25.8779      4.34723333 21.33686667]
0.04	 0.64	-0.14	-0.16	124_A	[ 7.66252632 -5.36710526 28.71631579]
0.11	 0.99	0.11	-0.35	124_A	[ 8.2681  -6.42325 29.4446 ]
0.17	 1.0	0.12	-0.36	125_N	[11.60682759 -3.0202069  39.49682759]
0.14	 0.72	0.55	-0.72	126_K	[ 7.1394 -4.3018 39.359 ]
0.09	 0.86	0.32	-0.46	126_K	[ 7.39945455 -3.81172727 39.60136364]
0.11	 0.84	-0.19	0.07	126_K	[ 8.11266667 -2.20166667 40.48933333]
0.13	 1.31	0.26	-0.51	126_K	[ 9.76164286  0.04757143 40.34514286]
0.08	 1.07	0.17	-0.43	126_K	[ 9.2496  1.1287 40.9468]
0.03	 0.36	0.09	-0.09	126_K	[ 9.17652 -3.74676 39.69392]
-0.0	 0.12	-0.13	0.07	126_K	[ 6.93047059 -2.31741176 40.70570588]
-0.07	 -0.06	-0.08	0.02	126_K	[ 9.79466667 -1.04777778 40.46807407]
0.09	 0.69	0.01	-0.2	126_K	[ 9.2384  1.6698 41.0376]
0.08	 0.35	-0.07	-0.14	126_K	[ 5.8617   0.34795 40.23605]
-0.21	 -0.55	-0.04	0.26	126_K	[ 7.74891667  0.42554167 41.721875  ]
0.07	 0.99	-0.03	-0.14	127_Q	[  6.24681818 -10.10263636  36.66754545]
-0.08	 -0.33	0.07	0.07	127_Q	[ 3.80425806 -9.68974194 35.82377419]
0.05	 -0.06	0.13	-0.21	127_Q	[ 7.1730625 -9.987875  34.1444375]
0.13	 1.98	-0.04	-0.21	127_Q	[ 6.21530769 -7.44861538 30.477     ]
0.18	 1.42	0.14	-0.4	127_Q	[ 6.0798125 -6.260375  30.0845625]
0.03	 0.49	-0.01	-0.13	127_Q	[ 4.66369697 -8.75372727 31.61790909]
0.05	 0.03	-0.02	-0.03	127_Q	[ 7.9534     -9.87366667 35.2336    ]
-0.14	 -0.96	-0.03	0.1	127_Q	[  5.96692308 -10.28507692  34.51523077]
0.05	 0.13	0.06	-0.25	127_Q	[ 7.61753846 -9.38407692 32.277     ]
-0.29	 -0.79	0.1	0.41	127_Q	[ 4.968      -9.92653333 32.49      ]
-0.05	 -0.65	-0.18	0.1	127_Q	[ 3.50065 -8.4046  31.32675]
0.12	 1.5	0.13	-0.36	128_D	[  6.443125 -10.235125  37.857   ]
0.11	 1.35	-0.01	-0.18	128_D	[ 2.71755556 -9.21466667 38.45877778]
-0.15	 -0.52	0.01	0.15	128_D	[ 2.59458824 -9.15129412 40.62429412]
-0.11	 -0.11	-0.12	0.0	128_D	[  6.54133333 -11.01133333  40.12133333]
0.12	 1.06	0.15	-0.33	128_D	[ 8.11280556 -6.01538889 40.20680556]
-0.06	 0.1	-0.08	0.01	128_D	[ 6.24191892 -7.24278378 42.18197297]
-0.16	 -0.24	0.01	0.3	128_D	[  4.74695 -10.80455  38.25935]
-0.03	 0.1	-0.01	-0.05	128_D	[  6.14673333 -10.04306667  41.33453333]
0.06	 0.61	-0.07	-0.08	128_D	[  7.393      -10.87028571  39.29078571]
0.13	 0.86	-0.13	-0.13	129_L	[ 1.11066667 -8.55022222 38.52844444]
0.13	 -0.01	0.02	-0.2	129_L	[ 1.39464706 -8.25676471 36.83235294]
0.08	 1.0	-0.07	0.07	129_L	[ 5.417      -4.179      40.98233333]
0.03	 0.88	-0.04	-0.08	129_L	[ 4.03638889 -1.4        40.12038889]
-0.05	 -0.88	0.01	0.01	129_L	[ 3.14581481 -4.62233333 42.51877778]
0.18	 1.76	0.09	-0.33	129_L	[ 1.15878571 -3.701      39.199     ]
0.13	 0.86	0.11	-0.36	129_L	[ 5.927      -4.61740909 40.4065    ]
-0.13	 -0.5	-0.2	0.23	129_L	[ 5.23109524 -2.00252381 41.10180952]
-0.18	 -0.94	0.03	0.21	129_L	[ 2.49286667 -1.89393333 40.0182    ]
-0.23	 -0.73	0.02	0.32	129_L	[ 4.67980769 -4.18811538 42.488     ]
-0.13	 0.09	0.01	0.07	129_L	[ 1.92864 -3.88816 41.80296]
0.04	 -0.4	-0.05	-0.01	129_L	[ 3.342      -6.68083333 42.1515    ]
0.12	 1.42	0.14	-0.41	130_P	[ 0.42       -8.38933333 39.50266667]
0.04	 1.21	0.07	-0.29	130_P	[-2.41033333 -8.03416667 37.62316667]
-0.02	 0.28	-0.08	-0.08	130_P	[-2.95192308 -6.447      37.16192308]
-0.17	 -0.76	0.04	0.22	130_P	[-1.64784375 -7.4465     35.4365    ]
-0.03	 0.0	-0.04	0.02	130_P	[-3.1599375 -6.573875  39.3914375]
-0.14	 -0.41	-0.04	0.11	130_P	[-1.782375 -7.27375  41.726125]
0.06	 0.26	0.03	-0.21	130_P	[ 0.5842     -6.8442     41.41853333]
-0.17	 -0.38	0.0	0.22	130_P	[-1.38214286 -8.72928571 37.8537619 ]
-0.16	 -0.52	-0.0	0.19	130_P	[-2.38510526 -4.98889474 39.51189474]
-0.3	 -0.94	0.19	0.49	130_P	[-3.51595238 -7.47828571 39.10004762]
-0.26	 -0.76	0.19	0.43	130_P	[-1.95845 -6.32    41.9914 ]
-0.17	 -0.63	0.07	0.31	130_P	[-1.25453846 -8.76553846 40.80034615]
-0.05	 0.08	-0.02	0.09	130_P	[-0.05516667 -4.79716667 40.70266667]
-0.04	 -0.45	-0.12	0.07	130_P	[ 1.35726667 -7.40346667 41.707     ]
0.05	 0.74	-0.19	-0.04	131_G	[-2.736      -4.78971429 37.52857143]
-0.07	 -0.24	-0.05	0.06	131_G	[-2.8732     -3.99726667 35.56373333]
0.08	 0.57	-0.09	-0.14	131_G	[-1.32330769 -4.76338462 33.64846154]
0.06	 0.75	-0.04	-0.21	131_G	[-1.5968  -2.23848 33.85016]
0.01	 -0.4	-0.09	-0.04	131_G	[-0.96814286 -3.84557143 38.24204762]
-0.29	 -1.12	0.19	0.43	131_G	[-3.10313333 -5.08046667 35.14426667]
-0.05	 0.26	-0.18	-0.01	131_G	[-2.16906977 -2.41937209 36.16951163]
0.15	 1.86	0.15	-0.41	132_A	[-0.4983 -4.9725 32.1875]
-0.1	 -0.23	-0.13	0.1	132_A	[ 0.37744737 -6.80468421 32.15836842]
0.16	 0.35	-0.01	-0.19	132_A	[ 1.93984 -7.62976 34.32236]
0.03	 0.3	-0.05	-0.1	133_L	[-0.10784615  0.22753846 28.78292308]
-0.08	 -0.43	0.09	-0.0	133_L	[-1.94039286 -1.80692857 30.72425   ]
-0.08	 -0.05	-0.07	0.13	133_L	[-0.7285     -4.74485714 30.12614286]
0.05	 0.08	0.08	-0.26	133_L	[-5.14285714e-03  9.97095238e-01  2.95990952e+01]
0.09	 0.11	0.1	-0.18	133_L	[ 0.59375 -0.253   27.62745]
-0.13	 0.58	-0.24	0.21	133_L	[-1.958      -0.50529412 30.835     ]
-0.14	 -0.46	0.07	0.19	133_L	[-1.30116667 -2.53245833 28.72958333]
-0.05	 -0.37	-0.05	0.04	133_L	[-1.4065625 -3.498     31.6764375]
0.11	 0.68	-0.05	-0.22	134_S	[ 0.57555556 -6.584      29.52222222]
0.07	 1.59	-0.04	-0.22	134_S	[ 2.045      -7.74372727 29.079     ]
0.01	 0.08	-0.0	-0.11	134_S	[ 5.05210256 -6.48989744 27.83897436]
-0.06	 0.25	0.15	-0.25	134_S	[ 0.89264706 -8.42388235 26.82882353]
0.08	 1.69	-0.08	-0.08	134_S	[ 1.52857143e-02 -6.56671429e+00  2.65148571e+01]
0.01	 0.4	0.02	-0.15	134_S	[-2.32608696e-02 -5.13660870e+00  2.82524783e+01]
-0.09	 -0.14	-0.17	0.07	134_S	[ 2.889      -8.10330435 29.4766087 ]
-0.12	 -0.53	-0.0	0.23	134_S	[ 2.59       -9.09581818 26.47645455]
-0.24	 -0.74	0.1	0.38	134_S	[ 0.39154545 -8.21654545 27.86904545]
-0.17	 -0.27	-0.06	0.16	134_S	[ 0.19542105 -7.17710526 25.06005263]
0.05	 0.74	0.02	-0.2	136_N	[ 5.61238889 -6.59330556 24.35069444]
0.08	 1.04	0.19	-0.37	136_N	[ 3.6922 -5.6334 21.1946]
0.12	 0.79	-0.11	-0.15	136_N	[ 1.47985714 -4.74371429 22.49157143]
-0.03	 0.71	-0.09	-0.05	136_N	[ 2.58491667 -4.23166667 21.35191667]
0.02	 0.65	-0.04	-0.17	136_N	[ 1.7573913  -7.0926087  21.78391304]
-0.05	 -0.16	-0.1	0.09	136_N	[ 3.41995455 -8.80086364 21.60059091]
-0.19	 -0.78	-0.03	0.25	136_N	[ 5.00830233 -8.3114186  21.13318605]
-0.12	 -0.25	-0.07	0.19	136_N	[ 2.26407143 -9.97232143 22.45939286]
0.07	 0.54	0.0	-0.06	136_N	[ 3.90664286 -8.41085714 24.94921429]
0.17	 1.35	0.25	-0.5	136_N	[ 4.85045455 -6.24545455 21.35904545]
0.09	 0.86	-0.0	-0.14	136_N	[ 0.97546154 -7.18823077 23.21907692]
-0.22	 -0.72	0.03	0.39	136_N	[ 2.05136364 -6.36427273 20.99763636]
-0.27	 -0.96	0.26	0.53	136_N	[  3.08903571 -10.91103571  21.74325   ]
-0.21	 -0.73	0.01	0.33	136_N	[ 1.27084615 -9.5845     23.28015385]
0.06	 0.99	0.09	-0.33	137_A	[ 0.98390909 -5.19827273 23.78281818]
0.03	 0.76	0.05	-0.21	137_A	[ 0.60983333 -3.24083333 23.93983333]
0.12	 0.97	0.12	-0.21	137_A	[ 1.17592308 -1.20161538 24.13853846]
-0.09	 -0.05	-0.13	0.03	137_A	[-0.41864706 -3.48447059 26.39182353]
-0.11	 0.12	-0.06	0.02	137_A	[ 0.56877778 -2.93985185 23.11937037]
-0.04	 -0.26	-0.02	0.04	137_A	[ 0.197625   -1.78741667 26.03208333]
-0.11	 -0.57	0.03	0.23	137_A	[-0.35281818 -4.81604545 25.51568182]
0.22	 1.42	0.42	-0.64	138_I	[ 6.4945625 -4.588625  27.971375 ]
0.08	 0.68	0.01	-0.27	139_Q	[ 5.82366667 -4.07333333 19.43366667]
-0.0	 0.11	-0.26	-0.0	139_Q	[ 6.10344444 -5.779      19.713     ]
-0.02	 0.17	-0.05	-0.07	139_Q	[ 8.07394872 -6.57792308 20.96217949]
-0.08	 -0.08	0.03	0.06	139_Q	[ 6.3912     -5.25393333 18.0148    ]
0.09	 0.73	0.01	-0.23	139_Q	[ 4.6943125 -4.1159375 20.5865   ]
0.14	 0.76	0.19	-0.29	139_Q	[ 5.57295 -3.0294  19.32535]
0.04	 0.65	-0.12	-0.21	139_Q	[ 6.622125 -4.69725  16.885   ]
-0.21	 -0.48	0.07	0.23	139_Q	[ 8.17354545 -6.25066667 17.85463636]
0.06	 0.65	0.39	-0.62	140_E	[ 4.3404 -2.5207 20.2831]
0.07	 1.22	0.0	-0.28	140_E	[ 4.44430769 -1.73923077 19.42069231]
-0.01	 0.51	-0.05	-0.18	140_E	[ 3.3478      2.57886667 19.9077    ]
0.09	 0.79	-0.2	0.07	140_E	[ 2.84733333 -1.71666667 19.15966667]
0.04	 0.81	0.09	-0.29	140_E	[ 1.2468      0.94356667 20.10606667]
-0.11	 -0.26	-0.09	0.09	140_E	[-0.4902  -0.61308 19.81452]
-0.33	 -0.98	0.12	0.48	140_E	[-0.616375   -2.292875   19.38615625]
-0.32	 -1.27	0.18	0.52	140_E	[-1.26152632  0.81678947 19.87797368]
0.06	 0.5	-0.21	-0.12	140_E	[ 4.4604     -0.54663333 18.85953333]
-0.04	 0.1	0.07	-0.08	140_E	[ 2.39619231 -2.69353846 20.26515385]
0.07	 0.67	-0.11	-0.13	140_E	[ 1.03077778 -0.44372222 22.24394444]
-0.14	 -0.55	-0.26	0.19	140_E	[ 1.097625   1.678375  19.8979375]
-0.16	 -0.19	0.01	0.25	140_E	[ 2.16185714 -0.55625    18.17828571]
0.13	 1.13	0.14	-0.42	141_A	[ 1.7297  0.9654 22.4889]
0.06	 1.21	0.07	-0.28	141_A	[ 1.71983333  1.747      22.61466667]
0.03	 0.19	-0.16	-0.09	141_A	[ 3.61739286  4.9095     22.68960714]
-0.1	 0.05	-0.04	-0.04	141_A	[ 1.688    2.79625 25.525  ]
-0.19	 -0.36	-0.05	0.21	141_A	[ 1.84195455  2.82559091 22.42518182]
0.03	 0.55	-0.02	-0.14	141_A	[ 2.77703333  4.17906667 25.47233333]
-0.1	 -0.12	-0.02	0.08	141_A	[ 1.41293333  1.08346667 25.13016667]
0.17	 1.23	0.13	-0.39	143_E	[ 7.91783333  5.94811111 18.12411111]
0.04	 0.71	0.02	-0.17	143_E	[ 4.56575     5.50825    20.08516667]
-0.08	 -0.1	-0.06	0.0	143_E	[ 5.215       5.889      16.80044444]
-0.26	 -0.7	0.11	0.35	143_E	[ 4.60929412  4.44229412 16.25652941]
-0.22	 -0.75	-0.02	0.35	143_E	[ 5.61585714  7.39163265 17.42240816]
0.09	 1.06	0.04	-0.27	143_E	[ 6.20187179  1.79315385 17.83482051]
0.12	 1.1	0.13	-0.39	143_E	[ 7.68775   5.533125 17.092   ]
-0.02	 -0.22	-0.17	-0.04	143_E	[ 4.12975    4.3290625 19.5561875]
0.05	 0.54	-0.11	-0.04	143_E	[ 5.1754  6.6752 19.944 ]
0.1	 0.98	0.59	-0.91	145_D	[ 9.5644 -1.839  14.2252]
0.03	 0.4	-0.08	-0.13	145_D	[ 8.11361538  0.44538462 13.78792308]
-0.07	 0.24	-0.08	-0.02	145_D	[10.36990698 -0.55818605 13.17088372]
-0.01	 0.58	0.07	-0.18	145_D	[ 7.34555556 -1.55461111 14.36611111]
-0.14	 -0.06	0.03	0.1	145_D	[ 6.39869231 -3.44730769 15.24061538]
-0.12	 -0.13	0.02	0.15	145_D	[ 8.37936111 -4.45122222 15.70558333]
-0.06	 -0.07	-0.4	0.31	145_D	[ 5.47333333 -2.175      17.28662222]
0.14	 0.69	-0.01	-0.18	145_D	[10.40446667 -2.21093333 15.11586667]
-0.2	 -0.08	-0.14	0.12	145_D	[ 6.69532258  0.134      15.69409677]
-0.34	 -0.75	0.1	0.41	145_D	[ 7.64886667 -1.6886     13.539     ]
0.11	 1.46	0.07	-0.37	146_S	[ 8.065625  1.59925  14.315625]
0.08	 0.89	-0.09	-0.14	146_S	[ 8.4805      1.896      13.53033333]
0.14	 1.54	-0.06	-0.24	146_S	[11.647   4.4872 14.9124]
-0.08	 -0.33	-0.04	0.06	146_S	[12.25169231  4.00457692 12.99342308]
-0.09	 -0.05	-0.01	-0.06	146_S	[ 8.7726087   4.85813043 14.20713043]
-0.01	 0.63	-0.02	-0.12	146_S	[ 9.73805556  5.26294444 16.09302778]
0.2	 1.84	0.27	-0.52	146_S	[ 7.80608333  1.95658333 16.19325   ]
-0.1	 -0.26	0.06	0.01	146_S	[ 9.75608333  2.16533333 12.49745833]
-0.3	 -0.69	0.09	0.41	146_S	[ 9.67704348  4.88673913 13.15265217]
-0.16	 0.05	-0.15	0.13	146_S	[ 7.40558065  3.5806129  14.83848387]
0.18	 1.51	0.23	-0.48	147_I	[13.87348148 -0.71037037 14.30881481]
0.08	 0.01	0.03	-0.11	147_I	[13.1755      4.28695455 15.94222727]
0.16	 1.34	0.2	-0.47	147_I	[14.0396875  4.6374375 17.864    ]
0.18	 1.67	0.2	-0.45	147_I	[15.95578947  3.89284211 16.758     ]
0.12	 1.34	0.02	-0.29	148_R	[17.66440741  1.67611111 12.96859259]
-0.15	 -0.43	-0.08	0.16	148_R	[18.4925    1.1428   12.006725]
-0.02	 0.42	-0.01	-0.03	148_R	[15.473       2.41009091 10.33754545]
0.07	 1.37	0.15	-0.43	148_R	[12.96492308  1.65830769 10.80484615]
-0.03	 -0.14	0.07	-0.13	148_R	[12.32152174 -0.02356522 10.91613043]
-0.16	 0.54	-0.12	0.12	148_R	[14.2522 -1.9772 11.46  ]
-0.02	 0.23	-0.01	-0.02	148_R	[15.6494  -1.70488 10.12536]
-0.15	 -0.43	-0.02	0.2	148_R	[15.16104348 -0.97217391  8.47604348]
-0.11	 0.01	-0.1	0.19	148_R	[17.33669565 -2.20265217 10.70265217]
0.1	 0.1	-0.05	-0.13	148_R	[15.41475    4.0320625 14.0439375]
0.11	 0.66	-0.05	-0.33	148_R	[16.4131  -0.2145  14.21215]
-0.14	 -0.16	0.05	0.2	148_R	[15.22668421  3.67142105 11.65247368]
-0.06	 0.25	-0.04	0.03	148_R	[16.09553846  1.44061538  9.98669231]
-0.28	 -0.93	-0.02	0.39	148_R	[12.64877778  2.40916667 10.75083333]
-0.13	 0.32	-0.06	0.14	148_R	[12.50885 -0.8821  11.83165]
-0.2	 -0.84	-0.08	0.26	148_R	[13.14491667  0.64366667  9.5265    ]
-0.13	 0.77	-0.15	0.05	148_R	[14.946625  -1.3286875 13.073125 ]
-0.18	 -0.39	0.16	0.13	148_R	[14.4904   0.09264  8.6006 ]
-0.28	 -1.09	0.18	0.48	148_R	[16.44712 -1.44592  8.03924]
-0.17	 -0.47	0.1	0.28	148_R	[17.12968966 -2.01327586 12.12486207]
-0.31	 -1.33	0.34	0.6	148_R	[17.76709524 -2.5082381   9.64866667]
0.07	 0.69	0.34	-0.54	149_S	[20.855   3.8512 13.7094]
-0.03	 0.21	-0.14	0.01	149_S	[20.48994118  1.30376471 14.57676471]
-0.03	 -0.13	-0.1	0.05	149_S	[21.79573913  3.00630435 14.80973913]
0.08	 1.4	0.16	-0.44	149_S	[19.009375   5.849     14.7408125]
-0.24	 -0.46	-0.16	0.35	149_S	[17.87503226  5.56154839 12.89945161]
0.14	 0.89	0.1	-0.3	149_S	[16.73244444  4.31288889 14.91922222]
-0.15	 -0.1	-0.0	0.15	149_S	[19.79536364  3.33872727 12.4895    ]
0.12	 0.6	0.0	-0.21	149_S	[17.6214   5.33428 16.00944]
-0.08	 0.05	-0.19	0.13	149_S	[20.81946875  5.6899375  14.81465625]
0.02	 -0.29	0.14	0.79	149_S	[18.39631429  7.16051429 14.25365714]
0.1	 1.34	0.07	-0.38	150_H	[19.611       0.4345     14.92191667]
0.09	 1.37	0.19	-0.48	150_H	[20.54985714 -0.06728571 15.512     ]
0.06	 0.55	-0.28	-0.02	150_H	[19.04653846 -0.36492308 15.15630769]
0.05	 0.5	-0.06	-0.14	150_H	[17.66631579 -1.17542105 15.71289474]
0.18	 1.38	0.25	-0.52	150_H	[20.821875  6.211875 16.871   ]
0.09	 0.64	-0.08	-0.15	150_H	[21.52324  0.3104  16.29364]
0.13	 0.47	0.05	-0.26	150_H	[20.35531579  6.97615789 17.45252632]
0.1	 1.63	0.16	-0.42	151_H	[19.37633333 -4.69966667 17.07783333]
0.11	 1.14	0.16	-0.33	151_H	[21.81475 -3.72945 16.52735]
0.12	 0.85	-0.02	-0.14	151_H	[21.3424 -6.1432 16.562 ]
-0.1	 -0.38	-0.09	0.18	151_H	[21.29385714 -2.93725    14.68307143]
-0.1	 -0.33	-0.14	0.17	151_H	[23.2071875  -5.3985625  14.70965625]
-0.05	 1.12	0.0	-0.04	151_H	[22.72988235 -3.82564706 14.25741176]
0.19	 1.07	0.13	-0.37	151_H	[22.33328571 -1.345      17.48842857]
-0.06	 0.1	-0.05	0.07	151_H	[18.13125   -3.39175   16.3848125]
0.13	 0.58	0.04	-0.19	151_H	[19.87735714 -5.50207143 17.85635714]
-0.08	 -0.16	-0.11	0.13	151_H	[20.322      -1.79693333 14.7999    ]
-0.17	 -0.3	0.09	0.27	151_H	[24.08461538 -6.20730769 14.94426923]
-0.44	 -1.09	0.35	0.62	151_H	[22.53057895 -3.78542105 12.81910526]
0.0	 0.25	-0.14	-0.03	152_W	[15.66246939 -5.93632653 19.09397959]
0.07	 0.68	-0.0	-0.18	152_W	[15.5869  -2.51265 16.66205]
-0.06	 0.89	0.04	-0.07	152_W	[13.93688889 -3.22522222 16.27622222]
0.01	 0.35	-0.08	-0.05	152_W	[13.71407692 -4.20015385 17.61807692]
-0.11	 -0.31	0.02	0.12	152_W	[11.7852     -4.38546667 16.8638    ]
0.08	 0.92	-0.01	-0.17	152_W	[11.88378947 -5.57010526 20.07663158]
-0.02	 0.28	0.02	-0.09	152_W	[11.10095652 -5.17313043 18.33343478]
0.02	 -0.11	0.05	-0.15	152_W	[17.5827619  -4.65228571 17.87566667]
0.12	 1.03	0.65	-1.1	152_W	[16.132875 -1.116875 16.095   ]
-0.01	 -0.07	-0.01	-0.07	152_W	[13.08256 -2.06696 15.51628]
-0.1	 -0.67	-0.03	0.1	152_W	[11.072375 -3.475    15.998   ]
0.11	 0.74	-0.2	-0.13	153_R	[14.11071429 -9.47114286 23.22628571]
0.16	 1.36	0.28	-0.52	153_R	[14.79057143 -9.79764286 24.64742857]
0.04	 -0.25	-0.16	-0.04	153_R	[ 14.6359 -10.3517  23.5139]
0.04	 0.33	-0.07	-0.04	153_R	[ 16.52365789 -11.44857895  21.89276316]
0.01	 0.44	-0.24	0.03	153_R	[16.24871053 -9.15623684 20.16863158]
-0.11	 -0.11	-0.12	0.03	153_R	[ 16.41511765 -12.59670588  21.39138235]
0.13	 0.7	0.06	-0.26	153_R	[14.1205     -6.85777778 20.88711111]
-0.07	 0.04	-0.03	0.1	153_R	[14.03325   -9.0149375 22.089625 ]
-0.14	 -0.3	-0.14	0.04	153_R	[ 16.12176667 -11.49223333  24.53206667]
0.12	 1.02	0.05	-0.37	153_R	[16.91581818 -8.11154545 20.11809091]
-0.2	 -0.77	0.0	0.33	153_R	[ 16.65896429 -10.28042857  19.43292857]
-0.25	 -1.23	0.19	0.48	153_R	[ 15.67366667 -13.28337037  22.42511111]
-0.31	 -1.08	0.16	0.47	153_R	[ 15.97921739 -12.54208696  19.86304348]
-0.02	 0.21	-0.05	-0.03	154_I	[12.37595349 -8.92576744 24.86397674]
-0.07	 0.01	-0.07	0.04	154_I	[ 9.51208696 -7.18373913 23.41365217]
0.11	 0.55	0.01	-0.22	154_I	[ 7.4962     -5.07573333 25.988     ]
0.18	 1.02	0.07	-0.3	154_I	[12.5674375 -7.1870625 22.293375 ]
0.05	 0.7	-0.03	-0.15	154_I	[ 9.4042069  -6.50789655 26.94603448]
0.07	 0.59	-0.06	-0.2	154_I	[ 8.09135714 -6.25171429 23.37828571]
0.01	 -0.18	0.06	-0.05	154_I	[10.77433333 -6.9012     21.88106667]
-0.1	 -0.47	-0.03	0.17	154_I	[10.05833333 -7.87916667 24.51066667]
0.14	 1.48	0.17	-0.45	154_I	[ 7.53945455 -4.616      26.95936364]
0.08	 0.56	-0.22	-0.09	154_I	[ 7.52385714 -5.56457143 24.78721429]
0.09	 0.94	-0.15	-0.08	155_Q	[ 12.70316667 -10.854       27.36483333]
0.01	 0.25	-0.03	-0.13	155_Q	[ 14.64392857 -11.3622619   26.81911905]
0.09	 1.14	-0.03	-0.2	155_Q	[ 11.72755 -11.40825  29.12695]
0.06	 1.0	-0.04	-0.12	155_Q	[11.96175    -9.79291667 27.00691667]
-0.14	 -0.29	0.09	0.19	155_Q	[ 12.84444444 -12.82507407  28.88781481]
0.09	 1.51	-0.08	-0.24	156_G	[ 9.72142857 -7.71514286 27.921     ]
0.03	 -0.19	0.0	-0.18	156_G	[ 9.28327273 -8.593      29.30109091]
0.13	 0.24	-0.1	-0.12	156_G	[  9.82816667 -10.15408333  31.94533333]
0.03	 0.61	-0.01	-0.2	156_G	[ 10.68928571 -10.81335714  30.73821429]
-0.07	 -0.08	-0.03	0.1	156_G	[10.22117241 -9.38058621 28.10217241]
-0.17	 -0.34	-0.08	0.11	156_G	[ 8.1627619  -8.82109524 30.23557143]
0.18	 1.59	0.2	-0.47	157_C	[ 10.13926667 -10.07433333  35.49446667]
0.11	 0.79	0.02	-0.27	157_C	[ 10.17704 -10.3592   33.8262 ]
0.11	 1.48	0.19	-0.46	158_S	[  9.10636364 -11.00045455  38.30472727]
0.08	 0.22	-0.13	-0.08	158_S	[  8.7195     -10.37636364  37.30359091]
0.15	 0.89	0.01	-0.26	159_A	[12.56447368 -3.92052632 40.70784211]
0.15	 1.69	0.04	-0.35	160_V	[11.38871429 -9.89642857 44.155     ]
0.01	 0.33	0.02	-0.13	160_V	[13.10635484 -9.53916129 44.73177419]
0.02	 0.47	-0.05	0.07	160_V	[ 9.58666667 -7.46566667 44.60566667]
-0.07	 -0.07	-0.0	0.06	160_V	[ 9.96343333 -5.3474     43.4965    ]
0.1	 0.35	0.02	-0.26	160_V	[ 8.706125  -9.1876875 42.996375 ]
-0.07	 -0.3	0.06	0.1	160_V	[10.71574074 -7.89307407 44.92255556]
-0.29	 -1.52	0.04	0.54	160_V	[ 9.06714286 -5.69780952 44.16333333]
-0.07	 -0.31	-0.01	0.06	160_V	[12.069      -5.22835294 44.89958824]
-0.03	 0.13	0.05	-0.04	160_V	[10.60596429 -5.17614286 41.48478571]
-0.15	 -0.01	-0.18	0.22	160_V	[ 8.19476471 -7.70741176 43.55870588]
-0.12	 -0.32	-0.01	0.15	161_T	[ 14.37704762 -13.2927619   41.60004762]
0.07	 0.87	-0.08	0.04	161_T	[ 10.73433333 -13.3635      41.93266667]
-0.09	 -0.47	-0.13	0.12	161_T	[  8.64342105 -11.72684211  42.52963158]
-0.04	 -0.08	-0.04	0.09	161_T	[ 12.5655  -11.951    43.77905]
-0.09	 -0.1	0.08	0.05	161_T	[ 11.23224138 -13.72572414  41.45155172]
0.15	 0.71	-0.02	-0.29	161_T	[  9.56307407 -12.63944444  39.50533333]
-0.19	 -0.36	-0.15	0.3	161_T	[  8.29922222 -12.37007407  41.20707407]
-0.11	 -0.53	0.12	0.26	161_T	[  9.92872414 -11.62093103  43.72344828]
0.08	 1.28	0.2	-0.53	162_G	[ 16.91714286 -11.30471429  39.05214286]
0.05	 -0.13	-0.12	-0.03	162_G	[ 15.1316 -13.4155  38.8244]
-0.05	 -0.21	-0.08	0.06	162_G	[ 16.65860714 -12.58503571  37.46417857]
-0.0	 -0.03	-0.07	-0.01	162_G	[ 16.64309091 -11.86895455  40.55440909]
0.09	 1.49	0.1	-0.36	163_E	[ 13.626      -13.58155556  38.874     ]
0.11	 1.52	-0.08	-0.15	163_E	[ 13.50233333 -14.122       38.172     ]
0.06	 1.0	0.01	-0.23	163_E	[ 12.1955     -15.01516667  37.4775    ]
0.08	 1.56	0.09	-0.39	163_E	[ 11.17563636 -14.34872727  36.47963636]
-0.11	 -0.62	-0.1	0.14	163_E	[ 10.01492857 -15.39246429  36.57464286]
-0.21	 -0.54	-0.04	0.36	163_E	[  8.94853846 -14.24025641  37.78007692]
-0.29	 -1.2	0.17	0.45	163_E	[  9.99989744 -16.65610256  35.57964103]
-0.16	 -0.52	0.1	0.16	163_E	[ 13.81607692 -14.60923077  37.32084615]
0.03	 -0.14	-0.01	-0.04	163_E	[ 11.81833333 -14.28322222  38.75833333]
0.17	 1.25	0.1	-0.34	163_E	[ 10.37086667 -11.81366667  36.52133333]
0.04	 -0.05	-0.04	-0.07	163_E	[ 10.28425 -12.6784   35.13775]
-0.05	 -0.07	-0.13	0.05	163_E	[ 12.25719048 -15.52804762  35.21485714]
0.04	 1.16	0.02	-0.26	164_D	[ 11.57873913 -13.96717391  32.08826087]
-0.15	 -0.55	-0.08	0.23	164_D	[ 10.46394286 -13.35265714  32.74231429]
-0.18	 -0.47	0.07	0.21	164_D	[ 13.00709375 -15.03540625  31.60465625]
-0.0	 -0.79	-0.07	0.04	164_D	[ 15.0112381  -14.30142857  34.96928571]
0.1	 0.76	0.02	-0.24	164_D	[ 15.30083333 -14.44941667  33.20641667]
0.2	 1.24	0.45	-0.66	165_L	[ 16.38733333 -12.70744444  35.41477778]
0.18	 0.39	-0.0	-0.26	165_L	[ 18.84005263 -10.68678947  36.74110526]
0.16	 0.75	0.1	-0.3	165_L	[ 18.255      -10.06047619  38.59728571]
0.08	 1.42	0.26	-0.52	166_L	[ 20.31071429 -13.96757143  31.03114286]
-0.02	 0.45	-0.13	-0.09	166_L	[ 19.93458333 -14.77908333  32.32558333]
0.08	 0.84	-0.02	0.06	166_L	[ 21.44466667 -12.79566667  36.34566667]
-0.1	 -0.5	-0.0	0.09	166_L	[ 21.50565714 -15.30642857  35.54008571]
0.09	 1.47	0.22	-0.5	166_L	[ 23.61757143 -13.878       35.29114286]
0.08	 0.65	-0.04	-0.22	166_L	[ 17.77945455 -12.784       34.96609091]
-0.06	 -0.03	-0.2	-0.01	166_L	[ 19.057      -14.71781818  33.41395455]
0.06	 -0.14	-0.1	-0.07	166_L	[ 21.0618     -14.71673333  32.05793333]
-0.01	 0.34	-0.24	0.05	166_L	[ 20.34013333 -12.09216667  36.06456667]
-0.22	 -0.71	0.13	0.39	166_L	[ 22.03933333 -14.338625    36.82441667]
-0.21	 -0.85	0.24	0.39	166_L	[ 19.7744 -15.1986  35.7099]
-0.21	 -1.0	-0.05	0.41	166_L	[ 22.185375   -15.64041667  34.16341667]
-0.04	 0.29	-0.07	-0.02	166_L	[ 23.41085714 -12.377       36.024     ]
0.23	 1.53	0.14	-0.41	166_L	[ 23.30836364 -14.307       33.27790909]
0.07	 0.99	0.1	-0.34	167_P	[ 19.4446875 -14.159125   30.9251875]
0.07	 1.13	0.4	-0.7	167_P	[ 18.6287 -13.9296  28.9195]
0.12	 1.06	0.4	-0.63	167_P	[ 17.16457143 -12.28057143  27.54257143]
0.04	 0.51	-0.02	-0.14	167_P	[ 18.29296154 -12.06515385  26.80111538]
0.1	 1.21	0.01	-0.24	167_P	[ 15.44135294 -14.08729412  29.32082353]
-0.12	 -0.6	-0.06	0.08	167_P	[ 16.147      -15.29606667  31.1808    ]
0.09	 0.88	0.25	-0.5	167_P	[ 17.8255 -14.5142  32.1598]
-0.03	 -0.37	-0.23	0.19	167_P	[ 19.12495455 -14.19577273  28.82563636]
-0.18	 -0.25	-0.02	0.21	167_P	[ 16.21996 -13.76516  28.09048]
-0.05	 0.14	-0.22	0.1	167_P	[ 15.1734 -15.0936  31.2474]
-0.18	 -0.46	0.07	0.29	167_P	[ 17.74471429 -15.5865      30.63882143]
-0.06	 -0.01	-0.1	-0.01	167_P	[ 17.32226316 -14.27736842  33.31368421]
0.13	 1.89	0.06	-0.34	170_D	[ 22.642625 -12.69375   25.872125]
0.0	 0.13	-0.14	0.01	170_D	[ 22.03690909 -13.83881818  27.70736364]
0.08	 0.59	-0.05	-0.17	170_D	[ 24.44409091 -14.66518182  29.08618182]
-0.09	 -0.3	0.04	0.03	170_D	[ 22.65159574 -14.69612766  30.62021277]
0.12	 0.53	-0.02	-0.1	170_D	[ 21.08945455 -13.56309091  28.04581818]
-0.02	 -0.18	0.09	-0.02	170_D	[ 23.369625   -13.93845833  27.11541667]
0.08	 0.81	0.09	-0.31	171_W	[ 21.3055     -12.30128571  26.19921429]
0.1	 1.32	-0.06	-0.18	171_W	[ 21.18866667 -12.13733333  24.95033333]
0.04	 0.95	0.06	-0.27	171_W	[ 20.21124242 -10.72584848  21.014     ]
0.09	 1.86	0.08	-0.39	171_W	[21.2972 -9.535  20.3604]
0.09	 1.1	0.11	-0.41	171_W	[18.18915385 -7.64684615 19.93261538]
0.06	 0.24	-0.03	-0.12	171_W	[ 21.93363636 -12.09081818  23.91527273]
0.0	 -0.04	0.21	-0.39	171_W	[ 19.20681481 -11.85414815  24.38785185]
-0.18	 -0.41	-0.1	0.24	171_W	[ 19.87126667 -11.79413333  21.83533333]
-0.15	 -0.13	-0.03	0.11	171_W	[19.74321875 -9.262125   19.50540625]
0.05	 0.29	0.01	-0.13	171_W	[19.28982353 -6.68417647 19.04452941]
0.11	 1.1	0.34	-0.68	174_D	[ 27.223  -11.2314  21.3794]
0.08	 1.17	-0.01	-0.28	174_D	[ 24.9705 -10.1382  20.4077]
0.03	 0.37	-0.01	-0.09	174_D	[ 27.18766667 -10.23433333  19.94083333]
0.02	 0.35	0.0	-0.16	174_D	[ 25.20266667 -11.89485714  21.56395238]
-0.12	 -0.14	-0.01	0.0	174_D	[ 26.14741176 -13.97523529  22.90023529]
-0.13	 -0.32	-0.06	0.14	174_D	[ 27.77222222 -13.27344444  23.18396296]
-0.11	 -0.26	-0.0	0.11	174_D	[ 24.53511905 -13.95002381  24.3737381 ]
0.13	 0.79	0.02	-0.21	174_D	[ 28.158875  -11.074375   22.2665625]
0.03	 0.43	-0.32	-0.03	174_D	[ 23.16647619 -11.2927619   22.24      ]
-0.27	 -0.87	0.05	0.4	174_D	[ 25.46755 -12.0043   20.79475]
0.13	 1.22	0.16	-0.4	175_D	[23.79984615 -9.58561538 21.22407692]
0.04	 0.37	0.04	-0.26	175_D	[24.23716667 -9.253      20.0985    ]
0.06	 1.01	0.21	-0.39	175_D	[23.0884 -8.3566 19.4464]
-0.07	 0.04	-0.15	0.03	175_D	[22.41446875 -7.4870625  17.8179375 ]
0.02	 0.12	0.13	-0.17	175_D	[24.66761111 -8.87666667 18.95388889]
0.11	 0.8	-0.01	-0.22	175_D	[22.5857619  -8.68438095 20.20133333]
0.12	 0.49	0.04	-0.19	176_I	[30.60835714 -4.5165     20.25457143]
0.08	 1.15	-0.16	-0.13	176_I	[30.14728571 -3.11628571 21.78242857]
0.14	 0.53	0.04	-0.24	176_I	[30.7815   -3.960125 22.396875]
0.16	 0.78	-0.01	-0.27	176_I	[29.70237931 -2.19968966 21.65655172]
0.08	 1.29	-0.05	-0.22	177_S	[30.65435294 -9.38482353 19.42470588]
-0.16	 -0.33	-0.04	0.21	177_S	[32.28743243 -7.73543243 18.73089189]
0.15	 1.38	0.19	-0.51	177_S	[31.411375 -8.68725  22.081   ]
-0.22	 -1.01	0.03	0.34	177_S	[32.5652381  -9.28742857 21.50642857]
-0.05	 0.37	0.03	-0.12	177_S	[31.66523333 -6.52023333 21.67403333]
0.05	 -0.08	-0.01	-0.05	177_S	[ 29.57119048 -10.17219048  21.18733333]
-0.19	 -0.56	0.07	0.28	177_S	[ 32.10541667 -10.445625    22.399125  ]
0.12	 1.46	0.13	-0.42	178_S	[29.528125 -9.498    19.172375]
0.04	 0.82	0.11	-0.34	178_S	[29.85111111 -9.07277778 16.90055556]
-0.05	 0.4	-0.1	0.02	178_S	[30.97044444 -7.01522222 15.89766667]
-0.15	 -0.76	0.04	0.23	178_S	[29.09917647 -7.00014706 14.87238235]
-0.12	 -0.52	0.0	0.09	178_S	[27.3745     -9.85455556 16.80377778]
0.02	 -0.06	0.01	-0.12	178_S	[25.86992 -7.54856 16.82776]
-0.21	 -0.43	0.08	0.2	178_S	[30.36680952 -9.27290476 16.83252381]
-0.35	 -0.77	0.26	0.55	178_S	[28.1275625 -9.5349375 15.4606875]
-0.11	 -0.74	0.07	0.15	178_S	[ 27.72492308 -10.1865      18.12757692]
0.07	 1.26	0.05	-0.29	179_R	[30.5802 -3.41   15.2496]
-0.15	 -0.75	0.01	0.22	179_R	[32.2458   -4.092475 17.4452  ]
-0.25	 -0.98	0.21	0.41	179_R	[32.53469048 -4.02747619 15.33409524]
0.08	 1.76	-0.01	-0.25	179_R	[29.71571429 -2.45385714 16.82907143]
0.07	 1.42	0.16	-0.39	179_R	[28.51833333 -3.3965     15.3585    ]
0.01	 0.19	-0.17	-0.05	179_R	[25.80294737 -2.134      16.17721053]
0.05	 0.68	-0.39	-0.08	179_R	[27.1577  0.1251 17.4486]
0.09	 0.98	0.09	-0.38	179_R	[27.5765  1.06   20.368 ]
-0.11	 -0.29	-0.14	0.18	179_R	[30.04782609 -4.61230435 14.83169565]
0.11	 0.65	-0.02	-0.18	179_R	[29.89238889 -2.65888889 18.96822222]
-0.13	 -0.73	-0.13	0.09	179_R	[29.89519048 -2.23614286 16.08971429]
0.05	 0.32	-0.17	-0.03	179_R	[26.795625   -4.8146875  15.72390625]
-0.2	 -0.56	-0.69	0.6	179_R	[26.88470968 -1.13264516 15.94167742]
0.02	 0.79	-0.15	-0.13	179_R	[24.869      -2.45811765 16.76270588]
-0.09	 -0.28	-0.02	0.14	179_R	[28.70525 -0.573   17.62715]
0.23	 1.47	0.31	-0.56	179_R	[24.15636842 -2.07578947 18.11368421]
-1.13	 0.15	-0.12	0.02	179_R	[28.99073469 -0.16142857 20.18      ]
