-0.16	 -0.55	0.01	0.25	23_K	[ 131.83777083   84.46977083 -118.55635417]
0.0	 1.0	0.02	-0.27	23_K	[ 128.72833333   85.352      -120.41766667]
0.02	 0.64	-0.06	-0.12	23_K	[ 129.06622222   83.57788889 -119.16261111]
-0.16	 -0.59	-0.15	0.21	23_K	[ 128.20943333   81.85286667 -119.89236667]
-0.04	 0.67	-0.08	0.02	23_K	[ 129.810875   83.10575  -122.137875]
-0.09	 -0.13	-0.08	0.12	23_K	[ 132.07933333   84.68691667 -122.75433333]
0.05	 -0.1	-0.09	-0.07	23_K	[ 129.9649   87.016  -121.8835]
-0.01	 0.32	-0.11	0.02	23_K	[ 132.89263158   87.15826316 -122.64310526]
0.02	 -2.68	-0.02	-0.11	23_K	[ 132.06922222   89.63477778 -122.38922222]
-0.03	 0.09	-0.03	-0.1	23_K	[ 128.92         85.90563158 -119.87831579]
-0.21	 -0.72	0.06	0.26	23_K	[ 130.81165   82.5708  -121.131  ]
-0.21	 -0.56	-0.02	0.29	23_K	[ 128.76368182   84.31890909 -121.83018182]
-0.14	 -0.98	0.03	0.15	23_K	[ 132.89655556   84.55377778 -121.139     ]
-0.26	 -0.73	0.17	0.34	23_K	[ 131.4056    84.50975 -123.43565]
-0.17	 -0.68	-0.02	0.26	23_K	[ 129.67738095   86.53661905 -122.72080952]
-0.12	 -0.39	-0.2	0.17	23_K	[ 130.57913333   87.20826667 -120.06      ]
-0.15	 -0.37	0.06	0.21	23_K	[ 133.25922222   87.24496296 -121.18588889]
-0.21	 -0.58	0.1	0.31	23_K	[ 132.29608333   87.03604167 -123.8915    ]
-0.32	 -0.68	0.23	0.47	23_K	[ 132.849375   89.859625 -122.730625]
-0.24	 -0.49	0.09	0.33	23_K	[ 130.46966667   89.10459259 -123.03607407]
-0.28	 -0.7	0.13	0.38	23_K	[ 131.28624   89.2462  -120.7652 ]
0.14	 1.42	0.19	-0.43	24_P	[ 129.76875    83.45825  -117.239375]
0.07	 1.0	0.28	-0.59	24_P	[ 129.16225    82.856625 -116.928375]
-0.07	 0.01	-0.04	-0.03	24_P	[ 125.606        84.50525    -119.54513889]
-0.06	 0.23	-0.1	0.03	24_P	[ 126.42376923   83.94969231 -115.262     ]
-0.13	 -0.42	-0.04	0.11	24_P	[ 128.548875    85.462625  -114.9784375]
-0.11	 -0.3	-0.06	-0.02	24_P	[ 129.39333333   86.69555556 -117.38144444]
-0.04	 0.01	-0.04	-0.01	24_P	[ 128.34911765   82.03523529 -116.70141176]
-0.19	 -0.68	-0.04	0.27	24_P	[ 125.61493333   85.15126667 -116.45313333]
-0.21	 -0.53	0.04	0.19	24_P	[ 126.40222727   83.00295455 -115.15422727]
-0.27	 -0.7	0.2	0.44	24_P	[ 127.95922727   86.217      -115.01336364]
-0.24	 -1.03	0.15	0.41	24_P	[ 129.51557143   83.9727619  -115.17480952]
-0.17	 -0.4	0.05	0.23	24_P	[ 127.85704762   86.46504762 -117.98214286]
-0.12	 0.16	-0.02	0.14	24_P	[ 130.27905263   86.13226316 -117.47173684]
-0.12	 0.02	-0.25	0.04	25_P	[ 122.99097222   83.47933333 -116.89894444]
-0.02	 -0.09	-0.17	-0.02	25_P	[ 123.04108333   79.28141667 -118.92225   ]
-0.1	 -0.38	-0.04	0.1	25_P	[ 125.2289375   78.5945625 -117.9164375]
-0.05	 0.57	0.04	-0.11	25_P	[ 126.75192308   80.51223077 -116.13092308]
-0.06	 -0.26	-0.07	0.06	25_P	[ 124.97504167   81.42825    -120.51945833]
-0.28	 0.73	-0.03	-0.03	25_P	[ 122.12776667   80.54116667 -117.56723333]
-0.1	 0.01	-0.09	0.11	25_P	[ 122.69354167   79.649375   -119.98058333]
-0.28	 -0.8	0.21	0.44	25_P	[ 124.79509524   78.48585714 -117.0277619 ]
-0.21	 -0.76	0.16	0.37	25_P	[ 125.92714286   79.18571429 -119.48204762]
-0.16	 -0.61	0.02	0.16	25_P	[ 125.14552632   81.17226316 -115.86194737]
-0.16	 -0.44	-0.01	0.16	25_P	[ 127.51876471   80.36994118 -117.44123529]
0.1	 1.04	0.37	-0.65	26_S	[ 123.9432   83.655  -120.6836]
0.11	 1.1	0.27	-0.58	26_S	[ 123.271        85.15483333 -119.83883333]
0.16	 1.42	0.4	-0.62	26_S	[ 120.7295   82.9279 -117.3402]
0.14	 1.66	0.2	-0.47	26_S	[ 120.46223529   82.15170588 -117.75858824]
-0.07	 -0.76	-0.12	-0.04	26_S	[ 122.5942   86.0044 -120.6614]
0.12	 0.4	-0.05	-0.08	26_S	[ 120.94015385   86.91938462 -120.06853846]
0.01	 0.14	-0.08	-0.06	26_S	[ 122.36145161   82.28258065 -121.22690323]
-0.01	 0.2	-0.03	0.03	26_S	[ 122.3645       85.4045     -118.36768182]
-0.13	 -0.21	-0.14	0.12	26_S	[ 123.13521739   84.88830435 -121.55478261]
-0.1	 -0.14	-0.0	0.04	26_S	[ 121.1045       87.36622222 -121.87033333]
-0.18	 -1.02	-0.1	0.22	27_M	[ 120.02781818   85.87718182 -114.79627273]
-0.09	 0.19	-0.01	-0.1	27_M	[ 119.85145455   83.2669697  -114.41827273]
-0.05	 -0.02	-0.08	0.0	27_M	[ 116.97625      83.74735714 -112.61653571]
0.1	 0.21	0.03	-0.19	27_M	[ 119.68055556   86.64644444 -118.34316667]
0.01	 0.26	-0.13	-0.06	27_M	[ 117.62996667   87.2576     -116.92916667]
-0.05	 -0.12	0.13	-0.04	27_M	[ 120.74695652   85.20204348 -115.86108696]
-0.16	 -0.62	0.03	0.28	27_M	[ 118.51013636   86.26495455 -114.17336364]
0.07	 0.39	-0.04	-0.09	27_M	[ 116.29033333   82.30508333 -112.78666667]
-0.33	 -1.07	0.28	0.56	27_M	[ 118.0385       84.30744444 -112.09366667]
0.06	 0.07	-0.15	-0.04	27_M	[ 116.42481818   85.67881818 -113.66245455]
0.14	 1.26	0.12	-0.39	28_Y	[ 115.86992857   80.65935714 -122.49178571]
-0.02	 0.6	-0.03	-0.19	28_Y	[ 116.28296875   80.75296875 -123.96309375]
0.03	 0.2	-0.19	0.02	28_Y	[ 118.07871429   80.56657143 -123.71885714]
-0.08	 0.43	-0.06	0.08	28_Y	[ 118.76495   81.79075 -125.5471 ]
0.13	 1.13	0.09	-0.35	28_Y	[ 120.39008333   81.45225    -121.93625   ]
-0.04	 0.02	-0.05	0.03	28_Y	[ 115.95890323   82.59432258 -125.54525806]
-0.13	 -0.33	-0.09	0.18	28_Y	[ 120.22769697   81.22190909 -123.86663636]
0.15	 1.16	0.17	-0.41	29_K	[ 113.299375    88.3013125 -118.5854375]
0.04	 0.61	-0.15	-0.12	29_K	[ 113.79430435   90.2643913  -119.27526087]
-0.01	 -4.68	-0.01	-0.08	29_K	[ 112.2205       92.4305     -121.48616667]
0.08	 0.79	-0.12	-0.2	29_K	[ 111.849       89.0346875 -118.112    ]
0.19	 1.37	0.3	-0.55	29_K	[ 110.44946154   89.76546154 -122.184     ]
-0.14	 -0.25	0.06	0.16	29_K	[ 112.10733333   91.32552381 -119.18152381]
-0.21	 -0.52	0.1	0.27	29_K	[ 113.77488889   92.34751852 -121.36677778]
-0.09	 -0.11	-0.15	0.09	29_K	[ 112.77442308   90.558      -123.28653846]
-0.23	 -0.28	-0.11	0.28	29_K	[ 110.98854167   91.88420833 -121.67954167]
0.13	 1.18	0.13	-0.39	31_I	[ 107.8125      87.9455625 -124.1936875]
0.2	 0.93	0.11	-0.38	31_I	[ 105.7068    86.46175 -125.27185]
0.15	 1.24	0.12	-0.4	31_I	[ 108.9375       88.88992857 -122.62621429]
0.15	 1.51	0.17	-0.43	31_I	[ 108.30485714   86.16085714 -125.446     ]
0.12	 1.33	0.06	-0.32	31_I	[ 106.80425      87.65791667 -125.12591667]
0.17	 1.35	0.19	-0.44	33_V	[  97.79209756   83.00073171 -125.523     ]
-0.07	 -0.27	-0.05	0.02	33_V	[ 100.04763889   85.83947222 -128.82055556]
0.01	 -0.13	-0.12	0.04	33_V	[ 103.62918182   85.59009091 -127.82790909]
0.13	 1.26	0.06	-0.33	33_V	[  99.8663    82.98945 -127.5954 ]
-0.23	 -0.86	0.1	0.32	33_V	[ 101.3253913    84.64586957 -129.48473913]
0.14	 0.8	-0.06	-0.27	33_V	[  98.78733333   84.26708333 -128.30758333]
-0.02	 -0.02	-0.02	-0.08	33_V	[ 101.4980625   87.222375  -128.0029375]
-0.01	 0.18	-0.02	0.0	33_V	[ 103.63783333   84.50979167 -128.614625  ]
0.08	 0.63	0.01	-0.28	33_V	[ 103.80734483   86.23062069 -126.95027586]
0.13	 1.82	-0.03	-0.28	34_N	[  95.50014286   86.278      -128.50257143]
-0.15	 -0.42	-0.04	0.08	34_N	[  97.05597059   85.62361765 -129.20947059]
-0.06	 0.14	-0.12	0.03	34_N	[  94.01415625   88.00490625 -127.14582813]
0.08	 -0.08	-0.03	-0.25	34_N	[  93.70575   85.70725 -124.28825]
0.17	 1.13	0.06	-0.28	34_N	[  96.35916667   84.59141667 -124.52675   ]
0.02	 0.49	-0.05	-0.08	34_N	[  97.03105263   87.87868421 -127.81178947]
-0.11	 -0.21	-0.06	0.09	34_N	[  92.87103333   86.58653333 -125.13853333]
0.04	 -0.01	0.58	0.22	34_N	[  95.03725      85.55039286 -123.8005    ]
0.08	 1.86	0.16	-0.44	35_D	[  93.9072   85.6322 -128.9053]
0.14	 1.22	0.41	-0.63	35_D	[  93.390125   85.76925  -128.595125]
0.01	 0.58	-0.13	-0.12	35_D	[  92.424225   84.209725 -126.146225]
-0.02	 0.59	-0.05	-0.06	35_D	[  96.06572727   82.34681818 -129.88918182]
0.2	 1.66	0.19	-0.44	35_D	[  95.57670588   81.65435294 -125.63682353]
0.09	 0.74	-0.05	-0.24	35_D	[  95.01957143   83.4802381  -125.72638095]
-0.13	 -0.79	-0.14	0.16	35_D	[  94.37545455   85.20036364 -129.7595    ]
-0.07	 -0.19	-0.03	0.06	35_D	[  94.47214815   81.5282963  -130.26437037]
0.05	 0.29	0.21	-0.33	35_D	[  97.03813889   82.00033333 -128.61913889]
0.14	 1.68	0.08	-0.35	36_D	[  90.40818182   82.93845455 -126.69418182]
-0.15	 -0.5	-0.01	0.19	36_D	[  88.52279487   82.39125641 -128.10538462]
0.02	 0.47	-0.07	-0.15	36_D	[  89.25726667   84.45073333 -130.77193333]
-0.13	 -0.44	-0.13	0.14	36_D	[  90.5809   86.4069 -130.8758]
-0.13	 -0.23	0.01	0.08	36_D	[  91.3455       86.77632609 -129.09841304]
-0.28	 -0.89	0.16	0.43	36_D	[  90.9487561    86.01492683 -132.36963415]
0.12	 0.48	-0.08	-0.13	36_D	[  92.66625      83.464875   -130.89541667]
-0.07	 -0.44	-0.02	0.01	36_D	[  90.29126316   84.83542105 -127.65252632]
-0.06	 0.31	-0.3	0.11	36_D	[  90.33264706   83.19458824 -131.99317647]
-0.18	 -0.47	-0.04	0.29	36_D	[  88.61480769   84.15696154 -130.19215385]
0.13	 0.95	0.01	-0.24	37_Y	[  89.36291667   80.64875    -126.04025   ]
-0.09	 -0.3	-0.08	0.06	37_Y	[  88.99443333   78.47596667 -126.0426    ]
0.05	 0.16	-0.05	-0.15	37_Y	[  91.2739   77.8993 -130.1995]
-0.09	 -0.43	-0.08	0.09	37_Y	[  90.172125   78.090875 -131.2515  ]
-0.08	 -0.76	-0.01	0.01	37_Y	[  90.79522222   79.12722222 -132.10938889]
-0.05	 -0.34	-0.09	0.02	37_Y	[  88.12538462   78.66561538 -130.30996154]
-0.02	 0.01	-0.02	-0.12	37_Y	[  89.04453659   80.64339024 -132.72734146]
-0.13	 -0.65	-0.06	0.16	37_Y	[  87.06086667   78.97926667 -131.4221    ]
-0.09	 -0.19	-0.01	0.1	37_Y	[  87.61947619   79.94361905 -132.728     ]
-0.29	 -1.76	0.18	0.42	37_Y	[  86.74908   80.49516 -134.34316]
0.02	 0.52	-0.09	-0.08	37_Y	[  88.31114286   80.34642857 -127.83571429]
0.08	 0.92	-0.24	-0.03	37_Y	[  91.766      78.6175   -130.727375]
0.01	 -0.66	-0.08	0.01	37_Y	[  90.50058824   77.30623529 -128.63511765]
-0.03	 -0.02	-0.09	0.1	37_Y	[  91.61707143   80.84632143 -131.61607143]
-0.21	 -0.32	0.02	0.33	37_Y	[  87.8028    77.95055 -129.2349 ]
-0.34	 -0.82	0.11	0.49	37_Y	[  89.30315789   81.32621053 -134.05742105]
-0.33	 -0.87	0.24	0.48	37_Y	[  85.8742       78.28133333 -131.4118    ]
-0.23	 -0.9	0.15	0.4	37_Y	[  85.5972069    79.44334483 -133.45813793]
0.07	 0.79	-0.06	-0.21	38_T	[  89.22922222   80.40688889 -124.12577778]
-0.04	 0.19	-0.26	0.07	38_T	[  90.79708889   82.12826667 -123.76124444]
0.11	 0.9	-0.03	-0.22	38_T	[  93.919175   81.450675 -124.148075]
0.1	 1.24	0.07	-0.29	39_P	[  88.64966667   79.62888889 -123.48655556]
-0.1	 -0.36	-0.24	0.15	39_P	[  87.59047059   78.81017647 -120.52388235]
0.1	 0.67	-0.06	-0.19	39_P	[  88.7154375   77.1091875 -120.4096875]
-0.13	 -0.26	0.02	0.15	39_P	[  88.392375    81.22575   -122.4624375]
0.03	 0.49	-0.36	0.12	39_P	[  87.67266667   79.02453333 -119.69973333]
-0.27	 -1.68	0.24	0.45	39_P	[  87.17017647   78.45964706 -122.09382353]
-0.11	 -0.41	0.03	0.12	39_P	[  88.84616   75.9682  -121.5888 ]
-0.0	 -0.03	-0.02	-0.18	39_P	[  88.82829167   77.25129167 -124.083     ]
0.07	 0.47	-0.17	-0.08	40_M	[  89.32263636   83.95709091 -121.043     ]
-0.17	 -0.59	0.02	0.24	40_M	[  87.65452381   85.93766667 -118.61288095]
-0.02	 0.19	-0.05	-0.06	40_M	[  89.54626316   87.95110526 -120.82510526]
-0.05	 -0.54	-0.12	0.04	40_M	[  88.213        81.71046667 -120.75613333]
0.21	 1.02	0.16	-0.43	40_M	[  91.91165217   83.04926087 -120.61930435]
-0.02	 -0.44	-0.06	0.01	40_M	[  88.72660606   82.99027273 -117.64718182]
0.01	 0.16	-0.04	-0.07	40_M	[  91.06072727   85.11163636 -120.75195455]
-0.1	 -0.21	-0.13	0.11	40_M	[  88.485375     83.663375   -121.01520833]
-0.15	 -0.23	0.11	0.29	40_M	[  88.59896667   88.70366667 -119.3337    ]
-0.17	 -0.41	0.01	0.33	40_M	[  88.87872414   86.89193103 -121.64227586]
0.11	 0.55	0.04	-0.28	41_E	[  88.90969231   81.28630769 -116.95630769]
0.09	 2.72	0.11	-0.32	41_E	[  89.03833333   80.85533333 -116.02511111]
0.12	 1.85	0.03	-0.29	41_E	[  90.707        77.09063636 -116.50709091]
0.06	 0.94	-0.0	-0.24	41_E	[  91.68704   77.93472 -114.97792]
0.03	 2.76	-0.09	-0.11	41_E	[  88.06825   80.305   -116.4055 ]
0.02	 0.95	-0.07	-0.09	41_E	[  88.53944444   78.367      -114.66672222]
-0.18	 -0.39	-0.05	0.2	41_E	[  86.596875     77.22316667 -115.548125  ]
-0.38	 -1.29	0.34	0.58	41_E	[  85.80980645   77.34496774 -113.99412903]
-0.26	 -0.93	0.13	0.4	41_E	[  86.38548571   76.69868571 -117.19214286]
0.13	 0.84	-0.01	-0.24	41_E	[  88.20415385   80.77892308 -118.97123077]
0.11	 1.79	0.14	-0.4	41_E	[  89.76694444   80.20933333 -114.93433333]
-0.02	 -0.2	-0.05	0.03	41_E	[  87.35504762   79.63942857 -117.29433333]
0.01	 0.32	-0.09	-0.08	41_E	[  89.11884   77.00348 -117.5062 ]
-0.21	 -0.54	-0.1	0.27	41_E	[  89.50804167   77.36908333 -114.7215    ]
-0.28	 -0.95	-0.07	0.41	41_E	[  87.90090476   79.62595238 -114.46780952]
0.11	 1.47	0.03	-0.29	42_F	[  91.115        76.5795     -118.22533333]
0.13	 1.73	0.17	-0.47	42_F	[  92.49075    73.203125 -119.9195  ]
0.09	 0.88	-0.02	-0.19	42_F	[  93.16977778   72.46711111 -119.70422222]
0.08	 0.49	-0.03	-0.16	42_F	[  91.5892       76.3666     -117.33153333]
0.12	 2.38	0.05	-0.27	42_F	[  90.61123529   76.26776471 -119.71652941]
-0.04	 -0.05	-0.0	0.01	42_F	[  92.17742308   74.55388462 -118.49565385]
0.17	 0.44	-0.0	-0.25	42_F	[  93.85094118   72.194      -118.56376471]
0.08	 0.63	-0.05	-0.25	43_V	[  95.00271875   82.00784375 -121.96521875]
-0.01	 0.01	0.38	0.08	43_V	[  94.50390698   83.30304651 -121.01651163]
0.18	 1.34	0.2	-0.47	43_V	[  95.46461538   81.11823077 -122.50207692]
-0.03	 0.52	-0.04	-0.17	44_I	[  92.38791667   79.4905     -112.66058333]
-0.06	 0.18	0.0	-0.01	44_I	[  90.45565385   83.48761538 -113.54973077]
0.05	 0.46	-0.07	-0.2	44_I	[  91.33729412   79.86658824 -114.22394118]
-0.03	 0.16	0.03	-0.03	44_I	[  91.82265217   80.74895652 -111.89613043]
0.07	 0.53	0.06	-0.22	44_I	[  93.11986667   78.7624     -112.88626667]
0.07	 0.55	-0.12	-0.13	44_I	[  90.544375   84.67775  -114.202375]
-0.08	 0.15	-0.1	-0.06	44_I	[  90.0593       81.93023333 -114.8223    ]
0.01	 -0.25	-0.12	0.05	44_I	[  91.19270588   82.76041176 -111.86064706]
0.21	 1.42	0.2	-0.47	45_D	[  93.203875   78.216875 -113.92925 ]
0.11	 1.7	0.1	-0.33	45_D	[  93.49288889   77.37388889 -113.74144444]
0.02	 1.32	-0.01	-0.24	45_D	[  93.50066667   75.40733333 -113.867     ]
-0.05	 -0.32	0.02	-0.02	45_D	[  94.15022222   73.66094444 -114.14777778]
-0.1	 0.11	-0.0	0.01	45_D	[  93.49226316   73.25042105 -116.31484211]
0.02	 0.89	-0.03	-0.1	45_D	[  95.63927778   74.32672222 -113.04666667]
0.02	 0.39	-0.1	-0.03	45_D	[  94.23077778   76.57566667 -112.78244444]
-0.13	 -0.02	-0.05	0.11	45_D	[  92.46886957   75.92056522 -115.2476087 ]
0.08	 0.53	-0.11	-0.19	48_Q	[  98.728        75.52709091 -110.08627273]
-0.04	 -0.23	-0.05	0.04	48_Q	[ 100.33152   76.2806  -109.15248]
0.05	 0.54	0.02	-0.18	48_Q	[  96.47923077   76.43607692 -110.37476923]
-0.05	 -0.05	-0.07	0.07	48_Q	[  94.88266667   77.1485     -109.2425    ]
-0.05	 -0.2	0.01	0.07	48_Q	[  93.47267647   78.36311765 -110.40479412]
-0.13	 -0.13	0.07	0.04	48_Q	[  95.0564   78.1875 -107.2349]
0.14	 0.23	0.03	-0.22	48_Q	[  96.2996875   76.2969375 -111.4700625]
-0.08	 -0.16	0.01	0.04	48_Q	[  97.46323077   76.9635     -109.06615385]
0.03	 -0.01	0.0	-0.03	48_Q	[  96.30211765   78.89370588 -107.11576471]
-0.18	 -0.35	-0.03	0.26	48_Q	[  93.61252381   78.3207619  -107.675     ]
0.07	 1.19	-0.01	-0.31	49_K	[  98.16536364   75.30190909 -110.98654545]
0.04	 1.42	-0.1	-0.09	49_K	[  98.67825   74.44225 -110.89675]
-0.13	 -0.3	-0.02	0.16	49_K	[ 102.68664865   73.95564865 -111.06310811]
0.03	 1.55	-0.07	-0.04	49_K	[ 101.3997   71.5199 -112.9336]
-0.02	 0.47	-0.21	0.08	49_K	[  99.66566667   70.24633333 -112.59566667]
-0.05	 -0.0	-0.05	-0.05	49_K	[  97.739        71.53021429 -111.72764286]
-0.01	 1.03	0.02	-0.13	49_K	[  96.38433333   69.24188889 -113.66344444]
-0.1	 -0.3	0.02	0.05	49_K	[  99.26505   73.49295 -110.73755]
0.05	 0.46	-0.01	-0.14	49_K	[  97.63675   74.429   -111.91405]
0.12	 1.02	0.04	-0.3	49_K	[ 102.03783333   72.12833333 -113.386     ]
-0.16	 -0.83	-0.04	0.25	49_K	[ 100.2518       71.51933333 -111.5114    ]
-0.05	 -0.06	-0.02	-0.02	49_K	[  99.72674286   69.90405714 -114.12322857]
-0.25	 -0.71	0.11	0.39	49_K	[  98.04775   70.59935 -111.3673 ]
0.05	 0.1	-0.09	-0.0	49_K	[  96.552        72.44136364 -112.24672727]
-0.22	 -0.13	0.09	0.32	49_K	[  95.47615625   70.47496875 -113.010125  ]
0.07	 0.29	-0.23	-0.01	49_K	[  95.82571429   69.71428571 -114.77257143]
-0.24	 -0.53	0.1	0.33	49_K	[  97.40568182   68.75322727 -113.55859091]
0.16	 0.86	-0.02	-0.25	50_F	[ 104.31584615   76.24230769 -111.20646154]
-0.09	 -0.11	-0.18	0.02	50_F	[ 105.58407143   76.53571429 -111.84214286]
0.07	 0.69	0.16	-0.39	50_F	[ 103.94311765   72.403      -114.22305882]
0.08	 0.5	-0.06	-0.15	50_F	[ 103.05784848   71.02706061 -115.5160303 ]
0.09	 1.52	-0.01	-0.25	50_F	[ 101.97258333   70.69775    -116.82608333]
-0.01	 0.27	-0.11	-0.0	50_F	[ 104.66136842   74.49847368 -112.79373684]
0.14	 0.71	-0.03	-0.2	50_F	[ 105.50071429   73.13914286 -114.62861905]
-0.14	 0.26	-0.14	0.13	50_F	[ 103.47846667   70.39       -116.30313333]
-0.13	 -0.01	-0.01	0.06	50_F	[ 101.04035714   70.23828571 -116.71957143]
0.1	 0.81	0.06	-0.3	51_F	[ 105.44617647   78.52294118 -110.15194118]
-0.05	 0.03	-0.06	-0.01	51_F	[ 104.99251515   80.9570303  -109.64918182]
0.04	 0.17	-0.14	-0.09	51_F	[ 106.34920833   78.678125   -112.09304167]
0.14	 1.05	0.09	-0.32	51_F	[ 105.34905882   81.51205882 -112.03076471]
0.18	 1.35	0.18	-0.44	51_F	[ 106.25357143   81.93985714 -113.31021429]
0.01	 1.1	-0.06	-0.18	52_S	[ 102.389        78.05633333 -106.947     ]
0.07	 0.89	0.09	-0.3	52_S	[ 101.97126667   79.91893333 -107.3242    ]
-0.19	 -0.9	0.0	0.25	52_S	[ 102.64958065   80.82219355 -106.42654839]
-0.06	 0.13	0.24	-0.47	52_S	[ 104.90564286   78.73328571 -107.10007143]
-0.17	 -0.34	-0.08	0.19	52_S	[ 104.76545455   76.70915152 -108.61127273]
0.15	 1.4	0.36	-0.6	52_S	[ 102.83046667   76.4804     -109.808     ]
-0.09	 0.33	-0.04	0.0	52_S	[ 101.58935   77.5369  -108.02165]
-0.12	 -0.29	-0.06	0.32	52_S	[ 105.52470588   79.52917647 -107.86729412]
-0.17	 -0.55	0.1	0.19	52_S	[ 103.76123077   78.55723077 -106.073     ]
-0.35	 -0.92	0.37	0.59	52_S	[ 106.09895652   76.81834783 -107.20534783]
0.05	 -0.16	-0.08	-0.12	53_Y	[  99.6352   80.4922 -106.2073]
0.09	 -0.37	-0.02	-0.14	53_Y	[  99.04013636   79.11668182 -107.60813636]
0.08	 0.83	0.04	-0.19	53_Y	[ 103.29022222   82.95672222 -108.42655556]
0.0	 0.52	-0.06	-0.05	53_Y	[ 103.95319231   85.05984615 -109.98453846]
0.06	 0.16	-0.06	-0.13	53_Y	[ 105.13533333   83.23988889 -111.20788889]
-0.1	 0.04	-0.05	0.04	53_Y	[ 105.35730556   85.61636111 -111.96869444]
0.08	 0.72	0.01	-0.22	53_Y	[ 101.6334   82.9789 -106.9497]
0.05	 0.28	-0.25	0.01	53_Y	[ 102.52688   84.65228 -107.60632]
-0.2	 -0.15	-0.01	0.23	53_Y	[ 104.06625      85.96733333 -109.055     ]
0.07	 0.66	0.09	-0.32	53_Y	[ 105.92633333   83.73608333 -112.61541667]
0.15	 0.68	-0.23	-0.11	54_D	[ 100.07177778   81.65988889 -105.70266667]
0.07	 1.03	-0.1	-0.06	54_D	[  99.0635    81.02625 -105.313  ]
-0.1	 -0.5	-0.13	0.11	54_D	[  97.8034   82.4982 -103.424 ]
0.08	 1.14	0.07	-0.32	54_D	[  96.1675    85.03005 -104.41595]
-0.14	 -0.35	-0.17	0.2	54_D	[  98.049475   85.773475 -103.7092  ]
0.05	 0.54	-0.23	-0.06	54_D	[ 100.4735       83.12107143 -105.6745    ]
-0.04	 0.24	0.03	0.03	54_D	[  97.1131    80.46015 -105.57725]
-0.11	 -0.44	0.06	0.12	54_D	[  96.47771429   82.60485714 -104.02895238]
-0.23	 -0.59	0.12	0.28	54_D	[  99.1227619   82.379     -103.8597619]
0.05	 0.47	-0.08	0.06	55_V	[  91.87633333   82.57866667 -105.76066667]
-0.07	 -0.31	-0.03	0.08	55_V	[  91.2383871    83.28174194 -108.18996774]
-0.11	 -0.5	-0.02	0.1	55_V	[  92.36772727   80.40954545 -106.42813636]
0.09	 -0.1	-0.1	-0.16	55_V	[  94.94         82.33818182 -105.14145455]
-0.17	 -0.28	-0.13	0.24	55_V	[  92.82892308   83.36761538 -105.30746154]
-0.24	 -1.42	0.26	0.47	55_V	[  90.56025   82.7411  -107.0399 ]
-0.04	 0.08	-0.1	0.01	55_V	[  91.81875     84.8764375 -107.8854375]
-0.08	 -0.12	-0.16	0.08	55_V	[  91.80805882   81.78729412 -109.635     ]
-0.2	 -0.64	0.15	0.32	55_V	[  91.56325926   80.8927037  -105.98874074]
0.07	 0.21	-0.02	-0.09	55_V	[  92.60672727   80.093      -108.34654545]
-0.08	 -0.26	0.12	-0.03	55_V	[  94.27508333   80.32679167 -105.53841667]
0.07	 1.13	0.12	-0.3	56_E	[  94.1852   88.1972 -107.8986]
0.07	 0.74	-0.06	-0.19	56_E	[  96.72415385   88.61523077 -107.77584615]
0.02	 0.54	-0.12	-0.07	56_E	[  95.27148   88.88036 -108.90488]
0.03	 1.26	-0.02	-0.13	56_E	[  95.5641   88.2862 -106.2755]
0.06	 0.73	0.11	-0.33	56_E	[  93.01472727   86.29327273 -105.43190909]
-0.12	 -0.34	-0.07	0.07	56_E	[  94.17984375   87.6980625  -103.62959375]
-0.31	 -0.95	0.2	0.46	56_E	[  92.35010526   87.67052632 -102.65271053]
-0.32	 -0.86	0.03	0.41	56_E	[  95.32348485   88.76757576 -103.44324242]
0.14	 1.21	0.1	-0.37	56_E	[  94.8426       84.42086667 -105.11933333]
0.02	 0.38	-0.07	-0.05	56_E	[  93.01871429   86.91033333 -108.13428571]
0.14	 1.1	0.03	-0.22	56_E	[  96.7680625   87.3083125 -105.273625 ]
-0.19	 -0.71	0.12	0.16	56_E	[  94.76675   88.9494  -106.61625]
-0.21	 -0.59	-0.05	0.33	56_E	[  92.402375     87.479125   -106.17516667]
-0.1	 -0.0	-0.14	0.04	56_E	[  93.29411111   85.30244444 -104.92138889]
0.1	 1.01	-0.07	-0.2	57_R	[  97.27728571   87.68842857 -106.895     ]
0.09	 1.46	0.07	-0.3	57_R	[  98.162        88.11233333 -107.51277778]
0.09	 0.95	0.04	-0.25	57_R	[ 102.08025      87.51441667 -109.69016667]
0.03	 0.55	-0.08	-0.11	57_R	[ 101.69841667   89.26125    -108.40066667]
0.08	 0.5	-0.29	-0.07	57_R	[ 102.08323529   86.27329412 -106.702     ]
-0.0	 -0.33	-0.02	0.02	57_R	[ 101.77721053   87.17276316 -105.22065789]
-0.15	 -0.68	-0.01	0.25	57_R	[ 102.85904167   89.00466667 -104.890625  ]
-0.14	 -0.36	-0.07	0.22	57_R	[ 101.86576923   86.059      -103.62573077]
0.15	 1.51	-0.03	-0.21	57_R	[  98.24163636   88.77827273 -108.04345455]
0.14	 1.05	0.04	-0.28	57_R	[  98.93345833   87.17133333 -106.22975   ]
0.08	 0.92	-0.0	-0.19	57_R	[ 100.89842857   88.51814286 -110.37457143]
-0.13	 -0.65	-0.07	0.29	57_R	[ 103.16533333   88.252      -107.74257143]
-0.08	 0.08	-0.12	0.02	57_R	[ 100.3792963    89.3767037  -107.22896296]
0.12	 0.83	0.08	-0.35	57_R	[ 101.608125   85.21375  -106.146125]
-0.19	 -0.91	0.1	0.36	57_R	[ 102.7737    89.70155 -106.0084 ]
-0.33	 -1.44	0.32	0.56	57_R	[ 103.31094737   88.93689474 -103.679     ]
-0.15	 -0.57	-0.07	0.15	57_R	[ 101.11859091   84.82345455 -104.22009091]
-0.28	 -1.19	0.17	0.47	57_R	[ 102.47984   86.92808 -102.78112]
0.12	 1.21	-0.12	-0.1	59_T	[  92.2645       86.93133333 -109.84633333]
0.06	 0.65	0.01	-0.21	59_T	[  91.60392857   84.96335714 -110.61710714]
-0.04	 0.03	-0.06	-0.12	59_T	[  90.8882069    87.42786207 -112.54355172]
0.01	 0.14	0.01	-0.21	59_T	[  93.02105556   88.06916667 -110.40911111]
-0.23	 -0.88	0.0	0.82	59_T	[  90.59213043   87.53317391 -111.22465217]
0.04	 0.67	-0.07	-0.16	59_T	[  92.38728571   89.21357143 -112.16457143]
0.02	 0.08	-0.14	-0.02	59_T	[  90.65269231   85.93530769 -113.37723077]
0.13	 1.5	0.27	-0.52	60_Q	[  94.09258333   89.12158333 -111.78858333]
0.16	 1.29	0.19	-0.44	60_Q	[  94.2666   90.0406 -112.1744]
0.12	 0.7	0.01	-0.2	60_Q	[  96.577        91.43442857 -115.0335    ]
-0.05	 -1.5	-0.18	0.06	60_Q	[  95.09525    91.35775  -111.437875]
0.06	 0.98	0.15	-0.44	60_Q	[  97.9816   92.0896 -112.4256]
0.0	 0.38	-0.06	-0.02	60_Q	[  98.30226087   91.44308696 -110.28613043]
-0.29	 -1.02	0.13	0.38	60_Q	[  97.62433333   93.12355556 -110.65194444]
-0.01	 0.26	-0.01	-0.04	60_Q	[  99.19340625   90.54509375 -109.013     ]
-0.1	 -0.34	-0.07	0.21	60_Q	[  95.81995455   91.9605     -112.75586364]
-0.05	 0.12	-0.0	0.0	60_Q	[  95.05953846   90.23211538 -110.74888462]
0.01	 0.38	-0.08	-0.12	60_Q	[  98.78403571   91.1365     -113.31246429]
0.16	 0.95	0.1	-0.35	60_Q	[ 100.3312   89.7497 -110.2396]
-0.29	 -0.84	0.04	0.45	60_Q	[  99.59057143   91.90610714 -108.4675    ]
-0.1	 -0.79	-0.06	0.12	61_L	[ 101.69768182   89.77922727 -114.36504545]
0.07	 1.19	0.05	-0.25	61_L	[ 102.74978571   87.32221429 -112.65385714]
-0.05	 -0.41	0.03	0.01	61_L	[ 103.11865   89.11485 -115.30155]
0.13	 0.69	0.0	-0.23	61_L	[ 100.47495652   90.20504348 -115.40156522]
-0.06	 -1.21	-0.11	0.13	61_L	[ 101.016        89.56969565 -112.739     ]
0.08	 -0.44	0.0	-0.21	61_L	[ 103.67429412   87.12764706 -113.73541176]
0.14	 1.73	0.05	-0.29	61_L	[ 101.82945455   87.2965     -111.62431818]
0.17	 1.27	0.08	-0.35	62_M	[  94.82580952   86.41695238 -119.81738095]
0.13	 1.55	0.05	-0.33	62_M	[  93.01861905   85.46080952 -119.31261905]
-0.01	 -0.01	-0.0	-0.07	62_M	[  89.76028571   85.74738095 -115.86852381]
0.2	 1.32	0.5	-0.7	62_M	[  94.4432   84.921  -118.9988]
0.04	 0.18	-0.08	-0.11	62_M	[  89.28375      86.93216667 -116.80891667]
0.08	 0.92	0.02	-0.26	62_M	[  90.04375      84.09008333 -115.98966667]
0.05	 0.81	-0.09	-0.16	62_M	[  90.51366667   87.08616667 -114.85008333]
0.12	 0.86	0.1	-0.32	63_L	[  95.01711111   92.28122222 -118.237     ]
0.15	 1.09	0.08	-0.34	63_L	[  93.43004762   91.27119048 -119.1262381 ]
0.06	 -0.16	-0.03	-0.15	63_L	[  94.01322222   91.98711111 -115.51844444]
-0.12	 -0.7	0.06	0.16	63_L	[  91.81761538   91.52373077 -113.82915385]
-0.11	 -0.39	-0.27	0.17	63_L	[  90.66278571   90.28339286 -117.62403571]
0.05	 0.87	-0.0	-0.15	63_L	[  94.74127273   91.53290909 -114.97845455]
-0.12	 -0.03	-0.22	0.1	63_L	[  93.48584615   92.13253846 -117.13661538]
0.02	 -0.12	-0.23	0.51	63_L	[  90.85195652   90.06021739 -113.40943478]
0.04	 0.42	-0.12	-0.13	63_L	[  93.63339286   90.93535714 -113.04660714]
-0.21	 -0.83	0.2	0.36	63_L	[  91.77395455   92.31859091 -114.73963636]
-0.05	 -0.47	-0.03	0.05	63_L	[  89.90505556   88.98680556 -116.05002778]
-0.19	 -1.03	0.21	0.36	63_L	[  91.15695   91.4414  -117.37335]
0.1	 0.94	0.1	-0.33	63_L	[  90.99057895   89.38       -118.738     ]
0.03	 0.97	0.04	-0.3	64_A	[  95.8615       91.81035714 -116.96807143]
0.11	 1.95	-0.07	-0.17	64_A	[  96.82866667   92.46333333 -117.43433333]
-0.02	 0.31	-0.15	0.03	64_A	[  99.66294737   92.29678947 -117.36315789]
0.07	 0.46	-0.0	-0.11	64_A	[  96.89692   93.31976 -118.577  ]
-0.02	 0.18	-0.09	-0.08	64_A	[ 100.61873333   92.03046667 -118.27126667]
-0.07	 -0.02	0.07	0.06	64_A	[  98.3327037    92.08081481 -116.25114815]
0.09	 0.73	-0.19	-0.15	65_V	[  96.3069    85.7689  -122.27925]
0.24	 1.56	0.29	-0.52	65_V	[  96.0824375   85.9291875 -120.734375 ]
0.14	 0.78	-0.0	-0.29	65_V	[  97.23988889   84.37855556 -122.34225926]
0.13	 1.32	0.17	-0.47	65_V	[  95.7241   86.6546 -122.5337]
0.03	 1.07	-0.11	-0.13	66_A	[  92.7527   91.1188 -122.5647]
-0.09	 -0.09	-0.03	0.02	66_A	[  94.00205556   91.10177778 -124.89475   ]
0.04	 1.28	-0.07	-0.15	66_A	[  91.66736   88.54156 -121.8804 ]
-0.26	 -0.49	-0.33	0.32	66_A	[  91.73369231   88.82638462 -122.84242308]
-0.0	 0.56	-0.11	-0.11	66_A	[  93.47097674   87.07790698 -121.70986047]
0.09	 1.02	-0.01	-0.14	66_A	[  92.18252174   89.82626087 -120.31695652]
0.1	 1.1	0.09	-0.35	67_Y	[  93.19544444   91.48433333 -121.61055556]
0.04	 0.58	-0.02	-0.2	67_Y	[  93.164        92.47633333 -121.98383333]
-0.12	 -0.06	0.02	0.14	67_Y	[  95.55236842   94.54678947 -124.67965789]
0.1	 0.79	0.06	-0.25	67_Y	[  95.0961   93.8372 -119.315 ]
-0.08	 -0.21	-0.12	0.09	67_Y	[  94.0745       95.50333333 -119.6685    ]
-0.02	 0.09	-0.0	-0.02	67_Y	[  93.005125     95.737125   -121.61491667]
-0.04	 -0.39	0.07	-0.11	67_Y	[  95.27695652   96.09478261 -119.38534783]
-0.15	 -0.71	-0.12	0.19	67_Y	[  93.12178571   97.34803571 -122.23467857]
-0.05	 -0.51	-0.08	0.06	67_Y	[  96.03506061   97.51233333 -120.88169697]
-0.06	 -0.27	0.02	-0.08	67_Y	[  94.48211538   97.97926923 -121.30165385]
-0.23	 -1.42	0.09	0.35	67_Y	[  93.89756667   99.8906     -121.79023333]
-0.01	 -0.44	-0.03	-0.04	67_Y	[  93.21578947   93.16910526 -123.12310526]
-0.8	 -0.4	0.04	0.13	67_Y	[  93.58890476   92.94352381 -120.13109524]
-0.23	 -0.43	0.04	0.43	67_Y	[  92.35105   94.95405 -122.31195]
0.06	 0.28	-0.04	-0.11	67_Y	[  97.25966667   95.73938095 -119.52109524]
-0.28	 -0.98	0.3	0.53	67_Y	[  92.10966667   97.85111111 -122.60055556]
-0.17	 -0.49	-0.04	0.21	67_Y	[  97.27889474   98.08826316 -120.39789474]
-0.25	 -0.99	0.16	0.44	67_Y	[  95.64781481  100.18992593 -121.031     ]
0.08	 -0.55	-0.1	-0.08	68_Q	[  97.85941667   93.02725    -126.06558333]
-0.22	 -0.66	-0.0	0.24	68_Q	[ 100.04424   93.20468 -126.0854 ]
0.13	 1.17	0.12	-0.34	68_Q	[ 100.712        93.89466667 -122.668     ]
0.07	 1.81	-0.04	-0.15	68_Q	[ 100.64625   95.689   -122.24025]
0.03	 0.54	-0.02	-0.14	68_Q	[ 100.39444444   94.45308333 -120.34666667]
-0.09	 -0.13	-0.17	0.08	68_Q	[ 101.11411538   93.54684615 -119.45765385]
-0.07	 -0.25	-0.03	0.06	68_Q	[ 100.42397059   96.54482353 -120.09811765]
-0.05	 0.25	0.03	0.01	68_Q	[  97.75395238   95.2582381  -124.17895238]
-0.08	 -0.49	0.0	0.11	68_Q	[ 100.884875     94.03404167 -123.60495833]
-0.09	 0.16	0.01	-0.04	68_Q	[  98.96528   96.3102  -122.50096]
-0.35	 -0.85	-0.04	0.5	68_Q	[ 100.16147619   97.4387619  -120.61414286]
-0.36	 -1.19	0.38	0.63	68_Q	[ 101.55433333   96.2437619  -118.79890476]
0.16	 1.5	0.02	-0.32	69_G	[  96.75225    92.052375 -125.53975 ]
-0.04	 -0.67	0.03	-0.06	69_G	[  97.43988889   90.77127778 -126.757     ]
0.07	 0.7	-0.28	-0.05	69_G	[ 100.74042857   89.75071429 -126.85842857]
0.13	 0.09	0.0	-0.18	69_G	[  99.54665   88.51525 -127.31165]
0.03	 0.05	-0.07	-0.05	69_G	[  96.48852941   90.21476471 -126.51347059]
-0.1	 -0.73	0.16	0.18	69_G	[  99.40754167   91.0985     -127.18379167]
0.07	 0.59	0.03	-0.18	70_K	[ 102.10384615   91.71003846 -122.38596154]
0.08	 3.63	-0.0	-0.19	70_K	[ 103.63214286   91.45728571 -124.58428571]
-0.02	 0.26	-0.05	-0.15	70_K	[ 103.955    89.0826 -127.343 ]
-0.08	 -0.44	-0.07	0.03	70_K	[ 105.2464       91.18693333 -127.35193333]
0.09	 2.01	0.04	-0.24	70_K	[ 107.19047059   90.50341176 -125.06305882]
0.05	 0.77	-0.12	-0.11	70_K	[ 102.0535       91.34086364 -125.69140909]
0.08	 0.19	-0.17	-0.1	70_K	[ 103.9036   90.8024 -123.4671]
-0.08	 -0.35	-0.01	0.03	70_K	[ 105.049        87.94826667 -126.538     ]
-0.15	 -0.28	-0.04	0.17	70_K	[ 102.69124242   89.33693939 -127.52190909]
-0.36	 -0.93	0.25	0.51	70_K	[ 105.68572222   90.73088889 -128.023     ]
-0.28	 -1.15	0.14	0.45	70_K	[ 104.35273684   92.27652632 -126.25431579]
-0.25	 -0.6	-0.03	0.36	70_K	[ 107.27666667   91.50945833 -125.5865    ]
0.05	 0.61	0.09	-0.16	70_K	[ 105.90676667   90.504      -123.6438    ]
0.02	 0.18	-0.12	-0.17	70_K	[ 107.15135   89.10815 -126.20895]
0.13	 1.53	-0.02	-0.27	71_A	[ 101.77818182   90.90345455 -119.13472727]
0.09	 -0.01	-0.01	-0.14	71_A	[ 103.56544   90.5012  -121.16956]
0.04	 0.64	-0.04	-0.1	71_A	[ 102.18795455   89.94340909 -117.69331818]
0.03	 0.46	0.03	-0.16	72_I	[ 104.89427586   88.34475862 -115.99462069]
0.13	 0.86	0.01	-0.28	72_I	[ 107.25015789   90.00026316 -120.81105263]
0.03	 0.98	0.03	-0.15	72_I	[ 108.1124   88.5462 -116.2077]
-0.15	 -0.81	-0.11	0.14	72_I	[ 109.2665       91.59283333 -119.24238889]
0.03	 -0.09	0.04	-0.06	72_I	[ 104.24892857   90.21864286 -118.94735714]
-0.1	 0.06	-0.01	0.14	72_I	[ 106.2808125   89.9495    -117.273125 ]
0.01	 0.06	-0.27	0.03	72_I	[ 106.16994737   90.30631579 -120.81384211]
0.02	 -0.05	-0.09	-0.05	72_I	[ 109.17023529   89.38894118 -116.85064706]
0.07	 -0.1	-0.01	-0.13	72_I	[ 107.80464706   87.49111765 -115.76311765]
-0.06	 -0.08	-0.04	0.04	72_I	[ 109.13945833   90.91945833 -121.124875  ]
-0.23	 -0.88	0.18	0.37	72_I	[ 108.019        91.62309524 -118.46238095]
0.09	 0.42	-0.0	-0.18	72_I	[ 110.337        89.95208333 -118.02325   ]
0.17	 1.47	0.07	-0.29	73_C	[ 106.02653846   86.19523077 -114.66638462]
0.13	 1.3	0.1	-0.33	73_C	[ 106.66618182   83.05645455 -113.53581818]
0.05	 0.79	0.12	-0.35	74_G	[ 108.06957895   84.01289474 -113.34963158]
-0.15	 -0.5	-0.2	0.12	74_G	[ 108.21346154   85.56230769 -113.66607692]
0.1	 0.83	-0.04	-0.21	74_G	[ 107.931625   83.16225  -113.5925  ]
-0.06	 -0.05	0.0	0.02	75_V	[ 113.32275      83.45615625 -112.70259375]
0.09	 1.17	0.1	-0.39	75_V	[ 114.64778947   86.64642105 -115.23615789]
0.01	 0.13	-0.08	-0.04	75_V	[ 112.22848387   88.21854839 -115.99145161]
-0.01	 -0.16	0.07	-0.08	75_V	[ 110.45585   83.89365 -113.22685]
-0.14	 -0.37	0.04	0.14	75_V	[ 112.63533333   86.16877778 -113.05444444]
-0.1	 -0.04	-0.05	0.02	75_V	[ 115.05876316   87.56005263 -115.11223684]
-0.25	 -1.07	0.28	0.46	75_V	[ 112.717        88.71047368 -114.74110526]
-0.01	 -0.21	-0.01	0.0	75_V	[ 110.32030435   87.38026087 -114.67178261]
0.04	 0.83	0.07	-0.3	76_F	[ 112.25953333   79.89886667 -112.4794    ]
-0.01	 -0.37	-0.06	-0.01	76_F	[ 110.62712   79.99632 -112.29892]
-0.01	 0.18	-0.09	-0.09	76_F	[ 109.17261538   81.95       -113.02261538]
0.05	 0.12	-0.02	-0.11	76_F	[ 114.6130625   81.31575   -113.108625 ]
0.2	 1.64	0.24	-0.49	76_F	[ 114.43861538   79.28230769 -113.61761538]
-0.13	 -0.75	-0.13	0.32	76_F	[ 112.70038889   79.23877778 -112.359     ]
-0.22	 -0.4	-0.07	0.34	76_F	[ 109.41603846   79.05261538 -112.03265385]
0.05	 0.45	-0.02	-0.02	76_F	[ 107.63976923   80.79911538 -112.91169231]
0.08	 0.58	-0.0	-0.02	77_T	[ 119.90966667   79.20433333 -115.26616667]
-0.11	 -0.52	-0.04	0.09	77_T	[ 119.12553571   79.78689286 -112.95925   ]
0.18	 1.06	-0.0	-0.25	77_T	[ 115.93185714   79.60428571 -113.56885714]
0.17	 1.33	0.22	-0.47	77_T	[ 119.49076471   81.24488235 -116.22447059]
-0.53	 -0.06	-0.15	0.09	77_T	[ 120.07680645   78.73880645 -116.11022581]
-0.08	 0.08	0.05	-0.1	77_T	[ 118.65115385   77.0105     -114.23657692]
-0.22	 -1.08	0.15	0.39	77_T	[ 119.88341667   78.52516667 -113.17129167]
-0.19	 -0.51	-0.11	0.22	77_T	[ 120.1485    81.22625 -114.02925]
-0.11	 -0.44	-0.12	0.13	77_T	[ 117.35738095   80.05904762 -112.8247619 ]
0.06	 1.01	0.26	-0.43	78_A	[ 117.1426   78.8456 -121.1794]
0.19	 1.39	0.01	-0.27	78_A	[ 117.88616667   76.49683333 -120.86233333]
0.12	 0.86	-0.02	-0.24	78_A	[ 116.09884211   78.02963158 -121.41168421]
-0.01	 0.3	-0.01	-0.06	78_A	[ 120.21577778   78.98774074 -121.13814815]
0.18	 1.34	0.35	-0.59	78_A	[ 120.17788   80.21836 -117.65832]
0.15	 1.23	0.19	-0.46	78_A	[ 116.77468182   79.7475     -121.30918182]
-0.14	 -0.24	-0.1	0.2	78_A	[ 118.582        78.73242857 -121.99925   ]
0.07	 1.14	0.03	-0.36	78_A	[ 120.75325    80.869375 -121.022125]
-0.05	 0.02	0.04	-0.11	78_A	[ 120.55221212   78.40830303 -119.33190909]
0.06	 0.95	-0.05	-0.2	79_E	[ 119.348375   76.324625 -119.6565  ]
0.11	 1.52	-0.12	-0.1	79_E	[ 119.21333333   75.48533333 -119.69533333]
0.2	 1.52	0.23	-0.5	79_E	[ 116.4472       73.33233333 -119.64293333]
0.08	 1.26	-0.04	-0.19	79_E	[ 119.7475       75.83342857 -117.11457143]
0.0	 0.35	-0.3	0.03	79_E	[ 118.32778571   72.36864286 -118.20342857]
-0.12	 -0.14	-0.2	0.12	79_E	[ 119.59769697   72.98163636 -116.10675758]
-0.28	 -0.78	0.11	0.4	79_E	[ 121.17905263   73.76373684 -115.88636842]
-0.34	 -1.26	0.27	0.53	79_E	[ 119.4220303    71.04263636 -115.90312121]
0.12	 0.61	-0.13	-0.14	79_E	[ 119.94081818   77.52281818 -118.03918182]
0.04	 0.01	-0.09	0.05	79_E	[ 118.49773333   74.70546667 -120.30193333]
-0.12	 -0.34	0.04	-0.02	79_E	[ 120.35460606   75.19472727 -118.12866667]
0.14	 1.08	0.05	-0.34	79_E	[ 119.07827778   75.29588889 -115.59816667]
-0.0	 0.12	-0.34	0.08	79_E	[ 116.8575       72.88616667 -117.02796667]
-0.21	 -0.23	-0.03	0.2	79_E	[ 118.67507692   72.69319231 -119.08007692]
0.19	 1.45	0.4	-0.62	80_V	[ 111.97472727   74.73636364 -116.64663636]
-0.04	 0.19	-0.07	0.0	80_V	[ 112.55611111   75.88244444 -113.26233333]
-0.12	 -0.76	-0.04	0.13	80_V	[ 115.73333333   75.42004762 -113.11642857]
0.13	 0.42	-0.01	-0.19	80_V	[ 114.57896154   73.74042308 -116.22523077]
-0.05	 -0.4	-0.01	0.03	80_V	[ 112.49919048   77.11585714 -112.92980952]
-0.14	 -0.7	-0.03	0.11	80_V	[ 112.32352   74.95208 -114.52912]
-0.1	 -0.38	-0.02	0.1	80_V	[ 115.48787879   77.20733333 -112.83187879]
-0.18	 -0.79	0.13	0.21	80_V	[ 115.31431818   74.49204545 -113.71622727]
0.02	 0.53	-0.12	-0.1	80_V	[ 117.62925      75.44516667 -114.4185    ]
0.14	 0.69	0.01	-0.25	82_E	[ 111.287875   74.352625 -123.47325 ]
-0.01	 0.23	-0.29	0.01	82_E	[ 114.08018182   73.54463636 -124.20609091]
-0.12	 -0.49	-0.1	0.15	82_E	[ 116.23007407   73.22374074 -123.65014815]
-0.18	 -0.7	0.07	0.18	82_E	[ 117.25160976   73.2477561  -122.189     ]
-0.31	 -1.07	0.26	0.5	82_E	[ 116.1367027    72.48591892 -125.24889189]
0.18	 1.26	0.13	-0.38	82_E	[ 112.4733125   76.013875  -123.5285625]
0.01	 0.46	-0.1	-0.04	82_E	[ 115.93493333   76.51986667 -122.77633333]
-0.01	 0.28	-0.11	-0.0	82_E	[ 113.54247619   72.48909524 -122.62957143]
-0.1	 -0.45	-0.09	0.14	82_E	[ 114.06044828   74.68203448 -124.56610345]
0.03	 0.73	-0.06	-0.12	83_T	[ 113.5135       72.21466667 -117.1425    ]
-0.17	 -0.28	-0.07	0.18	83_T	[ 114.41059375   71.326875   -118.89509375]
-0.07	 -0.35	-0.13	0.06	83_T	[ 111.29086957   69.96108696 -117.86752174]
0.15	 0.68	-0.02	-0.19	83_T	[ 112.15805   71.55925 -121.38915]
-0.02	 0.52	-0.07	-0.16	83_T	[ 112.09146154   73.04592308 -116.98234615]
0.06	 0.14	-0.12	-0.17	83_T	[ 115.49495833   72.396      -118.46408333]
-0.31	 -1.01	0.16	0.52	83_T	[ 112.13955   69.99205 -116.9442 ]
0.11	 0.95	0.16	-0.41	83_T	[ 110.3545   71.9531 -117.3372]
-0.16	 -0.56	0.04	0.22	83_T	[ 111.48534615   69.801      -119.57415385]
0.2	 1.3	0.21	-0.46	84_K	[ 110.33    73.378 -117.56 ]
0.07	 1.19	0.14	-0.38	84_K	[ 109.563        73.84190909 -117.06072727]
-0.02	 0.25	-0.01	-0.1	84_K	[ 110.30385714   76.06357143 -113.49207143]
0.06	 1.22	-0.03	-0.26	84_K	[ 107.43154545   74.95509091 -113.37236364]
0.18	 1.53	0.18	-0.42	84_K	[ 108.81494118   73.89958824 -116.56105882]
0.11	 1.18	0.1	-0.36	84_K	[ 110.74123529   75.063      -116.361     ]
0.03	 0.34	-0.07	-0.07	84_K	[ 110.02505263   75.16763158 -114.91052632]
0.12	 0.89	0.04	-0.28	84_K	[ 109.1346087    77.55130435 -112.94447826]
-0.2	 -0.33	-0.02	0.24	84_K	[ 107.68348485   75.90445455 -112.51751515]
-0.06	 0.15	0.01	-0.05	84_K	[ 107.47629167   74.334125   -114.34304167]
-0.0	 0.39	0.0	-0.08	85_V	[ 108.58405   76.7824  -125.6092 ]
0.15	 1.5	0.22	-0.47	85_V	[ 110.339375    75.9973125 -123.8535   ]
0.0	 -0.22	-0.03	0.04	85_V	[ 109.324        77.76936842 -125.69763158]
-0.03	 -0.06	-0.08	0.02	85_V	[ 108.43695   75.3133  -125.2527 ]
0.13	 1.32	0.33	-0.58	86_A	[ 109.5621   74.2169 -123.8315]
0.08	 1.3	0.13	-0.33	86_A	[ 108.7814   73.623  -124.6114]
0.1	 1.08	0.02	-0.27	86_A	[ 107.264        70.30483333 -121.938     ]
0.06	 0.38	-0.05	-0.18	86_A	[ 105.99541667   70.66479167 -124.05416667]
-0.05	 -0.06	0.02	0.04	86_A	[ 109.73466667   70.89254545 -123.23945455]
-0.01	 -0.37	-0.09	-0.01	86_A	[ 107.58111111   72.76116667 -124.98055556]
-0.23	 -1.13	0.13	0.46	86_A	[ 108.58243478   70.13782609 -123.95047826]
-0.13	 -0.47	-0.26	0.31	86_A	[ 110.4471       72.63276667 -124.3007    ]
0.01	 0.2	-0.19	-0.03	86_A	[ 109.8294   70.6845 -121.5741]
0.09	 0.94	0.12	-0.33	87_M	[ 104.6724   70.2774 -119.8302]
0.11	 1.24	0.09	-0.31	87_M	[ 103.37533333   70.57355556 -119.75985185]
0.08	 1.21	0.12	-0.32	87_M	[ 105.5095       69.876      -118.63483333]
0.02	 0.22	-0.09	-0.12	87_M	[ 108.4691    69.7954  -119.72625]
-0.13	 -0.21	-0.09	0.09	87_M	[ 108.805625     70.4691875  -116.38777083]
-0.03	 0.01	0.19	-0.6	87_M	[ 106.07839394   70.6279697  -115.15409091]
0.16	 1.34	0.14	-0.42	87_M	[ 105.64848148   69.68781481 -120.65711111]
0.09	 0.43	-0.03	-0.14	87_M	[ 104.63670588   70.46841176 -118.32841176]
-0.12	 -0.45	-0.13	0.2	87_M	[ 106.992375     69.00365625 -119.237375  ]
0.12	 1.1	-0.05	-0.22	87_M	[ 109.21322222   70.34622222 -120.06966667]
-0.22	 -0.82	-0.06	0.9	87_M	[ 106.30451724   70.32703448 -114.54306897]
-0.2	 -0.52	0.2	0.26	87_M	[ 105.41633333   69.246      -116.73833333]
0.08	 1.34	0.29	-0.57	89_N	[ 101.88       74.29875  -125.771375]
0.09	 1.01	-0.17	-0.14	89_N	[ 103.0925   71.659  -125.7307]
0.13	 0.77	-0.06	-0.19	89_N	[ 101.33108696   72.30917391 -126.35221739]
0.01	 0.41	0.07	-0.21	89_N	[ 103.6787    73.5582  -126.23265]
-0.01	 0.27	-0.21	0.02	89_N	[ 104.06921429   75.62635714 -127.38714286]
0.06	 0.2	-0.09	-0.1	89_N	[ 102.29711111   75.81211111 -126.71094444]
-0.05	 -0.89	-0.02	0.05	89_N	[ 105.718125    75.80275   -126.9108125]
0.16	 1.48	0.31	-0.55	89_N	[ 101.22653333   74.7058     -125.41433333]
0.11	 0.59	0.03	-0.17	89_N	[ 105.19184615   72.65023077 -125.33623077]
-0.33	 -0.79	-0.05	0.42	89_N	[ 103.26672222   73.13272222 -126.8295    ]
0.04	 0.54	-0.11	-0.04	89_N	[ 105.80666667   77.07133333 -126.95455556]
0.06	 -0.39	0.03	-0.1	89_N	[ 106.442        74.46514286 -125.94278571]
0.1	 0.98	0.05	-0.31	90_K	[ 103.9732   71.2413 -124.8943]
0.07	 0.63	0.01	-0.22	90_K	[ 103.496    70.5795 -125.16  ]
0.09	 0.79	-0.21	0.07	90_K	[ 104.14566667   69.24066667 -124.76433333]
0.0	 0.37	-0.16	0.07	90_K	[ 104.74233333   67.94433333 -124.393     ]
-0.05	 -0.26	-0.34	0.15	90_K	[ 105.52488889   67.226      -122.15822222]
-0.15	 -0.52	-0.15	0.21	90_K	[ 105.11161538   64.805      -122.60830769]
0.01	 1.05	-0.04	-0.18	90_K	[ 103.17466667   64.27533333 -122.41516667]
0.06	 -0.04	-0.02	-0.07	90_K	[ 102.53857895   69.72936842 -125.84036842]
-0.0	 0.09	0.16	-0.29	90_K	[ 104.76533333   69.23153333 -124.40973333]
0.13	 0.99	0.13	-0.35	90_K	[ 102.4795     69.203    -121.261125]
-0.02	 0.1	-0.05	0.04	90_K	[ 102.86789286   67.51392857 -125.11146429]
-0.12	 -0.45	-0.1	0.12	90_K	[ 105.95182353   67.89570588 -122.77626471]
-0.05	 0.05	-0.04	0.04	90_K	[ 103.79495652   67.66186957 -120.93117391]
-0.16	 -0.47	0.1	0.25	90_K	[ 104.60648   65.12472 -124.19656]
-0.24	 -0.77	0.22	0.38	90_K	[ 105.1933913    64.82452174 -121.55130435]
-0.3	 -0.76	0.07	0.37	90_K	[ 102.88679167   63.5485     -122.24816667]
-0.1	 -0.28	-0.01	0.18	90_K	[ 102.54425   65.5615  -120.78275]
0.02	 -0.28	-0.01	-0.02	90_K	[ 101.66638889   65.26577778 -123.94388889]
0.14	 1.67	0.27	-0.52	91_Y	[ 101.36122222   69.53322222 -120.96166667]
0.15	 1.38	0.14	-0.4	91_Y	[ 100.584      69.369125 -120.278625]
0.1	 1.2	0.08	-0.34	91_Y	[  98.78352632   69.18389474 -117.867     ]
0.09	 0.89	-0.16	-0.14	91_Y	[  96.90017391   69.21443478 -117.4686087 ]
-0.17	 -0.19	-0.15	0.15	91_Y	[  95.02705882   70.54623529 -116.23923529]
0.12	 1.67	0.07	-0.26	91_Y	[ 101.45188889   70.39466667 -119.08633333]
-0.06	 -0.35	-0.23	0.22	91_Y	[  99.38365   68.67085 -118.5435 ]
-0.12	 -0.22	0.02	0.13	91_Y	[  97.16676667   68.8613     -116.36883333]
0.07	 0.65	0.07	-0.28	91_Y	[  94.74580952   71.66904762 -115.9017619 ]
0.11	 1.36	0.24	-0.49	92_A	[  98.681    74.9039 -125.7814]
0.11	 0.83	0.02	-0.24	92_A	[  99.21782609   73.98647826 -125.80656522]
0.15	 1.54	0.18	-0.46	93_R	[  98.728      72.67875  -126.498625]
0.12	 1.17	0.32	-0.53	93_R	[  98.3554   72.4524 -127.0126]
0.12	 1.14	-0.11	-0.19	93_R	[  96.142        68.60494737 -127.73589474]
0.05	 0.63	-0.02	-0.22	93_R	[  98.9875    71.502   -128.30175]
0.01	 0.2	-0.03	-0.22	93_R	[  97.908        69.26106667 -128.81773333]
-0.05	 -0.02	-0.1	0.05	93_R	[ 101.3218125   69.8946875 -129.513125 ]
-0.03	 0.55	-0.03	-0.1	93_R	[  99.89646154   68.44476923 -130.48269231]
-0.03	 -0.15	-0.03	-0.01	93_R	[ 100.46488235   67.02691176 -130.036     ]
-0.04	 0.17	0.0	-0.03	93_R	[ 100.32193103   66.391      -127.73393103]
-0.2	 0.16	0.01	0.25	93_R	[ 100.17695455   65.72195455 -131.44668182]
0.08	 0.67	-0.11	-0.11	93_R	[  97.03957895   71.57826316 -127.89289474]
-0.18	 -0.4	-0.16	0.14	93_R	[  99.82431818   71.9405     -127.57063636]
0.13	 0.76	-0.03	-0.2	93_R	[  98.10085714   67.64407143 -127.78542857]
-0.21	 -0.99	-0.21	0.38	93_R	[  97.7543    69.8911  -129.24955]
-0.23	 -0.62	0.05	0.3	93_R	[ 100.59018182   70.72204545 -129.92131818]
-0.09	 -0.55	0.05	0.07	93_R	[ 101.8332    69.32805 -127.95315]
-0.29	 -1.25	0.14	0.43	93_R	[ 100.08278947   68.84515789 -131.53031579]
0.06	 0.41	-0.19	-0.07	93_R	[ 100.92486957   67.17286957 -126.89882609]
-0.29	 -0.79	-0.38	0.64	93_R	[ 100.16971429   65.38146429 -127.88982143]
-0.26	 -1.27	0.17	0.47	93_R	[ 100.12252   66.72716 -132.3398 ]
-0.26	 -1.31	0.18	0.48	93_R	[ 100.1675       64.64961538 -130.60230769]
0.06	 0.84	0.4	-0.66	94_E	[  96.19583333   66.15166667 -124.30333333]
0.15	 1.38	0.3	-0.56	94_E	[  95.268375   67.4895   -122.25825 ]
-0.12	 -0.24	0.01	0.12	94_E	[  94.13029268   66.98556098 -123.88697561]
0.04	 0.61	-0.13	-0.17	94_E	[  97.17628571   66.90928571 -121.96671429]
0.05	 0.85	-0.01	-0.25	94_E	[  99.52125   65.84735 -124.4672 ]
-0.12	 -0.47	-0.15	0.12	94_E	[  98.68585714   65.3335     -121.40307143]
-0.03	 -0.08	0.01	-0.09	94_E	[  99.8157907    67.25034884 -120.47851163]
-0.21	 -0.45	0.12	0.27	94_E	[ 100.05991667   64.30095833 -121.86091667]
-0.03	 -0.11	0.0	-0.04	94_E	[  96.74732   66.73636 -125.77644]
0.17	 0.94	0.59	-0.75	94_E	[  97.64575   67.728   -121.1365 ]
-0.13	 -0.06	-0.1	0.16	94_E	[  96.43469697   66.57151515 -122.10121212]
-0.11	 -0.24	-0.61	0.54	94_E	[  98.84085294   65.39047059 -124.57870588]
0.17	 1.44	0.2	-0.47	94_E	[ 100.57722222   66.996      -124.91894444]
0.08	 1.01	0.11	-0.41	95_N	[  92.1498   69.8794 -122.845 ]
0.09	 0.87	-0.05	-0.17	95_N	[  91.799     69.44775 -124.6235 ]
-0.04	 -0.32	-0.08	0.07	95_N	[  91.20645   71.2751  -123.61235]
0.06	 0.98	0.12	-0.34	95_N	[  92.4114   69.948  -121.6138]
0.06	 0.47	-0.04	-0.17	95_N	[  94.71183333   68.29666667 -121.10008333]
-0.22	 -0.57	0.12	0.36	95_N	[  93.3417234    69.55444681 -119.57076596]
0.11	 1.42	0.14	-0.45	95_N	[  95.83442857   68.23928571 -120.87171429]
-0.07	 -0.19	0.02	-0.06	95_N	[  92.53469565   68.88178261 -122.89682609]
0.04	 0.97	-0.02	-0.06	95_N	[  92.3199375   71.4003125 -121.387625 ]
-0.02	 0.2	-0.12	0.07	95_N	[  96.1935       68.63806667 -119.62896667]
0.14	 1.42	0.28	-0.54	96_E	[  93.181    70.682  -128.7005]
-0.0	 0.68	0.01	-0.14	96_E	[  93.6115    72.14275 -128.43175]
-0.07	 -0.39	0.01	0.1	96_E	[  91.62785714   73.08151429 -127.68671429]
-0.03	 0.35	-0.06	-0.06	96_E	[  90.4973   70.4853 -127.5985]
-0.01	 0.55	0.05	-0.16	96_E	[  91.59754167   68.0345     -126.57233333]
-0.14	 -0.17	-0.02	0.05	96_E	[  92.60665   67.8763  -129.23185]
-0.28	 -0.81	0.16	0.39	96_E	[  91.4997561    68.42878049 -130.09873171]
-0.15	 -0.37	-0.03	0.24	96_E	[  94.32229787   67.36214894 -128.55259574]
0.02	 0.36	-0.02	-0.1	96_E	[  94.5983    70.60555 -128.2691 ]
-0.12	 -0.21	0.02	0.19	96_E	[  90.654        70.60694444 -125.9145    ]
-0.18	 -0.86	-0.09	0.23	96_E	[  91.30810526   70.99773684 -128.68015789]
0.01	 -0.09	-0.12	-0.01	96_E	[  92.66392857   67.62457143 -125.70092857]
-0.36	 -0.85	0.22	0.49	96_E	[  90.53875     67.9103125 -126.9833125]
0.06	 0.37	-0.04	-0.11	97_H	[  94.73969231   74.26261538 -128.62184615]
0.0	 0.49	0.01	-0.18	97_H	[  96.91245946   73.73664865 -127.43594595]
-0.04	 0.13	-0.08	-0.05	97_H	[  89.96938462   73.67792308 -124.06003846]
0.08	 1.61	0.17	-0.51	97_H	[  90.689    72.6768 -122.7974]
0.15	 1.28	0.37	-0.61	97_H	[  91.99144444   75.01388889 -127.42711111]
0.08	 0.16	0.05	-0.19	97_H	[  90.77804545   75.71845455 -126.22118182]
-0.23	 -0.86	0.11	0.43	97_H	[  88.91558824   74.67823529 -123.64317647]
-0.08	 -0.08	-0.01	0.08	97_H	[  90.82332   73.45652 -121.362  ]
0.08	 1.54	0.12	-0.43	98_P	[  96.7156   76.0191 -129.4861]
0.12	 1.44	0.08	-0.31	98_P	[  98.26584615   76.17992308 -127.23823077]
-0.01	 0.68	0.0	-0.14	98_P	[  98.5381       78.40636667 -128.684     ]
-0.12	 -0.07	-0.04	0.06	98_P	[  96.2836       77.56786667 -130.72906667]
0.11	 0.93	0.08	-0.27	98_P	[  94.25833333   78.64033333 -130.21555556]
-0.22	 -0.24	-0.02	0.25	98_P	[  97.07836842   75.22152632 -129.12052632]
-0.09	 -0.08	-0.12	0.17	98_P	[  96.3761       79.1893     -130.15163333]
-0.19	 -0.7	0.14	0.33	98_P	[  95.10991667   76.27441667 -130.73158333]
0.02	 0.27	-0.08	-0.1	98_P	[  93.21175      78.618      -130.30585714]
0.02	 0.23	-0.05	-0.07	98_P	[  92.58448387   75.94680645 -128.71506452]
0.12	 0.41	0.06	-0.25	99_L	[  99.853        76.30709091 -126.28209091]
0.11	 1.19	-0.05	-0.22	99_L	[  96.90894444   81.20611111 -123.45544444]
0.2	 1.61	0.24	-0.49	99_L	[  97.76547619   82.25409524 -122.36142857]
0.17	 1.81	0.13	-0.38	99_L	[  96.95276923   81.37838462 -124.61092308]
-0.03	 0.33	0.05	-0.14	100_L	[ 100.31945455   80.67145455 -129.08145455]
0.08	 0.79	0.04	-0.14	100_L	[ 102.811        80.53883333 -130.18383333]
-0.06	 -0.06	0.02	-0.08	100_L	[ 103.9831   82.318  -129.5786]
-0.1	 -0.54	-0.14	0.11	100_L	[ 104.18615789   77.49068421 -129.11136842]
0.15	 0.91	0.14	-0.46	100_L	[  98.91939286   80.93382143 -127.45335714]
0.18	 1.61	0.19	-0.43	100_L	[ 101.00015385   77.46384615 -127.41569231]
-0.24	 -0.36	-0.2	0.23	100_L	[ 100.13623529   79.21723529 -129.41876471]
0.02	 0.17	-0.17	-0.03	100_L	[ 100.59678261   81.76834783 -128.53747826]
-0.23	 -0.79	0.1	0.35	100_L	[ 102.21933333   79.89471429 -130.62033333]
-0.05	 -0.3	0.04	0.09	100_L	[ 104.78506667   80.76806667 -130.03846667]
0.01	 0.03	0.01	-0.06	100_L	[ 102.44506667   82.2592     -129.5674    ]
-0.13	 -0.34	0.09	0.2	100_L	[ 104.92280769   78.40611538 -129.34611538]
-0.15	 -0.67	0.05	0.29	100_L	[ 102.45268182   77.20859091 -129.11027273]
0.15	 1.17	0.04	-0.26	101_C	[ 106.52377778   78.36888889 -126.83172222]
0.05	 0.37	-0.12	0.04	102_T	[ 108.05266667   83.25733333 -127.86166667]
-0.11	 -0.6	-0.12	0.11	102_T	[ 107.1359   81.3599 -129.1971]
0.18	 0.67	-0.05	-0.23	102_T	[ 108.33838462   79.51438462 -126.48707692]
-0.01	 -0.13	-0.08	-0.05	102_T	[ 108.9184    82.7934  -127.39356]
0.01	 -0.46	-0.05	-0.05	102_T	[ 106.74108108   84.67764865 -126.9067027 ]
-0.13	 -1.01	0.01	0.23	102_T	[ 106.207875     82.65883333 -129.13241667]
-0.11	 -0.32	0.09	0.11	102_T	[ 107.44608333   80.2445     -128.32325   ]
-0.0	 0.15	0.01	-0.04	103_L	[ 111.90044828   83.31096552 -126.67282759]
0.21	 1.42	0.36	-0.59	103_L	[ 114.482   80.35  -124.976]
0.09	 1.41	0.05	-0.27	103_L	[ 113.87486667   78.26436667 -123.73583333]
-0.07	 -0.3	-0.04	0.09	103_L	[ 112.41241379   80.121      -126.59368966]
0.08	 0.81	-0.13	-0.19	103_L	[ 109.72176923   81.03592308 -126.80361538]
-0.22	 -1.1	-0.26	0.23	103_L	[ 114.22469565   78.09982609 -124.56008696]
0.2	 1.48	0.29	-0.54	103_L	[ 114.815        79.36723529 -122.12476471]
0.06	 1.56	0.13	-0.33	103_L	[ 111.52564286   77.63592857 -124.32285714]
-0.24	 -0.53	0.01	0.31	103_L	[ 113.67534615   79.61       -126.37465385]
-0.2	 -0.06	-0.01	-0.08	103_L	[ 110.76191304   79.1033913  -126.08278261]
-0.01	 0.07	-0.08	0.02	103_L	[ 111.30964286   81.44721429 -126.99621429]
0.13	 1.42	-0.03	-0.2	104_E	[ 113.5414   86.9602 -125.9064]
0.0	 1.74	-0.01	-0.09	104_E	[ 111.14493333   86.56573333 -126.96153333]
0.02	 0.16	-0.15	-0.0	104_E	[ 110.06593103   88.45496552 -126.07568966]
-0.03	 0.28	-0.12	-0.06	104_E	[ 109.72685714   89.64707143 -124.46332143]
-0.26	 -0.87	0.1	0.4	104_E	[ 110.69497872   89.15580851 -127.36814894]
0.04	 0.39	-0.01	-0.13	104_E	[ 113.7954375   84.3675    -126.0103125]
0.06	 0.17	0.17	-0.35	104_E	[ 113.10236364   88.28381818 -124.98372727]
-0.21	 -0.42	-0.11	0.25	104_E	[ 112.10095652   86.52643478 -127.22965217]
0.02	 0.56	-0.21	-0.1	104_E	[ 109.62515789   85.26515789 -126.37626316]
0.11	 1.36	0.03	-0.32	105_K	[ 116.695    88.4272 -124.2566]
0.09	 -0.42	0.0	-0.12	105_K	[ 115.1375       88.78972222 -123.90838889]
0.06	 2.05	-0.06	-0.21	105_K	[ 117.231125   86.04075  -126.0925  ]
-0.05	 1.0	0.0	-0.07	105_K	[ 120.524        87.73573333 -124.47546667]
-0.06	 -0.44	-0.08	0.08	105_K	[ 120.306        85.378      -126.73826316]
0.03	 1.71	-0.02	-0.26	105_K	[ 121.29727273   83.46527273 -125.52409091]
-0.0	 0.2	-0.03	-0.03	105_K	[ 115.12316667   85.9507     -125.72723333]
0.1	 -0.09	-0.06	-0.14	105_K	[ 117.36144444   84.79922222 -125.90944444]
-0.05	 -0.23	-0.03	0.08	105_K	[ 117.488     87.4248  -125.50512]
0.12	 1.46	0.15	-0.43	105_K	[ 119.444625   88.056625 -122.849625]
-0.22	 -0.35	-0.17	0.41	105_K	[ 119.72247619   87.97738095 -125.4122381 ]
-0.05	 -0.38	0.02	0.1	105_K	[ 121.85        86.4515625 -124.0021875]
-0.06	 -1.0	0.03	0.22	105_K	[ 118.60816667   84.50761111 -126.57788889]
-0.32	 -1.0	0.22	0.48	105_K	[ 121.00233333   85.7285     -127.24455556]
-0.34	 -0.71	0.14	0.49	105_K	[ 121.58041667   83.33416667 -126.35      ]
-0.04	 -0.03	-0.04	0.01	105_K	[ 121.86547826   83.80947826 -123.89973913]
-0.01	 0.34	-0.01	-0.12	105_K	[ 119.69571429   83.23828571 -126.21571429]
0.21	 1.42	0.35	-0.52	106_A	[ 119.092    88.763  -122.2915]
0.07	 0.81	-0.13	-0.2	106_A	[ 116.45389286   88.67971429 -118.56292857]
0.18	 1.0	0.11	-0.36	106_A	[ 114.9545625   87.8854375 -118.3009375]
-0.17	 -0.67	-0.11	0.18	106_A	[ 116.99069565   91.09191304 -122.59391304]
-0.27	 -0.87	0.07	0.36	106_A	[ 116.67090323   90.39393548 -118.67090323]
-0.05	 0.21	-0.01	-0.04	106_A	[ 119.17926923   89.11311538 -120.744     ]
-0.19	 -0.56	-0.04	0.3	106_A	[ 116.97944   91.60152 -121.0284 ]
-0.11	 -0.12	0.04	0.17	106_A	[ 118.05948485   89.90524242 -123.49763636]
-0.0	 0.0	-0.06	-0.11	106_A	[ 115.452        90.62308333 -122.891     ]
