0.05	 -0.58	-0.05	-0.06	1_M	[29.6695     75.63983333 26.00666667]
0.08	 1.62	0.12	-0.39	1_M	[29.6633 70.9384 26.098 ]
-0.02	 0.13	-0.1	0.01	1_M	[28.79461538 72.11746154 26.94911538]
-0.05	 -0.05	-0.07	0.01	1_M	[32.00366667 72.41033333 26.13541667]
-0.1	 -0.41	-0.01	0.03	1_M	[33.7088     71.96753333 23.1628    ]
0.03	 0.47	-0.05	-0.09	1_M	[32.15459259 70.60651852 21.00818519]
-0.12	 -0.7	-0.11	0.16	1_M	[31.556125   73.22433333 20.19775   ]
-0.22	 -0.49	0.1	0.24	1_M	[31.20633333 75.30019048 24.6207619 ]
0.03	 0.55	-0.15	-0.0	1_M	[29.341375 75.927125 25.150625]
-0.17	 -0.86	0.06	0.22	1_M	[29.73244444 74.31       26.94466667]
-0.24	 -0.66	0.02	0.32	1_M	[32.4038     73.6216     25.80833333]
-0.08	 -0.24	0.02	0.11	1_M	[31.4299  71.02045 25.852  ]
-0.13	 -0.49	0.04	0.2	1_M	[33.2772381  73.30114286 23.05247619]
-0.14	 -0.07	0.06	0.15	1_M	[33.2265     70.45527273 23.955     ]
-0.03	 -0.12	-0.09	0.01	1_M	[29.540375 72.951    19.85525 ]
-0.02	 -0.49	-0.01	0.08	1_M	[31.4811875 74.5428125 21.9446875]
-0.26	 -0.81	0.29	0.47	1_M	[32.66254167 72.70391667 20.00204167]
0.08	 0.29	-0.05	-0.11	2_F	[28.47385714 69.2405     26.36585714]
0.01	 -0.11	0.03	-0.19	2_F	[30.62920833 69.10783333 25.387375  ]
0.09	 1.5	0.02	-0.31	2_F	[30.0144     69.2384     19.34546667]
0.24	 1.52	0.28	-0.53	2_F	[27.18584615 70.43307692 26.60746154]
0.04	 0.47	0.0	-0.16	2_F	[28.80507692 70.54066667 18.58817949]
0.06	 1.48	0.07	-0.29	3_D	[28.8598 67.8816 26.6734]
0.18	 1.45	0.24	-0.5	3_D	[30.52055556 65.02694444 24.84394444]
0.12	 1.52	-0.1	-0.14	3_D	[28.54333333 67.12433333 27.619     ]
-0.09	 -0.18	0.06	-0.03	3_D	[28.5016875 64.8526875 28.2465   ]
-0.1	 0.09	-0.09	0.02	3_D	[29.61363333 63.86336667 27.1169    ]
-0.14	 -0.39	0.01	0.2	3_D	[27.08640541 64.8917027  29.34089189]
0.02	 0.22	0.06	-0.21	3_D	[29.6382381  66.91585714 26.50333333]
0.02	 0.22	-0.28	0.09	3_D	[27.11685294 67.79420588 28.18170588]
0.15	 1.43	0.02	-0.28	4_Q	[28.05661905 61.22095238 26.52995238]
0.14	 1.46	0.21	-0.47	4_Q	[29.20657143 60.26928571 26.328     ]
0.19	 1.49	0.32	-0.55	4_Q	[27.58592308 62.63       26.84507692]
0.23	 1.56	0.23	-0.48	6_A	[23.04956522 57.5753913  19.83665217]
0.08	 1.31	0.03	-0.32	8_F	[19.72507143 54.56414286 18.61735714]
0.1	 1.62	0.01	-0.23	8_F	[19.1841875 55.3589375 19.55775  ]
0.19	 1.33	0.19	-0.45	8_F	[20.13009091 56.51090909 20.02054545]
0.14	 1.16	0.13	-0.44	8_F	[17.76282353 54.91858824 19.87741176]
0.13	 0.84	-0.05	-0.16	8_F	[16.5364 55.0849 20.2246]
0.19	 1.31	0.31	-0.55	8_F	[19.81864286 53.88221429 18.26642857]
0.09	 1.0	0.03	-0.22	8_F	[16.455      54.68511111 19.208     ]
0.02	 0.31	-0.23	-0.05	8_F	[15.12819608 56.30539216 20.583     ]
0.21	 1.12	0.21	-0.49	8_F	[15.51390909 59.04236364 21.76268182]
0.16	 1.62	0.25	-0.5	9_T	[15.50710526 54.13436842 18.53636842]
0.11	 1.33	0.05	-0.31	9_T	[15.44314286 53.01042857 11.19814286]
0.11	 0.86	-0.01	-0.27	9_T	[14.66647826 53.356      12.24673913]
0.14	 1.1	0.02	-0.29	9_T	[15.75008696 52.25643478 11.25921739]
0.11	 0.9	0.06	-0.28	10_P	[11.93235714 51.39771429 17.43607143]
-0.19	 -0.69	0.03	0.28	10_P	[13.3685     52.47665789 19.30847368]
-0.05	 -0.04	-0.19	0.1	10_P	[10.41469231 53.19361538 16.89669231]
0.11	 1.04	-0.16	-0.1	10_P	[10.0432 55.5572 15.648 ]
0.07	 0.8	-0.1	-0.15	10_P	[12.96595833 54.85570833 18.75983333]
0.03	 0.43	-0.04	-0.08	10_P	[10.511      52.5393913  15.80352174]
-0.22	 -0.43	-0.21	0.31	10_P	[10.51742308 54.67023077 17.60784615]
0.16	 1.5	0.24	-0.5	10_P	[10.68373333 53.861      13.6544    ]
0.11	 1.07	0.12	-0.34	10_P	[10.64419231 56.58915385 15.92403846]
0.09	 1.15	0.01	-0.27	10_P	[12.30780952 53.53452381 13.23628571]
0.09	 0.98	0.47	-0.83	11_Q	[14.1944 48.619  17.8124]
0.07	 -0.27	-0.09	-0.04	11_Q	[15.137      50.45854545 19.40254545]
-0.2	 -0.61	0.05	0.28	11_Q	[16.1451875  48.60053125 18.71246875]
0.08	 0.96	0.1	-0.35	11_Q	[14.51746154 48.22046154 16.17853846]
-0.1	 -0.47	-0.06	0.04	11_Q	[12.64722222 47.64244444 15.64755556]
-0.08	 -0.4	-0.08	0.09	11_Q	[12.79877778 49.758      12.90044444]
-0.03	 -0.23	-0.04	0.02	11_Q	[13.26946154 51.29692308 12.77469231]
-0.06	 -0.06	-0.01	0.04	11_Q	[10.74906667 50.10916667 14.51756667]
-0.2	 -0.3	-0.09	0.26	11_Q	[13.10346154 49.70446154 18.32276923]
-0.15	 -0.39	-0.09	0.14	11_Q	[15.47115 47.96115 16.1071 ]
-0.17	 -0.36	0.02	0.22	11_Q	[13.47245455 47.93612121 14.14612121]
-0.16	 -0.26	0.09	0.21	11_Q	[12.11642105 48.76815789 16.58163158]
-0.29	 -1.01	0.16	0.44	11_Q	[10.42115 48.88325 14.7718 ]
-0.29	 -0.67	0.08	0.32	11_Q	[10.46396154 51.31380769 13.4435    ]
0.03	 0.87	-0.19	-0.17	12_G	[15.57263636 51.936      19.20572727]
-0.06	 -0.55	-0.18	0.12	12_G	[16.78675   51.73625   19.8283125]
0.13	 0.96	0.09	-0.3	12_G	[19.10266667 50.43591667 17.95979167]
-0.17	 -0.53	-0.03	0.23	12_G	[20.35224242 50.8840303  19.02469697]
0.12	 1.33	0.24	-0.53	12_G	[15.67218182 52.80790909 18.725     ]
-0.03	 0.26	-0.19	0.1	12_G	[17.63173333 53.15853333 19.56788889]
-0.18	 -0.53	0.06	0.31	12_G	[17.61755556 50.30144444 20.02461111]
0.17	 1.5	0.22	-0.45	13_Q	[20.45084 51.55628 13.35092]
0.02	 0.73	-0.07	-0.12	13_Q	[18.26775   48.389125  15.5446875]
-0.01	 0.08	-0.07	-0.11	13_Q	[16.74437037 47.97833333 13.22040741]
0.0	 0.48	0.01	-0.1	13_Q	[18.47106897 47.76322414 11.45039655]
0.04	 1.28	-0.22	-0.1	13_Q	[15.50728571 48.68414286 13.16371429]
-0.09	 -0.98	-0.06	0.11	13_Q	[21.01105556 49.67988889 16.55327778]
-0.11	 -0.04	-0.25	0.17	13_Q	[21.1193871  50.17629032 13.50787097]
-0.22	 -0.69	0.11	0.36	13_Q	[19.72013043 47.98852174 14.75517391]
0.12	 0.44	-0.01	-0.27	13_Q	[17.74718182 48.71309091 16.12036364]
-0.06	 -0.22	-0.19	0.12	13_Q	[15.7604359  49.81241026 11.79692308]
0.16	 1.42	0.12	-0.39	14_V	[22.18486364 52.90586364 13.25177273]
-0.06	 -0.01	-0.12	0.03	14_V	[24.50864103 52.62751282 13.76287179]
0.02	 0.38	-0.0	-0.15	14_V	[25.168  53.2104 17.9788]
-0.01	 0.08	0.01	-0.21	14_V	[26.03066667 54.0595     16.59425   ]
-0.07	 0.03	-0.15	-0.02	14_V	[22.7206     53.44068889 19.45257778]
0.01	 0.27	0.12	-0.05	14_V	[22.6154  51.07825 16.29175]
-0.1	 -0.17	0.07	0.04	14_V	[24.70542308 52.36419231 17.22057692]
-0.02	 0.29	-0.13	-0.27	14_V	[26.02728571 53.78814286 17.69357143]
0.07	 0.16	0.0	-0.17	14_V	[25.96029412 54.88664706 15.22505882]
0.04	 0.5	-0.18	-0.13	14_V	[24.88018182 52.88990909 19.24072727]
0.02	 0.54	-0.07	-0.13	14_V	[22.07593548 55.37483871 19.13951613]
-0.19	 -0.77	-0.16	0.23	14_V	[22.33128571 52.08021429 18.99421429]
0.13	 0.98	-0.08	-0.17	15_L	[25.7685   55.125875 13.48275 ]
-0.0	 0.29	-0.03	-0.03	15_L	[26.25119355 55.4786129  11.63790323]
0.22	 1.57	0.24	-0.5	15_L	[21.01477778 53.504      11.87011111]
0.1	 1.16	0.05	-0.26	16_Y	[29.49163636 58.739      13.58190909]
0.13	 0.72	0.05	-0.27	16_Y	[30.7015625 59.5575625 13.6525625]
0.08	 0.95	0.01	-0.18	16_Y	[27.11810526 56.54984211 14.19715789]
0.07	 0.4	-0.08	-0.14	16_Y	[28.81226667 58.42913333 11.98706667]
0.1	 0.16	-0.04	-0.45	16_Y	[30.8764 59.3244 12.8532]
0.19	 1.46	0.24	-0.51	16_Y	[32.20953333 63.00393333 14.36726667]
0.17	 1.56	0.14	-0.4	17_Q	[29.93236364 58.80081818 18.81427273]
-0.07	 -0.02	0.01	-0.01	17_Q	[30.50909677 59.13516129 16.36532258]
0.02	 0.63	-0.02	-0.1	17_Q	[29.2755     55.93333333 17.39175   ]
0.01	 0.88	-0.05	-0.13	17_Q	[27.18466667 53.8732381  18.62695238]
-0.14	 -0.3	-0.02	0.18	17_Q	[29.01595238 54.0037381  20.00319048]
0.09	 1.03	0.11	-0.43	17_Q	[25.97046154 53.77946154 18.82223077]
0.1	 0.54	-0.0	-0.17	17_Q	[28.71205263 57.50221053 15.39663158]
-0.08	 -0.05	0.0	0.07	17_Q	[27.8752     55.60273333 16.50433333]
-0.06	 -0.19	-0.03	0.02	17_Q	[29.92947368 56.83515789 18.56452632]
0.19	 1.31	0.19	-0.44	17_Q	[24.6996  56.0462  19.83492]
0.12	 1.7	0.09	-0.33	17_Q	[26.041      53.40877778 19.71422222]
0.11	 1.52	0.08	-0.41	18_Y	[33.13473333 62.32146667 17.56506667]
0.03	 0.7	-0.06	-0.23	18_Y	[34.0608     64.02375556 17.18526667]
-0.1	 0.09	-0.07	0.11	18_Y	[34.95837838 66.26783784 17.97424324]
0.1	 0.96	0.01	-0.23	18_Y	[31.03181818 60.17172727 18.772     ]
-0.0	 0.11	-0.12	0.19	18_Y	[32.6377619  61.6682381  17.26052381]
-0.26	 -0.43	-0.2	0.44	18_Y	[34.78244828 63.73144828 17.88351724]
0.04	 0.51	-0.06	-0.15	18_Y	[31.12711111 67.86933333 17.85418519]
-0.08	 -0.13	-0.08	0.1	18_Y	[33.71917021 67.55123404 17.84502128]
0.14	 0.97	0.18	-0.43	19_N	[34.08685714 63.25634286 20.45782857]
0.16	 1.35	0.2	-0.46	19_N	[31.55005556 63.53327778 25.09916667]
0.1	 1.07	-0.02	-0.28	19_N	[32.7998 63.5313 25.5807]
0.32	 1.03	-0.22	-0.21	19_N	[30.92908333 59.97133333 26.27383333]
-0.05	 -0.07	-0.02	-0.01	19_N	[32.11083333 60.51777778 20.48711111]
0.18	 1.18	0.09	-0.33	19_N	[33.25626923 60.28857692 21.97926923]
-0.03	 -0.06	-0.11	0.08	19_N	[31.29627273 61.59602273 26.65461364]
0.05	 1.1	0.61	-0.94	20_C	[33.634  67.313  21.2462]
0.15	 1.38	0.12	-0.4	20_C	[34.442875 67.51675  23.792   ]
-0.08	 0.07	-0.01	0.07	20_C	[35.27130435 66.95930435 21.94576087]
0.09	 1.82	0.05	-0.28	20_C	[32.63552632 68.113      23.13452632]
0.09	 0.72	-0.03	-0.26	20_C	[31.73030435 68.39052174 20.43817391]
0.13	 1.26	0.17	-0.4	20_C	[33.6138 67.0462 20.6662]
0.11	 0.62	-0.18	-0.15	20_C	[31.73482353 66.81005882 24.67064706]
-0.03	 -0.15	-0.32	0.05	20_C	[33.23538889 68.64738889 22.90766667]
0.13	 1.08	0.16	-0.43	20_C	[30.85885714 69.47771429 20.42585714]
0.06	 0.84	0.16	-0.53	21_L	[37.43966667 65.68633333 25.02783333]
-0.09	 0.47	-0.04	0.06	21_L	[37.603  65.0734 23.335 ]
-0.17	 -0.98	0.04	0.24	21_L	[38.22503571 63.6805     25.36492857]
0.04	 0.12	-0.12	-0.19	21_L	[36.36011111 65.21633333 26.92311111]
-0.23	 -0.97	0.05	0.3	21_L	[34.82428    66.90725333 26.82348   ]
0.13	 0.98	0.1	-0.31	21_L	[32.706      65.09638889 24.85544444]
-0.15	 -0.25	-0.09	0.18	21_L	[36.77504762 66.66228571 24.2867619 ]
0.02	 1.13	-0.12	-0.11	21_L	[33.82686667 64.04046667 26.44486667]
-0.19	 -0.05	0.01	0.24	21_L	[37.12894118 64.83252941 27.01252941]
0.04	 -0.0	-0.1	-0.03	22_G	[36.915375 64.474    21.988125]
-0.09	 -0.27	-0.07	0.11	22_G	[37.7035     62.41635714 21.31257143]
0.14	 0.81	-0.06	-0.15	22_G	[37.09278571 60.89664286 23.38307143]
-0.2	 -0.75	0.02	0.31	22_G	[37.67784211 59.37578947 22.95544737]
0.09	 0.65	-0.05	-0.12	22_G	[35.51675   64.1498125 21.204    ]
-0.13	 -0.08	0.02	0.23	22_G	[36.27516 62.00388 20.96664]
-0.21	 -0.51	0.12	0.34	22_G	[38.60428571 62.90052381 22.45042857]
0.05	 1.08	0.07	-0.38	23_K	[36.06316667 58.10691667 23.345     ]
0.01	 -0.08	-0.09	-0.05	23_K	[34.19684211 58.69436842 22.56089474]
0.13	 1.27	0.03	-0.25	23_K	[34.32946154 59.98676923 27.26123077]
-0.16	 -0.8	0.02	0.26	23_K	[35.80945455 61.99678182 27.99512727]
-0.07	 0.11	0.1	-0.04	23_K	[37.39945 60.2052  25.88165]
-0.24	 -0.59	0.0	0.22	23_K	[34.6993125 59.0169375 27.62825  ]
0.04	 -0.63	-0.15	-0.04	24_K	[36.4561 57.2477 24.4702]
0.06	 1.27	0.0	-0.21	24_K	[36.05025 56.21225 24.168  ]
0.06	 0.62	-0.06	-0.18	24_K	[31.93975    57.99577778 26.72202778]
0.03	 0.41	-0.12	-0.09	24_K	[35.57978571 55.38028571 26.42785714]
-0.1	 -0.89	-0.03	0.08	24_K	[35.4592     53.5966     24.15606667]
0.05	 1.1	-0.03	-0.19	24_K	[33.95925 51.97725 24.90275]
-0.05	 -0.23	-0.14	0.06	24_K	[33.91138462 51.70584615 26.89546154]
0.03	 0.97	0.02	-0.18	24_K	[31.46314286 53.17414286 28.19835714]
-0.07	 -0.06	0.01	-0.04	24_K	[36.27566667 57.80548148 26.2042963 ]
-0.15	 -0.46	-0.21	0.31	24_K	[35.45352381 56.74319048 23.23242857]
-0.24	 -0.83	-0.01	0.35	24_K	[36.38642857 55.40580952 26.18157143]
0.02	 -0.52	-0.04	0.02	24_K	[34.11352941 56.19788235 27.21458824]
-0.14	 -0.37	0.02	0.2	24_K	[34.518      54.02077778 23.33133333]
-0.21	 -0.66	0.1	0.32	24_K	[35.85055 53.0639  25.48965]
-0.14	 -0.33	0.05	0.2	24_K	[32.37907692 52.49561538 24.54230769]
-0.26	 -0.62	0.13	0.38	24_K	[33.25865217 51.09147826 26.63443478]
-0.12	 -0.26	0.08	0.22	24_K	[34.62715789 53.22931579 27.84131579]
-0.35	 -0.82	0.28	0.54	24_K	[32.36422727 52.21072727 29.06663636]
-0.11	 -0.18	-0.08	0.12	24_K	[31.94576 54.765   28.0486 ]
-0.16	 -0.46	-0.13	0.27	24_K	[30.45332 52.78536 27.05448]
0.12	 0.77	0.01	-0.27	25_F	[29.95872222 53.99627778 24.52255556]
0.05	 1.26	-0.06	-0.14	25_F	[30.859 55.73  21.075]
0.03	 0.39	-0.08	-0.07	25_F	[32.61480769 55.85307692 22.48319231]
-0.07	 0.07	0.02	-0.02	25_F	[31.26854167 57.463625   21.11025   ]
-0.01	 -0.06	-0.07	-0.08	25_F	[29.86611538 54.74534615 22.29942308]
0.17	 1.69	0.23	-0.49	25_F	[30.35846154 59.08530769 20.60684615]
0.23	 1.54	0.11	-0.39	25_F	[24.774125  56.6405625 21.491    ]
-0.03	 0.02	-0.08	-0.05	26_S	[28.65471429 58.48264286 28.22464286]
0.02	 0.35	-0.18	-0.04	26_S	[27.67107692 56.04330769 29.48746154]
0.05	 0.22	-0.1	-0.18	26_S	[28.95565625 55.04678125 27.7626875 ]
-0.07	 -0.17	-0.06	0.14	26_S	[29.76186842 57.82286842 28.032     ]
0.12	 1.15	0.05	-0.22	26_S	[27.84152632 59.62994737 27.53094737]
-0.13	 -0.2	-0.11	0.17	26_S	[26.86892857 57.70878571 30.12592857]
-0.01	 0.65	-0.12	-0.05	27_E	[24.52957143 51.44671429 25.06757143]
-0.04	 0.14	-0.02	-0.04	27_E	[26.91588235 51.91876471 24.38629412]
0.06	 0.4	-0.06	-0.12	27_E	[25.97063636 52.68486364 22.41827273]
0.02	 0.54	-0.21	-0.06	27_E	[24.33304 54.52104 22.24716]
-0.21	 -0.56	-0.04	0.26	27_E	[26.25578723 51.54651064 21.49542553]
0.08	 -0.07	-0.06	-0.13	27_E	[27.71621429 53.61592857 26.54192857]
-0.0	 0.04	-0.25	0.09	27_E	[25.08016667 51.93670833 26.67154167]
0.04	 0.31	-0.04	-0.09	27_E	[23.53914286 53.03661905 24.3232381 ]
-0.0	 0.43	-0.08	-0.06	27_E	[28.25085 53.2766  24.2248 ]
-0.31	 -0.86	0.16	0.42	27_E	[26.67447059 51.03505882 24.59929412]
0.16	 1.28	0.4	-0.63	28_I	[21.70522222 54.92833333 30.37555556]
-0.03	 1.14	-0.07	-0.04	28_I	[24.5867 51.6527 29.6877]
-0.13	 -0.85	-0.07	0.15	28_I	[24.375      55.35546154 32.58546154]
-0.15	 -0.71	-0.01	0.18	28_I	[27.24256667 52.7147     31.89346667]
0.17	 0.95	0.08	-0.35	28_I	[26.7414375 53.625     28.049375 ]
0.17	 1.44	0.12	-0.39	28_I	[22.88741667 53.20133333 29.94133333]
0.04	 0.63	-0.17	-0.02	28_I	[26.77025  55.551125 30.753625]
-0.17	 -0.19	0.04	0.07	28_I	[24.21118182 52.23513636 31.40022727]
-0.05	 0.03	-0.05	-0.07	28_I	[25.54604167 52.08983333 28.921375  ]
-0.21	 -0.75	0.27	0.24	28_I	[25.60333333 54.92446667 32.92226667]
-0.01	 0.01	-0.03	-0.02	28_I	[24.27270833 56.82454167 31.54379167]
-0.15	 -0.49	-0.08	0.16	28_I	[22.67616667 54.31725    31.80654167]
-0.27	 -1.04	0.32	0.52	28_I	[26.90295238 51.03828571 31.5982381 ]
-0.15	 -0.69	0.03	0.32	28_I	[27.85485714 53.70935714 30.57232143]
-0.18	 -0.67	0.01	0.31	28_I	[26.186      53.18478947 33.05147368]
0.11	 1.42	0.07	-0.3	29_Q	[24.3986 58.1274 30.4084]
0.03	 0.58	-0.13	0.05	29_Q	[24.57733333 59.66133333 30.22633333]
0.1	 1.29	0.04	-0.26	29_Q	[26.41984211 61.75047368 28.14289474]
-0.13	 -0.26	-0.2	0.02	29_Q	[25.96166667 63.10055556 29.87555556]
0.03	 0.29	-0.08	-0.09	29_Q	[23.05109524 58.74133333 30.872     ]
-0.01	 0.43	-0.02	-0.07	29_Q	[25.63659259 59.69181481 29.70759259]
0.13	 1.76	0.01	-0.2	29_Q	[23.817      60.83513333 30.65613333]
-0.07	 -0.74	-0.04	0.18	29_Q	[25.02042857 62.66471429 30.69764286]
0.08	 1.0	0.55	-0.89	29_Q	[25.54577778 64.36311111 30.05222222]
0.18	 0.94	0.13	-0.27	30_I	[22.9455     56.33833333 23.15616667]
0.11	 1.87	-0.03	-0.2	30_I	[20.63508333 55.86908333 23.21333333]
0.09	 0.66	-0.09	-0.19	30_I	[22.55822727 55.40081818 24.01672727]
0.22	 1.23	0.16	-0.43	30_I	[23.5012     57.12333333 22.30226667]
0.06	 0.6	0.05	-0.12	30_I	[21.318375   56.848375   21.54866667]
0.01	 0.68	0.39	-0.61	31_N	[18.1065     54.0435     27.14966667]
0.09	 1.15	-0.06	-0.14	31_N	[18.734      54.74357143 29.91828571]
0.14	 1.39	0.18	-0.42	31_N	[17.28441935 54.21641935 28.73745161]
0.02	 0.49	-0.01	-0.26	31_N	[19.57171429 53.5575     28.70207143]
-0.11	 0.25	-0.0	0.07	31_N	[19.603      52.10264286 26.28171429]
-0.08	 0.07	0.0	0.08	31_N	[20.41197674 53.2544186  24.60346512]
-0.09	 -0.37	-0.02	0.09	31_N	[21.58494444 51.10366667 27.2125    ]
0.11	 0.86	0.02	-0.24	31_N	[18.03946154 54.20607692 26.359     ]
0.1	 -0.51	0.01	-0.17	31_N	[21.16025 53.9942  29.59535]
-0.3	 -0.19	-0.26	0.41	31_N	[18.68547619 53.01195238 28.55319048]
-0.17	 -0.58	0.0	0.28	31_N	[22.37766667 51.11454167 25.814125  ]
-0.1	 0.2	-0.11	0.09	31_N	[22.29428571 51.84922857 28.45508571]
0.09	 1.1	0.01	-0.24	32_S	[19.68881818 55.31927273 30.43745455]
0.08	 1.12	0.27	-0.55	32_S	[18.3464 56.4741 31.4107]
0.13	 0.9	0.05	-0.23	32_S	[16.24990909 58.10690909 31.52831818]
0.03	 0.35	-0.13	-0.14	32_S	[19.827    58.130375 32.628   ]
-0.16	 -0.65	-0.03	0.19	32_S	[20.99128571 56.88491429 32.3548    ]
-0.06	 -0.25	-0.09	0.08	32_S	[17.8146  56.096   31.51292]
-0.0	 -0.42	-0.05	0.03	32_S	[18.75994737 58.67378947 32.66789474]
0.03	 -0.13	-0.1	-0.09	32_S	[21.114  55.3343 31.2566]
-0.01	 0.56	-0.06	-0.11	34_I	[14.18135714 54.27975    24.32375   ]
-0.01	 0.09	-0.09	-0.1	34_I	[18.15729412 54.52961765 23.43055882]
0.09	 0.4	0.21	-0.34	34_I	[16.21378571 54.42764286 26.38778571]
0.15	 0.87	0.06	-0.3	34_I	[15.1418  57.6434  22.63385]
-0.22	 -0.81	-0.02	0.39	34_I	[14.93125   53.9214375 23.4390625]
0.03	 0.34	-0.02	-0.25	34_I	[14.02207143 53.63285714 25.75214286]
-0.05	 0.19	-0.17	0.03	34_I	[13.19228571 56.26542857 23.564     ]
0.07	 0.63	-0.01	-0.18	34_I	[19.0764375 55.8623125 21.831375 ]
0.09	 1.23	0.17	-0.49	34_I	[17.9842 54.2982 24.8117]
-16.39	 0.05	-0.13	0.17	34_I	[16.81865385 54.39646154 22.15488462]
0.1	 1.7	-0.04	-0.15	35_S	[12.75955556 56.18711111 31.45166667]
0.12	 1.53	0.12	-0.39	35_S	[11.48436364 54.54927273 30.07509091]
-0.02	 0.23	0.02	-0.07	35_S	[14.62685185 54.255      30.81      ]
-0.03	 0.57	-0.13	-0.03	35_S	[15.25002564 53.15687179 28.20582051]
0.16	 1.53	0.11	-0.36	35_S	[12.19844444 54.02811111 29.10333333]
-0.02	 -0.06	-0.03	0.0	35_S	[15.75205882 55.24805882 31.04476471]
-0.22	 -0.06	-0.15	0.33	35_S	[13.24984 54.103   31.22736]
-0.23	 -0.44	-0.01	0.38	35_S	[13.99329412 52.15844118 29.3285    ]
0.05	 0.79	0.01	-0.17	36_Q	[14.06527273 57.12890909 31.37036364]
0.06	 1.21	-0.04	-0.21	36_Q	[13.30933333 57.84533333 31.92166667]
0.06	 0.55	0.01	-0.27	36_Q	[13.34975 59.1335  32.58775]
0.09	 1.1	0.17	-0.49	36_Q	[11.91675  61.015375 32.925   ]
-0.19	 -0.67	-0.08	0.19	36_Q	[12.70609091 62.087      33.756     ]
-0.07	 -0.43	-0.03	0.07	36_Q	[14.46276923 61.50823077 34.07338462]
-0.04	 -0.21	0.07	-0.02	36_Q	[12.1367  63.7332  32.67265]
0.01	 -0.47	-0.15	0.09	36_Q	[11.9019  57.7574  32.25295]
0.03	 -0.58	0.0	-0.0	36_Q	[14.38873333 59.15306667 32.46286667]
-0.08	 -0.29	-0.17	0.05	36_Q	[11.26196154 59.94296154 32.95838462]
-0.03	 0.15	-0.14	-0.01	36_Q	[11.55676316 63.66223684 31.29955263]
-0.05	 0.14	-0.08	-0.01	36_Q	[13.32488889 64.43466667 33.31016667]
0.13	 0.75	0.11	-0.31	37_L	[ 7.40157895 58.962      26.09436842]
0.03	 0.47	-0.14	0.08	37_L	[ 9.533      59.60566667 23.46233333]
0.09	 1.3	0.05	-0.3	37_L	[ 8.43225  60.286625 24.684875]
0.02	 0.05	-0.14	-0.08	37_L	[10.67311111 58.87844444 22.546     ]
0.01	 0.26	-0.03	-0.04	37_L	[ 9.67927586 58.46137931 24.51224138]
-0.04	 -0.03	-0.11	0.05	37_L	[ 8.50030435 61.77521739 23.49573913]
0.1	 0.77	-0.1	-0.19	37_L	[10.254  60.2741 22.1256]
0.11	 0.61	0.02	-0.29	37_L	[12.78975556 58.72622222 23.01515556]
-0.05	 -0.09	-0.04	0.02	38_I	[ 5.84796429 56.25975    28.35346429]
0.05	 0.84	-0.01	-0.16	38_I	[10.58584211 55.36326316 24.79626316]
-0.11	 -0.53	-0.02	0.14	38_I	[ 8.23883333 52.94225    28.14266667]
-0.11	 -0.41	-0.09	0.1	38_I	[11.84919355 52.3623871  26.61245161]
0.02	 -0.01	-0.07	0.01	38_I	[ 8.03090909 56.59690909 25.86027273]
0.11	 1.52	0.09	-0.31	38_I	[10.7539 53.9948 28.8734]
-0.16	 -0.3	0.07	0.13	38_I	[ 9.19953846 54.06061538 25.01969231]
0.1	 1.08	-0.14	-0.12	38_I	[11.18453846 56.25338462 24.90461538]
-0.21	 -1.26	0.3	0.25	38_I	[ 9.411125  52.2096875 28.14475  ]
-0.1	 -0.16	-0.06	0.09	38_I	[ 7.95923529 53.73382353 29.44      ]
-0.3	 -0.98	0.13	0.41	38_I	[ 7.2038125 53.561     26.73075  ]
-0.12	 -0.28	-0.06	0.27	38_I	[12.26129167 52.94629167 24.59766667]
0.11	 1.13	0.02	-0.33	38_I	[12.67805263 53.14773684 27.494     ]
-0.19	 -0.6	0.05	0.33	38_I	[10.41435 51.75765 26.4826 ]
-0.13	 -0.76	0.01	0.18	39_T	[ 5.26127586 58.11082759 31.67775862]
0.12	 1.16	-0.08	-0.18	39_T	[10.52133333 56.73983333 32.68533333]
-0.16	 -0.59	-0.05	0.18	39_T	[ 9.20903571 54.75189286 32.59146429]
-0.13	 -0.83	-0.13	0.24	39_T	[ 8.02469231 57.17738462 34.20534615]
-0.06	 -0.19	-0.01	0.03	39_T	[ 6.5607 55.5945 31.1934]
0.12	 0.93	0.17	-0.55	39_T	[10.2053125 58.34025   32.677    ]
-0.01	 0.33	-0.1	0.01	39_T	[10.57046429 54.75132143 31.28639286]
-0.22	 -0.93	0.12	0.41	39_T	[ 9.58862963 56.95285185 34.2477037 ]
-0.03	 -0.45	-0.13	0.09	39_T	[ 7.27885714 58.49142857 33.83842857]
-0.24	 -1.07	0.24	0.4	39_T	[ 6.99       55.69158824 33.64647059]
0.06	 0.58	0.15	-0.37	40_S	[ 5.69533333 61.64766667 30.51533333]
0.11	 1.39	0.22	-0.48	40_S	[ 5.68233333 62.11933333 29.84544444]
0.08	 0.64	-0.1	-0.11	40_S	[ 8.41016667 63.0509     28.44826667]
0.02	 0.28	-0.16	-0.01	40_S	[ 8.3105     62.39116667 31.56044444]
-0.14	 -0.9	-0.07	0.17	40_S	[ 6.72822222 60.45433333 33.16644444]
0.0	 -0.16	-0.12	-0.01	40_S	[ 5.35386667 60.87926667 31.10333333]
0.08	 0.25	-0.25	-0.02	40_S	[ 9.51366667 62.41294444 30.61177778]
-0.27	 -0.63	0.03	0.43	40_S	[ 6.73733333 62.75579167 31.21295833]
-0.11	 -0.21	0.03	0.19	40_S	[ 8.72363889 61.04833333 33.38169444]
-0.03	 0.23	-0.14	-0.06	41_P	[ 4.72917143 63.69988571 28.44545714]
0.0	 0.38	-0.01	-0.12	41_P	[ 4.2069  60.9198  25.38205]
-0.06	 -0.05	-0.01	0.08	41_P	[ 3.4961  58.6602  27.14355]
-0.03	 0.47	-0.11	-0.0	41_P	[ 3.978      58.79828571 29.49142857]
0.13	 0.9	-0.04	-0.22	41_P	[ 6.76426316 60.58731579 25.28394737]
-0.13	 -0.44	-0.04	0.2	41_P	[ 3.0748 62.1546 26.5616]
-0.28	 -0.83	0.18	0.5	41_P	[ 4.50580952 60.38828571 24.63619048]
-0.23	 -0.71	0.14	0.38	41_P	[ 2.57383333 59.4365     27.52258333]
-0.13	 -0.31	-0.07	0.18	41_P	[ 4.90452381 58.16971429 26.33638095]
-0.1	 -0.64	0.12	0.18	41_P	[ 3.84273913 60.74291304 29.46017391]
0.1	 0.58	-0.08	-0.13	41_P	[ 4.87422222 57.94488889 29.37222222]
-0.12	 -0.25	-0.05	0.06	42_V	[ 3.07675    64.5875     24.98038889]
-0.09	 -0.6	-0.12	0.16	42_V	[ 6.0105     64.95753846 22.27761538]
0.08	 0.56	0.0	-0.25	42_V	[ 5.78895652 62.46478261 24.382     ]
0.1	 0.69	-0.05	-0.25	42_V	[ 7.1180625 64.937625  27.473875 ]
0.19	 1.54	0.3	-0.55	42_V	[ 8.87908333 64.63708333 26.62679167]
-0.04	 0.05	-0.08	0.05	42_V	[ 7.30091304 65.61404348 21.73486957]
-0.09	 -0.3	0.08	0.1	42_V	[ 6.30308333 63.5475     22.92933333]
-0.04	 -0.13	0.01	0.01	42_V	[ 4.59786207 66.31162069 23.17741379]
0.12	 1.36	0.52	-0.82	43_T	[ 3.5102 67.2868 24.3516]
-0.01	 -0.37	-0.15	-0.01	43_T	[ 3.84525 68.50925 23.997  ]
0.15	 1.8	0.08	-0.32	43_T	[ 5.0885    68.8924375 23.7850625]
0.02	 0.23	-0.04	-0.11	43_T	[ 2.10033333 68.62922222 28.00222222]
-0.07	 -0.07	-0.11	0.04	43_T	[ 3.95088889 69.07322222 29.35794444]
-0.16	 -0.73	-0.09	0.19	43_T	[ 2.55156 65.96156 29.05636]
-0.08	 -0.27	-0.01	0.1	43_T	[ 2.11054545 67.21922727 25.26795455]
-0.16	 -0.59	0.04	0.19	43_T	[ 1.56857895 69.05963158 27.49342105]
0.06	 0.55	0.02	-0.27	43_T	[ 5.05041667 67.69783333 29.29666667]
-0.27	 -0.84	0.22	0.41	43_T	[ 2.11126087 66.98626087 29.746     ]
-0.14	 -0.39	0.12	0.22	43_T	[ 1.68574074 65.52425926 27.51318519]
0.02	 -0.05	-0.05	-0.07	43_T	[ 4.36885714 65.87557143 28.99921429]
0.01	 0.09	-0.03	-0.08	44_R	[ 2.1962 69.5509 24.4241]
0.12	 0.55	0.01	-0.27	44_R	[ 2.438   70.76575 23.798  ]
0.16	 0.86	0.02	-0.22	44_R	[ 6.0295625 73.7603125 25.7096875]
0.07	 0.71	0.16	-0.53	44_R	[ 0.88523529 71.96576471 25.50929412]
-0.11	 -1.1	-0.06	0.13	44_R	[ 1.79869231 73.59407692 23.20169231]
-0.08	 1.07	-0.05	-0.04	44_R	[ 2.2616 75.5095 24.7094]
-0.03	 0.26	-0.05	0.09	44_R	[ 0.16116667 75.049      26.27433333]
-0.02	 0.32	-0.05	-0.0	44_R	[ 1.72604545 75.35913636 28.1705    ]
-0.14	 -0.46	-0.04	0.15	44_R	[ 2.35592308 76.98884615 27.776     ]
-0.11	 0.11	-0.07	0.13	44_R	[ 0.88548387 74.76616129 29.17548387]
-0.11	 -0.61	-0.11	0.13	44_R	[ 1.36492857 69.82842857 26.09857143]
-0.05	 -0.06	-0.0	0.02	44_R	[ 3.65131579 71.38447368 23.24157895]
-0.24	 -0.69	-0.05	0.44	44_R	[ 0.65226087 71.32169565 24.97369565]
0.02	 0.05	-0.06	-0.08	44_R	[ 1.64486667 72.27926667 27.33286667]
-0.14	 -0.14	-0.03	0.14	44_R	[ 3.27247368 73.56557895 23.20415789]
-0.19	 -0.28	0.09	0.27	44_R	[ 0.47168 73.69204 24.10788]
0.03	 0.27	0.01	-0.12	44_R	[ 4.0021 75.098  25.5964]
-0.29	 -0.93	0.18	0.44	44_R	[ 1.561     76.197375  24.8575625]
-0.22	 -1.0	-0.11	0.3	44_R	[3.47333333e-02 7.36086000e+01 2.71100000e+01]
-0.2	 -0.65	0.08	0.33	44_R	[ 3.19552381 76.92909524 26.52847619]
-0.28	 -1.34	0.18	0.48	44_R	[ 2.42956 77.3402  29.02384]
-0.3	 -1.4	0.25	0.56	44_R	[-6.20952381e-02  7.39883810e+01  2.90506190e+01]
-0.42	 -1.02	0.38	0.51	44_R	[ 0.87808696 76.02113043 30.09034783]
0.11	 0.89	0.63	-1.0	45_K	[ 6.32733333 73.466      29.02366667]
0.13	 1.35	0.08	-0.38	45_K	[ 7.84288889 71.47088889 29.17444444]
-0.15	 -0.56	0.03	0.21	45_K	[ 7.99692105 73.38047368 28.02344737]
-0.2	 -0.82	-0.04	0.32	45_K	[ 5.20261111 71.83190741 30.23394444]
0.18	 0.9	0.09	-0.29	45_K	[ 3.13159091 71.56990909 28.18195455]
-0.06	 0.16	-0.13	0.02	45_K	[ 5.02604 74.161   28.0148 ]
0.12	 1.19	0.08	-0.31	46_E	[10.08505556 72.40144444 25.72211111]
0.1	 1.06	0.02	-0.32	46_E	[11.085125 72.089125 25.434125]
0.04	 0.44	-0.09	-0.15	46_E	[ 9.39988889 67.41211111 29.15333333]
-0.16	 -0.76	-0.03	0.1	46_E	[ 7.4655     66.9945     29.21016667]
0.1	 0.27	-0.12	-0.11	46_E	[ 6.19021429 66.34585714 28.5585    ]
-0.14	 -0.64	0.07	0.2	46_E	[ 7.43189474 69.10628947 30.17281579]
0.03	 0.54	-0.02	-0.15	46_E	[ 9.7895     71.270125   27.78316667]
0.08	 0.49	-0.03	-0.21	46_E	[ 9.02978571 66.15271429 27.86328571]
-0.02	 0.57	-0.1	-0.03	46_E	[ 9.85263158 68.78778947 29.10694737]
0.18	 1.34	0.17	-0.45	47_S	[ 8.52125  74.757375 22.10075 ]
-0.09	 0.01	-0.07	0.13	47_S	[ 8.93143902 74.5272439  24.36221951]
0.11	 1.18	0.18	-0.45	47_S	[ 6.35133333 72.508375   22.11066667]
0.04	 0.06	-0.11	-0.11	47_S	[ 7.53522857 73.41917143 20.58174286]
0.19	 1.65	0.24	-0.5	47_S	[ 8.39757143 70.68571429 21.46628571]
-0.05	 0.11	-0.09	0.04	47_S	[ 5.76468182 70.99236364 22.33054545]
0.06	 0.56	-0.11	-0.04	47_S	[ 5.88628571 73.98690476 23.46542857]
-0.34	 -0.47	-0.11	0.49	47_S	[ 6.10132143 73.65546429 20.55307143]
0.09	 1.06	0.34	-0.58	48_V	[13.898625 75.80025  23.30675 ]
0.11	 1.26	0.11	-0.39	48_V	[12.74965385 73.89538462 24.65623077]
-0.05	 -0.43	-0.16	0.03	48_V	[10.28023077 75.98769231 22.40423077]
0.0	 0.36	-0.12	-0.07	48_V	[12.929      76.74353846 22.5355    ]
-0.06	 -0.89	-0.04	0.06	48_V	[12.16375862 74.48482759 24.68731034]
0.07	 0.45	0.0	-0.16	49_A	[10.07684615 77.75615385 16.69161538]
-0.23	 -0.54	0.11	0.19	49_A	[ 9.22241379 78.52389655 18.83962069]
-0.04	 -0.25	-0.16	0.02	49_A	[ 7.93911765 75.59352941 17.60547059]
0.02	 0.16	0.01	-0.12	49_A	[ 9.68472414 76.27734483 20.8742069 ]
0.07	 0.3	0.14	-0.16	49_A	[ 9.5449  76.01095 15.53065]
0.17	 1.25	0.3	-0.55	49_A	[ 8.08753846 73.84153846 18.25415385]
-0.18	 -0.27	-0.28	0.33	49_A	[ 7.81613043 75.84573913 18.68934783]
0.16	 1.58	0.17	-0.41	50_N	[11.414375 77.928    16.152375]
0.1	 1.1	-0.06	-0.2	50_N	[11.04166667 79.0875     16.521     ]
-0.1	 -0.47	0.04	-0.01	50_N	[11.8798 79.6967 15.7518]
0.05	 0.24	-0.07	-0.19	50_N	[12.46625 78.5964  14.62475]
-0.04	 0.19	-0.02	-0.06	50_N	[12.3205    80.6668125 20.006    ]
0.02	 -1.37	-0.14	-0.09	50_N	[14.93257143 80.402      19.98571429]
-0.01	 -0.26	-0.05	-0.12	50_N	[14.80372222 79.48038889 21.40583333]
-0.21	 -0.69	-0.02	0.26	50_N	[10.7143125 80.2385    17.4425625]
-0.12	 -0.73	0.08	0.15	50_N	[13.1681  81.51365 19.04475]
-0.06	 -0.07	0.02	0.06	50_N	[11.40605556 79.29905556 20.32983333]
-0.12	 -0.16	0.13	0.16	50_N	[13.20759091 78.833      21.76895455]
0.02	 -0.16	-0.08	-0.02	51_A	[12.431375 81.48675  16.173375]
0.02	 0.89	-0.07	-0.18	51_A	[13.13833333 81.83       14.99433333]
0.08	 0.79	0.0	-0.27	51_A	[17.15227273 81.56345455 15.441     ]
-0.11	 -0.41	-0.15	0.04	51_A	[16.70095 80.29325 13.60125]
-0.14	 -0.45	-0.03	0.15	51_A	[15.4686     83.4255     15.75323333]
-0.11	 -0.74	-0.09	0.17	51_A	[13.1725     82.09958333 17.49583333]
-0.08	 -0.1	0.07	0.16	51_A	[13.84295833 80.76929167 13.99054167]
-0.21	 -0.97	0.2	0.41	51_A	[16.05268182 83.03527273 14.28472727]
-0.2	 -0.81	0.15	0.37	51_A	[13.63436 83.47496 15.50372]
-0.22	 -0.92	-0.09	0.37	51_A	[15.88635294 83.06294118 17.16017647]
0.16	 1.42	0.31	-0.56	52_N	[18.48266667 78.18175    14.61625   ]
0.16	 1.12	-0.02	-0.3	52_N	[19.126875  77.2174375 14.6290625]
0.06	 0.33	-0.2	-0.07	52_N	[17.43090909 81.65054545 18.51145455]
-0.04	 -0.09	-0.16	0.03	52_N	[19.01754839 81.996      17.75877419]
0.0	 0.43	0.03	-0.12	52_N	[17.54607143 80.72303571 20.69571429]
0.16	 1.15	0.16	-0.41	52_N	[15.78405 81.0808  18.28395]
0.07	 0.52	-0.14	-0.06	52_N	[18.77741667 80.14508333 15.54679167]
-0.16	 -0.75	0.02	0.22	52_N	[19.03058824 81.905      20.93870588]
-0.0	 -0.07	0.03	-0.16	52_N	[18.00416667 79.83016667 21.53411111]
0.09	 1.01	0.45	-0.77	54_D	[15.08394118 78.085      11.57129412]
-0.03	 0.01	-0.1	0.04	54_D	[13.76792308 77.71492308 10.701     ]
-0.0	 0.06	-0.02	0.0	54_D	[13.7977027  75.30432432  9.76356757]
0.03	 1.27	0.04	-0.28	54_D	[16.432   77.14025  9.8365 ]
0.02	 0.67	-0.04	-0.07	54_D	[18.22419048 77.17604762 10.16114286]
-0.14	 -0.43	0.01	0.21	54_D	[18.52852273 78.46609091 11.81934091]
-0.1	 -0.06	-0.07	0.08	54_D	[20.14675    76.162625   10.42284375]
-0.14	 -0.32	-0.09	0.22	54_D	[15.61855 78.68905 11.5194 ]
0.12	 1.17	-0.09	-0.07	54_D	[16.10822222 76.39844444  9.28877778]
0.01	 0.43	-0.05	-0.13	55_G	[13.48353846 78.316      12.78692308]
-0.07	 -0.1	-0.02	0.03	55_G	[11.43011765 77.56152941 11.90382353]
0.07	 0.59	0.02	-0.16	55_G	[11.74472727 74.08172727 10.86190909]
-0.22	 -0.38	0.02	0.21	55_G	[ 9.68902778 74.33763889 12.40011111]
-0.07	 0.15	-0.01	0.07	55_G	[10.94703571 77.08842857 13.51667857]
-0.31	 -1.34	0.19	0.46	55_G	[11.3955    77.0136875 10.540875 ]
0.05	 0.36	-0.03	-0.14	56_F	[12.72452941 72.15017647 10.40435294]
0.02	 0.77	0.08	-0.19	56_F	[14.18911429 70.35814286  9.28351429]
0.14	 1.02	0.06	-0.35	56_F	[14.7128     72.51106667  8.66546667]
-0.01	 0.16	-0.02	-0.11	56_F	[11.0523125 71.8963125 11.92925  ]
0.11	 0.52	-0.04	0.02	56_F	[11.88842857 70.17821429 11.00328571]
-0.2	 -0.39	-0.05	0.04	56_F	[13.69108333 69.34783333  8.90466667]
0.12	 0.35	0.05	-0.16	56_F	[15.81766667 70.89071429  7.43761905]
0.22	 1.33	0.31	-0.58	57_D	[ 9.94257143 69.53457143 17.84885714]
-0.01	 0.48	-0.13	-0.08	57_D	[10.64459259 68.74685185 16.74296296]
-0.06	 -0.16	-0.01	-0.04	57_D	[ 7.982125 69.97625  16.591625]
-0.03	 0.03	-0.13	0.04	57_D	[ 7.46814286 72.5135     16.12310714]
-0.21	 -0.32	-0.1	0.09	57_D	[ 7.64714286 74.15080952 15.84761905]
-0.36	 -1.19	0.29	0.54	57_D	[ 6.15846875 71.64284375 14.89453125]
0.14	 0.55	0.03	-0.2	57_D	[ 9.742      71.33058824 13.57217647]
-0.16	 -0.27	-0.14	0.2	57_D	[ 8.77585 69.74235 15.0423 ]
-0.04	 0.22	-0.11	0.02	57_D	[ 8.61515385 70.85688462 18.17480769]
0.14	 1.04	0.2	-0.4	58_F	[ 9.1589375  70.7181875  20.28903125]
0.21	 1.68	0.15	-0.42	58_F	[11.61026316 68.34873684 18.94436842]
0.13	 1.61	0.11	-0.38	59_N	[ 8.6696 69.2586 20.9352]
-0.14	 -0.12	-0.13	0.14	59_N	[ 9.02208333 67.34120833 20.37991667]
0.2	 1.44	0.35	-0.59	59_N	[11.32866667 66.4818     20.72093333]
0.05	 0.35	-0.02	-0.16	59_N	[ 6.92765714 68.78994286 22.16217143]
0.09	 0.47	0.04	-0.16	60_L	[12.23080952 69.99871429 28.20204762]
0.04	 0.51	-0.08	-0.08	60_L	[14.6164 73.6956 27.4931]
0.07	 0.74	-0.02	-0.24	60_L	[12.13180952 71.78114286 26.27119048]
0.19	 1.26	0.1	-0.34	60_L	[14.40235 70.5749  28.74925]
0.14	 1.26	0.05	-0.27	60_L	[15.38056 74.28524 25.79784]
-0.13	 -0.24	-0.14	0.17	60_L	[13.57017143 73.0574     27.51502857]
0.13	 1.76	0.14	-0.39	61_L	[14.46466667 68.905      29.82041667]
0.08	 0.62	-0.18	-0.12	61_L	[10.77023077 63.37338462 28.87261538]
0.0	 -0.11	-0.15	0.03	61_L	[12.40123077 68.05269231 29.47676923]
0.04	 0.34	-0.06	-0.11	61_L	[11.34092857 65.68421429 29.13846429]
0.18	 1.44	0.22	-0.49	61_L	[10.1655     63.95061111 27.52944444]
0.18	 1.09	0.53	-0.79	61_L	[11.27877778 63.03422222 29.661     ]
0.07	 2.52	0.08	-0.31	62_T	[13.977      68.53316667 30.54183333]
0.06	 0.64	-0.01	-0.15	62_T	[14.33926316 65.64526316 34.01073684]
0.03	 0.25	-0.18	0.0	62_T	[14.5433 69.2606 32.9627]
-0.03	 0.35	-0.03	-0.04	62_T	[15.66147222 70.25558333 31.98797222]
0.07	 0.72	0.11	-0.35	62_T	[17.67707895 68.69813158 34.45557895]
-0.02	 -0.07	-0.01	-0.06	62_T	[13.24278788 67.03530303 31.13581818]
-0.15	 -0.57	0.08	0.23	62_T	[14.30394737 68.23415789 33.73894737]
-0.18	 -0.56	-0.21	0.46	62_T	[16.71820833 69.64954167 34.62595833]
0.02	 0.31	-0.12	-0.06	62_T	[18.891      68.57026667 33.60626667]
0.06	 0.66	-0.06	-0.23	63_I	[20.03625926 63.1807037  34.56566667]
0.06	 0.28	0.02	-0.18	63_I	[17.07926667 60.3184     33.35113333]
-0.02	 0.6	-0.12	-0.07	63_I	[18.51425    61.01008333 34.10625   ]
0.1	 0.65	-0.0	-0.21	63_I	[16.21772727 60.06263636 32.747     ]
0.1	 1.42	0.12	-0.44	64_N	[18.96516667 64.88283333 37.9065    ]
-0.18	 -0.73	0.02	0.26	64_N	[19.27234043 62.74923404 38.14965957]
-0.22	 -0.65	0.11	0.3	64_N	[18.65184211 61.05313158 36.88297368]
-0.06	 -0.24	-0.06	0.05	64_N	[16.13854545 63.91954545 39.19272727]
-0.17	 -0.69	-0.07	0.19	64_N	[16.3092 66.2133 39.0421]
-0.22	 -0.67	0.12	0.31	64_N	[14.69567442 66.03823256 37.41930233]
-0.12	 -0.33	0.07	0.1	64_N	[17.8224     67.35873333 37.78526667]
0.05	 0.43	0.03	-0.19	64_N	[15.83164706 62.85926471 35.36038235]
0.05	 0.28	-0.14	-0.1	64_N	[19.62686667 64.9744     36.37693333]
-0.15	 -0.45	0.0	0.21	64_N	[15.63770833 63.17979167 37.9045    ]
-0.2	 -0.69	0.14	0.34	64_N	[17.71665 64.58735 39.3694 ]
-0.19	 -0.27	-0.09	0.2	64_N	[16.66736 68.07732 36.98952]
-0.1	 -0.36	0.07	0.1	64_N	[18.79594737 66.59731579 36.51505263]
-0.14	 -0.48	0.07	0.08	73_F	[21.14607692 66.30220513 34.26441026]
0.09	 2.22	0.01	-0.26	73_F	[21.71463636 67.67809091 32.88618182]
0.18	 1.49	0.2	-0.46	73_F	[20.21455556 68.04844444 32.68844444]
0.09	 1.31	-0.06	-0.19	73_F	[24.27525    66.37091667 31.07616667]
0.06	 0.93	0.14	-0.37	73_F	[22.74547368 62.44221053 32.43136842]
0.07	 0.53	-0.09	-0.08	73_F	[21.80469231 61.31069231 32.39346154]
0.03	 0.46	-0.28	0.05	73_F	[22.5617     68.35143333 32.73546667]
0.24	 1.49	0.27	-0.52	73_F	[24.51121429 66.11257143 29.75292857]
-0.1	 -0.43	-0.07	0.06	73_F	[24.15915152 65.28830303 32.036     ]
-0.14	 -0.2	-0.09	0.32	73_F	[22.3838  62.91495 33.35455]
0.01	 0.15	0.01	0.04	73_F	[21.08272414 60.62793103 32.62441379]
0.11	 1.0	0.06	-0.3	74_N	[20.45994737 69.643      32.51947368]
-0.04	 -0.09	-0.16	-0.0	74_N	[18.97761538 70.90961538 32.84403846]
0.16	 1.18	0.1	-0.36	77_F	[12.52029412 66.63170588 19.54170588]
0.04	 0.4	0.01	-0.31	77_F	[11.43010714 64.59585714 19.76342857]
0.16	 0.84	0.02	-0.28	77_F	[ 9.88507692 64.59276923 21.45884615]
0.07	 0.53	-0.08	-0.14	77_F	[10.58755 62.3576  20.15065]
0.03	 0.53	-0.13	-0.08	77_F	[ 9.65109091 63.20695455 22.14809091]
0.18	 1.42	0.11	-0.39	78_Y	[11.50314286 67.43085714 14.94542857]
0.04	 0.38	0.03	-0.22	78_Y	[11.08482609 67.51686957 13.84073913]
0.09	 1.2	0.32	-0.58	78_Y	[14.2026875 67.0103125 10.3776875]
0.13	 1.61	-0.08	-0.22	78_Y	[11.113  66.4314 12.1444]
-0.06	 -0.27	0.01	0.07	78_Y	[11.26582857 67.03082857 10.74885714]
0.16	 1.51	0.14	-0.4	78_Y	[12.4282381  66.57252381 17.76495238]
-0.12	 -0.68	-0.27	0.13	78_Y	[10.81978571 69.23207143 12.97664286]
0.07	 0.98	0.16	-0.34	78_Y	[14.6932 66.1946 10.3728]
-0.13	 -0.17	-0.12	0.1	78_Y	[12.39135 66.59895  9.58   ]
0.05	 0.36	-0.08	-0.17	79_L	[ 9.99478125 64.946625   13.4650625 ]
0.08	 0.74	-0.12	-0.08	79_L	[10.0313 63.472  17.7586]
-0.06	 -0.26	0.01	0.03	79_L	[ 8.34080645 61.33064516 17.28406452]
0.03	 0.55	-0.04	-0.12	79_L	[11.44551724 65.70306897 16.62768966]
0.1	 0.67	0.13	-0.53	79_L	[10.247      63.10118182 18.31736364]
-0.11	 -0.63	-0.11	0.1	79_L	[ 9.299      64.00244444 16.298     ]
0.14	 1.01	-0.02	-0.28	79_L	[ 9.0526  60.78435 14.2725 ]
0.17	 1.55	0.12	-0.38	79_L	[10.15390909 58.54940909 16.09613636]
-0.19	 -0.61	-0.05	0.29	79_L	[ 8.46543478 59.51643478 16.74534783]
-0.11	 -0.06	-0.18	0.08	79_L	[ 9.31630769 61.05338462 18.95723077]
-0.21	 -0.43	-0.03	0.37	79_L	[ 7.88421739 62.35713043 16.6096087 ]
0.1	 1.0	-0.01	-0.3	80_N	[13.66296296 65.1857037   8.93940741]
-0.11	 -0.01	-0.15	0.04	80_N	[13.12575    64.40115909  7.81229545]
0.06	 1.07	0.06	-0.31	80_N	[14.082      65.77644444  9.59133333]
0.05	 1.0	0.35	-0.64	81_K	[ 7.64016667 60.35416667 10.576     ]
0.03	 0.8	-0.14	-0.07	81_K	[ 8.06313889 58.56377778  9.34083333]
0.05	 1.39	-0.01	-0.21	81_K	[ 6.93236364 62.06209091  9.227     ]
0.1	 1.2	0.1	-0.31	81_K	[ 7.7642 63.6555 10.5451]
-0.03	 0.2	-0.04	-0.06	81_K	[ 6.12223529 64.18070588  9.50164706]
-0.17	 -0.59	-0.14	0.2	81_K	[ 5.44038462 66.20046154 11.47684615]
0.02	 -2.4	-0.02	-0.11	81_K	[ 5.47333333 64.94533333 13.686     ]
0.06	 0.52	-0.13	-0.1	81_K	[10.49041667 64.10816667  9.82866667]
0.11	 0.76	-0.07	-0.16	81_K	[ 8.48603704 60.39681481 12.03777778]
-0.08	 -0.57	-0.15	0.09	81_K	[ 8.088      63.42965217  8.45252174]
-0.16	 -0.74	-0.13	0.17	81_K	[ 6.43816667 61.42388889  9.45022222]
-0.04	 -0.32	-0.21	0.14	81_K	[ 7.26657143 62.0477619  12.71366667]
0.03	 0.54	-0.19	-0.04	81_K	[ 8.93626667 64.62326667 11.40813333]
-0.18	 -0.92	0.13	0.19	81_K	[ 6.51142857 65.02233333  9.37033333]
-0.21	 -0.88	0.1	0.34	81_K	[ 4.93338095 63.169      10.26490476]
-0.24	 -0.51	0.11	0.33	81_K	[ 7.12095455 66.29186364 12.1195    ]
-0.21	 -0.64	0.14	0.34	81_K	[ 4.46856 65.871   11.49204]
-0.43	 -1.05	0.31	0.6	81_K	[ 5.17342105 65.68689474 14.12778947]
-0.26	 -0.76	0.09	0.38	81_K	[ 4.692      63.46452174 12.98073913]
-0.48	 0.4	-0.15	0.04	81_K	[ 7.29771429 63.91664286 14.031     ]
0.08	 0.24	-0.05	-0.12	82_Q	[12.18093333 61.73953333  5.53733333]
-0.02	 0.53	-0.04	-0.04	82_Q	[10.03454545 61.06663636  4.30018182]
-0.03	 -0.2	0.02	-0.09	82_Q	[ 7.03852941 61.30670588  6.11929412]
-0.03	 0.6	0.01	-0.09	82_Q	[ 7.2907  58.2042   6.02405]
-0.28	 -1.01	0.11	0.4	82_Q	[ 6.03554054 58.42178378  7.09308108]
-0.04	 -0.14	0.04	-0.04	82_Q	[ 8.0599375 57.543625   4.8130625]
0.19	 0.78	0.1	-0.3	82_Q	[10.52906667 62.63386667  7.76606667]
-0.16	 -0.47	0.04	0.23	82_Q	[ 9.40305556 62.21344444  5.855     ]
0.09	 0.72	-0.14	-0.07	82_Q	[ 9.42407143 60.03614286  3.80621429]
-0.03	 -0.42	-0.16	0.06	82_Q	[ 6.85435294 61.27217647  7.12470588]
-0.26	 -0.88	0.21	0.38	82_Q	[ 7.27580952 60.84566667  4.41271429]
0.09	 0.62	-0.09	-0.12	82_Q	[ 8.77990909 58.45136364  3.66663636]
-0.22	 -0.53	-0.07	0.27	82_Q	[ 8.13881818 56.54851515  5.50239394]
0.1	 0.73	0.02	-0.26	83_P	[10.45910811 56.76037838  7.36962162]
0.25	 1.33	0.21	-0.45	84_E	[13.58604762 55.17561905 11.38480952]
-0.02	 1.02	-0.11	-0.0	84_E	[ 8.1        58.17685714 12.27514286]
-0.14	 -0.5	-0.07	0.09	84_E	[ 8.14368 55.535   12.3966 ]
-0.19	 -0.3	-0.11	0.21	84_E	[ 8.724275 54.73865  14.32285 ]
-0.28	 -0.87	0.06	0.41	84_E	[ 7.15647917 55.82489583 11.33954167]
0.04	 0.34	-0.12	-0.1	84_E	[10.24628571 56.11885714  9.842     ]
-0.07	 0.57	-0.02	-0.06	84_E	[11.14091304 54.90586957 11.44204348]
0.01	 0.73	-0.12	-0.09	84_E	[ 9.12036667 58.34963333 13.90423333]
0.14	 1.32	0.21	-0.45	84_E	[ 8.61010526 57.50978947 10.80321053]
0.19	 1.32	0.28	-0.54	86_Y	[14.04146154 59.52292308 20.96276923]
0.07	 0.76	-0.01	-0.23	86_Y	[11.80740909 57.03231818 18.54740909]
0.12	 0.76	-0.03	-0.23	86_Y	[13.88268421 58.856      20.61552632]
0.02	 0.05	-0.17	-0.03	86_Y	[12.48416667 57.90175    20.58241667]
-0.19	 -0.46	-0.1	0.22	86_Y	[10.36938235 57.84029412 19.75964706]
0.1	 0.99	-0.0	-0.27	86_Y	[11.20682353 56.47252941 18.28476471]
-0.05	 0.34	0.0	-0.03	86_Y	[ 9.76821429 59.5715     20.03446429]
0.09	 0.71	-0.04	-0.23	91_F	[25.26843478 67.90482609 29.83178261]
0.16	 1.67	0.07	-0.34	91_F	[26.5355     69.237      27.60421429]
0.07	 1.13	0.18	-0.47	92_A	[26.3026875 69.022     29.542    ]
0.06	 1.0	-0.09	-0.11	92_A	[25.71866667 68.63333333 31.02966667]
0.07	 1.01	-0.0	-0.32	92_A	[23.241375  70.0311875 33.036375 ]
-0.15	 -0.79	-0.12	0.14	92_A	[27.26495833 70.59483333 32.367125  ]
0.06	 0.79	-0.06	-0.16	92_A	[26.56495652 70.59347826 29.12630435]
-0.02	 -0.12	-0.15	-0.03	92_A	[24.62904 68.67964 32.23376]
0.09	 0.68	-0.01	-0.21	92_A	[25.6352 70.0681 33.6671]
-0.22	 -0.74	0.04	0.46	92_A	[27.16907407 69.35851852 31.2302963 ]
0.02	 -0.36	0.02	-0.02	92_A	[26.76036842 72.37389474 31.16221053]
0.18	 1.21	0.11	-0.37	93_E	[24.874      74.56516667 31.87522222]
0.0	 0.47	-0.04	-0.1	93_E	[22.917      74.13721429 35.20735714]
-0.02	 0.53	0.01	-0.05	93_E	[23.69817647 71.95294118 36.19682353]
-0.18	 -0.32	0.03	0.04	93_E	[26.17692857 73.14507143 36.07192857]
-0.21	 -0.73	0.1	0.34	93_E	[26.79878947 70.89321053 35.598     ]
-0.14	 -0.54	-0.01	0.25	93_E	[26.35773171 73.94297561 34.07553659]
-0.01	 -0.4	-0.02	-0.03	93_E	[21.58585714 71.24428571 33.64457143]
-0.07	 -0.06	-0.2	0.14	93_E	[23.87157895 75.11142105 34.37131579]
-0.21	 -0.5	-0.02	0.3	93_E	[21.91916667 73.76091667 35.22095833]
-0.29	 -1.02	0.18	0.46	93_E	[23.92436842 72.56205263 37.05557895]
-0.11	 -0.42	-0.11	0.17	93_E	[23.71507692 70.49611538 34.75565385]
0.15	 1.16	0.35	-0.57	94_Q	[21.09975  74.673    33.677375]
0.08	 0.86	-0.03	-0.25	94_Q	[19.94515385 77.48338462 31.76330769]
-0.12	 -0.3	0.01	0.12	94_Q	[21.174675 76.680925 33.47965 ]
0.04	 0.71	-0.11	-0.03	94_Q	[18.266125 76.175    31.722625]
0.12	 1.17	0.12	-0.34	94_Q	[18.35855556 73.30277778 32.01766667]
-0.04	 0.05	-0.18	0.06	94_Q	[16.94583333 74.27333333 31.74608333]
-0.11	 -0.38	0.04	0.16	94_Q	[16.03459375 75.3905625  29.82475   ]
-0.12	 -0.14	-0.01	-0.03	94_Q	[16.6308     72.74693333 31.84693333]
0.02	 -0.23	-0.13	-0.02	94_Q	[20.08783333 73.71544444 33.32294444]
-0.26	 -1.06	0.14	0.31	94_Q	[18.37485714 75.239      32.58464286]
0.09	 -0.34	0.04	-0.14	94_Q	[18.85284211 77.07052632 30.59036842]
0.12	 1.39	0.3	-0.56	94_Q	[18.67227273 72.79090909 32.05245455]
0.13	 1.85	0.0	-0.3	94_Q	[17.29975  71.83175  31.958375]
-0.06	 -0.14	-0.0	0.07	94_Q	[15.11082759 72.59410345 30.4742069 ]
0.11	 1.58	0.17	-0.44	95_T	[20.24116667 78.3955     31.03166667]
0.04	 0.93	-0.01	-0.15	95_T	[19.777625 79.13825  29.786875]
0.02	 0.63	-0.18	0.07	95_T	[24.077125 80.21725  31.33025 ]
-0.11	 -0.35	-0.11	0.12	95_T	[24.61272414 77.74482759 32.87948276]
-0.18	 -1.44	0.06	0.25	95_T	[20.9475     79.54828571 31.83071429]
-0.05	 -0.31	-0.11	0.03	95_T	[23.45252941 80.79176471 31.31923529]
0.03	 0.42	-0.03	-0.11	95_T	[25.71953125 78.57509375 29.564375  ]
-0.2	 -0.7	0.22	0.34	95_T	[25.6278  79.01256 31.93732]
-0.15	 -0.64	0.08	0.23	95_T	[23.25261905 78.91619048 33.33190476]
0.08	 0.97	-0.12	-0.16	95_T	[24.81876471 76.27511765 31.88352941]
0.08	 0.92	-0.04	-0.23	96_L	[20.01142857 80.68014286 29.944     ]
0.14	 1.73	-0.13	-0.16	96_L	[22.2158 82.0126 25.6802]
-0.0	 0.25	-0.11	-0.07	96_L	[20.57788571 80.9484     25.312     ]
0.06	 0.67	-0.1	-0.19	96_L	[21.91992857 84.1295     27.86385714]
0.06	 0.53	-0.12	0.09	96_L	[18.65733333 83.54466667 30.41966667]
-0.14	 -0.83	-0.03	0.19	96_L	[20.07396774 85.67216129 29.46048387]
-0.12	 -0.45	-0.0	0.14	96_L	[17.8146875  82.8809375  27.76278125]
-0.08	 -0.18	-0.19	0.01	96_L	[21.44036842 81.59510526 30.72289474]
0.16	 0.9	0.15	-0.4	96_L	[19.14605 80.33305 27.9287 ]
0.16	 1.15	0.23	-0.49	96_L	[22.16926667 83.58633333 29.14506667]
-0.09	 -0.28	-0.06	0.09	96_L	[21.55204348 83.15565217 26.59547826]
-0.19	 -0.12	0.05	0.19	96_L	[19.3489375 82.4148125 30.46025  ]
-0.23	 -0.77	0.14	0.37	96_L	[18.66108696 85.26995652 30.28226087]
-0.21	 -0.7	0.03	0.27	96_L	[21.39083333 84.572      30.28179167]
-0.2	 -0.62	0.12	0.29	96_L	[19.95073077 85.54738462 27.82257692]
-0.22	 -0.75	0.28	0.35	96_L	[17.24409091 83.86777273 29.26627273]
-0.18	 -0.7	0.13	0.34	96_L	[18.57804167 83.561625   26.69254167]
0.67	 -0.12	-0.11	0.22	96_L	[18.21     81.34025  28.368625]
0.06	 1.0	0.29	-0.57	97_E	[25.11816667 80.84183333 24.6855    ]
0.03	 0.73	-0.23	-0.15	97_E	[25.89723529 78.38617647 25.80282353]
0.01	 0.47	-0.06	-0.13	97_E	[25.06    79.65964 23.77324]
0.02	 0.3	-0.03	-0.13	97_E	[26.43515385 80.63023077 26.47261538]
-0.05	 0.04	-0.06	-0.04	97_E	[26.704     82.9179375 26.6496875]
-0.06	 -0.28	-0.12	0.07	97_E	[25.02628571 83.31904762 28.39571429]
-0.01	 -0.22	-0.01	-0.09	97_E	[24.34525    82.37321875 29.92684375]
-0.27	 -0.52	0.05	0.44	97_E	[24.93304651 84.72532558 28.54162791]
-0.02	 0.32	-0.16	-0.04	97_E	[23.66610345 81.77417241 24.66806897]
0.06	 0.12	0.11	-0.18	97_E	[26.10761111 80.12094444 28.19855556]
-0.28	 -0.9	-0.08	0.41	97_E	[26.59311111 80.10855556 25.60705556]
-0.3	 -0.84	0.15	0.43	97_E	[27.48644444 82.71488889 27.14394444]
-0.19	 -0.73	0.11	0.26	97_E	[25.15022727 83.16668182 25.67081818]
0.11	 0.79	-0.07	-0.23	98_L	[27.7525   74.618    27.660125]
0.03	 0.31	-0.1	-0.08	98_L	[26.47705263 74.265      29.95815789]
0.16	 1.56	0.23	-0.5	98_L	[25.95685714 77.29385714 25.2655    ]
-0.02	 -0.05	-0.21	0.09	98_L	[27.10897619 76.46233333 26.96409524]
0.09	 0.41	0.04	-0.19	98_L	[27.08495 73.1096  28.6024 ]
-0.04	 0.37	-0.05	0.06	98_L	[26.06157692 75.83692308 30.01761538]
0.11	 1.43	0.18	-0.43	99_N	[19.24581818 78.44427273 23.14440909]
0.03	 0.69	-0.02	-0.19	99_N	[18.70169231 78.52761538 25.37769231]
0.18	 1.18	-0.02	-0.26	99_N	[17.07284615 75.84169231 26.13761538]
-0.01	 -0.2	-0.03	-0.07	99_N	[17.20084 76.69768 28.12012]
0.12	 0.54	-0.01	-0.16	99_N	[18.76944444 78.99144444 26.43533333]
-0.03	 -0.39	-0.11	0.02	99_N	[17.70588889 77.69705556 24.75738889]
0.01	 0.06	-0.15	-0.12	99_N	[17.2214 76.8395 29.592 ]
-0.45	 -0.34	0.11	0.21	99_N	[17.83121739 78.49695652 27.96269565]
0.16	 1.25	0.12	-0.36	100_Q	[20.10461538 79.29146154 23.90715385]
0.07	 0.85	-0.04	-0.22	100_Q	[19.8435 79.479  22.4623]
0.13	 1.34	0.14	-0.39	100_Q	[22.22966667 81.66783333 23.25775   ]
0.04	 0.51	-0.11	-0.11	100_Q	[22.956     82.8711875 21.24     ]
-0.21	 -0.87	0.04	0.3	100_Q	[21.52567568 83.42981081 20.97491892]
-0.07	 0.14	-0.13	0.06	100_Q	[24.5745   82.488375 20.44525 ]
0.1	 0.95	0.52	-0.86	100_Q	[19.5384 79.2402 22.1726]
-0.01	 0.32	-0.13	-0.01	100_Q	[20.5335 81.1414 22.8151]
0.16	 1.22	0.13	-0.39	100_Q	[24.34708571 79.82962857 20.57994286]
-0.26	 -0.88	-0.17	0.49	100_Q	[25.1935     81.43619231 20.18292308]
-0.31	 -0.95	0.24	0.52	100_Q	[24.42168 84.09456 20.5446 ]
0.1	 1.21	0.0	-0.32	101_E	[25.225      78.445      21.21833333]
0.13	 1.25	0.11	-0.38	101_E	[25.18136364 75.89963636 19.023     ]
0.09	 0.71	0.02	-0.27	101_E	[26.22575 78.0505  21.6325 ]
0.02	 0.68	0.05	-0.19	101_E	[27.16564286 76.43342857 20.42307143]
-0.03	 0.57	0.01	-0.04	101_E	[29.00105882 76.48082353 22.89376471]
0.07	 0.13	-0.03	-0.02	101_E	[27.90478571 76.593      24.28764286]
0.06	 0.75	0.04	-0.18	101_E	[28.95442308 74.86465385 21.023     ]
-0.05	 0.23	-0.17	0.01	101_E	[25.10608696 78.05891304 19.86743478]
-0.02	 0.34	-0.0	-0.02	101_E	[26.01137931 78.16168966 23.087     ]
0.01	 0.45	-0.16	-0.05	101_E	[26.836      75.24628571 19.64764286]
-0.29	 -1.0	0.05	0.35	101_E	[27.55377778 77.40944444 20.83611111]
0.09	 0.55	-0.0	-0.18	103_Q	[15.75085  76.213875 23.71435 ]
0.03	 0.66	-0.09	-0.07	103_Q	[16.81159091 78.57086364 22.41945455]
0.08	 0.79	-0.07	-0.18	104_Q	[24.31178571 75.58128571 16.09942857]
0.13	 1.19	-0.12	-0.16	104_Q	[23.32410526 75.21578947 14.29363158]
0.04	 0.23	-0.11	-0.05	104_Q	[23.712      77.46233333 16.01655556]
0.06	 1.42	-0.05	-0.2	104_Q	[22.145      78.71833333 15.129     ]
-0.13	 -1.95	-0.04	0.18	104_Q	[22.71033333 80.15188889 15.28866667]
-0.21	 -0.56	0.06	0.28	104_Q	[24.54086842 80.10026316 16.79323684]
-0.07	 0.14	-0.01	0.07	104_Q	[21.2268     81.45426667 16.13753333]
0.16	 1.14	0.06	-0.31	104_Q	[21.063     76.526625  14.9339375]
0.07	 0.5	0.02	-0.17	104_Q	[24.45295 77.0101  17.65435]
-0.13	 -0.47	-0.09	0.08	104_Q	[23.27988462 77.46715385 15.06338462]
0.01	 -0.07	0.05	-0.05	104_Q	[20.73371429 78.83342857 15.35761905]
-0.08	 -0.37	-0.24	0.07	104_Q	[20.414      81.27516667 16.33483333]
-0.12	 -0.33	0.06	0.18	104_Q	[22.47731034 82.37575862 17.40789655]
0.06	 1.1	0.03	-0.25	105_T	[24.55375  75.056875 16.969125]
0.06	 1.23	0.52	-0.88	105_T	[25.2738 74.2274 16.8162]
-0.01	 -0.02	-0.04	-0.04	105_T	[26.72854545 73.57860606 18.26824242]
0.12	 1.15	0.19	-0.47	105_T	[27.42714286 71.945      17.94328571]
0.0	 0.25	-0.08	-0.03	105_T	[25.30061905 73.75519048 15.16080952]
0.08	 1.91	0.05	-0.27	105_T	[25.26009091 74.99918182 18.11536364]
0.02	 0.24	-0.05	-0.08	105_T	[27.0294     71.23753333 16.0549    ]
0.14	 0.72	-0.02	-0.21	107_A	[20.16827586 75.71410345 13.26613793]
0.17	 1.48	0.18	-0.45	108_L	[21.3149 74.4047 12.1496]
0.11	 1.93	0.05	-0.29	108_L	[21.97225  74.290375 11.42775 ]
0.1	 1.36	0.29	-0.46	108_L	[24.9786 74.0846 13.7178]
0.05	 0.68	-0.01	0.09	108_L	[27.132      73.95266667 11.295     ]
-0.02	 0.25	0.01	-0.1	108_L	[27.681  71.2944 12.4285]
-0.14	 -0.87	-0.13	0.21	108_L	[25.34286364 73.9045      9.02395455]
0.07	 0.18	-0.19	-0.05	108_L	[22.1328125 74.13375   10.31325  ]
-0.05	 0.51	0.03	-0.12	108_L	[23.52282609 74.68930435 12.81021739]
-0.21	 -0.51	0.04	0.28	108_L	[26.14008696 74.64247826 12.3136087 ]
-0.13	 -0.07	0.16	0.16	108_L	[27.763125   71.8096875  11.04503125]
0.04	 0.41	0.11	-0.2	108_L	[26.75758333 72.02583333 13.84658333]
-0.18	 -0.52	0.17	0.33	108_L	[26.84504167 73.47983333  9.39854167]
0.12	 1.42	0.05	-0.31	108_L	[24.35046154 72.32830769  8.493     ]
-0.17	 -0.64	0.01	0.36	108_L	[24.3862381  74.75666667  9.7542381 ]
0.17	 1.1	0.17	-0.44	110_L	[15.93704651 66.74434884 10.00574419]
0.08	 0.69	0.26	-0.53	111_K	[20.2076 71.3742  5.7384]
0.07	 0.5	-0.11	-0.1	111_K	[22.53690909 71.394       5.87809091]
-0.02	 -0.1	-0.13	-0.02	111_K	[20.8958  70.77995  4.86745]
-0.03	 0.05	-0.02	-0.05	111_K	[21.78041176 73.44541176  7.239     ]
0.09	 2.47	0.04	-0.3	111_K	[20.853      74.46066667  8.119     ]
-0.09	 -0.31	-0.03	0.07	111_K	[19.548625 75.363625  7.088625]
-0.0	 0.68	-0.0	-0.06	111_K	[17.58014286 73.17680952  5.85366667]
0.02	 1.18	-0.02	-0.23	111_K	[16.1995  74.93325  6.656  ]
0.13	 1.04	0.08	-0.29	111_K	[19.2972     71.22213333  5.82646667]
0.05	 0.4	-0.08	-0.18	111_K	[22.53038095 73.10809524  8.27314286]
-0.17	 -0.27	0.27	-0.0	111_K	[20.97764706 72.81005882  5.96094118]
0.16	 0.81	-0.03	-0.1	111_K	[20.81925 74.6035   9.14975]
-0.02	 -0.91	-0.0	0.15	111_K	[18.40030769 75.862       7.62030769]
-0.19	 -1.06	0.01	0.3	111_K	[19.89866667 74.47385714  5.83366667]
-0.25	 -0.95	0.2	0.5	111_K	[17.17661905 74.02852381  5.20238095]
0.0	 0.57	-0.24	-0.02	111_K	[17.49973913 71.2966087   6.16478261]
-0.18	 -0.38	-0.03	0.22	111_K	[15.07545714 73.454       7.28991429]
-0.03	 -0.33	0.01	0.03	111_K	[16.31690909 75.51181818  7.92427273]
0.11	 1.34	0.06	-0.3	112_L	[23.27541667 71.4         7.24366667]
0.05	 1.16	0.13	-0.35	112_L	[23.851      70.84566667  6.42633333]
0.04	 0.73	-0.14	-0.06	112_L	[26.15691667 69.77783333  4.6745    ]
0.07	 0.28	-0.04	-0.07	112_L	[24.18088889 70.47355556  5.35266667]
0.06	 0.48	-0.14	-0.13	112_L	[25.54703448 71.03117241  7.6552069 ]
-0.13	 -1.35	0.07	0.18	112_L	[27.23515789 70.41657895  5.65063158]
0.12	 1.03	-0.04	-0.21	112_L	[27.83703704 69.89825926  9.01511111]
0.05	 0.79	-0.08	-0.1	114_N	[19.19963636 68.813       2.97909091]
0.04	 0.3	-0.0	0.07	114_N	[18.454      67.31264286  1.27414286]
-0.02	 0.62	-0.12	-0.02	114_N	[17.59786667 69.32286667  4.8166    ]
-0.14	 -0.63	-0.09	0.18	114_N	[15.9205 67.6322  5.3588]
-0.01	 0.3	-0.15	0.0	114_N	[15.99306818 68.12647727  7.43170455]
8.85	 -0.32	-0.38	0.33	114_N	[16.125875 65.560375  4.796   ]
0.01	 -0.44	-0.17	-0.03	114_N	[18.83378947 69.69878947  4.74363158]
-0.18	 -0.66	0.08	0.18	114_N	[17.2055     67.59868182  3.39936364]
0.04	 0.75	-0.12	-0.13	114_N	[15.61945455 65.39354545  7.03034091]
0.12	 0.92	0.3	-0.64	114_N	[16.85148148 65.19288889  3.91562963]
0.13	 1.63	0.15	-0.4	115_S	[20.30055556 69.29455556  3.59133333]
0.07	 1.07	0.11	-0.32	115_S	[20.7382 69.5283  2.6836]
-10.22	 -0.14	0.0	0.05	115_S	[23.20608333 67.68961111 -0.34113889]
-0.07	 0.14	0.02	-0.03	115_S	[23.26104545 70.31254545  2.45181818]
-0.01	 0.46	-0.02	0.01	115_S	[25.04604762 69.36133333  2.81695238]
-0.07	 -0.25	-0.01	0.07	115_S	[20.763      68.94809524  0.92142857]
-0.26	 -0.79	0.12	0.43	115_S	[23.00426087 70.379       1.26052174]
-0.07	 -0.34	-0.11	0.14	115_S	[22.26894118 70.75141176  3.84088235]
0.07	 1.16	0.39	-0.7	116_L	[24.386  63.6342  0.8188]
0.13	 1.48	0.13	-0.42	116_L	[23.1288 63.7352 -0.159 ]
0.1	 0.56	-0.02	-0.2	116_L	[23.657875   62.55154167  0.333875  ]
-0.03	 0.02	-0.09	-0.05	116_L	[26.8145625 67.424625   2.193375 ]
-0.03	 -0.29	-0.04	0.1	116_L	[2.42191667e+01 6.49833333e+01 4.94166667e-02]
0.02	 0.45	0.06	-0.17	116_L	[26.41536111 63.83725     1.53952778]
0.08	 1.09	-0.02	-0.25	116_L	[28.19042105 65.90189474  2.44926316]
-0.01	 -0.91	-0.02	0.07	116_L	[25.562625  66.977875   1.0879375]
-0.04	 2.3	0.01	-0.05	117_H	[20.10377778 62.17577778 -1.72644444]
-0.08	 -0.04	-0.07	0.11	117_H	[19.76875 63.84075 -2.561  ]
-0.01	 0.6	-0.0	0.06	117_H	[21.1542 64.5752 -2.8754]
-0.05	 0.07	-0.08	0.03	117_H	[17.73911765 65.10920588 -1.61844118]
-0.09	 -0.38	-0.01	0.09	117_H	[20.81569697 66.99       -2.50933333]
0.05	 0.9	0.1	-0.26	117_H	[19.03947826 67.16013043 -1.47186957]
-0.1	 -0.16	0.01	0.01	117_H	[21.38331579 62.318      -1.31      ]
-0.03	 0.12	-0.08	0.02	117_H	[18.772    62.2215   -1.501875]
-0.14	 -0.21	0.05	0.16	117_H	[22.60978947 64.77510526 -1.66810526]
-0.14	 -0.18	-0.39	0.15	117_H	[16.72169231 65.00623077 -1.32346154]
-0.26	 -0.8	0.1	0.42	117_H	[21.33918519 67.57251852 -2.8372963 ]
-0.36	 -0.86	0.11	0.57	117_H	[18.3782  67.66284 -2.03028]
0.08	 0.35	0.05	-0.26	119_S	[14.75491667 62.52720833  5.01616667]
0.04	 0.38	0.05	-0.03	119_S	[15.701125  63.4535625  4.3688125]
0.18	 0.99	0.05	-0.29	119_S	[14.1008     61.11266667  4.02433333]
0.19	 1.31	0.13	-0.4	119_S	[15.01833333 63.53755556  6.679     ]
0.04	 1.0	0.29	-0.59	120_E	[14.63116667 59.47633333 -0.32333333]
0.11	 -0.01	-0.05	-0.2	120_E	[16.61736364 58.48209091 -1.28390909]
0.01	 -0.36	-0.15	-0.02	120_E	[14.9261 57.9105 -0.8955]
0.03	 0.91	-0.04	-0.19	120_E	[16.80215385 61.22934615 -1.15476923]
-0.01	 0.22	0.09	-0.17	120_E	[14.7963 62.3455 -0.7148]
0.08	 0.35	-0.18	-0.09	120_E	[15.46771429 63.7472381   2.36438095]
-0.12	 -0.35	0.08	0.15	120_E	[15.52916 65.14176  0.83608]
0.08	 0.28	-0.03	-0.14	120_E	[13.85333333 59.742       0.4184    ]
0.12	 1.07	0.13	-0.4	120_E	[18.2155 60.7963 -0.7392]
-0.23	 -0.94	0.1	0.33	120_E	[15.87809524 60.25619048 -1.60695238]
-0.21	 -0.52	-0.03	0.33	120_E	[14.96996154 62.93746154 -1.47288462]
-0.01	 0.04	-0.24	0.22	120_E	[13.86261111 61.70272222  1.39266667]
0.04	 1.07	0.03	-0.26	121_S	[17.87066667 59.14244444 -0.80833333]
0.06	 1.31	0.59	-0.96	121_S	[18.42766667 58.37       -1.05866667]
-0.02	 0.75	0.01	-0.25	121_S	[21.08375  56.846    -0.296125]
-0.16	 -0.85	0.04	0.09	121_S	[20.66371875 58.34034375 -0.91859375]
-0.01	 -0.07	-0.06	-0.01	121_S	[18.10256522 56.86869565 -1.40543478]
0.07	 0.51	-0.01	-0.28	121_S	[20.55015 55.7878  -0.28855]
0.09	 0.51	0.01	-0.25	121_S	[20.15364516 59.99387097 -0.63225806]
0.12	 0.57	-0.09	-0.14	123_L	[12.5087 55.0718 -0.444 ]
0.12	 1.65	0.09	-0.36	123_L	[11.92726087 53.92013043  0.75943478]
0.07	 1.28	-0.03	-0.17	123_L	[12.32022222 57.01044444  0.29211111]
-0.03	 -0.17	-0.21	0.15	123_L	[11.60965 59.90255  2.3795 ]
0.01	 0.81	-0.08	-0.08	123_L	[10.73822222 55.39111111  4.01814815]
0.12	 1.4	0.26	-0.51	123_L	[12.11014286 54.11357143  2.67028571]
0.04	 -0.48	0.04	-0.09	123_L	[12.88778571 57.94657143  0.47692857]
-0.23	 -0.4	-0.16	0.17	123_L	[11.21761111 55.72016667  1.12566667]
0.09	 0.82	-0.01	-0.29	123_L	[13.01340741 59.97551852  2.07340741]
-0.11	 -0.71	0.04	0.27	123_L	[10.5447619  58.61766667  1.78085714]
0.11	 1.35	0.3	-0.6	123_L	[10.32244444 56.48633333  5.664     ]
-0.19	 -0.63	-0.02	0.22	123_L	[ 9.58771429 56.38185714  3.00307143]
0.03	 0.47	-0.15	-0.1	123_L	[11.11255556 54.47044444  3.98522222]
0.06	 0.87	-0.05	-0.17	124_K	[13.61781818 56.15654545 -0.73845455]
0.08	 1.66	0.21	-0.51	124_K	[14.252625 54.395875 -2.753375]
0.16	 1.74	0.03	-0.28	124_K	[16.68333333 52.89133333 -2.73322222]
-0.06	 0.04	-0.04	-0.02	124_K	[14.96395833 52.06416667 -3.25279167]
-0.2	 -0.84	0.05	0.24	124_K	[16.00896364 55.75458182 -3.00903636]
-0.07	 0.11	-0.09	0.02	124_K	[13.16203846 54.24365385 -2.44896154]
-0.03	 -0.16	-0.02	-0.01	125_N	[19.40940909 52.88927273 -2.04984091]
0.19	 1.03	0.08	-0.33	125_N	[17.128   50.78416 -2.32812]
0.11	 0.85	-0.08	-0.15	125_N	[21.4391875 53.70625   -0.6746875]
0.09	 0.84	0.04	-0.1	126_R	[13.362      48.54133333  2.249     ]
-0.08	 -0.11	0.02	-0.0	126_R	[11.81807317 48.05917073  0.79270732]
0.05	 0.87	0.06	-0.26	126_R	[11.64775 50.90995  2.5563 ]
0.04	 0.68	-0.22	0.08	126_R	[13.10566667 49.48566667  4.15933333]
0.0	 0.63	-0.06	-0.1	126_R	[11.8031 51.3551  4.7902]
-0.04	 -0.79	-0.06	0.09	126_R	[13.58083333 50.56        6.43483333]
-0.14	 -0.57	-0.01	0.13	126_R	[13.00792308 51.51246154  7.79553846]
-0.1	 -0.65	-0.07	0.12	126_R	[11.28141176 53.46964706  7.42105882]
-0.07	 -0.02	-0.05	0.09	126_R	[14.82178947 52.01094737  9.08447368]
0.13	 0.81	0.28	-0.66	126_R	[13.89913333 48.39806667  2.53026667]
0.11	 1.08	0.2	-0.54	126_R	[11.80573684 52.22652632  2.17378947]
-0.11	 0.01	-0.09	0.08	126_R	[11.78544 49.79832  2.96396]
-0.01	 0.13	-0.06	-0.05	126_R	[14.38028 49.4692   4.59624]
0.04	 -0.48	-0.08	-0.03	126_R	[11.667     52.8295     3.7826875]
-0.2	 -0.64	0.04	0.33	126_R	[11.63241667 50.76779167  5.46516667]
0.06	 0.22	0.06	-0.2	126_R	[15.43952174 50.85686957  6.20978261]
-0.06	 0.26	0.12	0.11	126_R	[10.99213636 53.65081818  6.12118182]
-0.11	 -0.16	-0.16	0.06	126_R	[11.68869565 54.27482609  8.42782609]
0.07	 0.54	-0.09	-0.09	126_R	[15.66777778 51.40711111  8.22666667]
0.05	 0.41	-0.02	-0.11	126_R	[14.04165625 53.7985625   9.724375  ]
0.1	 0.09	-0.07	-0.22	127_Q	[12.43333333 49.03577778 -4.507     ]
0.03	 0.33	-0.01	-0.14	127_Q	[14.7539 48.732  -3.9375]
-0.09	 0.91	-0.1	0.13	127_Q	[12.297375 50.978125 -4.5095  ]
0.04	 0.3	0.03	-0.17	127_Q	[11.18427778 53.19183333 -2.16961111]
-0.05	 0.26	0.02	-0.03	127_Q	[ 9.22357143 51.25228571 -1.39695238]
-0.26	 -0.86	0.05	0.37	127_Q	[ 8.57466667 50.37474359 -2.39966667]
-0.06	 -0.01	0.09	-0.03	127_Q	[ 9.50231818 51.768       0.16695455]
0.13	 1.28	-0.01	-0.22	127_Q	[10.48444444 48.50088889 -1.29133333]
-0.08	 -0.77	0.12	-0.04	127_Q	[12.92364286 51.92957143 -3.88114286]
-0.1	 -0.13	0.06	0.12	127_Q	[10.78963636 50.06940909 -4.20581818]
0.07	 0.84	0.15	-0.39	127_Q	[11.487      53.41658333 -1.32408333]
-0.43	 -0.94	0.08	0.53	127_Q	[10.78905882 53.09047059 -3.43788235]
-0.03	 0.51	-0.26	0.13	127_Q	[10.7625     52.67359375  0.84021875]
-0.29	 -0.6	0.16	0.39	127_Q	[ 9.22776471 50.86667647  0.64788235]
0.01	 1.06	-0.17	-0.02	128_G	[11.2135   47.911875 -4.21    ]
-0.06	 0.14	-0.03	-0.01	128_G	[11.5659375 45.902625  -4.0451875]
0.06	 0.55	-0.21	-0.13	128_G	[12.48533333 43.96191667 -2.57975   ]
0.07	 0.47	0.02	-0.26	128_G	[13.12466667 45.68445833 -1.00675   ]
-0.18	 -0.24	0.03	0.1	128_G	[10.84326087 47.20978261 -2.45326087]
-0.23	 -0.76	0.04	0.33	128_G	[11.16980952 45.04195238 -4.04766667]
-0.07	 -0.36	0.01	0.2	128_G	[12.92172727 46.74840909 -5.41140909]
0.06	 0.35	-0.03	-0.13	129_Q	[18.42913043 42.6196087  -4.02313043]
0.11	 1.19	0.13	-0.41	129_Q	[15.86736364 41.66172727 -6.30572727]
0.05	 0.81	-0.18	-0.04	129_Q	[12.58391667 41.06116667 -3.18858333]
-0.09	 0.03	-0.02	0.0	129_Q	[14.19155 39.61635 -4.6753 ]
-0.15	 -0.34	0.23	0.45	129_Q	[13.94333333 38.67970588 -3.57598039]
-0.15	 -0.06	-0.01	0.21	129_Q	[13.90452174 40.0093913  -7.02721739]
0.0	 0.11	-0.06	0.0	129_Q	[13.51327273 44.54409091 -5.7265    ]
0.11	 0.52	-0.29	-0.09	129_Q	[14.57285714 42.87347619 -6.62895238]
0.03	 0.06	-0.05	-0.05	129_Q	[16.28343478 41.16873913 -4.66456522]
-0.11	 -0.12	-0.18	0.16	129_Q	[12.45441935 42.38858065 -4.24380645]
-0.24	 -0.46	0.13	0.37	129_Q	[14.31995 41.17555 -7.35405]
-0.31	 -1.02	0.25	0.52	129_Q	[14.1628 38.6352 -7.0608]
-0.16	 -0.56	0.01	0.15	130_N	[21.00479412 45.13097059 -4.44755882]
0.07	 -0.05	-0.09	-0.16	130_N	[19.0215     46.93042857 -6.72457143]
-0.05	 -0.98	-0.04	0.09	130_N	[17.35011538 45.77065385 -7.84453846]
-0.33	 -1.16	0.28	0.53	130_N	[17.71857576 46.99454545 -9.236     ]
-0.06	 -0.2	-0.07	0.05	130_N	[16.75881818 44.01831818 -7.79363636]
0.18	 0.99	0.11	-0.37	130_N	[15.3745     46.334      -5.45442857]
-0.04	 0.04	-0.04	-0.0	130_N	[19.2756875 44.1431875 -6.2553125]
-0.05	 0.31	-0.14	0.07	130_N	[16.969      47.72113043 -5.43530435]
-0.29	 -0.58	-0.22	0.22	130_N	[19.63766667 47.27266667 -6.83583333]
-0.28	 -0.59	0.14	0.42	130_N	[16.74806667 44.0508     -8.93286667]
-0.05	 0.23	-0.43	0.06	130_N	[16.84094737 42.92173684 -6.92110526]
0.12	 0.41	-0.29	0.0	131_E	[21.3926 44.5354 -1.353 ]
0.12	 0.09	0.08	-0.31	131_E	[21.77346667 45.0672     -0.21853333]
0.08	 0.82	-0.03	-0.16	131_E	[18.83377778 50.24666667 -3.16666667]
-0.01	 0.01	-0.13	0.01	131_E	[21.23810526 49.57389474 -3.62926316]
-0.06	 0.17	-0.01	-0.01	131_E	[22.63655556 49.52961111 -2.2755    ]
-0.18	 -0.42	0.03	0.2	131_E	[20.65288636 49.08393182 -4.98390909]
0.02	 0.49	0.04	-0.16	131_E	[21.68634783 46.24108696 -2.21286957]
0.1	 0.42	0.08	-0.25	131_E	[17.68654545 48.736      -3.50172727]
0.13	 1.34	0.27	-0.53	132_K	[21.0165    42.6581875 -0.145625 ]
-0.1	 -0.22	0.05	-0.01	132_K	[21.30012766 42.33080851 -1.64540426]
0.07	 0.42	-0.07	-0.18	132_K	[18.33217647 40.45676471 -0.83647059]
-0.07	 -1.82	-0.08	0.02	132_K	[13.26375  43.535625  1.055   ]
0.02	 -0.58	0.15	-0.26	132_K	[12.05544444 41.01244444  0.37666667]
0.05	 -0.13	-0.11	-0.06	132_K	[17.62895652 41.09352174 -1.9916087 ]
0.1	 0.99	0.24	-0.43	132_K	[18.50985714 40.09428571 -0.23171429]
0.15	 1.49	0.21	-0.45	132_K	[15.56557143 40.44642857 -2.0552381 ]
-0.0	 0.34	-0.06	-0.01	132_K	[14.28890909 42.91013636  2.29790909]
0.13	 0.31	-0.03	-0.17	132_K	[13.7185     44.412       0.22328571]
-0.18	 -0.33	-0.01	0.21	132_K	[12.00246875 42.48446875 -0.89546875]
0.0	 0.23	-0.02	-0.14	132_K	[12.99961905 39.97457143 -1.17633333]
-0.15	 -0.37	-0.03	0.26	132_K	[12.48225  40.7475    1.483375]
0.01	 -1.03	-0.06	0.05	133_N	[22.379375 39.71425  -0.1965  ]
0.01	 -0.03	-0.01	-0.07	133_N	[20.18963636 39.21945455 -0.05386364]
-0.07	 0.33	-0.33	0.04	133_N	[23.69146667 43.20873333  2.6832    ]
-0.04	 0.18	-0.01	-0.12	133_N	[23.255      41.37641176  5.62829412]
-0.1	 0.07	0.11	-0.03	133_N	[22.89609524 42.48285714  0.59757143]
-0.12	 -0.13	-0.02	0.13	133_N	[24.23495833 41.32120833  3.10091667]
0.1	 1.06	0.17	-0.43	133_N	[23.449    43.56175   3.330375]
-0.07	 -0.36	-0.11	0.09	133_N	[21.98713043 41.45517391  6.68252174]
-0.05	 0.15	-0.09	0.01	133_N	[23.37346667 43.58853333  5.43113333]
0.04	 0.47	-0.1	-0.06	134_K	[23.66542857 39.54971429  0.51957143]
0.08	 0.25	0.12	-0.4	134_K	[23.30528571 38.20985714  0.11428571]
0.12	 1.48	0.03	-0.31	134_K	[20.6058 36.823   1.173 ]
-0.13	 -0.29	-0.02	0.15	134_K	[21.22077083 35.229       2.59295833]
-0.06	 0.49	-0.06	-0.11	134_K	[25.06258333 36.58466667  0.44216667]
0.11	 2.0	0.18	-0.44	134_K	[24.046      35.293       3.13816667]
-0.01	 0.17	0.01	-0.1	134_K	[25.99716 35.49416  4.20492]
-0.03	 0.29	-0.04	0.03	134_K	[27.66476471 37.57388235  4.026     ]
0.01	 -2.65	-0.03	-0.11	134_K	[28.31311111 37.50388889  1.30477778]
0.01	 0.39	-0.14	-0.05	134_K	[24.6008     39.7994      1.73873333]
-0.08	 -0.5	-0.01	0.11	134_K	[21.935      37.29831818  0.17209091]
-0.13	 -0.3	0.07	0.16	134_K	[24.1725     35.39904545  1.24772727]
-0.07	 -0.24	-0.08	0.12	134_K	[24.87408333 38.07158333  0.521     ]
0.09	 0.84	0.08	-0.33	134_K	[24.89229167 38.652       4.25329167]
0.13	 0.84	0.04	-0.24	134_K	[23.52416667 35.44908333  4.21241667]
-0.23	 -0.69	-0.21	0.26	134_K	[26.35763636 35.64840909  5.07963636]
-0.28	 -1.05	-0.02	0.31	134_K	[26.27775   34.8195625  2.336875 ]
-0.18	 -0.56	-0.02	0.34	134_K	[26.71104 38.90592  3.45984]
-0.27	 -0.87	0.2	0.48	134_K	[28.79136364 36.85        3.84495455]
-0.36	 -0.9	0.27	0.5	134_K	[28.98845 38.0465   1.46755]
-0.2	 -0.47	0.16	0.24	134_K	[27.94873077 35.84276923  1.28276923]
-0.15	 -0.5	-0.04	0.21	134_K	[26.64125    38.153625    0.78533333]
0.07	 0.82	0.33	-0.49	135_H	[19.0288 35.9136  5.1762]
0.11	 0.58	0.02	-0.24	135_H	[18.78766667 35.93583333  3.29683333]
-0.13	 -0.69	0.04	0.19	135_H	[17.36996154 36.93434615  4.9955    ]
0.03	 0.36	-0.01	-0.09	135_H	[19.85054545 38.46754545  7.02763636]
-0.05	 -0.51	-0.05	0.14	135_H	[21.32655556 37.54066667  7.79155556]
0.05	 0.54	-0.04	-0.09	135_H	[21.2734     35.4076      6.78873333]
-0.06	 -0.12	-0.03	0.02	135_H	[23.11091304 38.41047826  7.065     ]
-0.22	 -0.92	0.13	0.29	135_H	[23.24786275 34.78992157  7.52541176]
-0.1	 1.84	0.01	0.05	135_H	[23.88416667 37.037       8.3725    ]
-0.07	 -0.04	-0.04	0.06	135_H	[19.82319048 35.30238095  4.72466667]
0.07	 0.58	-0.01	-0.15	135_H	[20.56285714 39.34985714  6.62407143]
-0.19	 -0.81	0.01	0.19	135_H	[19.15506667 37.01666667  6.78226667]
-0.33	 -0.65	0.07	0.42	135_H	[20.44061905 34.79247619  7.06795238]
-0.06	 0.01	-0.16	0.03	135_H	[23.75746154 39.06407692  5.85646154]
-0.23	 -0.3	0.11	0.26	135_H	[25.23103846 36.7245      7.09115385]
0.09	 1.66	-0.02	-0.22	136_N	[18.144   37.72     0.73175]
0.14	 1.33	0.19	-0.46	136_N	[16.45828571 39.20857143  4.54085714]
-0.02	 -0.11	-0.1	-0.03	136_N	[15.08831034 39.97710345  3.66051724]
0.03	 0.47	-0.07	-0.16	136_N	[16.32382353 36.23458824  1.86605882]
-0.15	 -0.56	-0.12	0.17	136_N	[15.43090909 36.50309091  0.11118182]
-0.04	 0.11	-0.18	0.03	136_N	[15.43822449 38.32195918 -1.05906122]
-0.06	 -0.33	-0.03	0.13	136_N	[13.58670833 37.1145      1.48429167]
0.1	 0.17	0.15	-0.29	136_N	[19.477      37.25435714  1.23285714]
0.09	 0.89	0.05	-0.23	136_N	[18.113      38.78094444  0.21444444]
-0.22	 -0.6	0.09	0.25	136_N	[17.39317391 36.03104348  1.62765217]
-0.04	 -0.12	-0.08	0.01	136_N	[15.776375 37.132375  3.68825 ]
-0.35	 -0.48	0.01	0.37	136_N	[12.98244118 37.87223529  0.30035294]
-0.26	 -0.93	0.15	0.44	136_N	[13.91725    36.63220833  2.69079167]
0.07	 0.97	-0.08	-0.18	137_Y	[19.12883333 40.4925      6.91325   ]
-0.03	 0.24	0.21	-0.32	137_Y	[17.947      41.75413333  8.3768    ]
-0.09	 -0.47	-0.03	0.04	137_Y	[15.8766875 41.97825    7.4905   ]
-0.11	 -0.62	-0.12	0.17	137_Y	[19.69864286 42.36135714  8.08828571]
-0.04	 -0.79	-0.06	0.03	137_Y	[15.58931429 43.4994      8.51174286]
-0.12	 -0.66	0.01	0.1	137_Y	[18.94106667 43.6268      9.53626667]
-0.15	 -0.54	-0.03	0.15	137_Y	[17.3803 43.2869 10.0047]
-0.04	 0.08	-0.17	0.03	137_Y	[17.2455814  46.07939535 10.3377907 ]
0.16	 0.96	-0.03	-0.22	137_Y	[15.47330769 42.04053846  4.38807692]
-0.0	 0.38	-0.09	-0.09	137_Y	[17.35869231 39.83961538  6.20107692]
0.16	 1.34	0.34	-0.58	137_Y	[19.96716667 40.93733333  6.59666667]
-0.17	 -0.34	0.04	0.33	137_Y	[15.1608  41.76725  6.6151 ]
0.08	 0.41	0.04	-0.28	137_Y	[20.6299 43.3546  7.5957]
-0.32	 -1.04	0.16	0.49	137_Y	[14.56745 43.6615   8.967  ]
-0.0	 -0.04	-0.11	0.06	137_Y	[19.66296774 45.43909677  9.0063871 ]
-0.25	 -0.59	-0.02	0.86	137_Y	[15.85407143 46.00103571  9.92614286]
-0.03	 0.26	-0.11	-0.06	138_V	[17.12782759 46.93596552  7.01041379]
0.14	 1.58	0.11	-0.39	138_V	[16.170625 48.10425   4.60575 ]
-0.02	 0.11	-0.11	-0.02	138_V	[14.48353846 45.23507692  1.78907692]
0.11	 -0.13	-0.05	-0.1	138_V	[15.5576  43.90625  4.66085]
-0.09	 0.15	-0.08	0.04	138_V	[15.2725     46.76570833  4.3025    ]
0.14	 0.76	0.07	-0.33	138_V	[17.13712 48.96892  4.985  ]
0.09	 0.77	0.05	-0.29	138_V	[14.33591304 46.389       1.40308696]
0.11	 0.88	0.07	-0.35	138_V	[14.88818182 44.60290909  2.73090909]
-0.08	 -0.16	-0.03	0.02	139_D	[22.69358824 45.60511765  7.85035294]
-0.01	 0.3	-0.02	0.01	139_D	[22.54804 47.57472  8.786  ]
-0.15	 -0.25	0.01	0.17	139_D	[24.53288372 46.39027907  6.45488372]
0.15	 1.56	0.13	-0.42	139_D	[20.37811111 46.62944444  8.39633333]
0.13	 0.07	0.03	-0.19	139_D	[21.90905556 44.25044444  6.90477778]
0.12	 1.67	0.2	-0.43	140_I	[18.197  49.3114  6.5549]
0.11	 0.76	-0.11	-0.21	140_I	[20.7805625  51.2779375  11.00265625]
0.18	 1.3	0.18	-0.44	140_I	[19.17760465 47.92702326  8.90653488]
0.22	 1.14	0.2	-0.47	140_I	[17.7086875 50.3609375  5.939    ]
0.04	 0.61	-0.06	-0.12	140_I	[17.57663333 49.952       8.7686    ]
0.03	 0.11	-0.15	-0.05	140_I	[20.67084211 49.25836842 10.37405263]
0.07	 0.74	-0.1	-0.21	140_I	[16.43307143 51.42542857  9.54421429]
0.15	 1.76	0.09	-0.39	141_L	[24.7765 49.1408  5.5561]
0.04	 -0.05	-0.03	-0.08	141_L	[25.99952941 50.42747059  4.97405882]
0.05	 0.16	-0.03	-0.12	141_L	[26.09728571 49.95914286  7.43642857]
0.07	 0.47	-0.09	0.08	141_L	[23.84866667 50.82966667 10.71166667]
-0.14	 -0.5	0.01	0.16	141_L	[26.44219355 50.6763871  10.251     ]
0.07	 0.84	-0.05	-0.27	141_L	[25.37781818 53.251      10.542     ]
0.07	 -0.13	-0.11	-0.04	141_L	[25.42583333 49.10183333  7.14858333]
0.04	 -0.17	-0.05	-0.16	141_L	[26.32227586 51.90510345  7.00410345]
0.04	 0.08	-0.05	-0.12	141_L	[23.26547619 50.09909524 10.1332381 ]
-0.29	 -0.87	-0.24	0.36	141_L	[25.4765     51.24707692 11.62403846]
-0.18	 -0.81	0.14	0.25	141_L	[25.81957692 49.01034615  9.507     ]
-0.2	 -0.86	-0.03	0.29	141_L	[26.91352 51.82844  9.10248]
0.17	 1.19	0.16	-0.41	141_L	[23.751075 52.753725 11.18955 ]
0.14	 1.21	0.18	-0.44	141_L	[25.6845     53.85225     9.80383333]
0.11	 0.75	-0.01	-0.21	142_Q	[23.58123529 46.60552941  0.85458824]
0.0	 0.15	-0.03	-0.1	142_Q	[23.70220513 45.5485641   2.63574359]
-0.05	 -0.1	-0.16	0.02	142_Q	[ 2.45383030e+01  4.76024545e+01 -5.63636364e-03]
0.11	 1.06	-0.0	-0.17	142_Q	[24.53445 48.4827   3.8891 ]
-0.06	 0.19	-0.08	0.07	142_Q	[24.64419048 48.83047619 -0.65033333]
-0.31	 -0.96	0.26	0.53	142_Q	[25.57896154 46.63669231  0.58369231]
0.01	 0.7	-0.0	-0.14	143_G	[24.4418     51.10186667 -0.96966667]
0.14	 1.61	-0.14	-0.15	143_G	[26.069 53.794  0.448]
-0.11	 -0.14	-0.16	0.14	143_G	[24.30518182 54.96038636 -0.17625   ]
0.02	 -0.24	-0.12	-0.07	143_G	[26.032      50.43309375  1.99846875]
-0.19	 -0.25	-0.02	0.22	143_G	[2.600148e+01 5.186020e+01 4.596000e-02]
0.03	 0.14	-0.01	-0.12	143_G	[22.95994444 51.82244444 -1.08055556]
0.2	 1.37	0.34	-0.58	144_I	[22.733      56.80433333  0.89719048]
0.06	 0.55	-0.04	-0.17	145_E	[30.0914  55.71225  5.51295]
-0.03	 0.51	-0.03	-0.02	145_E	[28.50177778 51.42911111  2.97066667]
-0.25	 -1.07	0.08	0.35	145_E	[30.44416418 52.5758209   4.77413433]
0.14	 0.98	0.07	-0.31	145_E	[27.64331818 53.94604545  6.09072727]
-0.07	 -0.24	-0.15	0.1	145_E	[27.52789474 51.22468421  4.27347368]
-0.08	 0.0	0.05	0.06	145_E	[28.83124138 52.83127586  2.03175862]
0.09	 0.91	-0.09	-0.22	146_D	[30.19325  54.664375  2.021375]
0.08	 1.3	0.18	-0.47	146_D	[30.94176923 56.119       2.17623077]
0.19	 0.76	0.01	-0.25	146_D	[29.29963636 59.14572727  0.90618182]
-0.05	 -0.13	-0.09	0.02	146_D	[30.84091667 59.40566667  2.1375    ]
-0.24	 -1.27	0.09	0.4	146_D	[30.31389063 56.65326562 -0.10626563]
-0.02	 0.4	-0.25	-0.03	146_D	[27.8448125 54.807      1.0853125]
-0.11	 -0.01	-0.13	0.05	146_D	[31.43746154 56.46080769  2.87038462]
0.09	 0.83	-0.13	-0.13	147_D	[25.433      59.92680952  0.39671429]
-0.25	 -1.23	-0.02	0.39	147_D	[26.76011429 59.98157143 -0.54002857]
-0.08	 0.19	0.02	-0.07	147_D	[23.53245714 59.26417143 -0.10354286]
0.18	 1.03	0.13	-0.37	147_D	[26.6522 57.1226  0.9123]
0.1	 0.92	0.01	-0.23	147_D	[27.93929167 61.32575     1.60420833]
0.1	 0.95	-0.05	-0.3	148_L	[30.03208333 58.5085      8.28791667]
0.16	 1.23	0.23	-0.49	148_L	[29.4282381  59.32742857  9.13671429]
-0.02	 0.12	-0.08	0.04	148_L	[28.82764286 56.78885714  7.79939286]
0.14	 0.68	0.04	-0.28	148_L	[27.7098  58.0544   9.86115]
0.05	 0.46	0.05	-0.19	148_L	[26.7987037  54.80396296  8.42796296]
0.14	 1.28	0.09	-0.38	149_K	[30.34085714 57.32771429  6.762     ]
0.08	 0.94	-0.09	-0.16	149_K	[31.01016667 57.669       7.20283333]
0.06	 0.67	-0.1	-0.14	149_K	[33.19905556 60.86272222  4.9465    ]
0.06	 0.1	-0.15	-0.16	149_K	[33.80341176 60.663       6.77605882]
-0.16	 -0.65	0.03	0.25	149_K	[33.06939394 57.99210606  5.56959091]
-0.03	 -0.09	-0.26	0.02	149_K	[31.70805263 58.43868421  8.04115789]
0.14	 1.17	0.08	-0.28	150_K	[31.8471 60.6334  3.6995]
0.06	 0.87	-0.03	-0.15	150_K	[32.36    61.76925  3.71975]
-0.07	 -0.07	-0.04	0.08	150_K	[30.25805769 63.05019231  2.36236538]
0.02	 -0.36	0.01	-0.09	150_K	[33.005      63.17482353  4.29829412]
0.1	 2.02	0.2	-0.47	152_E	[34.0802 62.7    10.1997]
0.06	 0.21	-0.04	-0.2	152_E	[33.97064706 63.75611765 11.33970588]
0.07	 1.42	0.04	-0.27	152_E	[33.38581818 59.85727273  9.134     ]
0.08	 0.75	-0.02	-0.25	152_E	[31.40572 59.0612  10.97092]
-0.03	 -0.06	-0.04	-0.07	152_E	[33.237625 60.1615   12.389875]
-0.31	 -1.03	0.18	0.46	152_E	[34.65008333 59.27780556 11.73169444]
-0.08	 -0.4	-0.18	0.02	152_E	[32.73858974 61.54579487 13.97694872]
0.01	 0.12	-0.17	-0.06	152_E	[34.1847 61.2104  9.5614]
-0.12	 -0.5	-0.03	0.07	152_E	[31.78468966 58.53634483 10.27858621]
0.12	 1.54	-0.01	-0.28	153_Q	[34.9526 66.1488  9.5552]
-0.15	 -0.47	0.04	0.18	153_Q	[35.01779487 67.2454359   7.63023077]
0.12	 0.85	-0.04	-0.14	153_Q	[34.3205 64.2027  5.0249]
-0.2	 -1.05	0.06	0.34	153_Q	[36.09353846 62.62183077  6.55083077]
-0.02	 0.23	-0.08	0.02	153_Q	[35.25369231 64.20834615  9.31834615]
-0.13	 0.14	-0.1	0.09	153_Q	[35.1102  65.7258   5.83575]
0.1	 0.58	0.07	-0.34	154_Y	[32.411      69.41933333  9.08366667]
-0.09	 -2.47	-0.02	0.04	154_Y	[32.35033333 69.33266667 10.21666667]
-0.08	 0.17	0.06	0.07	154_Y	[29.89216129 69.11664516 11.18158065]
0.07	 1.95	-0.04	-0.21	154_Y	[31.864      69.524       7.57766667]
-0.01	 -0.11	-0.07	0.07	154_Y	[31.84716667 69.34083333  6.41266667]
-0.04	 -0.41	0.02	-0.15	154_Y	[32.7978125 68.294625   5.553    ]
-0.11	 -0.69	0.02	0.08	154_Y	[30.289375  69.9975625  5.5605625]
-0.06	 -0.62	0.0	0.03	154_Y	[33.09211111 67.51        4.21177778]
-0.11	 -0.58	0.05	0.1	154_Y	[30.157      69.8778      4.17153333]
-0.1	 -0.59	0.2	-0.09	154_Y	[31.74085714 68.936       3.64771429]
-0.16	 -0.42	0.04	0.25	154_Y	[30.83975    66.8965625   1.92990625]
-0.07	 0.0	0.05	0.1	154_Y	[33.2118  68.96405  8.21605]
-0.03	 -0.19	-0.04	0.13	154_Y	[30.60415789 69.84521053  8.272     ]
0.01	 -0.5	-0.07	0.02	154_Y	[28.89081818 70.14463636  6.53336364]
-0.06	 -0.11	-0.05	0.07	154_Y	[32.798875   65.83345833  3.57245833]
-0.03	 -0.32	0.03	0.03	154_Y	[28.29747826 69.19121739  3.52821739]
-0.16	 -0.51	-0.01	0.33	154_Y	[29.62341379 68.31827586  1.77193103]
0.02	 0.47	-0.08	-0.07	155_F	[33.79128571 68.40442857 10.64342857]
0.09	 1.0	-0.02	-0.21	155_F	[33.267      68.88716667 11.95633333]
-0.17	 -0.59	0.05	0.25	155_F	[34.67485  67.96345  13.634825]
-0.17	 -0.77	-0.17	0.29	155_F	[34.96956098 65.49782927 13.68839024]
-0.05	 -0.02	-0.09	-0.02	155_F	[30.6        68.55607143 14.35571429]
0.01	 0.09	-0.11	-0.07	155_F	[28.57775    69.09517857 14.53021429]
0.19	 1.44	0.32	-0.56	155_F	[28.34815385 68.80115385 12.08092308]
0.1	 0.97	-0.14	-0.18	155_F	[28.45783333 68.96125    12.95008333]
0.03	 0.35	-0.09	-0.12	155_F	[34.55161905 66.96185714 10.59504762]
-0.07	 -0.06	0.04	0.09	155_F	[32.19805882 68.95258824 12.96994118]
0.23	 1.55	0.28	-0.52	155_F	[32.80935 64.57405 14.10615]
0.1	 0.54	0.11	-0.19	155_F	[31.51263158 67.83021053 15.57421053]
0.15	 0.95	0.1	-0.37	155_F	[28.73955556 68.73583333 16.57211111]
