-0.21	 -0.91	0.13	0.22	36_S	[-5.21298148 34.33333333  7.76203704]
0.11	 1.1	0.19	-0.55	36_S	[-4.2325     32.21666667  7.6565    ]
0.07	 1.33	0.03	-0.29	36_S	[-1.27       34.89957143  6.18571429]
-0.1	 -0.14	0.01	0.09	36_S	[-2.76721053 36.50844737  7.23226316]
0.0	 0.55	0.23	-0.38	36_S	[-3.20186667 33.0317      5.88203333]
0.0	 0.29	-0.16	-0.08	36_S	[-1.61008571 31.62657143  6.48902857]
0.06	 0.75	-0.36	0.08	36_S	[-4.11923077 32.50046154  8.87084615]
-0.31	 -0.88	0.08	0.45	36_S	[-4.6823  32.8956   5.24375]
-0.22	 -0.56	-0.06	0.4	36_S	[-2.09231818 34.02127273  5.01963636]
-0.28	 -0.86	-0.02	0.77	36_S	[-1.88907407 31.28062963  5.24881481]
0.09	 1.04	0.47	-0.82	37_Y	[-0.3172 35.2316  6.7278]
0.02	 0.62	-0.11	-0.14	37_Y	[ 0.56803846 34.15988462  6.52980769]
0.05	 0.41	-0.19	0.0	37_Y	[ 0.78716129 32.04712903  7.49103226]
0.16	 1.42	0.43	-0.65	37_Y	[-3.57172727 34.84872727 10.22618182]
0.05	 0.38	-0.1	-0.07	37_Y	[-0.95655556 38.16944444  8.65      ]
-0.03	 0.52	-0.26	-0.03	37_Y	[-4.16685185 36.09644444 10.30262963]
0.0	 0.11	-0.12	-0.03	37_Y	[-2.16034483 39.33403448 10.55458621]
-0.03	 -1.14	-0.06	0.03	37_Y	[-3.8316 38.211   9.8461]
-0.16	 -0.89	0.06	0.18	37_Y	[-4.92137037 38.72       12.05359259]
-0.04	 0.58	-0.04	-0.04	37_Y	[-0.21245 36.40635  7.17195]
0.04	 0.36	-0.06	0.07	37_Y	[ 0.43736842 38.72063158  9.42963158]
-0.12	 -0.06	-0.05	0.13	37_Y	[-4.31043478 35.77526087 12.30126087]
-0.23	 -0.46	0.04	0.24	37_Y	[-1.53016 40.2942  10.7594 ]
-0.18	 -0.32	0.08	0.33	37_Y	[-3.90345161 40.3223871  11.95254839]
0.1	 1.5	0.15	-0.44	38_Q	[ 1.49125  35.652125  6.524875]
-0.04	 0.03	-0.03	-0.01	38_Q	[ 4.5925     37.42155556  5.70466667]
-0.05	 0.37	-0.02	-0.04	38_Q	[ 4.013      34.64038889  4.27022222]
-0.2	 -0.83	0.07	0.3	38_Q	[ 2.64457447 35.00553191  4.03457447]
-0.11	 0.2	-0.02	-0.15	38_Q	[ 5.56173333 33.95986667  4.22813333]
0.07	 0.52	-0.06	-0.18	38_Q	[ 1.85204 36.81432  7.77604]
0.13	 1.21	-0.01	-0.24	38_Q	[ 2.74225    33.23183333  6.167     ]
0.13	 0.81	0.09	-0.38	38_Q	[ 4.72130769 37.45107692  7.93730769]
-0.15	 -0.59	0.01	0.22	38_Q	[ 3.10814286 37.1757619   5.91985714]
-0.11	 0.09	-0.01	0.1	38_Q	[ 6.24642424 36.813       5.8220303 ]
0.12	 1.01	-0.06	-0.22	38_Q	[ 6.7796 34.8138  4.8605]
-0.18	 -0.33	-0.01	0.24	38_Q	[ 5.31891429 32.90625714  3.95562857]
-0.1	 -0.25	-0.17	0.08	39_P	[ 5.17815 29.1177   8.1889 ]
0.02	 0.4	-0.21	-0.02	39_P	[ 5.64927273 31.43972727  6.04227273]
0.16	 0.47	-0.03	-0.21	39_P	[ 5.0715625 29.3934375 10.55875  ]
-0.1	 0.04	-0.05	0.14	39_P	[ 6.60805556 29.5965      7.48488889]
-0.07	 0.03	-0.0	0.01	39_P	[ 3.45479412 30.09170588  9.01623529]
0.13	 1.11	0.09	-0.35	39_P	[ 6.40354545 31.972       5.78754545]
-0.05	 0.16	0.03	-0.1	39_P	[ 3.62309524 31.74080952  6.42652381]
0.01	 -0.13	-0.08	-0.06	46_P	[15.44852632 42.26494737 32.16568421]
0.09	 1.61	0.11	-0.42	46_P	[15.574  40.4868 32.7232]
0.03	 0.02	-0.08	-0.03	46_P	[16.84155556 41.86144444 31.08944444]
-0.1	 0.1	-0.15	0.12	46_P	[13.76275862 42.1437931  32.17013793]
0.03	 0.36	0.02	-0.18	46_P	[16.4503913  39.44843478 31.83495652]
0.18	 1.42	0.28	-0.56	46_P	[12.9952 40.6088 32.1672]
0.12	 1.35	0.37	-0.6	47_Q	[15.324      44.44133333 30.91077778]
-0.02	 0.18	0.01	-0.07	47_Q	[17.6199375  44.02653125 30.75428125]
0.09	 0.16	-0.12	-0.12	47_Q	[16.588    47.645375 30.344625]
-0.02	 0.33	-0.04	-0.02	47_Q	[15.512      49.03688889 30.34644444]
-0.11	 -0.49	-0.12	0.19	47_Q	[13.3535     49.09286842 31.19547368]
0.07	 0.57	-0.03	-0.15	47_Q	[16.2092 50.0244 28.7587]
0.08	 0.6	-0.04	-0.11	47_Q	[13.32152174 44.49986957 30.64421739]
0.16	 1.25	0.08	-0.29	47_Q	[15.96645455 46.49081818 27.19490909]
-0.18	 -0.19	0.01	0.24	47_Q	[15.53822727 46.70022727 31.0455    ]
-0.04	 -0.4	-0.28	0.08	47_Q	[17.02616667 48.03544444 29.20344444]
0.08	 0.63	-0.03	-0.27	47_Q	[14.37911111 47.15727778 26.92844444]
0.13	 -0.16	-0.06	-0.19	47_Q	[12.73847826 46.61473913 30.32134783]
0.1	 0.63	-0.0	-0.26	47_Q	[15.30229032 48.81090323 26.91232258]
0.06	 0.38	-0.08	-0.04	47_Q	[15.0735 51.2327 28.9425]
0.11	 1.66	0.14	-0.43	48_N	[18.396125 46.890375 28.324   ]
0.03	 1.17	-0.04	-0.21	48_N	[19.3934 46.7912 28.0774]
0.1	 0.92	0.12	-0.37	48_N	[20.21303846 43.41465385 28.76961538]
0.11	 1.25	0.07	-0.31	48_N	[21.96535294 43.42611765 27.00788235]
0.02	 0.13	0.03	-0.21	48_N	[19.731      46.42915385 30.40461538]
-0.14	 -0.43	-0.13	0.13	48_N	[21.61875  47.382    30.334875]
-0.23	 -0.62	0.13	0.26	48_N	[22.24189474 46.82352632 28.20339474]
-0.09	 -0.23	-0.01	0.08	48_N	[22.44982353 46.08623529 31.65605882]
-0.12	 -0.32	-0.04	0.15	48_N	[17.72155172 46.00034483 26.97548276]
-0.13	 -0.32	-0.06	0.13	48_N	[20.04595455 45.98327273 27.0315    ]
-0.16	 -0.72	-0.1	0.25	48_N	[18.98607407 47.00348148 30.18714815]
-0.09	 0.04	-0.03	-0.13	48_N	[19.85745 44.1242  30.8685 ]
-0.17	 -0.43	0.05	0.28	48_N	[23.79651613 45.92419355 30.82209677]
-0.14	 -0.11	0.01	0.14	48_N	[21.70484615 44.78746154 31.84534615]
0.14	 1.47	0.33	-0.58	49_S	[19.28733333 41.94975    29.27475   ]
0.14	 1.16	0.2	-0.46	49_S	[18.458625   41.02325    29.63004167]
0.13	 1.3	0.18	-0.48	50_G	[21.59934375 42.4254375  24.344375  ]
0.04	 0.27	-0.07	-0.15	50_G	[19.0745     43.58680769 25.54976923]
-0.05	 0.17	-0.21	0.09	50_G	[21.45005714 43.155      23.96422857]
0.09	 1.19	0.35	-0.61	51_K	[19.05728571 43.16085714 22.96242857]
0.02	 0.58	0.0	-0.21	51_K	[15.719      44.173      24.65733333]
0.13	 0.76	0.02	-0.26	51_K	[18.07769231 43.08392308 23.74192308]
0.16	 1.01	0.16	-0.4	51_K	[16.3538     43.70193333 22.61246667]
0.09	 0.73	0.06	-0.26	51_K	[14.61136364 44.55284848 22.85690909]
0.08	 0.59	0.01	-0.11	51_K	[15.506375  44.9011875 25.6365625]
0.11	 1.1	-0.01	-0.18	51_K	[16.697      43.69847368 25.088     ]
0.19	 1.32	0.62	-1.0	52_T	[18.2237 46.3295 20.8798]
0.07	 0.56	0.08	-0.21	52_T	[16.46404762 45.77209524 21.03219048]
0.04	 0.47	-0.06	-0.14	52_T	[17.7305     46.86483333 17.11483333]
0.04	 0.4	-0.11	-0.05	52_T	[18.41565385 44.02992308 22.00996154]
0.01	 0.44	-0.12	-0.03	52_T	[19.41722727 46.3265     20.8495    ]
-0.05	 0.02	0.02	0.06	52_T	[18.44451724 48.24117241 18.62706897]
0.14	 0.61	-0.04	-0.21	52_T	[20.07955556 46.68766667 16.77488889]
0.13	 0.67	0.07	-0.31	53_S	[23.92829412 42.97020588 20.71158824]
-0.13	 0.07	0.16	0.15	53_S	[23.80953571 44.79746429 21.2035    ]
0.21	 1.55	0.22	-0.47	53_S	[20.11091667 44.053      21.44616667]
0.05	 0.71	-0.15	-0.18	53_S	[25.01111765 42.74817647 20.08435294]
-0.0	 0.23	-0.09	-0.12	53_S	[21.64233333 44.74661905 21.90590476]
0.02	 -1.86	-0.19	-0.04	55_L	[16.4965 43.1225 11.8045]
0.17	 1.44	0.18	-0.43	55_L	[15.43415789 42.88884211 11.49063158]
0.14	 1.08	0.03	-0.26	55_L	[17.8386087  43.33321739 12.41878261]
0.01	 0.37	-0.09	-0.07	56_T	[20.56512903 45.72577419 15.24532258]
0.1	 1.34	-0.13	-0.11	56_T	[22.8365  46.06825 13.933  ]
0.07	 0.41	0.0	-0.21	56_T	[20.38068182 43.73118182 12.80045455]
0.17	 1.1	0.14	-0.38	56_T	[23.23823077 46.14676923 14.95507692]
0.08	 0.4	-0.04	-0.12	56_T	[22.41922727 45.26218182 12.53518182]
0.16	 1.19	0.09	-0.35	57_L	[27.70408333 37.03783333 13.37283333]
0.04	 0.43	-0.07	-0.14	58_L	[22.37297143 36.85928571  9.31082857]
0.19	 0.89	0.07	-0.31	58_L	[20.32971875 33.20390625 12.88765625]
0.05	 0.73	0.1	-0.05	59_T	[20.11266667 39.517       8.088     ]
0.13	 0.79	0.0	-0.27	59_T	[23.2135     38.92327778  8.43194444]
-0.2	 -0.59	0.05	0.21	59_T	[21.61932353 40.51205882  7.18552941]
0.04	 0.57	-0.03	-0.11	59_T	[19.513  41.6294  8.8974]
0.01	 0.16	-0.06	-0.05	59_T	[19.71884211 42.86057895 10.77952632]
0.03	 1.14	-0.08	-0.09	59_T	[17.38411111 40.60955556  8.69833333]
0.03	 0.46	0.18	-0.48	59_T	[20.0708125 38.8070625  8.2230625]
-0.13	 -0.55	-0.04	0.26	59_T	[19.37277273 41.45168182  8.314     ]
0.02	 0.22	-0.03	-0.09	59_T	[17.13357143 41.7287619  10.08585714]
0.02	 0.33	-0.03	-0.11	59_T	[18.03558824 38.98594118  8.37123529]
0.15	 1.74	0.01	-0.3	60_T	[25.6918 40.3074  7.435 ]
-0.04	 0.1	-0.08	0.04	60_T	[26.91754054 42.27964865  8.06556757]
0.07	 0.47	0.06	0.05	60_T	[24.25833333 43.312       7.75033333]
0.0	 0.68	-0.05	-0.07	60_T	[22.05945714 44.24182857  9.42154286]
-0.01	 -0.1	-0.02	-0.01	60_T	[24.00256522 41.4403913   7.25452174]
0.03	 -0.09	-0.03	0.17	60_T	[24.73566667 43.75855556  7.83633333]
-0.01	 -0.5	-0.06	0.06	60_T	[22.54741667 45.42616667 10.24775   ]
-0.17	 -0.92	0.06	0.36	60_T	[22.14690909 43.61377273  7.83731818]
0.09	 1.22	-0.05	-0.25	60_T	[21.29757143 43.615      10.68928571]
0.16	 1.39	0.31	-0.56	61_D	[28.7118 40.9742  9.5354]
0.01	 0.11	-0.08	-0.03	61_D	[30.17315 40.5276  10.45445]
0.02	 0.99	0.09	-0.24	61_D	[28.52775   38.146125   8.7775625]
0.0	 0.26	0.09	-0.12	61_D	[26.32614286 37.19514286  8.07209524]
-0.13	 -0.06	-0.16	0.13	61_D	[25.93721277 35.91812766  9.79855319]
-0.26	 -0.85	0.05	0.38	61_D	[25.99585714 38.07095238  6.77371429]
0.15	 1.19	0.19	-0.48	61_D	[27.38819048 37.54252381 11.56819048]
-0.13	 -0.4	-0.08	0.2	61_D	[28.35233333 39.81244444  7.93733333]
-0.14	 -0.09	-0.23	0.15	61_D	[29.3338125  37.8620625   9.83421875]
0.02	 0.35	-0.08	-0.05	62_S	[29.6742     43.39806667 10.8464    ]
-0.05	 -0.13	0.02	0.12	62_S	[29.59207143 44.55896429 12.08560714]
-0.03	 -0.14	0.0	0.04	62_S	[28.772   42.98005  9.70295]
0.09	 1.28	0.3	-0.55	63_V	[28.97942857 46.11257143 17.28585714]
-0.1	 -0.21	-0.04	0.14	63_V	[29.82471429 46.14117143 15.80157143]
0.02	 0.47	-0.16	0.07	63_V	[30.734      42.58533333 17.84033333]
-0.02	 0.08	-0.06	-0.07	63_V	[29.08387097 44.26825806 19.44064516]
0.1	 -1.01	-0.1	-0.14	63_V	[30.7212 40.6619 16.503 ]
0.1	 0.49	-0.06	-0.14	63_V	[30.37881818 42.97445455 14.18286364]
-0.18	 -0.37	0.04	0.09	63_V	[30.815      43.28763158 16.71384211]
-0.06	 -0.13	-0.08	0.03	63_V	[30.4183  42.8886  19.64295]
-0.13	 -0.42	-0.1	0.15	63_V	[28.77043478 45.44613043 18.56513043]
0.08	 0.46	-0.06	-0.22	63_V	[26.75142857 43.49053571 19.04171429]
0.13	 0.89	0.09	-0.33	63_V	[30.80205556 41.11822222 17.93466667]
0.1	 1.24	0.25	-0.52	64_R	[28.49385714 46.93585714 17.27771429]
0.02	 -0.01	-0.13	0.03	64_R	[27.764      47.62876923 18.39015385]
0.0	 -0.32	-0.21	-0.05	64_R	[25.4896875  46.36509375 19.02746875]
0.05	 1.79	-0.04	-0.18	64_R	[24.77511111 48.425      14.63711111]
0.1	 1.1	0.03	-0.25	64_R	[27.5256 48.5744 13.8416]
0.04	 0.47	-0.05	-0.19	64_R	[25.4265     48.55064286 12.81435714]
0.02	 0.79	0.06	-0.11	64_R	[27.641375 47.815375 11.3365  ]
-0.09	 -0.47	-0.04	0.07	64_R	[26.55671429 48.01407143  9.69057143]
-0.09	 -0.48	-0.09	0.14	64_R	[24.23105556 48.01072222  9.83872222]
-0.09	 0.18	0.07	-0.03	64_R	[27.253      46.32282353  8.61352941]
0.22	 1.43	0.38	-0.61	64_R	[25.57852174 44.6806087  17.58973913]
0.11	 0.2	-0.21	-0.08	64_R	[28.96866667 47.8006     15.8908    ]
0.11	 0.21	0.03	-0.23	64_R	[24.13623529 47.39988235 15.55994118]
0.01	 -0.3	-0.18	0.04	64_R	[25.56344444 49.41944444 14.84677778]
-0.03	 -0.03	0.06	-0.05	64_R	[28.16666667 47.83916667 13.6155    ]
0.0	 -0.28	-0.0	-0.06	64_R	[24.0631875 47.3364375 13.1053125]
-0.26	 -0.63	-0.02	0.37	64_R	[26.39845455 49.24113636 12.73872727]
-0.01	 0.13	0.04	0.11	64_R	[28.31733333 46.604      11.37433333]
-0.08	 -0.21	0.02	0.17	64_R	[23.70433333 47.602      11.10175   ]
-0.18	 -0.58	0.07	0.32	64_R	[23.98456522 47.16508696  8.6333913 ]
-0.11	 -0.47	-0.08	0.23	64_R	[28.097   45.52515  9.28395]
-0.17	 -0.6	0.12	0.27	64_R	[25.987      45.63483333  7.76620833]
0.1	 1.73	-0.0	-0.25	65_P	[28.14683333 48.99383333 18.4485    ]
0.05	 0.87	0.0	-0.29	65_P	[27.790625 49.127    19.099875]
0.08	 0.66	0.04	-0.26	65_P	[23.80626667 51.4556     19.073     ]
-0.08	 -0.27	-0.05	0.09	65_P	[23.811675 50.198525 16.856525]
-0.0	 -0.46	-0.05	-0.02	65_P	[26.40344444 51.95611111 19.55788889]
-0.11	 -0.05	-0.06	0.11	65_P	[28.6326     51.96626667 17.54733333]
-0.01	 1.21	-0.05	-0.09	65_P	[28.44829412 49.57276471 16.20135294]
-0.09	 -0.47	-0.06	0.16	65_P	[26.81584211 49.19421053 20.13363158]
-0.16	 -0.52	-0.03	0.23	65_P	[25.47323077 52.21465385 18.36288462]
-0.31	 -0.7	-0.11	0.51	65_P	[26.89959091 51.69622727 20.26909091]
-0.26	 -0.66	0.13	0.38	65_P	[27.96543478 52.5146087  16.84278261]
-0.21	 -0.99	0.14	0.37	65_P	[29.13717391 50.79734783 18.86647826]
-0.1	 -0.07	0.04	0.04	65_P	[26.93456 50.49404 15.36132]
-0.16	 -0.6	-0.08	0.2	65_P	[29.10154167 49.203625   16.416625  ]
0.09	 1.48	0.07	-0.4	66_T	[23.097  51.3552 19.2044]
0.06	 0.91	-0.0	-0.25	66_T	[22.43676923 51.19       21.06553846]
-0.12	 -0.27	-0.11	0.12	66_T	[23.59305128 51.10261538 22.34197436]
0.09	 1.18	0.31	-0.52	66_T	[20.482875 48.701375 18.92175 ]
-0.03	 -0.05	-0.04	-0.06	66_T	[23.60047826 47.4033913  21.41547826]
0.0	 0.3	0.04	-0.13	66_T	[24.99566667 49.289      20.94116667]
-0.0	 -0.3	-0.06	-0.07	66_T	[21.74785185 50.918      18.97903704]
0.16	 1.42	0.22	-0.47	66_T	[20.07391667 48.49083333 20.3755    ]
-0.2	 -0.21	-0.07	0.11	66_T	[21.55892857 47.87328571 22.31342857]
0.07	 0.19	-0.02	-0.14	66_T	[21.76526667 47.75403333 17.30183333]
0.11	 1.42	0.31	-0.61	67_V	[20.98928571 49.96085714 22.81914286]
0.04	 -0.07	-0.14	-0.0	67_V	[19.4753 49.8942 23.3578]
0.11	 0.48	0.05	-0.24	67_V	[18.13807843 49.73007843 21.22801961]
0.03	 0.55	-0.09	0.09	67_V	[20.409      54.14583333 23.25733333]
-0.18	 -0.89	-0.02	0.2	67_V	[22.4636087  54.70478261 21.9646087 ]
-0.12	 -0.62	0.02	0.15	67_V	[19.0479     54.07253333 20.26566667]
0.07	 0.54	-0.04	-0.03	67_V	[19.70557143 50.772      19.81357143]
-0.04	 0.01	-0.11	0.03	67_V	[20.88362963 51.59148148 23.99296296]
-0.08	 0.03	-0.0	0.08	67_V	[19.18956522 53.96008696 23.45956522]
-0.19	 -0.55	0.16	0.27	67_V	[21.50462963 55.58140741 21.85266667]
-0.21	 -0.92	0.16	0.39	67_V	[22.59431579 53.71968421 23.57463158]
-0.09	 -0.32	-0.07	0.27	67_V	[22.85908 53.32384 20.5698 ]
-0.24	 -1.25	0.27	0.43	67_V	[19.46715789 55.46015789 20.94410526]
-0.19	 -0.89	0.06	0.21	67_V	[20.50677778 53.31361111 19.46983333]
-0.13	 -0.6	-0.16	0.15	67_V	[17.82983333 53.30016667 20.72377778]
0.11	 0.4	-0.12	-0.13	68_V	[19.05233333 50.92333333 24.92366667]
-0.03	 0.2	-0.13	-0.02	68_V	[15.83771111 53.09442222 22.06795556]
0.09	 0.63	-0.06	0.08	68_V	[16.01666667 53.38       26.195     ]
0.01	 0.1	-0.16	-0.08	68_V	[13.51616129 52.22609677 25.51564516]
-0.13	 -0.58	0.0	0.15	68_V	[17.89496296 51.66633333 27.47448148]
0.01	 0.19	-0.25	-0.01	68_V	[19.03936364 53.142      24.65754545]
-0.04	 -0.07	0.12	-0.06	68_V	[17.33261111 49.61377778 24.76794444]
-0.19	 -0.16	0.08	0.0	68_V	[16.44210526 53.59626316 25.02694737]
-0.21	 -0.96	-0.24	0.43	68_V	[14.03917647 52.58470588 26.98205882]
0.08	 0.86	-0.08	-0.25	68_V	[14.39157143 53.08042857 24.24714286]
0.19	 1.32	0.06	-0.34	68_V	[14.0230625 49.694     25.6206875]
-0.19	 -0.61	0.06	0.26	68_V	[16.62936842 52.75221053 27.72094737]
-0.15	 -0.04	-0.37	0.41	68_V	[17.45459091 49.821      27.18168182]
-0.2	 -0.94	0.07	0.25	68_V	[18.89695238 52.37057143 26.2717619 ]
0.2	 1.36	0.24	-0.49	69_S	[12.38851064 50.07046809 24.3776383 ]
0.1	 0.91	0.51	-0.88	69_S	[14.58306667 47.83386667 20.56786667]
0.08	 0.62	-0.08	-0.14	69_S	[15.90067442 47.81904651 20.58665116]
-0.06	 -0.03	-0.07	-0.03	69_S	[15.53086957 48.8093913  23.45508696]
-0.05	 0.22	-0.05	0.04	69_S	[14.962      51.08668421 20.24094737]
0.16	 0.87	0.09	-0.32	69_S	[14.02905 46.8418  22.1713 ]
0.08	 0.76	0.04	-0.24	69_S	[13.46609677 48.20745161 19.53141935]
0.13	 0.93	0.01	-0.22	70_Q	[ 7.67829167 51.94783333 21.83933333]
0.04	 4.84	-0.0	-0.18	70_Q	[ 9.97683333 54.14266667 19.9705    ]
0.01	 0.42	-0.11	-0.11	70_Q	[12.56263636 54.05436364 23.37509091]
-0.06	 -0.19	-0.04	0.07	70_Q	[11.25418182 55.83554545 22.16086364]
-0.36	 -1.06	0.17	0.51	70_Q	[12.75       56.36039394 21.37039394]
-0.15	 -0.95	-0.04	0.17	70_Q	[ 9.796125   56.28970833 22.975125  ]
-0.02	 -0.13	0.03	-0.03	70_Q	[13.01452632 52.16094737 20.02636842]
-0.12	 -0.21	-0.08	0.1	70_Q	[11.31584 53.78804 19.69928]
0.06	 0.09	-0.03	-0.13	70_Q	[ 8.96604545 53.47536364 21.55272727]
-0.02	 0.22	-0.13	0.03	70_Q	[11.15779167 53.45654167 24.08875   ]
0.07	 0.67	-0.09	-0.25	70_Q	[13.28642308 53.84846154 22.51807692]
-0.25	 -0.55	-0.1	0.44	70_Q	[ 9.03770833 55.071125   23.42529167]
-0.3	 -0.94	0.24	0.52	70_Q	[10.06736 57.55036 22.30552]
0.12	 1.42	0.34	-0.59	71_E	[10.7762 51.7119 18.5655]
0.08	 0.39	-0.01	-0.19	71_E	[12.17137143 47.73717143 17.94425714]
-0.03	 -0.93	-0.1	0.01	71_E	[ 9.31142857 50.36071429 15.636     ]
-0.09	 -0.25	-0.11	0.07	71_E	[ 8.61364286 52.94621429 17.1935    ]
-0.11	 -0.84	0.04	0.04	71_E	[ 5.92516667 51.7065     16.97083333]
-0.07	 -0.01	0.01	-0.05	71_E	[ 5.80946667 49.78133333 17.38073333]
-0.16	 -0.58	0.05	0.2	71_E	[ 6.00877083 52.97325    18.76460417]
0.09	 0.72	-0.05	-0.18	71_E	[11.85935 50.73185 18.7424 ]
-0.14	 -0.08	0.13	-0.04	71_E	[10.47035 51.0181  16.6555 ]
0.02	 -0.23	0.03	-0.07	71_E	[ 7.97455556 50.18838889 15.88522222]
-0.03	 0.2	-0.16	0.0	71_E	[ 9.36785714 53.22728571 18.55309524]
-0.35	 -0.83	0.21	0.52	71_E	[ 8.34735294 52.96176471 16.20705882]
0.18	 1.5	0.1	-0.38	72_P	[11.929625 47.58075  15.953   ]
-0.11	 -0.35	-0.09	0.07	72_P	[10.11339024 47.55695122 14.70873171]
0.1	 0.84	-0.02	-0.27	72_P	[ 6.0178 46.5308 17.468 ]
0.08	 2.16	0.01	-0.2	72_P	[ 6.07366667 47.88355556 17.50566667]
0.05	 0.5	-0.07	-0.14	72_P	[ 7.84005556 45.11877778 15.2595    ]
-0.09	 -0.05	0.01	0.02	72_P	[ 5.96826471 45.44432353 16.92744118]
-0.09	 -0.18	0.01	0.02	72_P	[ 7.20052941 47.66394118 15.96988235]
-0.1	 -0.44	-0.03	0.15	73_L	[14.66911111 46.99422222 11.95940741]
0.08	 0.65	0.05	-0.22	73_L	[17.54061111 46.42094444 14.40605556]
0.06	 -0.24	-0.14	-0.08	73_L	[12.1021875 46.9078125 13.6613125]
0.04	 0.46	-0.06	-0.12	73_L	[13.56508333 46.72983333 16.21863889]
-0.16	 -0.42	0.05	0.14	73_L	[15.65673333 45.53073333 11.62576667]
-0.03	 -0.45	-0.1	0.15	73_L	[13.25407692 46.49184615 11.81546154]
-0.21	 -1.18	0.13	0.36	73_L	[14.77775 47.90375 13.54915]
-0.05	 -0.52	-0.1	0.01	73_L	[17.8382381  45.46319048 13.38047619]
-0.07	 -0.07	-0.14	0.06	73_L	[16.54126316 47.05273684 15.26989474]
0.13	 1.6	0.18	-0.47	74_S	[11.27       42.83357143  9.221     ]
-0.11	 -0.33	-0.06	0.15	74_S	[13.13451282 43.99997436  9.75964103]
-0.1	 -0.19	-0.17	0.13	74_S	[ 8.8066 42.4996 10.4407]
0.01	 0.11	-0.1	-0.01	74_S	[ 8.05305263 42.237      12.60826316]
0.1	 0.61	0.03	-0.14	74_S	[11.15044444 45.5075     12.13722222]
-0.2	 -1.05	0.11	0.32	74_S	[ 9.63189474 43.92078947 10.17931579]
0.13	 0.81	-0.22	-0.43	74_S	[ 9.4846     41.67446667  9.57693333]
-0.16	 -0.3	0.1	0.1	74_S	[ 8.53096154 44.32742308 12.84769231]
0.05	 0.89	0.12	-0.34	75_A	[13.787      40.72216667  7.5115    ]
0.15	 1.22	0.24	-0.51	75_A	[13.662625 40.084375  7.181125]
-0.01	 0.56	0.03	-0.16	75_A	[15.73128571 41.03171429  8.68257143]
-0.13	 0.14	-0.11	0.11	75_A	[13.6583  41.9655   7.91755]
0.03	 -0.09	-0.08	-0.05	75_A	[15.35356667 39.53756667  7.82586667]
0.15	 0.39	0.11	-0.27	75_A	[15.15554545 41.97581818  9.77145455]
0.07	 1.28	0.09	-0.38	76_A	[13.04628571 40.399       6.61057143]
-0.07	 -0.21	-0.0	0.11	76_A	[13.2111     39.2259      5.13806667]
-0.09	 -0.19	-0.02	0.08	76_A	[ 9.22551724 40.54658621  5.42148276]
-0.03	 -0.04	-0.03	0.01	76_A	[11.49738095 41.75095238  7.47828571]
-0.15	 -0.16	-0.0	0.17	76_A	[ 8.46425    38.89045833  5.53391667]
-0.08	 -0.45	0.69	0.98	76_A	[ 8.91761765 41.00426471  7.56997059]
-0.18	 -0.72	0.06	0.28	76_A	[10.68507407 40.84911111  4.82192593]
0.05	 0.11	0.02	-0.08	77_D	[14.30595238 36.53619048  3.31666667]
0.0	 0.64	0.02	-0.19	77_D	[10.73586667 38.37113333  3.2826    ]
-0.1	 -0.33	-0.05	0.13	77_D	[ 9.89109091 35.28490909  1.71072727]
-0.01	 -0.01	-0.07	-0.03	77_D	[10.80057895 33.17978947  1.79884211]
-0.22	 -0.72	0.11	0.32	77_D	[11.64545238 36.18990476  0.7015    ]
0.16	 0.96	0.1	-0.35	77_D	[ 9.02276667 36.5023      5.88526667]
-0.12	 -0.09	-0.03	0.12	77_D	[ 9.66544444 37.04051852  3.483     ]
-0.1	 -0.75	0.01	0.12	77_D	[12.03288889 38.32983333  3.137     ]
0.07	 0.67	0.03	-0.24	78_Y	[17.52754545 37.15836364  7.41772727]
0.07	 1.12	0.05	-0.34	78_Y	[19.04231579 36.79473684  7.88105263]
-0.05	 0.24	-0.26	0.01	78_Y	[20.9915     33.69203333 10.1332    ]
0.15	 0.14	0.11	-0.26	78_Y	[15.35447368 37.38663158  6.24294737]
0.09	 0.54	0.0	-0.18	78_Y	[16.631  37.9027  7.7157]
0.11	 0.34	-0.2	-0.2	78_Y	[19.97285714 37.19985714  8.42228571]
0.07	 0.77	0.02	-0.22	78_Y	[18.54038235 31.95202941 10.30217647]
0.09	 0.86	-0.02	-0.24	78_Y	[21.45192857 34.92664286  9.44021429]
0.07	 0.49	0.22	-0.57	79_D	[17.7338 33.9978  3.2508]
-0.03	 0.04	-0.05	-0.04	79_D	[17.15538462 33.33715385  2.01384615]
-0.14	 -0.44	0.02	0.12	79_D	[16.878175 30.997     3.15735 ]
0.06	 0.65	-0.01	-0.22	79_D	[17.95765217 31.274       5.68252174]
-0.21	 -0.73	-0.04	0.2	79_D	[20.4511 32.8226  5.2509]
-0.14	 -0.49	0.01	0.2	79_D	[20.31571875 34.72534375  6.30215625]
-0.21	 -0.75	0.04	0.3	79_D	[20.06913333 31.75066667  7.37416667]
0.04	 0.39	0.04	-0.02	79_D	[17.28886364 36.09313636  5.27963636]
-0.18	 -0.29	-0.03	0.21	79_D	[18.58471429 34.47395238  3.6892381 ]
0.11	 0.89	-0.12	-0.2	79_D	[16.84825  30.92075   6.153375]
-0.32	 -0.01	0.03	0.36	79_D	[18.87546154 31.25107692  4.59092308]
-0.11	 -0.69	-0.07	0.1	80_G	[16.2205     34.52166667  2.114     ]
-0.09	 -0.52	-0.09	0.1	80_G	[14.79693333 33.4478      0.71426667]
0.09	 1.01	-0.17	-0.14	80_G	[14.8115 30.5541  2.3595]
-0.23	 -0.8	0.08	0.33	80_G	[12.79291667 30.70433333  1.25336111]
0.01	 0.43	-0.03	-0.03	80_G	[15.46635714 35.31207143  2.66714286]
-0.02	 -0.14	-0.01	0.0	80_G	[13.61113043 34.09008696  0.97804348]
-0.19	 -0.82	0.07	0.35	80_G	[15.49371429 32.2342381   0.64114286]
0.07	 1.12	0.13	-0.36	81_S	[13.59075    29.70758333  4.14233333]
0.06	 0.64	-0.06	-0.09	81_S	[10.53869231 30.57969231  3.11869231]
-0.12	 -0.13	0.03	0.13	81_S	[10.04841463 29.49985366  5.18973171]
-0.06	 -0.21	-0.14	0.02	81_S	[13.94733333 28.9475      5.867     ]
-0.14	 -0.45	0.08	0.05	81_S	[13.11945833 29.2675      3.77      ]
0.01	 0.65	-0.1	-0.09	81_S	[12.91784615 28.51346154  6.08953846]
0.06	 0.22	0.01	-0.11	81_S	[15.277125   30.06116667  5.67533333]
0.11	 2.21	-0.0	-0.22	82_G	[10.69166667 31.65533333  2.72666667]
-0.01	 0.89	-0.04	-0.02	82_G	[ 8.42523077 32.39430769  3.24023077]
0.16	 1.49	0.28	-0.54	82_G	[ 8.65166667 32.85980952  5.61      ]
0.18	 1.01	0.15	-0.41	82_G	[ 7.79505882 34.80982353  5.698     ]
-0.05	 -0.03	-0.25	0.11	82_G	[ 8.42090909 33.83686364  3.54695455]
-0.18	 -0.5	-0.26	0.29	82_G	[ 7.87396296 31.56562963  4.45244444]
0.1	 0.73	-0.02	-0.26	83_V	[ 9.75741379 29.32110345  7.74958621]
0.14	 1.24	0.2	-0.46	83_V	[ 8.40233333 29.46233333  8.30488889]
0.13	 0.26	0.17	-0.31	84_T	[ 6.76125    38.46072222  8.33697222]
0.07	 0.21	2.06	-0.04	84_T	[ 7.64808333 39.75208333 10.79447222]
0.16	 1.29	0.09	-0.36	86_V	[ 7.59825    40.21458333 12.88775   ]
0.11	 0.69	-0.01	-0.22	86_V	[ 7.091425 42.11685  15.22285 ]
0.1	 1.15	-0.04	-0.2	86_V	[ 6.99385714 40.45542857 13.74757143]
0.16	 0.94	0.2	-0.32	87_D	[14.54292308 45.65171795 18.59010256]
0.08	 1.39	0.13	-0.39	88_F	[ 5.0426 43.0513 17.422 ]
0.12	 0.76	0.06	-0.41	88_F	[ 5.83586667 42.75886667 16.9802    ]
0.05	 -0.02	-0.13	-0.07	88_F	[ 4.42542105 43.62810526 18.19163158]
0.06	 0.66	-0.18	-0.14	88_F	[ 5.21009091 41.92154545 16.51218182]
0.15	 1.04	-0.05	-0.27	89_P	[13.4503 46.0029 23.3416]
0.17	 0.92	0.45	-0.67	90_G	[11.365  45.8907 30.1832]
0.12	 0.75	-0.04	-0.17	90_G	[13.34339286 46.4955     24.79682143]
0.03	 0.85	-0.01	-0.33	91_H	[10.5124 50.872  26.7136]
0.0	 0.68	-0.07	-0.08	91_H	[10.191   51.531   27.81025]
0.12	 2.92	0.05	-0.28	91_H	[ 8.72725  51.883375 28.432875]
-0.07	 0.15	0.41	-0.03	91_H	[11.85974074 51.50085185 29.76137037]
-0.14	 -0.71	-0.04	0.03	91_H	[ 9.3754  52.57792 30.91036]
0.01	 1.32	-0.06	-0.02	91_H	[10.95492308 52.25330769 31.09484615]
0.22	 1.57	0.31	-0.55	91_H	[12.19503846 48.30153846 26.13434615]
0.2	 1.0	0.22	-0.44	91_H	[11.843      50.63018182 26.78222727]
0.01	 0.47	-0.08	-0.06	91_H	[13.294      51.69036364 29.39272727]
-0.09	 -0.28	-0.02	0.16	91_H	[ 8.3376  52.68755 31.70715]
-0.43	 -1.07	0.35	0.62	91_H	[11.5202  53.0115  31.64675]
0.13	 1.46	0.07	-0.36	92_V	[ 5.57525  48.543375 31.78875 ]
-0.17	 -0.43	-0.05	0.16	92_V	[ 4.5478     47.03546667 30.6956    ]
0.03	 0.42	-0.18	0.1	92_V	[ 7.17966667 47.55633333 34.254     ]
-0.12	 -0.74	-0.03	0.17	92_V	[ 9.42891667 46.18916667 34.16170833]
-0.1	 -0.09	-0.06	0.09	92_V	[ 8.4015     49.85242308 33.63088462]
0.15	 0.7	-0.18	-0.11	92_V	[10.93053333 47.6525     31.30596667]
-0.05	 0.2	0.04	-0.03	92_V	[ 6.45339394 46.65584848 32.95915152]
-0.23	 -1.03	0.46	0.56	92_V	[ 8.9647619  46.58680952 34.99457143]
-0.06	 0.22	-0.48	0.08	92_V	[ 8.47061111 44.59238889 33.70788889]
-0.07	 -0.57	-0.15	0.17	92_V	[10.60133333 46.7085     32.6445    ]
-0.26	 -0.75	0.15	0.35	92_V	[ 8.15234783 48.9296087  34.70552174]
-0.01	 -0.22	0.02	-0.04	92_V	[10.12       49.4892381  32.67571429]
0.0	 0.68	-0.03	-0.19	92_V	[ 6.50357143 49.77847619 32.72452381]
0.07	 1.36	0.38	-0.74	93_K	[ 3.8674 50.7244 29.5704]
0.14	 1.72	0.11	-0.36	93_K	[ 3.8915    48.3716875 28.370125 ]
-0.13	 -0.26	-0.09	0.13	93_K	[ 3.21559091 50.3765     27.83486364]
0.01	 1.62	0.04	-0.17	93_K	[ 5.2255625 52.219     29.1415625]
-0.2	 -0.77	0.08	0.28	93_K	[ 5.59832759 52.4322931  31.60389655]
-0.14	 0.08	0.01	0.16	93_K	[ 4.35       49.54405263 30.77989474]
0.04	 0.29	-0.07	0.01	93_K	[ 7.24771429 52.35492857 28.51214286]
-0.19	 -0.24	-0.07	0.22	93_K	[ 4.83995833 52.41433333 28.45591667]
0.1	 0.26	-0.26	-0.05	94_L	[ 7.99933333 51.85966667 25.953     ]
0.13	 1.13	-0.01	-0.27	94_L	[10.401      50.93425    25.28733333]
-0.08	 -0.54	-0.18	0.1	94_L	[ 5.54669565 52.141      24.82169565]
0.13	 0.84	0.06	-0.31	94_L	[ 8.06611111 51.57383333 26.74955556]
0.04	 0.16	-0.1	-0.08	94_L	[ 9.4893     52.03423333 25.079     ]
-0.11	 0.03	-0.02	0.15	94_L	[ 6.80328947 52.56942105 25.22386842]
0.1	 1.69	0.03	-0.22	94_L	[ 5.64776923 51.59861538 22.93261538]
0.06	 0.5	-0.11	-0.09	94_L	[ 4.75530769 51.73161538 26.14746154]
0.15	 1.29	0.33	-0.58	95_R	[ 2.38933333 43.56758333 27.248     ]
0.24	 1.67	0.22	-0.47	95_R	[ 4.02561111 41.87294444 26.07433333]
-0.01	 0.67	0.01	-0.17	95_R	[ 3.44533333 43.38622222 28.74855556]
0.07	 0.79	0.04	-0.29	95_R	[ 4.78033333 43.29933333 30.14866667]
0.05	 0.52	0.11	-0.26	95_R	[ 7.02127778 43.00916667 32.52644444]
0.06	 0.77	0.01	-0.27	95_R	[11.057875 44.67275  31.51125 ]
0.19	 1.49	0.3	-0.55	95_R	[ 4.10723077 46.89584615 28.41992308]
-0.14	 -0.74	-0.04	0.11	95_R	[ 3.11319048 44.94828571 28.84180952]
-0.07	 0.21	-0.34	0.13	95_R	[ 4.30325    42.20709375 28.13484375]
-0.06	 0.13	0.01	-0.04	95_R	[ 5.35672727 44.22090909 31.06536364]
0.06	 0.08	0.02	-0.12	95_R	[ 5.870875  41.6270625 30.185375 ]
-0.08	 -0.17	-0.0	-0.01	95_R	[ 6.46638095 41.81157143 31.995     ]
0.01	 0.35	-0.02	-0.1	95_R	[ 8.35808 42.19864 33.67396]
0.07	 0.69	-0.08	-0.23	95_R	[11.2323125 45.044125  30.877875 ]
-0.01	 0.39	-0.08	-0.08	95_R	[10.62347059 43.37076471 32.47173529]
0.07	 -0.71	-0.25	-0.04	96_Y	[ 1.988625 45.23225  27.484375]
0.04	 1.21	-0.14	-0.08	96_Y	[ 1.10366667 44.89766667 27.02      ]
-0.15	 -0.63	-0.06	0.15	96_Y	[-0.57316667 46.62283333 26.0815    ]
-0.06	 0.12	-0.03	0.12	96_Y	[-3.5875000e-02  4.8413875e+01  2.5252000e+01]
-0.04	 -0.22	-0.05	0.08	96_Y	[ 1.14986667 49.16986667 26.09466667]
-0.05	 0.04	-0.04	0.02	96_Y	[-0.65268421 48.04594737 23.69531579]
-0.12	 -1.29	-0.01	0.15	96_Y	[ 1.72828571 50.50907143 25.14021429]
-0.09	 -0.73	0.06	0.01	96_Y	[-0.11523529 49.15947059 22.62641176]
-0.1	 -0.44	-0.03	0.13	96_Y	[ 1.06488889 50.72988889 23.518     ]
-0.13	 -0.58	-0.04	0.12	96_Y	[ 2.99843478 51.60643478 23.0166087 ]
0.05	 0.6	-0.08	-0.16	96_Y	[ 2.69125    46.5305     27.57933333]
-0.04	 0.11	-0.02	-0.08	96_Y	[ 1.09327273 43.96177273 26.78945455]
-0.03	 -0.02	-0.04	0.02	96_Y	[-1.00619355 45.45841935 24.87080645]
-0.2	 -0.76	0.22	0.17	96_Y	[ 0.56986364 46.42668182 27.16368182]
0.07	 0.71	-0.01	-0.18	96_Y	[ 2.30558333 48.04158333 27.1795    ]
0.07	 0.42	0.03	-0.17	96_Y	[ 3.44416667 51.16066667 25.13366667]
-0.15	 -0.56	-0.14	0.22	96_Y	[ 0.42719231 48.31911538 21.15807692]
-0.08	 -0.28	0.04	0.13	96_Y	[ 1.6036  50.7899  21.06715]
0.16	 0.7	0.01	-0.22	97_K	[ 2.3068 43.6538 19.514 ]
0.07	 0.58	-0.14	0.04	97_K	[ 3.12533333 46.314      20.049     ]
0.12	 1.26	0.07	-0.3	97_K	[ 3.60766667 47.6355     19.849     ]
0.12	 1.18	0.01	-0.3	97_K	[ 5.614625 51.376875 21.34625 ]
0.03	 1.37	0.04	-0.13	97_K	[ 3.96733333 51.16366667 18.89216667]
0.11	 -0.11	0.07	-0.21	97_K	[ 1.37968421 45.75973684 20.77389474]
0.05	 -0.38	0.02	-0.07	97_K	[ 3.95365 45.7045  19.4053 ]
0.11	 0.61	0.04	-0.23	97_K	[ 2.60321429 47.45685714 20.40335714]
0.13	 0.87	-0.04	-0.56	97_K	[ 5.09707692 47.61426923 18.81492308]
0.17	 1.87	0.2	-0.45	97_K	[ 6.347      51.36491667 21.28175   ]
-0.09	 -0.06	-0.12	0.08	97_K	[ 4.06428 51.72956 20.52756]
-0.0	 0.02	-0.07	-0.05	97_K	[ 4.57266667 50.07166667 18.492     ]
-0.18	 -0.59	0.02	0.27	97_K	[ 3.0485     49.35092857 19.388     ]
0.11	 0.79	0.01	-0.22	98_L	[ 5.129  38.5266 25.5848]
0.16	 1.1	0.1	-0.36	98_L	[ 3.9026  38.85892 24.75516]
0.14	 0.62	0.0	-0.24	98_L	[ 5.18313333 40.01263333 25.84476667]
0.17	 1.42	0.27	-0.53	99_S	[-1.83588235 41.13047059 23.67594118]
-0.03	 -0.01	-0.09	-0.03	99_S	[-0.819      42.20192308 25.61853846]
-0.03	 -0.11	-0.16	-0.01	99_S	[ 2.0387931  40.09234483 26.58017241]
0.2	 1.3	0.43	-0.65	99_S	[ 1.8825    38.9401875 25.00025  ]
0.06	 0.52	-0.11	-0.09	99_S	[-0.58357143 43.13078571 25.08857143]
-0.01	 0.6	-0.1	-0.0	99_S	[-1.47641176 41.122      25.68582353]
-0.16	 -0.42	-0.04	0.23	99_S	[ 0.84863636 41.24984848 27.58481818]
0.09	 1.29	0.29	-0.63	100_D	[-2.7838 41.929  20.2804]
0.17	 0.94	0.06	-0.35	100_D	[-1.0073 42.0536 18.5036]
0.15	 1.29	0.12	-0.34	100_D	[-3.06633333 41.13083333 19.69075   ]
0.03	 1.08	-0.04	-0.11	100_D	[-1.71553333 43.64666667 19.8252    ]
-0.14	 0.23	0.01	0.05	100_D	[-3.30761538 44.23930769 20.74676923]
-0.16	 -0.44	-0.03	0.2	100_D	[-2.96863793 43.66193103 23.07796552]
-0.17	 -0.13	0.03	0.18	100_D	[-1.88752381 46.49569048 21.50102381]
0.1	 0.6	-0.06	-0.18	100_D	[-3.03036364 41.58790909 21.93172727]
0.08	 0.43	0.05	-0.2	100_D	[ 0.1384 44.4286 20.0862]
-0.17	 -0.23	-0.22	0.25	100_D	[-1.91788889 43.33655556 19.02259259]
0.07	 1.13	-0.03	-0.26	101_Y	[ 0.25633333 42.43516667 18.97825   ]
0.02	 0.58	0.09	-0.32	101_Y	[ 0.39533333 41.791      18.12533333]
0.12	 1.36	0.08	-0.37	101_Y	[ 2.527      40.72322727 15.33954545]
0.07	 0.83	0.03	-0.24	101_Y	[ 4.132      40.99290909 14.38918182]
0.07	 0.4	-0.17	0.03	101_Y	[2.18666667e-02 4.10441667e+01 1.70200000e+01]
0.06	 0.45	0.09	-0.16	101_Y	[ 2.103     42.295875  18.0418125]
-0.18	 -0.19	0.1	0.09	101_Y	[ 3.07227586 41.87548276 15.88793103]
-0.07	 -0.62	-0.15	0.1	101_Y	[ 4.42640909 40.69063636 13.60468182]
0.15	 1.24	0.09	-0.36	101_Y	[ 5.61284 38.79252 12.41544]
0.18	 1.21	0.07	-0.34	102_L	[-2.68522222 34.56688889 19.75633333]
0.22	 1.27	0.26	-0.52	102_L	[ 2.91033333 37.308      24.88206667]
0.14	 1.56	0.07	-0.36	103_K	[-5.06328571 38.441      18.88757143]
-0.17	 -0.84	0.1	0.27	103_K	[-5.18378947 36.20534211 18.72789474]
-0.01	 0.57	0.04	-0.15	103_K	[-5.215      39.09546154 20.26692308]
0.01	 0.85	-0.1	-0.21	103_K	[-4.07295 40.13145 22.7792 ]
0.19	 1.07	0.07	-0.35	103_K	[-3.1862 36.4752 25.511 ]
-0.02	 -9.94	0.0	0.03	103_K	[-4.535      39.352      26.53333333]
-0.01	 -0.05	-0.02	-0.14	103_K	[-3.6125     35.28411111 21.24694444]
-0.07	 0.23	-0.1	0.11	103_K	[-4.36778571 40.18814286 20.19285714]
-0.16	 -0.41	-0.01	0.2	103_K	[-5.61504167 37.77866667 21.22729167]
-0.19	 -0.53	-0.08	0.22	103_K	[-4.9565     39.51445455 23.44981818]
-0.08	 0.03	-0.01	-0.03	103_K	[-4.1248125  36.34046875 23.972875  ]
-0.12	 0.05	0.05	0.15	103_K	[-2.75968 38.8116  27.08932]
-0.18	 -0.29	0.13	0.2	103_K	[-3.92465 40.24435 25.05385]
-0.28	 -0.94	0.18	0.41	103_K	[-4.77209524 37.81528571 26.04952381]
0.16	 0.98	0.03	-0.29	104_T	[-3.12269231 34.96346154 16.67276923]
-0.14	 -0.3	-0.04	0.09	104_T	[-4.01580645 35.64532258 14.68070968]
0.14	 1.73	0.07	-0.37	104_T	[-3.20828571 40.07471429 14.18371429]
0.08	 0.4	-0.02	-0.14	104_T	[-1.49866667 40.00151852 14.85981481]
-0.03	 0.6	-0.03	-0.13	104_T	[-2.99065  41.420975 17.25495 ]
-0.09	 -0.11	-0.13	0.11	104_T	[-5.27628571 37.3165     16.67214286]
0.02	 0.17	-0.13	-0.03	104_T	[-4.61642857 39.05485714 14.71695238]
-0.24	 -0.68	-0.13	0.47	104_T	[-3.1253     41.6381     15.95706667]
-0.13	 -0.18	0.1	0.16	104_T	[-5.02767742 40.07406452 17.66829032]
0.03	 0.16	-0.14	-0.06	105_R	[ 2.54916667 40.03816667 11.20525   ]
0.18	 1.66	0.18	-0.45	105_R	[-2.11283333 34.05275    14.77933333]
0.15	 0.63	0.09	-0.33	105_R	[ 0.30408696 39.61391304 13.31543478]
-0.14	 -0.48	-0.19	0.19	105_R	[ 1.98714815 40.44222222 12.43448148]
-0.1	 -0.16	1.35	0.28	105_R	[ 3.45472222 39.50552778 10.33513889]
0.57	 0.36	-0.24	0.02	105_R	[ 4.54728205 38.17905128  9.82689744]
0.24	 1.4	0.45	-0.66	106_A	[ 1.84914286 29.34992857 16.87507143]
0.15	 0.76	0.0	-0.26	106_A	[-2.35580952 34.09661905 17.83095238]
0.16	 1.0	0.01	-0.22	106_A	[-2.4264     32.4588     19.18173333]
0.12	 1.55	0.15	-0.43	107_K	[ 1.2722     29.02093333 15.86966667]
-0.14	 -0.31	-0.06	0.18	107_K	[ 0.19513043 28.19356522 14.16584783]
0.09	 1.58	-0.03	-0.23	107_K	[-2.91733333 28.94891667 14.34583333]
0.06	 0.95	0.0	-0.22	107_K	[-3.64275 27.692   15.682  ]
0.03	 0.31	-0.03	-0.17	107_K	[-5.244      29.436      15.76792857]
0.05	 0.39	0.01	-0.21	107_K	[-5.72226087 28.08682609 18.05230435]
-0.02	 -2.11	-0.02	-0.13	107_K	[-7.64263636 28.50290909 17.20563636]
0.06	 0.72	0.0	-0.22	107_K	[-2.44824138 32.21117241 16.31751724]
0.13	 1.0	-0.01	-0.21	107_K	[-0.84591667 27.99775    16.77675   ]
0.02	 0.45	-0.15	-0.13	107_K	[-3.35914286 30.94822857 14.28148571]
-0.12	 -0.46	-0.13	0.19	107_K	[-2.69158333 28.39983333 14.106     ]
0.03	 0.05	-0.02	-0.06	107_K	[-2.88108333 27.36454167 17.26454167]
0.1	 0.95	0.02	-0.19	107_K	[-3.462875  30.6703125 18.17175  ]
-0.21	 -0.66	0.05	0.33	107_K	[-5.10964706 30.98164706 16.2       ]
-0.22	 -1.56	0.09	0.37	107_K	[-5.198375  28.3145625 14.6823125]
-0.29	 -0.42	-0.04	0.33	107_K	[-5.16325 26.9112  17.45315]
-0.08	 0.03	-0.27	0.14	107_K	[-5.43963158 29.27063158 18.83731579]
-0.39	 -0.86	0.21	0.49	107_K	[-7.97819048 27.76680952 17.53104762]
-0.27	 -0.75	0.15	0.42	107_K	[-7.31820833 30.1985     17.764375  ]
-0.27	 -0.83	0.11	0.42	107_K	[-7.50442857 29.01552381 15.45719048]
0.13	 0.73	0.01	-0.26	108_F	[ 3.40482353 29.40817647 13.91217647]
0.16	 0.75	0.07	-0.33	108_F	[ 3.90105882 30.12017647 11.84158824]
0.1	 0.88	0.04	-0.3	108_F	[ 0.36921429 29.77964286 10.2065    ]
0.12	 1.04	0.69	-1.07	108_F	[-2.3448 32.4116 13.3344]
0.01	 0.5	-0.06	-0.05	108_F	[-1.06965517 29.68627586  9.946     ]
0.07	 0.52	-0.1	-0.08	108_F	[-3.23216667 31.77891667 12.58683333]
-0.05	 -0.01	-0.17	0.05	108_F	[-3.11019231 30.18957692 11.38746154]
-0.0	 0.47	0.02	-0.05	108_F	[ 1.9518     29.4252     12.13526667]
-0.04	 0.08	-0.12	0.06	108_F	[ 1.33617391 30.12030435  9.56665217]
0.12	 1.14	0.16	-0.35	108_F	[-2.03647826 33.20791304 13.69669565]
-0.22	 -0.55	0.11	0.4	108_F	[-1.6527619  29.53361905  8.52138095]
-0.08	 0.05	-0.09	0.03	108_F	[-3.57821622 33.04889189 11.77145946]
-0.12	 -0.06	0.16	-0.03	108_F	[-3.94503704 31.09077778  9.32459259]
0.11	 2.05	0.12	-0.36	109_V	[ 4.857125 28.664    14.71775 ]
-0.02	 0.05	-0.02	-0.1	109_V	[ 4.06375    28.53534375 16.636875  ]
0.16	 1.77	0.09	-0.37	110_K	[ 6.62525  27.678    17.254875]
0.02	 0.25	-0.02	-0.11	110_K	[ 8.20714706 26.34394118 17.23226471]
-0.01	 0.47	0.13	-0.29	110_K	[ 7.03446429 26.58839286 11.11182143]
0.04	 1.27	0.15	-0.42	110_K	[ 8.67661538 25.79792308  9.48992308]
-0.08	 -0.13	-0.04	0.07	110_K	[ 6.26055556 27.18925926 15.17466667]
0.16	 0.92	0.08	-0.33	110_K	[ 8.87773333 26.48746667 14.3176    ]
0.01	 -0.15	-0.07	-0.09	110_K	[ 5.55062963 28.20118519 12.86011111]
-0.12	 -0.42	-0.11	0.22	110_K	[ 8.207875   25.78554167 12.81595833]
-0.21	 -0.81	-0.09	0.33	110_K	[ 6.29788 26.60464 10.73276]
-0.32	 -0.81	0.1	0.46	110_K	[ 8.5025     25.02708333  9.35441667]
0.01	 0.4	0.01	-0.05	110_K	[ 8.9024  27.3362   8.64936]
0.14	 0.93	0.06	-0.26	110_K	[ 9.88823077 25.234      11.25738462]
0.09	 0.37	-0.13	0.08	116_V	[18.08033333 35.767      32.399     ]
0.16	 1.26	0.36	-0.59	116_V	[16.58975  37.372125 32.027   ]
0.11	 1.2	0.16	-0.41	116_V	[19.80566667 35.13       32.29913333]
-0.02	 0.25	0.8	0.26	116_V	[18.28678049 37.16790244 32.32934146]
0.17	 1.19	0.1	-0.38	116_V	[16.85290476 35.25304762 32.79142857]
0.08	 0.56	-0.17	-0.14	116_V	[18.62054545 34.70709091 32.55763636]
0.16	 1.02	0.09	-0.29	117_D	[21.18989474 36.69610526 33.41347368]
0.06	 0.79	-0.09	-0.19	117_D	[20.80361905 41.51633333 31.00966667]
-0.01	 0.1	-0.18	-0.02	117_D	[23.55009434 42.21743396 32.30213208]
0.03	 0.46	-0.23	-0.07	117_D	[19.055      39.54518519 31.30992593]
0.09	 0.78	-0.0	-0.18	117_D	[20.50986364 41.69663636 30.23659091]
0.05	 -0.11	-0.08	-0.04	117_D	[20.59207143 40.88164286 32.31885714]
0.16	 1.51	0.13	-0.39	118_S	[22.67618182 36.18618182 34.62654545]
0.18	 1.31	0.29	-0.55	118_S	[22.91161111 34.99677778 34.97033333]
0.16	 1.68	0.13	-0.39	118_S	[25.818      33.37290909 31.17427273]
0.14	 1.21	0.02	-0.29	118_S	[24.94120833 32.965875   30.03825   ]
0.12	 0.6	0.14	-0.53	118_S	[22.0300625 35.047375  33.4985   ]
0.1	 1.33	0.25	-0.51	119_T	[24.38228571 40.30114286 36.176     ]
0.0	 0.04	0.02	-0.1	119_T	[24.956      39.42375862 37.86896552]
0.13	 0.73	0.09	-0.32	119_T	[27.4655     40.41366667 35.10633333]
-0.08	 -0.16	-0.09	0.05	119_T	[24.92171795 41.03371795 34.4694359 ]
-0.12	 0.07	-0.17	0.14	119_T	[26.78428571 40.10228571 36.17285714]
0.18	 1.36	0.28	-0.51	119_T	[26.008      40.8456     32.22986667]
0.05	 0.53	0.01	-0.13	119_T	[28.2028125 40.5628125 33.7485625]
0.11	 0.93	0.08	-0.34	120_V	[21.60139024 35.90636585 36.79921951]
0.07	 0.42	-0.11	0.06	120_V	[19.30733333 38.824      35.245     ]
0.03	 0.63	-0.03	-0.1	120_V	[18.8202 40.7982 37.1746]
0.03	 0.3	-0.08	-0.07	120_V	[21.10682759 41.40613793 34.77468966]
0.02	 -0.24	-0.04	-0.02	120_V	[22.6738     40.74986667 36.89753333]
0.07	 0.42	-0.08	-0.23	120_V	[19.84264 37.91708 35.03484]
0.05	 0.49	-0.21	-0.03	120_V	[17.82328571 39.49325    36.37557143]
-0.07	 -0.08	0.04	0.08	120_V	[19.6689  40.85035 38.37   ]
-0.13	 -0.48	-0.15	0.22	120_V	[19.37355172 40.12417241 34.29841379]
-0.18	 -0.94	-0.14	0.44	120_V	[21.39980952 41.71433333 35.64633333]
0.04	 0.98	0.04	-0.41	121_D	[23.581  39.2102 39.1838]
0.09	 1.08	0.34	-0.58	121_D	[21.98342857 40.32542857 41.03871429]
0.13	 1.04	-0.22	-0.06	121_D	[23.7288 36.8876 43.3466]
0.03	 0.36	-0.05	-0.11	121_D	[22.40535 35.9494  43.9695 ]
-0.14	 -0.25	-0.03	0.17	121_D	[23.21457895 38.50560526 44.1875    ]
0.09	 0.31	-0.04	-0.03	121_D	[22.08115789 40.13205263 39.39210526]
-0.04	 0.22	-0.05	0.0	121_D	[23.35262069 39.57851724 41.08744828]
0.15	 1.05	0.37	-0.52	122_P	[20.5325     34.74766667 38.43      ]
0.05	 0.83	-0.07	-0.15	122_P	[16.61748 33.7952  41.57748]
0.2	 1.17	0.25	-0.52	122_P	[20.9126 31.2798 39.8596]
-0.12	 -0.35	-0.28	0.14	122_P	[22.85876923 31.94069231 40.64553846]
0.15	 1.02	0.43	-0.69	122_P	[19.9153 34.6012 38.2923]
0.0	 0.33	-0.05	-0.13	122_P	[19.76286364 31.84504545 41.48845455]
0.2	 1.31	0.29	-0.51	122_P	[20.89227273 33.63631818 37.85436364]
-0.15	 -0.42	-0.12	0.18	122_P	[22.06670833 32.68116667 42.21908333]
0.08	 0.77	-0.13	-0.09	122_P	[23.54366667 31.95011111 39.61983333]
0.18	 0.82	0.09	-0.32	122_P	[23.18931579 34.53636842 42.24547368]
0.06	 0.69	0.42	-0.5	123_K	[17.0756 35.2912 44.7384]
0.1	 0.35	-0.08	-0.1	123_K	[16.205  35.9524 43.3738]
-0.21	 -0.43	1.03	0.42	123_K	[16.32068571 37.33157143 44.50877143]
0.03	 0.66	0.04	-0.23	123_K	[19.15505263 37.12336842 45.48626316]
-0.05	 0.19	0.0	-0.04	123_K	[20.71672222 34.19261111 45.95544444]
-0.19	 -0.88	0.02	0.31	123_K	[18.62559375 32.38071875 44.8465    ]
-0.01	 0.9	0.11	-0.21	123_K	[16.84658824 34.93388235 43.71617647]
-0.03	 0.49	-0.14	-0.05	123_K	[20.20681818 37.4055     45.19440909]
-0.21	 -0.89	0.01	0.34	123_K	[17.95461111 35.95       46.13077778]
-0.09	 -0.46	-0.01	0.13	123_K	[21.58611111 33.9465     44.50455556]
-0.37	 -0.77	0.21	0.49	123_K	[20.07466667 34.117      46.9885    ]
0.03	 0.21	0.13	-0.32	124_K	[15.91933333 39.95366667 42.10166667]
0.05	 1.73	-0.11	-0.12	124_K	[15.22414286 39.83671429 41.176     ]
0.01	 0.26	-0.12	-0.04	124_K	[15.99497436 40.17082051 39.01379487]
0.06	 0.63	-0.06	-0.07	124_K	[17.7535 40.9803 41.5479]
0.09	 1.18	0.07	-0.32	124_K	[18.88915385 39.55715385 44.63030769]
0.01	 0.22	-0.09	-0.04	124_K	[19.52214286 41.95278571 42.52778571]
-0.0	 0.55	-0.04	-0.05	124_K	[20.09041176 40.33058824 45.57529412]
-0.01	 -2.89	-0.04	-0.09	124_K	[21.81422222 42.61388889 45.67711111]
-0.12	 -0.52	-0.17	0.1	124_K	[15.48531579 38.96205263 42.80015789]
0.09	 -0.44	-0.05	-0.1	124_K	[18.7291 40.6985 40.343 ]
-0.19	 -0.4	-0.0	0.25	124_K	[16.85172727 41.14672727 41.90122727]
-0.06	 -0.35	-0.05	0.08	124_K	[17.79195652 39.93717391 44.54556522]
0.03	 -0.04	0.06	0.09	124_K	[20.90568182 41.11245455 41.66345455]
-0.19	 -0.92	0.06	0.18	124_K	[18.759      42.39716667 43.139375  ]
-0.21	 -0.9	0.06	0.33	124_K	[19.23527273 41.3735     45.81763636]
-0.06	 -0.27	-0.07	0.06	124_K	[21.39757143 39.87714286 45.58221429]
-0.36	 -0.81	0.24	0.51	124_K	[21.76154167 42.43858333 46.57995833]
-0.21	 -0.29	0.03	0.22	124_K	[22.81158621 41.75234483 44.30468966]
-0.19	 -0.6	0.11	0.26	124_K	[20.8448     43.52283333 44.51443333]
-0.61	 0.6	0.54	-0.03	125_L	[17.4318  36.78944 35.60944]
0.11	 1.0	-0.02	-0.31	125_L	[14.88552632 36.62286842 41.85042105]
0.21	 1.73	0.23	-0.49	125_L	[15.14223077 34.79669231 40.64769231]
0.18	 1.51	0.2	-0.46	125_L	[19.12264706 34.16452941 37.19129412]
-0.07	 -0.19	-0.31	0.05	125_L	[18.88984211 35.62657895 36.35557895]
0.05	 0.75	-0.13	-0.21	125_L	[16.62162069 35.77572414 35.02386207]
0.01	 0.07	-0.15	0.07	126_T	[11.72742857 40.18171429 42.47157143]
-0.08	 -0.25	-0.09	0.13	126_T	[11.58328205 38.19807692 43.26415385]
0.06	 0.5	-0.02	-0.19	126_T	[ 8.74540741 40.49248148 41.47196296]
0.09	 0.88	0.03	-0.3	126_T	[13.60425    39.19571429 41.4155    ]
-0.1	 -0.38	0.09	0.02	126_T	[11.63247059 40.927      41.47152941]
0.03	 0.53	-0.13	-0.16	126_T	[10.96790909 37.124      43.84945455]
-0.22	 -0.33	-0.01	0.25	126_T	[ 8.77425    39.84971429 42.95371429]
0.09	 1.04	0.09	-0.35	126_T	[ 8.80633333 41.0765     40.37641667]
0.13	 0.59	0.02	-0.23	127_T	[11.24538462 41.36723077 34.95776923]
0.18	 1.56	0.07	-0.36	127_T	[ 9.65889655 41.05703448 34.70731034]
0.05	 1.5	0.17	-0.48	127_T	[11.814125 42.639    35.8225  ]
-0.12	 -0.39	0.04	0.12	127_T	[13.2424   42.381725 36.6676  ]
-0.13	 -0.78	-0.01	0.23	127_T	[10.7887     43.69016667 38.9961    ]
0.15	 1.63	0.03	-0.26	127_T	[12.8834     40.9888     39.55293333]
0.26	 1.33	0.1	-0.38	127_T	[ 8.80071429 41.49885714 36.90114286]
-0.05	 0.28	-0.31	0.22	127_T	[10.23397619 42.9972619  35.78809524]
0.04	 0.64	-0.04	-0.14	127_T	[13.98342105 41.113      37.83078947]
-0.28	 -0.95	0.31	0.49	127_T	[11.6588 44.6654 38.0808]
-0.08	 -0.16	0.03	0.04	127_T	[ 9.4277037  42.93281481 38.76733333]
-0.13	 -1.09	-0.02	0.19	127_T	[11.57863158 42.49005263 40.07078947]
0.07	 1.01	0.39	-0.66	128_T	[12.66028571 40.35257143 34.96057143]
-0.01	 0.21	-0.17	-0.08	128_T	[14.41308824 40.08420588 34.46408824]
0.06	 0.86	-0.11	-0.33	128_T	[12.15092 40.14148 33.77656]
0.05	 0.5	-0.33	0.05	128_T	[15.68362857 39.43674286 35.85562857]
0.12	 0.84	0.09	-0.31	128_T	[15.82296296 37.44259259 33.54762963]
0.15	 1.48	0.09	-0.34	130_E	[ 5.9112 39.2898 33.9575]
0.06	 0.73	-0.07	-0.14	130_E	[ 6.44908333 40.20391667 35.678     ]
0.02	 0.18	-0.05	-0.11	130_E	[ 6.18335294 41.11205882 38.99617647]
-0.13	 -0.67	-0.01	0.13	130_E	[ 7.38469697 41.93215152 38.46312121]
-0.04	 0.16	-0.57	0.11	130_E	[ 5.74652 39.98778 40.70726]
-0.02	 -0.29	-0.05	-0.14	130_E	[ 7.52046667 40.54726667 35.82233333]
0.02	 0.08	-0.04	-0.03	130_E	[ 5.11486364 39.95131818 35.92045455]
0.08	 1.06	0.09	-0.33	131_F	[ 7.22382353 39.959      33.55564706]
0.08	 1.23	0.46	-0.83	131_F	[ 6.9326 40.0668 32.8676]
0.1	 0.01	-0.1	-0.17	131_F	[ 6.15133333 40.03811111 30.01444444]
0.12	 1.66	0.19	-0.47	131_F	[ 5.99925  40.65675  28.752125]
0.01	 0.46	-0.22	-0.05	131_F	[ 5.94633333 39.70604167 32.134625  ]
0.21	 1.52	0.34	-0.58	131_F	[10.0655625 40.841875  32.6189375]
0.1	 0.72	-0.23	-0.07	131_F	[ 5.58325 38.90325 30.0952 ]
0.2	 1.66	0.21	-0.46	131_F	[11.453625   41.017125   31.46008333]
0.07	 0.05	-0.04	-0.06	131_F	[ 5.86389474 39.95784211 27.85678947]
0.18	 2.62	0.0	-0.27	134_D	[ 3.1741 37.0961 29.0567]
0.08	 0.81	-0.58	0.09	134_D	[ 1.06864 36.6176  29.72056]
0.12	 1.27	-0.02	-0.24	134_D	[ 3.17670588 38.45482353 31.34623529]
-0.15	 1.03	-0.03	0.07	134_D	[ 1.26866667 38.299      32.465     ]
-0.04	 0.03	-0.04	0.01	134_D	[ 0.79572 37.1954  34.21632]
-0.16	 -0.54	0.09	0.19	134_D	[ 2.71105  39.753425 33.805725]
0.12	 0.79	0.06	-0.28	134_D	[ 0.9607619  35.55090476 32.39447619]
-0.15	 -0.47	-0.08	0.23	134_D	[ 2.85818519 38.34266667 30.35481481]
0.09	 1.53	0.03	-0.26	135_I	[ 5.15845455 37.65409091 27.26454545]
0.13	 0.85	0.02	-0.28	135_I	[ 3.68086667 36.70393333 27.58346667]
0.14	 1.24	0.12	-0.34	135_I	[ 4.61380952 37.16571429 26.09285714]
0.1	 0.7	-0.0	-0.21	135_I	[ 5.01694118 37.599      28.67417647]
0.13	 1.59	0.6	-0.74	137_S	[-1.70690909 33.32672727 28.82127273]
0.04	 0.53	0.01	0.03	137_S	[-2.5409375 31.4914375 29.330375 ]
0.05	 0.31	-0.04	-0.11	137_S	[-0.71505556 34.20855556 31.64977778]
0.0	 -0.54	-0.13	0.04	137_S	[-0.33822222 34.81888889 30.74855556]
-0.08	 0.03	-0.08	0.06	137_S	[-2.06226667 32.6526     31.45753333]
0.03	 1.13	0.02	-0.14	138_I	[-1.724      35.44921429 27.79628571]
0.1	 1.1	-0.15	-0.18	138_I	[ 1.15814286 37.98114286 27.59971429]
0.07	 0.84	0.01	-0.21	138_I	[-2.5644  33.00905 26.79725]
-0.06	 0.03	-0.05	-0.04	138_I	[-2.46757895 35.62005263 26.57510526]
0.04	 0.2	-0.1	-0.04	138_I	[-1.04294737 35.03726316 28.85163158]
0.2	 0.36	0.05	-0.29	138_I	[-2.72392857 34.38814286 24.74978571]
-0.0	 0.21	-0.12	-0.06	138_I	[-0.12756522 38.09669565 27.80469565]
0.14	 0.84	-0.02	-0.22	138_I	[ 1.99634783 37.32295652 26.83734783]
0.0	 0.72	0.0	0.03	140_E	[-1.43946154 25.25048077 25.83107692]
0.02	 0.41	-0.06	-0.17	140_E	[ 1.25851613 24.28487097 28.75893548]
0.2	 1.22	0.07	-0.33	140_E	[-0.39185714 25.29785714 28.70435714]
0.1	 1.25	0.12	-0.39	141_S	[-4.10595 28.1032  24.32745]
-0.19	 -0.64	0.01	0.28	141_S	[-5.50385714 28.36448571 24.49702857]
0.0	 0.85	0.12	-0.31	141_S	[-4.72664706 30.00158824 27.73976471]
-0.1	 -0.18	0.03	0.17	141_S	[-4.56595833 31.3155     26.37279167]
-0.02	 0.57	-0.13	0.0	141_S	[-4.011375 26.6605   26.4175  ]
-0.16	 -0.59	-0.03	0.3	141_S	[-5.394625   28.55745833 27.63491667]
0.13	 1.21	0.23	-0.5	141_S	[-3.57791667 29.91383333 29.09183333]
-0.05	 -0.44	-0.1	0.13	141_S	[-3.5648 31.7504 27.9578]
0.1	 0.5	-0.02	-0.15	142_S	[-4.34361538 27.74784615 21.67261538]
0.02	 0.21	-0.09	-0.09	142_S	[-4.54629167 29.05645833 20.20004167]
-0.07	 0.37	-0.09	-0.1	142_S	[-4.185      32.00966667 21.98566667]
-0.04	 0.13	0.04	-0.1	142_S	[-3.55047619 32.93366667 23.524     ]
-0.11	 0.34	0.02	0.07	142_S	[-5.03820833 30.33604167 22.94229167]
-0.02	 0.04	0.04	-0.06	142_S	[-3.49352381 32.10371429 20.81757143]
0.08	 1.36	0.29	-0.61	143_C	[-3.8038 26.7838 20.8306]
-0.05	 -0.0	-0.1	-0.08	143_C	[-3.62366667 26.09644444 22.2505    ]
0.08	 1.08	0.01	-0.26	143_C	[-1.91319231 24.67442308 23.64188462]
0.1	 1.63	0.15	-0.39	143_C	[-1.35622222 26.37955556 18.881     ]
0.1	 1.38	-0.1	-0.16	143_C	[-0.798      27.18077778 18.20611111]
0.09	 0.99	0.04	-0.28	143_C	[-3.41469565 26.55517391 19.6273913 ]
-0.04	 -0.28	-0.02	0.01	143_C	[-2.5375000e-02  2.5470375e+01  1.9248625e+01]
0.03	 0.38	-0.1	-0.03	143_C	[ 1.14191667 27.68016667 18.19625   ]
-0.06	 -2.0	-0.03	0.09	144_E	[-4.10933333 24.6085     20.59483333]
0.07	 1.15	0.2	-0.41	144_E	[-4.50028571 23.04214286 20.95042857]
-0.03	 0.18	-0.16	0.04	144_E	[-1.67240476 21.6867619  23.5762619 ]
0.05	 0.93	-0.07	-0.18	144_E	[-3.407      22.57981818 18.89445455]
0.0	 0.19	-0.06	-0.11	144_E	[-4.3941 20.5518 21.2462]
-0.02	 0.08	-0.0	-0.11	144_E	[-3.80323077 19.26061538 19.17915385]
-0.25	 -0.77	0.1	0.34	144_E	[-3.76571795 20.28210256 17.48294872]
-0.26	 -0.8	0.09	0.46	144_E	[-4.5412381  18.20647619 19.60059524]
-0.12	 -0.15	-0.11	0.09	144_E	[-2.90590625 24.70315625 19.14028125]
-0.1	 -0.08	-0.03	0.06	144_E	[-3.85338095 22.9572381  22.3372381 ]
-0.14	 -0.49	0.08	0.2	144_E	[-4.56390476 22.70561905 19.22447619]
0.06	 0.79	-0.07	-0.05	144_E	[-1.95530769 22.00615385 18.52930769]
-0.11	 -0.16	-0.09	0.13	144_E	[-2.69481818 19.58245455 21.61818182]
-0.29	 -0.8	0.2	0.47	144_E	[-5.10505263 21.00336842 21.30978947]
0.07	 0.64	-0.05	-0.2	145_N	[ 4.24852381 22.79409524 21.76909524]
-0.04	 0.45	-0.07	0.04	145_N	[ 2.94666667 21.01183333 20.10183333]
-0.18	 -0.82	-0.03	0.24	145_N	[ 1.68618182 18.81045455 19.91436364]
-0.09	 -0.35	-0.16	0.26	145_N	[ 0.291475 18.703425 22.06145 ]
-0.09	 0.11	0.03	0.04	145_N	[ 0.60788889 19.58261111 18.37216667]
0.08	 0.67	0.03	-0.24	145_N	[-0.13542105 23.38705263 19.60605263]
-0.14	 -0.46	0.03	0.1	145_N	[ 2.2379  22.28335 19.7033 ]
-0.1	 -0.01	-0.15	0.16	145_N	[ 3.16238462 20.34819231 21.87315385]
-0.19	 -0.34	-0.08	0.24	145_N	[-0.87196154 18.6945     18.89788462]
-0.14	 -0.44	0.06	0.17	145_N	[ 0.39153571 20.86592857 18.28567857]
0.18	 1.36	0.26	-0.51	146_G	[ 0.45317857 23.87703571 24.03264286]
0.02	 0.2	-0.01	-0.07	146_G	[ 3.40959459 25.04943243 20.28381081]
0.01	 -0.1	-0.11	-0.05	147_I	[ 5.18875   26.444375  19.7073125]
0.18	 0.71	0.02	-0.28	147_I	[ 3.37694118 27.85858824 18.85276471]
0.17	 1.38	0.25	-0.5	147_I	[ 6.17875   27.8471875 18.7643125]
0.04	 1.15	0.09	-0.27	148_D	[ 8.62085714 23.16033333 20.41571429]
-0.03	 -0.17	-0.05	-0.02	148_D	[ 7.25675    22.72146429 21.57803571]
-0.11	 -0.31	-0.0	0.14	148_D	[ 9.297      22.63727027 19.31010811]
0.09	 0.49	0.07	-0.28	148_D	[ 6.93976 25.3718  20.03584]
0.18	 1.38	0.25	-0.5	153_C	[23.73791304 31.39773913 30.02469565]
0.12	 1.1	0.43	-0.7	153_C	[23.7862 32.0782 30.7152]
0.09	 1.36	0.21	-0.49	154_N	[25.4346 38.7552 24.8978]
0.15	 1.35	0.27	-0.52	154_N	[25.75292308 38.27153846 24.56730769]
0.07	 0.39	-0.05	-0.18	154_N	[24.32671429 40.32382857 24.04748571]
0.1	 1.23	0.04	-0.27	155_K	[27.1542 40.1876 27.242 ]
0.1	 1.1	-0.02	-0.23	155_K	[26.02466667 41.89653333 29.51846667]
0.03	 0.37	-0.11	0.01	155_K	[25.633      42.72666667 27.45866667]
0.01	 0.47	-0.03	-0.19	155_K	[24.04333333 43.871      27.58533333]
0.19	 0.97	0.07	-0.33	155_K	[27.83095238 38.36704762 25.76480952]
0.21	 1.47	0.14	-0.4	155_K	[28.2715     40.22983333 28.11133333]
0.03	 0.18	0.02	-0.11	155_K	[26.17092 40.0464  26.23564]
0.1	 1.24	-0.04	-0.26	155_K	[25.82742857 41.47385714 30.596     ]
-0.12	 -0.68	-0.22	0.16	155_K	[26.81316667 42.15104167 28.700125  ]
0.03	 0.14	-0.23	0.1	155_K	[24.132      42.40376923 26.49425641]
0.1	 0.51	-0.01	-0.1	155_K	[23.269625 44.116875 27.706375]
0.11	 0.79	-0.02	-0.17	155_K	[24.58066667 43.44033333 30.62433333]
-0.16	 -0.99	0.05	0.24	155_K	[25.05833333 44.19225    28.79070833]
-0.1	 -0.14	0.03	0.05	156_S	[30.87867742 32.93029032 29.84103226]
0.01	 0.85	-0.34	0.08	156_S	[27.5768 32.0072 28.8068]
0.13	 1.12	0.05	-0.38	156_S	[27.52672727 33.24275758 29.65560606]
-0.07	 0.12	-0.21	0.03	156_S	[28.8534375 31.28675   28.6511875]
0.05	 0.34	-0.17	-0.05	156_S	[30.64053846 32.10357692 26.02875   ]
0.11	 1.26	0.34	-0.59	157_E	[32.31633333 34.23716667 26.84366667]
0.2	 1.95	-0.02	-0.25	157_E	[32.91816667 34.74933333 30.04366667]
-0.14	 -0.34	-0.01	0.17	157_E	[34.39151163 36.5645814  30.06362791]
0.04	 -0.16	-0.14	-0.07	157_E	[33.37628571 35.05614286 25.89871429]
0.04	 0.71	-0.01	-0.17	157_E	[33.54845 38.87565 27.27575]
0.03	 0.37	-0.07	-0.14	157_E	[30.53656923 40.09296923 26.11144615]
-0.13	 0.04	-0.1	0.11	157_E	[33.15245833 34.17341667 28.072625  ]
-0.14	 -0.2	-0.08	0.19	157_E	[34.60714286 36.09721429 26.46857143]
0.13	 0.76	0.04	-0.26	157_E	[32.1048 34.9086 25.4219]
0.09	 0.59	-0.15	-0.07	157_E	[33.595875 38.652    28.54175 ]
0.03	 -0.03	-0.12	0.05	157_E	[33.657      39.22708333 26.25333333]
0.15	 1.35	0.25	-0.5	158_L	[33.2834 35.575  31.7786]
0.11	 0.38	-0.01	-0.18	158_L	[32.0369 34.7813 32.2841]
0.01	 -0.05	-0.02	-0.11	158_L	[27.92534375 41.51096875 31.20996875]
-0.07	 -0.06	0.04	0.03	158_L	[32.13518519 41.39896296 29.57044444]
0.04	 0.31	0.09	-0.04	158_L	[33.38083333 39.20783333 30.94558333]
0.17	 0.63	-0.0	-0.22	158_L	[31.19572222 39.97105556 33.00366667]
-0.12	 -0.65	0.0	0.14	158_L	[28.86261905 41.84261905 29.41647619]
-0.17	 -0.96	-0.03	0.27	158_L	[29.65016667 41.61377778 32.26705556]
-0.21	 -0.42	-0.06	0.29	158_L	[31.16822222 41.73377778 28.62072222]
-0.25	 -1.09	0.15	0.38	158_L	[32.16915789 41.54373684 31.17      ]
-0.06	 -0.53	0.0	0.09	158_L	[33.25154545 39.84990909 29.26136364]
0.06	 0.58	-0.15	-0.14	159_F	[34.38833333 37.104      32.3755    ]
0.07	 1.62	0.23	-0.47	159_F	[34.69554545 36.40063636 33.00854545]
-0.09	 -0.11	-0.11	0.11	159_F	[32.42253846 34.23105128 35.98923077]
-0.05	 0.07	-0.05	0.04	159_F	[35.16463636 38.76645455 35.11609091]
-0.01	 -0.11	-0.1	0.07	159_F	[36.47883333 37.61433333 36.41566667]
-0.06	 -0.24	-0.04	-0.01	159_F	[36.66234615 35.73069231 35.64369231]
-0.02	 -0.02	0.13	-0.18	159_F	[34.85948148 37.32859259 37.85725926]
-0.15	 -0.45	-0.05	0.16	159_F	[37.20869231 34.40088462 36.73511538]
-0.08	 -0.69	-0.16	0.13	159_F	[34.9325     35.97629412 38.97779412]
-0.1	 -0.9	-0.0	0.1	159_F	[36.54274194 34.66622581 38.3736129 ]
-0.05	 -0.04	-0.12	0.09	159_F	[33.64052632 38.76978947 32.66489474]
-0.04	 -0.44	-0.18	0.07	159_F	[33.91031579 35.28936842 33.26136842]
-0.2	 -0.55	0.07	0.29	159_F	[35.68142857 37.94366667 33.98633333]
-0.07	 -0.17	0.04	0.03	159_F	[33.6397619  38.92119048 35.59861905]
-0.26	 -0.49	0.09	0.36	159_F	[36.70441667 35.63120833 34.23129167]
-0.03	 -0.65	-0.13	0.11	159_F	[34.028875  38.132625  38.3091875]
-0.24	 -0.76	0.19	0.5	159_F	[37.78585714 33.60842857 36.45561905]
-0.32	 -0.87	0.05	0.5	159_F	[34.7544  36.2429  39.91115]
-0.29	 -0.83	0.23	0.59	159_F	[37.03155 34.0516  39.41035]
0.18	 1.37	0.26	-0.51	160_T	[29.25542857 34.45728571 36.64285714]
0.16	 1.42	0.02	-0.31	160_T	[28.6382 38.8532 38.1228]
-0.01	 0.91	0.02	-0.15	160_T	[28.460125   39.71804167 36.53533333]
-0.1	 -0.65	-0.08	0.1	160_T	[30.93734615 38.98296154 38.79253846]
0.16	 1.4	0.2	-0.47	160_T	[31.8214     38.83073333 34.75526667]
0.02	 0.16	-0.02	-0.05	160_T	[30.64338235 35.63608824 37.80694118]
0.1	 0.01	-0.21	-0.09	160_T	[28.89554545 37.14254545 38.89436364]
-0.06	 -0.71	-0.01	0.17	160_T	[30.3777  39.95955 35.4333 ]
-0.25	 -0.97	0.02	0.41	160_T	[30.10342308 39.7        38.68053846]
-0.14	 -0.59	-0.13	0.27	160_T	[31.7745     37.26473077 39.20257692]
-0.01	 -0.53	-0.09	0.12	160_T	[32.35891667 39.37508333 37.30316667]
0.13	 1.46	0.04	-0.35	161_A	[27.97157143 32.31771429 33.30057143]
-0.06	 0.3	-0.05	0.03	161_A	[29.11204444 32.4566     35.35431111]
0.06	 0.8	0.19	-0.37	161_A	[28.21145 32.8145  32.33655]
-0.01	 -0.05	-0.03	-0.15	161_A	[27.14211111 33.17422222 31.58233333]
-0.02	 -0.1	-0.08	-0.05	161_A	[30.01023529 33.42852941 32.61741176]
0.06	 0.77	0.0	-0.24	162_R	[27.20586667 30.76486667 33.62326667]
0.05	 0.09	0.07	-0.23	162_R	[25.48434483 31.4272069  32.15803448]
-0.05	 0.27	0.01	-0.08	162_R	[27.74007143 33.3485     38.68514286]
-0.08	 1.23	-0.04	0.09	162_R	[27.3782 34.0916 40.194 ]
-0.03	 -0.05	-0.08	0.03	162_R	[27.84522222 35.71916667 39.78      ]
0.06	 1.02	0.16	-0.44	162_R	[27.71272727 37.17690909 39.787     ]
-0.1	 -0.2	0.1	0.01	162_R	[26.33729412 36.67529412 41.80947059]
0.15	 1.25	0.12	-0.36	162_R	[27.73633333 32.03511111 37.07355556]
0.16	 1.4	0.12	-0.37	162_R	[24.095   30.88475 37.9872 ]
-0.1	 -0.03	-0.09	0.08	162_R	[26.24453571 31.97125    38.97678571]
0.04	 0.07	-0.08	-0.12	162_R	[28.26777778 34.24922222 37.93411111]
-0.11	 -0.21	-0.07	0.09	162_R	[25.63633333 33.65446667 41.00103333]
-0.01	 0.45	-0.18	0.01	162_R	[27.25104167 38.34033333 38.79079167]
-0.12	 -0.32	-0.09	0.19	162_R	[25.14677273 35.97181818 42.42977273]
-0.1	 -0.25	-0.04	0.03	162_R	[25.72176667 37.9381     40.7596    ]
0.11	 1.7	0.07	-0.31	163_P	[27.55544444 29.79366667 34.59066667]
0.11	 0.52	-0.05	-0.27	163_P	[27.45142857 28.77571429 33.93514286]
0.04	 0.72	-0.13	-0.04	163_P	[26.40607143 26.35514286 34.99814286]
-0.12	 -0.08	-0.06	0.17	163_P	[27.6915     27.11325    36.72466667]
0.06	 0.72	-0.03	-0.16	163_P	[27.23522222 29.6        36.74205556]
-0.04	 0.16	-0.11	0.08	163_P	[26.956      28.53517647 32.51611765]
0.11	 1.06	0.32	-0.56	163_P	[25.127375 25.656    35.58875 ]
-0.23	 -0.57	0.04	0.24	163_P	[26.59563158 26.08857895 33.92947368]
-0.04	 0.17	-0.08	0.07	163_P	[26.47510526 26.67978947 37.42247368]
-0.22	 -1.01	0.12	0.36	163_P	[28.40904348 27.79952174 35.64595652]
0.03	 0.36	-0.08	-0.12	163_P	[25.41064286 29.62207143 37.96635714]
-0.17	 -0.27	-0.15	0.21	163_P	[27.97317647 30.29041176 36.77870588]
-0.01	 0.01	-0.11	-0.01	164_P	[24.9786     26.46806667 29.28593333]
0.13	 1.48	0.03	-0.33	164_P	[21.951  25.9093 30.199 ]
-0.12	 -0.01	-0.13	0.18	164_P	[23.71760606 25.47315152 30.55548485]
0.05	 0.36	-0.01	-0.2	164_P	[25.11557143 26.89285714 28.51121429]
0.0	 0.39	-0.14	-0.26	164_P	[25.98379167 26.72220833 31.67320833]
0.17	 0.87	-0.0	-0.25	164_P	[25.52665517 29.71041379 30.61748276]
0.15	 1.28	0.18	-0.44	165_S	[21.57538889 25.46788889 31.58633333]
0.08	 1.42	0.01	-0.23	165_S	[20.8245     24.88983333 32.11133333]
-0.01	 0.29	0.15	-0.22	165_S	[21.62186207 23.18186207 34.831     ]
-0.1	 0.85	-0.09	0.09	165_S	[23.404      23.58780769 35.77680769]
0.13	 1.6	0.38	-0.61	165_S	[23.40385714 24.69657143 32.52514286]
0.08	 0.59	-0.03	-0.22	165_S	[19.33565385 24.57619231 33.36480769]
-0.25	 -0.49	-0.34	0.5	165_S	[20.50718519 22.87862963 35.16911111]
-0.57	 -0.71	0.23	0.5	165_S	[22.0154 23.2371 32.4632]
-0.08	 -0.22	-0.04	0.04	165_S	[24.37345455 24.431      33.93809091]
0.07	 0.24	-0.14	-0.07	166_K	[20.002      28.41391667 39.01283333]
0.1	 1.1	0.06	-0.32	166_K	[23.9591 29.2345 38.2923]
0.05	 0.68	-0.25	0.09	166_K	[24.07366667 27.55766667 39.53133333]
0.04	 0.8	-0.06	-0.2	166_K	[21.9832 25.7762 39.7333]
-0.02	 0.83	-0.01	-0.04	166_K	[24.4779375 23.929625  38.57225  ]
-0.0	 -2.93	-0.01	-0.12	166_K	[24.37866667 24.02788889 41.49688889]
0.16	 1.5	0.07	-0.36	166_K	[20.6925   27.041    38.891875]
0.05	 0.38	-0.0	-0.05	166_K	[22.26093548 29.25232258 38.98893548]
0.12	 0.95	0.07	-0.31	166_K	[24.64468421 25.27263158 36.81363158]
-0.0	 0.28	-0.07	0.08	166_K	[24.93894444 27.617      39.09633333]
-0.11	 -0.35	0.06	-0.08	166_K	[22.42732 26.78492 40.09192]
0.1	 0.62	-0.04	-0.24	166_K	[21.47857143 24.55697143 38.43085714]
-0.23	 -0.33	-0.19	0.35	166_K	[23.85473077 23.31457692 38.69207692]
-0.1	 -0.54	-0.04	0.18	166_K	[25.73045833 25.18054167 39.31358333]
-0.41	 -1.07	0.34	0.63	166_K	[25.00505263 23.37147368 41.66331579]
-0.3	 -0.89	0.13	0.44	166_K	[24.30213636 25.8195     41.74540909]
-0.3	 -0.41	0.04	0.5	166_K	[22.4795     23.860625   41.08454167]
0.04	 0.73	0.09	-0.36	167_I	[19.334625 33.73975  33.43125 ]
0.06	 0.63	-0.39	0.14	167_I	[21.548  34.0934 33.7032]
0.1	 0.81	0.12	-0.39	167_I	[20.97494737 33.49963158 35.51123684]
0.05	 0.29	-0.16	-0.11	167_I	[18.45913333 33.725      34.63106667]
0.11	 1.28	0.14	-0.35	167_I	[20.6789  34.1191  33.07415]
0.11	 1.03	0.08	-0.35	168_K	[16.45682353 24.17782353 32.36270588]
0.04	 1.02	-0.05	-0.19	168_K	[14.9075  23.34825 32.9935 ]
0.02	 -0.75	0.0	-0.12	168_K	[14.42677778 21.91277778 30.56077778]
0.21	 1.12	0.15	-0.41	168_K	[14.95561905 24.94304762 34.9707619 ]
-0.11	 -0.18	-0.29	0.14	168_K	[17.31134483 24.13882759 32.86144828]
0.01	 -0.0	-0.16	-0.01	168_K	[13.7118 23.7363 33.5125]
-0.06	 0.33	18.08	0.28	168_K	[12.97141463 22.13207317 30.93212195]
0.0	 0.09	-0.04	-0.06	168_K	[16.02918182 22.88227273 29.73654545]
-0.3	 -0.71	0.12	0.39	168_K	[15.48091667 22.02691667 31.88441667]
0.14	 1.2	0.31	-0.53	169_D	[15.1844 25.2067 38.6003]
0.09	 1.02	0.04	-0.3	169_D	[16.68008333 27.53916667 40.19408333]
0.2	 1.51	0.12	-0.4	169_D	[14.34307143 25.81521429 39.39571429]
0.07	 0.93	0.06	-0.3	169_D	[17.88358621 25.49717241 39.22575862]
-0.1	 -0.34	-0.13	0.11	169_D	[16.65764286 23.33564286 38.44921429]
-0.08	 0.18	0.01	0.07	169_D	[16.65077551 23.63028571 36.15369388]
-0.13	 -0.3	-0.09	0.22	169_D	[19.38744898 23.24291837 38.16806122]
0.05	 -0.23	-0.11	-0.09	169_D	[19.19433333 26.56622222 39.13261111]
-0.21	 -0.1	-0.19	0.29	169_D	[16.627125   25.52570833 40.09304167]
0.11	 0.76	0.07	-0.31	170_A	[17.9276 28.2751 39.6224]
0.04	 0.6	0.11	-0.27	170_A	[16.46933333 29.81522222 40.59455556]
0.19	 0.99	0.01	-0.2	170_A	[14.80984211 31.385      40.75063158]
-0.21	 0.11	-0.28	0.1	170_A	[17.86114286 31.03057143 41.069     ]
-0.07	 -0.3	-0.09	0.12	170_A	[16.07416667 29.10066667 41.17422222]
0.12	 0.89	-0.0	-0.22	170_A	[16.875      31.6378     40.92806667]
0.01	 0.25	0.18	-0.23	170_A	[19.26078261 29.91656522 39.87213043]
0.28	 1.48	0.38	-0.61	171_L	[16.3384  33.91645 33.93725]
0.18	 1.48	0.34	-0.58	172_E	[ 9.42429412 26.80317647 40.04329412]
0.17	 0.67	0.15	-0.38	172_E	[13.33463158 24.137      36.14715789]
-0.09	 -0.08	-0.18	0.08	172_E	[13.30323404 23.55755319 38.37770213]
0.05	 -0.03	-0.09	-0.05	172_E	[11.7104  22.50205 35.6095 ]
0.13	 1.05	0.42	-0.5	172_E	[12.63785714 25.94771429 39.38657143]
0.06	 0.62	-0.09	-0.18	172_E	[10.68033333 25.31281481 39.49685185]
0.09	 1.16	0.35	-0.6	173_S	[11.5134375 27.1156875 41.6045   ]
0.13	 1.12	0.25	-0.5	173_S	[11.780375  30.6144375 43.219    ]
0.15	 0.9	0.01	-0.23	173_S	[10.2104375 28.9931875 43.6345625]
-0.01	 0.24	-0.03	-0.05	173_S	[13.71685 28.76705 42.85745]
-0.24	 -1.29	0.12	0.29	173_S	[13.33686207 26.36534483 42.37306897]
-0.13	 -0.02	-0.19	0.06	173_S	[10.42116667 27.14866667 41.98808333]
0.03	 0.43	0.15	-0.25	173_S	[13.87435714 30.08635714 41.8915    ]
-0.11	 -0.02	-0.25	0.17	173_S	[12.59144118 29.33647059 43.91541176]
-0.12	 -0.1	-0.15	0.12	173_S	[14.5115     26.40571429 41.125     ]
0.04	 0.87	0.0	-0.29	174_E	[12.5365   30.93375  42.135875]
0.08	 1.31	0.16	-0.4	174_E	[12.15711111 31.84188889 42.434     ]
0.03	 1.1	0.47	-0.69	174_E	[11.3784 36.2124 43.7552]
-0.17	 -0.0	0.92	0.29	174_E	[12.52853571 34.86525    43.60089286]
0.15	 1.0	0.14	-0.39	174_E	[10.85388889 36.09333333 44.00622222]
0.14	 1.68	0.06	-0.31	174_E	[11.76663636 31.95454545 43.01736364]
0.1	 0.48	0.37	-0.28	174_E	[13.60025    33.22589286 41.32435714]
0.04	 0.58	-0.28	0.11	176_Q	[ 8.43616667 26.75583333 42.26916667]
0.02	 0.38	0.01	-0.14	176_Q	[ 7.09364706 27.61188235 44.54623529]
0.1	 0.84	0.01	-0.23	176_Q	[ 3.27621739 26.7146087  41.22491304]
-0.04	 -0.02	-0.05	-0.09	176_Q	[ 3.86375   25.5655    44.5640625]
0.13	 0.99	0.14	-0.37	176_Q	[ 7.52854167 26.13716667 41.39308333]
0.05	 0.16	-0.15	-0.07	176_Q	[ 8.609      27.6555     43.24558333]
-0.25	 -0.53	0.05	0.27	176_Q	[ 6.68416667 25.693875   43.98079167]
-0.0	 0.31	-0.09	-0.03	176_Q	[ 6.31852941 28.48970588 44.96011765]
-0.21	 -0.56	0.01	0.26	176_Q	[ 4.34084211 26.77089474 45.59510526]
-0.05	 -0.07	-0.25	0.15	176_Q	[ 2.59276923 26.67317949 43.49753846]
0.21	 1.54	0.08	-0.36	177_K	[ 5.44861538 33.28261538 45.71476923]
0.11	 0.79	-0.23	0.08	177_K	[ 7.293      32.42166667 46.17533333]
0.05	 1.31	-0.0	-0.19	177_K	[ 8.39594118 30.09176471 45.41905882]
0.07	 1.26	-0.06	-0.16	177_K	[10.59661538 33.42092308 46.29984615]
0.05	 0.8	0.07	-0.21	177_K	[11.0702963  30.40348148 46.23085185]
-0.0	 -3.0	-0.02	-0.11	177_K	[12.86322222 31.585      47.65222222]
0.11	 0.87	-0.04	-0.17	177_K	[ 5.9733  30.87865 45.5682 ]
0.07	 1.62	0.01	-0.14	177_K	[ 7.27988235 33.43635294 46.29811765]
-0.16	 -0.91	-0.16	0.28	177_K	[ 7.883      30.762625   46.35166667]
0.11	 0.7	0.09	-0.31	177_K	[ 9.1255 29.569  44.635 ]
0.17	 1.21	0.23	-0.33	177_K	[11.72265 32.689   44.88435]
-0.06	 -0.58	-0.07	0.01	177_K	[ 9.49643478 33.39152174 47.12573913]
-0.2	 -0.84	0.08	0.37	177_K	[10.01070833 30.674125   47.94483333]
-0.15	 -0.66	-0.1	0.16	177_K	[11.35942105 29.66657895 45.71752632]
-0.29	 -0.79	0.24	0.47	177_K	[13.09825    30.80483333 47.99404167]
-0.28	 -0.28	-0.03	0.24	177_K	[13.0342963  32.26855556 46.09674074]
-0.26	 -0.64	0.09	0.34	177_K	[11.80174074 32.97566667 48.12144444]
0.19	 1.25	0.15	-0.43	178_V	[ 4.592      36.36184615 42.41923077]
0.16	 0.82	0.04	-0.26	178_V	[ 4.12652632 37.30442105 40.64984211]
0.18	 1.48	0.24	-0.49	178_V	[ 5.9485     37.31068182 41.41522727]
0.2	 1.46	0.21	-0.46	179_I	[-0.7195625 32.3694375 41.6111875]
-0.05	 -0.47	-0.32	0.24	179_I	[-0.2802  29.47464 40.77732]
0.12	 1.29	0.08	-0.4	179_I	[ 2.71384615 28.03692308 39.36307692]
-0.08	 -0.08	0.11	0.09	179_I	[ 0.97473077 28.47530769 40.25723077]
0.03	 -0.12	-0.11	-0.04	179_I	[ 0.27967857 29.70875    42.64639286]
-0.03	 -0.09	-0.35	0.1	179_I	[-0.95953333 31.02946667 40.37133333]
0.12	 1.02	-0.19	-0.12	179_I	[ 1.18983871 28.05806452 38.04516129]
0.07	 1.1	0.47	-0.8	180_E	[ 0.6302 31.2556 46.3802]
0.12	 0.67	-0.2	-0.14	180_E	[ 2.118875 33.267    47.055   ]
0.15	 1.18	0.02	-0.25	180_E	[6.91666667e-03 3.26745417e+01 4.70951667e+01]
-0.02	 1.03	-0.0	-0.11	180_E	[ 2.66038889 31.32472222 46.88455556]
-0.13	 -0.37	0.04	0.12	180_E	[ 2.62092157 28.94137255 46.01401961]
0.01	 0.64	-0.18	-0.04	180_E	[-0.04552 30.6344  45.18528]
0.05	 0.61	0.04	-0.11	180_E	[ 4.18475   32.1424375 46.2951875]
-0.19	 -0.64	0.03	0.32	180_E	[ 2.20569231 31.59984615 47.54096154]
0.08	 0.79	0.13	-0.39	181_R	[ 3.24592308 33.81907692 46.38861538]
0.11	 1.67	0.22	-0.55	181_R	[ 3.1742 34.74   46.8128]
0.13	 1.07	-0.01	-0.27	181_R	[ 0.9953 37.5689 44.8588]
0.05	 0.5	-0.12	-0.15	181_R	[ 0.08503226 37.48551613 46.07551613]
-0.14	 -0.76	-0.17	0.13	181_R	[ 2.8953 37.9123 47.1704]
-0.03	 1.28	-0.08	0.04	181_R	[ 5.47777778 37.169      47.49466667]
-0.01	 0.51	-0.02	-0.04	181_R	[ 5.895875 38.428    45.43325 ]
-0.1	 -0.06	-0.24	0.1	181_R	[ 7.9214  38.03945 45.013  ]
-0.08	 0.22	0.04	0.04	181_R	[ 8.60213333 36.6274     46.83246667]
0.06	 1.59	0.1	-0.41	181_R	[ 8.06393333 38.1486     43.93973333]
0.03	 0.67	0.08	-0.24	181_R	[ 1.6711     35.4091     47.48793333]
0.01	 0.16	-0.12	0.0	181_R	[ 2.43603571 37.41878571 43.58578571]
-0.19	 -0.74	0.07	0.29	181_R	[ 3.049   38.47736 46.03728]
-0.24	 -0.38	-0.13	0.37	181_R	[ 2.75638095 36.67471429 47.81471429]
-0.21	 -0.8	0.18	0.33	181_R	[ 5.6389 37.9413 47.6887]
-0.0	 -0.17	0.04	0.01	181_R	[ 5.03072414 35.05527586 47.0807931 ]
0.05	 -0.36	-0.51	0.29	181_R	[ 5.42173913 37.81408696 43.75034783]
-0.16	 -0.17	-0.07	0.2	181_R	[ 7.53448 35.8106  47.53528]
-0.04	 -0.12	-0.02	-0.02	181_R	[ 9.83014815 36.04381481 45.57096296]
0.15	 0.77	-0.91	1.46	181_R	[ 6.80957692 38.1655     42.66311538]
0.1	 1.13	0.14	-0.35	182_R	[-2.79169231 34.34415385 42.281     ]
0.2	 1.29	0.09	-0.34	182_R	[-3.1561 37.058  42.6533]
0.05	 1.16	0.01	-0.22	182_R	[-1.92      35.3635625 41.1680625]
0.06	 0.7	-0.13	-0.1	182_R	[ 1.05418182 37.85       41.24645455]
0.05	 0.68	-0.11	-0.1	182_R	[-0.175      38.17166667 39.25466667]
-0.0	 -0.08	-0.02	-0.03	182_R	[ 0.650875 38.687625 38.966625]
-0.02	 -0.4	0.01	-0.04	182_R	[ 1.01275   38.5109375 36.9188125]
-0.04	 -0.26	-0.02	-0.01	182_R	[ 0.19533333 37.05255556 36.34011111]
-0.12	 -0.43	-0.03	-0.04	182_R	[ 2.4455     39.49185714 36.757     ]
0.01	 0.19	-0.08	-0.11	182_R	[-0.93910714 37.80853571 43.00917857]
0.13	 1.06	0.07	-0.31	182_R	[-1.14957143 33.98207143 41.26242857]
-0.08	 -0.33	-0.55	0.37	182_R	[-2.39773529 36.05367647 40.74132353]
-0.17	 -0.75	0.12	0.17	182_R	[ 0.07195652 38.30752174 41.17382609]
0.17	 1.35	0.04	-0.28	182_R	[ 2.50957143 37.05735714 41.64235714]
-0.15	 -0.38	-0.01	0.19	182_R	[-0.97952381 36.75566667 38.78219048]
-0.09	 -0.09	-0.08	0.07	182_R	[ 2.33568182 38.69813636 39.82295455]
0.13	 0.32	0.02	-0.22	182_R	[-0.3869 35.9647 36.9764]
-0.05	 -0.74	-0.08	0.08	182_R	[ 3.37515385 39.79215385 38.16923077]
0.14	 0.96	0.28	-0.48	182_R	[ 3.635    39.537125 35.737125]
0.15	 1.81	0.09	-0.33	183_K	[-2.00833333 33.24222222 42.53988889]
0.05	 1.97	-0.08	-0.11	183_K	[-3.0275  33.20575 42.72075]
0.17	 1.44	0.2	-0.45	183_K	[-5.56006667 33.18226667 45.31173333]
0.08	 0.89	-0.06	-0.17	183_K	[-2.276      30.76083333 43.95266667]
-0.19	 -0.79	-0.03	0.25	183_K	[-3.67287324 30.76273239 45.95225352]
0.01	 0.84	-0.12	-0.06	183_K	[-4.58845 33.2181  43.51365]
-0.2	 -0.17	-0.19	0.24	183_K	[-2.63044 31.263   42.77688]
0.12	 1.68	0.12	-0.32	184_K	[-2.6688 32.834  48.008 ]
0.15	 0.7	-0.1	-0.22	184_K	[-2.56185714 37.32914286 48.83528571]
0.05	 1.0	-0.06	-0.16	184_K	[-4.47614286 36.6692381  49.78828571]
0.0	 0.57	-0.11	-0.07	184_K	[-0.4327 34.169  49.1468]
-0.25	 -1.08	0.11	0.35	184_K	[-1.90835385 35.00256923 50.88363077]
-0.0	 0.22	-0.03	-0.07	184_K	[-4.1718  33.1452  48.41208]
-0.17	 -0.56	-0.02	0.06	184_K	[-1.01279167 33.06125    48.55520833]
-0.01	 0.08	-0.05	-0.1	184_K	[-0.27768182 36.15940909 48.34909091]
0.1	 0.51	-0.05	-0.19	185_S	[-1.779   37.68425 47.77075]
0.06	 1.21	-0.05	-0.19	185_S	[-2.15866667 38.402      47.95833333]
-0.0	 0.43	-0.07	-0.07	185_S	[-6.38434615 39.75780769 46.78615385]
0.06	 0.58	-0.09	-0.14	185_S	[-1.57216667 39.33725    45.4045    ]
-0.13	 -0.38	-0.13	0.18	185_S	[-4.19557576 40.30787879 45.37548485]
-0.07	 0.2	-0.04	0.08	185_S	[-3.48561905 39.28557143 48.34357143]
-0.16	 -0.68	0.01	0.28	185_S	[-1.23543478 39.37017391 46.60317391]
0.06	 0.69	-0.07	-0.2	185_S	[-3.09230769 38.42707692 43.95976923]
-0.38	 -0.99	0.37	0.59	185_S	[-2.76369565 41.05008696 44.59130435]
0.12	 2.28	0.09	-0.33	186_L	[-8.45736364 34.979      45.95745455]
-0.11	 -0.17	-0.05	0.1	186_L	[-9.23946341 37.4734878  45.97280488]
0.08	 1.13	0.11	-0.3	186_L	[-6.66133333 34.29041667 44.36083333]
0.06	 0.58	-0.07	0.07	186_L	[-5.83033333 37.77466667 41.22733333]
-0.04	 -0.02	-0.08	0.04	186_L	[-5.92175 35.2274  40.9533 ]
-0.14	 -1.06	-0.01	0.2	186_L	[-8.47025 38.0785  41.78525]
0.04	 0.61	-0.07	-0.1	186_L	[-6.846875  38.802     44.4908125]
0.09	 1.24	0.13	-0.37	186_L	[-5.963      34.26966667 43.72244444]
-0.07	 -0.2	-0.05	0.08	186_L	[-8.1184375 35.00675   44.2718125]
-0.01	 0.61	0.04	-0.13	186_L	[-5.28559259 38.021      42.37018519]
-0.2	 -1.2	0.17	0.48	186_L	[-6.06165217 36.36243478 39.89986957]
-0.09	 -0.44	-0.08	0.05	186_L	[-4.40352941 34.67741176 41.43894118]
-0.19	 -0.64	0.08	0.35	186_L	[-7.4184  34.52224 41.55644]
-0.27	 -1.03	0.16	0.47	186_L	[-7.54145455 38.18304545 40.5625    ]
-0.2	 -0.7	0.13	0.32	186_L	[-9.11605556 36.50938889 42.17305556]
-0.2	 -0.7	0.16	0.33	186_L	[-8.0566     38.89266667 43.08653333]
0.14	 0.84	-0.15	-0.14	187_N	[-7.8365     36.48233333 50.76816667]
-0.26	 -0.99	0.14	0.36	187_N	[-10.06396429  36.69585714  49.78296429]
-0.02	 0.34	0.03	-0.12	187_N	[-6.66317647 34.20511765 50.08323529]
-0.01	 -0.09	-0.03	0.0	187_N	[-7.53668182 32.6935     48.17131818]
-0.13	 0.27	-0.13	0.08	187_N	[-7.059075 32.351075 46.674   ]
-0.16	 -0.92	-0.04	0.2	187_N	[-9.02076923 32.0865     49.27784615]
-0.08	 -0.35	0.04	-0.0	187_N	[-9.7736875 34.999625  48.0485625]
0.03	 0.07	-0.22	0.05	187_N	[-5.43673333 34.30573333 49.61006667]
-0.11	 -0.96	-0.03	0.18	187_N	[-7.79985 34.4806  50.606  ]
-0.36	 -1.13	0.37	0.63	187_N	[-9.28       30.94590909 48.37572727]
-0.3	 -0.89	0.14	0.42	187_N	[-9.63231818 32.94627273 49.98290909]
0.07	 1.04	0.08	-0.29	188_E	[-6.51921429 36.73878571 50.33507143]
0.09	 2.37	0.07	-0.34	188_E	[-7.22616667 38.6175     51.29116667]
-0.21	 -0.89	-0.07	0.26	188_E	[-9.46030769 39.56976923 49.46451282]
-0.22	 -0.73	0.18	0.33	188_E	[-8.21167568 41.04364865 48.44978378]
-0.19	 -0.93	0.04	0.25	188_E	[-5.6002963 39.8667963 50.5627963]
-0.26	 -0.92	0.04	0.41	188_E	[-7.98482353 38.11964706 51.64894118]
-0.15	 -0.24	0.06	0.15	203_L	[-3.84185106 32.27351064 35.0063617 ]
0.01	 0.41	-0.15	-0.02	203_L	[-3.3898 29.8593 37.0055]
0.07	 0.23	-0.05	-0.13	203_L	[-1.32144444 28.94922222 37.14538889]
0.08	 0.68	0.06	-0.19	203_L	[-2.204      32.821      37.70666667]
0.13	 1.35	-0.03	-0.25	203_L	[-1.1301 34.3098 38.6654]
0.03	 0.32	0.09	-0.22	203_L	[-0.61205263 34.43742105 34.24952632]
0.19	 1.35	0.25	-0.51	203_L	[-2.42011111 31.28011111 33.05844444]
-0.02	 -0.19	-0.03	-0.03	203_L	[-1.91219048 30.78109524 38.01638095]
-0.08	 -0.08	-0.11	0.09	203_L	[-1.958875   33.94016667 37.17175   ]
-0.03	 -0.23	-0.15	0.05	203_L	[-1.15927273 33.34486364 39.45131818]
0.04	 0.34	-0.07	-0.14	203_L	[-0.3995     35.254      35.39892857]
0.08	 0.23	-0.09	-0.05	203_L	[-1.67830769 33.57153846 33.67276923]
0.05	 -0.07	-0.1	-0.02	204_D	[-4.72357143 30.18285714 36.32142857]
0.05	 1.21	0.05	-0.28	204_D	[-4.688      28.909      36.86383333]
0.02	 0.22	-0.13	-0.08	204_D	[-5.728 26.463 33.538]
-0.17	 -0.64	0.07	0.2	204_D	[-3.99562069 25.06527586 34.89137931]
-0.25	 -1.29	0.13	0.37	204_D	[-6.90836364 28.13225758 35.55475758]
-0.2	 -0.68	-0.17	0.2	204_D	[-5.26733333 30.6698     34.80486667]
-0.13	 -0.61	-0.01	0.2	204_D	[-4.099125  27.6426875 37.0006875]
-0.04	 -0.32	-0.15	0.03	205_V	[-5.50175 27.484   32.76025]
0.12	 0.79	0.04	-0.33	205_V	[-5.0225  26.66225 31.62475]
0.1	 0.97	-0.09	-0.22	205_V	[-2.34725  24.714625 33.450625]
-0.15	 -0.44	0.01	0.16	205_V	[-1.08085714 24.51425714 31.94262857]
0.11	 0.71	0.08	-0.27	205_V	[-4.9165 26.9675 30.709 ]
0.09	 1.26	-0.09	-0.11	205_V	[-3.04816667 29.93666667 30.3205    ]
-0.01	 0.4	-0.05	-0.09	205_V	[-3.68290476 25.76104762 28.89514286]
0.01	 0.23	0.02	-0.15	205_V	[-4.57322222 29.31477778 33.03155556]
-0.09	 -0.22	-0.0	0.12	205_V	[-4.34180952 25.31561905 31.80633333]
-0.07	 0.04	-0.04	0.06	205_V	[-4.66089655 28.56475862 30.63165517]
0.11	 0.58	0.06	-0.24	205_V	[-2.73238095 30.20719048 31.62514286]
-0.02	 -0.56	-0.07	-0.02	205_V	[-1.86746667 25.1108     29.37213333]
-0.2	 -0.6	-0.0	0.33	205_V	[-4.63014815 25.85381481 29.37203704]
-0.06	 -0.61	-0.03	0.05	206_L	[-1.34363636 25.64478788 36.23636364]
-0.43	 -0.38	0.22	0.02	206_L	[ 0.98420833 25.38647917 37.18183333]
0.01	 0.1	0.03	-0.08	206_L	[ 0.82825   24.9665625 33.7850625]
0.15	 1.01	0.07	-0.3	206_L	[ 2.4228  25.76175 34.42095]
0.27	 1.31	0.16	-0.43	206_L	[ 1.07435294 25.73147059 30.96152941]
-0.29	 -1.16	0.1	0.47	211_G	[ 4.04491837 21.15332653 42.22163265]
0.02	 1.01	-0.01	-0.13	211_G	[ 3.56138462 23.38584615 42.95207692]
-0.01	 -0.04	-0.08	0.01	211_G	[ 3.13744444 23.74488889 39.978     ]
-0.12	 -0.0	-0.08	-0.02	211_G	[ 4.27497059 21.71317647 39.08838235]
-0.27	 -0.59	-0.1	0.24	211_G	[ 2.7493125 24.0950625 42.3805625]
-0.08	 -0.04	-0.08	-0.06	211_G	[ 5.85765385 23.58523077 42.42884615]
0.15	 1.37	0.21	-0.43	212_F	[ 5.08478571 24.929      40.66864286]
0.07	 1.46	0.08	-0.32	212_F	[ 3.608375 25.0375   38.759   ]
0.12	 0.82	0.07	-0.3	212_F	[ 7.978      24.44963333 40.07673333]
0.15	 1.8	0.1	-0.33	212_F	[ 4.3198125 25.3076875 35.4136875]
-0.49	 0.1	-0.73	-0.19	212_F	[ 3.48009091 24.61945455 37.823     ]
0.16	 0.89	0.01	-0.19	212_F	[ 3.46680769 26.69011538 38.65346154]
0.12	 1.4	0.06	-0.32	212_F	[ 3.25185714 25.64492857 36.13878571]
0.2	 1.39	0.44	-0.66	213_K	[ 5.35858333 23.06383333 34.3805    ]
0.13	 1.37	0.12	-0.44	213_K	[ 8.02458333 19.54966667 36.25016667]
0.07	 0.89	-0.01	-0.23	213_K	[ 7.23673684 20.21531579 38.83442105]
0.03	 0.63	-0.01	-0.25	213_K	[ 9.7045 19.672  38.7245]
-0.02	 0.23	-0.25	0.07	213_K	[ 8.54173333 20.3244     40.81293333]
-0.01	 -2.93	-0.02	-0.11	213_K	[11.04033333 20.92433333 41.52322222]
0.11	 0.72	0.02	-0.26	213_K	[ 5.01236364 23.13613636 36.27027273]
0.07	 0.62	-0.1	-0.14	213_K	[ 9.75857895 20.57194737 36.01484211]
0.15	 0.55	0.15	-0.43	213_K	[ 6.55023529 21.16923529 39.97917647]
-0.15	 -0.34	-0.08	0.08	213_K	[ 7.89591304 19.31695652 38.24530435]
-0.02	 -0.9	-0.04	0.11	213_K	[10.83141176 20.54135294 38.18970588]
-0.18	 -0.08	-0.27	0.17	213_K	[ 8.083  22.2136 41.3102]
-0.16	 -1.07	0.12	0.37	213_K	[ 9.10035 19.39255 40.7214 ]
-0.36	 -0.86	0.27	0.53	213_K	[10.805      20.76909524 42.36966667]
-0.31	 -1.12	0.09	0.41	213_K	[11.8962 20.3681 40.0893]
-0.12	 -0.12	-0.04	0.11	213_K	[11.00768966 22.73486207 40.61975862]
0.15	 1.25	-0.02	-0.25	214_F	[10.18263636 22.08663636 31.04054545]
0.1	 0.94	0.07	-0.36	214_F	[ 8.32536 21.82564 29.87952]
0.11	 0.69	-0.14	-0.16	214_F	[11.75868421 22.73731579 33.033     ]
0.17	 1.39	0.18	-0.45	214_F	[11.01963636 23.03809091 30.808     ]
0.16	 1.18	0.35	-0.59	214_F	[13.272625 24.593375 34.558125]
0.07	 0.69	-0.04	-0.41	215_A	[10.7335     21.18257143 32.42492857]
0.02	 2.49	-0.09	-0.11	215_A	[10.5522 20.4008 31.732 ]
0.13	 1.42	0.25	-0.5	215_A	[ 7.50283333 19.97866667 30.201     ]
-0.16	 -0.52	-0.01	0.17	215_A	[ 6.74260606 18.20136364 30.61133333]
-0.09	 -0.3	-0.02	0.09	215_A	[ 9.85032353 18.17482353 33.56897059]
0.05	 0.35	-0.1	-0.13	215_A	[10.61892308 21.30915385 34.00092308]
-0.12	 -0.13	-0.07	0.16	215_A	[ 9.70488889 20.15544444 30.82403704]
-0.13	 -0.61	0.07	0.18	215_A	[ 8.95671875 17.40815625 32.326625  ]
-0.21	 -0.81	12.35	0.88	215_A	[11.20403846 19.33157692 32.95503846]
-0.08	 -0.24	-0.14	0.08	215_A	[ 8.76942105 18.56757895 34.84542105]
0.05	 0.94	0.3	-0.62	216_N	[ 3.758      18.653      32.53216667]
0.13	 1.04	0.04	-0.26	216_N	[ 3.844      20.82926667 32.0242    ]
-0.11	 -0.17	0.05	0.02	216_N	[ 2.54694872 20.34633333 30.97033333]
0.03	 0.53	-0.03	-0.16	216_N	[ 3.58838889 19.86427778 34.18816667]
-0.15	 -0.62	-0.08	0.19	216_N	[ 3.81509091 18.06690909 35.34754545]
-0.17	 -0.18	-0.03	0.13	216_N	[ 4.65126316 19.71797368 37.12326316]
-0.06	 0.1	0.05	-0.05	216_N	[ 5.707   17.09712 34.25828]
-0.09	 0.08	-0.1	0.13	216_N	[ 4.5375     18.1895     32.00358333]
0.03	 0.39	-0.03	-0.11	216_N	[ 4.36095652 21.82191304 34.48469565]
-0.21	 -0.34	0.02	0.24	216_N	[ 2.88578261 19.85804348 33.93234783]
-0.18	 -0.3	0.07	0.29	216_N	[ 6.3076     17.26917143 35.71562857]
-0.13	 -0.71	-0.02	0.23	216_N	[ 5.96466667 17.052      33.32491667]
0.02	 0.39	0.01	-0.14	217_L	[ 5.36861702 19.83097872 28.73785106]
0.13	 0.4	0.03	-0.27	217_L	[ 4.37684 24.43356 33.50664]
0.06	 0.57	-0.14	-0.04	217_L	[ 2.58330769 22.70238462 30.51192308]
0.02	 0.63	0.01	-0.22	217_L	[ 2.96021622 24.3207027  31.93775676]
-0.14	 -0.37	0.01	0.14	218_E	[ 5.14780556 19.89983333 24.61138889]
-0.01	 0.31	0.14	0.04	218_E	[-0.37788235 21.48529412 26.43458824]
-0.06	 0.0	0.01	-0.01	218_E	[ 0.7245     18.83840909 27.15977273]
-0.22	 -0.46	-0.22	0.43	218_E	[ 1.28858974 18.10274359 25.50279487]
-0.25	 -0.58	-0.03	0.3	218_E	[ 0.615      19.16437209 28.72916279]
0.18	 1.1	0.23	-0.48	218_E	[ 2.1755     21.91935714 29.03164286]
0.01	 0.1	-0.15	-0.03	218_E	[ 3.908      19.19363636 27.005     ]
0.24	 1.67	0.23	-0.49	218_E	[ 0.96564286 23.55614286 25.52321429]
0.22	 1.79	0.18	-0.44	218_E	[ 2.20168421 19.86926316 23.95368421]
-0.1	 0.09	-0.09	0.09	218_E	[ 0.37581481 22.02059259 27.58340741]
-0.01	 0.05	-0.01	-0.12	218_E	[-0.45145161 20.81819355 25.0686129 ]
0.12	 0.61	-0.15	-0.05	219_A	[ 7.52555556 20.76266667 25.44644444]
0.06	 0.21	0.04	-0.26	219_A	[ 7.74103571 21.67260714 27.56375   ]
0.15	 0.81	-0.03	-0.18	219_A	[ 5.901      21.74835714 22.97192857]
0.05	 0.47	-0.23	-0.05	220_S	[ 7.76728571 20.91157143 24.32342857]
0.03	 0.84	-0.04	-0.19	220_S	[ 8.71983333 20.69133333 25.17016667]
-0.1	 -0.38	0.14	-0.08	220_S	[11.642   20.75525 23.77175]
-0.14	 0.52	-0.17	0.08	220_S	[11.039      21.75492308 21.84315385]
0.03	 -0.65	0.02	-0.13	220_S	[ 7.46222222 21.27211111 23.46311111]
-0.14	 -0.18	-0.07	0.15	220_S	[ 9.62058824 21.058      26.46305882]
-0.1	 -0.3	-0.14	0.16	220_S	[12.28230769 21.03215385 24.88034615]
-0.18	 -0.62	0.16	0.24	220_S	[ 9.68389286 20.2895     23.49614286]
0.12	 0.26	0.04	-0.27	220_S	[12.70590476 22.97266667 22.75452381]
-0.02	 0.35	-0.14	-0.07	221_V	[13.73741667 22.148      27.97275   ]
0.01	 0.51	0.05	-0.14	221_V	[11.01271429 22.39521429 27.72146429]
0.18	 1.1	0.17	-0.41	221_V	[10.90865 23.26415 29.60365]
0.07	 0.42	-0.06	0.08	222_V	[17.10533333 22.851      26.43166667]
-0.05	 0.38	0.11	-0.12	222_V	[15.07623529 22.04145098 24.54872549]
0.14	 1.77	-0.07	-0.11	222_V	[16.63533333 23.17455556 27.801     ]
0.13	 0.72	0.07	-0.3	222_V	[18.08982609 23.17634783 26.00104348]
-0.28	 -0.8	-0.1	0.37	222_V	[16.43104762 21.89242857 23.54542857]
-0.17	 -0.56	0.09	0.35	222_V	[15.71844 21.60452 26.54928]
0.17	 1.45	0.12	-0.41	222_V	[16.89072727 23.38545455 22.49290909]
-0.03	 0.24	-0.11	0.03	223_A	[21.0445     24.88626471 28.259     ]
0.07	 -0.04	-0.01	-0.13	223_A	[17.95679167 24.25333333 28.71458333]
0.08	 0.59	0.02	-0.26	223_A	[19.18925926 25.39285185 30.76422222]
0.11	 1.42	-0.06	-0.2	224_F	[22.1774 23.9974 26.4682]
-0.02	 0.23	-0.11	-0.03	224_F	[21.21    22.80728 25.2686 ]
0.08	 0.49	-0.02	-0.14	224_F	[19.9713125 24.19375   21.5863125]
-0.01	 -0.07	-0.05	-0.06	224_F	[20.525375   22.60584375 23.3960625 ]
0.1	 0.86	-0.0	-0.28	224_F	[22.95523529 26.10858824 27.66188235]
0.05	 0.63	0.0	0.15	224_F	[23.23975   24.7535625 26.2124375]
-0.17	 -0.59	0.04	0.26	224_F	[22.46883333 21.98875    24.877875  ]
0.03	 0.06	-0.07	-0.04	224_F	[18.478625  23.3370625 22.225875 ]
-0.3	 -0.88	-0.0	0.47	224_F	[19.4013  21.68585 23.6421 ]
0.15	 0.85	0.14	-0.33	225_E	[25.63040909 28.99818182 23.48554545]
0.17	 1.31	0.19	-0.54	225_E	[25.62690476 30.45690476 29.05014286]
0.04	 0.68	-0.13	-0.16	225_E	[27.21816667 27.89358333 25.26708333]
-0.01	 0.51	-0.05	-0.05	225_E	[28.25465385 27.93523077 28.0575    ]
-0.22	 -0.27	-0.15	0.26	225_E	[28.02754054 28.37294595 29.65902703]
-0.11	 -0.39	1.28	0.67	225_E	[29.9565     28.157125   26.51416667]
0.15	 1.1	0.06	-0.3	225_E	[24.32652941 26.73429412 26.91723529]
0.06	 0.56	-0.13	-0.06	225_E	[26.40313636 31.23054545 28.72781818]
-0.05	 0.07	-0.2	-0.03	225_E	[26.48195455 27.11009091 26.32372727]
0.15	 0.26	0.1	-0.26	225_E	[28.08557143 29.92785714 25.15785714]
0.2	 0.99	0.12	-0.37	226_G	[27.44       31.15446154 23.40457692]
0.13	 1.74	0.19	-0.44	227_S	[30.78692857 34.08328571 24.08935714]
0.07	 0.93	0.06	-0.36	227_S	[31.07273333 33.7154     23.23613333]
0.2	 1.19	0.44	-0.65	228_I	[26.04090909 41.33754545 20.88227273]
0.22	 1.36	0.23	-0.48	228_I	[26.86590476 38.14404762 23.57309524]
0.1	 0.65	-0.08	-0.2	228_I	[25.76686667 40.34056667 22.0398    ]
0.14	 1.28	0.37	-0.63	229_N	[31.14142857 41.32471429 20.404     ]
-0.09	 -0.19	-0.06	0.08	229_N	[32.42      40.3333125 19.70575  ]
0.12	 1.64	0.23	-0.49	229_N	[31.53575 41.3201  22.60815]
-0.01	 0.19	-0.02	-0.0	229_N	[29.87338462 42.36326923 22.67338462]
-0.32	 -0.99	0.17	0.45	229_N	[30.74194118 43.09411765 24.17570588]
0.04	 1.02	-0.01	-0.2	229_N	[27.98640909 42.09904545 22.24140909]
0.15	 0.47	0.08	-0.26	229_N	[28.66705556 39.15688889 23.54888889]
0.15	 1.42	0.1	-0.39	229_N	[29.57685714 39.88842857 23.98885714]
-0.18	 -0.3	-0.2	0.11	229_N	[32.5805  41.03605 22.73055]
-0.2	 -0.19	2.03	1.11	229_N	[27.8052619  43.23114286 22.06959524]
0.07	 0.94	0.28	-0.52	230_K	[33.9618 36.2136 19.8596]
0.13	 0.63	-0.09	-0.1	230_K	[33.10983333 36.7245     18.30583333]
-0.12	 -0.37	0.0	0.18	230_K	[33.47208333 34.69183333 19.04395833]
-0.07	 -0.39	-0.44	0.09	230_K	[33.103625 34.210625 22.593375]
0.03	 0.37	-0.25	0.1	230_K	[34.61233333 35.55266667 23.10533333]
0.07	 0.37	-0.02	-0.17	230_K	[35.78233333 37.82258333 21.94116667]
0.02	 -0.09	-0.26	0.04	230_K	[35.69222222 38.36422222 24.93344444]
-0.01	 -2.96	-0.04	-0.09	230_K	[37.04233333 39.57255556 23.84433333]
0.04	 0.09	-0.02	-0.09	230_K	[33.93963636 37.57631818 19.81227273]
0.13	 1.26	0.2	-0.46	230_K	[32.21165 34.6194  23.16345]
-0.13	 -0.25	-0.13	0.05	230_K	[34.05868 34.8218  21.50884]
-0.07	 -0.12	0.08	-0.07	230_K	[34.35694444 35.63077778 24.07933333]
-0.27	 -0.71	-0.03	0.25	230_K	[36.12425 36.7725  22.31575]
-0.03	 -0.12	-0.1	-0.08	230_K	[34.54435294 39.27447059 21.46617647]
0.04	 0.35	0.24	-0.07	230_K	[33.79286364 39.86586364 24.31368182]
-0.12	 -0.16	-0.04	0.19	230_K	[35.70855 37.42415 25.2469 ]
-0.38	 -0.71	0.24	0.46	230_K	[37.13552174 39.73469565 24.71486957]
-0.28	 -1.26	0.22	0.42	230_K	[37.66005 38.35955 22.9135 ]
-0.32	 -0.69	0.15	0.46	230_K	[36.09291304 40.49034783 22.70773913]
0.1	 1.42	0.25	-0.53	231_R	[28.92483333 33.81883333 16.85283333]
-0.13	 -0.29	-0.0	0.1	231_R	[30.6995     32.64623913 17.19841304]
0.06	 1.52	-0.07	-0.13	231_R	[31.79716667 34.64533333 15.58216667]
0.1	 1.24	0.05	-0.27	231_R	[30.86077778 37.21283333 13.64327778]
0.03	 0.36	-0.0	-0.17	231_R	[31.21453846 38.16719231 12.76873077]
-0.04	 -0.89	-0.0	0.14	231_R	[31.93569231 40.39384615 13.94330769]
-0.08	 -0.65	0.38	0.31	231_R	[32.56893548 38.17922581 11.67290323]
-0.03	 0.14	0.02	0.09	231_R	[32.67634783 35.62117391 16.379     ]
-0.04	 0.13	-0.07	-0.09	231_R	[29.70580952 34.7152381  15.64438095]
-0.04	 0.29	0.01	-0.07	231_R	[32.10168421 38.50452632 16.61057895]
0.11	 1.29	-0.03	-0.26	231_R	[28.99766667 36.103      14.3028    ]
-0.09	 -0.31	-0.03	0.1	231_R	[31.5532963  36.23062963 13.52333333]
0.13	 0.73	0.06	-0.31	231_R	[30.93766667 40.66977778 14.97666667]
-0.11	 -0.38	-0.07	0.15	231_R	[31.27379167 41.428      12.31466667]
-0.22	 -0.91	0.07	0.39	231_R	[32.55758065 36.91693548 11.65032258]
-0.19	 -0.93	0.12	0.35	231_R	[32.43425926 39.17492593 10.84640741]
0.13	 1.42	0.21	-0.49	232_K	[27.8266 30.2902 20.6283]
0.08	 0.98	-0.11	-0.14	232_K	[27.533      30.68507692 21.53376923]
0.12	 1.31	0.08	-0.33	232_K	[31.64066667 32.0565     19.39816667]
0.04	 0.57	-0.0	-0.25	232_K	[31.0615625 29.740125  20.5319375]
0.09	 0.97	-0.04	-0.23	232_K	[31.96706667 31.41326667 23.15393333]
-0.02	 0.47	-0.12	0.06	232_K	[32.3525     28.67272222 22.59094444]
-0.0	 -2.93	-0.02	-0.11	232_K	[34.37633333 28.79666667 23.57077778]
-0.07	 0.12	-0.11	-0.05	232_K	[30.10157895 30.65526316 18.73152632]
0.13	 0.79	0.03	-0.21	232_K	[32.39505882 32.67282353 20.31241176]
-0.16	 0.34	-0.25	0.12	232_K	[29.6178125  29.5999375  21.57165625]
-0.16	 -0.28	-0.03	0.17	232_K	[32.17072 30.2336  20.05312]
-0.08	 -0.2	-0.17	0.1	232_K	[32.89673913 32.09873913 22.63991304]
-0.33	 0.48	-0.31	-0.07	232_K	[30.57209756 30.70897561 24.20697561]
-0.13	 -0.44	2.15	0.46	232_K	[31.501      28.37926667 23.8864    ]
-0.21	 -0.65	0.07	0.28	232_K	[33.0106  28.5032  21.29965]
-0.34	 -0.86	0.27	0.54	232_K	[34.46152381 27.8857619  23.58147619]
-0.3	 -0.92	0.14	0.46	232_K	[34.86525    30.26045833 22.57279167]
-0.21	 -0.89	-0.03	0.4	232_K	[33.323      29.8038     24.77763333]
0.08	 1.07	0.22	-0.47	233_I	[26.51966667 30.07311111 20.33355556]
0.08	 0.46	-0.07	-0.17	233_I	[28.12205263 30.95952632 17.38989474]
0.17	 1.53	0.16	-0.42	233_I	[25.7226  30.17285 21.20205]
0.2	 1.28	0.47	-0.57	233_I	[27.35209091 33.71422727 16.63809091]
0.11	 1.41	0.15	-0.42	234_S	[26.91868182 29.59040909 18.048     ]
0.09	 0.79	0.14	-0.52	234_S	[26.9375     29.19116667 16.35266667]
0.1	 1.22	0.04	-0.3	234_S	[25.49561538 25.57684615 17.73492308]
0.01	 0.8	-0.02	-0.22	234_S	[24.54955 25.6212  16.83505]
-0.09	 -0.49	-0.02	-0.01	234_S	[27.80405 26.637   16.5364 ]
-0.18	 0.24	0.02	0.21	234_S	[27.30221739 25.33552174 18.6246087 ]
0.13	 1.22	0.12	-0.37	234_S	[28.03092857 29.15464286 19.42978571]
0.04	 0.76	-0.2	-0.19	234_S	[26.47225    28.35208333 15.71516667]
-0.26	 -0.82	0.11	0.46	234_S	[26.94613043 26.32491304 15.88513043]
-0.17	 -0.66	0.06	0.25	234_S	[28.48255172 28.14341379 16.91982759]
-0.18	 -0.79	-0.09	0.41	234_S	[28.30034483 27.03717241 19.62727586]
0.1	 1.2	0.26	-0.45	235_Q	[22.305625 24.948625 19.682375]
0.17	 1.34	0.02	-0.29	235_Q	[20.71625  25.301875 19.987125]
0.03	 0.37	-0.2	0.07	235_Q	[22.801      24.512      20.71266667]
0.01	 0.12	-0.09	-0.05	235_Q	[25.87073333 23.9818     20.98993333]
-0.16	 -0.73	-0.07	0.2	235_Q	[26.49472727 24.63836364 23.11436364]
0.03	 0.28	-0.05	-0.09	235_Q	[25.56751515 26.32409091 24.18672727]
-0.11	 -0.06	0.01	0.11	235_Q	[25.5956875 22.655     23.564875 ]
0.11	 0.93	0.04	-0.24	235_Q	[25.60596552 28.06117241 20.9812069 ]
0.12	 1.03	0.14	-0.41	235_Q	[23.76528205 24.50197436 19.14871795]
0.14	 1.01	0.04	-0.24	235_Q	[22.11488235 24.58070588 21.27588235]
-0.11	 -0.43	-0.22	0.11	235_Q	[24.11142308 23.38573077 20.81326923]
-0.05	 0.06	-0.2	0.05	235_Q	[26.41352632 25.64115789 21.15110526]
-0.19	 -0.58	0.1	0.27	235_Q	[24.34322222 22.30518519 22.66555556]
-0.2	 -0.53	0.1	0.31	235_Q	[25.12190909 23.21913636 24.92981818]
0.04	 1.1	0.15	-0.43	237_R	[21.105   29.53875 13.95475]
0.1	 1.51	0.11	-0.38	237_R	[22.261      26.77109091 13.99318182]
0.17	 1.46	0.19	-0.44	237_R	[20.49992857 28.62585714 13.2615    ]
0.07	 0.53	-0.03	-0.17	237_R	[23.429875  28.508     13.9390625]
-0.1	 -0.56	-0.05	0.11	237_R	[25.78875    29.99983333 13.16616667]
-0.07	 1.04	-0.04	0.09	237_R	[26.5644 31.687  13.2088]
-0.05	 0.54	0.04	-0.01	237_R	[26.007      32.69557143 12.20942857]
-0.06	 -0.6	0.01	0.05	237_R	[24.28933333 32.80844444 11.15594444]
-0.04	 -0.06	-0.05	0.03	237_R	[26.59994737 34.57384211 12.656     ]
0.18	 0.98	0.07	-0.29	237_R	[20.60431579 30.32589474 14.35347368]
0.1	 0.65	-0.02	-0.18	237_R	[24.62611111 27.74883333 15.07844444]
-0.09	 -0.13	-0.26	0.06	237_R	[22.7524     28.55771429 12.96705714]
0.13	 0.72	0.08	-0.31	237_R	[22.0165     31.30371429 13.5585    ]
-0.03	 -0.07	0.02	-0.25	237_R	[26.24805405 29.40245946 15.01872973]
-0.21	 -0.54	0.15	0.35	237_R	[24.99657143 30.27742857 12.21978571]
-0.02	 0.16	0.03	0.02	237_R	[26.89386207 32.02562069 15.231     ]
-0.12	 -0.68	-0.1	0.13	237_R	[23.03869565 31.93856522 11.81030435]
-0.06	 0.25	-0.22	0.0	237_R	[23.50196 34.46088 10.868  ]
0.01	 0.35	-0.02	-0.07	237_R	[27.27703226 34.42916129 14.47812903]
0.11	 1.13	-0.18	-0.19	237_R	[26.20663636 35.88709091 11.97027273]
0.1	 1.42	0.06	-0.28	238_E	[22.88646154 26.24430769 15.04707692]
-0.02	 1.21	-0.07	-0.16	238_E	[22.37466667 25.29633333 14.60266667]
0.15	 1.29	0.17	-0.44	238_E	[18.71694118 23.58982353 14.14341176]
0.05	 0.4	-0.01	-0.24	238_E	[22.51325 23.8145  14.9005 ]
0.15	 0.88	0.09	-0.35	238_E	[20.58272222 22.01377778 15.83294444]
-0.09	 -0.82	-0.02	0.06	238_E	[22.0149 21.5196 16.8625]
-0.21	 -0.25	-0.11	0.29	238_E	[23.56247619 22.3922619  17.97954762]
-0.3	 -0.99	-0.11	0.56	238_E	[21.31021951 19.9515122  16.38321951]
0.07	 0.19	-0.03	-0.07	238_E	[21.60257895 24.75163158 13.84442105]
-0.14	 -0.65	-0.15	0.22	238_E	[23.46035714 24.26742857 15.82121429]
0.09	 0.53	0.05	-0.21	238_E	[21.23213636 24.25577273 18.3925    ]
0.08	 0.74	0.02	-0.21	238_E	[19.45554167 22.83558333 17.381     ]
-0.15	 -0.49	-0.15	0.21	238_E	[20.54092857 22.35189286 14.56225   ]
0.12	 1.52	0.26	-0.52	239_W	[19.4512 24.5893 18.0416]
0.1	 1.63	-0.05	-0.21	239_W	[18.6205     24.358      18.06283333]
0.12	 1.35	0.14	-0.41	239_W	[15.03535714 23.86985714 20.91378571]
0.19	 1.07	0.11	-0.35	239_W	[17.60622222 23.87772222 18.16655556]
0.07	 0.73	-0.04	-0.16	239_W	[18.69230435 24.89947826 19.87234783]
-0.05	 -0.14	-0.23	0.01	239_W	[16.27065517 23.76010345 20.78062069]
0.22	 1.71	0.22	-0.47	239_W	[13.85733333 24.13338095 21.88752381]
0.14	 0.77	-0.04	-0.22	240_I	[18.0228125 30.542375  11.9695625]
0.21	 1.69	0.23	-0.49	240_I	[19.2604 31.6898 14.4022]
0.14	 1.25	0.1	-0.36	240_I	[19.02861538 29.64661538 13.48861538]
0.14	 0.92	0.16	-0.42	240_I	[18.26835294 31.86470588 12.79211765]
0.07	 1.23	0.45	-0.78	241_D	[17.3272 25.6964 10.2696]
0.05	 0.26	-0.05	-0.18	241_D	[17.32088889 23.50433333 11.994     ]
-0.11	 -0.52	-0.03	0.14	241_D	[15.53037037 24.14444444 10.4077037 ]
0.03	 0.8	0.05	-0.2	241_D	[19.059125   24.66304167 11.660625  ]
-0.11	 0.31	0.04	-0.02	241_D	[19.34    26.49025  9.7385 ]
-0.1	 0.1	-0.06	0.07	241_D	[19.42248718 28.59510256 10.68769231]
-0.19	 -0.48	0.07	0.31	241_D	[21.69548649 26.36521622 11.01032432]
0.12	 1.26	0.05	-0.26	241_D	[17.07391667 26.35458333 10.10516667]
0.07	 0.16	-0.44	0.09	241_D	[20.03609091 24.24845455 13.02463636]
-0.25	 -0.79	0.05	0.39	241_D	[18.7492  24.25275 10.66415]
0.14	 1.5	0.08	-0.33	242_E	[17.40509091 23.27327273 13.30109091]
0.03	 1.02	0.18	-0.48	242_E	[14.4015  21.86625 13.39925]
-0.09	 -0.01	0.04	0.07	242_E	[12.47953333 23.13728889 12.51688889]
0.06	 0.39	-0.09	-0.14	242_E	[14.5425  21.5285  14.22775]
0.04	 0.71	-0.13	-0.13	242_E	[17.51915 21.49175 14.98565]
-0.04	 -0.02	-0.04	0.0	242_E	[16.18188 21.359   17.44852]
-0.15	 -0.44	0.06	0.19	242_E	[14.81657143 21.86335714 18.50139286]
-0.18	 -0.55	0.01	0.29	242_E	[17.67302381 20.24664286 17.23021429]
-0.19	 -0.61	-0.05	0.15	242_E	[15.55113043 21.9933913  12.71630435]
-0.02	 0.16	0.03	0.01	242_E	[13.63985 21.88705 15.32615]
-0.26	 -0.72	0.28	0.08	242_E	[16.30585 20.6719  14.5106 ]
0.05	 1.3	-0.1	-0.23	242_E	[18.3295   22.444125 14.7085  ]
0.18	 1.42	0.23	-0.48	243_K	[10.9505 25.1625 12.228 ]
0.05	 1.25	0.03	-0.22	243_K	[10.2740625 24.421625  16.7849375]
-0.0	 1.23	-0.22	0.02	243_K	[11.1702 22.0456 19.0076]
0.05	 0.76	0.02	-0.19	243_K	[10.50761905 25.23490476 14.29852381]
0.16	 -0.02	0.03	-0.24	243_K	[ 9.67071429 24.89642857 17.56185714]
-0.0	 0.26	-0.04	-0.06	243_K	[11.37853333 23.72046667 15.7696    ]
0.01	 0.39	-0.09	-0.04	243_K	[12.65329032 22.61612903 19.93629032]
0.12	 1.1	0.14	-0.3	243_K	[10.26566667 23.29133333 17.97066667]
-0.16	 -0.29	-0.01	0.2	243_K	[11.53838095 22.27290476 17.42595238]
0.14	 0.76	-0.02	-0.26	244_L	[12.169      25.70545455  9.18872727]
-0.22	 -0.43	-0.18	0.22	244_L	[11.149      24.67661905  9.56385714]
0.09	 0.59	-0.08	-0.16	244_L	[14.923375 27.220875  8.228   ]
0.03	 0.21	-0.07	-0.12	244_L	[17.24761538 29.45746154  8.63938462]
-0.19	 -0.35	0.03	0.22	244_L	[12.59978049 26.3202439   7.52363415]
0.06	 -0.22	0.02	-0.07	244_L	[15.44218182 26.40581818  9.22081818]
0.06	 0.06	-0.02	-0.13	244_L	[14.37270588 27.93852941  7.52535294]
0.02	 1.0	0.0	-0.05	244_L	[17.11253333 27.7904      9.132     ]
0.04	 -0.04	-0.18	0.02	244_L	[16.24038889 29.64238889  7.37866667]
