0.12	 0.16	0.02	-0.14	1_M	[11.07672222 14.08483333 19.35316667]
0.07	 0.47	-0.12	-0.05	1_M	[14.58     12.23625  18.853375]
0.03	 0.1	0.04	-0.16	1_M	[14.34654167 10.157125   17.93891667]
-0.18	 -0.88	0.1	0.23	1_M	[13.894275 13.970275 17.668125]
-0.14	 -0.58	-0.01	0.15	1_M	[13.37262857 14.47228571 15.43282857]
-0.1	 -0.45	0.04	0.09	1_M	[10.38343478 16.03752174 16.811     ]
-0.16	 -0.58	-0.02	0.19	1_M	[10.5752  16.25572 14.09476]
-0.05	 -0.16	-0.39	0.12	2_S	[12.49253571 12.82360714 20.60514286]
-0.12	 -0.76	0.03	0.11	2_S	[14.88666667 11.568125   21.44275   ]
0.16	 0.76	0.01	-0.22	2_S	[15.52383333  9.88008333 20.15783333]
-0.1	 -0.53	0.1	0.13	2_S	[12.1799661  11.16918644 22.59064407]
-0.11	 -0.5	-0.19	0.1	2_S	[12.46890909  9.52531818 24.2565    ]
0.01	 -0.03	-0.05	-0.08	3_Q	[15.19231818  9.01745455 22.77459091]
0.25	 1.47	0.21	-0.47	3_Q	[15.20008333  4.45358333 20.79141667]
-0.03	 0.0	-0.04	-0.05	3_Q	[16.58923077  5.99774359 22.1644359 ]
-0.22	 -1.06	0.06	0.29	3_Q	[18.12768293  8.1437561  21.86187805]
-0.06	 0.36	-0.06	0.04	3_Q	[18.19147059  7.22835294 19.70658824]
-0.05	 0.23	-0.0	-0.04	3_Q	[16.70330556  8.04958333 18.43802778]
-0.19	 -0.69	0.03	0.27	3_Q	[19.55607273  6.21623636 19.68167273]
0.18	 1.25	0.1	-0.35	4_S	[13.88685  6.86795 23.6585 ]
0.08	 1.1	-0.02	-0.2	4_S	[ 9.81847368  7.95707895 23.14036842]
-0.13	 -0.67	-0.01	0.15	4_S	[11.85581818  7.45215152 25.43554545]
0.19	 0.95	0.11	-0.4	5_N	[ 9.49731034  8.4017931  20.58734483]
0.19	 1.27	0.21	-0.48	5_N	[ 7.64192308  8.74638462 20.65161538]
0.17	 1.18	0.03	-0.32	5_N	[10.17076923 10.07669231 19.92523077]
0.17	 1.47	0.31	-0.55	6_R	[14.756       4.79303226 17.91741935]
0.03	 0.57	-0.06	-0.1	6_R	[14.98944118  1.79597059 17.77782353]
-0.11	 -0.07	1.4	0.06	6_R	[15.14647059  2.25543137 15.12843137]
-0.43	 -0.68	0.36	0.46	6_R	[17.62104167  2.52216667 15.44083333]
-0.06	 -0.12	-0.07	0.06	6_R	[17.66645833  4.25795833 16.57329167]
0.08	 0.59	-0.05	-0.17	6_R	[16.48422449  5.48959184 17.49681633]
-0.21	 -0.89	0.42	0.41	6_R	[19.52932727  4.45716364 16.46832727]
0.05	 0.4	-0.07	-0.14	7_E	[14.10416  0.88928 20.77308]
0.14	 0.17	0.05	-0.26	7_E	[12.35790476 -0.94661905 22.17633333]
0.06	 -0.09	-0.17	-0.1	7_E	[13.32611111  0.38977778 23.46933333]
-0.15	 -0.55	-0.06	0.18	7_E	[15.19505882  2.17976471 22.42      ]
-0.04	 -0.12	-0.1	0.0	7_E	[14.39417391  3.74265217 24.91247826]
-0.2	 -0.64	0.09	0.27	7_E	[16.07235714  4.1815     24.5232381 ]
0.06	 0.56	-0.04	-0.12	7_E	[13.0845      3.35666667 25.72793333]
0.17	 1.33	0.23	-0.49	9_V	[11.96979167  1.22175    16.05820833]
0.17	 1.64	0.14	-0.4	9_V	[11.89631579  0.14663158 14.94410526]
0.1	 0.68	-0.09	-0.12	10_V	[13.69986667 -1.7222     20.1354    ]
-0.05	 -0.67	-0.0	0.03	10_V	[14.65705882 -4.00973529 19.81694118]
0.03	 0.36	-0.04	-0.13	10_V	[14.73207692 -0.98146154 17.09064615]
0.14	 0.98	0.09	-0.35	11_D	[12.07       -2.73569231 21.17769231]
0.03	 0.18	-0.07	-0.13	11_D	[11.28095652 -5.03082609 21.453     ]
0.14	 1.37	0.38	-0.62	11_D	[ 9.67384615 -6.38192308 21.66161538]
0.07	 0.71	-0.06	-0.16	11_D	[11.425625  -3.0111875 23.0344375]
-0.03	 0.0	-0.01	-0.04	11_D	[10.10824444 -5.06011111 24.62362222]
0.14	 1.11	0.27	-0.52	12_F	[ 2.37077778 -5.3352963  15.52385185]
0.13	 0.91	0.1	-0.33	12_F	[ 0.73522581 -5.10841935 16.92848387]
0.23	 1.36	0.12	-0.41	14_S	[11.6395 -9.7908 17.9002]
0.07	 0.4	-0.06	-0.15	14_S	[ 9.82030769 -9.75861538 20.29676923]
0.04	 0.45	-0.03	-0.09	14_S	[ 10.49410714 -10.85567857  18.43842857]
-0.15	 -0.61	-0.09	0.2	14_S	[11.87651163 -8.27372093 20.03923256]
0.11	 0.4	0.03	-0.21	14_S	[13.34995455 -6.87204545 19.50431818]
0.26	 1.37	0.15	-0.41	15_Y	[ 9.23046154 -8.04107692 20.99461538]
0.09	 0.29	0.01	-0.22	15_Y	[ 7.9673913  -9.51073913 21.66926087]
-0.01	 0.05	-0.11	-0.04	15_Y	[  6.681      -10.35753333  23.1016    ]
-0.08	 -0.29	0.0	0.1	15_Y	[  4.24021429 -11.03207143  23.87571429]
0.14	 1.73	-0.06	-0.17	15_Y	[ 3.072875 -8.89875  24.391   ]
-0.15	 -0.43	0.02	0.16	15_Y	[  1.50507407 -10.23822222  24.07774074]
0.16	 0.97	0.13	-0.41	16_K	[  3.92413793 -11.90972414  15.40562069]
0.17	 0.74	-0.0	-0.28	16_K	[ 3.758      -9.22910526 14.68815789]
0.05	 0.52	0.12	-0.14	16_K	[ 2.94855556 -7.20255556 15.03377778]
0.02	 0.21	0.55	0.27	16_K	[ 1.78119048 -9.38121429 15.8437381 ]
0.08	 0.6	-0.16	-0.17	16_K	[ 0.82046667 -6.64233333 17.0062    ]
0.21	 1.24	0.13	-0.37	16_K	[-0.7029375 -9.8420625 18.59175  ]
0.22	 1.47	0.37	-0.6	17_L	[ 10.95131579 -11.42794737  16.32105263]
0.17	 0.71	0.1	-0.34	17_L	[ 11.9117     -10.98616667  13.23346667]
0.23	 1.55	0.15	-0.41	17_L	[ 10.80892857 -12.26878571  12.29485714]
0.12	 0.84	0.02	-0.26	18_S	[  9.08230769 -15.46492308  18.59284615]
0.14	 0.72	0.02	-0.32	18_S	[  6.3827 -14.9308  20.2567]
-0.07	 -0.27	0.0	0.08	18_S	[  6.99576316 -16.6225      19.04336842]
-0.19	 -0.71	0.06	0.23	18_S	[  9.231625 -13.390375  20.598775]
-0.07	 -0.1	-0.03	0.01	18_S	[  6.6866     -12.7824      21.51216667]
-0.0	 -0.18	-0.01	-0.04	19_Q	[  4.1927  -15.3439   19.50195]
0.14	 1.97	-0.12	-0.1	19_Q	[  4.57725 -16.9895   18.06475]
-0.16	 -0.34	0.07	0.2	19_Q	[  2.92778571 -16.61669048  16.8347381 ]
0.05	 0.29	-0.01	-0.13	19_Q	[  2.2884     -13.65302857  17.29154286]
-0.01	 -0.53	-0.04	0.02	19_Q	[  3.13890476 -13.47433333  20.70819048]
-0.16	 -0.61	-0.05	0.18	19_Q	[  0.85466667 -12.81422222  19.22777778]
0.03	 0.65	-0.42	0.0	19_Q	[  1.15195349 -11.50372093  17.47360465]
-0.09	 -0.21	0.04	0.09	19_Q	[  0.82162857 -12.11134286  21.15245714]
0.05	 0.5	-0.15	-0.04	20_K	[  4.09336364 -17.43827273  14.53518182]
-0.11	 -0.13	-0.05	0.1	20_K	[  5.3491 -18.4429  15.3369]
-0.09	 -0.55	0.04	0.09	20_K	[  6.58639394 -18.44751515  13.33224242]
0.2	 1.02	-0.04	-0.23	20_K	[  5.290375 -16.2775    12.228375]
-0.13	 -0.8	0.02	0.16	20_K	[  2.73885294 -16.31732353  12.94282353]
-0.2	 -1.21	-0.08	0.4	20_K	[  1.36352381 -14.63685714  11.53995238]
-0.11	 -0.31	0.25	0.24	20_K	[  1.224625  -12.9585875  14.080225 ]
0.04	 0.79	-0.09	-0.09	21_G	[  5.889  -17.9919  17.0157]
-0.2	 -0.82	0.02	0.27	21_G	[  7.89129268 -19.09719512  16.83619512]
-0.02	 0.44	0.17	-0.22	21_G	[  9.59005263 -17.46294737  17.28131579]
-0.15	 -0.59	0.05	0.17	21_G	[ 10.38483333 -19.12038095  14.96378571]
0.12	 1.2	0.12	-0.41	22_Y	[ 10.0186 -16.3778  17.314 ]
0.02	 0.23	-0.23	-0.03	22_Y	[ 11.92377778 -17.37788889  15.35866667]
-0.04	 0.0	-0.14	-0.04	22_Y	[ 11.60242857 -16.6615      16.97685714]
0.06	 0.37	-0.05	-0.15	22_Y	[ 11.10528125 -13.7065625   17.66303125]
0.13	 0.72	0.0	-0.23	22_Y	[ 11.76984375 -14.173625    13.53090625]
-0.1	 -0.46	-0.03	0.14	22_Y	[ 12.1712     -16.86586667  12.32233333]
-0.17	 -0.72	0.03	0.22	22_Y	[ 11.26783333 -18.07819444  10.54888889]
0.09	 0.3	-0.05	-0.16	22_Y	[  7.103625   -16.46115625  10.44671875]
0.03	 -0.2	-0.02	-0.12	22_Y	[  8.99592857 -18.576       11.76385714]
-0.17	 -0.47	-0.01	0.2	22_Y	[  8.88923077 -18.43605128   9.00684615]
-0.07	 -0.36	-0.18	0.04	23_S	[ 13.29740909 -16.26218182  15.47836364]
-0.08	 0.74	-0.18	0.01	23_S	[ 13.03842857 -13.60635714  18.03821429]
0.18	 1.29	0.06	-0.34	23_S	[ 14.55305263 -13.30005263  15.61189474]
-0.17	 -0.65	0.0	0.2	23_S	[ 15.5683617  -14.1043617   14.93185106]
-0.25	 -1.12	0.1	0.35	23_S	[ 14.76118605 -16.18527907  17.97834884]
-0.27	 -0.84	0.04	0.39	23_S	[ 15.95617778 -14.0946      18.7836    ]
0.11	 0.62	0.06	-0.21	24_W	[ 13.3275  -11.5075   17.02325]
-0.03	 0.18	-0.2	-0.06	24_W	[ 15.72869231 -11.94992308  14.26653846]
0.1	 0.6	-0.05	-0.2	24_W	[ 17.0805  -11.77875  16.9755 ]
-0.05	 -0.28	-0.08	-0.0	24_W	[15.45888235 -9.66       18.27552941]
0.12	 0.79	0.08	-0.24	24_W	[ 13.5726     -11.68306667  14.3274    ]
-0.03	 -0.02	0.0	-0.03	24_W	[15.68535 -9.80785 12.75305]
0.15	 1.31	0.04	-0.25	24_W	[16.67261111 -7.63927778 11.90844444]
0.13	 1.42	-0.08	-0.25	24_W	[15.56342857 -3.69614286 13.59657143]
0.22	 1.2	0.12	-0.38	24_W	[15.13136842 -3.44084211 14.93194737]
-0.07	 -0.3	-0.15	0.04	25_S	[ 17.83661111 -11.411       15.12472222]
-0.14	 -0.62	-0.04	0.16	25_S	[ 19.07395455 -10.40095455  17.44813636]
0.07	 1.1	0.11	-0.38	25_S	[18.0074 -9.5062 18.3048]
-0.16	 -0.66	0.1	0.17	25_S	[19.23844444 -7.84719444 18.44986111]
-0.2	 -1.11	0.1	0.3	25_S	[20.43539535 -9.93088372 15.04555814]
-0.05	 0.28	0.03	-0.02	25_S	[19.31996667 -8.0837     13.35506667]
0.18	 1.34	0.23	-0.47	26_Q	[17.69390476 -4.54619048 16.7607619 ]
-0.16	 -0.46	-0.16	0.21	26_Q	[17.93065  -3.513025 17.47525 ]
-0.11	 -0.58	-0.0	0.12	26_Q	[16.55907895 -6.37647368 19.33686842]
-0.05	 0.23	-0.01	-0.07	27_F	[20.37540909 -4.54018182 16.53477273]
0.13	 1.09	0.05	-0.29	27_F	[19.52365217 -4.44334783 13.63391304]
0.09	 0.43	-0.01	-0.17	27_F	[17.28911111 -3.39719444 13.56816667]
-0.21	 -1.04	0.05	0.3	27_F	[21.88069091 -6.02541818 14.84965455]
-0.12	 -0.5	-0.13	0.1	28_S	[21.72634783 -3.14734783 13.80656522]
-0.18	 -0.81	-0.04	0.23	28_S	[21.8385     -1.77804167 11.966125  ]
-0.05	 0.07	-0.1	0.07	28_S	[19.04455102 -0.91393878 12.45171429]
-0.3	 -0.99	2.37	0.71	28_S	[20.594275  0.5392   12.907875]
-0.13	 -0.54	0.07	0.13	28_S	[20.07327778 -3.19940741 10.47792593]
-0.23	 -0.93	0.08	0.37	78_R	[-0.07057895  9.50926316 37.32461404]
-0.11	 -0.34	-0.01	0.14	78_R	[ 2.4893913  10.07391304 37.95895652]
0.1	 0.53	0.03	-0.23	78_R	[ 0.8043 11.2871 35.2953]
0.0	 -0.37	-0.0	-0.08	78_R	[ 1.22681818  9.20759091 33.97863636]
-0.18	 -1.13	0.06	0.24	78_R	[ 2.5647037   7.43031481 37.19103704]
0.07	 0.34	-0.11	-0.13	79_E	[ 3.37252174 11.7016087  36.97017391]
0.07	 0.9	-0.09	-0.17	79_E	[ 1.76555 12.35075 33.73265]
0.17	 1.67	-0.13	-0.15	79_E	[ 5.6502 12.7978 34.307 ]
-0.19	 -0.25	-0.0	0.25	79_E	[ 4.81575    12.47985714 32.32867857]
-0.13	 -0.47	-0.12	0.16	79_E	[ 4.22727907 13.86646512 35.00846512]
-0.16	 -0.62	0.03	0.2	79_E	[ 1.8838  14.03155 37.11075]
-0.12	 -0.36	-0.06	0.08	79_E	[ 0.66292593 15.05148148 35.06203704]
-0.26	 -0.97	0.16	0.43	79_E	[ 1.25282927 16.17231707 34.19782927]
-0.27	 -1.02	0.17	0.45	79_E	[-0.691    14.16055  35.686225]
0.08	 0.64	-0.06	-0.16	80_V	[ 6.37394737 10.55173684 32.62847368]
0.1	 1.55	0.24	-0.5	80_V	[ 7.7794  8.1422 35.0818]
-0.11	 -0.32	-0.09	0.11	80_V	[ 6.2974   7.62816 36.19592]
-0.13	 -0.4	-0.04	0.15	80_V	[ 7.43777273 12.2445     34.48927273]
-0.18	 -0.76	0.07	0.26	80_V	[ 7.02222951 10.68834426 37.16995082]
-0.2	 -1.15	0.07	0.29	80_V	[ 9.2866     10.05813846 34.43872308]
0.19	 0.86	0.05	-0.25	81_I	[ 6.25664286  8.81878571 32.07592857]
0.13	 1.47	0.19	-0.45	81_I	[ 6.94795  6.7021  34.95885]
0.04	 0.85	-0.17	-0.04	81_I	[ 8.5818      6.80386667 33.8864    ]
-0.06	 -0.23	-0.08	0.05	81_I	[ 8.38697561  6.84060976 31.31239024]
0.14	 1.46	0.06	-0.35	81_I	[ 4.75944444  4.11755556 33.67766667]
0.18	 1.07	0.05	-0.29	81_I	[ 5.23519048  7.1432381  30.09738095]
-0.06	 -0.15	-0.17	0.08	81_I	[ 3.13202041  5.78397959 34.07163265]
0.21	 1.56	0.27	-0.52	81_I	[ 2.7362   4.87615 31.98395]
0.1	 1.31	-0.12	-0.11	82_P	[ 8.92766667  5.45066667 34.13866667]
-0.09	 -0.19	0.07	0.04	82_P	[ 9.96578947  4.98757895 32.99047368]
-0.22	 -1.01	0.05	0.29	82_P	[10.33028947  2.51802632 33.78642105]
-0.15	 -0.57	0.05	0.16	82_P	[ 7.71251351  1.59686486 34.61      ]
-0.13	 -0.65	-0.04	0.17	82_P	[ 6.9742381   4.46397619 35.29361905]
0.01	 0.02	-0.02	-0.12	83_M	[10.40080952  3.72014286 30.84609524]
-0.01	 -0.06	-0.18	0.09	83_M	[11.53927027  2.20889189 28.17213514]
-0.14	 -0.44	-0.05	0.12	83_M	[11.33951515  5.29975758 28.12369697]
0.01	 0.2	-0.06	-0.07	83_M	[ 8.726125    6.363125   26.74203125]
0.06	 0.51	0.05	-0.21	84_A	[10.39510526  0.72594737 30.12310526]
-0.04	 0.6	-0.11	-0.13	84_A	[ 9.50827273 -1.44086364 29.0905    ]
0.05	 0.47	-0.1	-0.06	84_A	[ 6.64728571 -1.42128571 31.443     ]
-0.04	 0.03	-0.05	-0.1	84_A	[ 6.39166667 -2.55007407 29.78740741]
-0.2	 -1.01	0.07	0.33	84_A	[ 9.47275    -1.49652941 31.78438235]
0.18	 1.33	0.13	-0.36	85_A	[6.86154545e+00 6.81818182e-03 3.22869091e+01]
-0.08	 -0.02	-0.12	0.03	85_A	[ 4.48383333 -0.84861111 31.39811111]
0.17	 0.02	0.05	-0.25	85_A	[ 2.41878261  0.2216087  29.9373913 ]
-0.11	 -0.18	-0.08	0.16	85_A	[ 4.07963462  1.55982692 32.76373077]
0.21	 1.01	0.09	-0.34	86_V	[ 6.26803704  5.88174074 28.35162963]
0.14	 1.36	0.45	-0.68	87_K	[ 5.9236 -3.7175 26.1745]
0.08	 0.19	0.03	-0.28	87_K	[ 7.49465385 -3.29392308 26.35576923]
0.04	 0.06	-0.06	-0.07	87_K	[10.03117391 -2.61026087 26.80465217]
0.15	 1.29	0.03	-0.32	87_K	[11.354       0.27446154 26.90226923]
-0.18	 -0.68	-0.03	0.3	87_K	[12.65045714 -1.47121429 25.74144286]
0.13	 1.12	0.13	-0.39	88_Q	[ 5.76770588 -3.46376471 27.378     ]
0.18	 1.42	0.04	-0.3	88_Q	[ 5.0807 -4.409  27.5649]
0.11	 1.42	0.27	-0.51	88_Q	[ 1.13711765 -2.87917647 28.58088235]
0.01	 0.25	-0.03	-0.15	88_Q	[ 3.7979     -2.82056667 29.87003333]
-0.15	 -0.71	-0.24	0.32	88_Q	[ 4.55996226 -5.21381132 29.67918868]
0.03	 0.46	-0.01	-0.08	88_Q	[ 2.01644118 -5.24514706 29.68508824]
0.09	 0.43	0.0	-0.21	88_Q	[ 1.83529167 -6.08033333 27.813     ]
-0.28	 -1.42	0.17	0.45	88_Q	[ 1.94122222 -6.23291111 31.5598    ]
0.12	 0.75	0.14	-0.35	89_A	[ 1.55966667 -1.33033333 28.73277778]
0.19	 0.76	0.11	-0.33	89_A	[-0.12957143 -1.31392857 28.4665    ]
0.22	 1.38	0.31	-0.56	89_A	[-2.02959259 -1.4732963  25.60903704]
0.19	 1.47	0.05	-0.27	89_A	[ 0.47592857  0.42057143 29.05414286]
0.16	 1.63	0.19	-0.44	91_R	[ 0.47606667 -6.81013333 24.35166667]
0.16	 0.73	0.07	-0.29	91_R	[ 2.20785714 -6.6995     24.97939286]
0.08	 0.7	-0.03	-0.21	91_R	[ 5.00289362 -6.21848936 25.98882979]
0.13	 1.56	0.36	-0.59	91_R	[ 6.84257143 -4.98828571 25.53742857]
0.03	 0.09	-0.09	-0.06	91_R	[ 7.66917391 -6.85113043 25.31469565]
-0.22	 -0.74	-0.04	0.4	91_R	[ 6.83444 -8.4676  26.27174]
-0.17	 -0.63	0.01	0.19	91_R	[ 9.36297778 -7.47711111 24.42626667]
0.11	 0.98	-0.02	-0.25	92_E	[-1.35466667 -6.92033333 24.77871429]
0.02	 0.11	-0.1	-0.06	92_E	[-3.64871429 -3.96071429 24.48857143]
0.01	 -0.44	-0.05	-0.06	92_E	[-4.039 -5.741 23.903]
-0.09	 -0.08	-0.13	0.03	92_E	[-2.86786667 -4.24266667 26.0868    ]
-0.14	 -0.55	-0.09	0.22	92_E	[-0.87203226 -6.77941935 26.72916129]
-0.01	 -0.28	0.01	-0.01	92_E	[-1.59083333 -4.86716667 29.0655    ]
-0.18	 -0.64	-0.01	0.29	92_E	[-0.8325     -6.02644444 30.11747222]
-0.02	 0.14	-0.09	-0.07	92_E	[-2.14195238 -3.06230952 28.82683333]
0.1	 0.63	0.08	-0.3	93_A	[-2.844625 -2.589125 24.4745  ]
-0.06	 -0.14	-0.24	0.12	93_A	[-4.71569565 -2.93013043 22.95308696]
0.16	 0.82	0.06	-0.24	93_A	[-4.95811111 -2.91822222 20.33405556]
0.05	 0.27	-0.07	-0.19	93_A	[-3.90176316 -0.92428947 22.58473684]
0.22	 1.27	0.22	-0.48	94_G	[-1.59448387 -6.26154839 17.36467742]
0.11	 0.92	0.11	-0.3	95_D	[-2.3855625 -9.2816875 19.4881875]
0.15	 1.42	0.27	-0.52	95_D	[-5.077      -8.56344444 21.918     ]
0.22	 1.17	0.12	-0.36	95_D	[-3.98993333 -9.692      19.54946667]
-0.09	 0.21	-0.2	0.08	95_D	[-3.37305556 -9.27625    22.35875   ]
-0.1	 -0.82	-0.11	0.05	95_D	[ -1.286      -10.60309091  21.45890909]
0.16	 1.07	0.05	-0.27	95_D	[ -0.9226 -10.109   20.0288]
-0.06	 -0.43	-0.08	0.08	95_D	[-0.60674359 -9.21453846 23.7554359 ]
0.14	 1.56	0.05	-0.29	96_E	[-4.92311111 -7.26955556 22.708     ]
0.1	 0.23	-0.12	-0.08	96_E	[-6.50022222 -7.83922222 22.36555556]
0.17	 1.08	0.17	-0.39	96_E	[-8.2885    -5.16975   19.6448125]
0.21	 1.34	0.03	-0.29	96_E	[-8.65316667 -7.441      20.074     ]
0.02	 0.14	-0.15	-0.07	96_E	[-6.48581395 -4.94209302 22.70248837]
-0.05	 0.29	-0.0	-0.05	96_E	[-8.89920833 -6.2304375  21.84066667]
-0.05	 0.02	-0.07	-0.02	96_E	[-9.08832143 -4.53082143 23.63278571]
-0.3	 -0.72	0.05	0.38	96_E	[-8.74151515 -2.9259697  22.98627273]
-0.29	 -0.95	0.18	0.45	96_E	[-9.08876744 -5.38246512 25.07160465]
0.07	 0.31	0.03	-0.24	97_F	[-6.44633333 -4.14733333 19.867     ]
0.1	 0.47	0.02	-0.19	97_F	[-7.8491  -4.2502  18.09135]
0.15	 1.42	0.1	-0.26	97_F	[-5.68408333 -2.70208333 18.60616667]
0.23	 1.23	0.53	-0.72	97_F	[-3.85193333 -5.15346667 14.4318    ]
0.03	 -0.07	0.05	0.12	97_F	[-6.58651515 -1.11160606 16.98184848]
0.15	 1.26	0.27	-0.56	97_F	[-6.42581818 -3.76690909 12.42481818]
-0.03	 -0.23	-0.16	0.15	97_F	[-7.20415152 -0.33157576 14.89927273]
-0.04	 -0.03	-0.08	0.02	97_F	[-6.4809   -1.981625 12.56095 ]
0.2	 1.34	0.37	-0.61	98_E	[-4.0626     -6.597      14.79753333]
0.13	 1.07	0.02	-0.28	98_E	[ -5.462  -10.819   16.6046]
0.16	 1.54	0.33	-0.57	98_E	[ -5.931  -10.968   15.4195]
0.1	 0.77	-0.11	-0.19	98_E	[-3.42315625 -8.7490625  16.73071875]
0.04	 0.32	-0.41	0.11	98_E	[-3.36242222 -9.47782222 14.23255556]
-0.03	 -0.28	-0.09	0.02	98_E	[ -1.31662162 -10.30691892  15.71575676]
-0.01	 -0.06	-0.02	-0.07	98_E	[-0.41288889 -8.77896296 15.59311111]
-0.1	 -0.09	-0.13	0.15	98_E	[ -0.86805172 -11.60575862  15.01675862]
0.14	 0.96	0.04	-0.32	99_L	[ -6.50130769 -11.60015385  16.81546154]
0.04	 0.07	-0.1	-0.06	99_L	[-9.99485714 -9.84785714 18.24828571]
-0.0	 0.16	0.04	-0.06	99_L	[-10.0117931  -11.08137931  16.52489655]
0.02	 -0.06	-0.06	-0.05	99_L	[ -8.63928125 -10.14878125  19.92859375]
0.01	 -0.01	-0.13	-0.04	99_L	[ -4.84130769 -11.11546154  19.85515385]
-0.21	 -0.89	0.07	0.31	99_L	[ -6.71496721 -11.21937705  22.10844262]
-0.17	 -0.91	0.05	0.24	99_L	[ -6.55389041 -13.24742466  19.07741096]
0.15	 1.7	0.13	-0.4	100_R	[-9.5038 -8.4675 18.6956]
-0.12	 -0.58	-0.02	0.09	100_R	[-11.36583333  -8.66408333  17.52441667]
0.11	 1.93	-0.01	-0.28	100_R	[-9.92853846 -9.53415385 14.34207692]
-0.16	 -0.44	0.05	0.25	100_R	[-12.00203125  -8.2131875   14.39425   ]
0.05	 -0.06	-0.02	-0.15	100_R	[-10.68315  -7.05875  19.0086 ]
-0.02	 -0.09	-0.06	-0.0	100_R	[-12.86928571  -6.75821429  16.38035714]
-0.14	 -0.69	-0.02	0.17	100_R	[-13.54839535  -5.79411628  18.19602326]
0.14	 0.95	0.08	-0.34	100_R	[-10.71907895  -4.54573684  19.00847368]
-0.02	 0.03	-0.11	-0.0	100_R	[-12.41793333  -4.29566667  20.1165    ]
-0.3	 -1.46	0.26	0.51	100_R	[-14.38530233  -4.40060465  20.73627907]
-0.18	 -0.62	-0.01	0.2	100_R	[-11.40525     -3.25377083  21.34835417]
-0.03	 -0.32	-0.22	-0.0	101_Y	[-10.04211538  -8.18526923  12.31534615]
0.08	 1.51	-0.07	-0.27	101_Y	[-9.19083333 -8.68844444 11.23394444]
0.13	 1.51	0.12	-0.37	101_Y	[-8.9809 -7.0495 10.854 ]
0.01	 0.47	-0.07	-0.15	101_Y	[-8.74677419 -5.04570968 11.73080645]
0.02	 0.32	-0.02	-0.01	101_Y	[-9.335625 -3.599125 12.715   ]
-0.18	 -0.92	0.04	0.24	101_Y	[-11.60644828  -4.76437931  12.43268966]
0.06	 0.38	0.09	-0.44	101_Y	[-9.40278571 -2.7665     13.58728571]
-0.17	 -0.94	0.08	0.27	101_Y	[-12.91343243  -3.90483784  13.72256757]
-0.04	 -0.17	-0.09	-0.02	101_Y	[-9.81337838 -2.48572973 16.1372973 ]
-0.09	 -0.35	0.06	-0.02	101_Y	[-11.15869231  -2.10338462  13.90684615]
-0.36	 -0.69	0.09	0.35	101_Y	[-12.74879545  -2.07777273  16.10609091]
0.14	 1.17	0.13	-0.38	102_R	[-8.8666  -9.9485  12.59455]
0.11	 0.92	0.34	-0.58	102_R	[ -6.65042857 -11.81242857   9.97042857]
0.05	 0.22	-0.05	-0.16	102_R	[ -5.36343333 -11.10686667   9.4792    ]
-0.0	 0.17	-0.17	-0.05	102_R	[ -4.50413889 -10.95105556  12.90433333]
-0.16	 -0.66	0.01	0.18	102_R	[ -5.89658621 -12.9567931   11.72137931]
0.1	 1.22	0.04	-0.24	102_R	[ -8.06014286 -12.02754762  14.14742857]
-0.03	 -0.51	-0.03	-0.01	102_R	[ -7.579625   -14.61075     12.66158333]
-0.05	 0.28	-0.06	-0.03	102_R	[ -8.52461905 -14.4582381   14.97961905]
-0.18	 -0.52	-0.13	0.22	102_R	[ -9.93152381 -13.38385714  15.71607143]
-0.25	 -1.01	0.09	0.35	102_R	[ -9.67606122 -16.13077551  14.07434694]
0.08	 1.31	-0.02	-0.3	103_R	[ -9.10033333 -10.15388889  11.32533333]
0.17	 1.53	0.1	-0.39	103_R	[ -7.07745455 -11.80909091   8.54772727]
0.02	 0.4	-0.12	-0.08	103_R	[-9.36975  -8.82425   7.306625]
-0.11	 -0.09	-0.1	0.05	103_R	[-7.78966667 -9.58954167  5.67495833]
-0.14	 -0.49	0.01	0.18	103_R	[-10.09802381 -10.21057143   8.23592857]
-0.06	 -0.18	-0.01	0.04	103_R	[-10.75454167 -11.42583333  10.1669375 ]
-0.05	 -0.11	-0.19	0.08	103_R	[ -8.47755556 -13.32968519   8.65757407]
-0.19	 -0.96	-0.01	0.26	103_R	[-10.31235714 -14.99310714   8.41042857]
-0.0	 0.46	-0.09	-0.01	103_R	[-10.837875   -14.72116667  10.16666667]
-0.25	 -1.11	0.15	0.45	103_R	[-12.01291071 -16.28469643  10.19485714]
-0.12	 0.0	-0.02	0.14	103_R	[-11.45425714 -13.56802857  12.14671429]
0.09	 0.7	-0.02	-0.22	104_A	[-9.03538889 -7.91477778  9.03738889]
-0.1	 -0.42	-0.07	0.11	104_A	[-8.20282353 -7.08576471  6.55370588]
0.18	 1.48	0.21	-0.47	104_A	[-5.73033333 -6.70257143  6.61028571]
-0.06	 0.04	-0.06	0.03	104_A	[-5.22085714 -5.6817619   6.12019048]
-0.18	 -0.63	0.03	0.18	104_A	[-7.84108197 -5.03357377  8.82867213]
0.17	 2.55	0.05	-0.28	105_F	[ -2.77008333 -10.30891667   8.068     ]
0.04	 0.14	-0.08	-0.06	105_F	[-2.57036 -9.03912  9.9024 ]
0.09	 -0.11	-0.76	0.43	105_F	[-2.4191 -7.5307 11.1612]
0.13	 1.02	0.03	-0.42	105_F	[-3.70074074 -7.97607407 11.84085185]
0.12	 1.32	0.05	-0.3	105_F	[-2.26609375 -5.55484375  9.2494375 ]
0.14	 0.99	0.05	-0.33	105_F	[-4.73544444 -5.54502778 12.25822222]
0.08	 0.84	0.13	-0.32	105_F	[-2.94323077 -4.41266667  9.98753846]
0.02	 0.85	-0.06	-0.13	105_F	[-3.9019375 -3.822375  11.2308125]
-0.01	 0.11	-0.06	-0.01	106_S	[ -3.43161905 -11.6982381    7.00738095]
0.11	 1.47	0.12	-0.42	106_S	[ -4.30642857 -11.94585714   3.16014286]
0.14	 0.88	0.07	-0.25	106_S	[ -4.49476471 -10.70694118   2.49670588]
-0.15	 -0.51	-0.18	0.27	106_S	[ -5.78639623 -12.66669811   5.90122642]
-0.13	 -0.1	0.12	0.08	106_S	[ -6.9593871  -11.05012903   4.63935484]
0.02	 0.58	-0.06	0.05	107_D	[ -2.0238  -12.6154    5.07835]
0.12	 0.98	0.03	-0.2	107_D	[  0.1096875 -12.494375    3.7946875]
-0.08	 -0.53	-0.04	0.09	107_D	[ -2.89485714 -12.79992857   2.01166667]
-0.02	 0.21	-0.07	-0.08	107_D	[ -0.320375   -13.98629167   1.641     ]
-0.27	 -0.93	0.11	0.35	107_D	[ -1.60718421 -14.42455263  -0.035     ]
0.12	 0.71	-0.04	-0.22	107_D	[  1.32135294 -13.30888235   0.48982353]
0.17	 1.47	0.33	-0.58	108_L	[-1.40558333 -4.71333333  6.76383333]
0.02	 0.31	-0.04	-0.08	108_L	[-2.44678723 -5.12665957  4.12755319]
0.08	 0.41	-0.13	-0.1	109_T	[  3.2275 -10.7173  -0.8571]
0.12	 0.33	0.05	-0.21	109_T	[ 3.84329412 -9.51088235 -1.81711765]
0.11	 0.75	0.1	-0.28	109_T	[  4.66729167 -10.930375     0.31075   ]
0.16	 1.54	0.1	-0.36	109_T	[  2.9254 -12.3011   0.8488]
0.13	 1.4	0.13	-0.38	110_S	[  2.19021429 -11.51364286  -0.40471429]
-0.06	 -0.26	-0.06	0.04	110_S	[  1.53795455 -10.69827273  -3.06304545]
0.09	 1.6	0.17	-0.47	110_S	[-1.57271429 -9.58885714 -3.26657143]
0.15	 0.88	-0.02	-0.25	110_S	[-0.30934615 -9.47819231 -4.23903846]
0.0	 0.28	0.04	-0.1	110_S	[ -0.53408333 -12.28663889  -1.45813889]
-0.3	 -0.66	0.02	0.36	110_S	[ -1.50942105 -11.70623684  -3.04094737]
-0.02	 -0.19	-0.02	-0.02	111_Q	[-2.5983913  -8.27834783 -2.81347826]
0.13	 1.42	0.37	-0.67	111_Q	[-2.3135  -5.2415  -1.79675]
-0.13	 -0.2	-0.05	0.15	111_Q	[-1.77413514 -5.47637838 -3.74551351]
-0.0	 0.36	-0.08	-0.16	111_Q	[-3.15109375 -5.98828125 -0.0470625 ]
-0.05	 -0.01	-0.02	0.06	111_Q	[-3.701875   -9.50509375 -0.50884375]
-0.01	 0.01	-0.04	-0.01	111_Q	[-4.84821739 -7.60382609  1.28013043]
-0.29	 -1.09	0.2	0.46	111_Q	[-5.83097297 -6.40175676  0.48059459]
-0.03	 0.37	-0.15	-0.04	111_Q	[-5.3395     -8.02231818  3.23263636]
0.05	 -0.29	-0.1	-0.05	112_L	[ 0.24258333 -3.66525    -2.68291667]
0.12	 1.0	0.07	-0.28	112_L	[ 0.88433333 -4.58377778 -4.05388889]
0.02	 0.2	0.02	-0.09	112_L	[ 3.01030303 -3.66448485 -3.72654545]
0.1	 1.34	0.41	-0.64	112_L	[ 1.720125 -3.028875 -1.919125]
0.14	 0.87	0.01	-0.23	112_L	[ 1.12957895 -1.83036842 -0.63010526]
-0.15	 -0.7	0.0	0.17	112_L	[-1.56177966 -3.05932203 -0.14637288]
0.22	 1.97	0.13	-0.38	112_L	[-0.50368421 -3.12284211  2.60557895]
0.1	 0.58	0.01	-0.15	113_H	[ 3.07586667 -8.74833333 -4.03013333]
0.15	 0.77	-0.03	-0.22	113_H	[ 4.956125  -8.0270625 -4.1320625]
0.06	 0.2	-0.07	-0.16	113_H	[ 5.56667568 -5.74718919 -5.15610811]
-0.11	 -0.42	-0.0	0.21	113_H	[ 3.48694444 -6.17947222 -6.19722222]
-0.14	 0.36	-0.06	0.14	113_H	[ 2.20975  -6.62125  -7.615875]
-0.14	 -0.37	0.01	0.18	113_H	[ 2.12793333 -9.0619     -6.36006667]
-0.18	 -0.67	0.04	0.23	113_H	[ 0.16485294 -5.40617647 -6.57308824]
-0.28	 -0.84	0.04	0.36	113_H	[ 0.06585417 -9.27385417 -7.37002083]
-0.16	 -0.8	0.08	0.23	113_H	[-1.29082857 -7.41677143 -6.77325714]
0.04	 0.22	-0.01	-0.1	114_I	[ 6.55653333 -9.28883333 -2.18083333]
0.14	 1.42	0.18	-0.45	115_T	[ 9.89055556 -8.79055556 -3.18111111]
-0.12	 -0.38	-0.03	0.11	115_T	[10.70311765 -7.44352941 -5.16423529]
0.03	 0.18	-0.08	-0.04	115_T	[10.25011765 -5.30664706 -5.82929412]
-0.16	 -0.78	-0.01	0.24	115_T	[ 8.06276923 -8.133      -5.48189231]
0.08	 0.58	-0.04	-0.12	116_P	[14.36677778 -3.72877778 -2.466     ]
0.03	 0.18	-0.2	0.03	116_P	[12.93976087 -2.37571739 -0.89182609]
-0.04	 -0.11	0.0	0.04	116_P	[15.11930556 -6.05430556 -1.86958333]
-0.09	 -0.12	0.0	0.11	116_P	[14.17617647 -8.78729412 -1.28126471]
-0.07	 -0.02	-0.0	0.02	116_P	[12.2144359  -8.56597436 -3.15935897]
-0.01	 -0.12	-0.07	-0.02	117_G	[12.978375  -5.0563125 -4.42225  ]
-0.2	 -1.11	0.13	0.3	117_G	[13.26025641 -2.9284359  -5.06179487]
0.15	 0.62	-0.13	-0.12	117_G	[11.53510526 -1.53389474 -3.76747368]
-0.21	 -0.77	-0.01	0.33	117_G	[11.50479545 -0.39252273 -4.74002273]
0.14	 1.62	0.02	-0.31	118_T	[ 8.93425926 -0.08044444 -4.18155556]
0.15	 1.01	-0.05	-0.27	118_T	[ 9.674  -0.1946 -2.3661]
0.27	 1.48	0.33	-0.57	118_T	[ 6.69976471 -0.14241176 -3.47847059]
0.02	 0.19	-0.22	-0.01	118_T	[ 6.47846667 -2.228      -4.61446667]
-0.38	 -0.8	-0.05	0.29	118_T	[ 8.45795238 -2.79304762 -6.73706349]
0.14	 0.82	-0.04	-0.23	120_Y	[10.76120513 -0.44733333 -0.54066667]
-0.07	 -0.32	-0.14	0.15	120_Y	[11.66802564  1.47989744 -0.08551282]
0.02	 0.82	0.05	-0.11	120_Y	[12.53541667  3.06416667  1.49366667]
0.06	 0.47	0.09	-0.3	120_Y	[12.53654545  4.08272727  2.26118182]
-0.18	 -0.91	-0.03	0.15	120_Y	[11.21738235  4.4875     -0.54429412]
-0.0	 0.32	-0.09	-0.02	120_Y	[11.80318519  5.26148148  4.07862963]
-0.15	 -0.91	0.04	0.2	120_Y	[10.56406383  6.3072766   0.24923404]
-0.1	 -0.59	0.06	-0.03	120_Y	[12.486       5.91061538  2.12423077]
-0.2	 -0.6	0.06	0.29	120_Y	[10.60464  7.8278   2.84806]
0.14	 0.96	0.06	-0.29	121_Q	[ 9.17570588  1.66876471 -2.01741176]
0.12	 0.53	-0.02	-0.17	121_Q	[ 7.43018182  4.56272727 -1.18272727]
0.2	 1.42	0.34	-0.58	121_Q	[ 5.40573333  4.75333333 -1.01866667]
-0.04	 -0.1	-0.22	0.13	121_Q	[ 8.40590625  2.51353125 -3.59659375]
0.08	 0.91	-0.0	-0.16	121_Q	[ 5.35509375  3.41553125 -3.22340625]
-0.05	 -0.06	-0.16	0.06	121_Q	[ 6.74976471  3.31605882 -5.52682353]
-0.32	 -0.27	0.07	0.2	121_Q	[ 6.44797826  1.66226087 -5.63104348]
-0.25	 -0.97	0.11	0.38	121_Q	[ 6.60527778  5.12466667 -6.07535185]
0.05	 0.23	-0.01	-0.17	122_S	[ 3.17076  1.14268 -1.27584]
0.19	 1.23	0.04	-0.31	122_S	[1.87033333 1.51691667 0.31825   ]
0.24	 0.6	0.1	-0.33	122_S	[ 2.5005  -0.539   -0.44375]
-0.02	 0.15	-0.03	-0.05	122_S	[ 4.09761538 -1.10953846 -2.72732692]
0.19	 1.58	0.25	-0.51	124_E	[4.08283333 6.63141667 1.119     ]
-0.01	 -0.2	-0.06	-0.07	124_E	[6.27241379 6.27437931 0.85586207]
-0.0	 0.05	-0.13	-0.08	124_E	[8.21891667 6.95083333 1.76241667]
0.08	 0.7	0.15	-0.34	124_E	[8.57545455 7.47690909 3.92809091]
-0.03	 0.01	-0.07	0.02	124_E	[6.98745  8.2366   4.328475]
0.12	 0.61	0.08	-0.24	124_E	[8.7752  6.19532 5.88256]
0.09	 0.28	-0.19	-0.07	125_Q	[1.74826667 6.66486667 0.39586667]
0.11	 0.7	-0.02	-0.21	125_Q	[-0.05464286  3.68185714  0.80257143]
-0.01	 0.5	-0.12	-0.04	125_Q	[-0.6176   5.74044  1.22668]
-0.07	 -0.52	-0.06	0.03	125_Q	[ 1.15631034  3.58206897 -0.73675862]
-0.1	 -0.49	0.02	0.11	125_Q	[ 2.942125    6.279125   -1.49290625]
-0.04	 0.09	-0.08	0.05	125_Q	[ 2.49930435  4.44204348 -3.324     ]
-0.27	 -1.12	0.14	0.4	125_Q	[ 0.959575  3.9692   -3.33155 ]
-0.16	 -0.44	-0.09	0.15	125_Q	[ 3.60636585  5.00190244 -4.45004878]
-0.01	 -0.08	-0.1	0.01	126_V	[-1.32794118  2.76764706  2.53294118]
0.16	 0.63	0.01	-0.2	126_V	[-2.29472222  4.00927778  4.73272222]
-0.03	 -0.18	0.0	0.02	126_V	[-1.11441176  1.30086275  5.84115686]
-0.03	 -0.02	0.02	-0.08	126_V	[-0.34071186  0.13113559  1.76713559]
0.27	 1.47	0.33	-0.57	127_V	[1.01844 2.81824 8.02724]
0.21	 1.28	0.05	-0.32	128_N	[1.09033333 9.94088889 5.43566667]
0.08	 0.41	-0.13	-0.1	128_N	[-0.838   9.3776  2.915 ]
0.04	 0.32	-0.04	-0.11	128_N	[-1.00366667 10.41169697  4.698     ]
-0.14	 -0.73	0.04	0.18	128_N	[1.14726923 9.37415385 2.32857692]
-0.23	 -0.82	-0.04	0.22	128_N	[ 2.9219 10.6802  3.0219]
-0.14	 -0.49	-0.01	0.18	128_N	[3.93009524 8.89897619 1.80866667]
-0.04	 0.36	-0.17	0.07	128_N	[ 3.8589   10.395525  5.18195 ]
0.17	 1.15	0.07	-0.33	129_E	[-0.95130769  7.89407692  2.25661538]
0.08	 0.67	0.04	-0.21	129_E	[-2.4045   9.0605   2.69425]
0.07	 1.42	0.17	-0.45	129_E	[-4.93171429  6.37185714  5.036     ]
0.07	 0.57	-0.03	-0.13	129_E	[-5.53151515  8.47263636  5.38321212]
-0.07	 -0.47	-0.09	0.05	129_E	[-2.78309091  5.9599697   2.03239394]
-0.2	 -0.99	0.05	0.28	129_E	[-5.17294595  5.78081081  2.65494595]
-0.13	 0.47	0.04	0.13	129_E	[-5.387      7.7100625  0.595625 ]
-0.09	 -0.5	-0.0	0.09	129_E	[-4.01280769  9.3345      1.18676923]
-0.17	 -0.53	0.04	0.22	129_E	[-7.0694      7.59356667  2.2291    ]
0.14	 1.1	-0.06	-0.22	130_L	[-3.463375  5.30925   5.001625]
-0.04	 -0.92	-0.06	0.03	130_L	[-4.47011765  5.39911765  6.48876471]
0.13	 0.55	0.07	-0.24	130_L	[-5.79406897  7.70324138  8.49058621]
-0.01	 0.09	-0.13	-0.09	130_L	[-2.90877778  3.75838889  7.20861111]
-0.09	 -0.44	-0.0	0.1	130_L	[-5.12077551  3.95046939  9.8585102 ]
0.09	 0.45	0.04	-0.25	130_L	[-1.22394595  2.72432432  9.38256757]
0.13	 2.96	-0.01	-0.19	131_F	[-1.5575   11.50925   6.850125]
-0.02	 -0.22	0.06	-0.03	131_F	[-2.49118519 12.87259259  8.91155556]
0.1	 0.77	-0.02	-0.22	131_F	[-0.3912069  10.84555172  8.85148276]
0.02	 0.34	-0.05	-0.03	132_R	[-2.39438095 12.61433333  5.50042857]
-0.18	 -0.42	-0.0	0.23	132_R	[-4.25018421 14.70415789  6.39578947]
0.11	 1.71	0.08	-0.31	132_R	[-4.05626087 10.86613043  3.9866087 ]
-0.1	 -0.67	0.06	0.05	132_R	[-4.94503226 13.77903226  3.66380645]
-0.16	 -0.86	0.07	0.24	132_R	[-4.80733333 12.60408889  1.3986    ]
0.02	 0.73	0.01	-0.13	132_R	[-6.4259375 10.4629375  0.8943125]
0.03	 1.03	0.09	-0.14	132_R	[-7.44143333 11.21056667  2.95266667]
-0.29	 -0.83	0.06	0.3	132_R	[-8.59390698  9.88862791  2.418     ]
-0.17	 -0.38	0.05	0.22	132_R	[-8.55272093 12.98102326  3.20816279]
0.22	 1.43	0.22	-0.47	133_D	[-6.23172727 11.06704545  6.15631818]
-0.05	 0.14	0.05	-0.07	133_D	[-6.84335294 14.68629412  7.05188235]
-0.07	 -0.03	-0.05	0.05	133_D	[-6.11825    14.92041667  9.13183333]
-0.16	 -0.48	0.08	0.17	133_D	[-8.29644737 13.56394737 10.15144737]
-0.11	 -0.57	-0.07	0.1	133_D	[-8.74423077 13.86292308  6.5904359 ]
-0.05	 0.57	-0.08	-0.14	133_D	[-8.78334375 11.3018125   7.10503125]
0.03	 -0.05	-0.07	-0.02	133_D	[-7.25688235 10.01205882  7.78947059]
-0.3	 -1.12	0.11	0.44	133_D	[-10.53478378  11.98440541   8.06281081]
0.07	 0.44	-0.08	-0.08	134_G	[-4.46544444 14.08866667  9.28788889]
-0.13	 -0.53	-0.0	0.15	134_G	[-5.58088372 13.73744186 11.48923256]
0.17	 1.07	-0.0	-0.24	134_G	[-6.1623 11.4353 12.7924]
-0.01	 -0.07	-0.12	-0.11	135_V	[-4.88832258 13.18319355 13.661     ]
0.16	 1.29	0.22	-0.46	135_V	[-6.09786667 10.6602     14.07633333]
-0.09	 -0.36	-0.02	0.08	135_V	[-5.9296129  12.35190323 16.0166129 ]
0.02	 0.18	-0.02	-0.07	135_V	[-0.96762222 12.80664444 12.43148889]
0.1	 1.36	0.27	-0.53	136_N	[-5.3082 10.0999 18.7724]
-0.18	 -0.72	0.01	0.19	136_N	[-7.28741176  9.86947059 17.69264706]
-0.11	 -0.43	-0.04	0.15	136_N	[-8.01138462  7.68853846 17.25938462]
0.0	 0.49	-0.08	-0.08	136_N	[-7.4104      6.1714     16.26093333]
-0.14	 -0.49	0.06	0.2	136_N	[-8.52897917  8.83945833 14.92320833]
0.09	 0.63	0.01	-0.26	137_W	[-5.55959091  8.52931818 19.36759091]
0.16	 1.1	0.04	-0.25	137_W	[-5.72825     6.99183333 20.654     ]
-0.01	 -0.06	-0.01	0.01	137_W	[-5.18970968  9.03254839 22.30974194]
0.13	 0.85	0.02	-0.24	137_W	[-3.459      10.91214286 23.22152381]
0.11	 1.38	-0.04	-0.18	138_G	[-6.66925    6.2121875 18.6      ]
-0.1	 -0.65	-0.25	0.27	138_G	[-6.55895238  3.12795238 17.72304762]
-0.0	 0.58	0.04	-0.12	138_G	[-6.25609524  3.67566667 15.13638095]
0.1	 0.73	0.34	-0.65	138_G	[-5.64436842  1.62828947 16.07594737]
0.1	 1.18	0.09	-0.39	139_R	[-6.65775   5.296625 15.064   ]
0.18	 1.24	0.12	-0.32	139_R	[-5.28458333  3.85025    13.09333333]
0.01	 0.22	-0.06	-0.02	139_R	[-6.83854839  5.63190323 12.96783871]
-0.01	 -0.17	0.03	-0.0	139_R	[-7.586       7.14395455 11.31559091]
0.11	 0.99	0.01	-0.19	139_R	[-7.551       9.53151515 11.09      ]
-0.18	 -0.7	-0.04	0.26	139_R	[-9.54052632  9.38357895 10.72778947]
0.16	 0.52	0.01	-0.25	141_V	[-4.70364286  0.75585714 17.79714286]
0.13	 1.94	0.02	-0.21	141_V	[-4.3358     -0.99746667 19.01473333]
0.24	 1.16	0.15	-0.4	141_V	[-4.28677778  1.         19.782     ]
0.19	 1.26	0.2	-0.46	142_A	[-1.68964286  0.84364286 10.94857143]
0.14	 0.58	0.05	-0.28	142_A	[-2.2612  -1.21315 11.2206 ]
-0.02	 0.18	-0.03	-0.01	142_A	[-4.78582979  1.15002128 12.20491489]
0.03	 0.36	-0.15	-0.14	145_S	[ 0.95413889 -4.83191667 14.59786111]
0.09	 0.47	0.04	-0.17	145_S	[ 0.43945 -5.6797  12.475  ]
0.0	 0.28	-0.17	-0.1	145_S	[-2.05238462 -5.03738462 13.99453846]
0.14	 0.74	0.32	-0.18	145_S	[-0.91269231 -4.66426923 16.22215385]
0.08	 0.33	-0.03	-0.18	146_F	[-0.78348148 -0.51244444  9.43481481]
0.06	 0.79	-0.22	-0.12	146_F	[-0.43866667 -0.28822222  7.65888889]
0.01	 0.27	-0.09	-0.04	146_F	[-1.20689655 -2.7132069   7.009     ]
0.13	 1.49	0.11	-0.38	146_F	[0.75227273 0.96877273 8.24540909]
0.16	 0.96	-0.01	-0.22	146_F	[-0.56583333 -2.48166667  4.56666667]
0.16	 0.9	0.23	-0.47	148_G	[ 2.98110526 -5.95926316 13.55394737]
0.11	 0.85	-0.04	-0.31	148_G	[ 3.37604167 -7.96925    12.76820833]
0.14	 0.54	0.01	-0.19	149_A	[ 1.8028 -7.003  12.0583]
0.08	 0.22	0.0	-0.13	149_A	[ 2.21545833 -9.222125   10.498     ]
0.01	 -0.01	-0.05	-0.03	149_A	[ 0.039      -8.03169565 10.59917391]
0.24	 1.21	0.49	-0.69	152_V	[  6.62933333 -14.40877778   9.1285    ]
0.17	 1.19	-0.04	-0.23	152_V	[  3.31285714 -11.22507143  11.001     ]
0.06	 0.53	-0.18	-0.08	152_V	[  4.1785     -13.61942857  10.12745238]
0.15	 1.16	-0.01	-0.24	152_V	[  3.97757143 -10.602       12.95771429]
0.25	 1.36	0.16	-0.43	153_E	[  4.02494118 -13.14552941   7.11352941]
-0.01	 0.24	-0.3	0.11	153_E	[  2.24066667 -11.87885714   8.09697619]
0.15	 0.79	0.09	-0.29	153_E	[  0.98911111 -11.91272222   5.52716667]
-0.02	 -0.14	0.03	0.05	153_E	[ -0.32621429 -10.89453571   8.01196429]
0.1	 0.38	0.04	-0.2	155_V	[ 10.64105556 -16.38647222   6.17819444]
-0.02	 -0.08	-0.06	-0.03	155_V	[ 11.93858824 -14.89802941   9.43438235]
0.15	 1.08	0.04	-0.21	155_V	[ 11.71675    -12.23666667  10.312     ]
0.18	 1.1	0.05	-0.32	156_D	[  8.1659375 -17.239375    6.5984375]
0.09	 1.23	-0.03	-0.3	156_D	[  8.865  -17.096    5.4314]
-0.07	 -0.14	-0.09	0.15	156_D	[  7.95132609 -17.72147826   3.99630435]
0.06	 0.43	-0.12	-0.14	156_D	[  5.43751515 -15.18318182   7.56348485]
-0.08	 -0.36	-0.03	0.07	156_D	[  4.19772727 -16.72377273   6.15704545]
-0.21	 -0.79	-0.03	0.34	156_D	[  5.60965854 -18.11587805   7.02521951]
-0.17	 -0.11	-0.02	0.17	156_D	[  3.61409091 -16.7689697    4.60245455]
-0.03	 0.18	-0.09	0.01	157_K	[  7.82446667 -16.56233333   1.5978    ]
0.1	 0.58	0.02	-0.19	157_K	[  9.61975    -16.82208333   1.86475   ]
-0.12	 -0.46	0.03	0.13	157_K	[ 10.08867857 -14.89214286   0.04310714]
-0.02	 -0.1	-0.01	0.04	157_K	[  7.67095652 -13.98830435   0.13356522]
0.08	 -0.64	0.03	-0.15	157_K	[  5.58166667 -13.07066667   0.56366667]
-0.16	 -1.12	0.06	0.25	157_K	[  5.23437037 -16.01885185   1.0537037 ]
-0.18	 -0.52	-0.09	0.18	157_K	[  2.92831429 -14.83508571   1.31905714]
0.03	 0.45	0.02	-0.22	157_K	[  2.61947619 -13.737        4.36919048]
-0.11	 -0.45	0.0	0.08	158_E	[ 13.93       -14.00671429   1.19157143]
-0.07	 0.14	-0.15	-0.04	158_E	[ 12.64526667 -16.63626667   0.88103333]
-0.1	 -0.36	-0.18	0.14	158_E	[ 12.04135185 -17.75557407   3.47348148]
-0.1	 -0.6	-0.14	0.18	158_E	[ 13.63867857 -18.95164286   1.87839286]
-0.3	 -1.08	0.23	0.48	158_E	[ 13.42722857 -19.03645714   0.10094286]
-0.31	 -1.02	0.19	0.49	158_E	[ 14.55516667 -19.59711905   3.01997619]
0.12	 0.62	0.02	-0.26	159_M	[ 13.70944444 -11.18233333   1.7872963 ]
-0.04	 -0.09	-0.04	-0.04	159_M	[ 11.37275862 -11.88944828  -0.25941379]
-0.01	 -0.01	-0.03	-0.04	159_M	[  9.76534483 -10.55524138  -1.54565517]
0.12	 0.93	-0.02	-0.18	159_M	[  7.19772222 -10.8835      -0.2375    ]
0.23	 1.33	0.4	-0.63	160_Q	[ 15.00405882 -11.48011765   3.79976471]
0.07	 1.0	-0.05	-0.14	160_Q	[ 16.10116667 -10.47933333   7.06766667]
0.0	 -0.25	-0.03	-0.03	160_Q	[15.16941667 -9.19825     8.1635    ]
-0.07	 -0.46	-0.01	0.07	160_Q	[ 14.5261875 -12.7415      8.1080625]
-0.14	 -0.69	0.07	0.15	160_Q	[ 16.6813   -12.95875    6.346625]
0.02	 0.61	0.1	-0.2	160_Q	[ 15.36503571 -14.22832143   4.53692857]
-0.18	 -0.32	-0.13	0.25	160_Q	[ 16.02482979 -14.93080851   3.65004255]
0.04	 0.2	-0.05	-0.03	160_Q	[ 13.552125   -15.35929167   5.927     ]
-0.03	 -0.02	0.03	-0.04	161_V	[16.93595652 -9.01130435  6.11991304]
0.14	 1.39	0.21	-0.46	161_V	[15.79190909 -7.17354545  7.104     ]
0.06	 0.5	-0.07	-0.14	161_V	[16.6923     -5.7339      6.32516667]
0.08	 0.55	-0.05	-0.12	161_V	[17.80733333 -6.96875     4.10183333]
-0.18	 -0.64	-0.04	0.27	161_V	[18.0885625 -9.8453875  3.5230125]
0.0	 0.31	-0.09	-0.08	161_V	[15.9045  -8.6557   1.38516]
0.2	 1.34	0.31	-0.55	162_L	[13.0141 -3.5349  1.5003]
0.14	 1.16	-0.03	-0.23	163_V	[14.68744444 -8.05311111  9.99038889]
0.12	 0.58	-0.06	-0.19	163_V	[13.05716667 -9.923125   10.46679167]
0.12	 1.02	0.04	-0.32	164_S	[15.43555556 -6.51277778  8.71977778]
0.2	 1.47	0.15	-0.43	164_S	[15.89627778 -3.20977778 11.62566667]
0.14	 1.02	0.11	-0.34	164_S	[16.66106667 -1.94066667  8.8616    ]
1.05	 1.22	-0.32	-0.14	164_S	[16.3445     -1.2857     10.45823333]
-0.01	 0.32	0.02	-0.18	164_S	[17.46923077 -3.88041026  9.55358974]
-0.01	 0.01	0.02	-0.08	164_S	[17.58231429 -6.14042857 10.91308571]
0.12	 0.72	-0.1	-0.14	165_R	[15.69417391 -0.69373913  7.074     ]
0.13	 1.73	0.02	-0.32	165_R	[15.1044 -0.4434  5.386 ]
-0.06	 -0.38	-0.01	0.04	165_R	[16.47124324 -2.13518919  5.52340541]
-0.02	 0.31	-0.04	-0.11	165_R	[15.20596774 -2.03532258  2.56967742]
-0.06	 -0.37	-0.07	0.02	165_R	[17.88151613 -3.52980645  3.65903226]
-0.18	 -0.47	-0.02	0.21	165_R	[17.7552 -2.6262  1.3161]
-0.07	 0.19	-0.07	-0.01	165_R	[15.83514894 -4.04395745  0.18523404]
-0.19	 -0.79	0.01	0.36	165_R	[18.83743333 -4.94248333  1.58485   ]
0.06	 0.15	-0.11	-0.35	167_A	[13.6541875  0.6358125 12.755625 ]
0.15	 1.13	0.1	-0.35	167_A	[12.60082353  1.14717647 13.52970588]
0.03	 0.37	0.53	0.06	167_A	[14.08376744 -1.50090698 13.23674419]
0.13	 1.26	-0.01	-0.27	168_S	[14.403       0.295      11.80233333]
-0.01	 0.1	-0.21	-0.05	168_S	[14.56052381  2.59680952 11.83952381]
0.23	 1.74	0.1	-0.37	168_S	[13.74244444  3.99733333  8.57788889]
0.2	 1.79	0.09	-0.32	168_S	[13.975  4.545 10.896]
-0.1	 -0.46	-0.16	0.18	168_S	[15.42678571  2.74695238  8.66471429]
-0.08	 -0.41	-0.46	0.19	168_S	[16.72817647  0.70796078 10.37237255]
0.12	 0.92	-0.08	-0.19	169_W	[11.26177273  4.72790909  7.17736364]
0.13	 1.08	0.04	-0.32	169_W	[9.64934615 5.7915     8.05634615]
-0.07	 0.12	-0.07	0.01	169_W	[13.27603333  3.78573333  6.22993333]
-0.01	 0.2	0.02	-0.0	169_W	[14.06792683  1.84819512  4.5184878 ]
-0.07	 -0.06	-0.06	-0.02	169_W	[13.45209375  0.057       2.478875  ]
0.13	 1.09	0.07	-0.41	169_W	[12.23026087 -1.54921739  1.67465217]
0.13	 1.55	0.24	-0.5	171_A	[12.85175  6.862   13.156  ]
0.13	 0.76	0.13	-0.35	171_A	[13.34264407  4.08842373 14.15645763]
0.16	 1.26	-0.01	-0.28	172_T	[13.182875  6.500375 12.181   ]
0.09	 0.37	-0.03	-0.14	172_T	[12.85777273  8.52622727 11.59918182]
-0.02	 -0.06	-0.23	-0.0	172_T	[11.91192308  6.61269231  8.25669231]
-0.16	 -0.65	-0.08	0.23	172_T	[14.10785714  6.54165306  9.51059184]
-0.13	 -0.64	0.09	0.15	172_T	[12.06734426  8.98140984  8.40586885]
0.17	 1.5	0.17	-0.42	173_Y	[9.44516667 7.24316667 8.9555    ]
0.19	 0.6	0.03	-0.26	173_Y	[8.64426667 8.79833333 8.95413333]
0.13	 1.34	0.04	-0.33	173_Y	[7.867125  6.994875  8.0888125]
0.18	 1.16	0.09	-0.33	173_Y	[7.09175   8.2484375 7.3251875]
0.2	 1.35	0.36	-0.59	173_Y	[4.83895833 9.911375   6.69516667]
0.05	 0.78	0.01	-0.15	173_Y	[ 1.98928261 10.65182609  8.40819565]
0.08	 0.48	0.03	-0.22	175_N	[12.67084848 10.70675758 13.755     ]
0.14	 1.88	0.06	-0.29	175_N	[13.43433333 10.63288889 16.17611111]
-0.03	 0.15	0.01	-0.03	175_N	[13.66852  7.93764 15.39054]
0.17	 1.53	0.1	-0.35	176_D	[10.11709091 14.62218182 11.60854545]
-0.05	 -0.06	-0.03	0.04	176_D	[ 7.63646154 15.35217949 11.28307692]
-0.02	 0.14	-0.02	-0.1	176_D	[10.14966667 12.68386667  9.1824    ]
-0.03	 0.13	0.06	-0.07	176_D	[12.29536667 12.3324     10.49776667]
-0.12	 -0.21	-0.0	0.12	176_D	[12.61448485 13.31330303 11.86545455]
-0.29	 -0.68	-0.05	0.28	176_D	[12.50793333 11.74136667  8.9425    ]
0.04	 0.32	-0.01	-0.16	177_H	[ 5.03885714 14.338      11.35264286]
0.14	 1.47	0.24	-0.5	177_H	[ 4.80383333 14.42466667 12.5335    ]
-0.05	 0.05	-0.1	0.04	177_H	[ 2.78177551 13.51022449 12.72014286]
0.04	 0.29	-0.13	-0.02	177_H	[ 3.80366667 12.80441667  9.77333333]
0.15	 0.18	0.01	-0.23	177_H	[ 4.72821429 11.945       7.63764286]
-0.12	 -0.51	0.0	0.21	177_H	[ 5.29453846 14.42538462  8.54184615]
0.03	 0.49	-0.12	-0.14	177_H	[ 7.43445455 10.56157576  7.51821212]
-0.23	 -1.17	0.07	0.38	177_H	[ 6.87547826 14.19758696  6.6738913 ]
-0.23	 -0.97	-0.05	0.37	177_H	[ 7.98048 12.22096  6.518  ]
0.22	 1.8	0.23	-0.48	178_L	[ 1.3987 10.9563 11.6708]
0.19	 1.36	0.31	-0.56	179_E	[ 6.49190909 15.57281818 18.69672727]
0.07	 0.48	0.01	-0.17	179_E	[ 8.23803571 15.12075    18.46371429]
-1.09	 0.93	-0.78	0.22	179_E	[ 9.50925  12.093875 20.90275 ]
0.13	 0.82	0.1	-0.3	179_E	[ 8.1405     10.99922222 20.60408333]
-0.1	 -0.06	-0.18	0.06	179_E	[ 8.77231818 13.68472727 21.19131818]
-0.02	 -0.1	-0.08	0.01	180_P	[ 5.79025    17.069      17.86004167]
0.07	 0.07	-0.13	-0.07	180_P	[ 2.63836364 17.45709091 16.80227273]
0.03	 0.54	-0.04	-0.12	180_P	[ 2.7527931  17.91393103 18.52410345]
-0.23	 -1.0	0.06	0.32	180_P	[ 4.420325 17.6878   15.115125]
-0.08	 -0.2	-0.0	0.05	180_P	[ 6.43725455 16.69214545 14.35292727]
0.16	 0.67	-0.02	-0.24	181_W	[ 2.60936842 15.53184211 15.54026316]
0.09	 0.3	-0.11	-0.1	181_W	[ 0.46853333 16.72993333 17.52273333]
0.08	 0.41	-0.04	-0.09	181_W	[ 0.61869231 14.411      15.02596154]
-0.14	 -0.43	0.07	0.19	181_W	[-2.18816667 15.58106667 16.09326667]
-0.05	 0.09	0.01	-0.01	181_W	[-4.12189286 14.49532143 17.15342857]
-0.05	 -0.11	-0.04	-0.02	181_W	[-4.67685714 12.33467857 19.41342857]
0.13	 0.98	0.04	-0.29	181_W	[-4.00609524 11.11414286 20.44695238]
0.24	 1.22	0.18	-0.45	182_I	[ 5.30714286 10.86419048 22.37938095]
0.16	 1.49	0.19	-0.45	183_Q	[ 4.27492308 14.943      24.05069231]
0.06	 -0.34	-0.1	-0.06	183_Q	[ 3.47885714 18.01471429 22.49914286]
-0.11	 -0.22	-0.04	0.06	183_Q	[ 3.02665789 16.79378947 24.41160526]
0.02	 0.28	-0.09	-0.05	183_Q	[ 5.71365625 16.85065625 20.71590625]
-0.17	 -0.73	0.05	0.22	183_Q	[ 6.7023913  16.94780435 22.951     ]
-0.04	 -0.1	-0.06	-0.06	183_Q	[ 6.5122381  14.95652381 23.92271429]
-0.3	 -1.0	0.19	0.45	183_Q	[ 8.44965 14.93945 24.3373 ]
0.0	 0.21	-0.1	-0.04	183_Q	[ 6.73095652 12.70678261 23.18182609]
0.14	 1.61	0.1	-0.34	184_E	[ 3.1305 17.9746 20.908 ]
-0.07	 -0.49	-0.04	0.09	184_E	[ 1.44205882 19.02529412 22.51423529]
0.15	 1.52	-0.03	-0.22	184_E	[ 0.36716667 17.51533333 24.09683333]
-0.16	 -0.45	0.06	0.21	184_E	[-1.55531429 17.90274286 23.23548571]
0.03	 -0.16	-0.1	-0.03	184_E	[ 1.97884615 19.36769231 20.11830769]
-0.11	 -0.82	-0.08	0.08	184_E	[-1.20897143 19.49568571 21.30654286]
-0.06	 -0.09	-0.04	0.03	184_E	[-0.5405625  19.9931875  19.02371875]
-0.33	 -0.98	0.1	0.5	184_E	[ 0.72164865 21.16991892 18.69054054]
-0.37	 -1.09	0.22	0.49	184_E	[-2.32129412 20.02158824 18.66476471]
-0.03	 0.14	-0.15	-0.0	185_N	[-2.56       15.78033333 23.52113333]
-0.05	 -0.32	-0.04	0.02	185_N	[-1.76758333 15.176      25.11616667]
0.06	 0.48	0.02	-0.17	185_N	[-2.60953571 12.99853571 24.53339286]
0.06	 0.22	0.0	-0.2	185_N	[-3.20515789 13.35705263 22.21263158]
0.14	 -0.55	-0.06	-0.21	185_N	[-2.742875 16.765    21.07225 ]
-0.25	 -0.75	0.13	0.33	185_N	[-4.38054054 15.18045946 20.94389189]
0.03	 0.44	-0.35	-0.09	185_N	[-2.09775862 16.78106897 18.95872414]
0.01	 0.74	-0.06	-0.08	186_G	[ 0.14164286 16.1945     25.23914286]
-0.16	 -0.74	0.1	0.18	186_G	[ 0.1075     14.89346667 26.9224    ]
-0.02	 -0.69	-0.08	0.06	186_G	[ 2.67075 14.35    26.2965 ]
-0.02	 -0.18	-0.03	-0.01	186_G	[ 2.226625   12.55679167 28.30070833]
0.14	 1.54	0.19	-0.44	187_G	[ 3.198625 14.1075   25.0295  ]
0.01	 -0.12	-0.08	-0.09	187_G	[ 4.25694286 12.28862857 25.5054    ]
0.1	 0.31	-0.01	-0.16	188_W	[ 4.76426316 10.13331579 25.23531579]
0.12	 0.29	0.02	-0.17	188_W	[ 5.75209524  7.64695238 26.18638095]
0.03	 0.21	-0.08	-0.09	188_W	[ 7.04168293  8.34036585 23.27856098]
0.03	 0.42	0.03	-0.18	189_D	[ 4.38556522  8.72330435 28.16617391]
0.11	 1.67	0.06	-0.36	189_D	[ 4.4366  8.1786 29.292 ]
0.12	 1.36	0.08	-0.29	189_D	[ 0.46348148  7.37444444 30.99485185]
-0.04	 -0.18	-0.04	-0.01	189_D	[ 4.17918919 10.39597297 29.9967027 ]
0.12	 1.37	-0.11	-0.19	189_D	[ 1.20383333  8.8025     31.84733333]
0.16	 1.3	0.07	-0.33	189_D	[ 1.98425   8.100375 32.4075  ]
-0.09	 -0.02	-0.18	0.01	189_D	[ 1.0044186  10.95302326 31.38367442]
0.21	 1.06	0.09	-0.36	190_T	[-1.26793333 10.24833333 29.65106667]
-0.09	 -0.34	-0.01	0.1	190_T	[-0.87863333 12.50216667 28.87056667]
-0.06	 0.16	-0.08	0.04	190_T	[-3.53169231 11.31519231 27.42501923]
0.11	 1.04	0.07	-0.26	192_V	[-3.167       3.20121053 31.04536842]
-0.04	 0.1	-0.09	0.03	192_V	[ 0.5527541   3.48577049 31.52109836]
0.17	 1.38	0.19	-0.45	193_D	[-0.66433333  6.15411111 30.97311111]
0.03	 0.2	-0.05	-0.06	193_D	[-2.4565      5.749      31.84354545]
-0.07	 -0.01	-0.09	0.11	193_D	[-5.69683333  4.85666667 30.87330556]
0.03	 0.59	-0.02	-0.19	193_D	[-2.73125581  8.99627907 30.72676744]
-0.06	 0.02	-0.13	0.04	193_D	[-4.32322581  8.52190323 32.07106452]
-0.28	 -0.97	0.03	0.51	193_D	[-4.11853333  9.89384444 32.38802222]
-0.24	 -0.96	0.08	0.33	193_D	[-5.430875   7.196625  32.7834375]
0.0	 0.61	-0.13	-0.06	194_L	[-7.28855556  5.51611111 28.55322222]
0.15	 1.7	0.1	-0.4	194_L	[-5.9555  3.2989 29.3734]
-0.18	 -0.65	0.04	0.27	194_L	[-7.30954545  3.44929545 27.31520455]
0.04	 -0.05	-0.04	-0.06	194_L	[-7.14606667  6.10353333 26.278     ]
-0.1	 -0.4	0.0	0.11	194_L	[-6.12034091  9.42886364 25.263     ]
-0.13	 -0.68	-0.05	0.23	194_L	[-7.106       8.85161728 28.52462963]
-0.01	 0.38	-0.16	-0.03	195_Y	[-6.03358824  1.41176471 26.55370588]
0.11	 0.34	-0.03	-0.15	195_Y	[-5.83428571  1.30771429 28.29871429]
-0.06	 -0.09	-0.03	0.01	195_Y	[-4.28306667 -0.61166667 27.20024444]
0.12	 1.04	0.28	-0.52	195_Y	[-4.63422222  0.52161111 25.11555556]
0.1	 1.42	-0.13	-0.24	195_Y	[-6.4536  2.9162 24.9778]
0.08	 1.36	0.24	-0.49	195_Y	[-6.59327273  3.54154545 24.55009091]
-0.09	 -0.41	-0.02	0.18	195_Y	[-5.93862857  1.1212     23.93971429]
0.01	 0.16	-0.09	-0.05	195_Y	[-6.6121      5.5047     23.58436667]
-0.06	 -0.48	0.05	0.14	195_Y	[-6.40357895  1.79847368 21.593     ]
-0.08	 -0.29	0.03	-0.02	195_Y	[-7.34458333  3.68833333 23.07633333]
-0.16	 -0.28	0.02	0.2	195_Y	[-7.36944828  4.66727586 20.68813793]
0.05	 0.25	-0.06	-0.15	196_G	[-1.7636875  0.3715    30.316125 ]
-0.12	 -0.56	-0.07	0.11	196_G	[-3.89765217  0.14126087 31.35186957]
-0.23	 -0.5	0.07	0.32	196_G	[-3.42456757 -1.66086486 31.0882973 ]
-0.16	 -0.55	-0.01	0.29	196_G	[-5.33354545  1.21081818 30.97027273]
