-0.3	 -0.91	0.12	0.41	3_E	[37.69822857 14.8712     47.5392    ]
0.08	 0.92	0.23	-0.51	3_E	[36.29035714 16.89935714 47.966     ]
0.1	 0.73	-0.13	-0.14	3_E	[35.3307619  17.08057143 46.11633333]
-0.1	 -0.17	-0.17	0.07	3_E	[34.4778     18.28306667 46.5509    ]
0.02	 0.71	0.01	-0.18	3_E	[37.57886667 18.42933333 47.71613333]
0.07	 1.35	0.09	-0.29	3_E	[39.25531579 17.32063158 45.92552632]
-0.16	 -0.76	-0.09	0.16	3_E	[40.14942308 18.95230769 45.42534615]
-0.25	 -0.95	0.2	0.43	3_E	[41.011625 18.371975 44.179575]
-0.27	 -1.03	0.15	0.41	3_E	[39.98128947 20.19223684 46.68236842]
-0.31	 -0.82	0.09	0.45	3_E	[36.21284211 17.20921053 48.62884211]
-0.18	 -0.36	-0.08	0.21	3_E	[36.8308125 19.1003125 45.916375 ]
-0.2	 -0.96	0.06	0.38	3_E	[38.38090476 18.30204762 48.42938095]
-0.17	 -0.37	0.02	0.31	3_E	[40.05809091 16.53090909 47.00704545]
-0.14	 -0.25	-0.13	0.08	3_E	[38.4403  16.56675 44.6072 ]
0.14	 1.63	0.23	-0.48	4_M	[36.53433333 16.65091667 44.05358333]
0.1	 1.62	0.12	-0.4	4_M	[32.4985   14.157125 44.6145  ]
-0.15	 -0.38	-0.01	0.13	4_M	[33.13215385 14.4174359  46.54907692]
0.06	 0.68	-0.13	-0.09	4_M	[33.44644444 13.46022222 43.69411111]
-0.02	 1.17	0.0	-0.09	4_M	[36.40883333 15.38122222 42.44688889]
-0.26	 -1.08	0.11	0.36	4_M	[36.03815556 12.89802222 41.10031111]
-0.19	 -0.64	-0.02	0.26	4_M	[33.24976 13.67792 40.07996]
-0.02	 0.12	-0.06	-0.05	4_M	[36.68422222 14.57883333 45.44361111]
-0.17	 -0.29	-0.17	0.18	4_M	[34.48858824 17.30458824 43.22805882]
-0.16	 -0.66	-0.06	0.16	4_M	[34.87505263 13.31689474 44.23573684]
0.12	 -0.16	-0.06	-0.19	4_M	[32.709      13.98716667 43.353     ]
-0.09	 -0.06	0.13	0.04	4_M	[34.76439286 16.15682143 41.43014286]
-0.2	 -0.49	-0.24	0.27	4_M	[37.204625   15.13479167 42.82716667]
-0.21	 -0.84	0.19	0.43	4_M	[33.80675862 13.42258621 39.01389655]
-0.17	 -0.59	0.78	0.51	4_M	[32.72082759 13.01113793 41.63989655]
-0.24	 -0.6	-0.11	0.32	4_M	[32.94813333 15.30486667 40.9968    ]
0.1	 1.1	0.05	-0.34	5_Q	[30.24254167 14.94716667 44.22170833]
-0.15	 0.05	-0.22	0.16	5_Q	[29.30194872 15.99805128 42.8935641 ]
0.07	 0.99	0.07	-0.25	5_Q	[28.9332  17.2702  45.56515]
0.07	 1.0	-0.04	-0.27	5_Q	[31.4855    18.3506875 47.8255   ]
-0.1	 -0.33	-0.1	0.12	5_Q	[30.544625   19.82408333 47.69708333]
-0.31	 -1.06	0.13	0.39	5_Q	[28.85955556 19.75183333 47.74147222]
-0.12	 -0.87	0.01	0.15	5_Q	[31.98174074 20.68455556 48.22874074]
-0.01	 0.13	0.08	-0.09	5_Q	[32.2545     17.09316667 43.49104167]
-0.03	 0.47	0.06	-0.17	5_Q	[30.54428571 15.37314286 47.25014286]
-0.18	 -0.39	-0.02	0.21	5_Q	[30.45752632 18.52868421 44.65721053]
-0.19	 -0.91	-0.2	0.2	5_Q	[28.74094737 16.99031579 46.77215789]
-0.12	 -0.33	0.04	0.19	5_Q	[31.62256667 17.0875     48.29576667]
0.12	 0.74	0.06	-0.19	5_Q	[32.51285714 18.99335714 45.94164286]
-0.21	 -0.31	-0.12	0.44	5_Q	[33.06696154 19.92638462 47.94742308]
-0.3	 -0.96	0.25	0.52	5_Q	[30.99592308 21.772      48.68311538]
0.09	 0.47	-0.2	-0.1	6_D	[30.42855556 13.50222222 45.22844444]
0.09	 0.23	-0.12	-0.03	6_D	[29.851   13.08025 44.1215 ]
0.1	 0.82	-0.03	-0.25	6_D	[27.44590909 16.35181818 44.177     ]
-0.0	 0.2	-0.13	-0.08	6_D	[26.62903571 16.03589286 45.73475   ]
0.03	 0.8	-0.05	-0.17	6_D	[28.42021053 11.85994737 45.85578947]
-0.14	 -0.24	0.01	0.15	6_D	[27.26766667 10.39453333 44.94386667]
-0.1	 -0.22	0.03	0.11	6_D	[24.99978125 11.0713125  44.94290625]
-0.23	 -0.62	0.21	0.26	6_D	[27.11647059 11.15258824 42.55870588]
-0.07	 -0.56	-0.13	0.07	6_D	[29.10736364 14.30227273 46.73418182]
-0.05	 -0.82	1.61	0.26	6_D	[29.29085714 13.2517619  43.01133333]
-0.31	 -0.74	0.09	0.44	6_D	[29.3404  11.6418  45.33255]
0.07	 1.46	-0.09	-0.22	6_D	[28.22185714 12.746      47.09128571]
0.14	 1.81	0.12	-0.38	7_Y	[26.443625 16.70325  42.753   ]
-0.04	 0.13	-0.06	-0.05	7_Y	[23.54873333 12.64213333 42.66693333]
-0.04	 0.31	-0.02	0.01	7_Y	[25.4327 15.4395 39.9265]
-0.08	 -0.47	-0.09	0.11	7_Y	[24.47533333 16.88533333 39.63916667]
-0.06	 -0.46	-0.01	-0.01	7_Y	[24.27445455 18.36427273 41.18931818]
-0.08	 -0.15	0.01	0.06	7_Y	[22.94114286 15.92957143 39.18285714]
-0.07	 -0.31	-0.08	0.06	7_Y	[22.70125806 19.11874194 41.63790323]
-0.1	 0.39	0.03	0.08	7_Y	[21.406      16.85813333 38.94366667]
0.02	 0.66	-0.04	-0.11	7_Y	[21.99853333 18.27493333 40.27966667]
-0.05	 0.08	-0.34	0.04	7_Y	[19.85587805 19.22980488 40.93556098]
-0.1	 0.12	-0.15	0.02	7_Y	[27.09947059 14.02523529 41.66123529]
-0.06	 0.18	-0.11	0.01	7_Y	[25.54588889 17.11211111 43.59711111]
-0.18	 -0.16	-0.02	0.21	7_Y	[26.53763636 16.36904545 40.97459091]
-0.16	 -0.01	0.02	0.22	7_Y	[24.85458824 14.21317647 40.39035294]
-0.31	 -0.97	0.12	0.44	7_Y	[25.19178571 18.92407143 41.98992857]
-0.01	 0.46	-0.01	-0.11	7_Y	[22.35533333 14.05188889 40.35266667]
-0.3	 -0.83	0.1	0.56	7_Y	[22.66361905 20.37347619 41.55985714]
0.01	 0.28	-0.46	0.03	7_Y	[19.71048387 16.55777419 39.66919355]
-0.06	 0.03	-0.17	0.09	7_Y	[20.74290476 19.73861905 39.118     ]
0.07	 1.14	0.12	-0.29	8_K	[21.0318 13.12   45.3642]
0.04	 0.51	-0.07	-0.16	8_K	[19.74013043 16.58082609 43.89802174]
-0.05	 -0.2	-0.11	0.02	8_K	[20.498    15.85575  46.725875]
-0.11	 -0.06	-0.11	0.12	8_K	[22.8747 15.6994 48.0645]
0.05	 -0.89	-0.05	-0.11	8_K	[23.2132     12.26946667 47.0588    ]
-0.05	 0.06	-0.1	0.06	8_K	[24.7219375 13.591875  49.4715   ]
0.06	 -0.04	-0.0	-0.21	8_K	[26.2722     11.27733333 47.7478    ]
0.05	 0.14	0.02	-0.17	8_K	[23.17015 17.0356  44.2837 ]
0.02	 -0.44	-0.01	-0.19	8_K	[21.9776 12.6932 45.1899]
-0.17	 -0.54	0.03	0.2	8_K	[21.47422222 16.76994444 46.32816667]
-0.14	 -0.44	-0.16	0.2	8_K	[20.12413333 14.26146667 46.45996667]
0.03	 0.08	0.01	0.0	8_K	[24.131625  16.2815    46.8795625]
-0.27	 -0.8	0.17	0.44	8_K	[22.37405 15.462   48.7255 ]
-0.22	 -0.65	0.03	0.23	8_K	[22.2197  12.68365 47.9278 ]
0.1	 2.23	-0.01	-0.29	8_K	[23.47685714 12.21471429 45.79357143]
-0.06	 -0.62	0.05	0.1	8_K	[25.47342105 14.91005263 48.39484211]
-0.25	 -0.83	0.12	0.41	8_K	[23.83859091 13.33454545 49.79531818]
-0.2	 -0.45	-0.03	0.26	8_K	[27.11808696 12.66369565 48.31056522]
-0.28	 -0.75	0.15	0.46	8_K	[24.98953846 11.06823077 48.86430769]
-0.02	 0.44	-0.31	0.01	8_K	[25.00772727 11.11118182 46.75263636]
0.14	 1.34	0.3	-0.58	9_Q	[19.797125 13.178875 44.99175 ]
0.11	 1.28	0.1	-0.36	9_Q	[16.65518182 12.699      42.95236364]
-0.19	 -0.58	0.05	0.21	9_Q	[17.3454     13.14533333 45.14733333]
-0.09	 0.16	-0.11	0.04	9_Q	[19.776625 11.332375 41.99075 ]
-0.01	 0.51	-0.04	-0.06	9_Q	[17.1844  12.06445 40.07875]
-0.14	 -0.67	-0.1	0.16	9_Q	[18.35407692 12.69676923 38.40407692]
-0.12	 0.03	-0.02	0.16	9_Q	[20.20525   13.7299375 38.7245625]
-0.01	 0.36	-0.21	0.04	9_Q	[17.17044737 15.21673684 38.97871053]
-0.08	 -0.12	-0.09	0.13	9_Q	[20.45       12.34015789 44.08731579]
-0.04	 -0.56	0.07	-0.07	9_Q	[20.53652174 12.17195652 41.06834783]
-0.25	 -0.26	0.14	0.22	9_Q	[18.32272222 11.42294444 42.91033333]
-0.32	 -0.85	0.21	0.49	9_Q	[17.71489474 11.118      40.09047368]
0.02	 -0.63	-0.06	0.04	9_Q	[16.02521429 12.97892857 41.09707143]
-0.25	 -0.27	-0.12	0.22	9_Q	[15.6194 14.4644 39.3853]
-0.1	 -0.2	-0.15	0.32	9_Q	[17.91868966 15.77055172 38.10944828]
0.12	 0.6	-0.01	-0.26	10_S	[14.44230769 14.28392308 41.36884615]
0.08	 0.81	-0.21	-0.13	10_S	[15.52768293 16.85085366 40.50187805]
-0.15	 -0.74	0.01	0.11	10_S	[15.33006667 15.9576     45.9938    ]
-0.13	 -0.07	-0.08	0.16	10_S	[15.58326316 18.23563158 44.921     ]
0.11	 1.09	-0.06	-0.2	10_S	[17.79693103 16.31106897 41.83327586]
-0.1	 -0.41	-0.08	0.13	10_S	[14.57808696 13.61286957 43.57952174]
-0.16	 -0.29	0.02	0.21	10_S	[13.92870833 16.00704167 45.351875  ]
-0.14	 -0.57	0.01	0.25	10_S	[16.80030435 15.58573913 45.89265217]
-0.03	 0.0	-0.21	0.06	10_S	[17.22388235 18.23820588 44.0705    ]
0.12	 1.14	0.16	-0.45	11_L	[13.3157 13.9709 42.3188]
0.21	 1.09	0.06	-0.33	11_L	[13.24295652 18.72947826 43.87778261]
0.06	 0.58	-0.12	0.09	11_L	[10.69466667 12.49033333 42.049     ]
-0.09	 -0.28	-0.04	0.09	11_L	[ 8.23765625 13.84540625 42.3441875 ]
-0.1	 -0.12	-0.01	0.16	11_L	[10.87121429 13.43475    39.53735714]
0.06	 0.52	-0.01	-0.14	11_L	[12.24884211 15.33157895 44.05926316]
0.04	 0.27	-0.0	-0.16	11_L	[12.81245455 15.61872727 39.79090909]
0.07	 -0.09	-0.05	-0.12	11_L	[10.31366667 15.58144444 44.00755556]
0.2	 0.88	0.12	-0.36	11_L	[ 9.28292308 16.88161538 41.12469231]
-0.14	 -0.09	-0.02	0.1	11_L	[11.45765 13.37685 42.8824 ]
-0.21	 -0.83	0.26	0.3	11_L	[ 8.86880952 12.31733333 41.83790476]
-11.97	 -0.16	4.21	1.45	11_L	[ 8.17875676 14.54494595 43.52562162]
-0.11	 -0.34	-0.7	0.66	11_L	[ 7.85334286 14.9332     41.70882857]
-0.23	 -0.67	0.16	0.38	11_L	[10.4432  12.10256 40.336  ]
-0.23	 -1.01	0.01	0.36	11_L	[ 9.9633  14.86265 39.25475]
-0.21	 -0.23	0.02	0.13	11_L	[12.61865217 13.83069565 40.21526087]
0.08	 1.11	0.02	-0.23	12_K	[11.076  19.6313 38.2167]
-0.14	 -0.16	-0.03	0.07	12_K	[ 9.12522581 18.88864516 39.35319355]
0.06	 1.1	-0.09	-0.22	12_K	[13.247    20.767125 37.8335  ]
0.12	 0.83	0.12	-0.38	12_K	[15.78658333 18.64608333 39.85295833]
0.05	 0.58	-0.08	-0.19	12_K	[17.68786957 19.74995652 41.77647826]
0.06	 1.18	0.08	-0.31	12_K	[16.34307143 21.99671429 44.02528571]
-0.01	 0.38	0.01	-0.08	12_K	[11.7802381  17.13080952 39.27290476]
-0.1	 -0.1	-0.04	0.05	12_K	[13.31966667 19.1583     38.26783333]
0.18	 0.79	0.23	-0.49	12_K	[13.15157143 21.39985714 37.947     ]
-0.04	 0.28	-0.55	0.16	12_K	[17.13744444 18.91344444 41.95666667]
0.15	 1.17	0.07	-0.38	12_K	[18.42614286 20.94278571 41.56078571]
-0.19	 -0.54	0.01	0.26	12_K	[17.61858621 21.92596552 43.57737931]
-0.07	 0.11	-0.21	0.03	12_K	[14.97981395 21.26776744 44.2185814 ]
0.08	 0.68	0.14	-0.36	13_Y	[ 7.74566667 22.078      38.831     ]
0.06	 0.64	0.1	-0.3	13_Y	[ 7.77328571 22.82919048 38.17295238]
0.08	 1.05	0.05	-0.32	13_Y	[ 7.51294737 24.59573684 38.10378947]
0.07	 0.74	-0.11	-0.22	13_Y	[ 6.95492308 19.27823077 40.76161538]
0.1	 2.05	0.14	-0.42	13_Y	[10.217   20.29175 45.39575]
0.11	 1.7	0.1	-0.32	13_Y	[ 7.65635 18.26475 41.7864 ]
-0.09	 -0.09	-0.2	0.17	13_Y	[ 8.92974419 18.16474419 45.12725581]
-0.11	 0.17	-0.27	0.01	13_Y	[ 8.19766667 20.75519048 38.6632381 ]
0.18	 1.12	0.2	-0.47	13_Y	[ 7.0183125 22.023875  39.7040625]
0.08	 0.49	0.25	-0.16	13_Y	[ 7.18955556 19.60733333 40.42088889]
0.03	 0.43	0.05	-0.19	13_Y	[11.92767857 20.83164286 44.50271429]
0.05	 0.63	-0.14	-0.15	13_Y	[ 7.20303125 17.81840625 43.55809375]
-0.14	 -0.17	-0.1	0.17	13_Y	[11.03033333 17.7832381  45.01914286]
-0.04	 0.32	-0.06	-0.1	14_E	[12.268      25.15983333 35.87966667]
0.16	 0.65	0.12	-0.39	14_E	[13.05313636 24.93136364 37.54790909]
-0.14	 -0.43	-0.19	0.11	14_E	[ 8.18025  25.501625 35.27375 ]
-0.05	 0.02	-0.01	-0.03	14_E	[ 8.23264286 22.71307143 34.5685    ]
-0.09	 -0.06	-0.05	0.08	14_E	[10.47804 23.09288 33.188  ]
-0.22	 -0.87	0.08	0.31	14_E	[11.50154839 24.66183871 33.19496774]
-0.27	 -0.88	0.18	0.44	14_E	[10.44434146 21.57621951 32.5555122 ]
0.04	 0.53	-0.11	-0.1	14_E	[11.0759     21.59563333 37.07413333]
-0.05	 0.38	-0.22	0.01	14_E	[12.12782353 23.28888235 35.90847059]
-0.06	 -0.11	-0.11	0.13	14_E	[ 7.81964 24.77668 36.5392 ]
-0.03	 0.16	-0.08	0.07	14_E	[ 9.17277778 25.95511111 34.40927778]
-0.26	 -0.42	-0.09	0.31	14_E	[ 8.87129412 21.61005882 35.61988235]
-0.28	 -0.7	0.23	0.37	14_E	[ 7.7927619  23.36161905 33.70461905]
-0.23	 -0.43	-0.21	0.22	15_T	[11.13727273 27.63977273 33.78286364]
0.01	 0.26	-0.02	-0.1	15_T	[12.17933333 30.98038889 34.92522222]
0.11	 1.22	0.01	-0.29	15_T	[ 9.072125 27.36125  35.294875]
0.0	 0.43	0.01	0.06	15_T	[12.66606667 27.00933333 35.65033333]
-0.23	 -0.32	0.0	0.2	15_T	[ 9.63127273 28.85475758 33.92857576]
0.28	 0.24	-0.59	0.33	15_T	[10.30585366 31.41246341 35.37670732]
-0.09	 -0.18	0.04	0.16	15_T	[13.23966667 29.91070833 35.54545833]
0.14	 1.88	0.16	-0.43	16_F	[13.91723529 31.82517647 39.17252941]
-0.03	 0.22	-0.2	0.02	16_F	[13.72131579 33.28344737 38.63284211]
0.19	 1.5	0.18	-0.45	16_F	[ 9.78206667 33.00653333 37.2408    ]
0.03	 0.64	-0.11	-0.18	16_F	[12.07826829 34.14721951 38.21090244]
0.02	 0.36	-0.04	-0.02	16_F	[14.09136364 28.105      37.81542424]
0.19	 0.81	0.04	-0.28	16_F	[14.97013333 28.74646667 39.31653333]
-0.04	 -0.0	-0.02	-0.02	16_F	[14.99121429 30.89085714 38.72057143]
-0.36	 -0.53	0.15	0.53	16_F	[14.47617391 33.40482609 37.58421739]
-0.23	 -0.63	-0.13	0.26	16_F	[11.66033333 35.08338889 37.26372222]
0.21	 1.64	0.15	-0.41	17_S	[15.344375 24.25775  43.86375 ]
0.09	 1.09	-0.01	-0.26	18_Y	[16.9684 24.9528 43.6235]
-0.18	 -0.22	-0.18	0.2	18_Y	[19.00475556 25.73735556 42.91066667]
-0.01	 0.29	-0.03	-0.04	18_Y	[18.766      25.89591667 39.35233333]
-0.06	 0.26	-0.07	0.06	18_Y	[18.24766667 24.4295     38.05633333]
-0.12	 -0.4	-0.02	0.12	18_Y	[16.67642857 24.23021429 37.51092857]
0.02	 0.11	0.02	-0.12	18_Y	[19.17972727 22.84639394 39.70790909]
-0.12	 -0.65	-0.04	0.14	18_Y	[16.46715789 22.50347368 36.782     ]
-0.11	 -0.53	0.0	0.07	18_Y	[19.20077778 21.83833333 37.69316667]
-0.13	 -0.47	-0.07	0.17	18_Y	[17.95075 21.62925 36.82275]
-0.24	 -1.04	0.06	0.28	18_Y	[16.8857037  19.60833333 37.10496296]
0.13	 1.39	0.06	-0.36	18_Y	[15.0997 26.3693 39.0363]
0.2	 1.29	0.43	-0.65	18_Y	[18.00533333 23.72266667 42.13558333]
-0.11	 -0.13	-0.05	0.14	18_Y	[16.9882069  26.55593103 39.13665517]
-0.1	 -0.03	-0.03	0.08	18_Y	[19.35418182 25.77995455 40.29313636]
0.03	 0.13	-0.04	-0.1	18_Y	[14.84285714 24.61071429 38.09985714]
-0.2	 -0.67	-0.11	0.31	18_Y	[20.21384615 22.743      40.13911538]
-0.06	 -0.11	-0.02	0.0	18_Y	[14.54714815 21.83696296 37.32774074]
-0.02	 0.13	-0.02	-0.01	18_Y	[19.66283333 20.524      38.23508333]
-0.01	 0.21	-1.57	0.74	18_Y	[17.74316667 18.464      38.65846296]
0.04	 -0.16	-0.05	-0.09	19_L	[17.18238462 26.69153846 45.59192308]
0.18	 1.5	0.09	-0.32	19_L	[15.55993333 25.7642     45.17826667]
0.08	 0.84	-0.06	0.08	19_L	[17.052      29.91166667 40.20233333]
0.01	 0.07	-0.06	-0.09	19_L	[15.78942857 32.56867857 41.35871429]
-0.06	 0.02	-0.05	0.04	19_L	[19.03733333 29.58405128 41.30615385]
0.15	 1.39	-0.05	-0.25	19_L	[19.0636 28.1178 43.8691]
0.16	 2.0	0.08	-0.34	19_L	[17.26215385 31.31092308 44.31684615]
0.14	 0.46	0.04	-0.2	19_L	[16.461      28.82789474 40.19747368]
-0.19	 -1.12	-0.12	0.22	19_L	[16.54808 31.8402  39.90268]
-0.14	 -0.63	-0.02	0.19	19_L	[17.00525 32.5787  42.7745 ]
-0.2	 -0.85	0.13	0.38	19_L	[18.68533333 30.46133333 40.2335    ]
-0.16	 -1.25	0.0	0.28	19_L	[19.1095     30.99026923 43.07607692]
-0.09	 -0.37	-0.08	0.11	19_L	[19.35846667 28.47813333 42.0412    ]
0.08	 1.31	-0.08	-0.07	20_P	[17.48285714 27.15042857 46.65728571]
0.11	 1.1	0.36	-0.78	20_P	[17.1952 26.9792 47.3622]
-0.04	 0.06	-0.1	0.03	20_P	[16.42869231 29.20061538 49.57046154]
-0.08	 -0.06	-0.01	0.0	20_P	[18.3638  29.72835 48.3393 ]
0.0	 1.26	-0.06	-0.1	20_P	[18.6440625 29.081375  45.867125 ]
-0.02	 0.48	-0.06	0.01	20_P	[16.10781818 26.46045455 48.04645455]
-0.08	 -0.5	-0.19	0.1	20_P	[15.744      30.76430769 49.02861538]
-0.19	 -0.57	0.06	0.17	20_P	[16.08122727 28.40231818 49.90636364]
-0.24	 -0.48	0.15	0.24	20_P	[18.35984615 30.50430769 48.37942308]
-0.24	 -1.1	0.16	0.39	20_P	[18.77745 27.718   48.29195]
-0.02	 -0.17	-0.11	-0.0	20_P	[17.41129167 31.11570833 46.09083333]
-0.13	 -0.33	-0.04	0.13	20_P	[19.12103846 28.726      45.17707692]
0.11	 1.33	0.27	-0.55	21_P	[11.069      29.91842857 49.98471429]
-0.05	 0.17	-0.12	0.03	21_P	[12.84436364 30.44572727 50.04284848]
-0.06	 -0.11	-0.18	0.07	21_P	[ 9.96323077 27.76315385 49.53638462]
-0.03	 0.25	-0.11	0.02	21_P	[11.97277778 25.21883333 49.26994444]
-0.08	 0.48	0.0	-0.02	21_P	[14.67127273 26.02090909 49.64809091]
-0.2	 -0.62	-0.02	0.22	21_P	[10.7435     28.55727273 50.25590909]
0.09	 0.58	-0.14	-0.08	21_P	[ 9.43725    27.08879545 48.01902273]
-0.25	 -0.58	0.19	0.46	21_P	[12.01814286 25.57738095 50.44904762]
0.03	 -0.07	-0.34	0.0	21_P	[11.86228571 24.32928571 48.17714286]
-0.12	 -0.44	0.01	0.15	21_P	[14.00010526 27.51505263 50.35384211]
-0.1	 -0.41	0.09	0.1	21_P	[14.33313333 25.13226667 48.41313333]
0.04	 0.55	0.0	-0.19	22_M	[10.321875 31.525375 50.623125]
-0.07	 0.11	-0.05	-0.06	22_M	[ 8.47355556 30.84602778 49.54316667]
0.11	 1.57	0.2	-0.48	22_M	[12.07706667 34.07106667 41.40966667]
0.09	 0.66	-0.06	-0.18	22_M	[12.54576316 33.89473684 42.40384211]
0.09	 1.29	0.12	-0.41	23_N	[11.09914286 32.21557143 50.85228571]
0.05	 1.1	-0.12	-0.08	23_N	[10.195      32.386      51.57166667]
0.14	 1.54	-0.03	-0.26	23_N	[ 7.2714 33.7668 50.5586]
-0.1	 0.03	-0.11	0.08	23_N	[10.5988 34.1209 53.4004]
0.1	 0.99	0.02	-0.27	23_N	[11.97392857 35.32321429 51.33892857]
-0.02	 -0.21	-0.07	-0.0	23_N	[12.47891304 36.66178261 52.17182609]
0.18	 1.44	0.14	-0.41	23_N	[12.17878571 33.22       50.30657143]
-0.08	 -0.22	0.11	-0.04	23_N	[ 8.36666667 33.02555556 51.49918519]
-0.15	 -0.18	-0.01	0.21	23_N	[ 9.53588889 35.27516667 53.20144444]
-0.2	 -0.35	0.01	0.24	23_N	[11.50111111 33.31366667 52.48088889]
-0.1	 -0.23	-0.08	0.19	23_N	[13.44830435 37.25734783 51.45491304]
-0.34	 -1.1	0.26	0.55	23_N	[12.5979  35.7312  53.57095]
0.07	 0.91	-0.04	-0.11	24_A	[ 6.7211 34.5372 51.3881]
0.03	 1.05	-0.0	-0.23	24_A	[ 5.98383333 34.93466667 50.86583333]
-0.04	 -0.01	-0.07	0.04	24_A	[ 5.24164706 37.44205882 52.95541176]
-0.09	 -0.32	-0.14	0.08	24_A	[ 7.54822222 35.59811111 52.82344444]
0.14	 1.14	0.16	-0.44	24_A	[ 5.2359 35.233  50.5833]
-0.15	 -0.35	-0.19	0.28	24_A	[ 4.75745161 35.88190323 52.48780645]
-0.04	 -0.24	0.12	-0.02	24_A	[ 6.99665 38.20775 52.9526 ]
0.17	 1.29	0.02	-0.27	25_E	[ 8.99594118 41.00852941 47.05676471]
0.16	 1.18	0.25	-0.52	25_E	[11.5315   39.10575  51.880875]
-0.02	 0.33	-0.21	0.01	25_E	[11.53177778 41.80377778 48.506     ]
-0.12	 -0.26	-0.09	0.07	25_E	[12.18714286 41.57378571 51.07539286]
-0.24	 -0.56	0.03	0.3	25_E	[13.51435897 40.10579487 51.50364103]
-0.3	 -1.06	0.21	0.47	25_E	[12.23207692 43.06382051 51.03117949]
0.15	 0.55	-0.01	-0.2	25_E	[ 9.32152632 37.66747368 52.08605263]
-0.05	 0.11	-0.03	0.02	25_E	[ 9.61928571 39.90867857 52.08071429]
-0.1	 0.16	-0.18	0.01	25_E	[12.27154545 40.05595455 48.38272727]
0.0	 -0.3	-0.07	0.06	25_E	[ 9.75286364 41.83209091 49.16304545]
0.08	 0.79	0.17	-0.34	26_R	[11.7658 36.489  44.9398]
-0.02	 0.18	-0.1	-0.07	26_R	[13.16853846 38.03461538 47.41184615]
0.07	 0.68	-0.09	-0.16	26_R	[14.32933333 35.39216667 48.51433333]
-0.04	 0.28	-0.07	0.07	26_R	[15.3458 34.8766 46.0704]
-0.02	 -0.37	-0.04	0.04	26_R	[15.7596     33.5002     46.37253333]
0.01	 0.57	0.0	-0.19	26_R	[15.73105556 32.26822222 47.83161111]
0.06	 1.05	-0.03	-0.15	26_R	[16.02216667 32.53933333 44.94766667]
0.14	 0.78	0.01	-0.25	26_R	[11.52832143 38.59232143 45.82757143]
0.14	 1.12	0.1	-0.4	26_R	[12.0404375 35.79775   44.7811875]
-0.17	 -0.46	0.03	0.19	26_R	[13.31930435 37.21795652 45.87621739]
0.0	 0.4	-0.13	-0.07	26_R	[13.18482353 37.85482353 48.81570588]
-0.23	 -0.54	0.01	0.34	26_R	[14.80042857 35.79346429 48.663     ]
0.08	 1.17	0.01	-0.28	26_R	[13.5036 34.706  49.6004]
-0.08	 -0.62	-0.04	0.12	26_R	[14.17489474 35.14494737 44.86442105]
0.07	 0.07	-0.06	-0.06	26_R	[14.08026923 33.04576923 49.16457692]
0.04	 0.22	-0.08	-0.06	26_R	[14.7309375 33.298875  43.521625 ]
-0.01	 0.09	-0.02	-0.05	27_I	[ 5.46147059 32.73958824 49.13011765]
0.09	 0.59	0.05	-0.28	27_I	[ 6.3385    31.2084375 48.418    ]
0.04	 0.77	-0.06	-0.1	27_I	[ 5.77477778 33.87944444 49.80627778]
0.11	 1.01	0.12	-0.35	27_I	[ 3.72214286 33.12135714 48.23092857]
0.16	 1.58	0.06	-0.36	28_R	[ 6.7989 42.2417 44.6975]
0.08	 1.73	-0.04	-0.19	28_R	[ 7.34736364 41.70845455 47.012     ]
0.08	 0.58	-0.09	-0.15	28_R	[ 4.09066667 43.17866667 49.72033333]
-0.05	 0.09	-0.11	0.14	28_R	[ 5.4426 43.13   50.1768]
-0.03	 -0.51	-0.02	0.0	28_R	[ 4.78152941 42.57935294 51.22258824]
-0.07	 -0.46	-0.1	0.13	28_R	[ 3.50317647 41.259      51.93141176]
-0.07	 -0.47	0.12	0.03	28_R	[ 6.82457895 41.94778947 52.45089474]
0.16	 1.42	0.08	-0.32	28_R	[ 7.59455556 41.48222222 48.056     ]
-0.01	 -0.1	-0.05	0.03	28_R	[ 6.36052 42.41816 46.22672]
-0.02	 -0.23	-0.07	0.1	28_R	[ 4.08905882 43.46923529 47.92023529]
-0.08	 -0.14	0.04	0.02	28_R	[ 6.76322727 42.70322727 49.323     ]
0.07	 0.36	-0.08	-0.1	28_R	[ 2.53063636 40.90454545 51.04327273]
-0.13	 -0.66	0.05	0.23	28_R	[ 4.12925926 39.7057037  52.80092593]
-0.08	 -0.13	-0.1	0.18	28_R	[ 8.2923913  42.05       51.43547826]
-0.1	 -0.5	0.1	0.16	28_R	[ 6.65335714 40.65725    53.08239286]
0.07	 1.01	0.01	-0.3	29_A	[ 8.08557143 41.498      45.48714286]
0.07	 1.54	0.15	-0.37	29_A	[ 8.16475 41.876   45.01825]
0.17	 1.42	0.1	-0.39	29_A	[10.06075  40.169125 41.371625]
0.06	 0.61	0.01	-0.23	29_A	[ 9.03558824 41.498      40.76794118]
-0.11	 -0.45	-0.01	0.13	29_A	[11.374625   40.80208333 43.74066667]
0.0	 0.5	-0.2	-0.04	29_A	[ 8.19503571 42.77617857 43.6695    ]
-0.21	 -0.58	0.0	0.35	29_A	[10.95755556 41.28396296 42.43244444]
-0.09	 -0.15	0.04	0.09	29_A	[10.5326129  41.42070968 45.43574194]
0.06	 0.26	-0.01	-0.17	29_A	[11.31633333 38.89325    43.8425    ]
0.08	 0.41	-0.07	-0.16	30_Q	[10.29655 36.99435 37.89135]
0.02	 0.52	-0.19	-0.04	30_Q	[11.6348125  37.165625   40.56664583]
-0.03	 -0.07	-0.08	0.03	30_Q	[11.69326471 37.11158824 42.50826471]
-0.16	 -0.4	0.03	0.29	30_Q	[11.878      37.565      39.48286486]
0.21	 1.4	0.17	-0.42	32_K	[ 4.3432  45.17225 38.44595]
0.06	 1.19	-0.13	-0.2	32_K	[ 6.53809091 45.72990909 39.99790909]
0.07	 0.73	-0.0	-0.23	32_K	[ 7.304   45.5377  42.98145]
-0.01	 0.14	-0.1	0.02	32_K	[ 7.3888125 47.7425625 41.30625  ]
-0.0	 -2.96	-0.03	-0.11	32_K	[ 8.42077778 48.70222222 43.09333333]
0.23	 1.42	0.21	-0.47	32_K	[ 3.2122 44.3815 40.6433]
0.15	 1.1	0.08	-0.37	32_K	[ 5.9599 43.6876 43.6793]
0.1	 1.29	0.15	-0.41	32_K	[ 7.7634 43.6888 40.7539]
-0.04	 0.07	-0.39	0.05	32_K	[ 7.07125714 45.45185714 39.35148571]
-0.06	 -0.08	-0.16	0.07	32_K	[ 4.45303448 45.74341379 41.275     ]
-0.14	 -1.25	-0.03	0.25	32_K	[ 6.05461111 45.99077778 43.66138889]
-0.15	 -0.26	-0.19	0.16	32_K	[ 8.596125   45.022875   42.34754167]
-0.25	 -1.14	0.11	0.43	32_K	[ 8.4937  47.12725 40.49735]
-0.25	 -0.71	0.08	0.36	32_K	[ 6.09995652 48.01195652 41.22134783]
-0.33	 -0.76	0.22	0.46	32_K	[ 8.538      49.38978261 42.56086957]
-0.28	 -0.64	0.12	0.39	32_K	[ 7.079875 48.13     44.129875]
-0.29	 -0.56	0.21	0.37	32_K	[ 9.29781818 47.32327273 43.48759091]
0.11	 1.81	0.02	-0.27	33_Y	[ 7.94633333 43.12477778 39.31433333]
0.08	 1.42	0.17	-0.38	33_Y	[ 7.885625 43.526125 38.70625 ]
0.15	 1.42	-0.08	-0.27	33_Y	[ 9.62775  39.636375 38.4975  ]
0.04	 0.51	0.01	-0.16	33_Y	[ 9.87278571 39.53628571 37.37292857]
-0.09	 -0.22	0.13	-0.1	33_Y	[10.805625  40.94325   35.8738125]
0.05	 0.44	-0.17	-0.06	33_Y	[ 9.96188889 38.69677778 36.71433333]
-0.13	 -0.78	-0.07	0.19	33_Y	[11.40966667 40.9654     34.38086667]
-0.01	 -0.23	-0.13	0.03	33_Y	[ 9.99529412 37.84058824 35.26352941]
-0.12	 -0.58	-0.04	0.08	33_Y	[10.948      39.10822222 34.53533333]
-0.03	 0.07	-0.06	0.01	33_Y	[ 9.78196296 38.57385185 32.13611111]
0.08	 0.03	0.03	-0.15	33_Y	[ 7.73376471 44.14711765 37.46882353]
-0.09	 -0.25	-0.07	0.11	33_Y	[ 9.60459375 41.33440625 38.64109375]
-0.03	 0.01	-0.02	0.11	33_Y	[ 9.75418182 43.12890909 35.79795455]
-0.08	 0.02	-0.06	0.1	33_Y	[10.68069231 42.098      32.99023077]
0.08	 0.45	0.0	-0.19	33_Y	[ 8.877125  36.7988125 33.958625 ]
-0.32	 -0.99	0.18	0.53	33_Y	[10.93343478 39.6196087  31.84573913]
0.07	 0.85	0.06	-0.25	35_I	[ 1.20675758 45.59412121 34.33163636]
-0.11	 1.73	-0.07	0.05	35_I	[ 1.2925   46.269375 38.5195  ]
0.16	 1.98	0.16	-0.42	35_I	[ 0.4045     43.34621429 34.88642857]
0.12	 0.73	0.15	-0.43	35_I	[ 2.24152941 44.73305882 39.34352941]
0.22	 1.4	0.18	-0.45	35_I	[-1.02786667 42.67673333 37.0016    ]
0.16	 0.3	0.07	-0.24	35_I	[ 0.659625  45.8553125 39.5015625]
-0.05	 0.25	-0.16	0.03	35_I	[ 1.871      46.38340741 37.20559259]
0.14	 1.57	-0.01	-0.24	35_I	[-0.71866667 44.42228571 36.20819048]
0.15	 1.37	0.11	-0.43	36_A	[ 3.68014286 45.73671429 37.12385714]
0.12	 1.42	-0.12	-0.16	36_A	[ 3.7248 46.384  36.6492]
-0.16	 -0.59	0.09	0.22	36_A	[ 4.67239394 46.63224242 32.36278788]
-0.11	 -0.29	-0.05	0.1	36_A	[ 6.90581818 46.30090909 36.35054545]
-0.14	 -0.39	-0.07	0.18	36_A	[ 3.62795 47.14375 35.21415]
-0.16	 -0.46	0.02	0.24	36_A	[ 6.75007143 46.89910714 34.66875   ]
-0.09	 -0.3	-0.72	0.19	36_A	[ 5.76282857 46.54345714 37.67885714]
0.11	 1.45	0.03	-0.25	36_A	[ 7.735      44.815      35.53955556]
0.02	 -0.13	-0.08	-0.05	37_Q	[ 2.92818182 45.14263636 30.63390909]
-0.11	 -0.07	-0.01	0.16	37_Q	[ 3.1605    43.3233125 29.2950625]
0.06	 0.68	-0.15	-0.14	37_Q	[ 8.60335294 43.02152941 31.26994118]
-0.14	 -0.34	0.02	0.16	37_Q	[ 7.73348889 42.49284444 29.92211111]
0.03	 0.15	-0.1	-0.1	37_Q	[ 8.61622222 44.57062963 32.39903704]
0.04	 0.16	-0.01	-0.09	37_Q	[ 5.66406667 44.77706667 30.72233333]
0.19	 1.67	0.04	-0.3	37_Q	[ 5.2891 42.0789 29.6992]
0.0	 0.04	-0.09	-0.09	37_Q	[ 8.64363636 44.50154545 34.07159091]
-0.29	 -0.82	0.16	0.51	37_Q	[ 9.49837931 44.61582759 31.58472414]
0.18	 0.63	-0.13	-0.18	38_G	[ 2.443      45.48966667 31.98333333]
-0.04	 0.01	-0.02	0.05	38_G	[ 0.56311765 45.11729412 31.35364706]
0.1	 1.06	-0.05	-0.18	38_G	[-0.24366667 42.51653333 31.47593333]
-77.32	 -0.11	0.98	0.59	38_G	[-1.071525 41.9694   30.2126  ]
-0.12	 0.08	0.08	0.06	38_G	[-9.44827586e-03  4.45249310e+01  3.27404483e+01]
-0.17	 -0.99	0.42	0.63	38_G	[ 0.63408696 44.47130435 29.83886957]
0.14	 1.33	0.04	-0.29	39_W	[-1.7914 41.1838 33.0214]
0.05	 0.27	-0.01	-0.13	39_W	[-0.862625   41.986875   34.48854167]
0.12	 1.7	0.11	-0.37	39_W	[ 2.348375 40.8365   28.681625]
0.12	 1.13	0.05	-0.27	39_W	[ 6.49753571 39.30582143 29.25214286]
0.14	 1.31	0.17	-0.45	39_W	[ 7.85815 38.8118  30.5105 ]
0.21	 1.47	0.28	-0.53	39_W	[-1.10873684 39.81773684 30.76963158]
0.08	 0.77	-0.08	-0.16	39_W	[ 1.11421875 40.537625   28.77925   ]
-0.02	 0.34	-0.04	-0.04	39_W	[ 4.00392 40.55508 28.08556]
-0.28	 -0.62	-0.25	0.35	39_W	[ 6.80707407 39.57559259 28.81914815]
-0.08	 -0.06	-0.17	0.18	39_W	[ 8.59252941 38.05682353 30.84194118]
0.02	 0.45	-0.04	-0.18	40_S	[-3.52275862 40.18624138 32.23706897]
0.08	 0.53	0.01	-0.31	40_S	[-3.15740909 40.71018182 34.83954545]
-0.05	 0.05	0.03	0.01	40_S	[-4.59781481 38.80625926 31.20344444]
0.09	 0.91	-0.08	-0.22	41_P	[-2.9259 40.7786 36.5934]
0.15	 1.22	0.11	-0.37	41_P	[-2.03285714 41.10552381 36.58495238]
0.15	 1.03	0.07	-0.37	44_E	[-3.50204651 26.09583721 35.91246512]
-0.03	 -0.28	-0.13	-0.05	44_E	[-1.5206875 25.6724375 34.8338125]
-0.12	 0.16	-0.31	0.18	44_E	[-3.28040909 27.52570455 34.80079545]
0.11	 1.55	0.31	-0.56	45_H	[-8.8769 23.1017 43.0009]
0.0	 0.32	-0.11	-0.12	45_H	[-8.516      21.74451613 43.14248387]
0.11	 0.9	-0.04	-0.21	45_H	[-8.98733333 24.85979167 42.99425   ]
0.09	 1.02	0.12	-0.41	46_V	[-3.92935294 17.52517647 38.63758824]
0.05	 0.63	-0.1	-0.17	46_V	[-4.81626471 18.91014706 38.90729412]
0.06	 1.1	-0.03	-0.22	47_E	[-2.63233333 15.66       45.22      ]
-0.02	 0.35	-0.09	-0.03	47_E	[-4.79306667 15.56106667 45.0044    ]
0.05	 0.44	-0.07	-0.14	47_E	[-5.47435294 14.72905882 41.70029412]
0.07	 0.6	0.02	-0.23	47_E	[-4.99792593 16.49411111 40.20118519]
-0.21	 -0.53	0.03	0.2	47_E	[-6.88173913 15.88634783 43.15734783]
0.09	 1.39	0.12	-0.24	47_E	[-2.28620833 17.06116667 45.745875  ]
0.01	 -0.01	-0.0	-0.03	47_E	[-2.1355     14.23916667 44.5623    ]
-0.16	 -0.1	-0.01	0.46	47_E	[-4.52284 13.88472 44.16588]
0.07	 0.6	-0.16	-0.06	47_E	[-4.222  16.4152 45.6612]
0.04	 0.32	0.03	-0.15	48_V	[ 4.11815789 15.86510526 41.41389474]
0.08	 0.58	-0.1	0.06	48_V	[ 3.017      15.21733333 46.703     ]
-0.29	 -0.09	0.02	0.12	48_V	[ 5.06345833 15.32854167 44.66375   ]
0.08	 0.63	-0.04	-0.16	48_V	[-0.23718182 16.15909091 45.98595455]
-0.09	 0.06	-0.23	0.12	48_V	[ 1.81035714 14.84817857 46.2155    ]
-0.14	 -0.58	0.09	0.24	48_V	[ 4.71310345 15.65968966 46.4002069 ]
-0.07	 0.14	6.25	1.27	48_V	[ 4.63877273 14.3855     43.89731818]
0.04	 0.44	-0.56	0.2	48_V	[ 5.50683333 16.60280556 44.07538889]
0.06	 0.53	-0.07	-0.26	48_V	[ 3.24435294 16.15329412 47.67317647]
0.08	 0.66	0.17	-0.35	49_K	[ 2.922  12.8808 43.2156]
0.16	 1.85	0.02	-0.28	49_K	[ 3.0595   14.317625 40.14775 ]
-0.14	 -0.41	-0.14	0.3	49_K	[ 2.08692308 12.89212821 38.82669231]
-0.04	 0.05	-0.04	-0.05	49_K	[ 1.55125    10.49408333 42.67875   ]
0.11	 0.88	0.03	-0.25	49_K	[-0.2222 11.8426 42.6151]
0.05	 0.8	0.04	-0.27	49_K	[-1.05364 10.61172 43.19252]
0.04	 0.86	-0.04	-0.18	49_K	[-3.2452381  11.34019048 42.38933333]
0.05	 -2.08	-0.03	-0.15	49_K	[-4.07863636 10.12554545 43.29572727]
0.07	 0.51	0.03	-0.13	49_K	[ 0.2982 13.9494 44.397 ]
-0.12	 -0.13	-0.07	0.1	49_K	[ 3.44527273 12.96263636 41.87413636]
-0.15	 -0.29	-0.06	0.11	49_K	[ 1.43104167 10.77004167 41.04375   ]
-0.19	 -0.28	-0.0	0.12	49_K	[ 1.53232143 11.86492857 43.86239286]
0.12	 1.07	-0.07	-0.21	49_K	[-0.71911111 13.05355556 43.88888889]
0.15	 1.22	0.14	-0.34	49_K	[-0.65771429 11.44578571 40.21178571]
-0.18	 -0.9	0.05	0.3	49_K	[-0.71690909  9.26890909 41.87659091]
-0.18	 -0.56	-0.07	0.27	49_K	[-1.16077273 10.82940909 44.28527273]
0.11	 0.99	0.08	-0.35	49_K	[-3.62830769 12.49092308 43.02569231]
-0.13	 -0.32	-0.1	0.18	49_K	[-2.97790909 10.16836364 40.79036364]
-0.3	 -0.85	0.13	0.46	49_K	[-4.80123077 10.27103846 42.83888462]
-0.29	 -0.88	0.23	0.49	49_K	[-2.97878261  8.35182609 43.165     ]
-0.28	 -0.77	0.09	0.4	49_K	[-3.42       10.53909091 44.56095455]
-0.0	 -0.01	-0.01	-0.16	50_N	[-3.028      13.76036364 37.82136364]
-0.2	 -0.75	-0.03	0.26	50_N	[-1.81676923 12.20392308 38.37169231]
0.01	 1.15	-0.07	-0.07	50_N	[-4.27542857 14.45114286 39.52078571]
0.07	 0.29	0.02	-0.21	50_N	[ 0.69388462 14.16869231 37.46611538]
-0.07	 -0.08	-0.03	0.2	50_N	[-4.19926667 12.45593333 40.6941    ]
0.13	 1.9	0.02	-0.29	51_S	[ 4.509875 18.5985   36.76125 ]
-0.03	 -0.22	0.05	-0.05	51_S	[ 3.03628571 20.23380952 36.13790476]
0.1	 0.69	0.04	-0.36	51_S	[ 5.26192 17.8954  39.74244]
-0.03	 0.57	-0.02	-0.24	51_S	[ 5.3913871  19.6203871  39.11232258]
0.16	 1.26	0.11	-0.38	51_S	[ 3.1895     15.53733333 39.24266667]
-0.14	 -0.16	-0.13	0.11	51_S	[ 5.1018  17.0622  38.75596]
0.09	 0.72	-0.06	-0.14	52_M	[ 2.03157143 17.33557143 33.77692857]
-0.14	 -0.68	-0.12	0.12	52_M	[ 2.36978125 18.1140625  32.291     ]
0.04	 0.76	-0.06	-0.09	52_M	[ 4.10446154 15.88784615 33.63646154]
-0.06	 -0.33	-0.16	0.12	52_M	[ 6.18553846 16.21423077 36.48469231]
-0.22	 -1.07	0.09	0.31	52_M	[ 6.65945455 14.09447273 34.82667273]
-0.11	 -0.35	0.05	0.09	52_M	[ 7.17151351 16.20659459 32.79789189]
0.06	 0.64	-0.05	-0.29	52_M	[ 3.08495833 15.14029167 37.38404167]
-0.07	 0.12	0.05	-0.07	52_M	[ 4.30334783 18.52117391 34.62626087]
-0.13	 -0.68	-0.18	0.31	52_M	[ 3.09325    14.78753571 35.34896429]
-0.02	 -0.08	-0.07	-0.08	52_M	[ 4.13822727 16.31290909 33.01986364]
-0.05	 -0.29	0.08	-0.08	52_M	[ 6.08203226 17.53941935 35.67590323]
-0.09	 -0.46	-0.09	0.06	52_M	[ 5.51677273 15.43959091 36.95886364]
-0.26	 -1.13	0.27	0.5	52_M	[ 8.38678261 14.7533913  32.59943478]
-0.24	 -0.51	-0.1	0.42	52_M	[ 5.71313636 16.023      32.19604545]
-0.25	 -1.02	0.15	0.47	52_M	[ 7.85754545 17.26590909 33.70090909]
0.17	 0.68	-0.17	-0.13	53_N	[ 0.988      15.73777778 34.81722222]
0.08	 0.78	0.0	-0.19	53_N	[ 0.998875   20.83729167 33.80675   ]
-0.03	 -0.47	-0.04	0.03	53_N	[-2.78276923 16.51646154 33.92530769]
-0.17	 -0.31	0.13	0.21	53_N	[-1.66551429 14.71282857 35.30862857]
-0.05	 0.03	-0.09	0.06	53_N	[-4.27654545 16.98268182 35.54672727]
0.18	 1.58	0.25	-0.51	53_N	[ 1.07457143 15.72721429 35.90314286]
-0.07	 0.08	-0.07	0.11	53_N	[-0.4484375 16.413875  32.8306875]
-0.11	 -0.16	0.08	0.15	53_N	[-4.05114286 15.68845714 36.92654286]
-0.03	 0.1	-0.05	-0.08	53_N	[-4.48935294 17.97223529 36.68958824]
-0.05	 -0.03	-0.11	0.01	54_Q	[-1.48515556 23.11928889 32.43257778]
-0.01	 0.47	-0.19	-0.14	54_Q	[-2.01742857 20.023      28.48614286]
-0.02	 0.99	-0.05	-0.08	54_Q	[-0.34338462 18.60776923 28.81615385]
-0.08	 -0.63	-0.08	0.09	54_Q	[ 1.08063636 20.79968182 28.72677273]
-0.28	 -1.06	0.09	0.36	54_Q	[ 0.61103846 22.50073077 29.03115385]
-0.16	 -0.66	-0.01	0.21	54_Q	[ 2.24978261 20.02056522 27.34495652]
0.06	 0.56	0.01	-0.11	54_Q	[-1.04586364 17.68281818 31.64495455]
0.04	 -0.58	0.01	-0.13	54_Q	[ 0.9346     20.8876     31.55533333]
-0.04	 0.07	-0.05	-0.02	54_Q	[-2.63163158 18.87347368 29.78473684]
0.01	 0.98	-0.11	-0.09	54_Q	[-1.9653  21.6577  29.08425]
-0.2	 -0.33	-0.28	0.2	54_Q	[ 1.4243125 18.3333125 30.121    ]
-0.3	 -0.86	0.15	0.42	54_Q	[-0.70077778 18.57633333 27.95894444]
-0.27	 -0.76	0.13	0.42	54_Q	[ 2.04352 18.74092 27.46944]
-0.29	 -0.92	0.26	0.53	54_Q	[ 2.88166667 21.28403704 27.34948148]
0.13	 1.28	0.29	-0.55	55_Y	[-5.891      21.03071429 35.025     ]
-0.04	 -0.06	-0.06	0.04	55_Y	[-5.33684 19.62576 35.5388 ]
-0.05	 0.25	-0.04	0.01	55_Y	[-6.5579 20.2133 32.9554]
-0.08	 -0.11	-0.07	0.15	55_Y	[-6.89271429 21.48057143 30.99385714]
-0.03	 -0.29	-0.03	-0.02	55_Y	[-5.76090476 23.29761905 30.97328571]
-0.05	 0.07	0.05	-0.08	55_Y	[-6.1774  20.06024 29.98836]
-0.07	 -1.03	-0.04	0.12	55_Y	[-4.96069231 23.82123077 29.48946154]
-0.05	 -0.27	-0.08	0.0	55_Y	[-5.1752069  20.59134483 28.37527586]
-0.0	 -0.14	-0.07	0.01	55_Y	[-5.38528571 22.41019048 28.23480952]
-0.27	 -1.41	0.08	0.33	55_Y	[-4.83042857 23.55746429 26.98921429]
0.14	 0.88	0.09	-0.31	55_Y	[-3.44856522 18.66056522 32.70356522]
0.11	 1.33	-0.26	-0.06	55_Y	[-3.81457143 23.387      33.205     ]
-0.15	 -1.4	-0.03	0.2	55_Y	[-5.546875 19.117    33.029625]
-0.14	 -0.05	0.11	0.09	55_Y	[-6.55143478 21.62526087 33.65013043]
-0.17	 -0.34	-0.1	0.2	55_Y	[-5.04241667 23.67341667 32.38441667]
-0.27	 -0.49	0.03	0.34	55_Y	[-5.251  18.8724 30.3526]
-0.72	 -0.75	0.28	0.55	55_Y	[-4.68431579 24.873      29.45189474]
-0.29	 -0.86	0.26	0.53	55_Y	[-5.31035294 19.66511765 27.62141176]
-0.23	 -0.69	0.14	0.39	55_Y	[-5.04103448 21.75682759 26.25293103]
0.04	 0.68	-0.09	-0.15	56_W	[-6.34175 21.39185 36.8547 ]
-0.05	 0.27	-0.34	0.07	56_W	[-5.93870455 24.19559091 36.06386364]
0.16	 1.01	0.0	-0.3	56_W	[ 2.97435714 22.2535     37.71042857]
0.13	 0.86	-0.07	-0.27	56_W	[-3.42069697 23.83345455 34.73487879]
0.14	 1.23	0.31	-0.56	56_W	[-4.7551 20.3388 37.7033]
0.17	 1.73	0.1	-0.4	56_W	[ 1.6984 21.0776 35.6445]
0.11	 0.4	-0.03	-0.15	56_W	[ 3.803      21.62294444 38.61583333]
0.11	 1.22	0.05	-0.32	57_Y	[-6.12028571 20.85007143 38.37671429]
0.12	 1.42	0.29	-0.6	57_Y	[-6.996      20.28366667 39.031     ]
0.11	 1.14	0.14	-0.34	57_Y	[-6.31875 19.812   39.40575]
-0.06	 -0.36	-0.13	0.04	57_Y	[-8.85629032 20.78003226 39.50545161]
0.11	 1.5	0.02	-0.33	57_Y	[-6.74547368 18.90194737 40.87031579]
-0.13	 -0.57	0.01	0.11	57_Y	[-9.38543333 19.2992     40.13243333]
-0.01	 0.1	-0.01	-0.07	57_Y	[-7.77884848 18.59348485 40.70484848]
-0.22	 -0.61	0.06	0.32	57_Y	[-8.70740625 16.805375   40.713     ]
-0.19	 -0.33	-0.3	0.19	57_Y	[-8.51361538 22.78061538 37.70823077]
0.01	 0.28	0.02	-0.15	57_Y	[-8.95666667 23.68733333 40.54838889]
-0.2	 -0.4	0.22	0.2	57_Y	[-9.80994737 21.78594737 39.05852632]
-0.3	 -0.97	0.27	0.64	57_Y	[-10.4405      18.78111111  39.48344444]
0.07	 0.44	-0.1	-0.1	57_Y	[-7.60709524 16.61785714 41.89442857]
0.25	 1.56	0.37	-0.61	58_M	[-5.99942857 26.30814286 37.23871429]
-0.07	 -0.29	-0.04	0.09	58_M	[-9.97857143 26.66625    40.26785714]
0.06	 1.46	-0.01	-0.15	58_M	[-9.18957143 27.07785714 35.88871429]
-0.06	 0.3	-0.08	0.02	58_M	[-10.22355556  29.6227037   35.26162963]
-0.05	 0.18	-0.14	0.02	58_M	[-6.99752381 28.65819048 33.68471429]
0.02	 -0.23	0.02	-0.08	58_M	[-8.84011111 24.90959259 37.58014815]
-0.06	 0.12	-0.24	0.02	58_M	[-7.32870833 26.73729167 35.8475    ]
-0.07	 -0.37	0.02	0.13	58_M	[-10.06047619  27.36590476  37.39061905]
-0.07	 -0.02	-0.04	0.12	58_M	[-7.74680645 30.64741935 33.15551613]
-0.14	 -0.25	0.16	0.22	58_M	[-7.37143478 27.79365217 34.31108696]
0.1	 1.25	-0.02	-0.18	59_W	[-9.9584     28.26846667 44.5494    ]
0.07	 0.92	-0.2	-0.03	59_W	[-10.14066667  31.25983333  47.96816667]
-0.03	 -0.22	-0.0	-0.07	59_W	[-10.52663636  28.595       45.98431818]
-0.04	 0.14	-0.07	-0.12	59_W	[-10.712       30.1002381   47.29057143]
0.15	 1.44	0.1	-0.34	59_W	[-9.39975 27.4295  42.521  ]
0.09	 1.22	-0.04	-0.3	59_W	[-9.3045     26.67721429 44.21171429]
0.17	 1.29	-0.01	-0.23	59_W	[-9.6185 31.8319 48.4356]
-0.09	 -0.11	-0.13	-0.01	59_W	[-10.49471429  26.94157143  47.04778571]
-0.09	 0.24	0.06	0.22	59_W	[-10.15543478  29.38643478  48.80043478]
0.07	 1.36	0.06	-0.38	60_K	[-11.5178  29.7888  40.1896]
0.13	 1.42	0.02	-0.31	60_K	[-12.2924  31.149   39.0242]
0.04	 0.34	-0.03	-0.06	60_K	[-11.3405      29.79196429  38.59539286]
0.1	 0.79	-0.21	0.09	60_K	[-12.29733333  32.54033333  41.82533333]
0.07	 1.1	-0.03	-0.22	60_K	[-11.37011765  30.90552941  43.91841176]
0.11	 1.05	0.23	-0.44	60_K	[-10.68678571  34.73107143  43.95085714]
-0.0	 0.28	-0.21	0.05	60_K	[-11.90352941  31.85311765  45.901     ]
0.05	 0.05	-0.08	-0.13	60_K	[-11.35722222  34.791       47.282     ]
0.04	 0.33	-0.02	-0.06	60_K	[-10.89774074  29.07940741  41.83951852]
-0.17	 -0.55	0.03	0.14	60_K	[-12.38395238  31.21842857  40.68361905]
-0.08	 -1.45	-0.15	0.13	60_K	[-11.5896087   33.69530435  40.978     ]
-0.14	 -0.5	0.12	0.04	60_K	[-12.44152  31.5454   43.14868]
-0.18	 -0.73	-0.19	0.3	60_K	[-11.54915385  34.54415385  43.41846154]
-0.21	 -0.91	0.05	0.31	60_K	[-12.87508  32.57424  45.43292]
0.1	 1.14	0.29	-0.66	60_K	[-11.02116667  30.84325     45.60991667]
-0.2	 -0.68	0.06	0.31	60_K	[-11.43077419  33.33793548  47.90177419]
0.08	 0.97	-0.04	-0.2	60_K	[-9.57992857 34.51842857 47.66842857]
-0.19	 -0.9	0.02	0.3	60_K	[-11.79804348  35.34673913  46.07321739]
0.19	 1.38	0.13	-0.38	61_L	[-9.12775   35.6725625 39.1186875]
0.08	 1.68	0.0	-0.24	61_L	[-11.65063636  35.64036364  36.69209091]
0.05	 0.34	-0.05	0.08	61_L	[-13.32466667  32.9085      37.80166667]
-0.15	 -0.97	-0.0	0.24	61_L	[-14.30903846  34.60219231  36.25653846]
-0.07	 -0.25	-0.1	0.04	61_L	[-12.49064286  31.36192857  35.29696429]
0.16	 1.17	0.01	-0.26	61_L	[-10.21161111  34.56216667  40.21294444]
-0.06	 -0.45	-0.01	-0.02	61_L	[-11.581375    35.10625     38.30691667]
0.21	 1.44	0.14	-0.41	61_L	[-11.0848125  35.7426875  35.719    ]
-0.06	 -0.04	-0.1	0.09	61_L	[-13.13194737  32.48657895  38.31478947]
-0.29	 -1.76	0.29	0.54	61_L	[-15.05973684  33.29305263  36.08484211]
-0.2	 -1.08	0.14	0.38	61_L	[-13.86904167  35.02604167  37.799375  ]
-0.2	 -0.82	-0.07	0.29	61_L	[-12.90872727  35.05445455  35.01418182]
-0.24	 -0.91	0.14	0.41	61_L	[-13.61091304  31.32856522  35.65917391]
-0.04	 -0.35	0.02	0.01	61_L	[-11.50638462  32.85534615  34.28246154]
0.12	 1.29	0.05	-0.33	61_L	[-11.4765      30.276       36.62033333]
0.02	 0.21	-0.04	-0.1	62_P	[-9.60413043 37.03926087 37.17443478]
0.12	 1.23	0.07	-0.35	62_P	[-7.39338462 32.50507692 33.22630769]
0.03	 0.16	-0.12	-0.05	62_P	[-9.2215 32.7356 33.934 ]
-0.02	 0.23	-0.11	-0.12	62_P	[-7.15608108 33.71575676 32.7282973 ]
0.11	 1.73	0.01	-0.21	62_P	[-9.8685 33.9564 33.7872]
0.15	 1.39	0.24	-0.5	62_P	[-9.36645455 31.942      34.36427273]
0.16	 1.3	0.3	-0.55	63_F	[-7.387875 40.661    37.991875]
0.1	 0.36	0.01	-0.26	63_F	[-8.57718182 37.12218182 39.76136364]
0.08	 0.71	-0.04	-0.2	63_F	[-8.8026875 36.6289375 41.402375 ]
0.09	 0.62	-0.06	-0.05	63_F	[-8.12870588 39.33194118 38.37958824]
-0.01	 0.1	-0.02	-0.02	63_F	[-8.21382759 38.71889655 40.66486207]
0.04	 0.34	0.17	-0.05	63_F	[-9.13687097 36.23216129 42.61596774]
0.07	 1.17	0.12	-0.4	64_F	[-8.302      40.31214286 37.31028571]
0.06	 0.41	0.01	-0.2	64_F	[-8.6102 42.7112 34.605 ]
-0.14	 -0.44	-0.01	0.14	64_F	[-8.47081081 42.22935135 37.07094595]
-0.05	 0.06	-0.04	0.02	64_F	[-9.5716 41.0622 33.2916]
-0.04	 0.47	-0.07	0.05	64_F	[-9.25616667 39.732      32.12983333]
-0.11	 -0.22	0.07	0.01	64_F	[-7.969      39.15506667 31.21993333]
-0.15	 -0.92	0.03	0.13	64_F	[-10.4345      38.78485714  32.76557143]
-0.17	 0.12	-0.04	0.21	64_F	[-7.6392     37.74666667 30.5362    ]
-0.17	 -0.87	-0.08	0.26	64_F	[-10.59225    37.041125   32.2976875]
-0.1	 -0.3	0.09	-0.06	64_F	[-8.73109091 36.57363636 31.25686364]
0.12	 0.7	-0.04	-0.11	64_F	[-9.09742857 39.622      36.45571429]
-0.18	 -1.14	0.03	0.2	64_F	[-10.04964706  40.64729412  34.52535294]
-0.12	 -0.36	0.05	0.16	64_F	[-8.02081818 41.60059091 32.75745455]
-0.02	 0.33	-0.03	-0.01	64_F	[-6.20384615 40.18623077 31.84115385]
-0.08	 -0.2	0.06	0.2	64_F	[-10.77295455  38.00668182  34.60404545]
0.01	 0.3	-0.0	-0.09	64_F	[-6.00808571 36.32925714 31.2592    ]
-0.12	 -0.14	-0.36	0.32	64_F	[-10.8382381   35.5307619   33.53714286]
-0.18	 -0.26	0.04	0.38	64_F	[-8.589875   35.05866667 31.59795833]
0.01	 0.87	-0.21	-0.0	65_G	[-7.17075 43.28525 33.786  ]
-0.05	 0.34	0.01	-0.03	65_G	[-5.68728571 44.73304762 34.86152381]
0.14	 0.99	0.02	-0.25	65_G	[-5.52964286 44.43928571 36.798     ]
-0.16	 -0.44	-0.01	0.2	65_G	[-6.39244 46.36044 37.37144]
-0.09	 0.03	-0.03	-0.02	65_G	[-5.3348     42.18683333 34.00016667]
-0.21	 -0.41	-0.01	0.26	65_G	[-5.1686  45.2994  34.58416]
-0.2	 -0.4	0.12	0.39	65_G	[-7.81071429 45.00142857 35.15095238]
0.07	 1.68	0.19	-0.42	66_E	[-4.3805     43.32966667 36.41433333]
0.11	 1.1	0.22	-0.34	66_E	[-6.8708 43.255  38.8612]
0.11	 0.96	0.03	-0.26	66_E	[-2.77092308 43.45565385 37.27980769]
0.11	 0.68	-0.06	-0.15	66_E	[-6.78511111 43.29611111 41.18677778]
-0.06	 -0.15	0.01	0.05	66_E	[-7.20965517 41.89075862 42.4437931 ]
-0.05	 -0.18	0.02	0.03	66_E	[-6.1146875 44.3533125 42.7455   ]
0.16	 0.88	0.3	-0.25	66_E	[-4.2305 42.0217 36.6512]
-0.02	 -0.61	-0.04	-0.0	66_E	[-6.80982353 43.90982353 39.27282353]
0.1	 0.39	0.05	-0.19	66_E	[-6.9256087  41.30073913 39.49330435]
0.09	 0.45	0.01	-0.19	67_Q	[-2.58958333 47.31875    42.42258333]
-0.04	 -0.32	-0.02	0.01	67_Q	[-0.20372727 46.83254545 41.71306061]
-0.08	 0.19	-0.11	0.08	67_Q	[-2.6012 48.7232 40.9947]
-0.02	 0.13	0.07	-0.12	67_Q	[-3.78042857 48.49585714 38.17709524]
-0.14	 -0.5	-0.06	0.21	67_Q	[-2.21454545 48.83090909 36.41554545]
-0.11	 -0.18	0.04	0.16	67_Q	[-0.32997872 48.40514894 37.76734043]
-0.09	 0.07	0.02	0.08	67_Q	[-2.69131818 46.81422727 35.70981818]
0.11	 0.17	0.03	-0.17	67_Q	[-5.16373684 46.15189474 40.70773684]
-0.26	 -0.73	-0.13	0.4	67_Q	[-3.98668421 47.99178947 41.19194737]
-0.15	 -0.45	0.16	0.1	67_Q	[-1.69275   48.8094375 40.49675  ]
0.01	 0.7	-0.07	-0.19	67_Q	[-4.80383333 47.50744444 37.94327778]
-0.27	 -0.93	0.23	0.5	67_Q	[-3.6387  49.61005 38.4866 ]
-0.03	 0.27	-0.16	-0.01	67_Q	[-3.52403704 45.97848148 35.89637037]
-0.25	 -0.51	-0.18	0.31	67_Q	[-0.89736364 46.36222727 35.2405    ]
0.07	 1.92	-0.0	-0.23	68_N	[-2.6398 46.8996 43.4872]
0.03	 0.61	-0.03	-0.05	68_N	[-4.837      45.48192857 44.88878571]
0.03	 0.72	-0.1	-0.1	68_N	[-2.78982143 45.54425    46.75817857]
0.12	 1.36	0.05	-0.31	68_N	[-2.294625  44.8484375 47.5589375]
-0.14	 -0.5	-0.02	0.19	68_N	[-3.92915385 47.03484615 46.83542308]
-0.07	 -0.74	0.01	-0.08	68_N	[-2.06238889 46.89761111 44.23688889]
-0.09	 0.02	-0.12	0.07	68_N	[-4.4544  46.42648 43.57084]
0.08	 1.31	-0.0	-0.26	68_N	[-5.38245455 44.14418182 44.75845455]
-0.28	 -0.65	0.12	0.4	68_N	[-3.19866667 46.6857037  48.15485185]
-0.22	 -0.85	0.14	0.3	68_N	[-4.33382759 47.49       45.78331034]
0.09	 0.37	-0.09	0.07	69_V	[ 3.27366667 44.25366667 45.35733333]
-0.0	 -0.68	-0.03	-0.04	69_V	[ 2.71109091 45.31827273 43.70345455]
0.11	 0.55	0.05	-0.13	69_V	[2.92666667e-02 4.56918000e+01 4.45584667e+01]
-0.06	 -0.19	-0.0	0.08	69_V	[ 2.12714286 44.55690476 46.10385714]
0.16	 1.16	0.05	-0.24	69_V	[ 4.36552941 43.36570588 45.47635294]
0.02	 0.29	-0.12	-0.06	69_V	[ 4.00170588 44.80264706 44.00235294]
0.04	 0.49	-0.04	-0.12	69_V	[ 1.9848  45.11096 42.34984]
0.08	 0.44	-0.04	-0.18	70_D	[-3.20109091 41.45454545 49.17645455]
0.15	 1.27	-0.13	-0.16	70_D	[-2.21113333 40.4174     49.94346667]
-0.01	 0.34	0.03	-0.15	70_D	[-1.4720625 42.8661875 50.1470625]
-0.07	 -0.09	-0.13	0.04	70_D	[ 0.7266087  44.10282609 49.61517391]
-0.01	 0.37	-0.09	-0.1	70_D	[ 1.98460976 43.14929268 49.71165854]
-0.27	 -0.65	0.02	0.37	70_D	[-0.09157778 45.575      49.77908889]
0.15	 1.04	-0.0	-0.22	70_D	[-0.1563125 44.848875  46.8035   ]
0.01	 -0.23	0.0	-0.01	70_D	[-2.55561905 44.13352381 49.0847619 ]
-0.22	 -0.6	0.01	0.23	70_D	[-1.33095833 41.92795833 50.403375  ]
0.12	 1.39	0.07	-0.29	71_N	[-3.803  42.6605 47.9966]
0.11	 1.63	-0.06	-0.18	71_N	[-4.536      41.97933333 48.14833333]
0.1	 1.79	0.21	-0.47	71_N	[-5.9965     42.58616667 45.76677778]
-0.1	 -0.13	-0.03	0.08	71_N	[-7.42984615 41.84923077 45.748     ]
-0.13	 -0.41	-0.04	0.21	71_N	[-7.59008108 39.80743243 47.27964865]
-0.05	 0.26	-0.19	0.1	71_N	[-7.79044444 41.58666667 44.27711111]
0.03	 0.49	-0.01	-0.05	71_N	[-4.9829  40.85625 48.64315]
-0.13	 0.18	-0.09	0.17	71_N	[-5.63003846 43.09819231 46.83392308]
-0.01	 0.02	-0.0	0.01	71_N	[-8.13884375 39.47734375 43.808375  ]
0.12	 0.52	-0.05	0.08	73_L	[ 0.502      37.96733333 50.35933333]
0.16	 1.49	0.31	-0.56	73_L	[ 2.31846154 34.01338462 48.81269231]
0.1	 0.59	-0.16	-0.11	73_L	[ 1.89176923 37.73207692 51.60684615]
0.18	 0.94	0.03	-0.3	73_L	[4.57142857e-03 3.96046667e+01 4.96170000e+01]
0.14	 0.98	0.12	-0.37	73_L	[ 0.0765     37.44333333 50.5935    ]
0.05	 0.9	-0.07	-0.17	73_L	[ 3.2603     34.69566667 50.055     ]
0.12	 0.83	0.12	-0.33	73_L	[ 3.21542857 37.39014286 51.89842857]
-0.03	 -0.06	-0.06	0.06	73_L	[ 1.49603846 39.38530769 50.73638462]
0.12	 1.71	0.14	-0.39	74_A	[-1.58027273 38.13636364 50.05209091]
0.1	 1.2	0.14	-0.38	74_A	[-1.8083 37.3374 50.7469]
0.11	 0.85	0.04	-0.3	74_A	[-5.8156875 36.0263125 49.0911875]
-0.05	 -0.07	-0.22	-0.02	74_A	[-5.12110526 35.035      50.84942105]
-0.07	 -0.3	-0.09	0.06	74_A	[-5.221875   38.31803125 49.98128125]
0.06	 0.81	-0.14	-0.07	74_A	[-2.88692308 36.65461538 51.46484615]
-0.24	 -0.74	0.24	0.38	74_A	[-5.34642857 37.3962381  51.11490476]
-0.18	 -1.18	0.07	0.25	74_A	[-3.45209524 39.35071429 50.8012381 ]
0.11	 1.18	-0.22	-0.14	74_A	[-5.784    38.283875 48.687   ]
0.04	 0.32	-0.1	-0.03	75_E	[-7.704      35.63447059 47.791     ]
0.12	 1.93	0.17	-0.45	75_E	[-8.6175   34.286125 47.8115  ]
-0.08	 -0.3	-0.08	0.06	75_E	[-9.3645     36.74861364 45.976     ]
0.18	 1.52	0.24	-0.5	75_E	[-6.5505     34.92866667 48.57858333]
0.15	 1.01	0.13	-0.39	75_E	[-6.648     37.4595    47.4126875]
0.13	 1.45	0.07	-0.33	76_I	[ 1.84947368 32.41721053 48.15378947]
0.1	 0.64	0.08	-0.24	76_I	[ 0.98255882 30.67644118 48.7645    ]
0.09	 0.39	-0.08	-0.14	77_E	[-4.17166667 31.83416667 52.38633333]
0.07	 0.83	-0.05	-0.25	77_E	[-3.28285714 30.43247619 52.85785714]
0.09	 0.68	-0.07	-0.08	77_E	[-2.55923077 33.10453846 52.60215385]
0.05	 -0.0	-0.06	-0.17	77_E	[ 0.94377778 32.92833333 51.27338889]
-0.19	 -0.63	-0.02	0.23	77_E	[ 0.28433333 34.47375    53.66      ]
-0.19	 -0.51	0.04	0.2	77_E	[-0.96358824 36.19985294 52.67011765]
-0.09	 -0.19	-0.08	0.18	77_E	[ 2.01580645 35.29309677 52.5346129 ]
0.16	 1.33	0.25	-0.5	77_E	[-0.60154545 30.84863636 51.14030303]
0.13	 0.79	-0.01	-0.16	77_E	[-3.19530769 34.33884615 51.98738462]
-0.14	 -0.34	-0.23	0.36	77_E	[-2.29317241 32.39362069 53.27096552]
-0.35	 -0.79	0.0	0.32	77_E	[ 0.58271429 32.11004762 52.37957143]
0.09	 0.81	0.02	-0.29	77_E	[ 1.038125  33.090375  49.8294375]
0.07	 1.19	0.04	-0.25	78_A	[-4.93690909 32.95890909 51.48336364]
0.1	 1.37	0.06	-0.21	78_A	[-6.5335     31.64433333 51.54733333]
0.12	 0.82	0.09	-0.29	78_A	[-7.785      29.45418182 50.86522727]
-0.01	 0.23	-0.07	-0.03	78_A	[-8.09528 33.3582  49.5472 ]
-0.03	 -0.13	-0.04	-0.06	78_A	[-6.47290909 31.32218182 52.14045455]
-0.2	 -0.68	-0.07	0.3	78_A	[-8.677875 31.789625 50.103375]
-0.13	 -0.23	0.07	0.19	78_A	[-6.97161538 33.96234615 50.40757692]
0.11	 1.16	0.26	-0.44	80_R	[-0.80954545 25.91863636 52.44972727]
0.14	 1.29	0.1	-0.36	80_R	[ 0.95841667 28.50808333 50.90375   ]
0.0	 -0.43	-0.04	-0.03	80_R	[ 1.080875 26.7495   53.2645  ]
-0.07	 -0.7	-0.04	0.07	80_R	[ 2.88642857 27.14171429 53.17842857]
-0.08	 -0.37	0.04	0.05	80_R	[ 3.6428     28.45193333 51.601     ]
-0.09	 0.28	0.1	-0.01	80_R	[ 3.77005556 25.327      53.56566667]
0.17	 1.1	0.11	-0.32	80_R	[-2.16572222 28.77538889 52.34727778]
-0.14	 -0.31	-0.14	0.14	80_R	[-1.61741379 26.53137931 53.00982759]
0.01	 0.06	-0.12	0.02	80_R	[ 0.32675    29.04330556 51.73491667]
-0.0	 0.3	0.07	-0.13	80_R	[ 0.68823077 24.80884615 52.62680769]
0.03	 0.26	-0.17	0.07	80_R	[ 2.70625    28.83417857 50.09789286]
-0.15	 -0.3	-0.02	0.22	80_R	[ 5.01993333 27.65536667 50.77823333]
-0.16	 -0.72	0.01	0.26	80_R	[ 3.08341667 24.116125   53.32595833]
-0.17	 -0.8	0.02	0.31	80_R	[ 5.228      25.47565217 52.66178261]
0.06	 1.36	0.47	-0.81	81_S	[-5.9774 26.2778 54.4636]
0.07	 1.17	-0.06	-0.24	81_S	[-8.03207143 26.90957143 52.76464286]
-0.12	 -0.26	-0.04	0.11	81_S	[-7.25896552 24.61251724 53.70524138]
-0.0	 0.14	0.0	-0.1	81_S	[-6.83604348 28.41247826 53.81430435]
-0.17	 -0.19	0.01	0.21	81_S	[-4.0605     28.82059091 54.52127273]
0.02	 0.33	-0.0	-0.11	81_S	[-4.34032 26.1062  53.96356]
0.03	 -0.37	-0.25	0.15	81_S	[-7.12833333 29.57344444 52.57244444]
-0.29	 -0.77	0.05	0.37	81_S	[-7.28105263 27.92821053 54.58694737]
-0.22	 -0.75	0.15	0.43	81_S	[-5.21431429 29.98137143 54.76848571]
0.17	 1.42	0.11	-0.38	82_A	[-7.99581818 27.52109091 51.68136364]
0.02	 0.87	-0.09	-0.08	82_A	[-8.83625 26.73325 51.6515 ]
-0.07	 -0.26	-0.02	0.08	82_A	[-8.88808333 22.74288889 50.47469444]
-0.06	 1.02	-0.0	-0.08	82_A	[-10.21636364  26.74918182  49.31463636]
-0.11	 -0.74	0.05	0.11	82_A	[-9.45052632 25.24731579 51.54163158]
-0.01	 -0.23	0.06	0.01	82_A	[-10.17864706  25.30294118  48.59841176]
-0.07	 -0.75	-0.05	0.17	82_A	[-9.54306667 27.80893333 50.166     ]
0.11	 0.31	-0.07	-0.15	83_Y	[-8.49083333 21.14783333 48.4325    ]
0.03	 0.13	-0.11	-0.06	83_Y	[-9.66820833 21.42520833 46.17875   ]
0.14	 1.48	0.15	-0.44	83_Y	[-10.3334  25.0468  46.8899]
0.02	 0.34	0.04	-0.24	83_Y	[-10.1989375  23.1083125  46.462375 ]
-0.22	 -0.66	0.13	0.29	83_Y	[-11.1437      22.90183333  44.95716667]
0.12	 0.83	0.1	-0.35	83_Y	[-6.547      20.96366667 49.42391667]
-0.02	 0.37	-0.02	-0.06	83_Y	[-7.40319048 20.04195238 47.38114286]
-0.31	 -0.79	0.04	0.44	83_Y	[-9.84452381 20.55057143 46.03404762]
0.11	 1.02	0.15	-0.44	83_Y	[-9.65877778 25.52922222 44.67633333]
-0.21	 -0.71	-0.09	0.35	83_Y	[-11.01965625  24.832625    45.12396875]
0.07	 1.36	0.49	-0.85	84_P	[-1.6152 22.903  52.765 ]
-0.03	 0.03	-0.08	-0.04	84_P	[-0.5316875  21.56896875 52.6361875 ]
-0.15	 -0.45	-0.08	0.17	84_P	[-2.72761538 22.36907692 54.48415385]
-0.13	 -0.3	-0.05	0.17	84_P	[-5.44307692 20.74584615 54.32507692]
0.04	 -0.03	-0.03	-0.12	84_P	[-7.0266 22.2291 52.7737]
0.12	 1.04	0.14	-0.41	84_P	[-1.72168421 23.86494737 52.42605263]
-0.15	 -0.95	0.06	0.23	84_P	[-2.6432  20.71335 54.26355]
-0.12	 -0.49	0.05	0.1	84_P	[-3.66204 23.79768 54.16616]
-0.12	 -0.51	-0.04	0.19	84_P	[-4.86345 19.70195 53.4449 ]
-0.21	 -0.44	0.12	0.32	84_P	[-5.63136364 22.16286364 54.69704545]
-0.1	 -0.27	0.02	0.03	84_P	[-6.32789474 20.65215789 51.49078947]
0.13	 1.07	0.05	-0.3	84_P	[-7.262      23.09522222 52.60033333]
0.15	 1.22	0.12	-0.37	85_T	[-0.89595833 17.55195833 47.73591667]
0.06	 0.26	-0.19	0.0	85_T	[-2.18533333 16.41733333 49.51066667]
-0.1	 -0.15	0.01	0.12	85_T	[-3.38896 17.1762  48.4792 ]
-0.06	 -0.46	-0.05	0.07	85_T	[-2.82914286 17.1472     52.50174286]
0.2	 1.92	0.08	-0.34	85_T	[ 0.08011765 18.97       51.80558824]
-0.0	 -0.29	-0.09	-0.03	85_T	[-1.1714     16.282      49.77446667]
0.02	 0.18	-0.1	-0.0	85_T	[-4.86364286 18.66625    49.75635714]
-0.25	 -0.8	0.21	0.45	85_T	[-3.49508333 15.97145833 51.647     ]
-0.16	 -0.62	-0.07	0.3	85_T	[-1.54072 17.85192 53.00436]
-0.06	 0.05	-0.02	-0.03	85_T	[-4.37423529 18.549      52.29411765]
0.13	 1.35	0.0	-0.3	86_H	[-4.62029167 18.53458333 47.410375  ]
0.11	 0.08	0.01	-0.26	86_H	[-7.23776923 19.02061538 45.337     ]
0.06	 1.42	0.13	-0.46	86_H	[-6.213  18.887  47.2844]
0.04	 0.58	-0.0	-0.09	86_H	[-3.131      17.66257143 47.19542857]
0.02	 0.38	-0.16	-0.08	86_H	[-7.46984615 19.39630769 44.24242308]
-0.19	 -0.44	-0.08	0.22	86_H	[-6.08937931 17.46806897 46.35082759]
0.15	 0.11	0.04	-0.25	87_Q	[ 5.39514286 17.63314286 42.20057143]
0.06	 0.68	-0.1	0.02	89_K	[ 3.78233333 26.31566667 37.09933333]
0.09	 0.79	-0.19	0.05	89_K	[ 3.4        25.245      36.27333333]
0.01	 -0.05	-0.57	0.12	89_K	[ 1.33911111 24.024      34.87188889]
0.16	 1.59	0.18	-0.44	89_K	[ 4.43205 26.70485 38.0551 ]
0.06	 0.4	-0.07	-0.12	89_K	[ 3.66964286 26.48514286 36.32892857]
0.02	 0.12	-0.01	-0.04	89_K	[ 3.5424  24.24664 37.26968]
-0.01	 0.6	-0.08	-0.06	89_K	[ 1.47786957 22.86182609 35.34743478]
0.15	 1.03	0.07	-0.29	89_K	[1.41250000e-02 2.52876250e+01 3.48734375e+01]
-0.15	 -0.24	0.07	0.3	89_K	[ 2.13486486 25.72521622 34.75778378]
0.1	 -0.05	0.06	-0.29	91_V	[ 0.24445 27.98385 34.62805]
0.18	 1.52	0.28	-0.53	91_V	[-1.39275    29.83275    33.93529167]
0.16	 1.17	0.71	-0.87	93_Y	[-2.1042 37.0913 29.6311]
0.09	 0.85	-0.06	-0.23	93_Y	[-1.87088 38.19532 30.31704]
0.1	 0.99	-0.01	-0.28	93_Y	[-3.7892 36.2636 30.7363]
0.09	 0.79	-0.11	-0.17	93_Y	[-4.67617647 34.55017647 31.56282353]
-0.04	 0.46	0.01	-0.0	93_Y	[-3.68247368 32.68294737 30.16736842]
-0.01	 0.41	-0.03	-0.09	93_Y	[-3.80070588 31.24441176 30.89647059]
0.1	 0.85	-0.03	-0.26	93_Y	[-4.68224 31.24864 32.5158 ]
-0.03	 -0.03	-0.04	0.01	93_Y	[-4.28875    29.44021875 32.9034375 ]
-0.08	 0.26	-0.33	0.07	93_Y	[-2.82386207 35.46558621 29.32658621]
-0.09	 0.32	-0.0	0.13	93_Y	[-2.2915     32.61670833 29.158375  ]
-0.31	 -0.76	0.02	0.48	93_Y	[-3.55422727 30.25895455 30.41813636]
0.16	 1.87	0.15	-0.42	94_D	[-1.32725 35.663   27.73425]
0.15	 2.02	0.18	-0.43	94_D	[-1.05741667 35.12691667 26.52375   ]
0.21	 1.47	0.28	-0.54	94_D	[ 3.6261  35.861   27.67805]
0.12	 1.42	0.31	-0.68	94_D	[ 3.14433333 39.59833333 26.324     ]
0.13	 1.06	0.1	-0.36	94_D	[ 1.35354839 39.88280645 26.75980645]
-0.11	 -0.06	-0.1	0.06	94_D	[ 4.332      37.85768571 26.49037143]
0.15	 1.79	0.19	-0.44	95_N	[-3.01441667 39.2525     23.66866667]
-0.0	 0.09	-0.05	-0.0	95_N	[-2.97326316 37.47068421 22.59994737]
0.0	 0.02	-0.16	-0.02	95_N	[-4.77888889 37.70944444 26.29811111]
-0.15	 -1.15	-0.07	0.13	95_N	[-3.734625 40.616    27.45075 ]
-1.93	 0.4	0.99	0.1	95_N	[-1.63665714 41.2122     27.11194286]
-0.06	 0.4	-0.05	0.07	95_N	[-4.74626667 41.03313333 25.34043333]
0.05	 0.7	-0.28	-0.15	95_N	[-1.68481818 39.40186364 28.35918182]
-0.01	 0.76	-0.08	-0.15	95_N	[-2.72859091 36.01195455 26.53440909]
-0.14	 -0.37	-0.15	0.08	95_N	[-4.82791667 38.36408333 24.66870833]
-0.2	 -0.44	0.06	0.28	95_N	[-4.01944 38.10172 27.60192]
-0.12	 -0.39	-0.02	0.2	95_N	[-4.24504 42.6486  25.58024]
-0.24	 -1.01	0.22	0.49	95_N	[-5.76808333 40.36920833 25.37533333]
0.08	 1.35	-0.09	-0.15	96_Y	[ 2.105      38.38278571 21.92592857]
-0.13	 -0.4	-0.01	0.16	96_Y	[2.72619048e-02 3.76638333e+01 2.07395000e+01]
0.01	 1.35	0.04	-0.14	96_Y	[ 2.00688889 40.31983333 22.81738889]
-0.06	 -0.05	-0.1	0.1	96_Y	[ 0.8415     42.6435     22.51483333]
-0.05	 -0.4	0.23	-0.22	96_Y	[ 0.6        43.00977273 24.297     ]
-0.0	 0.09	0.03	-0.09	96_Y	[-1.55657692 41.93192308 22.08030769]
-0.02	 0.41	-0.04	-0.04	96_Y	[-0.64817143 43.91694286 25.20814286]
-0.06	 -0.42	0.1	-0.02	96_Y	[-2.30789286 43.522      22.26325   ]
-0.11	 -0.55	-0.06	0.15	96_Y	[-0.90955556 45.037      23.20977778]
-0.26	 -1.36	0.11	0.37	96_Y	[-2.66852 45.40408 24.79964]
-0.05	 -0.35	-0.09	-0.02	96_Y	[-2.04613333 39.3314     22.06366667]
0.0	 -0.22	-0.1	0.0	96_Y	[ 2.1855     40.36277273 24.09386364]
-0.19	 -0.52	0.08	0.31	96_Y	[ 1.10626316 40.60368421 21.30194737]
-0.09	 0.09	-0.2	0.29	96_Y	[ 0.84396296 41.66222222 25.92496296]
-0.25	 -0.64	0.06	0.42	96_Y	[-1.57516667 41.2255     20.92833333]
-0.24	 -0.73	0.44	0.71	96_Y	[-0.63322581 44.05890323 26.34380645]
-0.33	 -0.98	0.24	0.48	96_Y	[-3.11753333 43.6098     21.50053333]
-0.24	 -0.78	0.08	0.34	96_Y	[-3.54766667 45.06436667 23.37606667]
0.02	 1.63	-0.11	-0.09	97_A	[ 2.872      37.46133333 22.12433333]
0.09	 -0.2	-0.02	-0.2	97_A	[ 0.275      34.74622222 21.31544444]
-0.27	 -0.58	0.12	0.24	97_A	[ 1.92294118 33.09464706 21.89111765]
-0.03	 -0.47	-0.06	0.08	97_A	[ 4.390625 35.922125 23.970875]
-0.18	 -0.2	0.06	0.22	97_A	[ 2.6930625 36.13125   21.28325  ]
-0.08	 0.03	0.01	0.21	97_A	[ 4.20331579 34.57015789 23.30110526]
-0.11	 -0.49	-0.02	0.12	97_A	[ 3.78877419 37.62703226 23.4713871 ]
0.02	 -0.44	-0.06	-0.05	98_Q	[-0.6845    32.0001875 25.6971875]
-0.16	 -0.57	0.02	0.26	98_Q	[ 0.68093939 30.80621212 24.15227273]
-0.06	 0.35	-0.1	0.01	98_Q	[-0.999375 31.683875 21.87775 ]
-0.1	 -0.83	-0.04	0.08	98_Q	[-3.279      34.41221429 21.13478571]
-0.1	 -0.16	-0.06	0.12	98_Q	[-4.469      33.72982353 23.41005882]
-0.23	 -0.7	0.1	0.35	98_Q	[-4.34488095 32.32416667 24.11007143]
-0.01	 0.52	0.07	-0.08	98_Q	[-4.31313636 35.21722727 24.06913636]
0.08	 0.13	0.0	-0.16	98_Q	[-1.63725 33.87365 25.5904 ]
-0.14	 -0.28	-0.01	0.13	98_Q	[-0.31626667 32.85286667 21.37446667]
-0.15	 -0.38	0.0	0.09	98_Q	[-1.684125  31.3211875 23.1340625]
-0.01	 -0.0	0.06	-0.06	98_Q	[-2.1889 35.1466 21.3747]
-0.24	 -0.6	0.16	0.33	98_Q	[-3.14715 32.74885 20.964  ]
-0.02	 0.53	0.05	-0.04	98_Q	[-4.18163636 36.154      22.84790909]
-0.29	 -0.73	0.02	0.42	98_Q	[-4.98769565 35.18630435 25.00865217]
0.1	 0.67	-0.08	-0.25	99_S	[-0.27325  32.879375 26.692875]
0.08	 1.95	-0.01	-0.23	99_S	[ 0.28866667 31.64866667 26.80433333]
0.05	 0.6	-0.09	-0.15	99_S	[ 0.13268421 32.08226316 28.11668421]
0.07	 1.05	-0.03	-0.27	99_S	[-0.58043478 33.93734783 28.0526087 ]
-0.02	 -0.36	-0.05	-0.08	99_S	[ 4.51725  32.984625 24.981875]
-0.18	 -0.44	0.01	0.28	99_S	[ 4.99020833 31.521      26.48616667]
-0.17	 -0.92	-0.11	0.19	99_S	[ 1.30752941 30.65852941 26.86411765]
0.01	 0.08	-0.05	0.0	99_S	[ 3.2186875 32.0435    24.0525   ]
0.08	 0.81	0.01	-0.18	99_S	[ 4.1667931  34.16310345 26.56886207]
-0.24	 -0.62	0.1	0.37	99_S	[ 3.608375 30.234    26.110875]
-0.07	 0.0	-0.02	0.03	100_L	[ 5.57840541 32.314      29.61024324]
0.05	 0.42	-0.12	0.07	100_L	[ 1.48016667 29.6285     30.218     ]
-0.03	 0.57	0.1	0.02	100_L	[ 2.1284375 28.2373125 32.443875 ]
0.07	 0.45	0.02	-0.24	100_L	[-0.6524     31.33373333 29.91406667]
0.07	 0.25	-0.06	-0.11	100_L	[ 3.09653846 30.575      28.51884615]
0.05	 -0.18	0.1	-0.31	100_L	[ 4.13       30.44488889 31.08362963]
-0.13	 -0.17	-0.05	0.08	100_L	[ 1.02690909 29.88154545 29.58163636]
-0.21	 -0.55	-0.12	0.29	100_L	[ 0.62613333 28.3955     32.62263333]
-0.17	 -0.47	-0.01	0.22	100_L	[ 3.26136364 28.68840909 31.64359091]
-0.02	 0.3	-0.13	-0.03	100_L	[-1.11496154 30.19296154 31.64573077]
0.05	 -0.38	-0.15	-0.11	101_G	[ 6.7998 33.1345 31.6612]
-0.15	 -0.51	-0.0	0.16	101_G	[ 8.1968     35.04514286 31.69954286]
0.02	 -0.01	0.04	-0.14	101_G	[ 5.84682857 35.44365714 29.16194286]
0.11	 1.34	0.1	-0.34	102_L	[ 6.2865  32.62825 32.3795 ]
0.11	 1.3	0.07	-0.3	102_L	[ 5.55152632 31.48784211 33.02721053]
0.11	 1.23	0.28	-0.41	102_L	[ 7.919  33.7434 35.6096]
-0.14	 -0.41	-0.24	0.26	102_L	[ 7.72468182 32.75081818 33.97018182]
0.19	 1.44	0.08	-0.35	102_L	[ 8.15221429 35.23564286 34.33685714]
0.16	 1.27	0.16	-0.4	102_L	[ 8.08421053 32.87931579 36.34605263]
0.05	 0.52	-0.06	-0.14	102_L	[ 9.10121875 35.3124375  36.2165    ]
0.07	 2.0	-0.12	-0.12	103_A	[ 6.48966667 30.80416667 33.872     ]
0.12	 0.98	0.16	-0.4	103_A	[ 5.49122222 28.10522222 36.71133333]
-0.01	 0.92	-0.16	-0.1	103_A	[ 7.69118182 28.19868182 35.82036364]
0.03	 0.6	-0.14	-0.11	103_A	[ 4.34023684 28.77315789 33.868     ]
0.17	 0.76	-0.08	-0.02	103_A	[ 7.96083333 31.23406667 34.97793333]
0.0	 -0.16	-0.33	0.08	103_A	[ 4.15041667 27.47508333 35.45325   ]
-0.19	 -0.48	-0.21	0.32	103_A	[ 5.82625    29.02989286 33.77442857]
0.17	 1.25	0.13	-0.36	104_F	[ 7.05975862 27.17703448 37.79027586]
0.06	 1.48	-0.02	-0.2	105_V	[ 5.22425 23.5619  39.23315]
0.15	 1.26	0.14	-0.38	105_V	[ 5.397   22.4157  39.87015]
0.04	 0.47	-0.14	-0.12	105_V	[ 5.87795833 25.15775    38.743125  ]
0.11	 0.71	-0.01	-0.25	106_V	[ 7.17140909 28.04145455 47.67288636]
0.11	 0.77	-0.05	-0.2	106_V	[ 4.10567742 30.40993548 48.10925806]
0.02	 1.06	0.36	-0.61	106_V	[ 3.146125 31.407375 47.908   ]
0.0	 0.47	-0.25	-0.05	106_V	[ 4.48047826 29.4063913  48.62286957]
0.06	 1.1	0.13	-0.43	107_Y	[ 5.8512 24.3812 51.1974]
0.07	 0.67	0.05	-0.25	107_Y	[ 5.57366667 22.64051852 51.23166667]
0.16	 1.62	0.14	-0.4	107_Y	[ 1.80557143 22.77864286 51.7895    ]
0.03	 0.41	-0.22	-0.05	107_Y	[ 3.4017 22.2466 52.3569]
-0.17	 -0.8	0.06	0.27	107_Y	[ 4.19304762 20.44995238 52.37885714]
0.1	 0.94	-0.08	-0.2	107_Y	[ 6.393625   26.20804167 48.17945833]
-0.01	 0.25	0.0	-0.02	107_Y	[ 6.19109524 24.63871429 49.95795238]
-0.24	 -0.63	-0.05	0.34	107_Y	[ 6.18233333 22.000625   51.08075   ]
-0.02	 -0.17	0.01	-0.07	107_Y	[ 2.13945455 20.18754545 52.07554545]
0.11	 1.06	-0.07	-0.23	108_R	[ 6.572125 20.075125 47.4895  ]
0.06	 0.6	-0.09	-0.17	108_R	[ 5.6955625  18.619625   46.08628125]
0.03	 0.54	-0.02	-0.12	108_R	[ 8.42535 20.98825 46.98905]
0.13	 1.24	0.13	-0.37	108_R	[ 8.79057143 24.40071429 46.75671429]
0.08	 1.16	0.08	-0.34	108_R	[10.24295455 22.74159091 46.43863636]
0.16	 0.36	-0.1	-0.16	108_R	[13.703375 23.895375 46.492125]
0.07	 0.49	-0.1	-0.13	108_R	[ 7.4256  24.12075 47.79575]
-0.13	 0.09	0.09	0.17	108_R	[ 7.78065625 22.1486875  48.2219375 ]
0.03	 0.34	-0.07	-0.15	108_R	[ 7.9172     20.14753333 46.46906667]
0.19	 1.21	0.23	-0.49	108_R	[ 8.24105556 25.28105556 46.38244444]
-0.09	 -0.43	-0.23	0.12	108_R	[10.19475    23.79141667 47.44608333]
0.11	 0.11	-0.19	-0.08	108_R	[11.27742857 21.86614286 45.75785714]
-0.02	 -0.03	-0.11	0.04	108_R	[12.73528571 23.09197143 46.01548571]
0.01	 -0.1	-0.07	-0.03	108_R	[14.33529412 24.45229412 45.90658824]
0.1	 0.99	-0.06	-0.27	109_G	[ 4.5795    17.7285625 47.9794375]
-0.08	 -0.32	-0.04	0.07	109_G	[ 5.72439474 19.19710526 49.50163158]
-0.16	 -1.18	-0.01	0.23	110_N	[ 3.9749375 17.2045    51.094625 ]
-0.15	 -0.32	0.01	0.2	110_N	[ 1.74896226 16.17356604 51.51509434]
-0.08	 0.07	0.03	0.08	110_N	[ 0.93976471 15.59064706 49.36676471]
