-0.12	 -0.19	-0.01	0.16	28_K	[49.02280952 48.41377778 56.61744444]
0.1	 2.11	-0.06	-0.24	28_K	[50.3108 46.4046 57.2568]
0.11	 1.29	0.06	-0.29	28_K	[48.4427 45.5258 56.8935]
0.04	 0.33	-0.13	-0.02	28_K	[49.832625  44.9576875 57.159625 ]
-0.01	 0.35	-0.1	0.0	28_K	[51.30193333 49.47393333 59.4074    ]
-0.09	 -0.39	-0.06	0.02	28_K	[50.6322     51.09673333 61.5772    ]
-0.04	 -0.4	-0.07	0.0	28_K	[50.2494  49.47145 63.6601 ]
0.07	 1.54	0.17	-0.44	28_K	[47.9596 48.6233 63.1517]
-0.14	 -0.13	-0.07	0.11	28_K	[51.24391304 46.35265217 58.43165217]
0.01	 -0.28	-0.2	-0.05	28_K	[48.524125 49.65275  59.572   ]
-0.18	 -0.58	-0.01	0.31	28_K	[52.18465 48.2062  60.7212 ]
-0.25	 -0.76	0.03	0.32	28_K	[51.18385714 49.90604762 58.77671429]
-0.24	 -0.51	0.19	0.34	28_K	[51.52047826 51.15873913 61.64578261]
-0.14	 -0.4	0.21	0.09	28_K	[49.12956522 50.83878261 60.53169565]
-0.09	 -0.53	0.02	0.14	28_K	[51.26988889 47.97627778 63.15677778]
-0.32	 -0.91	0.21	0.48	28_K	[49.897      50.38677778 64.10822222]
-0.23	 -0.27	-0.63	0.34	28_K	[47.49915625 48.89809375 63.8239375 ]
0.22	 0.78	-0.9	0.56	28_K	[47.03748718 48.92125641 62.06076923]
0.18	 1.2	0.12	-0.37	29_P	[47.06381818 45.71140909 56.1275    ]
0.13	 0.75	0.52	0.04	29_P	[44.70704545 48.78204545 59.30509091]
0.11	 0.95	0.11	-0.47	29_P	[46.39725  49.16325  60.052625]
0.19	 1.14	0.13	-0.41	29_P	[44.78337931 47.6592069  61.58424138]
0.05	 0.01	-0.46	0.23	29_P	[46.68563636 49.19204545 58.624     ]
0.15	 1.36	0.39	-0.62	29_P	[46.42681818 47.422      61.52272727]
-0.01	 -0.51	-0.04	-0.05	30_A	[48.30495 42.16245 54.71665]
0.1	 0.83	0.0	-0.23	30_A	[46.63785714 41.04595238 54.02780952]
-0.03	 0.19	0.01	-0.06	30_A	[48.3546  43.68515 55.69585]
0.08	 1.35	-0.02	-0.17	30_A	[49.07464286 41.36864286 55.89785714]
0.17	 2.08	0.1	-0.34	31_A	[44.71026667 39.4427     53.207     ]
0.07	 1.29	0.03	-0.22	32_H	[46.2626 35.8989 51.2314]
0.02	 0.45	-0.06	-0.13	32_H	[46.74748649 32.98862162 51.21956757]
0.01	 0.47	0.01	-0.13	32_H	[44.31473077 34.51930769 48.49407692]
-0.11	 1.89	0.01	0.05	32_H	[45.88183333 33.63416667 49.42216667]
0.22	 1.02	-0.02	-0.24	32_H	[46.1375    37.51325   52.6483125]
0.14	 1.3	0.14	-0.42	32_H	[46.16111111 31.72122222 52.00344444]
-0.08	 0.15	-0.16	0.04	32_H	[44.83629412 31.88602941 49.47870588]
0.12	 1.14	0.1	-0.34	34_I	[44.91616667 30.00716667 51.8892    ]
0.13	 1.4	0.34	-0.58	34_I	[42.85023077 25.09669231 53.78484615]
0.09	 1.33	0.02	-0.33	34_I	[45.33281818 28.95136364 51.87445455]
0.17	 1.67	0.24	-0.47	34_I	[42.69       25.08526667 52.9144    ]
0.04	 0.48	0.14	-0.29	36_D	[37.53852632 23.95844737 59.24678947]
0.1	 1.1	0.02	-0.19	37_P	[38.29772727 19.32972727 54.17963636]
-0.08	 -0.48	0.01	0.07	37_P	[36.0608   19.56945  52.489625]
0.11	 0.87	0.11	-0.36	37_P	[39.04105263 20.91415789 50.84926316]
-0.08	 0.07	-0.08	0.01	37_P	[41.4314 21.2946 53.2638]
0.16	 1.37	0.33	-0.57	37_P	[41.51478571 23.81728571 53.85278571]
-0.23	 -0.76	-0.1	0.28	37_P	[38.98004545 19.89422727 51.58645455]
-0.03	 -0.08	-0.07	0.03	37_P	[40.23677778 20.67733333 54.41155556]
-0.03	 0.27	0.03	-0.04	37_P	[41.70003125 22.33646875 52.12596875]
0.05	 1.29	0.04	-0.27	38_S	[38.03   18.9136 54.866 ]
0.17	 1.31	0.05	-0.33	38_S	[34.26357143 18.94992857 54.42707143]
-0.15	 0.19	-0.14	0.18	38_S	[33.85085294 18.22138235 56.37026471]
-0.14	 -0.29	0.02	0.06	38_S	[38.22305882 18.72588235 57.70394118]
-0.03	 0.29	-0.1	-0.0	38_S	[37.63805 20.6445  58.96145]
-0.2	 -0.31	-0.01	0.22	38_S	[36.83170588 18.09494118 54.72488235]
-0.15	 -0.5	0.08	0.3	38_S	[36.60092 18.04576 57.74792]
-0.11	 -0.14	0.09	0.1	38_S	[38.92910714 19.33617857 56.43435714]
0.09	 0.5	0.27	-0.46	39_K	[31.3988 21.021  56.4652]
-0.08	 -0.39	-0.19	0.12	39_K	[32.06375 20.92875 59.00975]
-0.05	 -0.11	-0.19	0.14	39_K	[33.39894737 22.76715789 61.19636842]
0.06	 1.06	0.02	-0.27	39_K	[35.99642857 22.13671429 60.49235714]
0.03	 0.49	-0.06	-0.13	39_K	[31.87319048 20.20819048 56.9192381 ]
0.15	 0.57	0.05	-0.24	39_K	[30.90123529 22.48264706 56.90217647]
-0.07	 -0.06	-0.03	0.1	39_K	[31.51724242 22.91609091 58.9979697 ]
-0.04	 -0.52	0.01	0.1	39_K	[33.13092857 20.12942857 58.78414286]
-0.06	 0.0	-0.17	-0.02	39_K	[34.288      23.81021429 61.26071429]
-0.19	 -0.63	0.28	0.23	39_K	[33.29476923 21.32665385 61.34276923]
-0.31	 -0.74	0.09	0.43	39_K	[35.99742857 21.71892857 61.34146429]
-0.05	 -0.37	-0.05	0.02	39_K	[35.18555556 20.0515     59.51938889]
0.11	 1.28	0.04	-0.28	39_K	[36.04811111 23.62855556 60.24744444]
0.05	 0.9	0.65	-0.9	40_Q	[31.175      19.53066667 51.48883333]
-0.02	 0.11	-0.27	0.04	40_Q	[29.89403704 21.53638889 51.05062963]
-0.04	 0.35	-0.05	-0.1	40_Q	[31.2944 17.5703 51.8501]
0.04	 0.88	-0.07	-0.07	40_Q	[29.27818182 18.29918182 55.65963636]
-0.02	 0.7	0.01	-0.05	40_Q	[28.80695833 16.37358333 53.91525   ]
-0.2	 -0.81	-0.02	0.28	40_Q	[27.43741379 15.99282759 54.12272414]
-0.14	 -0.46	-0.03	0.23	40_Q	[30.66830435 14.97147826 53.60495652]
0.1	 0.49	-0.06	-0.15	40_Q	[31.11221429 19.14907143 56.02185714]
0.01	 0.41	-0.01	-0.18	40_Q	[32.7086087  20.19556522 52.08826087]
-0.11	 -0.41	0.05	0.13	40_Q	[29.86763158 18.185      51.54894737]
-0.08	 -0.33	-0.04	0.04	40_Q	[32.53628 17.93268 53.18276]
-0.22	 -0.64	-0.02	0.18	40_Q	[30.93576923 17.27976923 55.67492308]
0.14	 1.65	-0.01	-0.28	40_Q	[28.7745   18.9705   55.465625]
-0.19	 -0.73	0.03	0.29	40_Q	[31.82056522 15.80673913 53.83730435]
-0.29	 -0.95	0.26	0.53	40_Q	[29.73140741 14.053      53.4252963 ]
0.1	 1.21	0.05	-0.3	41_N	[26.896      23.38166667 55.41783333]
-0.06	 0.09	-0.05	0.02	41_N	[26.32666667 24.43658974 53.21023077]
-0.01	 -0.52	-0.02	-0.06	41_N	[25.75492857 21.70435714 55.01292857]
-0.18	 -0.47	-0.06	0.22	41_N	[25.06333333 19.46691667 53.30091667]
-0.13	 0.04	-0.01	0.06	41_N	[26.71030769 19.42571795 51.50230769]
-0.1	 -0.29	-0.05	0.11	41_N	[25.59558824 18.25705882 54.88388235]
0.09	 0.41	0.1	-0.09	41_N	[29.31217241 21.4087931  55.70434483]
-0.14	 -0.47	-0.13	0.15	41_N	[26.91079167 21.3315     55.81345833]
-0.18	 -0.31	-0.02	0.15	41_N	[25.4286  21.88356 53.30912]
-0.19	 -0.77	0.09	0.36	41_N	[25.77985714 17.31192857 53.89935714]
-0.13	 -0.79	0.11	0.23	41_N	[26.61425806 18.66316129 55.79490323]
0.23	 1.47	0.31	-0.56	42_S	[30.85514815 24.10388889 52.51214815]
0.05	 0.18	-0.0	-0.15	42_S	[28.73808333 24.65083333 57.091875  ]
-0.03	 0.14	-0.0	0.06	42_S	[28.26058065 27.44180645 56.19035484]
0.11	 0.68	-0.12	-0.11	42_S	[27.24575    26.19191667 54.15933333]
-0.26	 -0.94	-0.01	0.36	42_S	[27.72668421 24.06247368 56.79284211]
0.06	 0.37	-0.14	-0.13	42_S	[30.12008333 24.34966667 57.699     ]
-0.16	 -0.46	0.0	0.23	42_S	[28.46944444 26.86681481 58.13555556]
0.1	 0.57	0.03	-0.22	43_L	[31.197625   30.28059375 55.16140625]
0.15	 0.87	0.16	-0.29	43_L	[31.5005  30.83075 53.129  ]
0.06	 0.38	-0.05	-0.11	43_L	[28.97207692 28.41269231 54.51792308]
0.02	 -0.06	-0.06	-0.07	43_L	[29.73153846 29.96576923 53.03030769]
0.16	 1.35	0.26	-0.54	43_L	[31.97092308 31.44884615 53.21630769]
0.14	 0.56	0.03	-0.22	43_L	[30.34527778 31.44283333 51.99261111]
0.08	 0.58	-0.08	0.06	44_L	[32.325      27.929      60.67733333]
0.01	 0.4	-0.3	0.01	44_L	[30.79818182 27.57027273 59.29463636]
-0.03	 0.05	-0.07	-0.03	44_L	[33.12573913 25.60752174 60.91234783]
0.19	 1.07	-0.12	-0.11	44_L	[36.10943333 27.10243333 58.8218    ]
0.01	 0.19	-0.1	-0.03	44_L	[33.07727586 29.05941379 60.08562069]
-0.27	 -1.4	0.04	0.48	44_L	[30.47033333 27.45485714 60.06061905]
0.09	 0.79	-0.07	-0.22	44_L	[30.41715789 28.59352632 57.80526316]
0.11	 0.95	0.12	-0.37	44_L	[30.8493 25.2162 58.637 ]
-0.18	 -0.57	0.04	0.31	44_L	[32.46967742 26.17154839 61.3733871 ]
-0.06	 0.01	-0.08	0.13	44_L	[35.21052381 26.08838095 60.43407143]
0.03	 0.32	-0.06	-0.12	45_W	[36.779      29.70006452 59.61458065]
0.19	 1.23	0.13	-0.4	45_W	[32.61153846 33.5005     54.9555    ]
0.05	 0.82	-0.1	-0.04	46_R	[39.16018182 27.76036364 59.90781818]
0.13	 0.89	0.12	-0.44	46_R	[42.56542857 23.60735714 58.83892857]
-0.13	 -0.2	-0.24	0.09	46_R	[40.8308     23.16233333 59.3206    ]
0.03	 0.2	0.02	-0.26	46_R	[42.73544444 22.52683333 55.69455556]
0.07	 0.81	-0.05	-0.15	46_R	[39.44872222 30.13744444 60.43372222]
-0.02	 -0.35	-0.01	0.03	46_R	[40.7687619  27.41619048 60.52909524]
0.11	 0.05	-1.63	1.33	46_R	[37.91438462 27.18730769 58.893     ]
0.14	 0.63	0.07	-0.23	46_R	[40.0693125 25.62625   59.5861875]
-0.1	 -0.25	-0.2	0.15	46_R	[39.7096 23.7079 59.419 ]
-0.07	 0.05	-0.04	0.04	46_R	[40.13034211 21.66678947 57.96910526]
0.04	 0.51	-0.04	-0.15	46_R	[43.375   23.62832 55.10968]
-0.17	 -0.32	-0.12	0.27	46_R	[42.42521212 21.75315152 56.46751515]
0.09	 0.91	-0.06	-0.19	47_A	[44.55893333 30.49013333 61.11006667]
-0.05	 -0.45	-0.06	0.03	47_A	[46.63903704 30.82859259 59.96244444]
0.1	 0.86	-0.18	-0.14	47_A	[44.81175  32.53925  60.756625]
0.06	 -0.63	-0.04	-0.09	47_A	[41.8162 29.9251 60.8775]
0.18	 1.44	0.13	-0.41	47_A	[45.39738462 33.11746154 60.15007692]
0.01	 0.75	-0.03	-0.09	47_A	[43.08588 32.25112 61.26472]
0.04	 0.91	0.14	-0.36	48_N	[47.1836 27.8002 61.3358]
0.06	 -0.0	0.0	-0.11	48_N	[47.60052941 28.09117647 58.95782353]
-0.15	 -0.36	0.15	0.14	48_N	[47.39542857 25.80502857 60.46902857]
-0.11	 -0.44	-0.13	0.09	48_N	[45.7243 27.4056 63.0351]
0.06	 0.47	-0.13	-0.01	48_N	[42.5753 27.4139 61.7453]
-0.12	 0.05	-0.1	0.15	48_N	[43.81476667 24.9986     62.2273    ]
-0.11	 -0.23	0.19	-0.23	48_N	[46.89658824 28.77435294 61.32005882]
-0.12	 -0.06	-0.11	0.21	48_N	[46.35495652 26.29243478 62.27513043]
-0.16	 -0.57	0.09	0.26	48_N	[44.45108 28.529   62.61316]
-0.11	 -0.07	-0.02	0.2	48_N	[42.42495455 24.76170455 61.37918182]
-0.29	 -1.2	0.26	0.54	48_N	[44.32842105 25.27926316 63.46389474]
0.19	 1.6	0.16	-0.43	49_T	[47.18933333 28.61533333 57.83455556]
0.09	 1.67	-0.05	-0.27	49_T	[48.0858 27.2912 58.0618]
0.09	 0.72	-0.09	-0.18	49_T	[48.07766667 28.21538889 56.93622222]
0.09	 1.1	0.09	-0.28	49_T	[47.37725 24.223   57.17425]
-0.06	 -0.18	-0.07	-0.0	49_T	[44.94525    23.711      59.23157143]
-0.05	 -0.36	-0.09	0.03	49_T	[48.40569565 25.81573913 57.96778261]
-0.05	 -0.38	0.01	0.02	49_T	[46.37147059 23.67382353 56.03494118]
-0.12	 -0.01	-0.07	0.01	49_T	[44.38675    22.79475    57.69470833]
-0.26	 -0.94	0.19	0.37	49_T	[46.79053333 23.46586667 58.6762    ]
0.15	 0.79	-0.08	-0.25	50_D	[49.22966667 26.27116667 56.33066667]
0.05	 0.95	-0.07	-0.14	50_D	[50.03275 26.354   54.9165 ]
0.09	 0.67	-0.11	-0.12	50_D	[50.842875 27.9755   53.54475 ]
-0.05	 -0.02	0.01	0.04	50_D	[50.18211111 28.398      55.57202222]
0.11	 0.95	0.09	-0.37	50_D	[46.401     24.0903125 53.288125 ]
-0.2	 -0.37	0.07	0.19	50_D	[47.19319512 23.90487805 52.01936585]
0.03	 0.19	-0.14	-0.06	50_D	[44.92727273 24.29631818 53.66436364]
-0.14	 -0.32	0.06	0.18	50_D	[48.62059091 24.71886364 55.67977273]
-0.13	 -0.3	-0.02	0.15	50_D	[49.76875    25.86016667 53.44875   ]
-0.01	 0.03	-0.09	-0.0	50_D	[48.23366667 26.75780952 51.32957143]
0.15	 1.55	0.18	-0.44	51_R	[48.01268 31.43904 53.69776]
0.07	 0.59	-0.05	-0.19	51_R	[49.34370588 33.15508824 53.32273529]
0.03	 0.2	-0.01	-0.14	51_R	[49.56085714 32.02592857 50.885     ]
-0.0	 0.04	-0.07	-0.06	51_R	[50.321875  29.2655625 50.58075  ]
0.08	 1.93	-0.04	-0.24	51_R	[52.11925   30.6480625 52.5551875]
0.02	 0.84	-0.03	-0.11	51_R	[52.75265385 29.19638462 51.985     ]
-0.11	 -0.89	-0.02	0.09	51_R	[54.65228 29.66536 52.0336 ]
-0.13	 -0.62	-0.03	0.21	51_R	[55.01914815 31.55651852 52.78781481]
-0.18	 -0.2	0.04	0.18	51_R	[56.1392  28.92488 51.54528]
0.08	 0.49	-0.08	-0.2	51_R	[47.451125   28.905      51.83991667]
0.02	 0.18	-0.08	-0.05	51_R	[50.31358333 30.87791667 54.93016667]
-0.11	 -0.09	-0.2	0.14	51_R	[48.41193103 30.83065517 50.86017241]
-0.11	 -0.39	-0.05	0.12	51_R	[50.2339  32.4851  51.84745]
-0.21	 -0.66	-0.25	0.18	51_R	[50.75608333 28.10525    51.65208333]
-0.29	 -0.88	0.18	0.51	51_R	[51.1742  29.97575 49.66395]
-0.16	 -0.76	0.05	0.29	51_R	[52.61915789 31.91726316 50.94810526]
-0.14	 -0.64	-0.19	0.16	51_R	[52.00515789 30.81747368 53.69963158]
-0.22	 -1.14	-0.01	0.31	51_R	[52.96110526 28.35015789 50.87052632]
-0.2	 -0.72	0.01	0.31	51_R	[53.88827273 32.18890909 53.05790909]
-0.34	 -1.38	0.36	0.6	51_R	[56.35088235 31.53470588 53.16552941]
-0.28	 -1.43	0.17	0.47	51_R	[55.28570833 27.86479167 50.96820833]
-0.26	 -1.03	0.2	0.45	51_R	[57.06272 29.47452 52.16116]
-0.01	 0.1	-0.04	-0.01	52_A	[48.47780556 31.08952778 57.24061111]
-0.08	 0.13	-0.04	0.06	53_F	[49.61661538 34.30092308 58.17384615]
-0.06	 -0.44	-0.06	0.13	53_F	[50.19211111 36.02177778 56.70588889]
-0.1	 -0.43	-0.09	0.14	53_F	[50.01306667 35.21406667 55.12306667]
0.07	 0.42	0.04	-0.21	53_F	[49.96138889 37.35761111 57.25772222]
-0.12	 -0.43	-0.01	0.16	53_F	[49.83764706 36.53694118 53.67617647]
-0.0	 -0.0	-0.12	-0.06	53_F	[49.86683333 39.30172222 56.17666667]
-0.09	 -0.11	0.1	-0.07	53_F	[49.62433333 38.75566667 54.60919048]
0.01	 0.5	0.0	-0.11	53_F	[47.25546667 33.35106667 59.435     ]
-0.02	 -0.36	0.08	0.07	53_F	[49.37490909 35.49909091 59.13159091]
-0.09	 -0.21	0.0	0.14	53_F	[49.69916667 33.58233333 56.92494444]
0.12	 -0.28	0.03	-0.38	53_F	[49.59675  34.008375 55.191625]
-0.13	 -0.57	0.01	0.22	53_F	[48.4683  36.00935 52.52605]
-0.05	 -0.17	0.02	0.2	53_F	[48.04993333 39.13066667 53.54193333]
0.1	 1.03	0.05	-0.26	54_L	[46.332     38.4456875 62.381    ]
-0.17	 -0.75	0.03	0.23	54_L	[48.46214815 36.89555556 61.78962963]
0.07	 1.21	-0.04	-0.18	54_L	[44.97755556 37.43455556 62.93044444]
-0.04	 -0.38	-0.03	0.01	54_L	[42.77147826 34.81843478 63.17804348]
0.03	 0.33	-0.02	-0.07	54_L	[46.98675  34.957125 60.6525  ]
-0.06	 -0.32	-0.1	0.11	54_L	[45.68233333 36.06727778 62.67755556]
0.11	 0.54	-0.23	-0.04	54_L	[45.27028571 38.38571429 62.67942857]
0.07	 0.26	-0.07	-0.16	54_L	[41.99308333 33.82858333 62.17891667]
-0.13	 -0.5	0.04	0.18	54_L	[44.727      34.23025    62.25845833]
0.04	 -0.12	-0.04	0.03	54_L	[42.95529412 36.39923529 63.65488235]
0.22	 1.56	0.2	-0.46	55_Q	[46.82709091 39.94536364 62.49272727]
0.03	 1.26	-0.07	-0.08	55_Q	[50.5641 39.2101 61.0423]
0.1	 0.66	-0.06	-0.12	55_Q	[51.09685 41.4224  58.3443 ]
-0.27	 -0.94	0.1	0.37	55_Q	[52.02061765 40.00835294 58.56297059]
0.01	 0.39	-0.16	-0.02	55_Q	[50.70377273 42.90227273 57.41581818]
-0.1	 -0.29	-0.09	0.12	55_Q	[48.4475  39.31045 62.7997 ]
-0.07	 -0.54	0.02	0.11	55_Q	[50.98245 40.7549  61.3204 ]
0.07	 0.19	-0.06	-0.07	55_Q	[49.92086667 38.1542     59.77766667]
0.12	 1.12	0.24	-0.39	55_Q	[49.61275  43.487375 56.939375]
-0.2	 -0.53	0.06	0.29	55_Q	[52.0339375 43.30375   57.98475  ]
0.02	 0.47	-0.03	-0.07	56_D	[46.78269231 44.72953846 64.76530769]
0.01	 0.42	-0.09	-0.15	56_D	[46.01702703 46.29705405 63.28059459]
-0.0	 -0.07	-0.11	-0.02	56_D	[50.54590909 44.41527273 63.36963636]
-0.08	 -0.09	0.0	0.08	56_D	[49.61173913 46.24217391 63.9233913 ]
-0.04	 -0.1	-0.04	0.08	56_D	[51.41206522 44.5201087  61.37891304]
-0.06	 -0.0	0.01	0.1	56_D	[49.43085714 41.57271429 63.38228571]
-0.1	 -0.37	-0.04	0.11	56_D	[48.79414286 43.49033333 64.53733333]
-0.09	 -0.66	-0.11	0.12	57_G	[46.6    43.1088 65.3432]
0.03	 0.14	-0.0	-0.15	57_G	[44.22395652 43.58647826 65.42908696]
0.09	 0.43	-0.18	-0.15	57_G	[43.34328571 41.568      65.12857143]
-0.05	 0.14	-0.15	-0.03	57_G	[41.22932432 42.93705405 64.8787027 ]
-0.02	 0.19	-0.09	-0.02	57_G	[46.02009677 41.17219355 64.07458065]
-0.3	 -0.91	0.2	0.5	57_G	[44.3712381  43.10390476 66.1487619 ]
-0.05	 -0.69	-0.11	0.05	57_G	[44.2843 45.2399 65.0591]
0.03	 0.46	-0.03	-0.12	58_F	[43.78205405 39.43364865 64.0692973 ]
-0.15	 0.36	-0.09	0.2	59_S	[41.32745455 38.58036364 66.20027273]
0.15	 1.46	0.2	-0.46	59_S	[38.60268182 39.95986364 65.44695455]
0.15	 1.23	0.09	-0.34	59_S	[41.6799 37.3297 64.4345]
-0.12	 -0.22	-0.04	0.21	59_S	[39.71042308 37.65238462 66.01226923]
-0.06	 -0.46	0.06	0.12	59_S	[41.73305 40.06695 65.9485 ]
-0.23	 -0.6	-0.07	0.28	59_S	[38.8235     40.48576667 66.44046667]
0.17	 1.38	0.14	-0.4	60_L	[36.675125   35.97758333 64.71958333]
-0.19	 -0.64	-0.03	0.24	60_L	[37.02189744 34.47392308 65.47158974]
0.06	 0.02	-0.06	-0.12	60_L	[38.70028571 33.62257143 63.74571429]
0.01	 0.11	-0.07	-0.09	60_L	[38.88115385 32.11992308 62.07392308]
0.04	 -0.14	-0.06	-0.03	60_L	[40.22535 35.99825 64.6077 ]
-0.01	 -0.11	-0.12	0.03	60_L	[39.93277778 34.2625     63.46577778]
0.04	 -0.04	0.1	-0.13	60_L	[36.79355556 33.56933333 63.04583333]
0.06	 -0.64	-0.0	-0.05	60_L	[40.22638095 32.31871429 61.71690476]
0.0	 0.07	0.01	-0.03	60_L	[37.24886667 32.11056667 61.4081    ]
0.15	 1.14	-0.04	-0.22	61_S	[34.34544444 34.07655556 64.18277778]
-0.18	 -0.91	-0.11	0.23	61_S	[34.2488 37.1309 67.5131]
0.18	 1.5	0.22	-0.48	61_S	[31.98645 38.2263  64.96395]
-0.11	 0.01	-0.02	0.04	61_S	[34.64490476 34.78690476 66.26595238]
-0.09	 -0.61	-0.01	0.17	61_S	[32.94061905 36.65633333 67.25161905]
-0.03	 -0.13	0.04	0.06	61_S	[35.6591875  37.861375   66.71234375]
-0.15	 -0.21	-0.12	0.12	61_S	[32.8893913  39.3146087  66.26169565]
0.07	 1.01	-0.07	-0.06	62_N	[33.2        33.54785714 64.61571429]
0.03	 1.0	0.01	-0.24	62_N	[30.136      33.243      63.22833333]
0.01	 0.6	-0.09	-0.14	62_N	[30.40833333 33.21533333 61.72525   ]
-0.04	 0.23	-0.06	-0.03	62_N	[30.0714  35.20672 60.9466 ]
-0.01	 0.42	0.16	-0.19	62_N	[29.24892308 36.24684615 63.23646154]
-0.09	 -0.81	-0.06	0.14	62_N	[29.43266667 35.1625     66.03866667]
-0.18	 -0.51	-0.03	0.18	62_N	[30.82163889 36.12380556 66.79291667]
-0.14	 -0.45	-0.02	0.18	62_N	[28.0668  34.17732 65.887  ]
-0.05	 0.2	-0.02	0.09	62_N	[32.1695625 34.0004375 66.1340625]
-0.16	 -0.18	-0.07	0.27	62_N	[30.86095652 32.70865217 63.90391304]
-0.04	 0.4	-0.23	-0.03	62_N	[30.50772 37.29332 63.66544]
-0.12	 -0.19	-0.06	0.09	62_N	[28.92043478 34.39278261 63.19995652]
-0.3	 -1.07	0.25	0.52	62_N	[28.30792 34.12712 67.3556 ]
-0.24	 -1.13	0.27	0.42	62_N	[27.67786957 33.77921739 64.94821739]
0.09	 1.6	0.06	-0.4	63_N	[31.909      32.28571429 62.327     ]
0.12	 1.42	-0.03	-0.27	63_N	[33.46066667 31.89933333 60.8185    ]
0.13	 1.06	0.11	-0.4	63_N	[31.850125 35.023375 57.49345 ]
0.06	 1.48	0.01	-0.24	63_N	[31.7244  31.72405 60.2123 ]
0.11	 1.42	0.19	-0.46	63_N	[32.98   30.7406 60.0072]
0.12	 0.87	0.05	-0.26	63_N	[34.2405    30.7675625 59.71875  ]
0.14	 0.81	0.01	-0.31	63_N	[31.53032143 31.5095     57.36975   ]
-0.1	 -0.41	-0.0	0.14	63_N	[33.50923077 32.67076923 62.62284615]
0.11	 0.52	-0.06	-0.21	63_N	[34.89142105 32.39068421 60.66305263]
-0.14	 -0.56	0.05	0.08	63_N	[31.12478571 31.39128571 60.509     ]
-0.09	 0.16	-0.21	0.14	63_N	[30.75368182 34.09959091 58.80818182]
-0.24	 -0.65	0.05	0.32	63_N	[30.473      31.47425926 57.29851852]
0.07	 0.68	-0.06	-0.2	64_S	[30.45570588 36.80147059 59.21435294]
-0.0	 0.48	-0.06	-0.15	64_S	[29.86868889 38.73742222 60.56788889]
0.2	 1.36	0.42	-0.64	66_L	[39.5210625 43.5258125 63.5069375]
-0.01	 -0.06	-0.04	-0.06	66_L	[35.2920625 40.914125  66.9966875]
-0.02	 0.02	-0.06	-0.06	66_L	[35.80033333 44.37894444 66.21294444]
0.11	 0.78	0.03	-0.26	66_L	[38.37033333 42.9925     64.577375  ]
-0.14	 -0.43	-0.01	0.1	66_L	[33.89070833 41.68241667 66.25341667]
-0.06	 0.02	-0.07	-0.01	66_L	[36.63495238 40.69252381 66.61257143]
-0.06	 -0.16	0.01	0.05	66_L	[33.82340741 43.76074074 65.47403704]
-0.16	 -0.44	0.08	0.17	66_L	[36.97508 44.07096 65.90292]
0.13	 1.15	0.15	-0.4	67_V	[37.53536842 46.42815789 64.46036842]
0.13	 1.42	0.29	-0.58	68_P	[40.369375 45.614375 64.436875]
0.04	 0.68	-0.1	-0.02	68_P	[41.18429412 48.52335294 65.83458824]
0.01	 -0.04	-0.04	-0.06	68_P	[42.26290909 46.14490909 65.20954545]
-0.16	 -0.31	-0.2	0.12	68_P	[39.51474074 46.13711111 64.94240741]
-0.01	 -0.13	-0.09	0.0	68_P	[43.23561538 47.097      64.70084615]
-0.07	 -0.47	-0.25	0.05	68_P	[41.6371 44.855  65.0669]
0.07	 0.7	0.12	-0.3	69_T	[42.29077778 51.86488889 63.61577778]
0.11	 0.74	0.03	-0.3	69_T	[42.68288889 50.79427778 59.89583333]
-0.09	 -0.05	-0.28	0.15	69_T	[44.16864865 49.80589189 64.30518919]
-0.08	 -0.17	-0.05	0.07	69_T	[42.32661905 52.50685714 63.09128571]
0.07	 -0.01	4.42	0.64	69_T	[44.41977083 50.49839583 60.96395833]
-0.14	 -0.04	-0.67	0.81	69_T	[45.04376667 50.63836667 63.56906667]
-0.1	 -0.36	-0.23	0.32	69_T	[42.09567857 50.98171429 65.52253571]
-0.01	 0.51	-0.38	0.08	69_T	[43.94182609 48.32886957 63.57034783]
0.08	 0.22	-0.12	-0.11	70_S	[40.2941 54.8987 59.0653]
-0.18	 -0.46	-0.09	0.15	70_S	[42.25733333 53.62663333 59.81823333]
-0.02	 0.45	0.19	-0.35	70_S	[39.19873333 55.19366667 61.27806667]
0.04	 1.45	-0.26	0.01	70_S	[38.428  53.8942 63.3855]
0.07	 0.29	0.0	-0.19	70_S	[40.17307692 53.31942308 63.04953846]
-0.21	 -0.66	-0.01	0.36	70_S	[39.91181818 55.2635     61.564     ]
-0.17	 -0.56	0.1	0.19	70_S	[37.82952632 55.07121053 59.70578947]
-0.11	 0.02	0.1	0.09	70_S	[36.98451852 54.76148148 62.42307407]
0.03	 0.29	-0.24	-0.02	71_G	[39.27128571 54.56642857 58.19885714]
0.06	 0.79	-0.05	-0.11	71_G	[41.315      54.30590909 56.81309091]
0.07	 0.45	-0.05	-0.14	71_G	[38.85840909 54.038      55.50345455]
0.13	 0.93	-0.18	0.16	71_G	[38.02692308 53.54553846 55.55938462]
0.11	 0.72	0.13	-0.36	71_G	[38.70033333 54.01733333 57.54788889]
-0.24	 -0.44	0.09	0.29	71_G	[40.77095 55.0034  56.42255]
0.01	 0.43	-0.02	-0.13	71_G	[42.27834286 52.13131429 57.63462857]
0.05	 1.0	-0.06	-0.14	72_I	[40.14509091 53.42709091 49.93109091]
-0.1	 -0.56	0.02	0.09	72_I	[41.51394286 55.99028571 51.20805714]
0.08	 0.51	-0.07	-0.12	72_I	[42.91790625 53.12509375 54.77896875]
0.17	 0.77	-0.04	-0.25	72_I	[43.57942857 53.58614286 52.86607143]
0.13	 0.93	-0.1	-0.12	72_I	[39.22822222 54.35788889 50.92      ]
0.06	 0.97	-0.08	-0.15	72_I	[40.52852632 55.49205263 53.98194737]
-0.02	 -0.17	-0.08	-0.07	72_I	[41.3588     52.9688     49.15353333]
0.08	 0.57	0.06	-0.24	72_I	[39.24027273 52.78481818 50.20777273]
-0.17	 -0.43	-0.1	0.21	72_I	[40.4706  57.00195 51.8935 ]
-0.25	 -0.89	0.03	0.47	72_I	[42.96777273 55.56986364 52.33654545]
-0.18	 -0.51	0.03	0.22	72_I	[41.52313043 55.00378261 50.0413913 ]
0.13	 0.82	0.01	-0.3	73_Y	[42.43473913 49.85930435 58.08717391]
0.15	 0.85	0.0	-0.27	73_Y	[43.20993333 49.1858     59.0566    ]
0.09	 1.13	0.13	-0.41	74_F	[43.77823077 46.14984615 46.91915385]
-0.06	 0.25	-0.03	-0.06	74_F	[43.0705     46.87317857 46.29992857]
0.07	 1.49	0.23	-0.48	74_F	[43.58977778 45.01866667 46.14822222]
-0.19	 -0.82	-0.12	0.23	74_F	[42.15985714 46.54821429 44.35907143]
-0.09	 -0.2	-0.19	0.08	74_F	[43.30721429 43.49421429 45.53592857]
-0.08	 -1.12	0.08	-0.05	74_F	[42.491      44.30052632 44.25426316]
0.13	 1.28	0.14	-0.41	74_F	[43.81411111 47.21088889 47.84722222]
0.01	 0.21	-0.09	-0.03	74_F	[41.9425     48.27658333 46.18541667]
-0.08	 -0.33	0.11	0.08	74_F	[40.65004167 46.98154167 44.10779167]
0.09	 0.88	0.04	-0.24	74_F	[42.83944444 41.86155556 46.02138889]
-0.09	 -0.14	-0.06	0.09	74_F	[40.95578571 43.57125    43.42139286]
0.1	 1.67	0.09	-0.38	76_Y	[42.6152 39.473  46.7438]
0.16	 1.16	0.05	-0.33	76_Y	[42.51109091 38.22654545 46.67736364]
0.1	 0.79	-0.02	-0.27	76_Y	[43.07052941 40.31594118 47.20223529]
0.07	 0.5	0.0	-0.14	76_Y	[43.49492308 37.10261538 47.77146154]
-0.01	 -0.09	-0.09	0.0	76_Y	[44.59385714 40.0235     48.82164286]
-0.07	 -0.47	-0.04	0.06	76_Y	[44.18077778 38.59055556 48.19433333]
-0.04	 0.32	0.05	-0.05	76_Y	[45.13523529 38.04723529 50.63441176]
0.12	 0.91	0.02	-0.25	76_Y	[44.48666667 40.25680952 50.73047619]
-0.07	 -0.5	-0.01	0.13	76_Y	[45.0825     36.62764286 49.2725    ]
0.15	 1.46	0.13	-0.39	78_Q	[41.283    32.690125 42.594875]
-0.07	 -0.04	-0.01	0.01	78_Q	[40.0117381  32.87454762 40.81569048]
-0.0	 0.06	-0.05	-0.02	78_Q	[40.96246667 30.29873333 42.00723333]
0.14	 1.62	0.16	-0.45	80_V	[37.330375 26.607625 39.097   ]
0.14	 1.46	0.16	-0.45	80_V	[39.013375 29.219625 40.729   ]
0.02	 -0.07	-0.1	-0.07	80_V	[37.96613514 25.5062973  40.27881081]
0.05	 0.61	-0.13	-0.12	80_V	[39.20072222 28.00027778 40.79055556]
0.09	 1.55	0.3	-0.55	82_S	[30.3832 20.1828 40.9712]
0.17	 0.79	0.06	-0.29	82_S	[29.88       20.76178571 41.82864286]
0.09	 0.35	0.17	-0.42	82_S	[34.05219048 20.99257143 39.7022381 ]
-0.03	 0.14	-0.12	0.01	82_S	[31.979125   20.4440625  41.51915625]
-0.05	 0.25	-0.11	-0.01	82_S	[32.75583333 20.1946     38.51366667]
0.06	 0.81	0.34	-0.58	82_S	[35.00414286 21.825      39.96771429]
-0.27	 -1.07	0.27	0.4	82_S	[33.68122222 20.056      41.69061111]
0.06	 1.17	-0.08	-0.18	83_G	[31.0785 19.5746 39.2034]
0.06	 1.5	0.05	-0.27	83_G	[30.664375 19.362875 39.818   ]
-0.06	 0.18	-0.03	-0.07	83_G	[29.937      17.948      38.62490909]
0.12	 1.12	0.06	-0.3	83_G	[31.19316667 18.92711111 37.37077778]
0.05	 1.05	0.15	-0.42	83_G	[31.16216667 19.55233333 38.31766667]
-0.11	 -0.08	-0.06	0.09	83_G	[28.67428571 19.03546429 40.49771429]
0.12	 1.42	-0.1	-0.2	84_K	[28.7515   17.258375 39.081875]
0.2	 0.7	-0.03	-0.22	84_K	[25.44471429 17.43385714 37.84571429]
-0.01	 -0.01	-0.02	-0.03	84_K	[25.83286667 15.64433333 38.74926667]
0.06	 -0.84	-0.15	-0.05	84_K	[29.89633333 16.31783333 38.15333333]
0.04	 0.47	0.02	-0.13	84_K	[31.19941667 14.38983333 36.72383333]
0.08	 1.15	0.38	-0.58	84_K	[30.68214286 13.34914286 33.96042857]
0.02	 -0.24	0.14	-0.36	84_K	[30.61927273 10.69254545 35.19063636]
-0.02	 0.08	-0.09	-0.02	84_K	[26.917875   18.21970833 38.97070833]
0.07	 0.2	0.03	-0.1	84_K	[30.65406667 16.55146667 37.3796    ]
0.01	 0.14	0.04	-0.09	84_K	[28.73835294 15.53505882 38.65252941]
-0.05	 -0.16	-0.25	0.11	84_K	[31.7161875 14.1166875 35.34525  ]
0.03	 -0.57	-0.01	0.03	84_K	[30.29258824 13.84388235 37.83476471]
0.15	 0.62	0.05	-0.36	84_K	[30.27446667 12.83006667 33.51986667]
-0.12	 -0.2	-0.07	0.15	84_K	[29.70486364 10.08504545 34.90736364]
-0.21	 -0.57	0.19	0.39	84_K	[31.576      11.77833333 34.98033333]
-0.04	 0.1	-0.11	0.02	84_K	[30.9151875 11.5091875 37.18825  ]
0.12	 1.29	0.06	-0.29	85_A	[25.0251 18.2145 36.841 ]
0.1	 1.32	-0.06	-0.18	85_A	[24.152      17.79033333 37.13833333]
-0.04	 -0.38	-0.04	0.09	85_A	[23.26682353 16.75176471 37.80811765]
0.11	 0.96	0.03	-0.27	85_A	[23.30546154 19.0345     36.31580769]
0.12	 1.28	0.4	-0.65	86_Y	[21.52371429 10.78042857 36.74071429]
-0.04	 -0.09	-0.03	-0.01	86_Y	[21.95837037 10.38637037 34.92474074]
-0.05	 0.33	-0.09	-0.02	86_Y	[22.56953846 11.37707692 38.67315385]
-0.08	 -0.2	-0.09	0.11	86_Y	[24.71314286 11.00914286 39.49342857]
-0.1	 -0.62	0.01	0.07	86_Y	[25.58106667 12.26626667 39.99793333]
-0.05	 -0.07	0.09	-0.28	86_Y	[25.273375    9.69404167 38.297125  ]
-0.18	 -0.72	-0.06	0.23	86_Y	[27.30838462 12.17769231 40.24592308]
-0.09	 -0.43	-0.05	0.13	86_Y	[26.78021053  9.05063158 38.08789474]
-0.04	 -0.28	0.06	-0.05	86_Y	[27.38923077 10.43053846 39.79146154]
-0.17	 -0.9	0.06	0.2	86_Y	[29.6336  11.14935 39.34785]
-0.03	 -0.52	-0.18	0.04	86_Y	[22.64878947 14.98910526 38.06821053]
-0.12	 -0.65	-0.01	0.14	86_Y	[22.43914815 12.66496296 38.71277778]
-0.22	 -1.15	-0.07	0.3	86_Y	[22.36628571 10.55035714 37.85957143]
0.03	 -0.85	-0.07	0.12	86_Y	[25.26633333 14.00366667 39.40273333]
-0.07	 -0.1	-0.01	0.32	86_Y	[24.88948  9.24256 36.61244]
-0.12	 -0.32	0.09	0.15	86_Y	[28.14889474 13.505      39.59836842]
-0.17	 -0.54	0.07	0.28	86_Y	[27.472       8.70463158 37.01810526]
-0.2	 -0.43	0.09	0.22	86_Y	[29.51856  9.27696 38.2088 ]
0.02	 -0.08	0.14	-0.28	87_S	[18.61446429 11.56025    36.91853571]
0.03	 0.27	-0.17	0.09	87_S	[19.71918182 13.60618182 38.23172727]
0.19	 1.36	0.21	-0.48	87_S	[21.147875 14.143125 37.566375]
0.03	 0.42	0.04	-0.22	87_S	[19.785      10.73033333 35.32366667]
-0.1	 -0.64	-0.15	0.1	87_S	[16.84006667 11.87346667 36.47013333]
-0.14	 -0.36	-0.06	0.27	87_S	[19.73867857 11.22107143 37.52664286]
-0.24	 -0.36	0.04	0.19	87_S	[17.97863158 13.69868421 38.49152632]
0.08	 0.79	-0.18	-0.12	88_P	[15.3501 15.2425 32.789 ]
-0.01	 0.71	-0.04	-0.1	88_P	[16.11381481 16.88662963 32.15840741]
-0.12	 -0.47	-0.06	0.1	88_P	[15.58672727 13.60409091 31.08209091]
-0.04	 -0.09	-0.07	0.02	88_P	[17.80638095 11.35819048 31.01928571]
-0.13	 0.09	-0.08	0.04	88_P	[17.9351 10.5486 33.7501]
0.18	 0.84	0.08	-0.34	88_P	[18.80941176 14.90535294 30.99611765]
-0.11	 -0.38	-0.05	0.11	88_P	[15.16381481 13.32492593 32.98988889]
-0.25	 -0.72	0.08	0.37	88_P	[16.69878261 14.29986957 30.46456522]
-0.27	 -0.6	0.22	0.45	88_P	[16.50022727 10.98422727 31.35018182]
-0.05	 -0.18	-0.21	0.04	88_P	[18.592      12.06235294 30.20223529]
-0.11	 0.06	0.0	0.05	88_P	[16.64756522 11.42030435 34.45917391]
-0.03	 -0.39	0.03	0.02	88_P	[19.26917391 10.73813043 33.26991304]
0.06	 1.14	0.14	-0.35	89_K	[14.5228 17.3508 35.9286]
0.0	 0.09	-0.1	-0.15	89_K	[16.2859 17.2969 37.4773]
-0.05	 -0.09	-0.02	0.01	89_K	[15.45245 18.79525 36.27835]
0.03	 1.02	-0.07	-0.06	89_K	[15.13093333 15.66786667 38.0074    ]
0.03	 0.85	-0.08	-0.1	89_K	[13.333875 14.082875 35.508625]
0.04	 0.51	-0.07	-0.04	89_K	[13.846      13.51466667 38.68783333]
-0.07	 0.07	-0.12	0.11	89_K	[12.05973333 12.56293333 36.87106667]
-0.0	 -3.0	-0.01	-0.12	89_K	[11.54066667 11.52055556 38.82644444]
-0.02	 0.48	-0.06	-0.07	89_K	[14.27503333 16.11516667 34.5566    ]
0.1	 0.96	0.06	-0.15	89_K	[16.2666     14.916      38.18346667]
-0.13	 -0.7	0.0	0.13	89_K	[14.30461538 16.52303846 37.55307692]
-0.17	 -1.32	-0.02	0.29	89_K	[12.58104762 14.81666667 35.90642857]
-0.05	 0.2	-0.12	-0.12	89_K	[14.66904167 12.76258333 35.6405    ]
-0.12	 -0.48	-0.17	0.12	89_K	[14.92233333 12.4732963  38.205     ]
-0.16	 -0.59	0.07	0.15	89_K	[12.96236 14.6742  38.80628]
-0.26	 -1.1	0.15	0.43	89_K	[11.05470588 13.44235294 37.07182353]
-0.21	 -0.93	0.12	0.38	89_K	[12.77936364 11.43763636 36.51931818]
-0.43	 -1.0	0.33	0.62	89_K	[10.83247368 11.02342105 38.49136842]
-0.35	 -0.99	0.26	0.54	89_K	[13.07347368 10.98915789 39.34373684]
-0.32	 -0.63	0.2	0.46	89_K	[11.4926  12.94835 39.75055]
0.1	 1.1	-0.03	-0.24	90_A	[17.22055556 16.61866667 37.60211111]
0.06	 0.95	0.08	-0.3	90_A	[17.747      17.598      37.79266667]
0.13	 0.63	0.01	-0.34	90_A	[19.77496667 20.59093333 36.4941    ]
-0.1	 -0.34	-0.08	0.06	90_A	[20.84307143 17.28257143 38.27892857]
-0.12	 -0.55	0.04	0.21	90_A	[17.94275 18.88075 37.6592 ]
-0.05	 -0.43	6.19	0.35	90_A	[21.09691667 18.846875   37.52854167]
-0.1	 -0.29	-0.01	0.13	90_A	[19.43958065 16.26151613 38.32006452]
0.12	 0.82	0.04	-0.26	91_T	[17.363  19.1556 31.4368]
0.02	 0.6	-0.04	-0.11	91_T	[18.98211765 21.94441176 30.99091176]
0.09	 0.13	0.27	-0.53	91_T	[19.6684 16.8846 30.5788]
-0.17	 -1.03	-0.05	0.2	91_T	[20.0601875 19.4040625 29.3220625]
0.05	 0.72	-0.03	-0.12	91_T	[18.43563158 17.046      31.00747368]
-0.11	 -0.25	-0.0	0.09	91_T	[20.42608696 17.768      29.26017391]
-0.08	 -0.08	0.11	0.11	91_T	[18.52875 19.76985 29.95505]
0.12	 1.67	0.17	-0.44	92_S	[16.632  19.0694 32.022 ]
0.08	 1.44	0.22	-0.48	92_S	[15.73511111 20.11911111 31.84822222]
0.14	 0.83	-0.13	-0.14	92_S	[14.50075  23.05875  33.341125]
-0.15	 -0.29	0.02	0.13	92_S	[15.94614706 23.68847059 31.76397059]
-0.08	 -0.24	-0.06	0.04	92_S	[13.6468     20.6252     33.81426667]
-0.21	 -0.14	-0.04	0.21	92_S	[14.336      18.45209524 33.0412381 ]
-0.17	 -0.52	0.01	0.27	92_S	[15.82431579 20.59563158 31.09705263]
-0.02	 -0.13	0.01	0.01	92_S	[14.36485 20.9203  35.2871 ]
-0.22	 -0.62	0.11	0.4	92_S	[13.52525    21.359875   32.73620833]
0.05	 0.65	-0.13	-0.09	92_S	[14.25828571 18.51728571 34.907     ]
0.15	 0.64	0.03	-0.24	93_S	[18.77817391 22.79430435 36.64482609]
0.01	 0.44	0.16	-0.35	93_S	[15.87564706 23.77252941 37.19141176]
-0.13	 -0.23	-0.17	0.18	93_S	[13.97411905 24.19507143 35.23885714]
0.14	 0.81	0.03	-0.3	93_S	[16.59516667 21.38516667 35.87905556]
0.11	 0.13	-0.04	-0.12	93_S	[15.41976923 25.288      33.67469231]
-0.22	 -0.59	-0.02	0.37	93_S	[15.72247619 22.79942857 37.0947619 ]
-0.03	 0.03	-0.05	0.05	93_S	[16.19935294 25.86588235 37.17311765]
-0.3	 -0.83	0.33	0.55	93_S	[13.505      24.82185185 37.08474074]
0.12	 1.13	0.16	-0.43	94_P	[19.53833333 27.91525    37.54975   ]
-0.08	 -0.17	-0.08	0.06	94_P	[18.53067742 26.07970968 38.14909677]
-0.07	 -0.26	-0.03	-0.02	94_P	[17.08877778 29.16966667 35.26066667]
-0.03	 -0.24	-0.01	-0.08	94_P	[16.29566667 27.30266667 33.591     ]
-0.0	 -0.26	-0.01	-0.02	94_P	[17.77772414 28.51786207 36.51410345]
-0.04	 0.05	-0.03	-0.05	94_P	[17.41917647 29.38029412 33.73088235]
-0.14	 -0.59	-0.07	0.2	94_P	[15.57171429 26.85357143 34.90942857]
0.04	 -0.29	-0.1	0.01	94_P	[16.70908333 26.72358333 32.65616667]
0.17	 1.38	0.28	-0.53	95_L	[20.41175  28.659875 38.12325 ]
-0.04	 -0.23	3.12	0.24	95_L	[21.32562857 22.57928571 38.64614286]
0.1	 0.84	0.02	-0.27	95_L	[24.32858824 23.20558824 39.92429412]
0.04	 0.21	0.02	-0.08	95_L	[20.32307692 25.83315385 39.66784615]
-0.03	 0.04	-0.04	-0.02	95_L	[22.58476923 25.31303846 41.10415385]
-0.14	 -0.19	-0.03	0.23	95_L	[22.19734483 22.34589655 40.26024138]
-0.05	 -0.08	-0.09	0.11	95_L	[20.00882353 23.84417647 38.74282353]
0.14	 0.93	0.09	-0.34	95_L	[23.45858333 22.38658333 38.07875   ]
0.06	 1.38	0.16	-0.42	95_L	[23.812375 22.364875 39.822   ]
0.17	 1.29	0.43	-0.69	95_L	[24.67742857 25.51664286 41.3215    ]
0.09	 1.08	0.02	-0.28	96_Y	[20.3        28.58507143 38.93885714]
0.03	 0.19	-0.07	-0.1	96_Y	[22.95210714 28.69971429 42.60275   ]
-0.07	 0.28	-0.07	0.03	96_Y	[19.6542 30.4837 40.7558]
-0.08	 0.16	-0.1	0.1	96_Y	[19.84583333 32.79616667 41.06433333]
-0.03	 -0.23	-0.15	-0.07	96_Y	[20.36345455 33.76386364 39.394     ]
-0.04	 0.06	0.04	-0.06	96_Y	[20.19395652 32.69426087 42.65095652]
-0.12	 -0.47	-0.05	0.15	96_Y	[20.961     35.51875   40.1279375]
-0.13	 -0.73	0.03	0.12	96_Y	[20.63426667 34.17373333 43.50073333]
-0.06	 -0.11	0.06	-0.07	96_Y	[20.60125  35.100125 41.84975 ]
-0.01	 -0.44	-0.07	0.04	96_Y	[21.99058824 37.19935294 42.04994118]
-0.11	 -0.28	-0.14	0.11	96_Y	[20.65216667 27.799      40.32305556]
-0.02	 -0.21	0.02	0.05	96_Y	[19.66025    30.84395833 39.43058333]
-0.13	 -0.9	0.07	0.15	96_Y	[20.48452941 29.81564706 41.87705882]
0.08	 0.41	-0.18	-0.06	96_Y	[21.77971429 33.65514286 38.04328571]
-0.02	 -0.63	-0.14	0.12	96_Y	[21.10177273 31.37468182 43.68240909]
-0.05	 -0.12	0.09	-0.08	96_Y	[22.37836842 35.57852632 39.06263158]
-0.01	 -0.43	-0.15	0.14	96_Y	[21.29442857 34.24557143 44.63771429]
-0.05	 0.01	-0.05	0.13	96_Y	[22.58163636 36.39887879 43.831     ]
0.2	 1.39	0.17	-0.43	97_L	[24.81861905 27.09042857 41.9747619 ]
0.16	 1.52	0.0	-0.29	98_A	[24.46277778 35.62822222 44.81055556]
0.13	 0.83	-0.01	-0.28	98_A	[25.38426923 36.29030769 44.67861538]
0.1	 1.45	0.05	-0.35	100_E	[24.48036364 39.46113636 47.67668182]
-0.2	 -0.29	-0.27	0.29	100_E	[24.62837838 39.54613514 46.26564865]
-0.05	 0.38	-0.06	-0.1	100_E	[24.03228571 39.24792857 48.93682143]
0.23	 1.54	0.29	-0.54	100_E	[26.21426316 37.03736842 46.53657895]
0.02	 0.49	0.01	-0.2	102_Q	[25.85619444 38.81861111 54.61647222]
0.02	 0.21	-0.26	0.08	102_Q	[24.06280952 40.47590476 51.80647619]
0.11	 -0.0	-0.11	-0.19	102_Q	[23.978625 40.239    50.47975 ]
-0.08	 -0.28	-0.07	0.13	102_Q	[23.7817  38.5159  52.22085]
0.2	 1.07	0.15	-0.42	103_L	[26.83368421 46.67978947 56.02205263]
-0.05	 0.08	-0.06	-0.04	103_L	[30.56183333 49.782125   54.89554167]
0.16	 1.72	0.14	-0.38	103_L	[28.41527778 47.78533333 56.25494444]
-0.03	 0.2	-0.2	0.1	103_L	[31.0767037  50.11818519 56.17622222]
0.17	 1.59	0.36	-0.26	103_L	[32.13088235 49.11211765 53.60211765]
-0.01	 0.11	-0.08	0.07	103_L	[28.89365517 48.81558621 54.09510345]
0.13	 1.22	0.07	-0.29	104_F	[29.2747619  46.08709524 61.68947619]
0.14	 1.09	-0.06	-0.23	104_F	[26.74503571 43.62835714 61.59510714]
-0.01	 -0.08	-0.19	0.01	104_F	[23.3033125 43.0939375 60.6535   ]
-0.09	 0.03	-0.15	0.09	104_F	[25.696      44.32444828 63.19513793]
-0.02	 -0.11	0.03	-0.11	104_F	[24.02689474 44.66628947 62.28781579]
0.09	 0.42	-0.1	0.03	104_F	[28.2648     44.53333333 62.86033333]
0.12	 1.03	0.06	-0.3	104_F	[22.47207692 43.83546154 59.80492308]
-0.31	 -0.88	0.12	0.46	104_F	[26.27019048 44.23890476 64.16704762]
-0.28	 -0.56	0.05	0.44	104_F	[23.14868182 45.0875     63.26836364]
0.11	 1.12	-0.02	-0.22	105_S	[27.76047059 47.74735294 62.28352941]
0.11	 1.33	0.02	-0.38	105_S	[25.6705 47.8926 62.0597]
0.1	 1.38	0.1	-0.38	105_S	[29.65513043 50.67195652 57.76686957]
0.2	 1.52	0.21	-0.47	105_S	[30.64353333 51.72446667 58.8372    ]
0.19	 1.53	0.12	-0.34	105_S	[26.69758333 48.019625   57.98754167]
0.1	 1.21	0.11	-0.37	105_S	[29.54533333 47.84988889 61.74166667]
-0.0	 -0.08	-0.22	0.0	105_S	[27.84625    50.06409375 57.649625  ]
0.02	 0.25	-0.07	-0.06	106_S	[28.65414286 48.78628571 63.197     ]
0.05	 0.47	0.04	-0.25	106_S	[27.67       48.73183333 63.4995    ]
0.15	 1.42	0.33	-0.57	106_S	[24.88371429 50.43528571 62.439     ]
-0.14	 -0.47	-0.03	0.17	106_S	[24.91158974 52.18792308 63.18838462]
-0.24	 -0.79	-0.12	0.24	106_S	[28.0622 50.3771 65.7231]
0.06	 0.62	-0.07	-0.08	106_S	[29.11897222 52.94702778 63.41141667]
0.05	 0.58	-0.08	-0.16	106_S	[30.0731     49.77133333 62.65873333]
-0.21	 -0.13	-0.32	0.23	106_S	[25.98276667 49.04833333 63.25286667]
-0.23	 -0.53	0.11	0.32	106_S	[26.81090909 51.26568182 65.47959091]
-0.29	 -1.37	0.3	0.35	106_S	[28.86936842 49.64615789 65.08652632]
-0.36	 -0.61	-0.24	0.56	106_S	[29.6902963  52.59137037 64.91266667]
0.07	 0.41	-0.09	-0.11	107_Q	[23.7208 52.9623 61.3105]
-0.22	 -0.66	0.06	0.22	107_Q	[23.70053571 54.23871429 59.42764286]
0.08	 1.49	-0.08	-0.15	107_Q	[26.61490909 54.00790909 58.55181818]
0.08	 0.84	0.07	-0.33	107_Q	[29.37766667 54.46677778 61.1285    ]
-0.12	 -0.31	-0.06	0.15	107_Q	[28.5326 55.7148 58.2146]
-0.16	 -0.34	-0.05	0.28	107_Q	[29.2332093  53.12569767 57.31927907]
-0.11	 -0.79	-0.01	0.1	107_Q	[30.52928571 56.33135714 58.90928571]
-0.05	 -0.23	0.06	0.04	107_Q	[26.08814286 54.45119048 61.70409524]
0.09	 0.14	-0.03	-0.2	107_Q	[26.97685714 52.32442857 58.00935714]
-0.08	 -0.55	-0.12	0.15	107_Q	[26.30856 54.71992 58.70108]
-0.13	 -0.58	-0.03	0.18	107_Q	[28.132375   55.37095833 60.93145833]
0.2	 1.36	0.13	-0.39	107_Q	[29.89518182 53.46636364 61.71590909]
-0.13	 -0.38	0.04	0.15	107_Q	[30.68803333 55.75936667 60.38236667]
-0.25	 -0.69	0.07	0.37	107_Q	[31.07210345 55.64593103 57.76096552]
0.07	 0.31	-0.02	-0.24	108_Y	[23.4677  49.76875 61.72225]
0.17	 1.05	0.07	-0.36	108_Y	[24.11428571 48.32407143 61.48421429]
0.02	 0.02	-0.22	-0.05	108_Y	[24.80192857 50.72185714 56.89428571]
0.04	 0.41	0.1	-0.23	108_Y	[23.2746 51.1323 55.7011]
-0.02	 0.41	0.1	-0.15	108_Y	[21.76592 52.91748 56.6568 ]
0.07	 0.02	-0.18	-0.0	108_Y	[22.76985714 50.77614286 55.07528571]
-0.05	 -0.25	-0.07	0.02	108_Y	[19.52612195 52.38980488 56.6207561 ]
-0.02	 -0.21	-0.11	0.0	108_Y	[21.79329167 50.09983333 54.112     ]
-0.02	 0.12	0.03	-0.09	108_Y	[20.04752941 51.76858824 54.97888235]
-0.2	 -1.03	0.1	0.33	108_Y	[18.21286207 51.80555172 54.50217241]
0.15	 0.84	-0.0	-0.27	108_Y	[22.23125    52.70633333 60.12283333]
-0.03	 -0.53	-0.03	0.06	108_Y	[24.678      52.35509524 57.38557143]
0.02	 0.29	-0.18	-0.11	108_Y	[24.80025 49.49375 57.1025 ]
-0.17	 -0.87	-0.1	0.32	108_Y	[21.57184211 53.66426316 58.22673684]
-0.32	 -0.82	0.18	0.47	108_Y	[19.2752381  53.68690476 56.2747619 ]
-0.06	 -0.12	-0.11	0.05	108_Y	[20.53966667 48.59777778 54.32894444]
-0.16	 -0.78	0.02	0.27	108_Y	[18.55387097 50.1546129  53.91832258]
0.12	 1.42	-0.12	-0.13	109_P	[22.093      49.958      61.84266667]
0.07	 1.26	0.14	-0.39	109_P	[21.5147 48.0317 62.2391]
-0.05	 0.16	-0.07	0.02	109_P	[20.77736667 45.04046667 60.8905    ]
-0.11	 -0.41	-0.07	0.1	109_P	[19.48193333 47.7478     62.4802    ]
0.1	 0.97	0.03	-0.25	109_P	[18.57309091 50.13336364 60.02618182]
-0.01	 0.66	0.0	-0.12	109_P	[20.334      52.03391667 60.18191667]
-0.06	 0.08	-0.04	0.04	109_P	[22.36714286 47.38595238 62.338     ]
-0.06	 0.02	-0.04	0.05	109_P	[18.64152174 47.0283913  61.51052174]
-0.19	 -1.02	0.19	0.39	109_P	[19.88635 49.06295 63.07125]
-0.34	 -0.85	0.08	0.46	109_P	[17.91189474 50.20915789 60.96789474]
0.02	 0.08	-0.29	0.1	109_P	[20.0557 52.0222 59.2851]
-0.1	 -0.37	-0.01	0.11	109_P	[21.07046875 51.307125   61.68365625]
0.21	 1.38	0.21	-0.48	110_F	[24.9268     47.52833333 57.17113333]
0.02	 -0.6	-0.02	-0.16	110_F	[20.2459 46.576  55.118 ]
-0.11	 0.16	-0.13	0.07	110_F	[18.37916667 46.012      56.0975    ]
-0.06	 -0.27	0.19	-0.28	110_F	[18.0725  45.12635 57.62485]
-0.05	 -0.02	-0.1	0.1	110_F	[18.30988235 47.58447059 55.47764706]
-0.03	 -0.07	-0.15	0.09	110_F	[17.11331034 45.67296552 59.41634483]
0.03	 0.07	0.01	-0.11	110_F	[17.05311111 48.78911111 57.13488889]
-0.07	 0.06	-0.03	-0.02	110_F	[16.21473333 47.46586667 58.6781    ]
0.14	 1.24	-0.08	-0.18	110_F	[21.299      44.01685714 58.52321429]
0.16	 1.76	0.16	-0.39	110_F	[21.31272727 46.98745455 54.86963636]
-0.12	 -0.28	-0.04	0.2	110_F	[20.27306667 44.94273333 55.62673333]
-0.13	 -0.25	-0.13	0.38	110_F	[19.29305556 44.33261111 58.37672222]
0.08	 -0.2	0.03	-0.46	110_F	[18.86728571 48.48485714 54.99857143]
-0.31	 -0.84	0.17	0.52	110_F	[16.88947368 45.26773684 60.03457895]
-0.15	 -0.78	-0.14	0.32	110_F	[16.75874194 49.79609677 56.76919355]
-1.14	 -0.77	0.26	0.66	110_F	[15.2653  47.67145 59.2475 ]
0.16	 1.65	0.28	-0.55	111_H	[23.91257143 43.55028571 52.76342857]
-0.07	 -0.23	-0.12	0.05	111_H	[22.27986486 44.5537027  53.50464865]
0.05	 0.94	-0.06	-0.25	111_H	[23.58673913 41.07913043 54.36065217]
0.12	 0.74	-0.12	-0.05	111_H	[24.01114286 40.239      56.10585714]
0.01	 0.83	0.0	-0.06	111_H	[23.05671429 40.381      57.08028571]
-0.02	 0.0	-0.57	0.35	111_H	[25.4158 39.5614 56.3712]
-0.06	 -0.24	-0.03	-0.0	111_H	[24.7177   40.119575 58.9586  ]
0.06	 0.53	-0.05	-0.18	111_H	[25.94675    39.3065     57.28191667]
0.04	 0.2	-0.06	-0.08	111_H	[21.47184615 43.50884615 56.35469231]
-0.23	 -0.48	-0.26	0.5	111_H	[22.502      41.62373333 55.26786667]
0.17	 0.9	0.12	-0.39	111_H	[24.2579 42.3643 53.3606]
-0.1	 -0.54	0.01	0.12	111_H	[22.42416 41.8354  58.34628]
-0.21	 -0.57	0.13	0.38	111_H	[24.40774194 40.50558065 60.25690323]
-0.01	 0.36	-0.09	-0.09	111_H	[27.53717857 40.36689286 59.33307143]
0.08	 0.63	-0.08	0.07	112_V	[26.30766667 48.662      53.31966667]
-0.0	 0.09	-0.07	-0.03	112_V	[26.10654286 48.4064     50.99685714]
0.06	 0.8	-0.01	-0.14	112_V	[24.39045 48.61365 53.8377 ]
0.1	 1.13	-0.03	-0.23	112_V	[23.067      46.05757143 52.31071429]
0.08	 0.52	-0.13	-0.22	112_V	[26.8947619  48.00180952 54.02090476]
-0.24	 -1.38	0.13	0.53	112_V	[26.01990909 49.40472727 51.78109091]
0.11	 0.87	0.01	-0.29	112_V	[27.34418182 47.92009091 50.31945455]
-0.13	 -0.08	0.02	0.15	112_V	[23.70157895 47.55757895 50.75189474]
-0.1	 -0.74	-0.13	0.13	112_V	[24.54006897 49.56048276 53.91951724]
-0.03	 -0.24	-0.07	-0.07	112_V	[22.78228 47.55656 52.93808]
0.14	 1.22	0.13	-0.36	112_V	[25.06925   47.7289375 55.8400625]
0.1	 1.28	-0.05	-0.27	113_P	[27.626      45.22442857 47.31571429]
-0.06	 -0.27	-0.07	0.11	113_P	[27.10782759 46.85237931 48.21903448]
0.0	 0.16	-0.3	0.02	113_P	[24.979  43.551  46.8566]
-0.03	 0.11	-0.04	-0.04	113_P	[23.4585   43.024375 48.8445  ]
-0.16	 -0.74	-0.06	0.06	113_P	[22.93214286 45.30114286 49.95314286]
-0.05	 -0.03	-0.05	0.05	113_P	[26.07553333 44.33033333 46.89466667]
-0.21	 -0.39	0.06	0.28	113_P	[23.57457143 43.17546429 47.88696429]
0.09	 0.06	0.01	-0.19	113_P	[24.12768 42.35116 50.741  ]
0.0	 -0.24	0.04	0.06	113_P	[24.1655625 46.0805625 48.8798125]
-0.11	 -0.02	-0.0	-0.07	113_P	[23.02838095 44.86466667 51.17457143]
0.12	 0.83	0.01	-0.24	114_L	[28.86441667 44.75591667 46.46329167]
-0.12	 -0.29	-0.06	0.13	114_L	[30.48107143 46.49396429 45.88057143]
0.06	 0.38	-0.01	-0.21	114_L	[30.60087179 48.77625641 51.38802564]
0.09	 0.81	-0.07	-0.1	114_L	[29.60778571 47.42478571 48.02921429]
0.12	 0.25	-0.55	0.18	114_L	[30.44757143 49.01571429 52.72342857]
-0.06	 -0.22	-0.18	0.16	114_L	[29.49269231 48.37665385 50.14407692]
0.1	 1.55	-0.02	-0.27	115_L	[29.2108 43.7656 45.2696]
-0.05	 0.2	-0.07	-0.04	115_L	[33.13253333 44.6298     43.9212    ]
-0.08	 0.33	-0.06	-0.04	115_L	[30.12485 43.8131  44.3789 ]
0.18	 1.26	0.07	-0.33	115_L	[32.25333333 42.71308333 43.98966667]
0.06	 0.67	0.05	-0.16	115_L	[34.41504762 44.06438095 43.57971429]
-0.12	 -1.1	0.03	0.14	115_L	[32.7455     45.674      44.39264286]
-0.09	 -0.03	-0.04	0.08	116_S	[29.16551064 40.96453191 41.26351064]
0.08	 2.21	0.14	-0.41	116_S	[27.58483333 42.1525     42.83      ]
0.03	 0.17	-0.01	-0.08	116_S	[27.48471429 43.15814286 45.01219048]
0.03	 0.72	-0.0	-0.09	116_S	[30.00932258 42.31196774 43.17180645]
-0.01	 0.35	-0.15	0.15	116_S	[26.30216667 41.60091667 42.38325   ]
0.22	 1.52	0.28	-0.53	116_S	[25.86095 38.9162  44.0434 ]
-0.09	 0.15	-0.12	0.04	116_S	[25.3534878  42.00714634 44.55826829]
0.14	 1.1	-0.13	-0.08	117_S	[31.04966667 38.394      39.727     ]
0.14	 1.07	0.43	-0.67	117_S	[31.90566667 40.056      41.52811111]
0.0	 0.25	0.01	-0.09	117_S	[29.46580952 39.03838095 39.84366667]
0.02	 0.41	-0.01	-0.09	117_S	[31.06595833 36.85920833 39.423125  ]
-0.06	 0.11	-0.03	0.03	117_S	[32.6042381  38.69161905 40.271     ]
0.04	 1.34	-0.06	-0.17	118_Q	[25.66516667 35.62508333 37.10516667]
-0.11	 -0.01	0.01	0.05	118_Q	[28.33835556 35.78315556 36.83664444]
0.01	 0.55	0.18	-0.14	118_Q	[24.397  36.3306 38.3357]
0.12	 1.16	0.08	-0.4	118_Q	[26.364      38.781      39.60483333]
-0.02	 0.04	-0.12	0.02	118_Q	[24.28257895 39.24884211 40.04084211]
-0.19	 -0.7	0.07	0.26	118_Q	[22.663875   38.38771875 39.5203125 ]
-0.06	 0.12	-0.16	0.04	118_Q	[24.59230769 39.8624359  41.69730769]
-0.04	 0.04	-0.05	0.01	118_Q	[28.17088235 37.84141176 38.54829412]
-0.15	 -0.35	-0.09	0.21	118_Q	[25.33295 37.6478  37.94945]
0.13	 0.53	0.05	-0.29	118_Q	[24.26975   35.2138125 38.534625 ]
0.23	 1.36	0.29	-0.53	118_Q	[24.96664706 37.81852941 42.65823529]
0.11	 1.24	0.1	-0.33	118_Q	[26.9095     39.13892857 40.36935714]
0.05	 0.21	-0.17	-0.27	118_Q	[26.37433333 40.76011111 41.38688889]
-0.29	 -0.72	0.08	0.47	118_Q	[23.63367857 40.90410714 41.24382143]
0.07	 1.15	-0.08	-0.19	119_K	[25.07814286 34.66457143 37.412     ]
0.03	 0.11	0.07	-0.26	119_K	[25.19457143 34.297      36.25442857]
0.11	 0.75	0.05	-0.26	119_K	[24.04161111 33.57416667 37.19377778]
0.07	 0.77	0.06	-0.27	119_K	[28.16942857 33.89064286 34.03264286]
-0.02	 -1.07	-0.18	-0.01	119_K	[28.493625 29.5325   32.981875]
0.05	 -1.71	0.07	-0.28	119_K	[29.37766667 31.79283333 31.72058333]
-0.08	 -0.79	-0.07	0.17	119_K	[26.18176923 34.45361538 35.32561538]
0.17	 1.42	0.42	-0.64	119_K	[29.2487 34.1473 36.2263]
-0.06	 -0.35	-0.25	0.11	119_K	[26.935  33.415  33.5593]
-0.08	 -0.62	-0.07	0.1	119_K	[29.63886667 33.7172     34.65486667]
0.05	 0.22	-0.08	-0.15	119_K	[29.83268 29.77944 33.75932]
-0.08	 -0.19	-0.12	0.07	119_K	[27.37345455 29.91127273 32.66463636]
-0.34	 -0.69	0.22	0.47	119_K	[29.11408696 31.09982609 31.0683913 ]
-0.23	 -0.6	0.11	0.24	119_K	[27.3822069  32.63248276 31.93293103]
-0.22	 -0.21	-0.06	0.26	119_K	[30.2176  32.95896 32.36416]
0.08	 1.21	-0.06	-0.21	120_M	[24.44533333 33.644      35.45844444]
0.06	 0.22	-0.09	-0.11	120_M	[24.97192308 30.31588462 32.64584615]
-0.02	 0.69	0.12	-0.2	120_M	[21.96138462 32.54807692 33.49576923]
0.08	 0.69	0.08	-0.35	120_M	[19.64336364 30.30313636 37.51336364]
-0.1	 -0.55	-0.08	0.12	120_M	[18.9625641  33.02035897 35.75720513]
0.02	 0.45	-0.06	-0.02	120_M	[24.8735625 32.823625  33.979625 ]
-0.07	 -0.46	-0.08	0.05	120_M	[22.49329167 33.4445     35.47191667]
-0.03	 0.02	0.04	0.01	120_M	[22.387625 31.93975  32.859375]
0.07	 1.23	0.02	-0.27	120_M	[20.2019 32.1715 33.5325]
-0.21	 -0.68	-0.01	0.4	120_M	[18.791      33.246      37.50666667]
-0.1	 -0.46	0.17	0.21	120_M	[20.35495833 33.83720833 35.295125  ]
-0.1	 0.0	-0.08	0.05	120_M	[18.18725    31.5885     34.86178571]
0.15	 1.33	0.26	-0.54	121_V	[29.00742857 26.67314286 35.05421429]
0.15	 0.39	0.02	-0.25	121_V	[25.7498     28.18573333 32.82126667]
0.07	 0.58	0.02	-0.25	121_V	[26.47703846 24.44969231 33.42430769]
-0.04	 0.29	-0.21	0.08	121_V	[27.97970968 27.16667742 33.90187097]
-0.12	 -0.26	-0.05	0.15	122_Y	[24.53197297 23.21697297 30.47213514]
-0.03	 0.82	-0.03	-0.03	122_Y	[22.71977778 25.49066667 29.398     ]
-0.1	 -0.47	-0.06	0.13	122_Y	[21.36011111 27.055      29.41655556]
-0.12	 -0.63	0.0	0.11	122_Y	[19.81335714 26.50185714 29.79985714]
-0.06	 -0.37	0.09	-0.07	122_Y	[21.82661111 28.39188889 29.68083333]
-0.15	 -0.85	0.77	-0.05	122_Y	[18.66347059 27.80982353 30.15905882]
-0.13	 -0.98	0.03	0.11	122_Y	[21.03576471 29.68917647 29.97152941]
-0.12	 -0.5	-0.05	0.17	122_Y	[19.3767 29.4888 30.055 ]
-0.13	 -1.02	0.08	0.16	122_Y	[18.01845455 30.23345455 31.68268182]
0.09	 -0.22	0.05	-0.11	122_Y	[25.3764     26.24906667 32.09106667]
-0.14	 -0.61	0.05	0.29	122_Y	[23.88725   26.10925   29.8169375]
-0.12	 -0.2	0.04	0.06	122_Y	[21.54809091 24.08718182 30.45827273]
0.01	 0.28	-0.13	-0.02	122_Y	[19.17834615 24.82119231 31.13411538]
-0.02	 0.02	-0.01	0.15	122_Y	[23.76433333 28.74680952 30.96109524]
-0.11	 -0.26	0.13	0.02	122_Y	[17.58363158 27.26826316 31.47673684]
-0.07	 -0.44	-0.01	0.05	122_Y	[21.9595     30.88294444 31.35316667]
-0.17	 -0.4	0.1	0.18	122_Y	[19.50326923 31.618      31.81030769]
0.07	 1.18	0.16	-0.43	123_P	[23.40275  21.212375 30.05475 ]
0.16	 0.58	0.03	-0.26	123_P	[21.74843478 21.63386957 30.7686087 ]
0.09	 1.38	0.13	-0.43	123_P	[23.87475  20.947375 36.304625]
0.21	 1.08	0.1	-0.39	123_P	[25.97258824 22.39170588 32.47747059]
0.17	 1.26	0.44	-0.66	123_P	[24.317125 20.21275  35.954375]
0.1	 0.6	-0.04	-0.2	123_P	[22.65882609 21.27273913 36.65891304]
0.05	 0.58	-0.2	-0.04	124_G	[25.29283333 21.25366667 30.34133333]
-0.03	 0.0	-0.12	0.01	124_G	[24.30994444 19.73861111 28.92266667]
0.09	 0.61	-0.01	-0.13	124_G	[26.44005 20.65285 31.27225]
-0.07	 -2.19	-0.04	0.14	124_G	[22.85985714 19.47385714 28.98471429]
-0.08	 -0.16	-0.14	0.0	124_G	[25.35988235 19.96923529 28.82523529]
0.16	 1.14	0.35	-0.53	125_L	[24.64177778 16.50477778 28.80911111]
-0.01	 0.42	-0.05	-0.04	125_L	[25.25411765 14.10732353 28.84488235]
0.05	 0.83	0.06	-0.27	125_L	[21.39785714 15.27714286 28.88378571]
-0.09	 -0.68	0.05	0.06	125_L	[21.52553571 11.89689286 28.93303571]
-0.06	 0.04	-0.07	-0.01	125_L	[23.1685     16.93288462 28.64753846]
0.06	 0.51	0.34	-0.42	125_L	[20.45517391 15.45152174 30.09891304]
-0.16	 -0.47	0.0	0.18	125_L	[22.6025 14.5855 28.1705]
0.13	 0.61	-0.16	-0.11	125_L	[24.052      11.96444444 30.15444444]
0.15	 0.21	0.05	-0.23	125_L	[21.81033333 11.17472222 32.39361111]
-0.15	 -0.52	0.03	0.23	125_L	[21.13622222 10.97237037 30.16096296]
-0.15	 -0.62	-0.16	0.21	125_L	[19.7089  13.29695 29.3591 ]
-0.22	 -0.9	0.23	0.37	125_L	[22.47073684 12.37647368 28.06710526]
0.13	 2.48	0.02	-0.27	126_Q	[28.806125 14.200625 30.306625]
-0.05	 0.09	0.03	0.01	126_Q	[29.6741875 13.2935    31.5884375]
-0.11	 -0.16	-0.11	0.1	126_Q	[26.53025 11.85425 29.873  ]
-0.04	 -0.33	-0.01	-0.02	126_Q	[28.50725   10.574375  32.1411875]
-0.07	 0.22	0.06	-0.08	126_Q	[26.39292857  9.67378571 33.87007143]
-0.01	 0.62	-0.08	-0.05	126_Q	[26.96323529  9.68223529 34.89517647]
-0.07	 -0.32	0.12	-0.05	126_Q	[24.34835714 10.11214286 32.88992857]
0.03	 -0.1	0.08	-0.17	126_Q	[25.6817 11.3578 30.5138]
-0.13	 -0.65	0.01	0.14	126_Q	[27.80133333 12.91011111 29.73122222]
-0.26	 -0.95	0.18	0.41	126_Q	[27.20757143 10.04257143 31.14490476]
-0.1	 -0.54	-0.07	0.05	126_Q	[29.4311875 11.344625  32.720375 ]
-0.12	 -1.02	0.05	0.19	126_Q	[24.0296875 10.816     31.5309375]
0.02	 0.02	-0.1	0.04	126_Q	[24.2745      9.95007143 34.27064286]
0.2	 1.26	0.14	-0.4	127_E	[28.69786364 19.66372727 31.96222727]
0.06	 0.28	-0.03	-0.17	127_E	[29.31186667 18.80306667 29.56453333]
0.01	 0.31	-0.08	-0.07	127_E	[28.58115789 15.72094737 28.43184211]
-0.05	 -0.1	-0.11	0.01	127_E	[26.90442857 17.7222     27.60665714]
-0.15	 -1.06	0.09	0.15	127_E	[26.38634783 19.34582609 28.14830435]
-0.3	 -1.13	0.25	0.5	127_E	[27.73494444 17.88719444 25.92380556]
0.02	 0.27	0.01	-0.1	127_E	[30.21636842 15.36805263 30.32178947]
0.11	 -1.67	0.01	-0.15	127_E	[27.8387 19.4828 30.1919]
-0.18	 -0.29	-0.06	0.09	127_E	[30.28309091 18.16836364 29.22477273]
-0.25	 -0.91	0.01	0.37	127_E	[29.55445833 16.351      27.71554167]
0.06	 0.24	-0.27	0.08	127_E	[27.48990909 15.05318182 28.63763636]
0.14	 1.98	0.18	-0.43	128_P	[31.64572222 20.31033333 33.60866667]
-0.17	 0.06	-0.11	0.11	128_P	[31.54423529 20.08176471 31.95329412]
-0.07	 0.4	-0.01	-0.09	128_P	[32.38884615 17.32576923 36.17807692]
-0.14	 -0.45	-0.05	0.14	128_P	[34.13192308 17.17861538 33.35576923]
-0.09	 0.12	-0.05	-0.0	128_P	[32.25766667 15.54122222 31.63711111]
-0.15	 0.37	-0.04	0.08	128_P	[32.82488 19.06284 35.91804]
0.0	 -0.24	-0.02	-0.03	128_P	[31.98818182 16.15854545 36.09290909]
-0.13	 -0.43	0.08	0.15	128_P	[33.64195652 18.67630435 33.05417391]
-0.22	 -0.62	0.13	0.34	128_P	[33.6874  15.89372 34.00564]
-0.12	 -0.16	0.05	0.1	128_P	[32.18914286 17.15609524 31.02628571]
-0.03	 0.12	0.14	-0.09	128_P	[31.56443478 14.5886087  32.91056522]
0.14	 1.29	0.16	-0.43	129_W	[32.98933333 21.1465     35.31225   ]
-0.01	 0.54	-0.11	0.05	129_W	[29.284  23.7632 33.1033]
-0.05	 0.26	-0.09	-0.01	129_W	[31.87972222 22.25438889 32.84516667]
0.06	 0.47	0.08	-0.21	129_W	[29.58136 24.91432 34.32152]
-0.03	 -0.18	-0.05	0.0	129_W	[28.48454286 22.28914286 32.88262857]
0.14	 1.02	0.25	-0.22	129_W	[25.67171739 20.72495652 37.52921739]
0.17	 1.34	0.37	-0.6	129_W	[25.69708333 21.978      39.11116667]
0.13	 1.17	0.14	-0.39	130_L	[33.64920833 26.057875   35.49320833]
-0.17	 -0.43	-0.04	0.19	130_L	[33.71361765 26.33258824 33.95064706]
0.06	 0.51	0.01	-0.18	130_L	[36.01588889 23.88966667 34.30755556]
0.08	 0.53	-0.11	0.06	130_L	[35.75983333 21.66533333 36.57416667]
-0.17	 -0.81	-0.0	0.24	130_L	[37.92742308 22.5655     35.70476923]
0.07	 0.64	0.01	-0.23	130_L	[37.55936364 23.85263636 38.22072727]
-0.07	 -0.22	-0.1	0.02	130_L	[32.23521053 24.10505263 33.54884211]
-0.09	 0.19	0.0	-0.01	130_L	[34.45807692 22.66419231 34.34519231]
-0.1	 -0.14	-0.13	0.05	130_L	[36.17355556 25.09461111 35.13572222]
-0.06	 0.59	-0.06	0.06	130_L	[34.75579167 21.343375   36.859875  ]
-0.21	 -1.55	0.13	0.36	130_L	[37.84158333 21.82866667 37.19833333]
-0.21	 -1.39	0.14	0.36	130_L	[36.79520833 21.96370833 34.631375  ]
-0.26	 -0.95	0.17	0.45	130_L	[38.05138889 24.21111111 35.87022222]
-0.02	 0.18	-0.04	-0.09	130_L	[36.58144 22.64696 39.19296]
-0.0	 0.7	0.04	-0.2	130_L	[36.73776 25.45452 37.75292]
0.07	 1.67	0.01	-0.34	131_H	[34.9718 27.4942 36.1974]
0.15	 1.08	0.1	-0.36	131_H	[35.4734375 27.6655    37.2211875]
0.06	 0.66	0.47	-0.77	131_H	[33.9632 30.6802 34.8636]
0.04	 0.19	-0.1	-0.07	131_H	[32.60997143 32.16771429 34.35791429]
-0.0	 0.63	-0.09	-0.05	131_H	[34.6186875 28.2023125 35.2571875]
0.12	 0.61	-0.01	-0.23	131_H	[30.68025    27.41540625 35.28865625]
-0.1	 -0.4	-0.06	0.13	131_H	[32.60944 29.62036 34.05344]
-0.24	 -1.03	0.11	0.41	131_H	[32.35054545 32.80977273 33.72409091]
-0.02	 0.16	0.06	-0.07	131_H	[31.31133333 33.89566667 36.368     ]
0.09	 2.05	-0.09	-0.21	132_S	[35.72625  29.066875 36.53625 ]
0.03	 0.12	-0.0	-0.12	132_S	[36.34333333 33.01011111 38.11288889]
-0.08	 -0.7	0.03	0.03	132_S	[34.6192  33.14872 36.6914 ]
-0.02	 0.62	-0.03	-0.1	132_S	[37.4278     31.21093333 37.50246667]
-0.02	 0.26	0.01	-0.06	132_S	[37.21692 28.28008 37.74952]
-0.03	 -0.52	0.01	0.02	132_S	[35.18605556 30.13183333 35.84927778]
-0.17	 -0.81	-0.02	0.29	132_S	[37.2485   31.19575  36.731625]
0.05	 0.66	0.02	-0.18	132_S	[37.84547826 32.12226087 39.06295652]
-0.16	 -0.32	0.11	0.21	132_S	[38.78772222 29.28547222 38.61605556]
0.07	 1.47	0.09	-0.4	133_M	[35.87816667 34.17216667 38.88333333]
0.14	 1.01	0.06	-0.33	133_M	[36.61207143 33.94978571 39.72064286]
0.2	 1.45	0.3	-0.54	133_M	[33.10433333 35.73766667 39.62033333]
0.16	 1.55	0.18	-0.46	133_M	[30.3652 35.2653 38.7971]
-0.09	 0.03	-0.1	0.01	133_M	[34.96458824 34.66094118 38.29564706]
0.06	 0.17	-0.07	-0.07	133_M	[31.92795238 34.705      38.02347619]
0.05	 1.58	0.05	-0.24	134_Y	[36.2923 35.3107 39.2685]
-0.11	 -0.35	-0.02	0.17	134_Y	[35.79145 38.84655 39.6441 ]
-0.03	 0.41	-0.0	-0.05	134_Y	[38.29692857 35.96057143 39.73278571]
-0.06	 -0.2	-0.09	0.07	134_Y	[40.195125 37.098875 40.723875]
0.06	 0.07	-0.03	-0.05	134_Y	[40.88135714 36.04728571 42.06      ]
-0.07	 -0.59	0.06	-0.07	134_Y	[40.28944444 38.57611111 40.61633333]
-0.06	 -0.66	-0.07	0.11	134_Y	[41.9809 37.0534 43.1341]
-0.15	 -1.01	-0.03	0.25	134_Y	[41.18871429 39.77385714 41.32685714]
-0.08	 -0.42	0.03	-0.01	134_Y	[41.93333333 38.57125    42.35933333]
-0.02	 0.26	0.05	-0.0	134_Y	[42.58794118 39.10644118 44.77002941]
-0.1	 -0.16	-0.02	-0.03	134_Y	[34.80804762 36.46838095 39.325     ]
0.06	 0.4	0.01	-0.13	134_Y	[38.72909524 35.02371429 40.39471429]
-0.2	 -0.73	0.16	0.23	134_Y	[38.01064706 37.03305882 39.25805882]
-0.1	 -0.34	0.04	0.16	134_Y	[38.57721429 39.68985714 40.23364286]
0.03	 0.32	-0.1	-0.08	134_Y	[42.2744 36.657  44.4923]
-0.04	 0.08	-0.01	-0.01	134_Y	[39.81758621 41.35024138 42.11551724]
-0.05	 -0.1	-0.11	0.14	134_Y	[42.33186957 41.03513043 43.62152174]
0.02	 0.24	-0.04	-0.07	135_H	[33.44586667 41.21906667 42.2324    ]
0.01	 0.18	0.12	-0.18	135_H	[36.73129412 40.992      41.26723529]
0.01	 0.18	0.01	-0.0	135_H	[34.11628571 42.23764286 42.7585    ]
0.04	 0.12	-0.09	-0.07	135_H	[33.6778     40.46053333 41.3162    ]
0.09	 1.52	-0.01	-0.29	136_G	[38.4725     42.43133333 42.75766667]
0.13	 1.55	0.23	-0.49	136_G	[39.07625    42.95116667 43.26975   ]
-0.13	 -0.49	0.02	0.15	136_G	[37.96794118 44.82479412 42.66329412]
-0.02	 0.29	0.0	-0.06	136_G	[36.78204348 42.7766087  42.3993913 ]
0.01	 0.36	-0.05	-0.02	137_A	[35.22046154 47.50142308 44.55561538]
-0.01	 -0.13	-0.09	0.02	137_A	[38.61566667 47.33366667 43.89183333]
-0.1	 -0.31	0.12	0.07	137_A	[36.04370588 48.80094118 44.98023529]
-0.1	 -0.3	-0.04	0.07	137_A	[35.54394444 46.35288889 43.57861111]
0.12	 1.16	0.03	-0.26	138_A	[38.121   51.86775 48.81225]
-0.13	 -0.67	0.02	0.17	138_A	[36.14504 51.24372 47.42796]
-0.04	 -0.16	-0.08	0.03	138_A	[40.15889655 51.38168966 47.25627586]
0.04	 0.47	0.03	-0.11	138_A	[38.45292308 49.26188462 45.40380769]
0.08	 0.2	0.06	-0.56	138_A	[39.955125 52.103125 48.592   ]
0.0	 0.62	-0.12	0.01	138_A	[41.30614286 49.61880952 46.45109524]
-0.25	 -0.76	0.05	0.3	138_A	[39.07052632 51.36952632 46.33142105]
0.13	 1.6	0.25	-0.52	139_F	[37.62311111 52.12777778 49.89977778]
0.15	 1.42	0.11	-0.37	139_F	[37.70477778 52.86233333 50.788     ]
0.09	 0.99	0.08	-0.38	139_F	[32.97029412 50.15158824 49.31388235]
0.03	 0.24	-0.1	-0.08	139_F	[33.11214815 49.397      47.48192593]
0.07	 1.23	-0.15	-0.02	139_F	[33.57266667 47.8275     46.1745    ]
-0.01	 0.26	-0.07	0.02	139_F	[36.08144444 52.28661111 49.55894444]
0.1	 0.36	-0.02	-0.18	139_F	[33.59728571 50.25232143 51.96417857]
-0.28	 -0.32	-0.03	0.38	139_F	[33.19288462 50.942      49.23753846]
-0.11	 -0.23	0.05	0.21	139_F	[31.86403333 48.8682     47.36973333]
0.16	 1.6	0.13	-0.37	139_F	[33.04942857 47.10828571 46.00007143]
0.11	 0.54	0.11	-0.38	140_Q	[37.55142857 53.92871429 54.96928571]
0.15	 1.42	-0.08	-0.24	140_Q	[35.3734 54.0558 55.6708]
-0.12	 -0.41	-0.11	0.18	140_Q	[33.8206     52.61291429 54.80471429]
0.1	 2.02	-0.06	-0.19	140_Q	[35.75863636 54.90381818 54.36854545]
0.09	 1.48	0.1	-0.36	140_Q	[36.3355 55.4739 52.1906]
-0.1	 -0.38	-0.1	0.12	140_Q	[36.28678261 57.27678261 52.72086957]
-0.25	 -0.8	0.14	0.34	140_Q	[34.70602632 57.09910526 52.14507895]
-0.14	 -0.62	0.06	0.13	140_Q	[37.99518182 58.04309091 52.02154545]
0.02	 -0.12	-0.1	0.03	140_Q	[34.76364706 52.648      51.23488235]
-0.12	 -0.68	-0.12	0.13	140_Q	[34.4332     54.50613333 52.638     ]
-0.09	 -0.34	0.22	0.04	140_Q	[36.10014286 55.00325    55.11557143]
0.03	 0.35	0.02	-0.11	140_Q	[38.1455  55.8145  54.17345]
0.01	 0.62	-0.05	-0.06	140_Q	[37.50915385 54.81515385 51.04742308]
-0.17	 -0.57	-0.05	0.18	140_Q	[38.99222727 57.72013636 52.73204545]
-0.32	 -0.96	0.25	0.52	140_Q	[36.83456 59.36136 52.0218 ]
0.11	 1.02	0.03	-0.31	141_L	[35.41126316 53.45273684 57.16      ]
0.02	 -0.11	-0.17	-0.05	141_L	[37.06085714 53.74942857 57.381     ]
0.16	 0.94	0.42	-0.65	141_L	[33.494    49.65     53.830125]
0.2	 1.88	0.15	-0.41	141_L	[33.73488889 51.52788889 56.66611111]
0.09	 0.65	-0.02	-0.27	141_L	[33.42814286 50.45814286 54.63161905]
-0.07	 -0.45	-0.11	0.07	142_T	[34.1047 54.5653 59.5825]
-0.0	 -0.06	-0.04	-0.06	142_T	[33.11293617 53.07231915 62.6766383 ]
0.17	 1.31	0.42	-0.65	142_T	[36.13822222 53.97377778 59.54755556]
0.04	 0.55	-0.17	-0.08	142_T	[32.76945714 53.15834286 58.26808571]
-0.19	 0.14	-0.59	0.22	142_T	[31.73958333 53.62369444 62.35961111]
-0.06	 0.06	-0.03	-0.02	142_T	[35.23685 54.2852  62.56915]
-0.0	 0.33	0.03	-0.05	143_Q	[33.86537931 50.36306897 64.19941379]
0.07	 1.1	-0.06	-0.2	143_Q	[36.85       49.37663636 66.06509091]
-0.01	 1.17	0.03	-0.1	143_Q	[38.631      51.52689474 66.88136842]
-0.18	 -0.58	0.1	0.14	143_Q	[39.16245652 52.77236957 65.93880435]
-0.1	 -0.28	-0.1	0.13	143_Q	[39.25886957 50.03882609 68.0486087 ]
0.03	 0.4	0.02	-0.11	143_Q	[36.48877273 52.46186364 64.69559091]
-0.16	 -0.2	-0.12	0.09	143_Q	[36.21615789 49.57515789 66.29478947]
0.11	 0.99	0.08	-0.28	143_Q	[37.97805882 48.15770588 65.53670588]
-0.21	 -0.54	0.06	0.34	143_Q	[38.661125   48.83645833 67.641     ]
-0.26	 -1.02	0.18	0.48	143_Q	[40.00239286 51.05739286 68.42064286]
-0.08	 -0.32	-0.18	0.07	144_G	[34.21175    47.56258333 65.67875   ]
0.02	 0.91	-0.01	-0.21	144_G	[32.37163158 48.18368421 63.24105263]
-0.03	 -0.21	0.02	0.01	144_G	[32.09852 45.67288 63.89812]
0.18	 1.37	0.01	-0.32	144_G	[36.81628571 47.48542857 64.93728571]
-0.02	 -0.5	-0.01	-0.05	144_G	[35.29406667 46.71146667 65.5408    ]
-0.2	 -0.97	0.09	0.33	144_G	[33.51829412 48.43623529 65.44623529]
0.23	 1.28	0.2	-0.45	145_D	[31.88461905 50.13095238 61.86761905]
0.19	 1.2	0.1	-0.34	145_D	[32.29315 50.65745 57.9298 ]
0.16	 1.49	0.04	-0.31	145_D	[30.98871429 47.19242857 62.02928571]
0.14	 0.86	-0.09	-0.21	146_Q	[31.74377778 43.55811111 63.80455556]
-0.09	 -0.35	-0.0	0.13	146_Q	[30.63666667 42.55233333 64.25313333]
-0.01	 0.36	0.01	-0.14	146_Q	[30.94519565 40.34193478 63.86615217]
0.1	 0.51	-0.02	-0.2	146_Q	[28.84438462 41.90807692 62.281     ]
0.11	 0.35	0.01	-0.19	146_Q	[30.3926875 44.45625   62.8736875]
-0.19	 -0.25	-0.06	0.27	146_Q	[28.02745714 41.34611429 62.61817143]
0.09	 0.79	-0.01	-0.22	148_S	[29.37766667 37.57583333 57.94083333]
0.21	 1.42	0.25	-0.49	148_S	[28.44775   38.0791875 55.21275  ]
-0.08	 0.38	0.14	0.27	148_S	[29.89926923 36.59326923 56.90261538]
0.01	 0.05	0.02	-0.13	148_S	[27.94166667 38.67483333 57.31783333]
-0.04	 -0.04	-0.01	0.02	149_T	[28.59855556 35.03893333 53.76771111]
0.18	 0.71	0.04	-0.21	149_T	[31.40635294 33.35547059 53.20976471]
0.16	 0.85	0.07	-0.3	149_T	[30.98725 35.38455 55.13935]
0.07	 0.52	-0.18	-0.13	150_H	[23.6105     36.40516667 51.27016667]
0.03	 1.02	0.06	-0.26	150_H	[24.06544444 33.97572222 51.73194444]
0.0	 -0.36	-0.04	-0.04	150_H	[23.44975 36.414   49.2885 ]
-0.1	 -0.32	-0.03	0.09	150_H	[22.41254545 33.57475758 50.86606061]
-0.11	 1.2	0.05	0.12	150_H	[22.108      35.39157143 49.43957143]
0.07	 0.38	0.02	-0.16	150_H	[27.09019048 33.75490476 52.43319048]
0.03	 0.47	-0.04	-0.15	150_H	[25.55978261 36.28021739 53.01586957]
-0.34	 -0.7	0.12	0.42	150_H	[24.26133333 33.83055556 52.821     ]
0.09	 0.74	-0.01	-0.17	150_H	[24.78383871 36.2263871  47.62064516]
-0.35	 -1.1	0.22	0.56	150_H	[21.77905263 32.83205263 51.00657895]
-0.05	 -0.01	-0.04	0.09	150_H	[21.841      34.50933333 48.154     ]
0.02	 0.45	-0.04	-0.15	151_T	[24.77144118 30.47994118 49.88473529]
0.07	 0.73	-0.08	-0.16	151_T	[26.3967 32.0254 51.3366]
0.2	 1.73	0.18	-0.42	151_T	[29.04617647 32.21452941 51.22894118]
0.07	 1.63	-0.04	-0.21	152_D	[23.30166667 29.54383333 46.30033333]
0.15	 0.98	-0.05	-0.27	152_D	[23.58825  29.312625 45.126625]
0.06	 0.75	0.27	-0.46	152_D	[22.3226 30.6608 46.3728]
0.02	 0.26	-0.05	-0.23	152_D	[21.39015 32.6938  45.7574 ]
-0.16	 -0.41	-0.03	0.25	152_D	[21.520325 31.97805  47.5911  ]
0.01	 -0.15	-0.06	-0.03	152_D	[22.95279167 35.02266667 46.20675   ]
-0.02	 -0.07	0.04	-0.11	152_D	[23.04823529 30.04494118 47.28364706]
-0.02	 -0.18	0.03	0.04	152_D	[22.31433333 30.569      44.91113333]
0.04	 -0.16	0.07	-0.16	153_G	[23.871  28.5073 45.2667]
-0.04	 -0.25	-0.09	0.06	153_G	[24.14904348 27.82826087 47.29734783]
-0.02	 0.16	-0.06	-0.06	153_G	[24.55426923 26.63757692 44.42580769]
0.06	 0.6	-0.12	-0.16	154_I	[29.88651613 23.42583871 48.89419355]
0.18	 1.4	0.15	-0.4	154_I	[29.52775 24.3479  51.0871 ]
-0.03	 -0.19	-0.04	0.01	154_I	[26.86104167 28.62816667 52.67254167]
0.15	 1.39	0.1	-0.34	154_I	[25.33216667 27.8085     48.74466667]
0.08	 0.62	0.03	-0.23	154_I	[25.82483871 25.69651613 50.52303226]
0.14	 0.89	0.99	-0.98	154_I	[30.15183333 25.0755     50.56833333]
-0.02	 0.38	-0.01	-0.09	154_I	[27.48314286 30.2967619  51.89252381]
-0.18	 -0.43	0.11	0.16	154_I	[25.57656522 28.25426087 51.35886957]
0.07	 0.39	-0.12	-0.17	154_I	[27.59109091 27.77827273 53.55145455]
0.1	 1.7	0.17	-0.39	155_P	[29.84744444 22.04066667 46.99344444]
-0.16	 -0.35	-0.11	0.25	155_P	[28.45817778 20.58675556 46.01506667]
-0.04	 0.1	0.0	-0.01	155_P	[25.4330625 21.032     46.0826875]
-0.16	 -0.59	-0.04	0.13	155_P	[23.748      22.59984615 48.83692308]
-0.02	 -0.72	-0.12	-0.07	155_P	[24.26544444 25.43777778 47.75322222]
0.13	 0.74	-0.02	-0.27	155_P	[28.26532143 21.3535     48.99382143]
-0.12	 -0.08	-0.39	0.12	155_P	[24.89495455 21.76086364 45.4575    ]
-0.32	 -0.58	0.03	0.37	155_P	[25.7697  20.3683  47.91635]
-0.24	 -0.51	0.24	0.36	155_P	[23.46591304 22.94543478 47.48747826]
-0.05	 0.1	0.06	-0.03	155_P	[25.12832353 22.57061765 50.08211765]
0.08	 0.57	-0.01	-0.15	155_P	[24.536375  24.74175   46.2921875]
-0.1	 -0.62	-0.08	0.07	155_P	[24.68223077 25.75746154 48.71507692]
0.19	 1.84	0.15	-0.42	156_H	[31.56533333 22.10411111 43.67588889]
0.07	 1.01	-0.16	-0.14	156_H	[27.60114286 20.63014286 43.59285714]
0.08	 0.8	0.0	-0.25	156_H	[24.5199 23.5113 43.9573]
0.02	 0.47	0.01	-0.16	156_H	[25.42103774 20.86407547 41.71028302]
0.07	 1.17	-0.17	-0.09	156_H	[24.6168 21.3748 43.8986]
0.06	 0.32	-0.05	-0.14	156_H	[29.98130435 21.34256522 44.08321739]
0.02	 0.23	-0.07	-0.01	156_H	[28.36246154 20.47553846 42.55684615]
0.03	 0.66	-0.03	-0.19	156_H	[24.93192857 24.80260714 43.29842857]
-0.14	 -0.36	-0.33	0.5	156_H	[25.66226667 20.02596667 40.90853333]
-0.26	 -0.3	-0.06	0.25	156_H	[23.50782609 22.26947826 42.61882609]
-0.08	 0.32	0.03	0.03	157_L	[32.57814894 22.00442553 45.84704255]
0.12	 1.88	0.13	-0.4	157_L	[30.74688889 22.98222222 46.94444444]
0.18	 0.96	0.11	-0.36	157_L	[32.1322  23.67915 48.25715]
0.19	 1.12	0.26	-0.56	157_L	[30.9809375 25.04575   50.2750625]
-0.08	 -0.62	-0.09	0.05	158_V	[38.32312121 21.83678788 43.58887879]
0.04	 0.91	0.01	-0.19	158_V	[35.5814 21.575  41.2973]
-0.02	 0.09	-0.06	0.06	158_V	[35.37378571 21.41757143 45.26164286]
-0.16	 -0.75	-0.12	0.22	158_V	[38.20821739 22.7546087  41.59026087]
0.06	 0.97	0.0	-0.31	158_V	[39.3116  22.70696 44.54724]
-0.15	 -0.49	0.12	0.28	158_V	[37.13044444 20.98948148 43.55025926]
0.11	 0.67	0.18	-0.38	158_V	[36.15438462 22.17592308 40.82823077]
-0.02	 0.06	-0.21	-0.05	158_V	[34.8660625 21.1659375 42.7664375]
0.11	 1.17	0.06	-0.31	159_L	[37.16313333 21.93006667 46.3212    ]
-0.08	 -0.05	-0.06	0.09	159_L	[38.86986111 21.35427778 48.294     ]
0.09	 1.62	0.05	-0.3	159_L	[32.9366     22.623      49.78753333]
0.04	 0.31	0.02	-0.08	159_L	[35.52135714 21.76028571 47.48928571]
0.04	 0.24	-0.06	-0.09	159_L	[36.3864  21.2579  49.86365]
0.05	 0.65	0.2	-0.11	159_L	[32.25890625 23.628875   50.98965625]
-0.15	 0.1	-0.18	0.04	159_L	[33.92374074 21.52874074 50.38162963]
-0.03	 -0.09	0.01	-0.0	160_S	[41.6937  22.55975 46.11195]
0.07	 0.58	0.04	-0.19	160_S	[41.72047059 24.00670588 44.72364706]
0.1	 0.57	0.04	-0.18	160_S	[41.214375  22.3575625 49.3946875]
-0.08	 -0.13	0.07	0.05	160_S	[43.11707407 23.031      47.03333333]
-0.01	 -0.0	-0.27	0.28	160_S	[40.25133333 22.22233333 45.72052381]
0.17	 0.94	0.07	-0.29	161_P	[45.332      27.63208333 48.07225   ]
0.07	 0.73	-0.03	-0.19	161_P	[44.40032 29.8048  48.64848]
-0.07	 -0.04	-0.07	0.02	161_P	[46.29975   24.81425   49.5436875]
-0.02	 0.71	0.1	-0.21	161_P	[43.26546667 22.90006667 50.04386667]
0.04	 0.26	0.0	-0.15	161_P	[45.78316667 27.78845833 50.32904167]
-1.55	 -0.22	0.08	0.14	161_P	[45.4221     25.07403333 47.8438    ]
-0.2	 -0.27	-0.12	0.14	161_P	[45.75490909 23.84472727 50.37209091]
-0.17	 -0.76	0.03	0.29	161_P	[43.744      22.83983333 48.74233333]
-0.02	 0.25	-0.03	-0.13	161_P	[43.46725    23.77875    51.37545833]
0.08	 1.26	0.19	-0.46	162_S	[43.0013 27.8622 43.4072]
-0.07	 -0.08	-0.13	0.01	162_S	[43.30791667 29.62579167 43.654875  ]
0.01	 0.56	0.31	-0.48	162_S	[45.31703704 27.46377778 44.67737037]
-0.03	 0.0	-0.19	-0.01	162_S	[44.31572727 25.3019697  44.83369697]
-0.01	 -0.13	-0.02	-0.01	162_S	[44.77235 29.57145 46.2958 ]
-0.19	 -0.64	0.05	0.3	162_S	[44.91734783 27.82117391 43.41395652]
-0.3	 -0.8	-0.05	0.51	162_S	[46.4105  27.31915 45.9233 ]
-0.37	 -1.0	0.36	0.58	162_S	[45.65004545 25.42859091 43.83595455]
-0.04	 -0.29	-0.03	-0.01	163_T	[41.67671875 26.00396875 42.62153125]
-0.0	 0.05	-0.03	-0.07	163_T	[39.98088462 24.51588462 42.59773077]
-0.04	 -0.52	0.12	0.0	163_T	[40.9984  27.29052 41.91076]
-0.07	 0.33	-0.22	0.09	163_T	[42.27377778 25.30933333 43.42466667]
0.15	 0.51	0.05	-0.31	165_F	[43.4089375 31.8416875 47.2223125]
0.05	 0.43	-0.06	-0.09	165_F	[42.9575     35.71085714 46.40435714]
-0.01	 -0.06	-0.11	-0.01	165_F	[43.43257895 32.31526316 45.60178947]
-0.09	 0.87	0.04	0.03	165_F	[43.33163158 34.33657895 45.67084211]
0.09	 0.92	0.05	-0.31	165_F	[42.35191667 36.82308333 45.93108333]
0.04	 0.29	-0.02	-0.1	165_F	[42.46566667 32.04775    43.82683333]
-0.06	 0.27	-0.08	0.12	165_F	[42.1622  34.32824 43.55172]
0.04	 -0.08	0.01	-0.18	169_F	[47.01116667 43.08433333 52.63075   ]
-0.03	 0.28	0.05	-0.12	169_F	[47.1178 43.8845 50.8938]
-0.07	 -0.56	0.02	0.02	169_F	[47.42613333 45.80253333 51.13033333]
-0.08	 -0.45	-0.05	0.11	169_F	[46.3204     42.39193333 50.61286667]
-0.05	 -0.07	0.09	-0.04	169_F	[47.06792857 45.90882143 49.29464286]
-0.11	 -0.41	0.1	0.02	169_F	[46.2374  42.65445 48.8681 ]
-0.07	 0.15	0.15	-0.14	169_F	[46.16156 45.35328 47.9488 ]
-0.04	 0.25	-0.1	-0.08	169_F	[47.25738095 44.66238095 53.7282381 ]
0.05	 0.72	-0.07	-0.14	169_F	[45.76635714 41.92114286 52.95657143]
0.04	 0.49	-0.08	-0.17	169_F	[47.25835714 46.74357143 52.00385714]
0.11	 0.34	-0.05	-0.17	169_F	[44.98333333 41.52625    51.46725   ]
-0.15	 -0.24	-0.04	0.2	169_F	[46.8424375 47.1824375 48.7966875]
-0.04	 0.49	-0.03	-0.01	169_F	[44.63080952 42.49395238 47.53928571]
-0.12	 -0.4	-0.06	0.32	169_F	[45.37187097 45.22219355 46.92983871]
0.14	 1.3	0.42	-0.64	170_A	[47.07138462 49.45838462 54.88607692]
-0.0	 0.55	0.12	0.02	170_A	[47.44773333 47.77336667 54.1572    ]
0.18	 0.31	-0.49	0.09	170_A	[45.5337027  49.32508108 57.10627027]
0.18	 0.89	0.01	-0.32	170_A	[46.447125 45.951875 54.96875 ]
-0.03	 0.4	0.01	-0.1	170_A	[44.70927027 50.42191892 56.12694595]
-0.04	 -0.22	-0.15	0.02	171_L	[47.29961765 51.803      53.30038235]
-0.28	 -0.97	0.16	0.41	171_L	[48.78445  51.373925 52.543225]
0.01	 0.19	-0.06	-0.04	171_L	[45.36655556 52.882      50.454     ]
-0.11	 0.1	-0.09	0.12	171_L	[43.45443478 51.59430435 48.118     ]
0.07	 0.91	0.05	-0.29	171_L	[45.64414286 48.75852381 48.84147619]
-0.18	 -0.51	0.04	0.23	171_L	[46.20883333 52.71227778 54.11772222]
0.04	 0.01	0.03	-0.19	171_L	[47.22286667 49.04303333 51.03163333]
0.01	 0.07	-0.15	-0.01	171_L	[44.41014286 53.23342857 51.42557143]
-0.13	 -0.74	-0.05	0.17	171_L	[46.3772381  52.04757143 49.86090476]
0.05	 0.69	-0.08	-0.17	171_L	[42.95677778 49.658      47.7755    ]
0.07	 0.49	-0.02	-0.18	171_L	[43.28652381 53.17409524 49.96290476]
-0.23	 -1.1	0.19	0.46	171_L	[44.8035     51.59311111 47.95472222]
0.1	 1.12	-0.02	-0.24	171_L	[44.30005263 48.16663158 48.24605263]
-0.2	 -0.73	0.03	0.28	171_L	[46.29063158 49.27131579 48.57905263]
