-0.28	 -1.16	0.16	0.4	15_C	[74.26314634 25.87790244 53.15287805]
0.07	 1.39	0.07	-0.3	15_C	[75.82377778 24.87355556 53.74744444]
-0.04	 -0.5	-0.08	0.08	15_C	[75.79763636 22.72327273 54.17445455]
-0.08	 -0.11	-0.06	0.05	15_C	[73.48677143 22.80642857 53.29197143]
0.02	 0.33	0.04	-0.18	15_C	[76.09809091 25.83145455 57.02154545]
0.06	 0.53	-0.11	-0.15	15_C	[72.29321875 25.98484375 55.5605625 ]
-0.29	 -0.88	0.19	0.38	15_C	[76.77655556 24.66683333 54.6975    ]
0.01	 0.29	0.02	-0.11	15_C	[75.6605     25.2605     57.95842857]
-0.18	 -0.57	0.09	0.23	15_C	[75.4896  27.0124  55.81095]
0.13	 1.68	0.0	-0.28	16_P	[76.15683333 22.08166667 55.58233333]
0.17	 1.22	0.43	-0.65	16_P	[71.84854545 22.21381818 54.44981818]
0.14	 1.3	0.13	-0.39	16_P	[73.71165217 19.59273913 57.70569565]
-0.18	 -0.71	-0.04	0.12	16_P	[76.53476923 21.08061538 58.52453846]
0.07	 0.79	-0.05	-0.17	16_P	[75.87482353 23.29988235 57.619     ]
-0.09	 -0.79	-0.07	0.14	16_P	[75.17778947 20.31642105 54.66310526]
-0.23	 -0.4	-0.21	0.31	16_P	[74.2029 18.9966 57.0298]
-0.07	 0.24	0.01	0.08	16_P	[75.30130303 21.17287879 59.56636364]
-0.22	 -0.86	0.14	0.38	16_P	[76.84427273 20.735      56.98081818]
-0.25	 -0.55	-0.07	0.26	16_P	[76.8726875 23.562625  56.978    ]
0.13	 1.38	0.07	-0.34	17_Q	[73.30025 18.8615  55.08375]
0.07	 0.72	0.08	-0.27	17_Q	[69.19453846 18.55892308 54.11469231]
-0.1	 -0.37	0.0	0.13	17_Q	[71.4463617  17.61840426 55.66068085]
-0.06	 0.51	-0.11	0.05	17_Q	[71.585      17.39088889 52.37977778]
-0.06	 0.79	-0.01	0.02	17_Q	[72.30911765 20.11982353 50.07470588]
0.01	 0.36	-0.08	-0.01	17_Q	[69.63873684 20.56052632 51.05452632]
-0.09	 -0.42	-0.07	0.1	17_Q	[69.38357143 22.11953571 51.96560714]
-0.11	 -0.28	-0.03	0.15	17_Q	[69.22782143 19.93682143 49.62732143]
-0.04	 -0.23	0.02	-0.01	17_Q	[73.82590909 19.62977273 53.50968182]
0.18	 1.63	0.2	-0.46	17_Q	[71.02066667 21.83426667 53.6976    ]
-0.17	 -0.46	0.01	0.22	17_Q	[72.8952381  17.96709524 52.63714286]
-0.14	 -0.78	0.02	0.21	17_Q	[70.13521739 17.95456522 52.18343478]
-0.15	 -0.25	0.01	0.14	17_Q	[72.6527 21.2964 51.3681]
-0.26	 -0.73	0.26	0.3	17_Q	[72.09613333 18.79913333 50.01866667]
-0.25	 -0.99	0.16	0.43	17_Q	[70.25876 19.05084 48.91232]
-0.25	 -0.4	-0.08	0.45	17_Q	[68.05529032 20.556      49.95358065]
0.06	 1.21	-0.15	-0.1	18_G	[68.58033333 18.92766667 54.35533333]
0.17	 0.26	-0.12	-0.27	18_G	[68.26666667 17.53677778 56.41011111]
0.1	 1.3	0.12	-0.37	18_G	[69.907625 18.905    59.035125]
0.06	 0.32	-0.03	-0.16	18_G	[67.66529032 18.64203226 59.09977419]
0.12	 0.99	0.04	-0.29	18_G	[67.53054545 18.40136364 54.98863636]
-0.1	 -0.39	-0.36	0.95	18_G	[69.66522222 17.72362963 57.43125926]
0.08	 0.39	-0.03	-0.17	19_K	[69.96862963 23.13955556 54.94055556]
0.17	 1.17	-0.01	-0.23	19_K	[73.8712 22.55   60.5894]
-0.04	 0.08	-0.06	-0.05	19_K	[73.35163636 20.709      62.30918182]
0.05	 -1.02	0.12	-0.35	19_K	[73.11458333 18.925      61.38216667]
0.16	 1.15	0.17	-0.47	19_K	[71.1566875  19.39484375 58.7994375 ]
0.08	 0.6	-0.12	-0.19	19_K	[73.3167 23.0172 61.5629]
-0.2	 -0.69	0.09	0.21	19_K	[74.058      21.07606897 62.26617241]
-0.0	 0.1	0.04	0.01	19_K	[71.50061905 20.97709524 63.28733333]
-0.4	 -0.94	0.31	0.61	19_K	[73.49475 18.2829  62.1558 ]
-0.04	 -0.06	-0.01	-0.07	19_K	[70.80397059 18.70794118 61.86994118]
-0.1	 0.21	-0.27	0.17	19_K	[72.871      18.97848276 59.71003448]
0.11	 0.68	-0.0	-0.22	20_Y	[66.82491667 25.27025    55.18133333]
0.12	 1.78	0.2	-0.47	20_Y	[64.859875 29.023375 58.22975 ]
0.09	 0.99	0.07	-0.38	20_Y	[63.84052174 28.85856522 59.28004348]
0.05	 -0.01	0.07	-0.1	20_Y	[69.09222727 25.29831818 55.433     ]
0.01	 0.07	-0.08	-0.09	20_Y	[66.69821053 27.13547368 55.38578947]
0.08	 0.66	-0.03	-0.23	20_Y	[65.52494737 28.97615789 57.428     ]
0.19	 0.25	-0.1	-0.24	20_Y	[64.12032 29.3596  59.23364]
0.08	 0.52	-0.01	-0.22	21_I	[66.60152381 30.76814286 57.76428571]
-0.15	 -0.9	-0.01	0.22	21_I	[68.52740909 31.38845455 55.39790909]
0.02	 0.49	-0.04	-0.2	21_I	[72.02717647 32.82844118 56.44255882]
0.06	 -0.05	-0.04	-0.1	21_I	[69.3914 27.4444 55.6708]
0.01	 0.08	-0.0	-0.16	21_I	[71.35696 28.8962  55.82236]
0.17	 1.28	0.21	-0.44	21_I	[73.20918182 30.15672727 57.75627273]
-0.16	 -0.68	0.21	0.21	21_I	[70.01141176 31.56717647 54.71011765]
-0.07	 -0.23	0.06	0.16	21_I	[67.88955556 29.53814815 55.47562963]
-0.0	 0.31	-0.2	0.02	21_I	[68.21979167 32.35745833 57.13154167]
-0.15	 -0.62	-0.04	0.18	21_I	[73.05210345 31.07448276 55.81093103]
-0.14	 -0.04	-0.09	0.21	21_I	[70.77711538 33.13011538 56.12019231]
0.14	 0.85	0.05	-0.26	22_H	[69.46942308 33.63546154 58.87896154]
0.22	 1.51	0.15	-0.4	22_H	[69.07294444 31.79577778 65.56255556]
0.05	 0.46	-0.1	-0.05	22_H	[66.86553571 33.55710714 65.26321429]
-0.0	 1.55	-0.07	-0.02	22_H	[67.70614286 32.288      66.33357143]
0.03	 0.16	-0.14	-0.1	22_H	[65.372      33.989      65.64122222]
-0.04	 -0.07	-0.05	0.02	22_H	[65.9785     31.50309091 66.77668182]
0.07	 0.89	0.11	-0.34	23_P	[66.10283333 35.5785     58.571     ]
0.13	 0.66	-0.15	-0.09	23_P	[66.1006 36.5333 59.6227]
-0.17	 -0.74	-0.01	0.26	23_P	[68.32652632 36.24313158 58.98557895]
0.08	 0.61	-0.07	-0.08	23_P	[63.81242857 34.509      59.34228571]
-0.02	 -0.07	-0.06	-0.04	23_P	[63.35958824 32.00458824 59.51835294]
-0.09	 0.08	0.0	0.03	23_P	[66.55321739 33.67973913 58.04      ]
-0.2	 -0.4	0.07	0.25	23_P	[64.15584615 35.40373077 59.18396154]
-0.03	 0.69	-0.14	-0.15	23_P	[62.36991176 32.72388235 60.80361765]
0.12	 -0.28	0.69	2.15	23_P	[64.32112195 31.5645122  58.73790244]
0.06	 1.05	0.04	-0.27	24_Q	[68.437      38.38266667 62.09766667]
-0.05	 0.18	0.01	-0.1	24_Q	[69.78035714 37.4815     61.48635714]
-0.2	 -0.81	-0.03	0.26	24_Q	[69.97311111 37.93822222 63.8347037 ]
0.0	 1.65	-0.06	-0.07	24_Q	[67.46427273 38.02372727 64.19772727]
-0.08	 -0.01	-0.02	0.04	24_Q	[64.9904     38.66053333 62.60146667]
-0.19	 -0.85	-0.04	0.23	24_Q	[63.3285 36.9168 63.6682]
-0.11	 -0.47	0.0	0.13	24_Q	[63.24575862 35.66993103 61.94293103]
-0.11	 -0.86	0.01	0.12	24_Q	[64.10321429 36.22735714 65.355     ]
-0.09	 -0.04	-0.0	0.07	24_Q	[67.56119231 38.05453846 60.91553846]
0.14	 0.57	0.0	-0.15	24_Q	[67.83652941 36.07764706 64.71823529]
-0.16	 -0.69	0.18	0.2	24_Q	[67.80565 38.80045 63.57065]
-0.28	 -0.94	0.21	0.45	24_Q	[65.26252632 38.97536842 64.10178947]
-0.09	 -0.36	0.08	0.22	24_Q	[65.13781818 37.94527273 61.35936364]
-0.17	 -0.64	0.05	0.3	24_Q	[65.53933333 36.24047619 65.75747619]
-0.13	 -0.28	-0.01	0.22	24_Q	[63.59982609 34.42695652 64.70482609]
0.12	 1.46	0.1	-0.39	25_N	[70.2715   36.36075  60.580125]
0.02	 1.54	-0.16	-0.09	25_N	[69.924625 34.427    64.77425 ]
-0.07	 -0.38	-0.02	0.01	25_N	[72.94676923 36.48630769 64.41792308]
-0.23	 -0.64	0.06	0.28	25_N	[74.50970833 35.90416667 62.94766667]
-0.09	 0.47	0.04	0.06	25_N	[73.20886667 35.114      66.38226667]
-0.02	 0.26	-0.1	0.06	25_N	[72.08153333 36.9378     61.97693333]
-0.03	 0.16	-0.07	0.01	25_N	[70.14480952 35.897      64.75933333]
0.1	 1.46	0.03	-0.28	25_N	[70.2078     33.57366667 64.82473333]
-0.13	 -0.18	0.05	0.15	25_N	[74.6968125  34.28221875 65.4325625 ]
-0.08	 -0.22	-0.02	0.12	25_N	[72.15052381 34.25314286 66.47980952]
0.13	 1.36	0.0	-0.28	26_N	[71.044      35.05636364 59.54136364]
0.1	 1.53	0.07	-0.34	26_N	[71.53763636 34.129      58.78309091]
0.11	 0.88	0.02	-0.28	26_N	[75.1903     33.848      62.22736667]
-0.05	 0.65	-0.03	0.01	26_N	[73.985      36.29918182 58.22918182]
-0.05	 0.02	0.06	-0.02	26_N	[75.5138125 34.278625  57.107375 ]
-0.19	 -0.76	0.02	0.24	26_N	[74.97325    33.34228125 56.03496875]
-0.1	 -0.18	0.05	0.03	26_N	[77.032      34.65553846 58.27261538]
-0.15	 -0.19	-0.05	0.12	26_N	[72.25035 36.2627  60.1714 ]
0.18	 1.03	0.32	-0.49	26_N	[71.424625 33.611875 58.502375]
-0.14	 -0.2	-0.03	0.2	26_N	[72.79324138 35.42617241 57.54917241]
-0.14	 -0.72	0.02	0.26	26_N	[74.6752381  36.13233333 59.51590476]
-0.19	 -0.37	0.07	0.19	26_N	[77.12213333 32.79133333 57.71553333]
-0.16	 -0.79	-0.04	0.16	26_N	[76.67021429 34.81035714 59.53992857]
0.05	 1.16	0.45	-0.82	27_S	[76.6462 29.5402 60.6396]
0.15	 1.51	0.15	-0.43	27_S	[75.172      28.50714286 60.47857143]
-0.14	 -0.21	-0.03	0.12	27_S	[75.89138889 28.67116667 62.58244444]
0.04	 0.5	-0.03	-0.12	27_S	[76.70991667 31.46983333 62.17304167]
-0.23	 -0.66	0.01	0.25	27_S	[77.95847368 30.82552632 59.45378947]
0.11	 0.97	0.01	-0.26	27_S	[74.50652174 30.961      58.11704348]
-0.11	 -0.26	-0.13	0.13	27_S	[75.76925    29.52116667 59.35129167]
-0.01	 -0.37	-0.02	0.06	27_S	[76.8559375 33.3959375 61.5503125]
-0.21	 -0.62	-0.13	0.32	27_S	[77.18036842 30.83531579 62.61221053]
-0.26	 -0.64	0.18	0.42	27_S	[78.87357143 32.33653571 60.24707143]
0.1	 0.47	0.13	-0.38	28_I	[72.7366 27.1458 63.8474]
0.14	 1.48	0.04	-0.31	28_I	[74.74645455 32.19745455 64.29309091]
0.01	 -0.32	-0.1	-0.01	28_I	[73.15513043 31.50434783 67.328     ]
0.06	 0.62	-0.2	-0.33	28_I	[74.019      27.67718519 63.97951852]
0.05	 0.34	-0.03	-0.1	28_I	[75.24257895 30.71342105 64.66794737]
-0.16	 -1.27	0.07	0.26	28_I	[74.40884615 32.42769231 66.63184615]
0.05	 0.33	-0.15	-0.11	28_I	[70.87868 31.95472 66.3878 ]
0.13	 0.7	-0.01	-0.21	29_C	[72.82606667 26.5154     62.94353333]
0.02	 0.95	-0.08	-0.24	29_C	[71.6165     25.40878571 63.35571429]
-0.03	 0.18	0.05	-0.11	29_C	[72.23873077 24.08088462 62.62480769]
0.04	 0.76	-0.12	-0.13	29_C	[74.17286842 27.83831579 58.215     ]
-0.01	 -0.41	-0.03	-0.05	29_C	[74.14446667 26.62066667 61.47793333]
0.01	 -0.24	-0.0	-0.0	29_C	[74.1937037  24.68492593 60.33111111]
0.14	 0.84	0.04	-0.26	30_C	[70.05396296 24.15585185 64.019     ]
0.06	 0.31	-0.12	0.04	31_T	[66.763      19.53633333 64.594     ]
0.04	 -0.04	-0.29	0.06	31_T	[69.52065385 20.90819231 64.33569231]
-0.11	 -1.06	-0.03	0.12	31_T	[67.43557692 18.01657692 62.54430769]
0.16	 1.25	0.15	-0.42	31_T	[68.61888235 22.77482353 64.87988235]
0.15	 0.79	0.04	-0.2	31_T	[65.6435 20.169  63.9725]
-0.05	 0.19	-0.17	0.22	31_T	[68.33395349 19.80811628 65.39337209]
-0.21	 -0.95	0.14	0.39	31_T	[67.223125   17.97479167 64.00729167]
-0.05	 -0.05	-0.08	-0.02	31_T	[66.22478571 18.37642857 61.1445    ]
-0.03	 -0.45	-0.12	0.12	31_T	[69.01464286 18.24892857 61.66214286]
0.02	 0.52	-0.03	-0.17	32_K	[64.00034091 18.79270455 61.01695455]
0.02	 -0.58	-0.07	-0.14	32_K	[66.29588889 23.80733333 54.24355556]
0.04	 0.16	-0.12	-0.1	32_K	[65.95277778 21.20944444 52.26355556]
0.2	 1.05	0.12	-0.36	32_K	[65.09045455 18.66645455 58.15868182]
0.09	 0.89	-0.14	-0.1	32_K	[64.42484211 22.92805263 53.95521053]
0.13	 0.57	0.11	-0.32	32_K	[67.70565 22.9796  54.1513 ]
-0.25	 -0.36	-0.04	0.3	32_K	[66.49595652 22.40843478 52.267     ]
0.06	 0.71	-0.04	-0.15	32_K	[67.14494444 19.69313889 53.24761111]
-0.12	 -0.14	-0.07	0.13	32_K	[64.44421739 20.79195652 53.00369565]
0.1	 0.69	-0.15	-0.13	33_C	[62.07963158 18.35       62.19089474]
-0.03	 0.25	-0.03	-0.03	34_H	[62.5385 14.0293 59.2697]
-0.12	 -0.07	-0.07	0.11	34_H	[61.60828571 13.119      60.74585714]
0.02	 1.01	0.05	-0.18	34_H	[62.278     14.5611875 61.8841875]
-0.1	 -0.21	-0.02	0.13	34_H	[59.43761111 12.67183333 60.79277778]
-0.19	 -0.77	0.05	0.28	34_H	[60.76896296 14.41338889 63.7765    ]
-0.11	 2.21	0.01	0.05	34_H	[59.87233333 12.287      62.705     ]
0.16	 0.93	0.08	-0.33	34_H	[60.535      17.50436364 62.17304545]
-0.0	 0.29	-0.17	0.06	34_H	[61.06369231 13.53996154 58.29519231]
-0.01	 -0.03	0.08	-0.12	34_H	[62.99966667 16.00237037 59.6552963 ]
-0.22	 -0.34	-0.08	0.25	34_H	[62.79642308 15.51726923 62.12338462]
0.0	 0.33	-0.09	-0.06	34_H	[58.53009091 12.90372727 59.99918182]
-0.19	 -0.4	-0.03	0.25	34_H	[58.28161765 13.57511765 63.31361765]
-0.01	 -0.09	-0.07	-0.02	35_K	[56.41005263 13.61036842 60.64173684]
0.12	 1.05	-0.01	-0.27	35_K	[59.96366667 13.84733333 54.91516667]
-0.07	 -0.13	-0.09	0.03	35_K	[60.01354545 11.53145455 55.35972727]
0.04	 0.37	-0.13	0.02	35_K	[57.72233333 11.07533333 53.961     ]
0.02	 -1.83	0.21	-0.73	35_K	[56.76307692  9.55323077 56.08030769]
0.1	 0.25	0.03	-0.23	35_K	[57.00473077 12.37203846 58.25746154]
0.11	 0.61	0.03	-0.21	35_K	[60.51694444 14.40238889 55.998     ]
-0.15	 -0.62	-0.0	0.22	35_K	[59.12147826 12.267      54.00004348]
-0.08	 -0.04	-0.05	0.08	35_K	[59.65970588 11.64870588 56.93326471]
0.17	 1.37	0.04	-0.28	35_K	[56.28714286 11.11928571 57.37557143]
0.07	 0.66	-0.01	-0.14	35_K	[56.20467857 11.58692857 54.05796429]
-0.24	 -0.58	-0.08	0.28	35_K	[56.0917619   9.18833333 55.77695238]
-0.27	 -0.66	0.13	0.41	35_K	[58.3785      9.53691667 54.443375  ]
-0.18	 -0.68	-0.04	0.68	35_K	[57.7518   9.67212 57.05488]
0.18	 1.33	0.3	-0.55	36_G	[54.07642857 15.31028571 62.35571429]
0.05	 0.49	-0.0	-0.16	36_G	[54.26042424 13.82412121 60.89548485]
0.17	 1.57	0.18	-0.45	37_T	[58.9412     17.7426     62.80193333]
0.01	 -0.04	-0.04	-0.11	37_T	[55.69068966 16.00203448 63.83589655]
-0.03	 0.03	-0.09	0.06	37_T	[57.66337037 16.86344444 64.46625926]
0.05	 0.3	-0.19	-0.1	37_T	[54.97246154 16.49446154 64.87292308]
0.12	 1.02	0.0	-0.22	37_T	[56.45683333 14.96616667 62.41733333]
0.06	 0.69	-0.09	-0.15	38_Y	[50.58228571 22.71785714 62.76157143]
0.08	 1.19	0.0	-0.33	38_Y	[51.44942857 26.33728571 62.89457143]
-0.0	 0.4	-0.17	-0.08	38_Y	[51.01838889 24.78744444 62.64588889]
-0.03	 -0.06	0.04	0.26	38_Y	[50.88356522 24.05478261 65.56704348]
0.11	 0.76	-0.04	-0.17	38_Y	[50.60705263 21.91042105 64.72821053]
0.03	 0.45	-0.09	-0.08	38_Y	[52.59861538 26.8385     63.34569231]
-0.14	 -0.5	-0.13	0.18	38_Y	[51.27110714 26.15732143 65.10242857]
0.21	 1.45	0.27	-0.53	39_L	[55.47854545 27.71290909 62.47054545]
0.16	 0.6	0.01	-0.28	39_L	[60.94625    28.87566667 59.71058333]
0.07	 0.4	-0.04	-0.15	40_Y	[56.2805     29.31628571 65.72807143]
0.14	 1.01	-0.02	-0.22	40_Y	[53.6825     27.42307143 66.03914286]
0.1	 0.81	0.12	-0.36	40_Y	[55.555   28.56416 69.814  ]
0.01	 0.41	0.14	-0.22	40_Y	[52.59426923 27.07842308 67.47126923]
-0.03	 0.45	-0.05	-0.01	40_Y	[54.18691667 29.23433333 67.88641667]
-0.21	 -0.98	0.02	0.29	40_Y	[53.52825    29.28303125 70.46353125]
0.18	 0.88	0.12	-0.32	40_Y	[55.06611111 27.43766667 64.13705556]
-0.12	 -0.29	-0.16	0.22	40_Y	[56.14736364 28.43581818 70.4915    ]
-0.19	 -0.03	-0.09	0.13	40_Y	[51.71110345 26.80037931 68.34944828]
-0.26	 -0.74	0.11	0.39	40_Y	[51.81103846 28.88873077 69.63830769]
0.1	 1.48	0.01	-0.22	41_N	[59.83772727 28.02318182 69.41436364]
-0.11	 0.01	-0.05	0.04	41_N	[58.99893333 30.3706     68.57526667]
-0.13	 -0.58	-0.06	0.13	41_N	[57.8442973  30.01197297 69.28789189]
0.01	 0.91	0.08	-0.17	41_N	[59.7238125  31.2801875  67.11453125]
0.04	 0.14	-0.03	-0.12	41_N	[61.63623529 28.14388235 68.63711765]
-0.28	 -0.59	-0.05	0.49	41_N	[58.9894375  32.1655     67.17046875]
0.06	 -0.05	-0.06	-0.09	41_N	[60.96322222 31.21548148 66.12951852]
0.06	 0.12	-0.11	-0.09	42_D	[63.54720588 29.51632353 67.80885294]
0.17	 1.19	0.13	-0.39	42_D	[62.57938462 30.06161538 60.78953846]
0.05	 0.48	-0.07	-0.17	42_D	[62.04142857 32.31678571 63.52721429]
0.14	 1.0	0.04	-0.23	42_D	[63.72938095 31.3822381  65.47404762]
0.09	 1.16	0.03	-0.34	43_C	[69.6985    24.7714375 65.918625 ]
0.1	 1.59	0.1	-0.39	44_P	[66.17392308 29.72784615 70.06676923]
0.08	 0.76	-0.05	-0.21	44_P	[68.96227273 29.97954545 71.06154545]
-0.1	 -0.2	-0.08	0.14	44_P	[68.9918  31.16166 68.82762]
-0.06	 -0.38	-0.08	0.08	44_P	[67.04458824 29.36376471 72.18258824]
0.06	 0.37	0.01	0.02	44_P	[65.175 27.417 71.799]
0.06	 0.41	-0.25	-0.01	44_P	[64.8862 25.591  70.5246]
-0.12	 -0.37	-0.1	0.06	44_P	[66.15676 30.35936 69.23908]
-0.03	 -0.08	0.07	-0.01	44_P	[67.982      29.166      72.42841667]
-0.27	 -0.93	0.17	0.43	44_P	[65.43594444 29.14983333 71.77461111]
-0.11	 -0.17	-0.05	0.12	44_P	[65.84911111 26.26574074 72.18988889]
-0.07	 0.32	-0.03	0.02	44_P	[63.99485185 26.98392593 69.76751852]
0.07	 -0.93	0.0	-0.21	45_G	[71.63322222 30.03411111 69.67211111]
0.15	 0.76	0.01	-0.23	45_G	[71.3082 30.5306 68.705 ]
-0.01	 0.09	-0.05	0.02	45_G	[71.674      28.821875   70.78328125]
0.04	 0.91	-0.09	-0.1	46_P	[74.8132 24.0254 68.776 ]
-0.06	 -0.13	-0.01	0.07	46_P	[73.62561111 25.22875    70.68863889]
0.01	 0.12	0.04	-0.14	46_P	[75.33631818 26.009      66.72640909]
-0.04	 0.33	-0.33	0.06	46_P	[75.75063636 28.136      66.21954545]
0.01	 0.32	-0.12	-0.0	46_P	[73.86125    29.86408333 68.81825   ]
0.07	 0.39	0.08	-0.12	46_P	[72.49485714 25.73047619 65.84097619]
-0.08	 -0.34	-0.01	0.18	46_P	[75.80571429 26.42533333 68.71880952]
-0.22	 -0.66	0.05	0.38	46_P	[75.37104 25.79272 66.02392]
-0.24	 -0.62	0.05	0.39	46_P	[76.00009524 29.06595238 66.84014286]
-0.16	 -0.54	0.06	0.23	46_P	[74.38540909 28.66213636 69.58577273]
0.13	 -0.07	-0.06	-0.15	46_P	[72.85363636 30.268      68.56463636]
-0.01	 -0.16	-0.15	0.05	47_G	[74.39388889 23.54033333 67.48088889]
-0.07	 0.11	-0.05	0.07	47_G	[73.75166667 21.89672222 68.84033333]
0.05	 0.73	-0.09	-0.1	47_G	[71.31811765 22.32947059 69.44911765]
-0.28	 -0.72	-0.16	0.29	47_G	[71.11268421 21.17463158 70.89631579]
-0.1	 -0.28	0.04	0.1	47_G	[72.16238462 23.48269231 66.96603846]
-0.25	 -0.61	0.15	0.47	47_G	[73.27314286 21.34904762 68.09447619]
-0.26	 -0.65	0.17	0.44	47_G	[74.2394375 22.4345625 70.205125 ]
0.15	 0.24	0.09	-0.31	48_Q	[68.8613125 21.3910625 68.6183125]
0.07	 0.6	-0.04	-0.22	48_Q	[69.18492 22.89424 67.08384]
-0.01	 1.51	0.02	-0.14	48_Q	[69.99928571 24.12542857 73.00257143]
-0.14	 -0.7	-0.04	0.2	48_Q	[70.31263636 25.95236364 74.159     ]
-0.2	 -0.86	0.07	0.29	48_Q	[68.10219048 25.78954762 74.25054762]
-0.1	 -0.81	-0.0	0.07	48_Q	[70.95792308 27.49484615 72.96415385]
0.11	 0.73	-0.06	-0.19	48_Q	[69.1593125 21.644     71.39125  ]
0.12	 0.76	0.04	-0.24	48_Q	[67.2642 24.2501 71.6176]
-0.21	 -0.82	0.06	0.23	48_Q	[69.4178  23.43    73.04935]
-0.01	 0.12	-0.02	0.02	48_Q	[71.75505556 24.64477778 72.12477778]
0.05	 -0.95	-0.01	-0.09	48_Q	[71.4733 26.8889 72.0347]
-0.15	 -0.72	0.02	0.25	48_Q	[69.53175    28.49033333 73.31483333]
0.12	 1.46	0.34	-0.58	49_D	[66.3455   22.785375 70.741125]
0.07	 0.5	-0.04	-0.18	49_D	[64.3679697  23.83936364 69.73139394]
-0.02	 0.32	0.0	-0.15	49_D	[64.61964286 20.10035714 69.57792857]
-0.08	 -0.12	-0.07	0.04	49_D	[66.69321739 19.19304348 70.8263913 ]
-0.3	 -0.7	-0.02	0.42	49_D	[67.54164103 18.86838462 69.41276923]
-0.26	 -0.91	0.13	0.39	49_D	[65.93332558 19.50267442 72.18165116]
-0.07	 -0.36	-0.24	0.07	49_D	[67.32007143 22.16071429 71.454     ]
0.09	 0.83	-0.23	-0.08	49_D	[67.07482609 20.32843478 67.474     ]
-0.11	 -0.48	0.06	0.15	49_D	[64.16019231 21.6525     70.35346154]
-0.17	 -0.89	-0.1	0.27	49_D	[64.31388889 19.86927778 68.7545    ]
0.1	 0.98	-0.05	-0.27	50_T	[62.5468 22.7742 68.8067]
-0.05	 -0.41	-0.19	0.02	50_T	[62.41874194 20.99003226 67.68590323]
0.15	 0.06	0.07	-0.25	50_T	[65.14315 20.7478  66.40335]
0.17	 1.81	0.12	-0.33	50_T	[63.79672222 21.07683333 64.14716667]
0.08	 1.06	0.1	-0.35	51_D	[61.72071429 23.42457143 69.10142857]
0.09	 0.87	0.05	-0.36	51_D	[60.86625 23.9625  69.85325]
-0.1	 -0.36	-0.02	0.11	51_D	[59.10463636 23.87754545 70.78681818]
-0.04	 -0.63	0.04	-0.0	51_D	[58.00944444 22.37538889 69.657     ]
-0.07	 -0.19	0.1	0.09	51_D	[58.24934286 26.22451429 70.84437143]
-0.02	 -0.32	-0.03	0.08	51_D	[60.60310526 22.29726316 69.09673684]
0.02	 0.39	0.09	-0.16	51_D	[61.48714286 25.66271429 69.43267857]
-0.12	 -0.55	-0.06	0.13	52_C	[57.177      19.71161538 67.53338462]
0.15	 1.46	0.17	-0.42	52_C	[59.63333333 18.88022222 63.56177778]
0.07	 0.43	-0.01	-0.15	52_C	[61.47418519 19.86096296 64.18459259]
0.02	 0.3	0.03	-0.14	52_C	[59.59933333 20.6105     67.42666667]
-0.07	 -0.27	-0.0	0.03	52_C	[59.02       18.72194737 65.04105263]
0.06	 0.86	0.03	-0.22	53_R	[53.11566667 21.57744444 67.36833333]
0.06	 1.0	-0.01	-0.26	53_R	[54.70866667 20.77483333 68.413     ]
0.05	 1.31	-0.09	-0.13	53_R	[53.22044444 22.25711111 68.94933333]
-0.03	 -0.47	0.02	-0.07	53_R	[55.355375 22.348625 70.277   ]
-0.07	 -0.45	-0.03	0.07	53_R	[54.498      23.46107143 71.66385714]
-0.09	 -0.18	-0.04	0.09	53_R	[52.53105556 24.50672222 71.19161111]
-0.02	 0.29	0.08	-0.11	53_R	[56.12370833 25.28220833 71.82954167]
0.02	 0.13	0.03	-0.07	53_R	[55.412      18.94672727 66.65204545]
-0.06	 -0.24	-0.01	-0.04	53_R	[52.54644444 20.98685185 67.14211111]
0.05	 0.05	0.04	-0.11	53_R	[55.94907143 21.21964286 68.7545    ]
0.07	 0.28	0.06	-0.24	53_R	[52.43990476 23.78866667 67.84014286]
-0.2	 -0.76	0.03	0.19	53_R	[53.50727273 21.47504545 69.33768182]
0.02	 -1.26	-0.05	-0.0	53_R	[56.137125 22.556125 70.179875]
-0.13	 -0.3	0.0	0.13	53_R	[52.11081818 24.30186364 69.82913636]
-0.17	 -1.0	0.04	0.24	53_R	[52.70875    26.06583333 71.51841667]
-0.07	 -0.92	0.03	0.15	53_R	[56.89692857 24.17521429 71.70085714]
-0.23	 -0.73	0.06	0.34	53_R	[55.1816  26.21804 72.36792]
0.13	 1.57	0.07	-0.33	54_E	[54.475      17.65053846 65.82446154]
0.04	 0.35	-0.02	-0.15	54_E	[49.81890909 19.72381818 65.36030303]
0.08	 0.67	-0.1	-0.15	54_E	[51.75875 16.90625 67.28275]
0.05	 0.63	0.37	-0.6	54_E	[53.0132 14.772  66.0888]
-0.04	 0.22	-0.05	0.01	54_E	[50.52925926 14.39692593 65.81225926]
-0.3	 -1.01	0.17	0.44	54_E	[51.53705714 13.96497143 67.39722857]
-0.19	 -0.73	-0.02	0.26	54_E	[49.42958333 13.52752778 64.81905556]
-0.06	 -0.16	-0.17	0.05	54_E	[53.03008333 18.601625   67.087     ]
-0.12	 -0.44	-0.03	0.19	54_E	[53.13915 16.0488  66.79125]
-0.09	 -0.26	0.05	0.12	54_E	[50.3392     17.28633333 66.28593333]
-0.05	 0.11	-0.03	-0.01	54_E	[53.41215385 14.78673077 64.13873077]
0.06	 0.3	-0.07	-0.11	55_C	[48.20835714 16.62328571 63.89221429]
0.18	 1.36	0.41	-0.64	55_C	[49.85045455 21.22663636 62.11072727]
0.12	 1.04	0.17	-0.45	56_E	[46.61341667 16.45616667 63.        ]
-0.07	 -0.32	-0.11	0.01	56_E	[43.958375 20.573125 63.074125]
-0.0	 1.0	0.09	-0.23	56_E	[46.2266 22.3156 63.5476]
-0.1	 -0.49	-0.06	0.12	56_E	[45.78809091 21.8655     65.82777273]
-0.31	 -1.05	0.16	0.44	56_E	[44.06678947 22.24931579 65.58507895]
-0.19	 -0.58	0.04	0.38	56_E	[47.35354545 21.60634545 66.295     ]
0.17	 1.81	0.16	-0.41	56_E	[48.7130625 21.1891875 62.261125 ]
-0.02	 0.12	-0.03	-0.02	56_E	[46.50028125 18.27053125 64.8489375 ]
0.05	 0.39	0.01	-0.15	56_E	[44.73577778 20.64105556 61.66833333]
-0.15	 0.21	-0.13	0.09	56_E	[43.80825 19.27295 63.8839 ]
0.03	 0.21	-0.5	0.15	56_E	[48.15318182 21.85345455 63.59554545]
-0.29	 -0.52	0.02	0.32	56_E	[45.77345 22.5274  62.6635 ]
0.03	 0.45	-0.02	-0.1	57_S	[45.83564286 16.24328571 63.08471429]
0.07	 0.47	-0.05	-0.16	57_S	[45.58988889 15.35622222 62.32522222]
0.07	 0.47	0.01	-0.2	57_S	[42.00577778 17.06555556 59.79411111]
-0.08	 -0.04	-0.05	0.07	57_S	[42.7407234  18.85531915 60.90882979]
0.01	 0.16	0.03	-0.16	57_S	[42.98285185 15.20537037 62.29055556]
-0.12	 -0.82	-0.07	0.21	57_S	[42.45421739 16.88973913 63.70382609]
-0.13	 -0.97	-0.19	0.15	57_S	[44.18192857 17.14192857 64.33542857]
-0.07	 0.14	-0.5	0.23	57_S	[45.53863158 14.92563158 61.12036842]
-0.23	 -1.06	0.06	0.33	57_S	[41.82595238 15.40980952 61.056     ]
-0.26	 -0.8	0.17	0.46	57_S	[43.49609091 14.09831818 62.66590909]
-0.38	 -1.01	0.37	0.59	57_S	[41.44726087 15.693      64.15873913]
-0.06	 -0.28	-0.23	0.07	58_G	[42.7354 15.916  59.0936]
-0.06	 -0.41	-0.03	0.03	58_G	[42.184375  17.7818125 57.5245625]
0.09	 0.22	0.04	-0.21	58_G	[44.3274     19.85726667 58.0122    ]
0.01	 0.24	-0.06	-0.06	58_G	[43.49031579 19.67347368 55.90268421]
0.06	 0.56	0.09	-0.12	58_G	[44.91660417 15.30660417 58.63970833]
-0.08	 -0.26	-0.35	0.31	58_G	[42.52253333 16.45156667 56.7331    ]
-0.23	 -1.12	0.12	0.38	58_G	[42.11747059 18.79876471 58.34447059]
0.01	 0.22	-0.04	-0.06	59_S	[46.19302632 21.30994737 58.73913158]
-0.08	 0.12	-0.12	-0.04	59_S	[47.7334     22.08966667 60.2846    ]
0.05	 0.69	-0.01	-0.18	60_F	[51.38376471 15.73458824 50.98958824]
0.12	 1.3	0.5	-0.87	60_F	[48.7582 19.3498 50.999 ]
0.12	 1.19	0.0	-0.2	60_F	[49.78885714 18.32785714 50.42892857]
-0.03	 0.28	-0.13	0.03	60_F	[52.47018182 17.35695455 51.01381818]
0.12	 0.76	-0.05	-0.09	60_F	[47.89857895 18.75789474 50.581     ]
-0.44	 -0.21	-0.03	0.22	60_F	[50.15728 18.19168 49.84796]
0.07	 0.89	0.41	-0.66	61_T	[54.67766667 18.65       54.175     ]
0.07	 0.63	0.12	-0.37	61_T	[55.041   19.26425 54.8405 ]
0.16	 1.33	-0.04	-0.22	61_T	[53.72142857 19.27064286 53.56921429]
0.16	 0.9	0.12	-0.32	61_T	[55.94372 19.06376 55.00936]
0.12	 1.04	0.09	-0.32	61_T	[54.03180952 20.6667619  54.2612381 ]
0.11	 1.58	0.16	-0.43	62_A	[56.213  16.6998 51.8831]
-0.15	 -0.38	-0.01	0.16	62_A	[57.34048 14.15548 51.67808]
-0.07	 0.13	-0.19	0.1	62_A	[53.49496 14.22596 51.17808]
-0.01	 0.15	-0.06	-0.08	62_A	[54.65183333 17.76163333 52.58416667]
-0.12	 -0.53	0.02	0.18	62_A	[54.84457143 13.01080952 51.88871429]
0.12	 1.13	-0.06	-0.26	62_A	[52.31109091 14.45072727 51.56190909]
-0.21	 -1.03	-0.06	0.3	62_A	[54.81972222 15.79677778 50.78861111]
0.17	 1.45	0.28	-0.53	63_S	[56.6777 17.7199 53.7739]
0.05	 0.09	-0.02	-0.15	63_S	[57.99952632 16.86284211 51.67978947]
-0.1	 0.02	-0.07	0.03	63_S	[61.11357143 16.43690476 51.95285714]
0.1	 0.32	-0.04	-0.09	63_S	[59.87633333 14.88761111 53.70877778]
-0.13	 -0.54	-0.19	0.25	63_S	[57.86463158 16.21457895 51.01336842]
-0.12	 -0.26	-0.06	0.1	63_S	[58.024875   18.53141667 52.712375  ]
-0.3	 -0.62	0.15	0.35	63_S	[60.38421429 17.71171429 50.78403571]
-0.14	 -0.14	0.01	0.06	64_E	[61.07657143 20.34971429 53.01433333]
-0.06	 0.35	-0.08	0.06	64_E	[63.82946154 16.34984615 53.135     ]
-0.1	 -0.25	-0.02	0.13	64_E	[65.1082381  15.85404762 55.86895238]
-0.03	 -0.29	-0.04	-0.02	64_E	[63.46966667 15.81140476 57.10092857]
0.12	 0.09	-0.23	0.55	64_E	[66.40721622 16.98943243 56.00183784]
0.1	 1.87	0.17	-0.45	64_E	[61.35442857 15.88071429 53.41985714]
0.02	 0.12	-0.14	-0.04	64_E	[62.67383333 18.86222222 52.60322222]
-0.12	 -0.31	-0.04	0.12	64_E	[62.38147826 15.71965217 54.033     ]
-0.1	 -0.37	0.03	0.23	64_E	[65.01737037 17.44455556 53.15233333]
0.06	 -0.53	-0.19	-0.07	65_N	[58.202      21.8835     54.05685714]
0.08	 0.22	0.01	-0.15	65_N	[61.455125   22.32641667 54.35820833]
0.07	 0.37	0.03	-0.14	65_N	[58.50666667 22.91766667 54.29444444]
0.05	 0.25	-0.08	-0.17	65_N	[57.73248485 20.46406061 54.47675758]
0.17	 2.11	0.05	-0.31	66_H	[59.5762 26.1462 55.7878]
0.01	 0.31	-0.13	-0.06	66_H	[59.40651515 27.83763636 56.937     ]
0.1	 1.5	0.05	-0.28	66_H	[61.233875 26.26925  55.495875]
0.1	 0.74	-0.11	-0.11	66_H	[61.48771429 27.77971429 55.80528571]
-0.01	 0.08	-0.1	-0.04	66_H	[62.29905882 24.83741176 54.59652941]
-0.07	 -0.41	-0.03	0.12	66_H	[63.41967857 28.06371429 54.90089286]
-0.11	 2.06	0.01	0.05	66_H	[62.99033333 26.16816667 53.8095    ]
0.04	 0.5	-0.05	-0.08	66_H	[59.59845455 24.59645455 54.99527273]
0.06	 0.03	0.33	0.41	66_H	[62.68736585 28.66182927 57.62239024]
0.13	 1.56	0.05	-0.32	66_H	[63.05388889 23.49411111 54.713     ]
-0.27	 -0.75	0.22	0.53	66_H	[64.50291304 28.69773913 54.98326087]
-0.14	 -0.33	-0.06	0.21	66_H	[64.93341379 25.52882759 53.91624138]
0.05	 0.26	-0.17	0.2	67_L	[56.99833333 24.13833333 53.41966667]
0.04	 0.51	-0.06	-0.18	67_L	[55.3625     22.08416667 53.61377778]
-0.1	 -0.4	-0.04	0.1	67_L	[55.96817857 26.40585714 53.61217857]
0.12	 1.58	0.05	-0.26	67_L	[57.0451 27.8376 56.4404]
0.06	 0.5	-0.14	-0.01	67_L	[57.72008333 23.97925    53.99575   ]
-0.11	 -0.39	-0.05	0.18	67_L	[55.61508 23.14492 52.80696]
0.15	 1.22	0.07	-0.31	67_L	[55.65207143 21.34128571 54.74621429]
0.15	 1.09	0.19	-0.46	67_L	[53.20094118 24.69758824 54.48376471]
-0.21	 -0.82	0.1	0.34	67_L	[56.18831818 25.43381818 52.602     ]
-0.09	 -0.47	-0.25	0.25	67_L	[54.15934375 26.3256875  54.37346875]
-0.09	 0.04	0.04	0.1	67_L	[57.36468182 26.83586364 54.68486364]
0.04	 0.71	-0.02	-0.18	68_R	[52.8145     28.06492857 61.58335714]
-0.01	 0.16	-0.09	-0.02	68_R	[53.3199 30.3865 59.5098]
-0.14	 -0.34	-0.09	0.11	68_R	[56.61025    31.103      58.10566667]
0.11	 2.26	0.03	-0.27	68_R	[55.93016667 31.41933333 61.15866667]
-0.08	 -0.32	-0.08	0.07	68_R	[56.84758333 32.38833333 61.46733333]
-0.08	 -0.77	0.03	0.05	68_R	[58.8688     32.77686667 60.4748    ]
-0.07	 0.14	0.39	-0.17	68_R	[57.44357143 32.85385714 63.18014286]
-0.06	 -0.63	-0.17	0.05	68_R	[55.32792857 28.00514286 56.41492857]
-0.05	 -0.24	-0.13	0.05	68_R	[53.38122581 29.69506452 58.1573871 ]
-0.09	 -0.21	-0.03	0.07	68_R	[53.85136 30.15492 60.62892]
-0.06	 -0.54	0.02	0.17	68_R	[56.70365 29.6214  57.29695]
-0.21	 -0.38	0.05	0.29	68_R	[55.97852174 31.82330435 59.11321739]
0.08	 0.37	-0.05	-0.13	68_R	[58.70726667 29.8164     58.68433333]
0.03	 0.28	-0.02	-0.13	68_R	[55.54336 29.65132 62.16176]
-0.07	 -0.15	0.03	0.01	68_R	[59.63275    31.48716667 59.9655    ]
-0.18	 -0.72	-0.18	0.26	68_R	[60.27109091 32.99904545 61.50768182]
-0.09	 -0.35	0.05	0.09	68_R	[56.67234615 31.36811538 64.16230769]
-0.12	 -0.31	-0.06	0.15	68_R	[58.9466 32.6791 63.8819]
0.14	 0.85	-0.03	-0.29	69_H	[52.17751852 25.22377778 55.89055556]
-0.02	 -0.37	-0.05	-0.08	69_H	[49.8585     26.70233333 56.68741667]
-0.04	 0.04	-0.1	0.1	69_H	[48.507375 27.58075  58.398125]
0.02	 1.32	-0.02	-0.15	69_H	[49.91133333 29.2916     57.93846667]
-0.08	 -0.32	-0.06	0.07	69_H	[49.29034483 27.38410345 60.73565517]
-0.16	 -0.55	-0.1	0.23	69_H	[49.43754762 30.37347619 59.36857143]
-0.01	 1.09	0.02	-0.05	69_H	[49.50570588 29.31611765 60.86641176]
0.12	 0.27	-0.06	-0.23	69_H	[53.62       27.3445     56.93014286]
0.22	 1.44	0.31	-0.56	69_H	[50.89246667 25.262      60.79926667]
-0.05	 -0.07	0.04	0.07	69_H	[51.60884 27.33256 56.69272]
-0.22	 -0.29	-0.22	0.14	69_H	[48.985      25.99135714 57.48685714]
-0.24	 -0.56	-0.06	0.38	69_H	[50.25806667 29.44466667 57.16256667]
-0.16	 -0.35	-0.24	0.28	69_H	[49.94438095 26.654      61.6067619 ]
-0.35	 -1.31	0.44	0.66	69_H	[48.57964706 31.51782353 59.32505882]
-0.43	 -1.07	0.36	0.63	69_H	[48.5678  29.6602  61.88885]
-0.03	 0.26	-0.11	0.0	70_C	[48.22308889 23.94613333 56.082     ]
0.18	 1.73	0.03	-0.27	70_C	[50.06306667 22.1696     60.81293333]
0.06	 0.11	-0.08	-0.09	70_C	[49.49038462 24.24246154 59.33684615]
0.11	 1.31	0.3	-0.56	70_C	[49.13422222 22.49111111 59.90611111]
0.12	 1.08	0.11	-0.38	71_L	[46.834125 22.094625 55.82975 ]
-0.06	 -0.18	-0.11	0.06	71_L	[52.59813793 20.56955172 51.18944828]
-0.1	 -0.38	0.0	0.04	71_L	[51.61096552 24.38927586 52.07537931]
-0.03	 0.11	-0.18	-0.0	71_L	[48.61873333 23.89446667 53.3548    ]
0.01	 0.32	0.02	-0.11	71_L	[48.80242105 21.09984211 51.31363158]
-0.14	 -0.5	0.09	0.09	71_L	[53.42876 21.63476 51.67548]
0.06	 -0.25	-0.2	-0.2	71_L	[52.76366667 19.19944444 51.73077778]
-0.2	 -0.8	0.17	0.33	71_L	[50.73288889 21.00294444 50.11116667]
-0.1	 -0.28	-0.14	0.17	71_L	[52.92825 24.2223  52.0012 ]
-0.11	 -0.41	0.09	0.2	71_L	[50.18046154 23.66634615 51.15080769]
0.0	 -0.06	0.02	0.03	71_L	[50.86126087 24.65726087 54.02308696]
0.11	 1.34	-0.01	-0.29	72_S	[46.29175  22.79825  55.081375]
0.06	 1.37	0.2	-0.49	72_S	[45.44883333 22.43783333 55.223     ]
-0.03	 -0.08	-0.12	-0.03	72_S	[45.77055556 19.90122222 50.91103704]
-0.04	 0.27	-0.02	-0.08	72_S	[43.23521053 21.88526316 53.47063158]
-0.32	 -0.83	0.13	0.42	72_S	[43.87604167 23.630625   54.66833333]
0.04	 0.31	-0.05	-0.07	72_S	[47.07509091 22.91595455 52.69709091]
0.03	 0.26	-0.09	-0.12	72_S	[45.141      21.297      56.02183333]
-0.12	 -0.22	0.08	0.11	72_S	[44.2965     21.86430769 51.65134615]
-0.2	 -0.65	-0.04	0.29	72_S	[42.60683333 21.28561111 53.43288889]
-0.25	 -0.74	0.14	0.41	72_S	[44.72925    24.35442857 53.4235    ]
0.11	 1.58	0.17	-0.45	73_C	[43.7331 19.5719 50.9396]
-0.03	 0.29	-0.21	-0.01	73_C	[41.782475 19.330275 51.92305 ]
0.09	 1.16	-0.09	-0.18	73_C	[42.538      15.82783333 54.72141667]
0.16	 1.51	0.18	-0.46	73_C	[43.166      15.45728571 55.809     ]
0.16	 1.42	-0.01	-0.22	73_C	[42.945      19.35581818 54.29636364]
-0.01	 0.42	-0.18	-0.19	73_C	[41.94138889 17.35677778 54.68991667]
0.12	 1.06	0.14	-0.41	73_C	[42.39768421 15.19189474 53.46273684]
0.11	 1.08	0.46	-0.76	74_S	[44.19188889 18.897      49.69433333]
0.15	 1.55	0.31	-0.56	74_S	[40.5646     14.73406667 50.8694    ]
-0.02	 0.49	-0.03	-0.12	74_S	[43.45277778 16.54533333 47.00944444]
-0.14	 -0.05	0.03	0.12	74_S	[45.72685185 18.19525926 48.4812963 ]
-0.1	 -0.23	-0.09	0.17	74_S	[42.83880952 19.15114286 49.07028571]
0.08	 0.55	-0.08	-0.19	74_S	[43.96765 14.7599  47.52355]
-0.32	 -0.6	0.05	0.37	74_S	[43.01722222 17.71538889 46.73938889]
-0.06	 0.79	-0.02	-0.02	74_S	[45.81638462 15.88276923 47.68176923]
0.17	 1.48	0.29	-0.53	75_K	[38.36427273 17.14736364 45.99018182]
-0.04	 0.28	-0.17	-0.05	75_K	[40.28636364 16.98527273 45.87218182]
-0.07	 -0.1	-0.17	0.14	75_K	[37.8183 18.6    47.7368]
-0.13	 -0.47	-0.08	0.11	75_K	[36.28018182 18.05736364 50.13145455]
0.11	 1.32	0.2	-0.46	75_K	[38.87846154 18.73176923 51.03838462]
-0.02	 0.55	-0.13	0.08	75_K	[36.77776923 16.09438462 52.59361538]
0.05	 0.14	-0.38	0.09	75_K	[39.64242857 16.61009524 54.44890476]
0.03	 0.22	0.1	-0.12	75_K	[40.58565 18.7242  48.73805]
0.07	 0.77	-0.24	-0.1	75_K	[38.8182  14.87152 50.0654 ]
-0.14	 -0.44	0.01	0.18	75_K	[38.72213636 19.19922727 48.67040909]
-0.09	 -0.28	-0.02	0.03	75_K	[37.15582609 17.45647826 47.41034783]
-0.29	 -0.88	0.29	0.37	75_K	[36.21195 18.87145 50.1762 ]
-0.22	 -0.66	0.05	0.3	75_K	[36.2098     16.29786667 49.7956    ]
-0.15	 -0.3	0.08	0.02	75_K	[38.26168 18.99932 51.85536]
-0.22	 -0.71	0.05	0.39	75_K	[36.20773913 16.97021739 52.65986957]
0.01	 -0.22	-1.67	1.2	75_K	[38.1275625 14.69975   51.80425  ]
-0.33	 -0.73	0.23	0.47	75_K	[38.247      15.68086957 54.67317391]
-0.02	 0.01	-0.18	-0.01	75_K	[40.27090909 15.75809091 53.50645455]
-0.22	 -0.53	0.04	0.3	75_K	[38.75538462 17.999      54.20692308]
0.15	 1.23	0.37	-0.61	76_C	[37.7342 17.0162 44.9004]
-0.06	 -0.03	-0.2	0.01	76_C	[35.98161111 15.81966667 45.65269444]
0.08	 0.53	-0.45	0.14	76_C	[37.9155     13.9835     48.01921875]
0.22	 0.96	0.06	-0.3	76_C	[40.4608     15.07273333 44.4366    ]
0.09	 0.34	0.05	-0.16	76_C	[36.78274194 12.39629032 45.78803226]
0.12	 0.96	-0.02	-0.23	77_R	[40.459625  17.3590625 41.382625 ]
-0.04	 0.81	-0.01	0.0	77_R	[38.24033333 19.70553333 43.20733333]
-0.14	 0.26	-0.11	0.14	77_R	[37.24966667 20.54466667 41.8775    ]
-0.16	 -0.67	-0.02	0.18	77_R	[38.27309091 21.50509091 41.20627273]
-0.09	 -0.09	0.05	0.03	77_R	[40.27955 21.4135  40.8444 ]
-0.11	 -0.5	-0.04	0.11	77_R	[37.82865217 21.66752174 38.87473913]
0.13	 0.84	0.05	-0.28	77_R	[35.74541176 17.47829412 43.63217647]
0.07	 -0.1	-0.01	-0.13	77_R	[40.11965385 16.60219231 42.85503846]
-0.02	 0.02	0.03	-0.01	77_R	[37.24703846 18.58634615 43.56261538]
-0.14	 -0.58	-0.12	0.24	77_R	[39.52166667 19.7207619  42.97704762]
0.05	 0.93	0.01	-0.09	77_R	[36.40353846 20.47161538 40.96507692]
-0.18	 -0.7	0.12	0.27	77_R	[41.07864706 19.75017647 41.26929412]
-0.18	 -0.56	0.02	0.29	77_R	[40.94519231 21.18380769 39.42726923]
-0.15	 -0.56	0.02	0.17	77_R	[36.84056 20.79124 38.60892]
-0.25	 -1.06	0.09	0.34	77_R	[38.89704762 21.90195238 38.21880952]
0.13	 1.89	0.09	-0.32	78_K	[34.622125 13.94425  44.2635  ]
0.13	 1.66	0.09	-0.36	78_K	[30.972125 14.90025  41.636625]
-0.05	 -0.04	0.03	-0.09	78_K	[31.48959259 13.32588889 40.71985185]
-0.07	 0.19	-0.02	-0.01	78_K	[31.8752 14.1067 45.1782]
0.04	 0.46	-0.1	-0.17	78_K	[31.19   16.9511 43.0442]
-0.07	 0.09	-0.02	-0.07	78_K	[30.07292857 17.211      44.217     ]
0.0	 0.73	-0.11	-0.01	78_K	[32.132      17.31193333 46.26026667]
0.02	 -2.68	-0.01	-0.12	78_K	[30.54544444 18.39833333 47.50033333]
0.14	 1.13	-0.04	-0.26	78_K	[34.7105     16.91591667 44.32575   ]
0.11	 0.44	-0.06	-0.15	78_K	[33.54774074 12.70107407 43.25177778]
-0.17	 -0.54	0.13	0.16	78_K	[31.06072727 13.97190909 43.72436364]
-0.11	 0.25	0.07	-0.05	78_K	[33.55185714 14.53614286 45.37664286]
0.02	 0.11	0.02	-0.16	78_K	[32.99911111 17.82       43.36438889]
-0.1	 -0.02	-0.13	0.04	78_K	[30.71514286 16.496      42.09185714]
-0.25	 -0.88	0.03	0.42	78_K	[30.0048  17.9334  43.77145]
-0.22	 -1.31	0.02	0.36	78_K	[29.79294444 15.37633333 44.94144444]
-0.1	 -0.57	0.03	0.19	78_K	[31.86976923 15.88273077 46.83880769]
-0.18	 -0.77	-0.08	0.28	78_K	[32.83091304 18.18056522 45.59708696]
-0.3	 -0.66	0.23	0.47	78_K	[31.19952174 18.48186957 48.09591304]
-0.34	 -0.92	0.14	0.45	78_K	[29.98995455 19.32259091 46.07190909]
-0.25	 -0.5	0.12	0.37	78_K	[29.20884615 17.22826923 46.97111538]
-0.12	 -0.15	-0.06	0.09	79_E	[32.21893333 14.43273333 36.90671111]
-0.07	 -0.03	0.0	-0.02	79_E	[31.13838462 18.23846154 39.71061538]
0.08	 1.0	-0.06	-0.22	79_E	[32.96766667 18.73522222 38.08166667]
-0.13	 -1.75	-0.06	0.15	79_E	[34.4175     19.96016667 40.09291667]
0.06	 0.06	-0.02	-0.07	79_E	[34.23765217 18.67882609 42.01695652]
0.1	 0.72	-0.01	-0.29	79_E	[36.01577273 19.02586364 38.07431818]
-0.11	 -0.36	0.05	0.12	79_E	[30.65215 15.65445 39.59675]
-0.19	 -0.32	0.19	0.22	79_E	[31.41073913 17.6036087  37.85804348]
-0.14	 -0.6	-0.06	0.21	79_E	[31.67865 18.52725 40.75045]
-0.2	 -0.02	0.09	0.21	79_E	[33.36673913 19.19952174 37.62391304]
0.11	 1.5	0.02	-0.28	80_M	[33.901   11.98275 36.79225]
0.13	 1.05	0.21	-0.45	80_M	[37.08531579 17.74705263 35.684     ]
-0.0	 0.09	-0.06	-0.1	80_M	[34.822775 16.893575 34.8541  ]
0.03	 0.19	-0.04	-0.1	80_M	[33.96036842 15.60294737 34.58542105]
-0.2	 -0.38	0.02	0.26	80_M	[35.23961538 18.13726923 35.58996154]
0.11	 0.55	-0.25	0.01	81_G	[32.595625 12.41425  38.52975 ]
-0.04	 -0.93	0.04	-0.06	81_G	[32.5734  10.6207  39.01705]
-0.01	 -0.37	0.04	-0.26	81_G	[33.737       9.61216667 41.71716667]
0.07	 0.72	-0.15	-0.16	81_G	[33.64227273  8.22213636 40.70713636]
0.09	 1.26	0.1	-0.14	81_G	[32.3082 12.9314 39.077 ]
-0.14	 -0.13	0.04	0.21	81_G	[32.3552963  10.85811111 40.75740741]
-0.13	 -0.15	-0.21	0.16	81_G	[33.36645  9.9039  37.9299 ]
0.02	 0.39	-0.05	-0.11	82_Q	[34.46113514 10.71075676 43.57683784]
0.13	 0.85	0.1	-0.31	82_Q	[41.03166667 13.6437619  42.34180952]
0.1	 0.39	-0.03	-0.19	82_Q	[41.58107692 14.74723077 40.49542308]
0.04	 0.37	-0.08	0.07	83_V	[35.803       5.39       45.52133333]
-0.01	 0.79	-0.1	-0.06	83_V	[33.5713125  7.1970625 44.80525  ]
0.1	 0.83	-0.0	-0.25	83_V	[37.49925  4.983   45.229  ]
0.08	 0.68	-0.05	-0.11	83_V	[35.63177778  9.8895     45.72688889]
0.0	 0.12	-0.02	-0.08	83_V	[36.31126087  6.08743478 46.35913043]
0.02	 0.19	0.02	-0.02	83_V	[33.9535625  5.2145    44.826    ]
-0.19	 -0.95	-0.1	0.33	83_V	[33.57213043  7.64834783 45.46830435]
0.13	 1.16	0.11	-0.36	83_V	[33.78922222  8.15716667 42.99611111]
0.11	 0.6	0.03	-0.12	83_V	[36.83645  4.3254  44.2914 ]
-0.08	 -0.02	-0.01	0.05	84_E	[38.39939394  6.04669697 48.92151515]
-0.07	 0.14	-0.14	0.08	84_E	[37.5009  7.9994 50.6947]
-0.07	 0.03	-0.16	-0.02	84_E	[39.03734483 10.01027586 52.59031034]
0.11	 0.5	-0.02	-0.2	84_E	[40.260125    9.4880625  52.55003125]
-0.11	 -0.27	-0.87	0.63	84_E	[38.282125   11.63698437 51.52070312]
0.0	 0.1	-0.03	-0.09	84_E	[36.60565385  8.87723077 47.47557692]
0.12	 0.47	-0.3	0.13	84_E	[38.3132     11.46903333 48.66836667]
-0.13	 -0.33	0.1	0.15	84_E	[36.87603846  9.11615385 49.87038462]
-0.01	 0.24	0.03	-0.11	84_E	[39.23104167  7.25704167 50.75891667]
0.18	 1.24	0.43	-0.66	85_I	[40.84488889  6.52711111 50.50377778]
-0.14	 -0.25	-0.0	0.15	85_I	[41.5594      4.46722222 50.3846    ]
-0.04	 0.54	0.06	-0.03	85_I	[43.98796875  3.56059375 47.014125  ]
-0.07	 -0.44	-0.2	0.07	85_I	[39.61669231  3.71469231 44.8565    ]
0.02	 0.23	0.06	-0.11	85_I	[40.23846154  4.06715385 47.84223077]
-0.01	 0.54	-0.01	-0.15	85_I	[42.726175  5.11865  43.9802  ]
-0.18	 -0.42	-0.01	0.24	85_I	[44.509875    4.36541667 45.71725   ]
-0.01	 -0.13	-0.16	0.09	85_I	[44.29458333  3.93158333 48.81016667]
-0.17	 -0.73	0.0	0.27	85_I	[42.294       2.75833333 47.19133333]
-0.19	 -1.16	0.15	0.39	85_I	[40.5515     2.9955625 45.8836875]
0.1	 0.13	0.0	-0.17	85_I	[38.66564286  5.04       46.45514286]
0.12	 1.55	0.15	-0.42	86_S	[41.4584      7.19906667 51.54413333]
0.06	 0.9	-0.09	-0.09	86_S	[45.342       5.06       51.41633333]
-0.01	 -0.05	0.06	-0.06	86_S	[45.62479167  4.93416667 49.47575   ]
-0.16	 -0.23	-0.15	0.14	86_S	[43.22511765  4.96064706 51.81529412]
-0.03	 -0.03	-0.02	0.03	86_S	[46.14803704  6.18503704 52.2422963 ]
-0.11	 -0.57	-0.02	0.18	86_S	[47.13178261  5.55621739 49.57795652]
0.07	 1.28	-0.05	-0.17	87_S	[41.76290909  6.86163636 52.47490909]
0.13	 0.95	0.65	-1.04	87_S	[44.703875  8.401625 55.120125]
0.19	 0.72	0.04	-0.27	87_S	[45.63609091  8.05004545 53.97413636]
0.01	 0.2	0.04	-0.24	87_S	[42.92236667  8.27903333 55.61996667]
-0.06	 -0.12	-0.23	0.19	87_S	[40.2462619   8.88704762 54.43495238]
-0.13	 -1.37	-0.01	0.11	87_S	[42.77205  6.2831  53.3665 ]
-0.17	 -0.72	-0.07	0.34	87_S	[43.028       7.19784615 55.50084615]
-0.1	 -0.08	-0.21	0.22	87_S	[42.66776471  9.62194118 56.46876471]
-0.33	 -0.81	0.31	0.53	87_S	[40.169625    8.32154167 56.16154167]
0.18	 1.54	0.34	-0.57	88_C	[45.5065  13.11375 57.1005 ]
-0.09	 -0.36	0.08	0.18	88_C	[44.05628571 11.22814286 57.30003571]
0.06	 2.01	-0.1	-0.14	88_C	[42.7825  13.55925 54.20775]
0.04	 0.3	0.0	-0.07	88_C	[42.073875   11.313375   54.14158333]
0.12	 1.26	0.12	-0.38	88_C	[42.763  13.5174 53.568 ]
-0.03	 -0.19	-0.09	-0.05	88_C	[43.67019231 13.86880769 55.86119231]
0.1	 1.33	0.18	-0.45	89_T	[46.13154545 12.66209091 57.82327273]
0.12	 0.74	-0.04	-0.27	89_T	[47.0634  14.1029  58.32545]
0.07	 0.63	-0.09	0.04	89_T	[48.44516667  9.43883333 58.3765    ]
-0.04	 -0.46	-0.01	-0.1	89_T	[46.64346667  8.14923333 56.40656667]
-0.15	 -0.69	-0.1	0.27	89_T	[46.2562 11.4207 58.752 ]
-0.08	 -0.36	-0.0	0.06	89_T	[48.86613636  9.82713636 58.93431818]
0.09	 0.71	0.05	-0.23	89_T	[50.408       9.01754839 56.45141935]
-0.22	 -0.92	0.05	0.36	89_T	[48.48645455  7.72109091 56.76163636]
-0.17	 -0.5	-0.04	0.28	89_T	[45.85183333  8.66616667 57.61429167]
0.06	 0.74	0.18	-0.44	90_V	[47.37583333 13.05333333 59.17333333]
0.07	 0.46	0.0	-0.23	90_V	[47.74616667 14.33855556 61.48848148]
-0.05	 0.24	-0.05	0.01	90_V	[51.3534  12.1793  61.70815]
0.09	 0.16	-0.15	-0.09	90_V	[48.1558 11.5676 59.998 ]
0.14	 1.76	0.01	-0.33	90_V	[48.55975  14.609625 63.301   ]
-0.27	 -0.44	-0.22	0.26	90_V	[47.61722222 13.09205556 60.92794444]
-0.04	 -0.08	-0.07	0.0	90_V	[51.9542  13.106   62.55095]
-0.01	 -0.36	-0.0	0.07	90_V	[50.15157895 11.32394737 60.78773684]
0.08	 0.92	-0.0	-0.22	90_V	[52.98185714 12.20271429 60.26242857]
0.15	 0.39	-0.0	-0.21	91_D	[53.71063158 11.62615789 53.53584211]
0.09	 1.23	0.46	-0.76	91_D	[55.0592 12.0126 58.0822]
-0.01	 -0.3	-0.18	0.18	91_D	[54.69092 10.44512 57.91028]
-0.13	 -0.87	-0.01	0.18	91_D	[52.51932258 10.34893548 59.11403226]
-0.07	 -0.04	-0.1	0.07	91_D	[53.50338889  9.44391667 55.96697222]
0.09	 1.06	0.06	-0.34	91_D	[54.673      12.42642857 58.68478571]
0.1	 1.04	0.09	-0.27	92_R	[51.3253  9.125  53.8825]
-0.06	 -0.38	-0.16	0.04	92_R	[48.84208333  6.49708333 52.4095    ]
-0.05	 0.91	-0.04	0.09	92_R	[50.5244  5.912  52.4506]
-0.02	 -0.22	-0.05	-0.02	92_R	[51.54496667  6.71343333 51.0288    ]
-0.09	 0.06	-0.14	0.01	92_R	[50.27553125  7.2233125  49.234875  ]
-0.15	 -0.11	-0.01	0.18	92_R	[53.25892593  6.36340741 51.28003704]
0.1	 0.64	-0.08	-0.09	92_R	[52.04636842 11.81736842 51.91747368]
0.05	 0.46	0.04	-0.24	92_R	[52.11037143  9.17722857 53.55622857]
0.04	 0.38	-0.04	-0.08	92_R	[50.45828  9.83572 50.3628 ]
0.01	 0.42	-0.05	-0.13	92_R	[48.4275      7.64423333 53.7409    ]
0.05	 0.01	0.0	-0.24	92_R	[48.59718182  6.50409091 51.18527273]
-0.22	 -0.97	-0.13	0.35	92_R	[51.41309524  6.99809524 53.70247619]
0.04	 0.22	-0.26	0.01	92_R	[49.9156  8.3551 48.987 ]
-0.29	 -1.35	0.08	0.56	92_R	[51.39943478  7.07147826 48.54473913]
-0.19	 -1.06	0.15	0.35	92_R	[53.25065517  6.1922069  52.46203448]
-0.27	 -1.12	0.18	0.47	92_R	[53.4612   5.994   49.76176]
0.16	 1.49	-0.01	-0.19	93_D	[48.292      11.396      49.38964286]
0.09	 0.96	-0.04	-0.25	93_D	[49.6432     15.24453333 49.771     ]
-0.1	 -0.05	-0.05	0.07	93_D	[47.61713333 16.1147     48.50263333]
0.06	 0.26	-0.2	-0.0	93_D	[50.54639286 13.20578571 50.81507143]
-0.09	 -0.53	0.1	0.17	93_D	[48.67788235 13.81035294 48.93976471]
0.03	 -0.34	-0.01	-0.07	94_T	[45.6885     12.61435294 47.43129412]
0.11	 0.69	0.03	-0.2	94_T	[42.0550625 12.6943125 52.12675  ]
0.08	 0.83	-0.11	-0.21	94_T	[40.87808333 12.18783333 51.20475   ]
0.05	 0.66	-0.12	-0.14	94_T	[41.38005 14.3927  51.75405]
0.11	 1.16	-0.15	-0.2	94_T	[40.13048571 12.95594286 49.89082857]
0.06	 0.41	0.38	-0.67	94_T	[41.3071 11.7104 51.5878]
0.62	 0.06	-0.42	0.27	95_V	[46.48613793  7.79596552 45.01210345]
0.05	 1.18	-0.01	-0.26	95_V	[48.37635714  8.08742857 47.64342857]
0.12	 0.84	-0.05	-0.16	95_V	[46.18918182 10.68054545 46.28772727]
-0.15	 -0.08	-0.0	0.17	95_V	[46.73296875  6.3756875  46.38090625]
0.21	 0.23	-0.05	-0.32	95_V	[44.96517241  7.24248276 44.56027586]
-0.28	 -1.17	0.19	0.45	95_V	[47.27357143  9.27978571 45.27578571]
0.02	 0.46	-0.32	0.08	95_V	[48.29085  7.05615 48.22485]
0.03	 0.06	0.0	-0.13	95_V	[48.03766667  9.68348148 47.93711111]
0.07	 0.6	-0.06	-0.21	96_C	[44.62255556  9.00772222 42.79777778]
0.06	 0.16	-0.1	-0.07	96_C	[42.60517647 13.45929412 45.60164706]
0.02	 0.32	0.0	-0.05	96_C	[44.60627273 10.74768182 44.68709091]
0.12	 1.01	-0.02	-0.21	96_C	[42.69825   11.9823125 42.881375 ]
0.19	 1.45	0.15	-0.44	97_G	[42.08225     5.40058333 42.11691667]
-0.08	 0.13	-0.12	0.02	98_C	[39.50646875  2.805125   41.68603125]
0.14	 0.76	0.02	-0.23	98_C	[40.9577619   4.78009524 40.99390476]
0.17	 0.57	0.05	-0.26	98_C	[39.68385185  4.0152963  38.50118519]
0.08	 0.84	0.01	-0.01	99_R	[35.395       1.94833333 43.051     ]
0.1	 0.84	-0.11	0.05	99_R	[34.07633333  2.48733333 43.266     ]
0.07	 0.94	0.07	-0.37	99_R	[32.12421053  2.65363158 41.71952632]
0.13	 0.2	-0.22	-0.1	99_R	[31.72271429  5.12528571 40.89085714]
-0.03	 -0.09	-0.04	0.0	99_R	[31.17221875  4.46878125 42.8435625 ]
-0.1	 -0.38	0.02	0.18	99_R	[30.4489      3.05426667 43.2067    ]
-0.09	 -0.15	-0.05	0.11	99_R	[30.78696429  6.27260714 43.57064286]
-0.0	 -0.11	-0.0	-0.03	99_R	[36.96052381  2.19104762 42.99514286]
-0.09	 -0.19	-0.04	0.1	99_R	[34.61673333  0.7031     42.05166667]
0.04	 -0.19	0.01	-0.04	99_R	[34.29647368  3.19973684 43.63752632]
-0.0	 0.28	-0.01	-0.05	99_R	[32.31347619  3.19452381 39.831     ]
-0.18	 -0.35	-0.3	0.22	99_R	[32.624375   1.781125  42.1620625]
0.13	 0.61	0.01	-0.26	99_R	[32.8259375  6.430125  41.2146875]
-0.29	 -0.79	0.14	0.41	99_R	[30.7444      2.09993333 42.75053333]
-0.27	 -1.12	0.17	0.47	99_R	[29.34352  3.67792 44.04912]
-0.2	 -0.49	-0.09	0.31	99_R	[31.62816  7.2574  42.98244]
-0.33	 -1.55	0.33	0.59	99_R	[29.47433333  6.00295238 44.11538095]
0.12	 0.95	0.09	-0.34	100_K	[37.54528571  0.15414286 40.99728571]
0.07	 0.95	-0.02	-0.23	100_K	[39.327375  0.8005   40.08725 ]
0.0	 0.47	-0.01	-0.12	100_K	[35.84135 -1.7523  39.946  ]
-0.04	 0.38	-0.11	0.08	100_K	[39.2646 -2.1449 41.3052]
-0.07	 1.09	-0.08	0.08	100_K	[39.56044444 -3.66811111 39.25555556]
-0.03	 0.09	1.93	0.18	100_K	[40.963      -0.73341176 37.50729412]
-0.02	 0.37	-0.22	0.06	100_K	[41.509      -1.987      35.95166667]
-0.01	 -4.79	-0.01	-0.09	100_K	[39.957      -4.71533333 35.72133333]
-0.12	 -0.34	-0.12	0.17	100_K	[37.78846154 -0.156      41.82523077]
0.1	 0.13	0.02	-0.23	100_K	[39.34629167  0.99       39.034     ]
-0.16	 -0.74	0.07	0.26	100_K	[40.15654167 -1.23716667 40.7465    ]
-0.18	 -0.94	0.12	0.29	100_K	[37.93094737 -2.83394737 40.74731579]
-0.21	 -0.69	0.09	0.27	100_K	[40.28027273 -4.05068182 39.21031818]
-0.05	 0.46	0.11	-0.1	100_K	[37.62707692 -3.51611538 37.94238462]
-0.1	 -0.11	-0.2	0.11	100_K	[40.29514286  0.08771429 37.51      ]
-0.14	 -0.36	0.08	0.19	100_K	[41.73368 -2.07468 37.82728]
0.1	 0.92	0.01	-0.29	100_K	[38.22394737 -2.96852632 35.49810526]
0.12	 0.85	0.03	-0.27	100_K	[41.01119444 -1.0095     35.06427778]
-0.44	 -0.05	-0.06	0.39	100_K	[40.19276667 -4.2082     34.26916667]
-0.27	 -0.76	-0.1	0.42	100_K	[41.91013043 -3.8173913  35.75513043]
-0.21	 -0.68	0.04	0.22	100_K	[39.43465 -4.78285 36.8969 ]
0.12	 1.23	0.45	-0.73	101_N	[36.6478 -2.972  36.718 ]
0.11	 1.29	0.17	-0.39	101_N	[34.1185     -0.55883333 33.80025   ]
-0.07	 -0.38	0.03	-0.02	101_N	[34.7000625 -3.144625  36.9958125]
-0.14	 -0.66	-0.06	0.21	101_N	[32.454  -1.2725 37.3007]
-0.03	 -0.03	-0.02	-0.11	101_N	[32.749       0.59427273 36.00842424]
-0.09	 0.25	0.06	0.07	101_N	[32.89622222 -1.30927778 39.16838889]
0.0	 0.32	0.02	-0.05	101_N	[36.45965385 -2.545      34.89923077]
-0.23	 -0.73	0.08	0.34	101_N	[33.93056522 -2.45234783 35.45308696]
-0.23	 -0.89	-0.04	0.33	101_N	[35.02833333 -3.1955     37.92758333]
-0.08	 0.05	-0.03	0.05	101_N	[32.67978125  0.49465625 39.2789375 ]
-0.17	 -0.64	0.08	0.21	101_N	[33.87678947 -1.60994737 39.83842105]
0.1	 0.86	-0.0	-0.24	102_Q	[40.06307143  2.01033333 36.15614286]
-0.02	 0.21	-0.16	-0.05	102_Q	[32.68567857  4.69135714 37.71325   ]
0.12	 1.0	0.3	-0.47	102_Q	[33.40807143  2.22121429 37.67092857]
0.02	 0.6	-0.03	-0.06	102_Q	[32.3286087   5.31808696 36.24365217]
-0.01	 0.64	-0.02	-0.04	102_Q	[32.95130556  6.43372222 38.68330556]
0.16	 0.96	0.04	-0.41	103_Y	[39.1839  5.6207 27.6133]
-0.07	 -0.03	-0.14	0.03	103_Y	[35.99344118  6.15485294 28.08635294]
0.21	 1.57	0.22	-0.48	103_Y	[41.22715385  3.623      35.40261538]
0.16	 1.36	0.36	-0.6	103_Y	[41.317   6.3626 29.7512]
0.2	 1.33	0.11	-0.39	103_Y	[35.35786667  4.38666667 29.07886667]
-0.0	 0.34	0.89	-0.09	103_Y	[39.89515909  7.10927273 28.57031818]
-0.16	 -0.43	0.05	0.26	103_Y	[37.34107407  7.1627037  27.5862963 ]
0.14	 1.33	-0.04	-0.33	104_R	[42.25053571  7.73253571 30.52621429]
0.06	 1.17	-0.23	-0.05	104_R	[45.7832  6.611  39.4816]
0.1	 0.43	0.04	-0.27	104_R	[46.00316667  7.38195833 38.80954167]
-0.0	 0.19	0.08	-0.18	104_R	[44.78076471  5.99905882 41.18841176]
0.21	 1.46	0.15	-0.41	104_R	[41.50941667  5.076      36.62454167]
0.11	 0.57	-0.07	-0.16	104_R	[42.6295      4.93663636 38.44140909]
-0.04	 -0.04	0.05	0.02	104_R	[45.67947368  9.228      40.13652632]
-0.13	 -0.55	-0.41	0.24	104_R	[43.501   5.0675 40.805 ]
1.54	 -0.32	-0.67	0.49	104_R	[44.70918519  7.12977778 42.28218519]
0.09	 1.05	0.11	-0.29	105_H	[39.40416667 10.262      28.71225   ]
0.05	 1.53	0.12	-0.32	105_H	[41.43183333 10.40916667 28.32891667]
0.07	 0.53	0.03	-0.19	105_H	[38.33508333 12.3215     28.56708333]
-0.22	 -0.82	0.09	0.29	105_H	[41.92015556 12.09435556 27.1154    ]
0.01	 1.19	-0.01	-0.06	105_H	[39.41557143 13.15057143 27.10014286]
0.13	 0.63	-0.01	-0.22	105_H	[42.940125  9.081375 30.710875]
0.18	 1.17	0.09	-0.37	105_H	[38.8927  9.0256 29.3133]
-0.22	 -0.16	1.45	0.45	105_H	[41.81293103  9.51406897 28.75427586]
-0.07	 -0.14	-0.03	0.04	105_H	[40.80089474 14.31121053 27.31952632]
0.12	 1.3	-0.04	-0.25	106_Y	[45.1632 14.7188 31.0088]
-0.06	 0.08	-0.03	0.02	106_Y	[43.94343902 14.30958537 29.48621951]
0.01	 0.4	0.02	-0.11	106_Y	[46.54072222 13.132      32.00977778]
-0.02	 1.02	-0.06	-0.04	106_Y	[47.12825  12.507125 33.44575 ]
0.11	 0.63	0.02	-0.23	106_Y	[47.3577 13.0466 34.8801]
-0.01	 -0.57	-0.12	0.03	106_Y	[47.18073684 10.50947368 33.00373684]
0.01	 -0.43	0.09	-0.13	106_Y	[47.41229412 11.96976471 36.12447059]
0.1	 0.66	-0.17	-0.05	106_Y	[47.70566667 10.1895     34.50733333]
-0.03	 0.37	-0.07	0.05	106_Y	[47.71888889 10.54122222 35.92177778]
-0.08	 0.36	-0.0	0.09	106_Y	[47.17521739  9.76795652 37.63604348]
0.07	 0.66	0.05	-0.16	106_Y	[43.7844  10.79368 30.46208]
-0.15	 -0.56	0.07	0.26	106_Y	[45.91146667 11.91793333 31.05493333]
-0.03	 -0.75	-0.03	-0.03	106_Y	[46.238125  14.358125  31.9538125]
0.06	 0.01	-0.09	-0.12	106_Y	[45.722       9.46988235 31.83905882]
0.06	 0.05	-0.08	-0.08	106_Y	[46.23619048 12.426      37.91838095]
0.05	 0.06	-0.03	-0.1	106_Y	[47.11295  7.9042  37.0623 ]
0.11	 0.86	0.1	-0.31	107_W	[44.72785714 16.92414286 31.23333333]
-0.21	 -0.85	0.03	0.31	107_W	[44.23557895 18.61478947 30.18463158]
0.06	 -0.79	0.02	-0.11	107_W	[39.48928571 18.06385714 32.229     ]
0.07	 0.82	0.03	-0.19	107_W	[38.24821053 17.38810526 33.44542105]
0.01	 0.31	-0.02	-0.06	107_W	[39.27575  17.977625 30.61975 ]
0.05	 0.6	0.06	-0.2	107_W	[36.82221429 16.34307143 32.0825    ]
-0.03	 0.37	0.08	-0.14	107_W	[37.784375 17.242375 30.447125]
0.0	 0.14	0.02	-0.11	107_W	[40.6096  16.9476  28.80276]
-0.11	 -0.53	-0.03	0.15	107_W	[36.342375  16.2828125 29.8565   ]
-0.06	 -0.08	0.11	-0.17	107_W	[39.27152 16.61156 27.41396]
-0.02	 0.14	-0.09	-0.02	107_W	[37.36694737 15.04281579 28.08165789]
0.17	 1.87	-0.08	-0.2	107_W	[43.13342857 16.43685714 29.44342857]
-0.07	 -0.08	-0.01	0.01	107_W	[41.6383125  18.86403125 31.81403125]
0.14	 1.65	0.02	-0.32	107_W	[36.314875 15.932375 32.696375]
-0.08	 -0.43	-0.04	0.11	107_W	[41.601125   17.17033333 28.85266667]
-0.07	 -0.22	-0.07	0.05	107_W	[35.7937 14.7546 29.4325]
-0.25	 -0.72	-0.05	0.56	107_W	[39.67125    16.118      26.60891667]
-0.35	 -0.87	0.18	0.64	107_W	[36.85705 15.1001  27.2924 ]
0.12	 1.86	-0.0	-0.31	108_S	[46.121  17.     31.5882]
0.13	 0.18	0.03	-0.21	108_S	[46.88269231 16.20838462 32.41723077]
-0.05	 -0.03	0.04	-0.18	108_S	[45.6484     20.31626667 33.32873333]
0.12	 0.88	0.08	-0.26	108_S	[47.32482353 19.32358824 35.34894118]
-0.16	 -0.54	-0.05	0.22	108_S	[46.44333333 18.29888889 31.26816667]
-0.21	 -0.6	0.08	0.36	108_S	[46.325      20.43508333 32.83604167]
-0.1	 -0.43	-0.0	0.12	108_S	[43.65204545 19.88954545 33.56654545]
-0.13	 -0.19	0.01	0.16	108_S	[45.35888235 20.45905882 35.73038235]
0.0	 -0.85	-0.03	-0.08	109_E	[48.4514 17.1579 32.6363]
0.06	 1.54	0.39	-0.68	109_E	[49.584375 15.586375 34.432625]
-0.13	 -0.07	-0.03	0.1	109_E	[48.92657778 14.75857778 36.95177778]
-0.21	 -1.0	0.1	0.3	109_E	[50.69719697 17.35765152 34.93640909]
-0.15	 -0.38	-0.15	0.18	109_E	[48.60307692 18.69061538 33.36396154]
-0.09	 -0.3	-0.12	0.12	109_E	[48.33418182 14.73306061 33.88172727]
0.12	 1.53	0.12	-0.38	110_N	[43.9675     17.67766667 38.653     ]
-0.05	 0.36	-0.11	-0.02	110_N	[44.44883333 15.22561905 39.44133333]
-0.01	 0.75	-0.0	-0.09	110_N	[45.520875  18.7786875 39.1344375]
-0.02	 0.55	0.06	-0.1	110_N	[48.89590909 18.44754545 39.13654545]
-0.18	 -0.4	-0.01	0.25	110_N	[48.98052381 19.40078571 37.84885714]
-0.09	 -0.9	-0.05	0.09	110_N	[49.04537037 17.06655556 40.48781481]
0.07	 0.25	-0.05	-0.12	110_N	[47.07847059 14.91170588 38.54188235]
-0.05	 0.04	-0.07	0.11	110_N	[46.0975   19.557    38.199375]
-0.15	 -0.32	0.0	0.19	110_N	[45.81688889 17.90933333 40.22072222]
-0.29	 -0.98	0.25	0.53	110_N	[50.176      17.79207692 40.51669231]
-0.19	 -0.72	0.04	0.33	110_N	[47.72534615 16.44630769 40.82738462]
0.11	 1.13	0.15	-0.41	111_L	[42.62318182 19.381      35.68827273]
0.08	 0.67	0.04	-0.28	111_L	[41.98215789 17.95073684 39.34036842]
-0.02	 -0.07	-0.01	-0.04	111_L	[39.71089655 19.43396552 35.44672414]
-0.04	 0.08	-0.22	0.0	111_L	[43.17965517 19.19534483 37.44706897]
0.15	 0.52	-0.01	-0.19	111_L	[41.65253846 16.64861538 39.77753846]
0.0	 0.16	-0.26	0.07	111_L	[41.76972727 19.32118182 39.14990909]
-0.27	 -0.05	-0.11	0.07	111_L	[37.92109091 18.90954545 36.43668182]
-0.11	 -0.24	0.01	0.17	111_L	[40.6986  20.37735 36.6075 ]
-0.0	 0.25	-0.07	-0.02	111_L	[40.40345 18.95105 34.22315]
0.13	 1.28	0.03	-0.27	112_F	[43.05657143 12.84564286 40.72528571]
0.19	 1.37	0.1	-0.38	112_F	[45.01130769 13.02138462 38.77223077]
-0.04	 -0.1	-0.05	0.04	112_F	[44.56367742 11.48387097 40.6016129 ]
0.09	 1.31	0.0	-0.26	113_Q	[34.1985 14.987  33.128 ]
0.02	 0.27	-0.08	-0.04	113_Q	[34.922      14.85058333 31.84454167]
-0.07	 -0.18	-0.15	-0.03	113_Q	[32.75736842 13.62294737 33.40810526]
-0.02	 0.09	-0.02	-0.02	113_Q	[33.16294444 11.8415     34.03472222]
-0.26	 -0.89	0.16	0.44	113_Q	[32.69513636 13.70109091 32.03313636]
0.01	 0.38	-0.05	-0.13	114_C	[33.80846154  8.88330769 35.19535897]
0.23	 1.52	0.37	-0.6	114_C	[34.2111875  8.2116875 37.5745625]
0.08	 0.98	-0.1	-0.28	115_F	[35.1265  7.9904 29.5794]
-0.0	 0.04	-0.09	-0.02	115_F	[33.8593      8.85363333 30.6037    ]
0.08	 1.39	0.2	-0.42	115_F	[36.0426  8.7376 29.287 ]
-0.05	 -0.15	0.02	0.04	115_F	[33.66719231 10.26276923 29.99307692]
-0.02	 0.08	-0.15	-0.02	115_F	[37.06761905 10.03919048 29.12761905]
-0.07	 0.13	0.13	-0.04	115_F	[35.83945833 11.84925    29.13579167]
0.18	 1.18	0.03	-0.21	115_F	[33.28415385  7.12484615 33.88653846]
0.07	 0.24	0.03	-0.1	115_F	[34.36913333  6.26373333 30.1974    ]
-6.99	 -0.78	0.05	0.41	115_F	[32.72752632  8.45831579 31.51952632]
-0.16	 -0.03	0.08	0.34	115_F	[32.65864 11.33384 30.78536]
-0.05	 -0.61	-0.13	0.03	115_F	[34.99529412 12.80905882 29.64841176]
0.1	 1.07	0.3	-0.57	116_N	[32.4314  2.1405 30.9391]
-0.02	 -0.1	-0.17	-0.01	116_N	[33.55713889  3.22705556 29.67611111]
-0.0	 0.72	-0.11	0.0	116_N	[31.20644444  2.85122222 31.48533333]
0.01	 0.32	-0.12	-0.04	116_N	[31.01938095  3.62557143 34.74966667]
-0.05	 0.2	-0.15	-0.02	116_N	[31.64907143  3.05885714 36.65614286]
-0.17	 -0.8	0.0	0.21	116_N	[29.1225      3.61020833 34.32166667]
0.01	 0.26	0.04	-0.15	116_N	[32.6947619   5.65880952 32.596     ]
-0.2	 -0.4	0.03	0.29	116_N	[31.095       4.35205882 31.85811765]
-0.05	 -0.12	-0.09	0.03	116_N	[31.32212  1.66184 32.53024]
-0.3	 -1.02	0.13	0.49	116_N	[29.29042308  3.67688462 35.81165385]
-0.28	 -0.9	0.19	0.46	116_N	[28.894       3.51686957 33.09143478]
0.1	 1.42	-0.02	-0.28	117_C	[32.6979  1.2506 29.8964]
-0.05	 0.02	-0.13	-0.09	117_C	[32.36284848 -0.54990909 31.04593939]
0.1	 1.04	0.06	-0.22	117_C	[35.699625  -2.1285625 31.705875 ]
0.13	 0.72	0.06	-0.28	117_C	[37.14166667 -1.82566667 33.11588889]
0.22	 1.46	0.13	-0.39	117_C	[33.29564286  0.60785714 33.34892857]
-0.04	 -0.07	-0.49	0.21	117_C	[34.56066667 -1.67695238 32.52485714]
0.1	 1.01	0.07	-0.29	117_C	[35.97271429 -2.32914286 30.67171429]
0.13	 0.79	0.02	-0.24	118_S	[34.5532  -3.33045 29.53595]
0.11	 1.91	0.04	-0.28	118_S	[31.79409091 -0.04545455 25.919     ]
-0.1	 -0.43	-0.23	0.17	118_S	[32.38771429  1.80621429 25.90989286]
-0.0	 0.23	-0.0	-0.05	118_S	[32.01876923  0.37130769 28.37115385]
-0.02	 0.42	-0.3	-0.02	118_S	[31.89084615 -0.81030769 25.33276923]
0.03	 -0.51	-0.06	-0.08	118_S	[33.91270588  2.60229412 26.66035294]
-0.03	 0.18	-0.12	0.02	119_L	[31.83534375 -6.79790625 26.98853125]
0.06	 0.34	-0.11	0.07	119_L	[29.88583333 -2.74016667 30.48483333]
-0.14	 -1.0	-0.02	0.22	119_L	[28.05491667 -4.40995833 31.14708333]
-0.07	 -0.34	-0.02	0.03	119_L	[31.9532     -4.75325714 31.6594    ]
0.02	 -0.14	0.08	-0.1	119_L	[30.6071 -2.1499 26.9809]
0.04	 0.32	0.08	-0.1	119_L	[33.4334  -5.21335 28.4822 ]
0.12	 1.34	-0.07	-0.13	119_L	[28.964125  -3.0375625 27.8151875]
0.08	 0.38	0.01	-0.16	119_L	[29.63935714 -6.20164286 28.394     ]
-0.01	 0.37	-0.0	-0.09	119_L	[30.39492593 -2.11151852 30.08774074]
-0.2	 -1.2	0.14	0.38	119_L	[28.96388 -3.74284 32.20404]
-0.17	 0.25	0.05	0.01	119_L	[27.69568 -3.42168 29.45732]
-0.18	 -0.7	0.05	0.17	119_L	[28.3724 -5.9956 30.0917]
-0.24	 -1.09	0.04	0.44	119_L	[31.42630435 -3.82669565 32.413     ]
-0.12	 -0.67	0.07	0.24	119_L	[31.13833333 -6.25933333 30.7707037 ]
-0.04	 -0.43	-0.11	0.16	119_L	[33.2812     -4.27873333 30.7306    ]
0.13	 1.7	0.24	-0.5	120_C	[30.01222222 -6.82022222 25.22544444]
0.07	 0.23	-0.04	-0.11	120_C	[30.62711111 -7.77033333 24.1075    ]
0.13	 0.73	0.09	-0.3	120_C	[31.5311875 -2.4949375 24.858875 ]
0.15	 0.98	0.1	-0.4	120_C	[31.63025    -2.99328571 23.07610714]
0.17	 0.89	0.1	-0.33	120_C	[32.99955556 -7.65455556 24.86044444]
0.08	 1.19	0.11	-0.38	121_L	[29.98471429 -3.82185714 23.33314286]
0.16	 1.43	0.14	-0.42	121_L	[29.02077419 -3.68764516 21.75948387]
0.02	 0.24	-0.04	-0.18	121_L	[26.      -4.59225 22.89975]
-0.09	 -0.48	0.02	0.1	121_L	[25.67518919 -3.05654054 26.30427027]
-0.05	 0.06	0.06	-0.03	121_L	[26.61139394 -6.70415152 26.87039394]
0.05	 0.44	0.03	-0.11	121_L	[29.28635294 -3.39370588 24.61229412]
-0.06	 0.13	-0.14	0.01	121_L	[28.07075    -7.584      24.57708333]
-0.06	 0.14	-0.1	0.12	121_L	[27.13786364 -3.78209091 22.85013636]
-0.23	 -0.12	-0.35	0.2	121_L	[25.682125  -5.7285625 23.3204375]
0.08	 0.86	-0.18	-0.12	121_L	[28.59007692 -3.13576923 26.20684615]
-0.33	 -0.83	0.02	0.39	121_L	[25.8914     -3.33066667 27.96293333]
-0.24	 -0.73	0.14	0.39	121_L	[26.44396296 -2.22474074 25.32440741]
-0.21	 -1.58	0.17	0.35	121_L	[24.56186364 -4.21145455 25.46672727]
-0.12	 -0.36	-0.11	0.14	121_L	[26.55034783 -5.63343478 28.37865217]
-0.18	 -0.62	0.0	0.33	121_L	[25.53869565 -6.67234783 25.79230435]
-0.07	 -0.57	-0.01	0.11	121_L	[28.36352632 -7.14863158 26.36852632]
0.07	 0.76	-0.1	-0.14	122_N	[25.13027273 -6.67963636 21.78345455]
-0.22	 -0.57	0.01	0.24	122_N	[24.67645455 -8.35463636 20.26418182]
-0.09	 0.25	-0.12	0.0	122_N	[24.24680952 -5.0912381  20.52585714]
-0.03	 -0.11	0.01	-0.02	122_N	[26.96016667 -7.82426667 22.84713333]
0.12	 0.79	-0.03	-0.21	122_N	[27.13075   -9.2954375 20.6745625]
0.17	 1.1	0.08	-0.36	122_N	[26.852375  -4.375     20.7340625]
-0.3	 -0.87	0.23	0.5	122_N	[23.0305     -5.95725    19.85766667]
-0.1	 -0.45	0.02	0.07	122_N	[24.9026087  -4.20047826 19.759     ]
-0.04	 0.06	0.05	-0.05	123_G	[31.67536364 -9.80712121 22.72809091]
0.2	 1.35	0.09	-0.34	123_G	[29.41707692 -8.73553846 22.25207692]
0.03	 0.58	-0.12	0.03	124_T	[ 36.393      -11.03566667  19.55466667]
0.08	 1.34	0.08	-0.32	124_T	[ 34.0433     -10.95433333  19.8462    ]
-0.1	 -0.49	-0.01	0.05	124_T	[ 36.76590909 -11.96536364  21.88830303]
0.02	 0.69	0.02	-0.19	124_T	[33.8018  -9.95288 23.28588]
0.11	 0.63	0.04	-0.29	124_T	[37.04486364 -9.92295455 20.16127273]
-0.31	 -0.86	-0.02	0.38	124_T	[ 34.66892 -12.00584  19.10752]
-0.29	 -0.93	0.16	0.47	124_T	[ 36.95604545 -12.50368182  20.52009091]
-0.02	 -0.0	-0.18	0.05	124_T	[ 37.50909091 -11.06290909  23.11472727]
-0.21	 -0.65	0.09	0.36	124_T	[ 35.26252381 -12.25214286  22.73404762]
-0.11	 -0.26	-0.1	0.14	125_V	[ 39.28337037 -10.02859259  23.52611111]
0.06	 0.37	-0.09	0.08	125_V	[37.70233333 -9.16566667 27.02766667]
-0.02	 1.26	-0.05	-0.07	125_V	[39.6104 -8.6831 26.4368]
-0.09	 -0.45	-0.25	0.15	125_V	[35.30445455 -7.64527273 27.35295455]
0.01	 0.21	-0.24	0.03	125_V	[ 35.63547059 -10.17682353  24.50905882]
-0.12	 -0.29	0.11	0.09	125_V	[37.43308696 -9.95921739 25.70247826]
-0.05	 0.27	-0.07	-0.05	125_V	[38.4273     -7.62986667 27.8219    ]
0.06	 0.1	0.03	-0.22	125_V	[40.42709524 -8.11357143 25.83119048]
-0.19	 -0.98	0.18	0.29	125_V	[36.33248 -7.76472 27.95272]
0.18	 1.07	0.49	-0.64	125_V	[35.20533333 -5.90322222 27.16666667]
-0.04	 -0.19	-0.01	0.11	125_V	[34.4567  -8.6399  25.94135]
-0.13	 -0.36	-0.01	0.13	126_H	[42.77633333 -8.18051515 23.35578788]
0.17	 1.55	0.12	-0.36	126_H	[42.37892857 -4.917      20.36092857]
0.09	 1.23	0.28	-0.59	126_H	[41.8157 -4.2928 18.8336]
-0.06	 -0.37	-0.17	0.12	126_H	[42.85526923 -7.59207692 19.84592308]
-0.23	 -0.84	0.02	0.32	126_H	[42.15511538 -5.93723077 17.16486538]
-0.05	 0.98	0.09	-0.1	126_H	[42.80464706 -7.437      18.29052941]
0.07	 0.06	0.02	-0.18	126_H	[39.63555556 -8.77651852 21.13603704]
0.07	 0.34	-0.08	-0.09	126_H	[39.98585185 -4.73133333 17.86085185]
-0.06	 -1.01	0.02	0.1	126_H	[43.15768421 -8.13221053 21.08142105]
-0.42	 -1.04	0.36	0.62	126_H	[44.2587619  -7.78366667 18.00109524]
0.1	 1.0	-0.01	0.07	127_L	[45.41766667 -5.05333333 22.48333333]
-0.06	 -0.21	-0.02	0.02	127_L	[45.3770625 -2.32475   22.9671875]
-0.11	 -0.93	-0.02	0.15	127_L	[45.80388 -5.7364  24.9232 ]
0.18	 1.17	0.06	-0.31	127_L	[42.39728571 -7.17942857 25.37978571]
-0.03	 0.86	-0.04	-0.15	127_L	[44.0535     -5.47526923 21.88565385]
-0.23	 -1.22	0.15	0.4	127_L	[46.32904 -3.57384 22.36916]
-0.01	 -0.14	0.09	-0.16	127_L	[43.60431818 -2.95009091 21.62359091]
0.06	 0.5	-0.03	-0.16	127_L	[45.231      -2.16325926 25.07096296]
-0.28	 -1.64	0.25	0.44	127_L	[46.59245 -5.5433  23.7798 ]
0.02	 0.55	0.08	-0.16	127_L	[45.01436667 -3.91893333 26.5378    ]
-0.15	 -0.91	-0.07	0.23	127_L	[44.71553846 -6.85223077 25.05138462]
0.14	 0.77	0.45	-0.78	128_S	[41.43075 -7.24275 27.18675]
-0.01	 0.36	0.04	-0.16	128_S	[40.76415 -7.01465 29.65585]
-0.08	 -0.41	-0.17	0.14	128_S	[43.71985714 -6.64728571 28.88509524]
0.03	 0.3	-0.05	-0.12	128_S	[43.15920588 -6.09370588 27.32467647]
0.2	 1.55	0.04	-0.3	128_S	[38.98091667 -5.70908333 28.54683333]
-0.16	 -0.44	0.04	0.31	128_S	[40.99948 -5.60828 31.19744]
-0.22	 -0.26	-0.01	0.21	128_S	[40.80848 -7.90788 28.70408]
-0.26	 -0.81	0.14	0.38	128_S	[43.34037037 -7.14044444 30.54155556]
0.04	 0.6	0.01	-0.24	129_C	[41.91454167 -3.35879167 32.58397917]
0.07	 1.17	-0.1	-0.13	129_C	[38.53077778 -3.00022222 31.82988889]
0.03	 -0.02	0.05	-0.11	129_C	[39.15191304 -4.22943478 30.26065217]
0.02	 -0.43	0.02	-0.09	129_C	[37.56946667 -2.773      31.0798    ]
0.06	 0.76	0.01	-0.23	129_C	[39.041      -2.73826087 32.84752174]
0.03	 0.18	-0.15	-0.07	130_Q	[42.76578571 -0.46478571 33.93028571]
0.15	 1.22	-0.05	-0.19	130_Q	[45.81375   1.373875 30.214   ]
0.16	 1.1	0.16	-0.41	130_Q	[45.34408696 -1.39878261 28.12204348]
-0.06	 0.22	-0.45	0.13	130_Q	[45.99140909 -2.58486364 29.93409091]
-0.29	 -0.89	0.12	0.41	130_Q	[47.376275 -2.40145  30.0085  ]
0.16	 1.17	0.04	-0.27	130_Q	[44.628   -3.82976 30.0406 ]
-0.05	 0.02	0.01	-0.03	130_Q	[44.27578571 -1.67614286 32.76      ]
-0.05	 -0.34	-0.01	-0.03	130_Q	[46.31610526  0.23736842 31.20863158]
-0.13	 -0.28	-0.12	0.17	130_Q	[46.2400625 -0.1851875 28.498125 ]
-0.22	 -0.45	0.02	0.28	130_Q	[45.06333333 -4.579      30.96307407]
0.01	 0.02	-0.09	-0.06	131_E	[44.60228571 -0.10928571 34.01214286]
0.04	 1.26	0.03	-0.22	131_E	[44.033125  0.737375 35.073625]
0.04	 0.45	-0.11	-0.1	131_E	[46.54157143  1.87242857 35.1445    ]
0.05	 0.89	-0.08	-0.14	131_E	[44.3858      2.65026667 37.54653333]
-0.04	 0.33	0.12	-0.14	131_E	[46.945375    3.81320833 37.521875  ]
-0.06	 -0.06	0.01	0.02	131_E	[47.9010625   4.58865625 36.29334375]
-0.18	 -0.36	-0.02	0.2	131_E	[46.03981579  4.35455263 39.161     ]
-0.12	 -0.08	-0.13	0.09	131_E	[45.9526875  0.6714375 33.0041875]
0.01	 -0.16	4.1	0.37	131_E	[42.55521739  1.23656522 35.06347826]
-0.29	 -0.87	0.02	0.37	131_E	[46.14026316  0.83910526 35.301     ]
0.04	 0.36	-0.07	-0.07	131_E	[46.91605882  3.22217647 33.96335294]
0.11	 0.35	-0.01	-0.13	131_E	[43.05411111  3.44305556 36.51755556]
-0.26	 -0.57	0.04	0.25	131_E	[44.85664  1.5638  37.38504]
0.15	 1.33	0.46	-0.67	132_K	[45.34085714  4.18085714 29.31557143]
-0.07	 0.05	1.61	0.21	132_K	[43.83377273  6.21081818 28.97488636]
0.06	 0.31	-0.04	-0.15	132_K	[46.3385      6.24733333 30.15416667]
0.01	 0.2	-0.08	-0.04	132_K	[48.5605    6.258875 31.55425 ]
0.07	 0.95	0.02	-0.2	132_K	[48.54325   7.830125 35.0895  ]
-0.01	 -4.68	-0.01	-0.09	132_K	[50.62816667  7.5915     34.5845    ]
0.1	 0.99	0.01	-0.22	132_K	[45.98227273  3.01613636 31.59559091]
-0.13	 -0.56	-0.01	0.11	132_K	[46.409625    4.79545833 30.34666667]
0.03	 -0.23	-0.02	-0.07	132_K	[45.09832  7.5258  30.78312]
-0.1	 -0.09	0.04	0.05	132_K	[48.17788462  4.91796154 32.64857692]
-0.12	 -0.61	-0.03	0.19	132_K	[47.91216  7.67288 31.64024]
0.01	 0.33	-0.06	-0.11	132_K	[48.47955  8.88875 34.2996 ]
0.17	 1.17	-0.06	-0.19	132_K	[47.92266667  6.66033333 36.29288889]
-0.22	 -0.51	-0.04	0.38	132_K	[49.81414706  7.39164706 35.86161765]
-0.22	 -0.47	-0.06	0.31	132_K	[49.94965385  5.32619231 34.41119231]
-0.25	 -0.33	0.12	0.38	132_K	[50.4277037   7.54837037 33.16848148]
0.04	 0.35	0.01	-0.2	133_Q	[44.84425    4.0215625 26.633375 ]
-0.0	 0.58	0.01	-0.06	133_Q	[44.76942857  2.22914286 25.369     ]
-0.38	 -0.92	-0.12	0.56	133_Q	[44.75683333  2.51391667 23.94866667]
-0.18	 -0.34	-0.09	0.22	133_Q	[46.39516667  1.2185     26.76583333]
0.1	 0.39	-0.03	-0.19	133_Q	[41.99325     5.0755     27.80883333]
0.07	 0.44	0.0	-0.15	133_Q	[45.547       2.64490476 28.82661905]
-0.07	 0.07	0.02	0.01	133_Q	[42.82528  3.77272 25.9746 ]
-0.19	 -0.54	0.06	0.25	133_Q	[45.45247368  4.37105263 27.08031579]
0.09	 1.42	-0.07	-0.24	133_Q	[45.99314286  1.22571429 27.88457143]
0.0	 0.22	-0.04	-0.05	133_Q	[45.35362222 -0.10131111 25.22122222]
0.18	 0.3	0.1	-0.33	134_N	[40.99096552  1.21993103 25.30175862]
0.04	 0.48	-0.01	-0.17	134_N	[37.57889474  4.06936842 26.07357895]
-0.0	 0.27	-0.07	-0.12	134_N	[35.41289286  3.47092857 26.36753571]
0.03	 0.31	0.02	-0.18	134_N	[40.48151852  3.99492593 26.70655556]
0.08	 0.39	0.1	-1.12	134_N	[38.74981818  4.82327273 26.93345455]
-0.07	 -0.0	-0.08	0.1	134_N	[38.6413125  2.9845    25.16075  ]
0.11	 1.51	0.03	-0.3	135_T	[37.2856 -3.4097 29.2383]
0.09	 1.29	0.01	-0.22	135_T	[37.26394118 -4.86358824 27.95441176]
0.08	 -0.79	0.01	-0.15	135_T	[36.30376923 -3.13330769 29.41130769]
0.1	 0.44	-0.0	-0.3	135_T	[35.79145 -4.8216  27.64145]
0.09	 1.38	0.21	-0.48	135_T	[38.0905   -4.957625 28.012125]
-0.03	 0.01	-0.07	-0.02	136_V	[39.93043478 -1.53921739 19.32886957]
0.04	 -0.17	-0.0	-0.19	136_V	[42.5629  -0.4004  22.25975]
-0.06	 -0.26	-0.1	0.09	136_V	[41.66982857 -2.74854286 19.83891429]
-0.09	 -0.18	-0.05	0.04	136_V	[39.01904167 -0.27929167 20.219125  ]
-0.16	 -0.55	-0.16	0.21	136_V	[43.0675     -1.08641667 21.60583333]
-0.03	 -0.08	-0.1	0.07	136_V	[41.16602941  0.40232353 22.74814706]
0.24	 1.27	0.05	-0.31	137_C	[38.15353333 -3.42653333 18.194     ]
0.15	 1.46	0.3	-0.54	138_T	[34.16416667 -8.63677778 17.97388889]
0.06	 0.31	-0.09	0.03	138_T	[37.37533333 -9.06       17.91766667]
-0.08	 -0.24	-0.0	0.06	138_T	[36.87737143 -8.02988571 15.71574286]
0.1	 0.51	-0.04	-0.18	138_T	[37.14143478 -4.89656522 16.762     ]
0.05	 0.42	-0.22	-0.06	138_T	[36.04615789 -9.22378947 18.35226316]
-0.06	 -0.0	-0.05	-0.08	138_T	[38.96187805 -8.48256098 18.2207561 ]
-0.22	 -1.15	0.27	0.46	138_T	[37.621   -9.18715 16.08865]
-0.09	 0.03	-0.43	0.04	138_T	[35.49981818 -7.93172727 15.06636364]
-0.24	 -0.87	0.0	0.38	138_T	[37.89147619 -6.46014286 15.62047619]
0.17	 1.53	0.04	-0.32	139_C	[32.55616667 -6.65883333 14.40316667]
-0.04	 0.02	-0.04	-0.08	139_C	[33.49129545 -8.43215909 15.05772727]
0.05	 0.76	-0.02	-0.12	139_C	[34.93404545 -5.25113636 15.52509091]
0.09	 0.5	-0.02	-0.15	139_C	[32.6846  -4.68332 14.4006 ]
0.11	 1.28	-0.1	-0.22	140_H	[31.912      -8.04528571 13.29357143]
0.17	 1.59	0.12	-0.37	140_H	[31.30705556 -7.04305556 13.30933333]
0.07	 1.46	0.11	-0.38	140_H	[ 28.498375  -10.483375   16.1353125]
-0.14	 0.11	-0.12	0.08	140_H	[ 29.68571429 -11.84585714  16.99014286]
0.02	 0.32	0.13	-0.13	140_H	[ 31.03925  -11.797875  17.075   ]
-0.09	 -0.02	0.03	-0.0	140_H	[ 28.058      -11.39173913  18.30595652]
-0.12	 -0.67	0.03	0.1	140_H	[ 31.0475     -12.41340909  19.44709091]
-0.12	 2.21	0.01	0.05	140_H	[ 29.15116667 -12.553       19.53683333]
-0.1	 0.16	-0.1	0.02	140_H	[ 31.77166667 -10.8925      15.44683333]
-0.06	 -0.32	-0.02	0.06	140_H	[ 28.6483913  -10.85326087  15.069     ]
0.01	 0.35	-0.03	-0.14	140_H	[ 32.72041667 -10.63925     17.55529167]
-0.07	 -0.06	-0.09	0.05	140_H	[26.93682759 -9.94044828 18.17927586]
-0.08	 -0.45	-0.05	0.15	140_H	[ 32.04975    -12.09416667  20.458     ]
-0.25	 -0.62	0.12	0.32	140_H	[ 28.94068 -11.38264  21.00056]
0.07	 -1.2	-0.19	0.05	141_A	[32.15128571 -9.65828571 13.22685714]
0.02	 1.0	-0.05	-0.19	141_A	[32.039      -9.53333333 11.98533333]
0.03	 0.24	-0.05	-0.09	141_A	[27.82827273 -9.66436364 10.63127273]
-0.1	 -0.3	-0.02	0.08	141_A	[ 27.22159091 -10.05404545  12.69140909]
-0.14	 -0.79	-0.03	0.19	141_A	[ 30.57475    -11.55667857  10.59889286]
-0.14	 -0.43	0.02	0.15	141_A	[ 31.085  -11.1842  13.95  ]
-0.1	 -0.6	-0.07	0.14	141_A	[31.50744444 -8.5897037  11.31244444]
-0.2	 -0.93	0.12	0.42	141_A	[ 30.07895455 -10.43622727   9.48872727]
-0.23	 -0.92	0.18	0.44	141_A	[ 32.08770833 -11.36275     11.3395    ]
-0.16	 -0.38	0.12	0.17	141_A	[ 29.37730769 -11.79692308  11.85588462]
0.01	 0.11	-0.2	0.04	142_G	[28.72585714 -8.70071429  9.76128571]
-0.05	 -0.12	-0.0	0.01	142_G	[26.2778125 -7.5886875 10.1950625]
0.11	 0.63	0.01	-0.19	142_G	[25.1379375 -5.9715625 11.850375 ]
-0.08	 0.06	-0.04	-0.01	142_G	[29.34526923 -6.75819231 10.23842308]
-0.23	 -0.49	-0.02	0.22	142_G	[26.94247368 -6.71947368  9.33173684]
-0.08	 -1.18	-0.02	0.17	142_G	[25.90975 -8.23915 11.71805]
0.02	 0.2	-0.03	-0.05	143_F	[30.80604651 -4.36788372 11.89618605]
0.06	 0.37	-0.1	-0.1	143_F	[24.93475    -7.72875    14.58266667]
0.08	 1.24	-0.11	-0.09	143_F	[23.498      -5.55616667 16.68583333]
0.0	 0.62	-0.11	-0.16	143_F	[24.24377419 -7.32903226 16.09670968]
-0.08	 -0.05	0.02	0.17	143_F	[25.76954839 -9.24109677 14.92925806]
0.03	 0.41	-0.03	-0.17	143_F	[24.25366667 -4.39095238 17.3317619 ]
-0.25	 -0.63	0.1	0.48	143_F	[23.52890476 -7.54852381 16.91485714]
0.06	 0.59	-0.12	-0.13	144_F	[29.11272727  1.62127273 12.55590909]
-0.06	 0.03	-0.13	0.07	144_F	[29.455   1.3268 10.721 ]
-0.02	 0.21	0.09	-0.18	144_F	[30.46492 -0.51884  9.75348]
-0.13	 -0.9	0.04	0.19	144_F	[27.97971429  1.41407143 10.46092857]
-0.1	 -0.39	-0.16	0.13	144_F	[30.32789655 -1.09817241  8.22917241]
-0.18	 -0.83	-0.11	0.26	144_F	[27.27407143  1.10057143  8.804     ]
-0.08	 -0.17	0.12	-0.08	144_F	[2.88352727e+01 1.25000000e-02 7.72613636e+00]
0.17	 1.24	-0.21	-0.08	144_F	[31.96011111 -2.03288889 12.064     ]
0.09	 2.07	0.11	-0.34	144_F	[28.28442857  1.25614286 12.88292857]
-0.02	 0.29	-0.09	-0.0	144_F	[30.98077273  1.21818182 12.55886364]
-0.21	 -0.37	0.03	0.42	144_F	[31.77642857 -0.92266667 10.382     ]
0.06	 -0.09	-0.02	-0.06	144_F	[26.41407692  0.72446154 11.62765385]
-0.34	 -0.88	0.29	0.62	144_F	[30.89505556 -1.25272222  7.4915    ]
-0.17	 -0.46	-0.07	0.21	144_F	[25.7937   0.1055   8.61635]
-0.17	 -0.39	0.06	0.41	144_F	[27.807      -0.90948148  6.91048148]
0.15	 1.38	0.37	-0.61	145_L	[32.006875  2.1995   14.217625]
-0.21	 -0.58	-0.12	0.23	145_L	[33.40479167  2.26716667 14.15675   ]
0.06	 0.83	-0.07	-0.1	145_L	[34.81785714 -1.392      14.53142857]
-0.01	 -0.01	-0.07	-0.04	145_L	[36.98676 -1.56968 16.72492]
-0.02	 -0.42	-0.13	0.0	145_L	[36.65918182  1.54136364 17.76818182]
-0.02	 -0.09	-0.03	-0.07	145_L	[32.67418519 -1.09403704 13.27188889]
0.1	 -0.0	0.0	-0.09	145_L	[34.24142857 -2.52814286 14.997     ]
-0.15	 -1.01	-0.02	0.14	145_L	[34.94192857  0.08421429 14.35064286]
0.03	 0.58	-0.0	-0.26	145_L	[37.61673333 -0.55593333 18.47366667]
0.11	 0.87	-0.01	-0.25	145_L	[35.96572727 -3.10436364 16.28809091]
-0.17	 -0.65	0.09	0.34	145_L	[37.07256 -0.88268 15.93952]
0.08	 0.01	0.08	-0.19	145_L	[36.60029412  1.28282353 19.00988235]
-0.08	 -0.38	0.06	0.22	145_L	[36.23109524  1.83233333 16.35771429]
0.11	 0.54	-0.02	-0.15	146_R	[30.3293913   4.82586957 18.82347826]
0.03	 0.42	-0.19	0.06	146_R	[30.62066667  3.975      14.331     ]
0.02	 0.26	-0.18	-0.02	146_R	[31.125       6.60966667 16.13855556]
-0.01	 0.04	-0.19	0.01	146_R	[27.04053846  5.35030769 15.76438462]
0.01	 1.03	-0.01	-0.13	146_R	[28.54376923  7.40384615 15.85430769]
-0.06	 -0.11	-0.05	0.03	146_R	[27.96967647  7.78729412 14.35320588]
-0.1	 -0.17	0.0	0.12	146_R	[27.718       6.64231034 12.89417241]
-0.17	 -0.19	0.03	0.17	146_R	[27.78544  9.54124 14.37808]
-0.07	 -0.14	0.05	-0.01	146_R	[31.9771875  3.824375  14.6631875]
0.04	 0.5	-0.05	-0.14	146_R	[29.40648  2.98812 14.17464]
0.2	 1.6	0.23	-0.49	146_R	[28.63985714  3.577      17.74707143]
-0.08	 -0.31	-0.22	0.09	146_R	[30.20795238  6.49095238 17.18604762]
-0.09	 -0.04	-0.06	0.05	146_R	[30.88503571  5.66946429 14.71082143]
-0.13	 0.46	-0.43	0.13	146_R	[27.41005882  4.20529412 14.46264706]
-0.12	 -0.45	-0.04	0.09	146_R	[27.24791304  4.94026087 16.81021739]
-0.22	 -1.44	0.1	0.39	146_R	[28.15516667  7.85283333 16.70127778]
-0.18	 -0.67	0.01	0.3	146_R	[28.36027778  5.47138889 12.92894444]
-0.32	 -1.36	0.33	0.59	146_R	[27.62895238  7.64504762 11.76385714]
-0.28	 -1.31	0.16	0.48	146_R	[27.70830435  9.76030435 15.57213043]
-0.27	 -1.31	0.18	0.47	146_R	[27.476    9.64452 12.88764]
0.1	 1.26	0.24	-0.49	147_E	[32.8345  5.2081 16.2346]
0.06	 1.18	0.02	-0.3	147_E	[35.054    5.32675 17.397  ]
0.13	 1.2	0.12	-0.39	147_E	[35.438       4.40523077 20.68538462]
-0.04	 -0.1	-0.04	0.02	147_E	[32.42747826  5.15321739 21.39669565]
0.06	 0.61	-0.01	-0.23	147_E	[33.4636875  6.666125  17.798    ]
-0.0	 1.25	0.05	-0.15	147_E	[36.18116667  6.34077778 19.37388889]
-0.15	 -0.53	-0.1	0.1	147_E	[35.26238462  8.91030769 18.90561538]
-0.29	 -0.98	0.17	0.43	147_E	[34.31078049  9.56802439 20.05880488]
-0.31	 -1.2	0.27	0.48	147_E	[36.40722222  9.14666667 17.73986111]
0.02	 -0.75	-0.04	0.05	147_E	[34.38486667  4.13473333 16.17433333]
-0.04	 -0.15	-0.2	0.08	147_E	[35.75832  4.0752  18.35828]
-0.13	 -0.36	-0.27	0.22	147_E	[33.25216667  6.73253333 17.0698    ]
-0.12	 -0.4	-0.07	0.13	147_E	[32.28635294  6.82564706 19.31047059]
-0.08	 0.27	-0.05	0.13	147_E	[35.23313043  6.76026087 20.972     ]
-0.19	 -0.7	-0.05	0.26	147_E	[36.49896154  6.38119231 18.34038462]
0.09	 1.26	0.13	-0.43	148_N	[35.719625  3.497125 20.267125]
0.19	 1.37	0.18	-0.45	148_N	[32.05328571  0.48       23.54128571]
0.04	 0.59	-0.03	-0.19	148_N	[33.585625   3.4875625 23.323375 ]
-0.07	 -0.27	0.02	0.03	148_N	[36.775       3.16958824 22.10923529]
-0.07	 0.19	-0.05	-0.04	148_N	[37.21910714  1.74657143 20.94514286]
-0.04	 0.47	0.04	-0.2	148_N	[37.02861538  3.18546154 23.99169231]
0.13	 1.63	0.14	-0.42	148_N	[35.85866667  2.82766667 19.43511111]
-0.13	 -0.28	-0.24	0.24	148_N	[35.12447826  4.45978261 22.64734783]
0.03	 0.12	-0.09	-0.07	148_N	[33.43970588  2.90576471 24.06182353]
0.07	 0.37	-0.06	-0.14	148_N	[38.58622222  1.3055     23.50044444]
0.1	 0.94	-0.13	-0.13	148_N	[36.132   3.413  24.3975]
0.08	 1.88	0.14	-0.4	149_E	[28.72388889  0.11811111 22.014     ]
0.0	 0.86	-0.07	-0.23	149_E	[29.52876  1.78212 23.31156]
-0.13	 -0.59	-0.11	0.17	149_E	[27.78007692  2.21123077 23.44503846]
-0.3	 -0.92	0.06	0.5	149_E	[26.99023077  3.31720513 22.08420513]
-0.37	 -1.16	0.26	0.52	149_E	[27.56759459  1.47959459 24.80051351]
0.14	 0.59	0.1	-0.3	149_E	[30.72238462 -1.48711538 21.91365385]
0.13	 0.53	0.05	-0.23	149_E	[28.78659091  2.89454545 19.81918182]
0.03	 0.3	-0.13	-0.08	149_E	[27.55395  0.7479  20.5992 ]
-0.13	 -0.22	-0.38	0.09	149_E	[30.25684  0.80272 24.05572]
-0.04	 -0.16	-0.01	-0.05	149_E	[30.47553125  3.40903125 22.463     ]
0.02	 0.4	0.03	-0.18	150_C	[26.15144737 -2.05152632 18.83415789]
0.08	 0.68	-0.22	-0.06	150_C	[28.62690476 -1.84428571 20.96066667]
-0.06	 -0.46	-0.03	0.11	151_V	[24.22196667  1.4909     14.7845    ]
0.03	 0.14	-0.04	0.01	151_V	[26.46027778  2.90822222 17.84011111]
0.09	 0.54	-0.1	0.01	151_V	[24.73411111 -0.64711111 17.37755556]
0.16	 0.9	0.05	-0.27	151_V	[27.24135  1.7533  14.07255]
-0.17	 -0.68	0.05	0.26	151_V	[25.13058333  3.074375   14.911625  ]
0.03	 0.55	-0.12	-0.1	151_V	[23.98189474  0.59226316 13.90742105]
-0.25	 -0.83	0.22	0.33	151_V	[23.76758824  1.35123529 16.69811765]
-0.07	 0.11	-0.01	0.05	151_V	[25.778   3.3844 16.7775]
-0.09	 -0.13	-0.11	0.15	151_V	[25.99155556  1.50118519 18.53103704]
-0.05	 -0.05	-0.12	0.01	152_S	[23.35791304 -0.18913043 12.29082609]
-0.02	 0.29	0.28	-0.44	152_S	[21.94935714 -2.95471429 13.76485714]
-0.07	 0.13	-0.15	0.04	152_S	[22.77792308 -4.85461538 12.67184615]
0.03	 0.46	-0.04	-0.13	152_S	[23.78365385 -1.85961538 16.13757692]
-0.05	 0.1	-0.01	-0.01	152_S	[22.77035294 -4.359      15.72823529]
-0.16	 -0.51	0.0	0.25	152_S	[21.86507407 -2.15881481 13.83414815]
-0.4	 -0.89	0.31	0.56	152_S	[21.52138095 -5.14052381 13.51380952]
-0.0	 0.24	-0.09	-0.05	153_C	[22.63786207 -1.8702069   9.85906897]
-0.31	 -0.95	0.14	0.42	153_C	[22.18794118 -3.22726471  8.93835294]
-0.03	 0.67	-0.04	-0.02	153_C	[24.73725  -3.958375  7.929375]
0.15	 1.31	0.07	-0.31	153_C	[28.25438095 -3.70652381  9.17995238]
-0.23	 -0.81	0.15	0.36	153_C	[22.23932432 -0.39459459  9.98024324]
0.18	 1.32	0.24	-0.5	153_C	[23.98561538 -4.31969231 11.158     ]
0.15	 1.67	-0.01	-0.27	153_C	[ 2.47891e+01 -1.94000e-02  1.02117e+01]
-0.07	 0.06	-0.03	0.01	153_C	[24.8064  -4.77516  9.36032]
-0.15	 -0.44	0.04	0.19	153_C	[25.08338095 -2.45528571  7.47671429]
-0.19	 -0.38	-0.12	0.24	153_C	[27.64503125 -4.09184375  7.97565625]
