-0.3	 -1.0	0.14	0.45	175_G	[40.80610417 20.8638125  -0.46895833]
-0.05	 0.26	0.15	-0.18	175_G	[42.05573077 20.25434615 -2.54311538]
0.08	 0.92	-0.05	-0.16	175_G	[42.54468421 22.62284211 -2.02736842]
-0.14	 -0.52	-0.04	0.1	175_G	[42.93821429 22.78719048 -3.75569048]
-0.29	 -0.86	0.08	0.46	175_G	[42.97469565 19.46778261 -2.25030435]
-0.37	 -1.22	0.31	0.59	175_G	[40.957375  20.7740625 -3.57325  ]
0.06	 1.78	-0.06	-0.27	176_F	[44.46542857 20.62928571 -1.45957143]
0.12	 0.35	0.02	-0.25	176_F	[46.67953333 21.69993333 -1.10153333]
-0.2	 -0.4	0.02	0.15	176_F	[45.41490909 20.82436364 -2.90190909]
0.14	 1.65	0.22	-0.49	176_F	[42.86257143 22.90328571  0.87642857]
0.02	 0.24	-0.08	-0.18	176_F	[44.63620513 23.53035897  2.66641026]
-0.04	 -0.07	-0.21	-0.06	176_F	[42.5185625 24.14825    0.33125  ]
-0.15	 -0.61	-0.07	0.25	176_F	[43.77214706 24.13982353  4.03214706]
-0.09	 -0.39	0.0	0.31	176_F	[41.9948  26.05315  1.683  ]
-0.07	 -0.19	0.12	-0.28	176_F	[42.75335897 25.58679487  3.15346154]
-0.09	 -0.3	-0.04	0.13	176_F	[43.85305556 20.891      -0.07138889]
0.1	 1.07	-0.07	-0.2	176_F	[44.48586957 24.96413043 -2.1063913 ]
-0.03	 -0.2	-0.04	-0.05	176_F	[45.78822727 21.63236364  1.05368182]
-0.69	 -0.61	-0.05	0.53	176_F	[45.37785714 22.258       3.42328571]
-0.02	 0.19	-0.17	0.1	176_F	[43.125      25.33664706 -0.935     ]
-0.26	 -0.77	0.26	0.47	176_F	[43.66547368 23.72194737  5.00410526]
-0.1	 -0.08	0.02	0.07	176_F	[42.2354  27.0642   0.89344]
-0.32	 -0.44	0.09	0.74	176_F	[42.07433333 26.312125    3.9435    ]
0.12	 1.58	0.3	-0.55	177_K	[45.08075  22.861625 -5.0765  ]
0.08	 0.37	-0.1	0.04	177_K	[45.72       25.42366667 -6.08233333]
-0.01	 0.66	-0.0	-0.15	177_K	[44.90447059 22.98564706 -6.66029412]
0.02	 -2.2	0.22	-0.66	177_K	[46.03836364 24.00363636 -9.512     ]
-0.0	 0.24	-0.06	-0.06	177_K	[47.8562     21.39666667 -2.98606667]
0.15	 1.49	0.37	-0.6	177_K	[46.94107692 26.13184615 -3.946     ]
0.06	 0.52	-0.01	-0.17	177_K	[46.874      22.18903571 -5.31517857]
0.07	 -0.11	0.02	-0.11	177_K	[45.56292 24.90588 -4.51712]
0.18	 0.95	0.07	-0.36	177_K	[46.22163636 26.2735     -6.03245455]
-0.19	 -0.53	0.03	0.22	177_K	[45.96927778 22.13005556 -7.495     ]
-0.39	 -1.02	-0.41	0.56	177_K	[44.4773125 24.565625  -7.020375 ]
-0.26	 -0.64	0.03	0.77	177_K	[45.32546154 23.71461538 -9.79246154]
0.01	 0.26	-0.03	-0.06	177_K	[46.52948485 26.02366667 -9.0450303 ]
-0.07	 -0.09	-0.13	0.03	177_K	[ 47.30925     23.53266667 -10.02375   ]
0.01	 -0.8	-0.02	-0.01	178_T	[51.54217391 19.44221739 -3.09517391]
-0.06	 -0.52	-0.09	0.01	178_T	[50.82238462 19.91053846  0.07907692]
0.11	 0.78	0.06	-0.29	178_T	[49.69823333 21.7114     -4.545     ]
-0.11	 -0.01	0.05	0.08	178_T	[52.12480769 19.643       0.05888462]
-0.04	 -0.52	-0.01	0.04	178_T	[49.58209524 20.80290476 -1.18457143]
0.03	 0.82	-0.05	-0.18	180_Y	[59.1764 22.4125 -6.1729]
-0.13	 -0.16	-0.09	0.12	180_Y	[60.70366667 22.7995     -5.99783333]
-0.12	 -0.79	-0.02	0.09	180_Y	[61.40607692 22.54523077 -4.55961538]
0.0	 0.07	-0.06	-0.17	180_Y	[60.64234783 23.57695652 -7.29308696]
-0.16	 -0.88	-0.11	0.19	180_Y	[62.986  22.98   -4.4194]
-0.2	 -0.72	-0.31	0.28	180_Y	[62.27357143 24.36642857 -7.79614286]
-0.01	 0.24	0.17	-0.2	180_Y	[63.3916875 23.6739375 -5.948875 ]
-0.06	 -0.91	-0.15	0.04	180_Y	[64.826125 25.157125 -6.68775 ]
0.04	 0.6	-0.06	-0.15	180_Y	[58.9061  22.0264  -4.25915]
0.14	 1.65	0.17	-0.42	180_Y	[58.56426667 23.06453333 -7.2158    ]
-0.03	 0.12	-0.03	-0.04	180_Y	[60.63977778 23.28907407 -2.52414815]
-0.02	 0.06	-0.08	-0.01	180_Y	[63.1766 23.6885 -2.7406]
0.09	 0.43	0.06	-0.18	180_Y	[62.34843333 26.01326667 -8.25873333]
0.16	 -0.16	-0.0	-0.14	180_Y	[65.68628571 24.66642857 -5.454     ]
0.04	 0.39	-0.09	-0.11	182_K	[68.22527273 29.19518182 -7.81072727]
0.03	 -3.94	0.08	-0.23	182_K	[68.6155     26.86866667 -7.84966667]
0.23	 1.28	0.2	-0.44	182_K	[64.8745     27.26827778 -7.45083333]
0.13	 0.59	-0.08	-0.13	182_K	[67.308375 28.735    -8.57025 ]
-0.26	 -0.64	0.06	0.29	182_K	[69.67538095 27.23480952 -7.05728571]
-0.05	 -0.17	-0.11	0.05	182_K	[67.67206667 25.6284     -5.73426667]
-0.12	 -0.25	-0.25	0.38	182_K	[67.06561765 26.92673529 -8.37697059]
0.05	 0.23	-0.0	-0.14	184_I	[70.02795833 34.51770833 -6.925625  ]
0.05	 0.29	-0.1	-0.17	184_I	[67.65346154 32.27302564 -9.24023077]
0.11	 1.16	0.13	-0.4	184_I	[68.96475 32.21575 -6.72675]
-0.05	 0.09	-0.09	-0.03	184_I	[68.90160714 34.56114286 -8.67435714]
0.02	 -0.16	-0.13	-0.01	184_I	[70.08694737 33.60078947 -5.98552632]
0.03	 -0.03	-0.09	-0.08	184_I	[67.3878     30.4432     -8.86993333]
-0.26	 -0.9	-0.24	0.62	184_I	[68.51546667 32.57886667 -9.18373333]
0.12	 -0.06	0.03	-0.26	185_L	[71.32308 36.89548 -5.75476]
0.21	 1.18	0.21	-0.44	185_L	[70.59870588 37.808      -1.25682353]
0.16	 1.31	0.39	-0.62	185_L	[70.27892857 37.968       0.09828571]
0.2	 1.64	0.12	-0.38	186_K	[72.25227273 38.83       -2.19490909]
0.04	 -0.3	-0.16	-0.06	186_K	[71.377    43.173375 -5.446   ]
0.05	 0.42	-0.2	0.06	186_K	[69.798      43.25033333 -6.78833333]
0.13	 1.21	0.17	-0.46	186_K	[69.78858824 43.65211765 -3.66282353]
0.07	 0.26	-0.2	0.04	186_K	[67.77133333 44.697      -6.36233333]
0.04	 1.06	-0.13	-0.11	186_K	[66.48925  43.18925  -7.945375]
0.12	 0.9	0.04	-0.29	186_K	[71.38025   38.8451875 -6.9899375]
0.0	 0.81	-0.01	-0.13	186_K	[71.32984211 43.08626316 -4.20452632]
-0.07	 -0.1	-0.04	0.04	186_K	[71.37692308 41.95542308 -6.90957692]
-0.01	 0.1	0.0	-0.08	186_K	[69.12458824 41.80188235 -7.91852941]
-0.13	 -0.31	0.05	0.15	186_K	[69.33952381 44.35714286 -5.76219048]
-0.06	 -0.34	0.01	0.09	186_K	[66.53275   44.9160625 -5.957375 ]
-0.13	 -0.52	-0.0	0.18	186_K	[65.30968182 43.31577273 -7.43009091]
-0.19	 -0.62	0.05	0.3	186_K	[67.623      43.23916667 -8.0635    ]
0.13	 1.34	0.1	-0.36	187_E	[73.37404762 38.49947619 -5.56719048]
0.14	 1.51	0.09	-0.31	187_E	[76.483      40.65636364 -3.09354545]
-0.14	 -0.55	-0.1	0.12	187_E	[74.60743333 39.78703333 -1.34363333]
-0.05	 0.0	-0.1	0.07	187_E	[76.1041 41.5392 -5.949 ]
-0.02	 0.43	0.03	-0.16	187_E	[76.88228571 38.93803571 -5.71282143]
-0.01	 -0.38	0.03	-0.11	187_E	[76.64511538 37.50103846 -4.39053846]
-0.11	 0.01	-0.19	0.16	187_E	[76.64126087 38.23682609 -2.36443478]
-0.28	 -0.68	0.01	0.23	187_E	[76.71622222 36.16992593 -5.22214815]
-0.05	 0.28	-0.15	0.07	187_E	[73.36004167 40.02329167 -6.50183333]
-0.16	 -0.56	-0.01	0.26	187_E	[75.21527273 40.75413636 -6.76281818]
-0.16	 -0.53	-0.06	0.28	187_E	[76.54138889 41.81055556 -4.56716667]
-0.22	 -0.85	0.07	0.41	187_E	[76.4225   38.329875 -6.863875]
-0.26	 -0.74	0.15	0.41	187_E	[78.12669565 39.76017391 -5.1336087 ]
0.09	 1.42	-0.05	-0.28	188_G	[75.6852 42.7516 -4.1728]
-0.02	 0.17	-0.01	-0.07	188_G	[74.7982381  43.59828571 -2.9292381 ]
0.1	 0.61	0.01	-0.2	188_G	[73.22308 43.40704 -1.276  ]
-0.12	 -0.55	-0.16	0.12	188_G	[74.29153846 44.48615385  0.2225    ]
-0.1	 -0.22	-0.14	0.12	188_G	[73.86012 42.80924 -4.85988]
-0.13	 -0.25	0.01	0.2	188_G	[76.01083333 42.625875   -1.47158333]
-0.33	 -1.02	0.19	0.46	188_G	[74.80816667 44.54877778 -3.04233333]
0.12	 1.14	0.04	-0.29	189_T	[71.4757 43.2913 -2.6538]
-0.01	 -0.24	-0.22	-0.01	189_T	[72.89404348 40.90269565  1.479     ]
0.11	 0.64	0.05	-0.18	189_T	[70.506125   44.26654167 -1.34120833]
0.16	 1.14	0.03	-0.31	189_T	[71.51506897 39.76951724 -0.2952069 ]
0.1	 0.88	-0.04	-0.27	190_Q	[68.00916216 44.16318919  3.03121622]
0.06	 0.76	-0.11	-0.1	190_Q	[71.38054545 46.45172727  4.17890909]
0.03	 0.0	-0.1	-0.1	190_Q	[73.946125 46.3225    1.261   ]
-0.11	 -0.33	-0.03	0.09	190_Q	[72.72935 48.1483   2.3091 ]
-0.25	 -0.76	0.15	0.36	190_Q	[71.45387179 48.5264359   1.62884615]
-0.12	 -0.08	0.0	0.19	190_Q	[74.25548148 48.25022222  3.32781481]
0.02	 0.36	-0.13	-0.11	190_Q	[70.15678571 45.27021429  0.43885714]
0.06	 0.39	0.08	-0.18	190_Q	[72.81854167 43.28154167  3.63541667]
-0.16	 -0.27	-0.07	0.11	190_Q	[69.94045 46.22055  2.8717 ]
-0.1	 -0.24	-0.24	0.09	190_Q	[71.92366667 46.14211111  5.00362963]
-0.08	 0.27	-0.05	0.03	190_Q	[74.005      45.40618182  2.77822727]
0.02	 -0.13	-0.13	0.02	190_Q	[72.21023077 45.94207692  0.40953846]
-0.26	 -0.83	0.15	0.45	190_Q	[74.76247826 47.21886957  3.82604348]
-0.31	 -0.91	0.25	0.53	190_Q	[73.84961538 49.64926923  3.33265385]
0.17	 1.71	0.3	-0.55	191_L	[66.60184615 42.55769231  5.05676923]
0.07	 0.5	-0.07	0.06	191_L	[69.48       46.1695      6.59983333]
-0.16	 -0.79	-0.03	0.18	191_L	[67.44057692 46.38230769  8.1295    ]
-0.09	 -0.51	-0.01	0.1	191_L	[70.76264706 44.69820588  8.99170588]
-0.05	 0.05	-0.12	0.05	191_L	[71.98983333 42.92625     5.84075   ]
0.05	 0.53	-0.06	-0.05	191_L	[71.20984615 41.69153846  7.25638462]
-0.01	 0.35	0.01	-0.1	191_L	[67.83585714 44.64364286  5.25614286]
0.2	 1.2	0.13	-0.39	191_L	[68.309125 42.378875  8.17825 ]
-0.05	 0.1	-0.21	0.06	191_L	[69.92695455 46.222       5.94040909]
-0.22	 -1.53	0.25	0.43	191_L	[68.84575 47.31905  8.4244 ]
-0.2	 -0.98	0.05	0.38	191_L	[66.90944 45.96832  6.78436]
-0.23	 -0.67	-0.14	0.23	191_L	[66.98189474 44.75126316  8.95131579]
-0.21	 -0.83	0.14	0.39	191_L	[70.83741667 46.152875    8.95425   ]
-0.17	 -0.99	-0.01	0.26	191_L	[69.33153571 43.73557143  9.45478571]
-0.11	 -0.07	0.05	0.11	191_L	[71.58378947 43.82915789  7.69863158]
-0.08	 -0.2	-0.12	-0.02	192_K	[73.535375 39.118375  4.66575 ]
0.11	 2.26	0.04	-0.28	192_K	[72.99090476 38.044       1.6982381 ]
0.1	 1.42	0.13	-0.36	192_K	[74.3566 35.6864  2.7102]
0.19	 1.53	0.35	-0.59	192_K	[71.62116667 40.68625     5.62691667]
0.11	 0.48	-0.01	-0.12	192_K	[72.74486364 40.02531818  4.19677273]
-0.07	 -1.21	-0.12	0.14	192_K	[73.91516667 38.0985      5.26308333]
0.08	 0.74	-0.07	-0.28	192_K	[71.69813636 37.5855      0.98077273]
-0.23	 -0.47	-0.07	0.23	192_K	[74.13252 37.30552  2.13012]
-0.01	 0.24	0.0	-0.02	192_K	[74.43011111 35.69794444  4.21722222]
0.06	 0.59	-0.09	-0.07	193_S	[65.33375  38.857875  8.902625]
0.06	 0.71	-0.01	-0.25	193_S	[64.46433333 36.78718182  7.85284848]
0.12	 1.67	0.27	-0.65	193_S	[66.3906 38.1436  9.4842]
-0.07	 -0.52	-0.1	0.08	193_S	[67.7232973  39.25964865  9.71097297]
-0.08	 0.18	-0.21	0.02	193_S	[66.47070588 37.05229412  9.811     ]
0.02	 0.14	-0.07	0.06	193_S	[69.17633333 39.9052      9.20213333]
0.08	 1.62	0.05	-0.29	194_A	[65.368875 40.018875  8.910375]
0.08	 0.62	-0.11	-0.16	194_A	[63.42123077 42.33761538  5.56307692]
0.16	 1.3	0.09	-0.39	194_A	[62.12521053 41.90784211  6.32831579]
-0.12	 -0.53	-0.19	0.11	194_A	[64.84129167 43.27566667  7.89666667]
-0.01	 0.39	-0.0	-0.16	194_A	[63.31864 40.31196  8.68968]
-0.22	 -0.87	0.04	0.43	194_A	[63.41626923 42.82957692  7.77873077]
-0.09	 -0.17	0.02	0.13	194_A	[66.00953571 41.91260714  9.13214286]
0.08	 0.18	-0.05	-0.11	194_A	[65.51064286 43.1475      6.20228571]
0.11	 0.89	0.01	-0.27	195_R	[65.057      42.12516667  4.741     ]
0.08	 1.13	0.12	-0.39	195_R	[64.3735 42.3118  4.0402]
0.1	 1.06	0.39	-0.65	195_R	[64.770125 43.12525   2.872   ]
0.09	 0.75	-0.02	-0.23	195_R	[63.7065625 43.841125   2.9940625]
-0.07	 -0.3	-0.13	0.1	195_R	[64.07192308 45.75507692  2.24488462]
0.14	 0.8	0.0	-0.26	195_R	[63.38271429 42.49257143  3.97892857]
0.08	 0.75	-0.05	-0.24	195_R	[65.95092 42.69732  3.31832]
0.14	 1.09	0.12	-0.39	195_R	[65.55433333 43.63486667  2.63833333]
0.04	 0.35	-0.06	-0.06	195_R	[61.03314286 45.30447619  1.22190476]
-0.21	 -0.32	0.2	0.33	195_R	[65.67385714 45.32664286  2.35903571]
-0.21	 -0.43	0.02	0.3	195_R	[63.15974194 46.51151613  1.50390323]
0.16	 1.02	0.09	-0.37	196_I	[62.90405556 34.544       6.162     ]
0.14	 1.42	0.23	-0.42	197_Y	[63.18318182 36.11927273  6.47681818]
0.08	 1.68	0.1	-0.36	197_Y	[62.51033333 36.52966667  7.43333333]
0.09	 0.75	-0.06	-0.2	197_Y	[62.14925  39.5625    9.207125]
-0.1	 -0.21	-0.09	0.13	197_Y	[61.1625     39.07783333 10.16116667]
-0.03	 0.07	0.23	-0.28	197_Y	[59.94914286 37.15775    10.31525   ]
-0.09	 -0.72	0.03	-0.04	197_Y	[60.33794118 40.35617647  9.90205882]
-0.0	 0.08	-0.05	-0.06	197_Y	[58.14474419 36.80309302 10.24762791]
-0.15	 -0.66	-0.07	0.17	197_Y	[58.569  40.7782 10.649 ]
-0.15	 -0.61	0.04	0.04	197_Y	[58.65944444 39.32788889 11.57655556]
-0.0	 -0.06	0.03	-0.12	197_Y	[55.9055625  38.98715625 10.82790625]
0.14	 0.33	0.02	-0.16	197_Y	[61.23055556 35.58588889  7.53538889]
-0.08	 -0.06	-0.05	0.09	197_Y	[62.47794737 37.602       9.16921053]
-0.62	 -0.55	-0.23	0.28	197_Y	[60.11891304 35.73895652  9.59604348]
0.04	 0.51	-0.0	-0.1	197_Y	[60.00255556 41.35940741  8.0127037 ]
-0.34	 -1.07	-0.23	0.72	197_Y	[58.1278     36.12206667 10.99666667]
-0.06	 -0.14	0.01	0.12	197_Y	[57.34346154 41.23261538  9.29873077]
-0.29	 -1.0	0.06	0.42	197_Y	[56.44438462 37.75857692 11.78888462]
0.12	 0.85	0.05	-0.33	198_L	[56.26421622 39.8947027   3.192     ]
0.05	 0.47	-0.07	0.07	198_L	[60.25633333 43.292       5.60733333]
0.05	 0.32	-0.05	-0.17	198_L	[61.27046667 43.84643333  3.8471    ]
-0.05	 0.06	-0.14	0.05	198_L	[57.35684906 42.46654717  5.23696226]
0.04	 0.28	-0.18	-0.0	198_L	[60.5736875 42.7145625  5.9523125]
-0.24	 -0.84	-0.11	0.41	198_L	[61.03113043 44.75630435  3.98930435]
0.12	 1.16	0.27	-0.54	198_L	[62.434      43.3125      3.60283333]
-0.0	 -0.06	0.07	-0.23	198_L	[59.24863636 43.56063636  1.61668182]
-0.21	 -0.9	0.18	0.38	198_L	[58.677875   44.23370833  5.46716667]
-0.11	 -0.33	-0.1	0.22	198_L	[57.38388 42.54912  3.27104]
0.08	 0.43	-0.26	-0.04	198_L	[57.05905263 41.75510526  6.56757895]
0.13	 1.39	0.08	-0.35	200_F	[56.3317 35.696   7.627 ]
0.07	 0.69	-0.05	-0.17	200_F	[55.11980645 33.61519355  6.52016129]
0.06	 0.67	-0.01	-0.26	200_F	[58.93253846 34.37330769  8.24084615]
0.01	 0.36	-0.14	-0.04	200_F	[60.05272727 33.872       7.61681818]
0.1	 1.29	0.02	-0.22	200_F	[61.28475    33.40691667  6.84441667]
-0.09	 -0.84	-0.38	0.3	200_F	[59.49141176 31.96923529  8.20441176]
0.08	 0.86	0.06	-0.3	200_F	[61.7635   32.344     6.854875]
0.06	 0.36	-0.1	-0.13	200_F	[60.41917391 30.70813043  8.13247826]
0.16	 1.4	0.06	-0.33	200_F	[62.18929412 31.08864706  7.29970588]
-0.03	 0.49	-0.06	-0.05	200_F	[57.4854     34.29923333  8.06153333]
-0.01	 0.19	0.01	0.02	200_F	[57.30717241 31.44458621  7.13724138]
0.05	 0.35	0.11	-0.13	200_F	[59.12679167 29.166625    7.68679167]
0.15	 1.14	0.11	-0.38	201_H	[52.24755556 37.51762963  7.06188889]
0.14	 1.51	0.08	-0.33	201_H	[55.8381 41.0983  7.5533]
0.0	 0.45	-0.38	0.04	201_H	[55.00933333 41.64983333  6.43508333]
-0.06	 0.12	-0.28	0.17	201_H	[54.17086486 39.40097297  9.22494595]
-0.11	 -0.42	-0.02	0.09	201_H	[52.58264286 41.36819048  7.46183333]
-0.11	 2.0	0.01	0.05	201_H	[53.2965  40.88575  9.359  ]
0.09	 0.73	-0.03	-0.18	201_H	[54.93106897 36.68182759  8.21027586]
0.2	 1.47	0.23	-0.49	201_H	[55.86258333 40.32816667  4.99316667]
0.01	 0.16	-0.3	0.0	201_H	[53.84097561 40.79760976  4.88509756]
-0.05	 0.21	-0.13	0.01	201_H	[54.72690909 38.60472727 10.03672727]
-0.53	 -0.5	-0.04	0.51	201_H	[51.72744828 41.76589655  7.13213793]
-0.34	 -0.9	0.32	0.48	201_H	[53.033125   41.098875   10.32341667]
0.1	 1.33	0.03	-0.31	202_K	[52.74521429 41.06507143  2.43685714]
0.02	 0.65	-0.45	0.02	202_K	[50.91666667 40.67644444 -1.494     ]
-0.02	 -9.94	0.0	0.03	202_K	[50.939      43.02766667  1.22966667]
0.18	 1.13	0.25	-0.51	202_K	[52.5546 40.5679  3.2582]
0.07	 0.36	0.07	-0.23	202_K	[54.24584375 40.765       1.528125  ]
0.17	 1.4	0.3	-0.58	202_K	[51.70476923 41.24653846 -1.77330769]
0.11	 0.14	0.05	-0.24	202_K	[49.98445 39.57485 -0.42725]
-0.26	 -0.57	-0.14	0.39	202_K	[50.55985185 42.40088889 -0.35892593]
-0.05	 0.04	-0.07	0.06	202_K	[50.73823077 42.21923077  2.12838462]
-0.25	 -0.44	0.12	0.32	202_K	[52.49219048 42.863       0.77047619]
0.14	 1.38	0.44	-0.66	203_L	[52.36585714 31.96871429  5.115     ]
0.09	 0.85	0.11	-0.39	203_L	[53.49125   31.8516875  4.6534375]
0.17	 1.29	0.05	-0.35	203_L	[54.64293333 32.24966667  5.0274    ]
0.14	 1.24	0.38	-0.63	203_L	[53.30008333 31.09191667  4.44341667]
0.09	 1.32	0.08	-0.33	204_E	[52.71807692 32.58453846  5.84330769]
0.18	 1.74	0.05	-0.33	204_E	[52.1874 32.3208  6.3904]
0.17	 0.61	-0.04	-0.19	204_E	[47.94385714 34.97571429  7.05878571]
0.11	 0.87	-0.07	-0.14	204_E	[53.64475  34.829125  8.304   ]
-0.0	 0.34	-0.07	-0.04	204_E	[51.33282353 35.56635294  9.48352941]
-0.08	 1.03	-0.04	-0.02	204_E	[50.28715 32.81535  9.6519 ]
-0.26	 -0.76	0.12	0.4	204_E	[48.71012195 33.641      10.04078049]
-0.19	 -0.22	0.07	0.16	204_E	[50.24330303 31.52736364  8.51      ]
-0.1	 -0.52	-0.05	0.2	204_E	[53.10956 32.99028  7.9958 ]
-0.22	 -0.46	-0.04	0.33	204_E	[52.16956667 35.3561      9.78106667]
-0.05	 -0.26	-0.04	0.04	204_E	[50.10972 36.12936  8.43276]
0.18	 1.38	0.36	-0.6	205_E	[50.8105   36.89675   6.784375]
0.14	 1.64	0.02	-0.26	205_E	[50.04257143 37.32928571  6.69414286]
-0.07	 0.11	-0.05	-0.03	205_E	[46.08094286 35.99162857  4.486     ]
0.05	 0.47	-0.16	0.04	205_E	[49.58066667 38.681       6.189     ]
0.04	 0.36	0.18	-0.38	205_E	[48.0201  39.66595  4.93535]
-0.17	 -0.63	-0.02	0.14	205_E	[48.74378571 41.577       3.76642857]
-0.18	 -0.69	-0.05	0.28	205_E	[47.81354348 40.50304348  1.86330435]
0.01	 0.1	0.0	-0.1	205_E	[50.7305    41.269125   4.1103125]
-0.14	 -0.46	-0.05	0.16	205_E	[48.39633333 37.34083333  6.66194444]
0.05	 0.28	-0.05	-0.18	205_E	[50.28176923 38.83130769  6.19746154]
-0.01	 0.5	-0.07	-0.05	205_E	[46.97985 38.5226   3.3013 ]
-0.24	 -0.68	-0.09	0.39	205_E	[48.51488889 39.77577778  5.84659259]
0.25	 1.4	0.35	-0.59	206_L	[45.72115385 33.30615385  1.66      ]
-0.03	 -0.24	0.03	-0.01	206_L	[47.2796  36.77268 -0.69832]
0.04	 0.53	-0.02	-0.15	206_L	[46.15840909 34.73454545  1.62859091]
-0.04	 -0.17	-0.18	0.08	206_L	[48.569      38.07978571 -0.8695    ]
-0.02	 0.13	-0.2	0.02	206_L	[46.82730435 35.54152174 -1.31043478]
-0.0	 -0.29	-0.03	-0.01	206_L	[46.89441176 37.161       1.42694118]
0.08	 0.73	0.11	-0.34	207_K	[47.199      30.833       6.43633333]
0.09	 1.1	0.17	-0.39	207_K	[48.10975    30.53041667  6.29416667]
-0.08	 -0.1	-0.06	0.01	207_K	[47.30258065 28.675       4.69693548]
0.05	 1.48	-0.03	-0.23	207_K	[45.11645455 30.82072727  5.32463636]
0.11	 1.01	-0.04	-0.22	207_K	[45.02261538 33.662       6.43553846]
-0.06	 -0.16	-0.12	0.06	207_K	[43.6789375 32.2219375  6.92775  ]
-0.12	 -0.57	-0.13	0.19	207_K	[41.72461538 33.79453846  5.62007692]
0.06	 0.12	0.0	-0.19	207_K	[42.93542105 32.69484211  2.66657895]
-0.02	 0.25	-0.02	-0.12	207_K	[47.71533333 31.874       7.02077778]
-0.15	 -0.41	-0.1	0.16	207_K	[45.44854167 30.25904167  5.80091667]
-0.12	 -0.32	-0.14	0.15	207_K	[45.92616667 33.60941667  6.97704167]
-0.11	 -0.71	0.06	0.09	207_K	[43.12695238 31.00980952  5.35028571]
-0.26	 -0.71	0.21	0.37	207_K	[43.28185 32.9869   7.45135]
-0.23	 -0.7	0.2	0.44	207_K	[41.08881818 33.09322727  5.50781818]
-0.19	 -0.64	-0.01	0.35	207_K	[43.07368 35.03832  5.09232]
-0.38	 -0.98	0.34	0.63	207_K	[41.61519048 33.93304762  2.86247619]
-0.05	 0.41	-0.16	-0.07	207_K	[44.27532258 33.55683871  2.64787097]
-0.14	 -0.19	-0.19	0.13	207_K	[42.66025   31.3390625  2.9891875]
0.19	 1.66	0.14	-0.42	208_C	[49.396625 28.462375  5.999625]
0.02	 0.42	-0.03	-0.18	208_C	[51.21808163 30.11293878  6.27532653]
0.16	 1.18	0.1	-0.31	209_E	[49.46133333 27.22475     4.54475   ]
0.06	 0.82	0.07	-0.34	209_E	[49.6023125  25.38740625  5.2006875 ]
0.03	 0.14	0.02	-0.19	209_E	[51.7813125 25.1633125  8.4134375]
-0.11	 -0.16	0.04	-0.02	209_E	[50.57523529 23.10511765  8.44976471]
-0.2	 -0.76	0.04	0.28	209_E	[51.97894444 22.19130556  7.99788889]
-0.18	 -0.59	0.02	0.27	209_E	[49.0555     23.36483333  7.07833333]
0.06	 0.69	0.16	-0.5	209_E	[49.6918 26.662   4.3182]
-0.07	 -0.14	-0.14	-0.02	209_E	[51.403      27.928       7.35752941]
-0.23	 -0.23	-0.37	0.34	209_E	[49.33930303 26.26266667  6.33715152]
0.09	 0.81	-0.02	-0.26	209_E	[53.3562     24.97433333  8.0184    ]
-0.26	 -0.63	0.08	0.33	209_E	[51.14854545 25.96490909  8.65259091]
-0.13	 -0.24	0.03	0.12	210_V	[55.70884375 24.74784375  7.87159375]
0.04	 0.4	-0.1	-0.1	210_V	[58.5665    27.0640625  7.1125   ]
0.05	 0.81	-0.1	-0.16	210_V	[56.14857143 30.51021429  6.17871429]
-0.02	 0.3	0.06	-0.06	210_V	[53.62354167 27.59083333  7.310875  ]
-0.05	 0.06	0.06	0.05	210_V	[56.49713636 27.82318182  7.61590909]
0.06	 0.76	-0.07	-0.31	210_V	[59.28372727 27.79809091  7.17472727]
0.01	 -0.19	-0.02	-0.1	210_V	[58.38936364 25.36890909  6.70281818]
0.03	 0.15	-0.03	-0.08	210_V	[54.57767647 30.07017647  5.66052941]
0.16	 1.56	0.07	-0.31	211_V	[58.22155556 23.73        6.71822222]
-0.08	 -0.34	-0.05	0.1	211_V	[57.98781481 21.47662963  7.33103704]
-0.03	 -0.04	-0.07	-0.04	211_V	[56.03703333 19.1992      4.41516667]
0.06	 0.67	-0.08	-0.26	211_V	[53.38585714 20.55085714  4.35171429]
0.03	 -0.79	-0.17	-0.01	211_V	[54.89153846 22.57876923  7.09369231]
-0.06	 -0.11	0.03	-0.03	211_V	[55.70525  19.224     3.213125]
-0.1	 -0.32	-0.01	0.17	211_V	[55.36688889 19.9737037   5.92237037]
0.16	 0.77	-0.08	-0.41	211_V	[53.34658824 20.60541176  2.56664706]
0.1	 0.51	0.02	-0.25	211_V	[53.35363158 21.38421053  5.71752632]
0.1	 1.9	0.02	-0.24	212_R	[61.469      23.29131579  2.63784211]
0.06	 1.16	1.54	0.05	212_R	[60.82036364 24.23172727  2.03990909]
0.07	 0.16	-0.03	-0.13	212_R	[60.95009091 21.48318182  2.43472727]
0.03	 0.47	-0.01	-0.26	212_R	[61.69    20.15825  5.1845 ]
-0.0	 0.52	0.07	-0.23	212_R	[60.45959091 18.76354545  3.50472727]
0.02	 0.02	-0.09	-0.04	212_R	[59.83021429 17.84407143  4.51742857]
-0.03	 -0.09	-0.05	-0.01	212_R	[59.88687097 17.863       6.04851613]
-0.03	 -0.04	-0.13	-0.02	212_R	[58.7733  18.87795  6.7772 ]
-0.15	 -0.25	0.04	0.18	212_R	[60.87544 16.78144  7.25532]
0.05	 0.53	0.04	-0.14	212_R	[59.98122727 23.20863636  6.43295455]
0.09	 0.24	-0.16	-0.05	212_R	[60.3882 20.9012  2.152 ]
-0.09	 0.08	-0.11	0.1	212_R	[62.4089 21.7094  3.8605]
-0.0	 -0.56	-0.03	0.09	212_R	[60.9506     20.6978      6.20233333]
-0.1	 -0.36	-0.02	0.08	212_R	[59.121      19.04821212  2.55890909]
-0.2	 -0.91	0.07	0.27	212_R	[62.01421739 19.25578261  3.41182609]
-0.26	 -0.74	0.19	0.39	212_R	[60.48814286 16.46647619  4.04271429]
-0.24	 -0.85	0.0	0.37	212_R	[58.45924 18.949    7.72192]
-0.27	 -1.02	0.18	0.47	212_R	[61.63696154 16.04257692  6.21619231]
-0.25	 -1.2	0.22	0.39	212_R	[60.25303704 17.04025926  8.26259259]
0.09	 1.56	0.21	-0.48	213_T	[62.70328571 24.13585714  2.64057143]
0.01	 0.07	-0.06	-0.1	213_T	[64.82       23.22003571  5.22842857]
0.17	 0.45	0.06	-0.28	213_T	[62.97985714 25.5385      7.27442857]
0.01	 0.17	-0.05	-0.06	213_T	[62.23482609 23.32282609  5.95517391]
0.11	 1.48	0.06	-0.33	213_T	[62.5007619  24.74971429  2.16338095]
0.11	 0.67	-0.01	-0.23	213_T	[60.55848 25.98404  6.7688 ]
0.21	 0.76	0.07	-0.29	214_I	[67.77972 27.87668  1.10936]
0.02	 1.22	0.05	-0.19	214_I	[65.16392857 23.22914286  0.09821429]
-0.09	 -1.04	-0.07	0.11	214_I	[69.47273913 24.59765217  1.34226087]
-0.12	 -0.64	-0.02	0.17	214_I	[66.84614815 21.61951852  3.198     ]
-0.03	 -0.09	-0.1	-0.04	214_I	[64.20348485 23.43424242  1.47790909]
-0.13	 -0.25	-0.09	0.13	214_I	[66.51895833 22.54958333 -0.17641667]
-0.1	 -0.66	-0.03	0.19	214_I	[ 6.876465e+01  2.368210e+01 -1.925000e-02]
0.01	 -0.08	0.01	0.17	214_I	[68.8656     26.31396667  1.18453333]
-0.07	 -0.49	-0.13	0.15	214_I	[69.38641176 23.94223529  2.83670588]
-0.31	 -0.98	0.17	0.56	214_I	[65.73872727 21.02327273  2.46845455]
-0.15	 -1.03	0.17	0.27	214_I	[68.32605556 22.13488889  2.75022222]
0.0	 -0.02	-0.07	-0.0	214_I	[66.624125 22.855125  4.544125]
0.09	 1.62	0.1	-0.38	215_P	[67.000375 24.37275   5.873625]
0.06	 0.53	-0.0	-0.2	215_P	[70.48236364 25.39472727  6.11072727]
-0.02	 0.13	-0.05	-0.04	215_P	[68.54117391 24.30065217  5.14847826]
-0.09	 -0.22	-0.04	0.02	215_P	[70.83071875 26.45621875  4.7486875 ]
0.07	 0.45	-0.09	-0.12	215_P	[69.82773913 28.1336087   2.77926087]
0.06	 0.58	-0.05	-0.13	216_S	[67.13525    24.2215      6.90266667]
0.06	 0.87	0.09	-0.31	216_S	[66.217    24.1655    7.253625]
-0.08	 -0.11	0.02	-0.0	216_S	[67.16280952 24.24757143 10.79466667]
0.02	 0.98	-0.26	0.01	216_S	[68.6612 24.9686 11.4088]
0.12	 0.23	-0.08	-0.15	216_S	[68.73025 24.3325   7.331  ]
-0.0	 -0.65	-0.1	0.01	216_S	[65.01194444 24.50405556  8.066     ]
-0.17	 -0.86	0.03	0.28	216_S	[65.88442105 24.59147368 10.87521053]
-0.2	 -0.92	0.17	0.32	216_S	[67.69872727 23.36609091  9.19827273]
0.03	 0.42	-0.03	-0.11	216_S	[69.29409091 24.726      10.66918182]
0.04	 0.47	-0.08	0.07	217_V	[61.94166667 27.634      11.77833333]
0.01	 0.75	0.01	-0.13	217_V	[61.70376 29.91904 11.33308]
-0.0	 0.33	-0.05	-0.06	217_V	[60.95148148 27.76585185  9.27637037]
0.03	 0.08	0.09	-0.17	217_V	[63.897875  25.884375   9.9633125]
-0.25	 -0.45	0.08	0.17	217_V	[62.7131875 27.284625  12.010875 ]
-0.29	 -0.87	0.01	0.39	217_V	[61.21395652 29.40026087 12.08078261]
0.05	 0.47	0.06	-0.21	217_V	[63.78381818 29.63890909 12.99936364]
0.05	 0.48	-0.37	0.08	217_V	[62.5085122  30.82139024  9.5794878 ]
-0.22	 -0.81	-0.17	0.38	217_V	[60.44562069 27.74151724  9.62451724]
-0.07	 -0.36	-0.12	0.12	217_V	[62.09442857 26.14        8.76528571]
0.11	 1.2	-0.06	-0.18	218_E	[64.9549 28.1339 12.7117]
0.1	 2.95	0.04	-0.25	218_E	[65.576      28.79766667 13.371     ]
-0.07	 -0.28	-0.04	-0.02	218_E	[66.65230769 27.43553846 14.30123077]
0.1	 1.11	-0.06	-0.18	218_E	[68.59733333 25.845      13.70666667]
-0.08	 0.17	-0.01	-0.05	218_E	[69.8893  26.46985 14.7923 ]
-0.12	 -0.09	-0.01	0.13	218_E	[71.82773171 26.65973171 13.97009756]
-0.23	 -0.52	0.08	0.26	218_E	[69.53682353 27.52526471 16.02597059]
0.06	 0.56	-0.06	-0.19	218_E	[65.26927273 26.67272727 11.91427273]
0.05	 0.32	-0.03	-0.15	218_E	[66.50191304 30.16091304 13.8326087 ]
-0.08	 -0.34	0.07	0.11	218_E	[67.5085    28.8474375 14.9875   ]
-0.12	 -0.55	0.0	0.22	218_E	[66.63329167 26.40966667 13.38525   ]
-0.06	 0.59	-0.01	-0.02	218_E	[68.90176923 25.62069231 12.63084615]
0.05	 0.34	-0.18	-0.08	219_E	[71.77014286 26.175      11.00985714]
-0.07	 -0.17	0.09	-0.04	219_E	[71.63131818 25.00259091  9.2045    ]
-0.2	 -0.76	0.02	0.26	219_E	[72.75913514 25.66027027  7.73372973]
-0.14	 -0.4	0.02	0.15	219_E	[70.25625    24.27954167  8.200875  ]
0.1	 0.7	0.08	-0.3	219_E	[72.70831579 27.04405263 10.96494737]
0.11	 1.16	0.04	-0.3	219_E	[70.54283333 25.82158333 11.26383333]
0.08	 0.56	0.01	-0.2	220_I	[64.46351852 33.43333333  7.84718519]
0.13	 0.68	0.03	-0.27	220_I	[63.66253571 32.17425     7.29553571]
-0.04	 0.12	-0.24	-0.02	220_I	[65.19094444 34.52916667  8.4615    ]
-0.11	 -0.36	-0.02	0.06	221_E	[68.61732432 35.83681081 12.62667568]
0.05	 1.58	-0.11	-0.12	221_E	[66.70227273 33.78163636 13.52145455]
0.08	 0.99	-0.07	-0.2	221_E	[64.0185    33.2585625 11.003125 ]
-0.09	 -0.22	-0.1	0.1	221_E	[63.58453333 32.96866667 13.8858    ]
-0.24	 -0.99	0.13	0.35	221_E	[64.6899697  32.24027273 14.909     ]
-0.25	 -0.67	0.07	0.34	221_E	[62.1306     32.34154286 13.03214286]
0.1	 1.12	0.02	-0.22	221_E	[66.01071429 35.32519048 10.27661905]
0.12	 0.73	-0.03	-0.25	221_E	[67.31711765 32.17964706 13.791     ]
-0.08	 -0.29	0.01	0.06	221_E	[66.23336 34.58892 13.42588]
-0.26	 -0.75	0.21	0.33	221_E	[64.11909091 34.17840909 11.08622727]
0.17	 1.49	0.25	-0.51	221_E	[64.36561538 32.23915385  9.96461538]
0.06	 1.23	0.35	-0.71	222_E	[72.4514 34.6854 12.312 ]
0.19	 1.23	-0.13	-0.17	222_E	[72.121 35.919 10.92 ]
-0.05	 -0.05	-0.04	0.04	222_E	[73.754025 34.518625 10.737675]
0.07	 1.1	0.11	-0.32	222_E	[72.64885714 34.15257143 12.747     ]
0.03	 0.26	-0.05	-0.13	222_E	[71.18872222 33.19722222 14.73222222]
-0.16	 -0.75	-0.09	0.19	222_E	[72.02213333 31.60513333 15.7084    ]
-0.14	 -0.33	0.03	0.13	222_E	[69.7504   30.719725 15.582625]
0.0	 0.48	-0.01	-0.08	222_E	[72.49982143 30.13975    14.97717857]
-0.04	 -0.77	-0.04	0.11	222_E	[71.137875  35.564625  12.4108125]
0.08	 0.37	-0.05	-0.09	222_E	[73.26525    32.96333333 13.236     ]
-0.21	 -0.82	0.17	0.25	222_E	[71.539875   34.06529167 14.53966667]
0.02	 0.05	-0.17	0.01	222_E	[69.06645 33.22445 14.2464 ]
0.1	 1.39	0.09	-0.38	223_E	[74.3615 33.4977  8.5143]
-0.03	 -0.33	-0.07	0.08	223_E	[74.67007143 34.28964286  6.99442857]
0.06	 3.73	-0.03	-0.19	223_E	[73.90483333 36.7805      7.612     ]
0.11	 1.42	0.0	-0.25	223_E	[72.40266667 37.58633333  9.59833333]
-0.09	 0.24	-0.01	0.04	223_E	[71.8265 39.404   8.9295]
-0.18	 -0.61	-0.01	0.23	223_E	[73.15128205 39.40812821  7.45489744]
-0.02	 -0.1	-0.28	0.02	223_E	[70.645625   40.76125     8.35383333]
-0.08	 -0.12	0.11	0.01	223_E	[73.46658824 36.58664706  9.22247059]
0.14	 1.44	0.07	-0.3	223_E	[73.76226667 36.606       6.5792    ]
0.04	 0.71	0.0	-0.08	223_E	[70.91485185 37.32962963 10.2557037 ]
0.09	 0.89	0.04	-0.29	224_K	[75.06133333 30.59433333  6.99366667]
-0.02	 -1.29	-0.1	0.05	224_K	[74.57316667 30.17933333  5.72758333]
-0.07	 -0.16	-0.12	0.01	224_K	[72.76811111 28.24955556  5.87977778]
0.04	 0.42	-0.17	0.06	224_K	[75.31833333 30.23666667  8.13866667]
0.11	 0.89	0.32	-0.56	224_K	[75.10533333 31.43333333 10.32308333]
0.05	 0.47	0.04	-0.29	224_K	[75.67025 29.33675 10.1975 ]
-0.06	 0.18	-0.14	0.08	224_K	[76.04407692 30.44269231 12.14953846]
0.05	 0.9	0.02	-0.26	224_K	[74.27276471 29.33229412 14.28011765]
-0.13	 -0.75	-0.01	0.17	224_K	[75.32911111 31.65044444  7.51233333]
-0.02	 -0.2	-0.03	0.06	224_K	[74.45163636 28.694       8.00136364]
-0.13	 -0.45	-0.01	0.17	224_K	[75.53204167 31.436625    9.69670833]
-0.14	 -0.37	-0.12	0.12	224_K	[74.48168421 27.923      10.42494737]
-0.17	 -0.5	0.08	0.29	224_K	[76.45858621 29.60475862 11.98644828]
-0.05	 -0.21	0.07	0.18	224_K	[74.97247368 31.81384211 12.67657895]
-0.35	 -0.75	0.15	0.44	224_K	[75.29108333 29.71558333 14.53958333]
0.11	 1.13	0.13	0.02	224_K	[73.09016667 28.86616667 14.53166667]
-0.14	 -0.33	0.03	0.15	224_K	[74.18295 27.7205  13.1379 ]
0.06	 0.35	-0.08	-0.1	225_F	[74.7257 31.7155  5.0574]
0.08	 0.68	-0.01	-0.21	225_F	[74.505      30.8105      4.20916667]
0.08	 0.74	-0.12	-0.03	225_F	[75.033      31.73871429  3.16      ]
-0.07	 -0.62	-0.06	0.12	225_F	[75.09446667 33.23526667  3.88013333]
0.16	 1.05	0.09	-0.33	225_F	[71.31627273 29.29745455  3.67072727]
0.09	 1.67	0.12	-0.41	225_F	[74.6863 32.6884  5.4481]
-0.1	 -0.35	-0.0	0.17	225_F	[73.53558333 29.80929167  3.47733333]
0.13	 0.49	-0.0	-0.2	225_F	[71.221     30.048125   1.9859375]
0.18	 1.34	0.38	-0.62	226_E	[73.95725  35.70125   0.678875]
0.14	 1.49	0.19	-0.45	226_E	[72.77       36.43166667  0.16844444]
-0.01	 -1.38	-0.06	0.0	226_E	[74.810375 31.992    -2.019   ]
0.01	 0.19	-0.03	-0.08	226_E	[75.80684211 30.869       0.51563158]
-0.12	 -0.81	-0.06	0.1	226_E	[77.34992308 33.08880769 -0.72530769]
-0.1	 -0.32	-0.17	0.14	226_E	[77.08065789 34.71360526 -1.35389474]
-0.32	 -1.01	0.26	0.51	226_E	[ 7.89953611e+01  3.22588056e+01 -3.40000000e-02]
0.07	 0.47	0.02	-0.15	226_E	[72.71655 30.73665  0.8658 ]
0.06	 0.56	-0.03	-0.17	226_E	[75.02647826 34.64447826  1.39447826]
-0.2	 -0.05	-0.23	0.19	226_E	[73.491      30.98922222 -1.08311111]
-0.12	 -0.28	-0.02	-0.25	226_E	[75.06746154 33.12984615 -2.38453846]
-0.19	 -0.42	-0.18	0.3	226_E	[76.062      31.51488889  1.88272222]
-0.27	 -0.84	0.12	0.41	226_E	[76.5216087  30.50617391 -0.71108696]
0.11	 0.36	-0.12	-0.18	227_N	[74.29502857 36.52202857 -1.1448    ]
-0.03	 -0.45	-0.04	-0.01	227_N	[74.45846667 34.1472     -4.27846667]
0.06	 0.6	0.09	-0.17	227_N	[72.38153571 32.3965     -2.55425   ]
0.22	 1.33	0.18	-0.42	227_N	[71.85722222 36.60722222 -0.92766667]
0.06	 0.41	0.04	-0.29	227_N	[71.66210714 34.31696429 -4.653     ]
-0.0	 0.29	0.07	-0.17	227_N	[75.91423529 34.634      -3.59317647]
-0.1	 -0.35	-0.08	0.22	227_N	[73.47489189 35.53224324 -5.36162162]
0.12	 0.51	-0.31	0.01	228_E	[69.23277143 29.68411429  0.40842857]
0.08	 0.63	0.0	-0.23	228_E	[70.57685714 29.8215     -2.49021429]
-0.1	 -0.35	0.05	0.04	228_E	[70.89469231 29.38792308 -5.12215385]
-0.21	 -0.34	-0.02	0.26	228_E	[70.35359524 27.31114286 -4.20152381]
0.02	 -0.45	-0.01	-0.03	228_E	[69.57526087 30.22426087 -6.34213043]
0.16	 0.77	0.06	-0.29	228_E	[70.35509091 31.93877273 -4.33559091]
-0.13	 -0.11	-0.22	0.08	228_E	[71.30654545 30.29736364 -2.02795455]
0.12	 0.94	0.01	-0.16	228_E	[68.67905882 28.26376471 -1.86182353]
0.2	 1.15	0.35	-0.59	229_V	[ 6.74416471e+01  2.88828235e+01 -5.85882353e-02]
0.1	 1.68	0.05	-0.31	230_E	[62.79066667 25.43088889  0.46461111]
0.11	 1.26	0.35	-0.59	230_E	[63.765125 25.049875 -0.12675 ]
0.12	 1.36	-0.05	-0.23	230_E	[66.8913 24.1319 -3.1212]
-0.05	 0.06	-0.11	0.08	230_E	[68.13055814 25.00576744 -2.27560465]
-0.13	 0.04	-0.03	0.04	230_E	[65.4391     23.6909     -3.08883333]
0.09	 0.76	0.03	-0.23	230_E	[63.32273077 24.80680769 -1.29076923]
0.16	 0.67	0.12	-0.44	230_E	[67.28480952 27.23614286 -1.07338095]
0.12	 1.06	0.07	-0.3	231_L	[61.39       25.26985714  1.053     ]
0.13	 1.16	0.04	-0.27	231_L	[60.85095238 24.7992381  -0.38209524]
0.08	 0.83	0.18	-0.48	231_L	[61.40171429 25.14371429  1.59271429]
0.11	 1.07	0.23	-0.53	232_F	[59.01227273 20.95054545  0.97590909]
-0.06	 -0.0	-0.13	0.07	232_F	[58.39633333 20.71166667 -0.4485    ]
-0.04	 0.12	-0.08	-0.09	232_F	[57.65272222 19.62833333  0.99527778]
0.04	 -0.17	0.09	-0.22	232_F	[57.82086957 20.90486957 -1.86865217]
-0.18	 -0.02	-0.04	0.03	232_F	[56.41629412 18.72229412  0.26264706]
0.12	 1.03	-0.04	-0.17	232_F	[57.10066667 20.15722222 -2.70788889]
-0.03	 0.03	-0.09	-0.04	232_F	[56.03493333 18.78046667 -1.80993333]
0.04	 0.29	-0.01	-0.08	232_F	[59.79121212 22.52636364  0.148     ]
0.15	 1.3	0.16	-0.42	232_F	[57.34188889 19.50277778  2.338     ]
-0.16	 -0.17	0.01	0.13	232_F	[54.83657143 18.88619048  1.0152381 ]
0.07	 0.01	0.09	0.22	232_F	[54.170125  18.678625  -1.9189375]
0.13	 1.42	0.1	-0.34	234_I	[49.03589474 26.81931579  3.10136842]
0.02	 0.8	-0.27	-0.02	234_I	[48.30004 23.66168  3.41156]
-0.07	 -0.45	-0.04	0.06	234_I	[50.32025926 20.87340741  4.91392593]
0.13	 0.91	0.46	-0.67	234_I	[49.3873 25.2075  3.6828]
0.13	 0.95	0.04	-0.32	234_I	[49.82478571 21.077       1.61742857]
-0.14	 -0.12	-0.24	0.08	234_I	[47.46010526 22.57289474  3.34742105]
0.11	 0.44	0.37	-0.46	234_I	[47.76295455 25.30045455  2.65745455]
0.12	 0.79	0.08	-0.28	234_I	[48.27666667 22.04385714  0.60295238]
-0.13	 -0.45	0.09	0.13	234_I	[51.317625   20.2245      3.53703125]
-0.09	 -0.23	-0.01	0.16	234_I	[48.79582759 21.35155172  3.93293103]
0.17	 1.22	0.13	-0.4	235_S	[46.07688 26.4686  -2.65164]
0.1	 0.62	-0.01	-0.24	236_P	[44.75623077 27.47530769 -2.35253846]
-0.21	 -0.62	-0.01	0.29	236_P	[43.1058     28.69497143 -2.12025714]
0.03	 0.16	-0.17	-0.04	236_P	[43.22966667 28.96433333  2.22155556]
0.08	 0.87	0.08	-0.33	236_P	[44.065875 31.037375  1.385   ]
0.05	 0.61	-0.07	-0.24	236_P	[43.67026667 26.80046667 -1.1       ]
-0.03	 -0.27	-0.16	0.05	236_P	[43.08034483 29.81568966  0.63327586]
0.01	 0.34	-0.19	-0.02	236_P	[43.85709091 27.95690909  2.65454545]
0.15	 1.28	0.17	-0.43	236_P	[44.4526875 31.4478125  0.82425  ]
0.1	 1.07	0.02	-0.31	236_P	[44.72541176 29.82452941  3.22347059]
0.15	 0.69	0.09	-0.29	236_P	[46.69188889 27.39344444  2.4752963 ]
0.07	 0.65	0.02	-0.21	237_V	[45.868      28.3043913  -4.54786957]
0.07	 1.01	0.1	-0.39	237_V	[46.7543 27.6231 -4.0445]
0.12	 0.55	-0.39	0.25	237_V	[44.709 32.355 -3.738]
-0.06	 0.0	-0.09	-0.04	237_V	[44.80418182 33.12375758 -1.3199697 ]
-0.16	 -0.43	-0.11	0.16	237_V	[43.83064286 30.41507143 -3.79014286]
0.15	 1.24	0.13	-0.45	237_V	[44.8915     32.53285714 -4.35907143]
0.01	 0.13	-0.09	-0.05	237_V	[45.8482 34.4553 -1.8256]
-0.18	 -0.85	0.06	0.33	237_V	[43.83486364 32.54027273 -2.14113636]
0.09	 1.05	-0.05	-0.2	238_D	[44.71018182 29.56281818 -5.67390909]
0.03	 -0.84	-0.13	-0.04	238_D	[45.38466667 28.19266667 -9.0515    ]
0.02	 0.32	-0.13	-0.06	238_D	[44.5085  30.7876  -8.37585]
0.1	 0.94	0.15	-0.43	238_D	[44.28478947 32.30557895 -7.46978947]
-0.24	 -0.63	0.04	0.39	238_D	[43.67468889 30.31924444 -9.1616    ]
-0.01	 0.14	-0.18	-0.04	238_D	[44.51088235 31.10523529 -5.66811765]
0.0	 0.12	-0.08	-0.03	238_D	[46.859      28.73373913 -9.51508696]
-0.08	 -0.67	-0.16	0.07	238_D	[45.17354545 27.72122727 -7.23868182]
-0.02	 0.21	-0.04	-0.07	239_L	[ 49.13736364  28.55554545 -10.37345455]
0.11	 0.66	-0.04	0.08	239_L	[ 52.00966667  29.0685     -11.69483333]
-0.07	 -0.1	-0.03	0.03	239_L	[ 52.39413043  31.80621739 -11.9603913 ]
0.15	 1.51	0.13	-0.38	239_L	[ 53.60090909  27.65154545 -10.17709091]
0.12	 1.16	-0.03	-0.26	239_L	[48.113      27.874      -9.05163636]
0.02	 0.37	-0.1	-0.16	239_L	[49.741    27.235875 -9.5715  ]
-0.05	 -0.17	0.02	0.01	239_L	[ 49.0924   29.77884 -11.09428]
-0.2	 -0.51	-0.02	0.27	239_L	[ 51.92029167  27.9975     -11.31375   ]
-0.12	 0.02	0.09	0.14	239_L	[ 53.69717857  30.58242857 -11.64117857]
-0.1	 0.02	0.03	0.19	239_L	[ 50.83624  30.89788 -12.4088 ]
0.07	 1.08	-0.06	-0.2	239_L	[ 54.11258333  28.627      -10.68341667]
0.08	 1.21	0.43	-0.77	240_E	[ 49.34566667  34.98533333 -11.09433333]
0.14	 1.51	0.17	-0.47	240_E	[47.73985714 35.958      -9.54028571]
0.03	 0.4	-0.06	-0.14	240_E	[49.28442424 36.20263636 -9.84048485]
-0.1	 0.12	0.0	0.01	240_E	[ 47.4141875  34.735375  -12.0155   ]
0.01	 0.32	0.01	-0.16	240_E	[ 45.92938889  32.29694444 -11.37322222]
0.13	 1.42	0.15	-0.42	240_E	[ 44.3648  32.4628 -10.3316]
-0.14	 -0.31	-0.03	0.06	240_E	[ 44.05526471  34.01788235 -10.22817647]
0.08	 0.33	-0.12	-0.17	240_E	[ 48.2434  31.3753 -11.2547]
0.07	 0.27	-0.02	-0.07	240_E	[ 50.35515  33.8465  -11.3313 ]
-0.16	 -0.06	0.06	0.15	240_E	[ 46.9375   35.53695 -10.95055]
-0.22	 -0.42	0.05	0.24	240_E	[ 48.25937931  33.04637931 -12.44837931]
-0.29	 -0.95	0.1	0.44	240_E	[ 45.365       32.51761905 -11.87866667]
0.02	 -0.05	-0.09	-0.04	240_E	[ 47.00475     30.9085     -10.73933333]
0.22	 1.01	0.1	-0.37	241_K	[48.40907143 36.29892857 -4.18742857]
0.11	 1.34	0.14	-0.43	241_K	[45.406125 34.525375 -4.54125 ]
0.06	 1.1	0.04	-0.3	241_K	[44.567  35.2572 -5.4094]
0.07	 0.52	-0.12	-0.14	241_K	[44.77121429 37.46064286 -6.50764286]
-0.04	 -0.04	-0.13	0.06	241_K	[42.81625  36.553375 -6.7495  ]
-0.02	 -4.68	-0.01	-0.08	241_K	[42.88816667 38.417      -8.98166667]
0.04	 0.39	-0.05	-0.11	241_K	[46.67911765 35.76764706 -4.50879412]
-0.02	 -0.03	-0.22	0.09	241_K	[44.26163889 33.69886111 -6.26786111]
-0.09	 -0.28	-0.14	0.17	241_K	[45.44275862 37.37172414 -5.74951724]
0.08	 0.48	-0.05	-0.18	241_K	[46.37446667 37.0018     -8.53386667]
-0.15	 -0.77	-0.02	0.18	241_K	[42.7308125 35.04625   -7.93325  ]
-0.29	 -0.87	0.22	0.5	241_K	[42.43194737 37.35931579 -6.49157895]
-0.28	 -0.55	0.22	0.39	241_K	[42.15275    37.30475    -9.38383333]
-0.28	 -0.68	0.16	0.43	241_K	[43.87082609 38.91208696 -8.38021739]
-0.31	 -0.53	-0.12	0.27	241_K	[ 44.2901875  36.78275   -10.184375 ]
0.07	 0.75	-0.03	-0.25	243_S	[53.391125  36.8653125 -9.2071875]
0.12	 1.04	-0.02	-0.27	243_S	[55.23234783 36.7103913  -7.80647826]
-0.09	 -0.18	-0.06	0.08	243_S	[ 53.41583333  34.63083333 -10.49408333]
0.02	 0.25	-0.06	-0.13	243_S	[ 54.19753846  32.60553846 -10.13984615]
0.2	 1.22	0.21	-0.47	243_S	[55.58904545 35.02668182 -7.05772727]
-0.01	 -0.9	0.04	-0.05	243_S	[ 52.15694118  34.71917647 -10.42805882]
-0.26	 -1.37	0.02	0.43	243_S	[54.8007619  35.02947619 -9.669     ]
0.16	 1.45	0.02	-0.3	244_E	[51.7085 36.7481 -9.2796]
0.07	 0.62	0.15	-0.36	244_E	[51.80692857 38.98764286 -8.55164286]
0.12	 0.93	-0.04	-0.17	244_E	[52.06353846 40.99530769 -6.56969231]
0.08	 0.9	0.01	-0.26	244_E	[49.57365217 38.137      -8.87169565]
-0.08	 -0.36	-0.06	0.08	244_E	[48.375      40.38078571 -7.20492857]
-0.08	 -0.13	-0.19	0.08	244_E	[50.31281818 41.24954545 -5.57727273]
-0.13	 -0.3	0.01	0.11	244_E	[48.95251064 39.6322766  -4.44887234]
-0.05	 0.1	-0.09	-0.04	244_E	[52.46303333 39.34463333 -8.82346667]
-0.31	 -0.98	0.08	0.45	244_E	[49.97955556 38.87211111 -9.6035    ]
-0.19	 -0.69	0.14	0.33	244_E	[49.70661538 40.94273077 -7.93542308]
-0.19	 -0.32	-0.4	0.3	244_E	[47.43496296 39.08114815 -6.87625926]
0.17	 1.45	0.23	-0.49	245_A	[49.98016667 38.82533333 -2.25191667]
0.15	 1.31	0.11	-0.38	245_A	[51.24114286 40.49421429 -3.085     ]
0.11	 0.98	-0.02	-0.28	245_A	[49.09924 37.719   -3.10468]
0.26	 1.36	0.41	-0.63	246_L	[58.9223125 39.134125  -4.673875 ]
0.11	 1.46	-0.0	-0.31	247_S	[55.217      42.44728571 -6.90728571]
-0.15	 -0.63	-0.05	0.14	247_S	[57.24774359 42.60679487 -6.8185641 ]
-0.06	 -0.34	0.09	-0.11	247_S	[56.00285714 39.67585714 -8.92014286]
-0.11	 -0.36	0.03	0.09	247_S	[54.19827586 41.359      -7.89010345]
0.04	 0.42	-0.11	-0.04	247_S	[58.21975758 39.46606061 -6.57751515]
-0.3	 -1.0	0.27	0.51	247_S	[56.87       40.64683333 -9.07638889]
-0.06	 0.29	-0.05	0.05	247_S	[55.8748     38.07883333 -8.3326    ]
0.15	 1.29	0.01	-0.24	248_S	[54.2372 42.6396 -5.9248]
0.15	 1.13	0.13	-0.36	248_S	[56.37307143 43.42442857 -3.12371429]
-0.16	 -0.28	-0.03	0.14	248_S	[56.2098   44.654225 -2.606   ]
-0.0	 0.28	0.13	-0.26	248_S	[52.65317857 42.81992857 -3.34671429]
0.03	 0.51	-0.04	-0.19	248_S	[54.22911111 42.46116667 -1.27411111]
-0.21	 -1.04	0.1	0.11	248_S	[54.72678947 43.55605263 -5.80184211]
-0.18	 -0.76	0.11	0.38	248_S	[53.19181818 44.17445455 -3.17781818]
-0.09	 -0.13	-0.27	0.21	248_S	[52.25196154 42.20915385 -4.90569231]
0.11	 1.1	0.02	-0.29	249_I	[58.58569231 43.99       -4.09215385]
0.03	 0.12	-0.13	-0.07	249_I	[59.90711538 42.06361538 -5.04923077]
-0.01	 -0.43	-0.09	-0.04	249_I	[57.85964286 43.71307143 -0.69835714]
0.07	 0.93	0.05	-0.27	249_I	[56.67548718 41.68653846  0.37107692]
0.14	 1.55	0.14	-0.46	249_I	[58.5266 42.7415  0.6722]
0.14	 1.65	0.27	-0.52	250_A	[58.83842857 44.88857143 -3.34957143]
0.05	 1.42	-0.06	-0.17	250_A	[59.54366667 45.02016667 -3.95366667]
-0.11	 -0.1	-0.01	0.17	250_A	[61.03075    47.12046429 -2.52635714]
0.07	 0.25	0.0	-0.1	250_A	[59.21782353 45.01894118 -1.09176471]
-0.07	 -0.49	0.01	0.08	250_A	[60.646      44.54171429 -4.73447619]
-0.23	 -0.92	0.04	0.32	250_A	[62.49823529 47.02382353 -3.37582353]
-0.26	 -0.79	-0.01	0.51	250_A	[59.48230435 46.71486957 -3.19421739]
-0.02	 0.42	0.01	0.04	250_A	[61.33568421 46.48942105 -0.93136842]
0.04	 1.42	-0.09	-0.1	251_D	[65.03075 45.62025 -3.58775]
0.08	 0.95	0.11	-0.36	251_D	[64.91983333 45.89483333 -2.90066667]
-0.11	 0.07	0.01	0.07	251_D	[66.46158824 46.07905882 -2.49241176]
0.02	 0.32	-0.02	-0.05	251_D	[68.05916 45.179   -3.22704]
-0.03	 0.33	-0.02	-0.03	251_D	[6.76030256e+01 4.54723846e+01 2.40000000e-02]
-0.08	 -0.11	-0.1	0.09	251_D	[63.48240741 45.12081481 -4.87459259]
0.02	 0.23	-0.16	-0.06	251_D	[65.35544444 45.36122222 -4.40988889]
-0.01	 0.5	-0.06	-0.05	251_D	[64.33296 46.16204 -1.4522 ]
-0.08	 -0.23	-0.01	0.12	252_I	[63.26635484 40.91812903 -7.38719355]
0.12	 1.34	0.02	-0.3	252_I	[61.97625  38.954    -6.124875]
0.14	 0.54	0.04	-0.28	252_I	[63.049      42.71943478 -5.48982609]
0.11	 0.62	-0.0	-0.26	252_I	[61.06331034 39.63837931 -4.97224138]
0.21	 1.96	0.01	-0.28	252_I	[62.45509091 38.66172727 -6.80418182]
-0.13	 -0.26	0.08	0.14	253_E	[ 64.4383      39.01086667 -10.23443333]
-0.0	 0.89	0.08	-0.16	253_E	[ 67.3215      38.22658333 -10.77575   ]
-0.11	 -0.14	0.01	0.03	253_E	[ 70.18488235  38.33211765 -10.16194118]
-0.23	 -0.54	0.07	0.29	253_E	[70.548    39.87795  -9.776025]
-0.17	 -0.44	0.02	0.21	253_E	[70.49252941 36.81155882 -9.07723529]
0.11	 0.71	-0.05	-0.16	253_E	[66.04489474 41.01626316 -8.82826316]
-0.05	 0.18	-0.18	0.0	253_E	[ 67.3865      36.592625   -10.13391667]
-0.13	 -0.31	0.09	0.12	253_E	[ 67.51119048  39.8897619  -10.09666667]
0.1	 1.29	0.17	-0.45	254_R	[ 66.2557  35.3287 -10.3292]
0.02	 0.37	-0.23	0.1	254_R	[ 64.068       36.04633333 -11.76966667]
0.04	 0.96	-0.1	-0.12	254_R	[ 65.92261538  34.31730769 -11.48907692]
-0.04	 -0.82	0.06	-0.1	254_R	[ 63.52444444  34.20277778 -13.59855556]
-0.05	 -0.31	-0.03	0.01	254_R	[ 64.56905882  32.48305882 -13.90611765]
-0.09	 -0.27	0.67	-0.1	254_R	[ 66.09403226  32.02812903 -13.69951613]
-0.11	 -0.27	-0.15	0.18	254_R	[ 63.564375    31.417875   -14.26359375]
0.05	 -0.75	-0.04	-0.1	254_R	[62.51664 37.56148 -9.12176]
0.09	 0.55	-0.04	-0.12	254_R	[ 65.20441667  36.7305     -11.17166667]
0.14	 1.42	0.31	-0.55	254_R	[66.55736842 34.94631579 -9.50657895]
-0.08	 0.11	0.0	0.1	254_R	[ 62.64007407  35.43418519 -11.53185185]
-0.15	 -0.32	0.02	0.07	254_R	[ 65.67630769  35.01826923 -12.37580769]
0.1	 1.02	0.52	-0.78	254_R	[ 66.502375  33.45675  -11.011875]
-0.04	 -0.09	-0.22	0.05	254_R	[ 62.11914815  33.11733333 -12.18018519]
-0.12	 -0.7	-0.01	0.19	254_R	[ 66.95617391  32.71482609 -12.25273913]
-0.29	 -1.14	0.18	0.48	254_R	[ 66.36032  31.42564 -14.49568]
-0.25	 -1.04	0.23	0.46	254_R	[ 62.27291304  32.09430435 -14.36530435]
-0.35	 -1.32	0.33	0.52	254_R	[ 64.2026   31.0482  -15.46065]
-0.09	 -0.16	-0.04	0.08	255_V	[59.31154839 33.39080645 -9.60532258]
0.15	 1.41	0.22	-0.48	255_V	[59.57779167 37.85570833 -5.85841667]
0.06	 -0.27	0.02	-0.05	255_V	[60.97233333 36.01833333 -9.19183333]
0.04	 0.37	0.01	-0.05	255_V	[58.275125   35.5165     -7.42947917]
-0.05	 -0.27	-0.39	0.12	255_V	[60.45140909 37.572      -6.79086364]
0.13	 1.16	-0.02	-0.26	256_I	[ 61.39604348  27.00121739 -10.28504348]
0.04	 0.73	-0.04	-0.2	256_I	[ 65.11602326  29.03653488 -10.06413953]
0.1	 -0.09	-0.0	-0.18	256_I	[ 60.62472222  31.34472222 -10.62827778]
0.04	 0.92	-0.26	-0.13	256_I	[ 62.5081875   30.67565625 -11.69175   ]
-0.13	 -0.16	-0.57	0.31	256_I	[62.96940909 27.37518182 -9.99345455]
-0.06	 0.23	-0.04	0.11	256_I	[ 60.78713793  28.789      -11.20072414]
0.02	 0.1	-0.05	-0.1	256_I	[ 66.20277778  30.81561111 -10.71116667]
-0.14	 -0.26	-0.08	0.39	256_I	[ 64.24881818  28.62409091 -10.93972727]
-0.08	 -0.62	-0.12	0.09	257_I	[ 56.77744828  28.22113793 -11.04648276]
0.06	 0.37	-0.19	0.06	257_I	[56.80333333 32.01766667 -8.54233333]
0.11	 1.44	-0.02	-0.27	257_I	[56.58706667 33.55673333 -7.65726667]
0.02	 -0.18	-0.07	-0.04	257_I	[ 58.28705556  30.42122222 -10.16727778]
0.14	 0.52	-0.02	-0.16	257_I	[55.699      30.79142105 -9.69268421]
0.12	 0.9	0.16	-0.42	257_I	[57.41145455 31.98672727 -8.663     ]
-0.01	 0.65	-0.12	-0.12	257_I	[55.9075    32.8334375 -8.56625  ]
0.12	 1.58	0.29	-0.53	258_K	[58.831625 23.627875 -8.5705  ]
0.09	 1.32	0.12	-0.33	258_K	[ 57.3916      24.90026667 -11.57426667]
0.04	 1.04	-0.1	-0.04	258_K	[ 58.86345455  22.69990909 -11.10254545]
-0.03	 0.14	-0.15	0.1	258_K	[ 59.98047059  24.74929412 -13.18323529]
0.03	 -2.51	-0.04	-0.09	258_K	[ 60.77166667  22.712      -13.90233333]
0.11	 -0.07	0.04	-0.23	258_K	[ 55.202       26.59316667 -10.51455556]
0.07	 0.72	-0.27	-0.04	258_K	[57.63878261 22.62456522 -8.80182609]
-0.1	 -0.49	-0.04	0.13	258_K	[ 56.7833   24.70455 -11.7423 ]
0.11	 0.06	0.03	-0.16	258_K	[ 59.03347059  26.70141176 -11.62176471]
-0.01	 0.22	-0.11	-0.0	258_K	[60.14397143 24.0854     -9.8408    ]
-0.26	 -0.74	-0.11	0.3	258_K	[ 57.81983333  22.53677778 -11.38855556]
-0.18	 -0.88	0.36	-0.07	258_K	[ 58.65608  24.37144 -13.77204]
-0.03	 0.01	-0.1	0.14	258_K	[ 60.86206061  25.58045455 -12.02345455]
-0.29	 -0.74	0.25	0.36	258_K	[ 60.7925      23.19361538 -14.67130769]
-0.25	 -0.57	0.17	0.37	258_K	[ 61.71282143  22.76178571 -12.41153571]
-0.25	 -0.76	0.06	0.37	258_K	[ 59.57269565  21.68252174 -13.04517391]
0.15	 1.58	-0.01	-0.26	259_E	[52.836125 21.013    -8.870875]
-0.14	 -0.28	0.01	0.06	259_E	[54.88051282 21.46548718 -9.72394872]
0.07	 1.95	-0.04	-0.15	259_E	[ 51.68033333  24.441      -10.51733333]
0.04	 1.53	-0.06	-0.19	259_E	[51.29366667 21.74133333 -9.36133333]
-0.17	 -0.53	-0.02	0.14	259_E	[ 49.62090909  22.09509091 -10.09590909]
-0.08	 -0.29	-0.0	0.33	259_E	[48.60415385 21.73320513 -8.27105128]
-0.18	 -0.3	0.01	0.17	259_E	[ 49.1868      24.60523333 -10.2601    ]
-0.01	 0.16	-0.07	-0.07	259_E	[ 53.88268  24.9926  -10.37732]
0.12	 0.63	0.14	-0.35	259_E	[51.51977778 25.78116667 -9.87411111]
-0.17	 -0.08	0.12	-0.04	259_E	[ 52.0457   22.71125 -10.32535]
0.01	 0.26	-0.06	-0.07	259_E	[51.2020625 21.041125  -8.2738125]
0.02	 0.13	-0.06	-0.12	260_V	[52.40095652 19.13086957 -6.82713043]
-0.13	 0.2	-0.1	-0.02	260_V	[51.180875   19.98495833 -5.67825   ]
-0.07	 -0.46	0.01	0.09	260_V	[55.71425    17.66008333 -4.71991667]
-0.01	 0.01	-0.05	-0.04	260_V	[57.84304545 20.34668182 -6.77218182]
-0.32	 -1.05	0.19	0.47	260_V	[52.65886667 17.63053333 -7.09006667]
-0.04	 -0.59	-0.04	0.02	260_V	[54.57757143 19.0215     -8.21735714]
-0.14	 -0.88	0.05	0.26	260_V	[56.80161111 18.53083333 -3.91516667]
-0.02	 -0.71	0.03	0.02	260_V	[53.94516667 18.18325    -4.0865    ]
-0.28	 -0.97	0.14	0.43	260_V	[55.808      17.45294118 -6.47964706]
-0.05	 -0.01	0.06	-0.05	260_V	[57.90865385 20.25238462 -5.08830769]
-0.12	 -0.47	0.01	0.23	260_V	[57.06745455 19.81990909 -7.78536364]
