-0.14	 -0.69	0.01	0.22	192_E	[  5.34195  -15.134175  44.34765 ]
0.11	 0.86	0.03	-0.3	192_E	[  5.9531875 -13.2820625  43.396625 ]
-0.03	 0.01	-0.12	0.03	192_E	[  8.42827273 -13.27839394  44.19327273]
0.04	 0.04	0.07	-0.0	192_E	[  7.107375 -12.272875  47.80175 ]
0.02	 0.63	0.02	-0.17	192_E	[  6.2536 -15.6936  47.6202]
-0.13	 -0.48	-0.08	0.09	192_E	[  7.05570968 -14.97280645  49.30612903]
-0.26	 -0.89	0.13	0.41	192_E	[  8.70428571 -14.61842857  49.03947619]
-0.32	 -1.08	0.22	0.46	192_E	[  5.99086842 -15.81613158  50.22223684]
0.23	 0.86	-0.09	-0.25	192_E	[  4.144      -12.19763636  46.72854545]
-0.0	 0.21	-0.15	-0.08	192_E	[  8.09915385 -12.73538462  46.84069231]
-0.12	 -0.11	-0.24	0.16	192_E	[  5.33033333 -12.24061538  47.56135897]
-0.06	 -0.11	-0.09	0.05	192_E	[  4.47707407 -15.2182963   47.65740741]
-0.19	 -0.63	-0.01	0.28	192_E	[  7.1575  -15.99665  46.3991 ]
0.13	 0.88	-0.07	-0.17	193_R	[  5.51783333 -12.19425     41.77875   ]
0.09	 0.97	0.47	-0.76	193_R	[  5.34157143 -10.16214286  38.39728571]
0.08	 1.04	0.02	-0.33	193_R	[  8.8919 -11.2272  40.4108]
-0.03	 0.13	-0.09	-0.03	193_R	[  8.17807692 -11.55569231  38.14780769]
-0.14	 -0.29	-0.02	0.19	193_R	[  6.64834615 -12.36730769  37.6355    ]
-0.14	 -0.17	-0.0	0.13	193_R	[  9.92804167 -11.95254167  37.76170833]
-0.05	 -0.15	-0.14	-0.0	193_R	[  7.26924242 -12.30745455  41.75042424]
0.11	 1.51	0.09	-0.48	193_R	[  4.96528571 -11.80271429  41.16471429]
0.12	 0.67	0.08	-0.29	193_R	[  5.36255556 -11.74783333  39.92366667]
-0.01	 0.21	-0.1	-0.06	193_R	[ 6.32789655 -8.92155172 38.25634483]
0.1	 0.82	-0.06	-0.47	193_R	[  9.58545455 -10.99690909  40.06745455]
-1.82	 -0.17	-0.23	0.26	193_R	[  5.31054545 -11.49668182  37.99990909]
-0.27	 -1.17	0.18	0.48	193_R	[  7.40704 -13.019    36.44472]
-0.13	 -0.18	0.01	0.11	193_R	[ 10.72455556 -11.10203704  38.36848148]
-0.29	 -1.61	0.33	0.6	193_R	[  9.70319048 -12.77709524  36.57419048]
0.07	 0.76	-0.14	-0.12	194_N	[ 6.80677419 -9.18477419 47.46870968]
0.0	 0.31	0.01	-0.07	194_N	[ 9.22864286 -9.58885714 48.15575   ]
0.13	 1.35	0.19	-0.44	195_V	[ 7.02014286 -4.31135714 38.17664286]
0.13	 1.06	-0.02	-0.21	195_V	[ 7.05930769 -6.30884615 38.42146154]
-0.07	 0.07	-0.1	-0.08	195_V	[ 5.47155172 -3.39231034 38.49096552]
-0.04	 -0.21	0.03	-0.02	195_V	[ 5.06857692 -6.08834615 39.08142308]
0.2	 1.36	0.42	-0.64	197_I	[ 6.12588235  4.51305882 42.02270588]
0.03	 0.77	-0.16	-0.1	197_I	[ 4.375       3.13690909 38.93809091]
-0.06	 -0.34	-0.14	0.08	197_I	[ 2.64404545  0.74631818 40.24945455]
0.11	 0.91	0.0	-0.24	197_I	[ 4.91845 -0.17145 38.32075]
-0.12	 -0.33	-0.04	0.12	197_I	[ 3.65246429  3.27639286 39.45210714]
0.09	 0.6	-0.01	-0.25	197_I	[ 5.19531579  4.68231579 40.63073684]
0.15	 1.44	0.22	-0.48	197_I	[ 5.10915385  2.13953846 37.53276923]
-0.0	 -0.03	-0.04	-0.01	197_I	[ 3.31957895 -1.28889474 39.37131579]
0.1	 0.65	0.06	-0.26	197_I	[ 2.71256522  0.70543478 42.16713043]
-0.22	 -0.83	0.25	0.3	197_I	[ 2.711      1.3068125 39.4019375]
0.26	 1.24	0.44	-0.65	199_D	[ 5.94125   10.7215625 40.1429375]
0.1	 0.53	-0.09	-0.14	199_D	[ 4.6831  6.9207 39.7655]
0.07	 0.53	-0.15	-0.14	199_D	[ 4.67122581  9.34109677 37.73045161]
0.0	 0.47	-0.06	-0.14	199_D	[ 5.12203704  9.68296296 36.15296296]
-0.28	 -0.94	0.11	0.44	199_D	[ 3.24494595  9.00697297 38.54167568]
0.04	 0.69	-0.13	-0.13	199_D	[ 4.5831875  5.9895    39.0661875]
0.08	 0.39	-0.07	-0.16	199_D	[ 4.61193333  7.74413333 40.5948    ]
0.05	 0.56	-0.03	-0.2	201_G	[ 5.83693333 12.31146667 35.57053333]
0.12	 0.81	-0.03	-0.17	201_G	[ 8.31438462 14.81207692 34.67430769]
-0.09	 0.28	-0.09	-0.08	201_G	[ 6.9220625 13.107625  34.3444375]
-0.06	 -0.23	-0.11	0.1	201_G	[ 5.38578125 13.011      37.04459375]
-0.05	 0.12	-0.11	0.03	202_G	[ 6.551625 15.38925  34.3975  ]
-0.01	 0.08	-0.0	-0.08	202_G	[ 6.90304 17.65964 34.82968]
-0.1	 -0.39	-0.0	-0.04	202_G	[ 5.44990909 18.97627273 36.52490909]
-0.03	 0.03	-0.26	0.01	202_G	[ 6.7614 19.9112 36.2366]
-0.21	 -0.34	0.02	0.26	202_G	[ 5.16340909 15.32472727 35.25204545]
0.07	 0.59	0.1	-0.22	202_G	[ 8.65447619 17.18019048 34.73285714]
-0.28	 -0.86	0.2	0.49	202_G	[ 5.99557143 17.87580952 34.33433333]
-0.04	 -0.47	-0.04	-0.02	203_G	[ 4.81742857 17.55114286 36.859     ]
-0.05	 -0.31	0.02	-0.11	203_G	[ 5.12631579 19.17221053 38.88126316]
0.11	 1.05	-0.13	-0.13	203_G	[ 4.82683333 18.67066667 41.1015    ]
0.09	 0.44	-0.01	-0.15	203_G	[ 6.59680952 19.14590476 41.66195238]
0.02	 0.38	-0.05	-0.07	203_G	[ 4.68307143 16.52378571 37.65278571]
0.01	 0.29	-0.08	-0.06	203_G	[ 6.84271429 20.081      39.28761905]
-0.21	 -0.56	0.09	0.39	203_G	[ 4.18844828 18.55675862 39.21965517]
0.11	 0.71	0.02	-0.28	204_T	[ 5.65796667 12.59093333 39.94796667]
-0.04	 -0.6	0.04	0.03	204_T	[ 3.46495455 14.57495455 40.6865    ]
0.02	 0.7	0.06	-0.24	204_T	[ 3.32961538 16.17226923 43.33715385]
0.11	 0.67	-0.07	-0.14	204_T	[ 4.69716667 15.19188889 39.03111111]
0.15	 1.02	0.09	-0.37	204_T	[ 4.9496875 13.889125  43.852875 ]
-0.27	 -0.95	0.13	0.42	204_T	[ 2.16728571 14.44857143 41.64585714]
-0.22	 -0.34	-0.17	0.29	204_T	[ 2.74304348 15.68552174 43.7946087 ]
-0.06	 -0.25	-0.03	0.07	204_T	[ 3.84590476 17.83228571 41.978     ]
0.13	 0.83	0.1	-0.36	205_F	[ 5.969625   12.41558333 44.94895833]
0.13	 1.47	0.08	-0.38	206_D	[ 5.266       6.75828571 43.03614286]
0.16	 0.6	0.07	-0.29	206_D	[ 5.72622727  6.46395455 41.80540909]
-0.05	 0.54	-0.03	-0.04	206_D	[ 3.55588889  8.62244444 42.18133333]
-0.09	 -0.14	-0.07	0.13	206_D	[ 2.99166667 10.65044444 43.92183333]
-0.09	 -0.08	-0.1	0.06	206_D	[ 3.44141026 12.26297436 43.11884615]
-0.1	 -0.31	-0.16	0.17	206_D	[ 3.17145455  9.71834091 45.69431818]
0.01	 0.57	-0.14	-0.11	206_D	[ 4.24648276  9.89155172 41.33024138]
-0.04	 0.06	0.02	-0.05	206_D	[ 4.01448  7.44552 43.6272 ]
0.12	 0.95	0.13	-0.43	207_V	[ 5.30785  5.28045 43.60825]
-0.08	 -0.43	0.02	0.05	208_S	[ 3.083      3.476625  43.5593125]
0.07	 0.44	-0.08	-0.16	208_S	[ 2.07371875  1.82128125 44.40409375]
0.02	 0.29	-0.03	-0.01	208_S	[ 3.14995652  4.80521739 44.92473913]
-0.0	 0.25	-0.11	-0.09	208_S	[ 4.06192857  3.40521429 42.58428571]
0.25	 1.28	0.44	-0.66	209_I	[ 6.02335 -4.27055 48.16205]
0.01	 0.22	-0.02	-0.06	210_L	[-0.45858621 -2.17568966 41.98941379]
0.04	 0.44	-0.08	-0.13	210_L	[ 2.4457931  -4.52934483 39.86589655]
0.22	 1.22	0.43	-0.65	210_L	[ 2.08971429 -0.35178571 43.39014286]
-0.04	 0.01	-0.07	0.05	210_L	[-0.61169565 -3.26713043 41.14608696]
-0.06	 -0.58	-0.09	0.09	210_L	[ 1.092      -1.01152174 41.10378261]
0.03	 0.59	-0.02	-0.28	210_L	[ 1.47054545 -4.36945455 39.58436364]
-0.01	 -0.47	0.07	-0.1	210_L	[ 2.85884615 -2.80669231 39.66446154]
0.2	 1.39	0.2	-0.46	211_T	[ 0.60383333 -7.91816667 45.29227778]
0.18	 1.28	0.33	-0.57	211_T	[ 5.355875 -5.847125 48.079375]
0.13	 0.76	0.08	-0.3	211_T	[ 3.66828 -9.60384 47.10348]
0.14	 0.87	0.08	-0.4	211_T	[ 1.46509091 -7.71827273 47.06445455]
-0.01	 0.02	-0.23	0.09	211_T	[ 5.19032143 -7.45496429 48.60475   ]
-0.16	 -0.05	-0.2	0.12	211_T	[ 3.30872414 -9.91810345 47.60362069]
0.09	 0.66	0.05	-0.22	211_T	[ 1.51629412 -9.29470588 45.80017647]
0.1	 0.69	0.06	-0.26	212_I	[  3.70554545 -12.26745455  42.00363636]
-0.05	 -0.53	-0.07	0.12	212_I	[  1.5702381  -11.82642857  39.31661905]
0.08	 0.67	-0.13	0.01	212_I	[ 1.54055556 -9.14311111 38.20422222]
0.04	 0.52	-0.05	-0.16	212_I	[ 3.45621951 -8.36312195 38.96973171]
-0.05	 0.84	-0.02	0.02	212_I	[  0.08415385 -11.57407692  38.67365385]
-0.52	 -0.04	-0.02	0.11	212_I	[  3.02490909 -11.23104545  39.16886364]
0.17	 1.47	0.15	-0.41	213_D	[ -1.47331579 -12.60910526  45.31873684]
0.1	 0.84	0.32	0.01	213_D	[  2.70436364 -12.15590909  46.67190909]
-0.08	 0.86	-0.07	0.04	213_D	[  2.14711765 -14.48141176  46.78335294]
-0.12	 -0.14	-0.08	0.09	213_D	[-2.69642857e-02 -1.50662500e+01  4.64007500e+01]
-0.13	 -0.31	-0.11	0.11	213_D	[  2.91042857 -15.50007143  45.82753571]
0.21	 1.36	0.18	-0.45	213_D	[  0.061125  -10.634875   44.8579375]
0.04	 0.28	-0.02	-0.13	213_D	[  2.37080769 -13.77888462  42.80753846]
-0.12	 -0.68	-0.22	0.15	213_D	[  0.88569565 -11.74321739  46.25673913]
0.06	 0.73	0.53	-1.05	214_D	[ 2.92000e-02 -1.49568e+01  4.18502e+01]
0.04	 1.1	-0.0	-0.18	214_D	[ -0.56316667 -15.66666667  41.83133333]
-0.07	 -0.47	0.01	-0.01	214_D	[ -2.2875     -15.93691667  41.45891667]
-0.13	 -0.53	-0.02	0.19	214_D	[ -4.32751515 -15.33566667  42.64484848]
0.12	 1.6	0.01	-0.32	214_D	[ -2.69514286 -14.965       46.29357143]
-0.05	 -0.11	-0.08	0.05	214_D	[ -2.17153571 -17.25967857  45.08085714]
-0.34	 -1.07	0.14	0.48	214_D	[ -3.0643   -17.004     46.688875]
-0.26	 -1.04	0.16	0.37	214_D	[ -1.88711429 -18.266       43.96197143]
-0.07	 0.09	0.05	0.01	214_D	[  0.79440741 -15.77296296  43.49892593]
-0.18	 -0.35	-0.16	0.2	214_D	[ -0.79777778 -16.90755556  42.61755556]
-0.01	 0.3	-0.21	0.03	214_D	[ -2.051      -14.45430769  46.19969231]
0.15	 1.01	-0.02	-0.25	214_D	[ -4.096  -15.1309  44.9598]
-0.08	 0.04	-0.08	0.03	215_G	[ -1.104    -14.722875  40.75925 ]
-0.05	 -0.22	0.0	-0.02	215_G	[ -2.82178947 -13.44284211  39.41126316]
0.15	 1.33	-0.0	-0.27	215_G	[ -4.82855556 -12.92955556  41.67188889]
-0.18	 -0.36	0.11	0.18	215_G	[ -4.99516667 -11.1225      40.4624    ]
0.05	 0.64	0.02	-0.18	215_G	[ -0.15318182 -13.84204545  40.96531818]
-0.16	 -0.24	-0.1	0.25	215_G	[ -1.68413333 -12.7102      39.03266667]
-0.17	 -0.58	0.01	0.28	215_G	[ -3.938125 -14.169125  39.996875]
0.1	 1.03	0.03	-0.28	216_I	[-1.13810714 -8.96685714 44.95328571]
0.39	 0.68	-0.07	-0.2	216_I	[ -5.4949 -12.7908  43.2231]
0.07	 0.24	-0.05	-0.14	216_I	[-4.15889286 -8.78007143 45.95525   ]
-0.2	 -1.09	-0.02	0.26	216_I	[ -5.64877273 -12.58309091  46.69718182]
0.03	 1.14	-0.08	-0.04	216_I	[-5.2509 -9.9524 42.0666]
0.03	 -0.12	0.06	-0.17	216_I	[ -2.40866667 -11.07613333  45.67486667]
-0.28	 -0.66	0.05	0.28	216_I	[ -6.3792     -11.52533333  43.67973333]
0.24	 0.95	0.01	-0.35	216_I	[ -4.94725 -13.15075  42.7545 ]
-0.18	 -0.57	-0.31	0.16	216_I	[-4.60984211 -9.84284211 46.97847368]
0.17	 1.05	0.23	-0.39	216_I	[-2.4575     -8.67166667 45.7805    ]
-0.1	 -0.52	0.03	0.22	216_I	[-5.74361905 -8.89604762 44.25709524]
-0.22	 -0.79	0.17	0.42	216_I	[ -6.05091667 -13.60575     45.66958333]
-0.15	 -0.46	-0.06	0.2	216_I	[ -3.71268182 -12.8665      46.65118182]
-0.16	 -0.53	0.19	0.19	216_I	[ -6.19883333 -11.03494444  46.33305556]
0.14	 1.22	0.22	-0.42	217_F	[-1.98852941 -4.20588235 43.15082353]
-0.13	 -0.28	-0.01	0.18	217_F	[-4.05271875 -5.59434375 44.00534375]
-0.04	 -0.27	-0.05	0.04	217_F	[-2.53445455 -4.68318182 41.04345455]
-0.07	 0.05	-0.1	0.1	217_F	[-2.39816667 -5.84233333 38.97      ]
-0.15	 -0.9	0.32	-0.01	217_F	[-3.17176923 -7.24315385 38.62376923]
-0.07	 -0.16	0.05	-0.04	217_F	[-1.04378947 -5.262      38.76173684]
-0.11	 -0.21	0.04	0.02	217_F	[-2.34973684 -8.90768421 37.548     ]
-0.05	 0.11	0.09	-0.07	217_F	[ 0.166      -6.8075     37.39138462]
-0.1	 0.15	0.15	-0.01	217_F	[-0.67133333 -8.29663333 36.94243333]
0.11	 0.06	0.09	-0.19	217_F	[-4.39011765 -7.99964706 41.88094118]
-0.13	 -0.53	0.0	0.21	217_F	[-3.62319048 -5.70528571 40.85914286]
0.06	 0.13	0.04	-0.19	217_F	[-1.62533333 -4.38483333 41.08      ]
0.04	 -0.3	0.16	0.0	217_F	[-3.87572727 -8.58663636 39.55136364]
0.05	 0.31	-0.13	0.02	217_F	[ 0.51141667 -4.788      39.09333333]
-0.14	 -0.13	-0.0	0.13	217_F	[ -2.53270833 -10.25533333  37.99708333]
-0.08	 -0.19	0.01	0.33	217_F	[ 1.50948387 -6.65151613 37.83809677]
-0.29	 -0.59	0.17	0.51	217_F	[-0.14952174 -9.27008696 36.5943913 ]
0.1	 1.12	0.1	-0.31	218_E	[-1.14816667 -7.45727778 47.04077778]
0.02	 0.93	-0.03	-0.11	218_E	[-2.91992308 -3.92869231 48.59676923]
-0.06	 0.03	-0.12	0.06	218_E	[-2.91114286 -6.88867857 49.51414286]
-0.25	 -1.01	0.02	0.27	218_E	[-3.87151515 -7.97633333 48.487     ]
-0.19	 -0.66	0.09	0.25	218_E	[-2.62696296 -5.76814815 50.74488889]
0.01	 0.6	-0.14	-0.05	218_E	[-3.1988 -3.8524 45.1299]
0.09	 0.54	0.04	-0.07	218_E	[-2.05241667 -7.96091667 46.66616667]
0.12	 0.25	0.01	-0.23	218_E	[-2.10769231e-02 -7.19100000e+00  4.70646923e+01]
-0.02	 0.33	-0.34	0.07	218_E	[-2.17411111 -3.85111111 49.25744444]
-0.08	 -0.17	0.07	0.07	218_E	[-3.83437037 -5.07222222 47.08825926]
-0.04	 0.0	-0.01	-0.0	219_V	[-0.99133333 -1.93148718 49.17541026]
0.06	 0.37	-0.04	0.07	219_V	[-1.743       1.01566667 46.587     ]
0.02	 -0.6	-0.11	-0.01	219_V	[-1.23846154e-02  1.71576923e+00  4.61647692e+01]
-0.15	 -0.92	-0.03	0.25	219_V	[-1.88981818  0.09963636 44.09222727]
0.08	 0.49	-0.09	-0.11	219_V	[-2.5332     -2.54873333 46.61126667]
-0.22	 -0.73	0.18	0.11	219_V	[-2.001      -0.06786667 47.24226667]
-0.14	 -0.78	-0.15	0.1	219_V	[-0.376    2.30528 46.19432]
0.08	 0.33	0.15	-0.19	219_V	[ 0.65430769  1.03061538 48.38173077]
0.08	 0.67	-0.0	-0.33	219_V	[ 0.593375  1.111    44.54075 ]
-0.21	 -1.2	0.26	0.35	219_V	[-2.02104545  1.23372727 44.79418182]
-0.01	 -0.0	-0.08	-0.04	219_V	[ 1.96363636e-01 -1.60000000e-02  4.34653636e+01]
-0.07	 0.12	0.03	0.09	219_V	[-2.34152 -1.83612 44.44148]
-0.01	 0.45	-0.03	-0.09	220_K	[ 1.36307692 -0.49553846 50.33846154]
-0.05	 -0.01	-0.01	-0.02	220_K	[ 2.63533333 -1.88533333 52.17813333]
0.13	 1.18	0.03	-0.31	220_K	[ 4.9485    -4.265875  49.3738125]
0.02	 0.42	-0.21	0.08	220_K	[ 3.78133333 -5.44733333 50.32833333]
0.08	 1.38	-0.11	-0.06	220_K	[ 1.95288889 -4.85088889 51.39222222]
0.03	 0.17	-0.03	-0.14	220_K	[ 1.328      -7.87685714 49.5557619 ]
0.02	 -3.84	0.08	-0.23	220_K	[ 0.477      -7.52416667 52.176     ]
0.05	 0.37	-0.12	-0.05	220_K	[ 0.53711111 -2.61066667 50.66111111]
0.04	 0.74	-0.13	-0.14	220_K	[ 4.21633333 -3.96720833 51.18329167]
-0.01	 0.38	-0.06	-0.09	220_K	[ 3.90064706 -6.12241176 49.76276471]
-0.16	 -0.95	-0.07	0.18	220_K	[ 2.43856522 -5.35195652 51.79186957]
0.09	 0.29	0.06	-0.15	220_K	[ 0.139     -4.090875  50.7841875]
0.07	 0.26	0.05	-0.24	220_K	[ 0.4494375 -7.5633125 48.5046875]
-0.16	 -0.26	-0.24	0.23	220_K	[ 2.27227778 -8.00022222 50.08905556]
-0.36	 -0.76	0.26	0.47	220_K	[ 0.20628571 -8.48166667 51.48228571]
-0.26	 -1.13	0.15	0.4	220_K	[ 0.58063636 -6.29459091 52.58822727]
-0.04	 0.17	-0.13	-0.03	220_K	[-1.2662381  -6.57447619 51.39561905]
0.12	 1.55	-0.0	-0.28	221_A	[ 1.7786  0.494  49.5894]
0.07	 1.25	0.12	-0.35	221_A	[ 2.03881818  1.056      49.93409091]
0.15	 1.07	-0.01	-0.26	221_A	[ 2.13788889  2.24866667 49.539     ]
-0.06	 -0.08	0.02	0.05	221_A	[ 2.99033333  1.15104762 51.83509524]
0.08	 1.01	0.03	-0.31	222_T	[ 2.40228571  3.31364286 50.33192857]
0.08	 0.74	0.39	-0.61	222_T	[ 4.08828571  7.26685714 50.14957143]
0.01	 0.06	-0.08	-0.05	222_T	[ 4.11706667  6.21623333 51.6594    ]
0.14	 1.16	0.04	-0.27	222_T	[ 1.34766667  4.95533333 49.521     ]
-0.05	 0.09	-0.04	-0.03	222_T	[ 1.19533333  3.24122222 48.92444444]
-0.05	 0.13	-0.13	0.01	222_T	[ 2.23172  7.03784 47.22612]
0.08	 -0.26	-0.04	-0.08	222_T	[ 3.585625   3.390625  51.6681875]
-0.24	 -0.39	0.04	0.29	222_T	[ 1.52827778  5.51105556 50.00811111]
-0.15	 -0.58	0.08	0.13	222_T	[ 0.71067647  4.081      47.50297059]
-0.26	 -1.25	-0.0	0.47	222_T	[ 1.18221739  6.93752174 47.667     ]
0.04	 0.39	0.15	-0.1	222_T	[ 3.26686364  7.79031818 48.83513636]
0.05	 0.38	-0.02	-0.21	222_T	[ 3.13414286  6.53821429 45.85514286]
0.01	 0.25	-0.0	-0.16	223_A	[ 5.67929412  9.57911765 49.34105882]
0.11	 0.06	-0.02	-0.11	223_A	[ 4.50630769  9.41146154 47.71276923]
0.0	 0.28	0.0	-0.07	223_A	[ 4.97446154  8.07469231 50.64053846]
0.11	 1.35	0.05	-0.36	224_G	[ 6.82577778  9.78444444 50.16811111]
0.09	 0.94	0.04	-0.32	224_G	[ 5.838125 10.673    48.182   ]
0.02	 0.47	-0.05	-0.15	224_G	[ 6.34475   12.2730625 47.76825  ]
-0.11	 -0.17	-0.07	0.14	224_G	[ 7.67585366 11.98746341 49.97136585]
0.18	 1.42	0.16	-0.43	224_G	[ 8.77063636  9.918      50.06372727]
0.15	 0.76	-0.01	-0.2	224_G	[ 5.7656 11.1742 46.6716]
0.13	 1.24	0.38	-0.69	225_D	[ 6.614      12.887      46.52971429]
0.19	 1.23	0.01	-0.25	225_D	[ 6.08841667 14.14666667 46.27441667]
0.17	 1.38	0.24	-0.5	225_D	[10.28825 14.0645  49.329  ]
-0.05	 -0.2	-0.08	-0.04	225_D	[10.43981818 15.92531818 49.0525    ]
-0.06	 -0.0	-0.09	0.05	225_D	[12.23572093 16.49632558 47.94351163]
-0.02	 -0.25	-0.03	-0.02	225_D	[ 8.76305882 17.19705882 48.71952941]
-0.01	 0.08	-0.04	-0.05	225_D	[ 8.2309  14.43675 49.34165]
-0.06	 -0.02	-0.01	0.02	226_T	[ 5.28138462 19.38507692 44.52273077]
0.08	 0.75	0.37	-0.68	226_T	[ 3.556375 18.08     46.2045  ]
0.08	 0.93	0.06	-0.27	226_T	[ 4.65445 18.96485 47.67275]
-0.22	 -1.18	-0.06	0.23	226_T	[ 4.05720833 15.827875   48.934875  ]
0.16	 0.53	0.05	-0.28	226_T	[ 7.11336364 16.83009091 48.66554545]
0.18	 1.04	0.15	-0.38	226_T	[ 5.29942857 14.96142857 45.10121429]
-0.15	 -0.09	-0.17	0.23	226_T	[ 3.16822222 17.19966667 45.71505556]
-0.18	 -0.14	-0.05	0.24	226_T	[ 3.6971     19.14576667 48.01366667]
-0.2	 -1.01	0.14	0.38	226_T	[ 2.92691304 16.9173913  48.71108696]
-0.08	 0.02	-0.07	0.12	226_T	[ 4.40242424 14.817      47.253     ]
-0.16	 -0.06	0.03	0.21	226_T	[ 5.65247059 16.344      49.32011765]
0.04	 0.95	0.23	-0.48	227_H	[ 9.135      20.78433333 44.34683333]
0.09	 1.67	0.08	-0.37	227_H	[ 9.5764 20.662  43.9394]
0.07	 0.72	0.04	-0.06	227_H	[11.373 19.849 44.967]
-0.02	 0.45	-0.01	-0.1	227_H	[ 9.8495     20.96742857 46.98457143]
0.02	 1.08	0.02	-0.18	227_H	[ 7.65892857 21.1155     47.12978571]
0.0	 0.79	0.16	-0.25	227_H	[ 7.7052 19.5558 48.7956]
-0.16	 -0.79	0.01	0.2	227_H	[ 8.13638889 22.80686111 47.21386111]
-0.09	 -0.07	-0.01	0.09	227_H	[ 5.6127907  21.27255814 48.45506977]
-0.09	 1.37	0.03	0.09	227_H	[ 6.61946154 23.10707692 48.40769231]
-0.02	 -0.08	-0.15	0.02	227_H	[ 7.78211111 20.32966667 44.05437037]
-0.02	 0.13	0.03	-0.02	227_H	[ 9.8512  19.14645 47.94725]
-0.17	 0.04	-0.21	0.16	227_H	[10.25673077 21.38153846 45.92934615]
0.03	 0.36	-0.08	-0.1	227_H	[ 6.61442857 18.84714286 48.68871429]
-0.22	 -0.76	0.1	0.41	227_H	[ 8.88551852 23.51422222 47.0102963 ]
-0.34	 -1.1	0.11	0.49	227_H	[ 4.63127778 21.27433333 49.20105556]
-0.43	 -1.07	0.35	0.62	227_H	[ 6.2104  24.07545 48.59635]
0.19	 0.68	0.11	-0.34	228_L	[13.37322222 17.41703704 45.11840741]
0.13	 1.51	0.13	-0.36	230_G	[10.38114286 19.56       34.50121429]
0.11	 0.5	-0.18	-0.12	230_G	[10.10430769 17.55323077 34.223     ]
0.06	 1.14	0.03	-0.22	231_E	[ 9.198625  19.988125  35.2091875]
0.1	 2.1	0.07	-0.34	231_E	[ 8.91483333 21.33016667 35.1895    ]
0.11	 -0.0	-0.3	-0.06	231_E	[ 7.21283333 21.67116667 38.12416667]
-0.12	 -0.3	-0.02	0.1	231_E	[ 8.2766     24.66286667 37.89966667]
-0.08	 -0.09	0.03	0.0	231_E	[ 8.00705263 24.61178947 35.10584211]
-0.24	 -0.67	0.04	0.37	231_E	[ 7.06086364 22.91693182 34.78122727]
0.05	 0.46	-0.18	-0.07	231_E	[ 8.88688889 25.31583333 34.74922222]
0.13	 1.42	0.01	-0.23	231_E	[ 9.4768 21.8742 34.5576]
0.04	 0.75	-0.04	-0.2	231_E	[ 7.22177273 20.98559091 36.70731818]
0.0	 0.22	-0.14	-0.09	231_E	[ 8.71726923 21.65576923 39.25488462]
-0.24	 -0.77	0.24	0.42	231_E	[ 6.9046  23.6768  37.86475]
0.0	 -0.05	0.04	-0.1	231_E	[ 9.66248387 24.39477419 38.10803226]
0.17	 1.34	0.36	-0.59	232_D	[10.46433333 22.34275    39.27891667]
0.08	 1.41	-0.05	-0.23	232_D	[14.72896429 23.20375    40.03210714]
0.0	 0.2	0.02	-0.13	232_D	[10.54536364 22.05272727 41.01936364]
-0.02	 0.29	0.1	-0.02	232_D	[ 9.37857576 20.70275758 41.76512121]
-0.17	 -0.18	-0.06	0.21	232_D	[12.52705556 22.10908333 42.90647222]
-0.06	 0.24	-0.19	-0.02	232_D	[12.01170833 23.27554167 39.87133333]
0.21	 1.28	0.45	-0.67	232_D	[14.19154545 21.74518182 41.20527273]
0.02	 0.8	-0.06	-0.17	234_D	[10.43966 22.28466 32.9223 ]
0.14	 1.17	-0.05	-0.26	235_N	[16.37   26.0642 39.2033]
-0.01	 0.33	0.0	-0.1	235_N	[14.3659  25.69065 39.37855]
-0.11	 -0.2	-0.11	0.11	235_N	[11.5334     26.63106667 38.57366667]
0.01	 0.51	-0.08	-0.07	235_N	[10.40961111 26.70322222 37.11844444]
-0.05	 -0.19	0.03	0.01	235_N	[12.55191304 29.06995652 38.44013043]
0.09	 0.49	-0.0	-0.14	235_N	[12.8325     24.93227778 38.99505556]
-0.05	 -0.44	0.03	0.04	235_N	[14.79405 26.84025 39.49425]
-0.1	 -0.57	-0.05	0.19	235_N	[11.3864  29.39115 37.74545]
-0.02	 0.2	-0.02	-0.04	235_N	[13.9675     29.38914286 38.57521429]
0.18	 1.02	0.1	-0.35	236_R	[20.77490909 26.34136364 38.01472727]
-0.01	 0.39	0.1	-0.22	236_R	[20.14722222 25.209      40.651     ]
-0.07	 1.04	-0.04	0.09	236_R	[20.5912 24.1774 42.4302]
-0.11	 -0.65	0.0	0.15	236_R	[19.38621429 24.125      43.628     ]
-0.05	 0.17	0.03	-0.01	236_R	[16.84433333 23.91       42.5122381 ]
-0.09	 -0.5	0.09	-0.0	236_R	[19.97613333 22.9336     44.626     ]
0.21	 1.55	0.25	-0.5	236_R	[17.58983333 25.86433333 39.49683333]
0.14	 1.45	0.33	-0.59	236_R	[16.3243 24.1495 39.7496]
0.06	 0.18	0.04	-0.2	236_R	[21.2      24.63275  39.876375]
-0.03	 0.46	-0.44	0.06	236_R	[18.71309091 25.71818182 40.97887879]
-0.06	 -0.03	0.01	0.12	236_R	[21.43716667 23.011      42.417     ]
-0.08	 -0.36	-0.25	0.27	236_R	[16.884625   24.51325    41.17215625]
-0.18	 -0.75	0.07	0.29	236_R	[16.44304167 23.28041667 43.57979167]
0.06	 -0.05	-0.12	-0.03	236_R	[20.95290909 22.35290909 44.30681818]
-0.04	 -0.43	0.05	0.11	236_R	[17.97409524 22.18204762 45.00561905]
0.03	 0.7	-0.12	-0.19	238_V	[15.07478947 31.45189474 36.02457895]
0.12	 1.1	0.1	-0.34	238_V	[14.1271 30.7018 36.1015]
0.09	 0.85	0.11	-0.39	238_V	[15.81654545 31.64736364 36.27163636]
0.04	 1.02	0.21	-0.49	239_N	[19.5285  31.479   38.03875]
0.14	 0.87	-0.01	-0.27	239_N	[21.64981818 30.66418182 37.89018182]
0.12	 0.95	0.07	-0.29	239_N	[20.34758333 31.87458333 37.64225   ]
0.06	 0.75	0.01	-0.15	239_N	[19.61653333 29.17686667 39.40926667]
-0.13	 -0.37	-0.05	0.16	239_N	[18.15691667 30.9515     40.07883333]
-0.17	 0.04	-0.04	0.11	239_N	[17.343      28.38739623 40.49230189]
-0.08	 0.14	0.06	-0.0	239_N	[16.56229412 31.59905882 38.42429412]
0.07	 0.53	-0.01	-0.16	239_N	[18.76109091 31.74145455 38.04572727]
0.04	 -0.37	-0.31	0.03	239_N	[19.77857895 27.39142105 38.99673684]
-0.19	 -0.64	-0.07	0.31	239_N	[20.45034615 30.17357692 39.20546154]
-0.13	 -0.21	0.02	0.12	239_N	[15.55340625 30.76084375 38.915125  ]
0.06	 0.19	-0.2	-0.04	239_N	[17.20164706 32.14205882 37.65594118]
0.08	 1.02	-0.02	-0.24	240_H	[21.32746667 28.53666667 37.6718    ]
0.09	 0.95	0.08	-0.41	240_H	[22.771875 27.914125 37.254625]
0.08	 0.78	-0.01	-0.23	240_H	[24.923  30.7128 35.2192]
0.12	 1.73	-0.09	-0.19	240_H	[25.6306 28.8898 35.4586]
0.07	 0.13	-0.08	-0.05	240_H	[26.87996875 28.487375   33.74746875]
-0.04	 0.06	-0.14	0.01	240_H	[23.36844444 29.55355556 37.12980556]
0.15	 1.2	0.23	-0.47	240_H	[22.2802 27.0918 37.202 ]
-0.0	 0.22	-0.03	-0.02	240_H	[25.74620833 27.835      36.55308333]
-0.11	 -0.32	0.05	0.09	240_H	[27.96347368 27.06742105 33.88473684]
0.09	 0.36	0.06	-0.19	240_H	[26.48224 26.95004 31.16264]
0.13	 0.68	0.51	-0.6	242_V	[18.05857143 33.31957143 36.81214286]
0.14	 0.96	0.04	-0.3	242_V	[18.94272727 35.61390909 37.30981818]
0.1	 0.48	-0.04	-0.19	242_V	[19.55044828 33.62941379 37.07531034]
0.01	 0.37	-0.03	-0.07	242_V	[17.23566667 34.85413333 36.724     ]
0.07	 0.58	-0.07	-0.16	242_V	[15.79475    33.50367857 35.59064286]
0.09	 0.79	-0.03	-0.21	243_E	[23.337375 31.6645   37.807625]
-0.03	 0.28	0.05	-0.14	243_E	[25.44670833 32.48204167 37.85966667]
-0.21	 -0.76	-0.07	0.22	243_E	[26.19872727 34.80909091 39.41254545]
-0.17	 -0.45	0.22	-0.11	243_E	[24.42844 35.6048  39.75848]
-0.11	 -0.21	0.04	0.1	243_E	[26.71004878 36.16726829 37.73590244]
-0.08	 0.56	-0.06	0.07	243_E	[22.34868 33.04748 38.27172]
0.06	 1.29	-0.06	-0.26	243_E	[24.4386 31.2838 36.7146]
-0.27	 -0.73	0.05	0.44	243_E	[25.23482609 32.40221739 38.8206087 ]
-0.02	 -0.2	-0.03	0.01	243_E	[26.37681481 33.16659259 36.1967037 ]
0.12	 1.61	0.14	-0.4	244_E	[25.9062 32.4498 34.1822]
0.09	 1.02	0.01	-0.26	244_E	[26.312   31.7845  33.21625]
0.19	 1.51	0.01	-0.28	244_E	[27.5631 30.7939 28.9698]
0.2	 1.4	0.32	-0.56	244_E	[26.01175   31.7634375 27.414375 ]
-0.07	 -0.14	-0.2	0.08	244_E	[27.44610345 29.36251724 30.55793103]
0.09	 0.79	-0.0	-0.19	244_E	[27.00423077 32.94992308 33.90038462]
0.15	 0.76	0.06	-0.25	244_E	[25.93591667 30.85491667 33.26008333]
0.15	 0.39	-0.02	-0.23	244_E	[27.05281818 31.484      32.63154545]
0.13	 1.61	-0.13	-0.2	246_K	[26.3714 39.6254 35.2578]
0.02	 0.07	-0.12	-0.1	246_K	[26.42822222 40.92461111 34.34472222]
0.14	 1.0	0.45	-0.64	246_K	[24.61855556 40.51866667 34.95822222]
0.03	 0.68	-0.16	0.06	246_K	[23.69466667 40.36633333 36.81466667]
-0.01	 0.6	-0.09	-0.02	246_K	[22.40941667 39.87683333 38.55216667]
0.05	 -3.1	-0.03	-0.15	246_K	[22.94325  36.7995   39.909375]
-0.04	 -0.13	-0.01	-0.02	246_K	[25.38341935 38.9996129  36.44577419]
0.05	 0.06	-0.1	-0.03	246_K	[23.01356667 41.08093333 35.75386667]
-0.14	 -0.48	0.05	0.18	246_K	[23.79303571 38.8465     38.73164286]
0.07	 0.13	-0.09	-0.06	246_K	[21.43925    39.73875    38.76933333]
-0.2	 -0.2	-0.13	0.18	246_K	[22.89145455 35.67727273 39.99863636]
-0.27	 -0.78	0.15	0.21	246_K	[22.05645455 37.80290909 40.09822727]
-0.03	 0.05	0.03	-0.0	246_K	[20.63562069 35.8457931  38.66555172]
0.12	 1.28	0.16	-0.44	247_R	[26.595      37.75822222 35.45655556]
0.1	 1.59	0.16	-0.38	247_R	[27.37136364 37.80490909 35.23290909]
-0.01	 -0.02	-0.13	-0.01	247_R	[30.36557895 39.62010526 31.80047368]
0.0	 0.39	0.02	-0.28	247_R	[29.43075 37.42975 34.86375]
0.02	 0.27	-0.05	-0.13	247_R	[30.74527273 37.40172727 33.02836364]
-0.12	 -0.37	-0.04	0.11	247_R	[31.65826667 34.78506667 34.1606    ]
-0.16	 -0.11	-0.11	0.13	247_R	[30.72416667 33.22233333 33.82116667]
-0.11	 -0.32	0.02	0.11	247_R	[31.23546667 32.62313333 32.28153333]
-0.07	 -0.78	-0.03	0.08	247_R	[32.07605882 34.27529412 30.78147059]
-0.13	 -1.05	0.04	0.13	247_R	[30.03681818 31.34581818 31.57281818]
-0.01	 0.0	-0.05	-0.02	247_R	[28.23993333 39.33386667 34.5155    ]
-0.02	 0.12	-0.1	-0.08	247_R	[28.16573077 35.898      35.35788462]
0.13	 2.68	0.04	-0.26	247_R	[30.55107143 37.14864286 31.13028571]
-0.19	 -0.45	-0.03	0.19	247_R	[30.72116667 37.94455556 33.83416667]
-0.17	 -0.56	0.16	0.34	247_R	[32.29742105 35.32163158 33.29563158]
-0.19	 -0.9	0.1	0.39	247_R	[30.58104348 35.1166087  35.14573913]
-0.12	 -0.49	-0.05	0.13	247_R	[28.77242105 33.49563158 34.25626316]
-0.14	 -0.56	-0.01	0.18	247_R	[31.96216667 35.55705556 31.13455556]
-0.08	 -0.31	-0.0	0.05	247_R	[31.553      33.70585714 29.48252381]
-0.05	 0.34	0.03	0.0	247_R	[28.61840909 31.51222727 32.55822727]
-0.13	 -0.22	-0.02	0.12	247_R	[29.88409524 31.63061905 29.84919048]
0.09	 0.89	0.03	0.08	248_K	[29.019      38.73433333 28.32833333]
-0.08	 -0.02	-0.01	0.11	248_K	[28.25482857 40.605      28.05245714]
0.06	 0.87	-0.07	-0.15	248_K	[29.0645  37.823   27.91275]
0.08	 0.79	-0.03	-0.2	248_K	[29.505   36.988   27.87475]
0.0	 -0.39	-0.13	-0.04	248_K	[27.69016667 34.74983333 26.296     ]
0.06	 0.76	-0.04	-0.19	248_K	[29.31836364 32.80309091 27.52290909]
0.05	 -0.71	0.28	-0.57	248_K	[30.20723529 34.13452941 26.44688235]
-0.01	 -0.16	0.04	-0.15	248_K	[29.58165517 39.05486207 29.5987931 ]
0.02	 -0.38	-0.12	0.09	248_K	[28.20278571 37.83978571 26.93507143]
0.01	 0.17	0.01	-0.09	248_K	[30.30493103 36.33434483 28.78775862]
0.24	 0.82	-0.3	-0.12	248_K	[26.3125     34.43313636 26.85331818]
-0.14	 -0.47	-0.09	0.14	248_K	[28.70684211 35.85805263 26.18378947]
0.02	 0.19	-0.21	-0.04	248_K	[27.87790323 32.50416129 27.52548387]
-0.3	 -0.77	2.21	0.7	248_K	[29.76596 32.77916 25.8094 ]
-0.29	 -0.65	0.14	0.44	248_K	[30.40833333 35.19088889 25.92666667]
-0.21	 -0.45	0.07	0.26	248_K	[31.44       33.66803333 27.5013    ]
0.13	 1.06	0.47	-0.73	249_H	[24.99975  42.54925  27.895625]
0.13	 1.48	-0.07	-0.22	249_H	[26.043  43.527  29.1816]
0.1	 -0.01	0.06	-0.13	249_H	[24.37569565 44.04152174 28.95417391]
0.03	 0.27	-0.1	-0.05	249_H	[25.56206897 39.12251724 24.705     ]
-0.0	 -1.11	-0.18	0.02	249_H	[26.1225    42.4365625 27.9269375]
0.14	 1.44	0.09	-0.35	249_H	[23.73342857 42.58057143 27.43621429]
-0.11	 -0.37	0.05	0.14	249_H	[24.90184 41.71668 25.47188]
-0.3	 -0.9	0.03	0.51	249_H	[25.2563913  39.29143478 23.73447826]
0.03	 0.63	-0.07	-0.16	249_H	[24.80655319 36.37487234 25.61721277]
0.06	 0.79	0.07	-0.33	250_K	[25.502 43.933 33.937]
-0.0	 0.34	-0.15	0.03	250_K	[23.8385    43.0791875 34.1289375]
-0.14	 -0.42	-0.03	0.16	250_K	[23.19959091 45.54181818 32.84840909]
-0.03	 0.59	-0.08	0.02	250_K	[25.774125 46.041625 31.974875]
-0.11	 -0.21	-0.03	0.03	250_K	[27.96781818 45.05709091 30.71936364]
0.12	 1.42	0.27	-0.54	250_K	[28.3442 41.7906 33.5386]
-0.0	 0.19	-0.07	-0.05	250_K	[29.97627778 44.51727778 32.23255556]
0.02	 0.63	0.01	-0.15	250_K	[31.40975    42.29725    32.50716667]
-0.02	 -0.01	0.31	-0.3	250_K	[25.26423529 42.33841176 34.08541176]
-0.15	 -0.49	-0.14	0.21	250_K	[25.16125  45.69775  30.778625]
-0.17	 -0.46	0.03	0.21	250_K	[26.21433333 45.36066667 33.38629167]
0.03	 0.02	0.11	-0.14	250_K	[27.76180769 43.43626923 29.88434615]
-0.23	 -0.6	0.11	0.23	250_K	[27.959      45.84394118 31.23005882]
-0.06	 -0.1	-0.03	0.15	250_K	[27.808      43.42358824 34.04188235]
-0.17	 -0.62	-0.06	0.27	250_K	[30.17945455 44.68686364 31.023     ]
-0.15	 -0.53	0.05	0.29	250_K	[29.68264286 44.79653571 33.66789286]
-0.38	 -0.8	0.27	0.53	250_K	[32.24175 43.2057  32.6874 ]
-0.16	 -0.31	-0.05	0.17	250_K	[30.25690323 41.60458065 33.691     ]
-0.11	 -0.24	-0.06	0.13	250_K	[30.4862069  41.87951724 30.99137931]
0.09	 1.42	-0.06	-0.28	251_K	[23.182      42.14928571 34.352     ]
0.07	 1.7	0.1	-0.34	251_K	[22.44822222 42.48122222 34.51633333]
0.08	 1.38	0.07	-0.32	251_K	[21.81033333 42.13355556 35.00111111]
0.09	 1.29	0.17	-0.35	251_K	[20.0606 43.9952 32.6136]
0.01	 -0.01	-0.02	-0.05	251_K	[22.59246667 45.63033333 28.004     ]
0.02	 0.52	-0.08	-0.09	251_K	[20.19057143 47.71278571 29.28878571]
-0.12	 -0.38	-0.16	0.12	251_K	[21.52055 43.92915 34.14985]
0.09	 1.42	0.11	-0.37	251_K	[19.46955556 43.808      32.33733333]
0.02	 0.2	0.07	-0.14	251_K	[20.30352381 45.13204762 31.97633333]
-0.1	 -0.1	0.0	0.05	251_K	[23.08609091 46.28363636 29.65109091]
-0.07	 -0.17	0.02	0.03	251_K	[20.86951852 46.07714815 27.20718519]
-0.35	 -0.77	0.23	0.46	251_K	[21.03552174 48.39478261 28.97382609]
-0.01	 0.28	-0.24	-0.0	251_K	[18.91788889 47.81511111 29.243     ]
-0.15	 -0.16	-0.14	0.17	251_K	[20.48444828 46.99572414 30.973     ]
0.1	 1.52	-0.12	-0.16	252_D	[21.06766667 42.49883333 35.47766667]
-0.03	 0.35	-0.14	-0.05	252_D	[16.38832432 42.10024324 34.86964865]
-0.03	 -0.58	-0.1	0.04	252_D	[19.61577778 42.25033333 37.60744444]
0.17	 0.43	0.01	-0.28	252_D	[16.99207143 40.89821429 37.35014286]
-0.15	 -0.32	0.03	0.17	252_D	[18.89647222 39.68627778 39.17972222]
-0.01	 -0.04	-0.04	0.01	252_D	[19.63714286 43.37605714 34.59071429]
-0.04	 -0.1	0.12	0.06	252_D	[20.84127778 41.67533333 37.35627778]
-0.25	 -0.95	0.14	0.31	252_D	[18.60221429 42.61921429 37.09278571]
0.19	 1.3	0.41	-0.64	253_I	[15.06953846 41.04653846 33.38761538]
-0.04	 -0.22	-0.05	-0.04	254_S	[15.62206667 38.3124     39.13073333]
-0.07	 -0.02	-0.0	-0.03	254_S	[17.29675862 36.8162069  38.23303448]
0.11	 1.1	0.07	-0.29	254_S	[14.45755556 36.16303704 36.61614815]
-0.06	 -0.18	-0.21	-0.02	254_S	[15.67953846 40.15015385 38.53615385]
-0.13	 -0.36	0.02	0.15	254_S	[14.13852 37.90776 39.1574 ]
0.02	 0.56	-0.04	-0.14	255_Q	[11.11028571 42.15178571 34.82185714]
-0.08	 -0.64	0.04	0.07	255_Q	[ 9.14056522 41.0476087  36.04686957]
-0.09	 -0.35	-0.11	0.09	255_Q	[11.8805 43.2551 36.5845]
-0.08	 -0.35	-0.11	0.02	255_Q	[13.23792308 42.69869231 39.39153846]
0.0	 0.17	-0.14	-0.02	255_Q	[11.4846     40.69473333 39.6969    ]
-0.03	 0.49	-0.07	-0.04	255_Q	[ 9.78325 40.0868  39.10945]
-0.13	 -0.7	0.0	0.16	255_Q	[11.62607407 41.79159259 41.36018519]
0.19	 1.28	0.1	-0.37	255_Q	[14.61253571 41.27078571 36.28989286]
-0.13	 -0.09	0.02	0.17	255_Q	[13.24568966 42.78396552 36.43251724]
-0.13	 -0.74	0.06	0.21	255_Q	[10.56519048 42.75885714 37.24214286]
-0.07	 -0.25	0.07	0.0	255_Q	[14.21895652 40.96573913 39.23634783]
-0.24	 -0.99	0.18	0.41	255_Q	[12.60026316 43.60163158 39.29336842]
-0.25	 -0.93	0.12	0.46	255_Q	[12.50270833 42.56541667 41.467875  ]
-0.32	 -0.91	0.17	0.53	255_Q	[10.57076923 40.75603846 41.73103846]
0.1	 0.9	-0.13	-0.15	256_N	[12.43036364 41.63436364 34.03963636]
0.09	 0.58	-0.19	0.1	256_N	[10.78266667 41.92933333 33.556     ]
0.1	 1.42	0.05	-0.31	256_N	[10.339      42.01633333 32.01966667]
-0.12	 0.07	0.0	0.04	256_N	[ 9.99507143 41.75321429 30.67864286]
-0.1	 -0.52	-0.0	0.11	256_N	[ 8.30904762 40.60280952 30.81119048]
-0.06	 0.07	-0.09	-0.05	256_N	[11.70071429 41.33025    29.14617857]
0.11	 1.42	0.09	-0.33	256_N	[13.41561111 41.007      33.99466667]
-0.01	 -0.12	-0.08	0.04	256_N	[ 9.39652941 41.41717647 33.41447059]
-0.12	 -0.07	0.0	0.11	256_N	[11.45936842 42.28110526 32.22184211]
-0.01	 0.13	-0.25	0.13	256_N	[10.10553659 39.7914878  28.14421951]
0.1	 0.25	-0.04	-0.26	256_N	[12.5719 40.9834 28.4664]
0.08	 0.7	-0.09	-0.12	257_K	[ 6.77963636 36.078      32.25563636]
0.15	 1.2	0.04	-0.31	257_K	[ 7.95325926 34.36777778 32.6422963 ]
-0.08	 -0.25	-0.1	0.08	257_K	[ 6.1728 36.4148 34.0787]
-0.07	 0.07	-0.11	0.07	257_K	[ 6.97069231 38.08369231 36.55492308]
0.11	 1.47	0.11	-0.34	257_K	[ 8.50866667 35.47891667 36.27625   ]
0.08	 0.99	0.15	-0.37	257_K	[ 8.822375  38.4081875 38.0589375]
0.02	 -3.84	0.08	-0.23	257_K	[10.4165     36.07233333 39.298     ]
0.11	 -0.62	0.01	-0.11	257_K	[ 7.75393333 39.4592     33.6644    ]
-0.13	 -0.36	0.05	0.27	257_K	[ 6.17413043 37.69086957 33.7866087 ]
0.05	 -0.16	0.13	1.39	257_K	[ 7.67042857 35.13974286 34.43071429]
-0.02	 -0.2	0.05	-0.08	257_K	[ 7.6690625 39.2595    36.1485625]
-0.24	 -0.65	0.17	0.36	257_K	[ 6.3874  37.2059  36.77985]
-0.22	 -0.35	0.31	0.35	257_K	[ 8.50476923 35.13076923 36.76542308]
-0.17	 -0.72	0.01	0.16	257_K	[ 8.30813043 38.01230435 38.72269565]
-0.17	 -0.23	0.04	0.2	257_K	[10.61362069 37.37486207 39.83465517]
-0.25	 -0.49	-0.09	0.33	257_K	[10.26477273 35.09372727 38.27245455]
0.08	 0.37	-0.04	-0.12	257_K	[12.2431875 36.2455625 37.9425   ]
0.05	 0.16	-0.15	-0.04	258_R	[ 6.669  37.5474 31.575 ]
0.06	 1.29	0.09	-0.29	258_R	[ 6.2858 36.9401 30.7252]
0.03	 0.38	0.06	-0.23	258_R	[ 7.18628571 39.1075     29.10392857]
-0.1	 -0.33	-0.1	0.07	258_R	[ 4.86953846 37.48530769 28.09207692]
0.06	 0.31	-0.05	-0.15	258_R	[ 5.86716667 37.51983333 25.59333333]
0.08	 0.93	0.05	-0.29	258_R	[ 8.307  37.7943 26.3372]
-0.02	 0.23	0.05	-0.04	258_R	[ 7.81768 37.78608 24.53348]
-0.12	 0.2	0.01	0.09	258_R	[ 7.05178571 35.52207143 23.60014286]
-0.05	 0.68	0.06	-0.03	258_R	[ 8.93382609 38.5796087  23.68669565]
0.04	 0.58	-0.15	-0.02	258_R	[ 7.06666667 38.72755556 31.70122222]
0.07	 0.51	0.04	-0.2	258_R	[ 6.16827778 35.33605556 30.3375    ]
-0.24	 -0.27	0.0	0.32	258_R	[ 6.54435294 39.13382353 30.08311765]
0.13	 1.79	0.02	-0.26	258_R	[ 8.18933333 39.39166667 27.895     ]
-0.07	 -0.15	-0.17	0.11	258_R	[ 4.7859  36.58215 28.83985]
-0.26	 -1.0	0.32	0.16	258_R	[ 5.28877778 38.62716667 27.46105556]
-0.13	 -0.42	-0.13	0.11	258_R	[ 5.50373684 36.22531579 25.73194737]
-0.01	 0.2	-0.16	-0.0	258_R	[ 8.38890323 38.97270968 26.46870968]
-0.07	 -0.4	-0.02	0.07	258_R	[ 6.91244444 34.60233333 25.05672222]
-0.1	 -0.76	0.44	-1.55	258_R	[ 8.31896552 35.22344828 22.86603448]
-0.29	 -0.6	-0.06	0.51	258_R	[ 9.29465385 39.3135     24.43157692]
-0.13	 -0.61	-0.25	0.28	258_R	[ 9.41996552 37.941      22.466     ]
0.13	 1.09	0.24	-0.47	259_A	[10.53864286 37.46235714 27.94564286]
0.16	 1.45	0.16	-0.42	259_A	[11.34305 36.968   27.30185]
0.09	 2.31	-0.13	-0.09	259_A	[11.63283333 38.63766667 27.99066667]
0.08	 0.59	-0.09	-0.09	260_V	[13.34511111 32.755      35.64444444]
0.15	 1.76	0.13	-0.41	260_V	[14.0015     34.85857143 35.29342857]
0.14	 0.98	0.01	0.04	260_V	[ 9.70775862 34.05810345 34.28910345]
-0.12	 -0.23	-0.08	0.04	260_V	[11.52571429 33.43652381 36.20533333]
0.11	 1.18	0.11	-0.49	260_V	[14.3342 32.7872 35.2827]
0.1	 0.68	0.0	-0.32	260_V	[12.78292308 35.12730769 36.14930769]
0.03	 0.09	0.02	-0.15	261_R	[ 6.72028571 30.07292857 31.61057143]
-0.09	 -0.46	-0.11	0.03	261_R	[ 6.27255556 30.73644444 27.36522222]
-0.08	 1.29	-0.04	0.09	261_R	[ 5.6912 32.0564 27.135 ]
0.0	 0.18	0.0	-0.04	261_R	[ 4.61017241 32.63772414 28.62741379]
-0.1	 -0.27	0.25	0.07	261_R	[ 3.65296154 31.74119231 29.88465385]
-0.05	 -0.35	0.08	-0.07	261_R	[ 4.124      34.22421739 28.24913043]
0.01	 0.49	-0.11	-0.09	261_R	[ 7.06480952 33.14171429 31.82971429]
-0.13	 0.13	-0.12	-0.13	261_R	[ 7.59325  29.254875 30.79275 ]
-0.16	 -0.44	-0.11	0.25	261_R	[ 5.93042105 31.352      31.74447368]
0.13	 0.66	0.04	-0.23	261_R	[ 7.78173333 30.9504     27.1678    ]
-0.17	 -0.35	0.03	0.07	261_R	[ 5.75527778 29.64366667 28.81083333]
0.07	 0.33	-0.01	-0.16	261_R	[ 6.8551  32.9056  26.87595]
-0.17	 -0.67	0.04	0.3	261_R	[ 4.128625  30.467     30.0095625]
-0.27	 -1.37	0.17	0.48	261_R	[ 2.532875   32.55241667 29.792125  ]
0.04	 0.51	0.03	-0.2	261_R	[ 5.00568421 34.76636842 26.986     ]
-0.31	 -0.92	0.21	0.47	261_R	[ 2.98058333 34.683625   28.6805    ]
-0.01	 -0.09	-0.12	0.12	262_R	[10.9834 30.7002 25.7766]
0.23	 1.51	0.04	-0.33	262_R	[12.169  29.9683 25.7473]
-0.04	 0.37	-0.17	-0.02	262_R	[10.997 31.788 25.215]
0.23	 1.14	-0.32	-0.03	262_R	[ 9.8084 34.1034 22.9774]
0.01	 -0.01	-0.11	-0.07	262_R	[10.50623529 35.22529412 21.91594118]
0.11	 1.86	-0.13	-0.15	262_R	[10.9794 36.8152 21.9292]
-0.12	 0.08	0.06	0.13	262_R	[11.7716875 34.1764375 20.619375 ]
0.03	 0.79	-0.0	-0.21	262_R	[ 9.73522727 30.78727273 26.11759091]
0.14	 0.52	0.11	-0.32	262_R	[11.99273913 31.47234783 25.22008696]
0.03	 0.24	-0.06	-0.06	262_R	[ 8.9285625  32.83484375 25.200875  ]
0.16	 1.36	0.2	-0.45	262_R	[11.3032  36.63068 25.68592]
-0.03	 -0.49	0.25	-0.64	262_R	[10.789      32.643125   23.73804167]
0.11	 1.1	0.01	-0.28	262_R	[11.67644444 37.6395     24.36733333]
0.1	 1.16	-0.06	-0.12	262_R	[11.90770588 37.31229412 21.656     ]
-0.12	 -0.32	-0.02	0.21	262_R	[12.28786207 32.85927586 21.39937931]
-0.15	 -0.33	-0.01	0.15	262_R	[12.5875625 34.765     20.08625  ]
0.09	 0.85	0.3	-0.55	264_R	[10.17581818 25.21645455 32.60118182]
0.04	 0.58	-0.14	0.01	264_R	[ 8.82633333 26.672      33.04566667]
-0.01	 0.21	-0.23	0.05	264_R	[ 8.53983333 27.70166667 34.87233333]
-0.01	 0.03	-0.02	-0.03	264_R	[ 9.25495 28.5786  35.84125]
0.14	 0.47	-0.01	-0.26	264_R	[10.32557143 28.924      36.68814286]
-0.08	 0.16	0.08	-0.02	264_R	[ 8.36577778 30.73572222 35.07044444]
0.03	 0.11	-0.04	-0.13	264_R	[ 9.78147059 26.28138235 31.26341176]
-0.01	 0.06	-0.31	0.08	264_R	[ 8.92       25.83138462 33.47930769]
-0.05	 0.02	-0.02	0.04	264_R	[ 8.18572414 28.09793103 33.25603448]
0.07	 0.51	-0.06	-0.17	264_R	[11.62275 30.70735 36.4072 ]
-0.06	 -0.04	-0.03	0.06	264_R	[ 7.79509524 30.84785714 33.75180952]
-0.04	 0.13	0.35	2.15	264_R	[ 9.38205714 32.24357143 35.30011429]
0.08	 1.04	0.25	-0.45	265_T	[10.039  25.214  27.2426]
0.15	 0.96	0.09	-0.31	265_T	[10.72136842 24.40184211 26.44826316]
0.04	 0.66	-0.1	-0.03	265_T	[ 8.94316667 26.82783333 26.36916667]
-0.02	 0.12	-0.02	-0.05	265_T	[10.78035294 28.38182353 25.49023529]
-0.03	 -0.27	-0.15	0.05	265_T	[ 7.61263636 27.61331818 28.626     ]
0.03	 0.28	-0.11	-0.03	265_T	[ 9.76252381 25.25085714 28.82080952]
-0.12	 0.1	-0.16	0.1	265_T	[ 9.22378261 26.06269565 26.04195652]
-0.18	 -0.38	0.03	0.19	265_T	[ 7.388      28.545      26.67166667]
-0.24	 -0.92	0.04	0.44	265_T	[ 7.868625   26.49054167 28.67216667]
0.15	 1.21	0.42	-0.65	265_T	[ 8.6415     28.20208333 29.9545    ]
0.08	 1.06	0.09	-0.3	266_A	[13.7718 26.6859 24.9594]
0.12	 1.08	0.08	-0.32	266_A	[15.88885 24.60295 25.1079 ]
-0.14	 -1.68	-0.12	0.02	266_A	[14.8785 28.141  24.123 ]
0.02	 0.72	-0.04	-0.15	266_A	[13.57152381 26.292      24.56095238]
0.07	 0.24	-0.01	-0.18	266_A	[16.16988462 27.38169231 24.31361538]
0.01	 -0.7	-0.03	-0.05	266_A	[13.71577778 28.98977778 24.66255556]
0.14	 0.75	-0.19	-0.17	268_E	[10.07425  23.146625 29.19075 ]
0.05	 1.05	-0.01	-0.22	268_E	[10.012      22.31833333 30.7965    ]
-0.07	 -0.18	-0.06	0.12	268_E	[ 9.04827778 21.94827778 29.32433333]
-0.06	 0.03	0.01	-0.0	268_E	[ 9.82097561 20.28968293 27.12104878]
-0.19	 -0.6	-0.06	0.3	268_E	[ 8.59045098 19.74692157 30.09094118]
0.12	 1.16	0.05	-0.22	268_E	[10.59094118 23.83476471 30.43464706]
0.14	 0.72	-0.03	-0.25	268_E	[10.4335     22.84028571 27.65492857]
0.08	 0.84	-0.1	-0.22	268_E	[10.06016667 21.16944444 31.49855556]
0.1	 1.36	0.23	-0.57	269_R	[13.9962 20.3664 24.1166]
0.16	 1.25	-0.01	-0.31	269_R	[16.23409091 21.31572727 24.00463636]
0.15	 1.06	-0.03	-0.16	269_R	[14.85384615 19.495      24.05376923]
0.07	 0.7	-0.0	-0.17	269_R	[14.56614286 22.05678571 23.79057143]
-0.0	 -0.2	-0.11	-0.02	269_R	[11.346875 21.42375  24.052375]
-0.14	 -0.23	-0.24	0.09	269_R	[12.31155556 25.73422222 23.07555556]
-0.02	 1.36	-0.12	0.03	269_R	[10.5479 24.5613 23.0176]
-0.04	 -0.2	-0.01	-0.04	269_R	[10.44756757 23.98564865 21.69121622]
-0.13	 -0.57	-0.1	0.18	269_R	[11.70456522 22.81134783 20.5913913 ]
-0.2	 0.25	0.01	0.25	269_R	[ 8.67413636 24.34327273 20.8865    ]
0.03	 0.67	-0.16	-0.18	269_R	[12.65725    19.7975625  25.37365625]
0.1	 0.53	-0.02	-0.21	269_R	[14.60609091 24.34045455 24.09627273]
-0.21	 -0.5	-0.21	0.29	269_R	[14.8197619  21.6527619  23.09033333]
-0.13	 -1.16	-0.05	0.2	269_R	[12.20125   21.3023125 22.8498125]
0.01	 0.51	-0.11	-0.05	269_R	[10.87775862 22.38689655 25.16131034]
0.19	 0.92	0.17	-0.47	269_R	[11.71133333 25.99691667 24.29566667]
-0.12	 -0.57	-0.01	0.23	269_R	[13.6343125 24.544     22.485    ]
-0.13	 -0.51	-0.11	0.11	269_R	[10.00558621 25.20206897 23.94348276]
-0.18	 -0.67	0.03	0.31	269_R	[12.83535714 22.76542857 20.94578571]
-0.29	 -1.01	0.18	0.48	269_R	[10.72003846 22.657      19.53519231]
-0.27	 -1.08	0.18	0.48	269_R	[ 8.38496 25.06192 21.96252]
-0.3	 -1.37	0.33	0.59	269_R	[ 8.65147619 23.79242857 19.7722381 ]
0.02	 0.42	-0.12	-0.12	270_A	[16.40666667 22.49922222 24.64966667]
0.03	 0.89	-0.07	-0.17	270_A	[17.488      22.27       24.67566667]
0.12	 -0.33	0.08	-0.18	270_A	[18.15989474 21.34552632 24.15684211]
0.13	 1.07	0.1	-0.37	270_A	[18.0689  23.4168  24.86395]
0.17	 1.29	0.16	-0.43	271_K	[15.82211538 16.24465385 30.78369231]
-0.02	 0.27	-0.03	-0.15	271_K	[13.580925 16.971775 30.671975]
0.06	 0.58	-0.06	-0.17	271_K	[11.24872222 18.22652778 31.91391667]
0.18	 1.42	0.34	-0.58	271_K	[11.272375 19.8545   33.22675 ]
0.12	 0.77	-0.12	-0.18	272_R	[16.78552941 14.14588235 24.85882353]
0.11	 1.53	0.27	-0.55	272_R	[13.51966667 16.42344444 27.92655556]
-0.04	 0.31	-0.08	-0.04	272_R	[14.31175    14.67666667 25.28708333]
-0.01	 0.21	-0.08	-0.0	272_R	[11.83983333 14.96283333 25.19366667]
0.06	 0.68	-0.2	-0.36	272_R	[11.6865     16.737      26.56042857]
-0.01	 -0.13	0.0	-0.01	272_R	[10.28830303 16.53484848 26.57412121]
-0.16	 -0.56	-0.02	0.22	272_R	[ 9.085125   15.47441667 25.105375  ]
-0.08	 0.21	-0.07	-0.16	272_R	[ 8.90877273 17.15436364 27.66140909]
0.11	 0.33	-0.03	-0.17	272_R	[14.90584615 15.842      28.65769231]
0.15	 1.35	0.2	-0.44	272_R	[13.357      17.04322222 28.42566667]
0.15	 0.41	0.13	-0.36	272_R	[14.14566667 17.77626667 24.58113333]
-0.19	 0.19	0.06	0.01	272_R	[14.48817391 15.01091304 24.53456522]
-0.31	 -0.03	0.07	0.32	272_R	[13.80725581 14.02104651 26.858     ]
-0.14	 -0.43	-0.01	0.15	272_R	[12.101      16.85065217 24.15652174]
-0.25	 -0.91	5.25	0.81	272_R	[11.80095 14.1377  25.2839 ]
0.05	 -0.4	-0.0	-0.12	272_R	[11.955     16.7090625 28.177    ]
-0.23	 -0.64	0.1	0.37	272_R	[ 9.91947368 14.97384211 24.19189474]
-0.28	 -1.21	0.34	0.5	272_R	[ 7.88971429 15.67195238 25.44757143]
0.01	 0.2	0.02	-0.05	272_R	[10.27435294 17.52405882 29.05294118]
-0.24	 -0.89	-0.01	0.37	272_R	[ 7.90321429 17.08478571 27.5015    ]
-0.09	 -0.54	0.01	0.12	273_T	[17.50285185 19.07155556 22.3547037 ]
0.05	 0.05	-0.06	-0.1	273_T	[20.45253333 18.04546667 21.5522    ]
-0.1	 0.04	-0.09	-0.02	273_T	[17.37158333 15.33895833 23.34779167]
-0.14	 0.13	-0.04	0.19	273_T	[16.0073  17.88325 22.9447 ]
-0.12	 -0.29	-0.0	0.06	273_T	[20.50294737 19.24673684 21.87247368]
-0.09	 -0.22	-0.02	0.09	273_T	[19.64655 16.35665 21.6141 ]
0.11	 1.69	0.16	-0.44	275_S	[18.21685714 10.93442857 25.90928571]
-0.03	 -0.02	-0.03	-0.02	275_S	[19.98964103  9.94097436 26.96879487]
-1.12	 0.67	-0.29	-0.2	275_S	[16.13824 12.24272 27.2278 ]
0.1	 0.85	-0.12	-0.23	275_S	[15.84463158 13.18894737 29.02994737]
-0.06	 -0.41	-0.38	0.14	275_S	[16.37025    12.79158333 26.273125  ]
0.05	 0.14	0.01	-0.1	275_S	[17.14611111 10.77277778 27.43744444]
0.07	 0.19	-0.13	-0.32	275_S	[16.0238     14.1013     29.25316667]
0.07	 1.23	0.0	-0.26	276_S	[21.4902 10.3008 23.3526]
0.02	 0.54	-0.13	-0.13	276_S	[22.11386667 12.00026667 22.29766667]
-0.12	 -0.05	0.07	0.06	276_S	[23.07351724 10.59941379 24.3232069 ]
-0.05	 0.18	-0.06	-0.09	276_S	[20.21806667 11.83546667 21.85613333]
-0.08	 -0.11	-0.07	0.09	276_S	[17.82814706 11.32617647 23.99573529]
-0.15	 0.03	-0.12	0.17	276_S	[20.59952632  9.87789474 24.49257895]
-0.0	 0.36	-0.1	-0.04	276_S	[19.38570588 13.659      22.19035294]
-0.26	 -0.63	0.18	0.45	276_S	[20.44186364 10.66786364 21.87718182]
-0.37	 -0.84	0.24	0.55	276_S	[17.52756522 11.60708696 22.2146087 ]
0.07	 1.51	0.28	-0.57	277_S	[22.69157143 13.11528571 21.92585714]
0.07	 0.84	0.06	-0.26	277_S	[24.59983333 14.81816667 21.9265    ]
-0.08	 -0.18	-0.12	0.07	277_S	[21.99255556 14.29122222 21.18418519]
-0.1	 -0.29	0.07	0.02	277_S	[24.39205263 12.87057895 22.58315789]
0.13	 1.02	0.01	-0.28	277_S	[24.96286667 15.78293333 21.76153333]
-0.18	 -0.32	0.07	0.21	277_S	[23.13775676 16.15440541 20.65854054]
0.05	 0.6	-0.01	-0.26	278_T	[28.05284 16.52196 27.0864 ]
0.12	 0.95	0.44	-0.73	278_T	[28.7245   15.039375 25.901875]
0.03	 0.65	0.01	-0.16	278_T	[28.16585185 14.85011111 23.95348148]
-0.14	 -1.15	-0.05	0.21	278_T	[27.80145455 11.69172727 25.81881818]
0.1	 0.11	-0.04	-0.14	278_T	[26.15547368 14.33836842 23.03336842]
-0.1	 0.0	0.07	0.05	278_T	[28.32694444 14.49022222 27.08461111]
-0.23	 -0.86	0.01	0.35	278_T	[29.28451724 14.11317241 24.28427586]
-0.27	 -1.39	0.26	0.46	278_T	[28.97273684 12.06073684 25.75047368]
-0.02	 0.1	-0.11	0.03	278_T	[26.97747826 12.06582609 27.64421739]
-0.09	 -0.76	0.0	0.13	278_T	[26.351      11.80342857 24.44785714]
0.16	 1.24	0.16	-0.4	279_Q	[23.29022222 18.24805556 22.185     ]
0.1	 0.79	-0.01	-0.27	279_Q	[27.60527778 20.02705556 23.0115    ]
-0.14	 -0.58	-0.1	0.18	279_Q	[28.57983333 19.0765     22.12916667]
-0.16	 -0.35	0.01	0.17	279_Q	[29.00002941 17.32482353 23.55014706]
-0.08	 0.17	-0.05	0.1	279_Q	[26.7597  18.3747  20.69165]
0.21	 1.14	0.3	-0.56	279_Q	[27.35995 21.21095 25.91105]
0.11	 1.21	-0.09	-0.17	279_Q	[28.49233333 18.13586667 25.80513333]
0.07	 0.78	-0.11	-0.24	279_Q	[25.574  20.9613 22.6233]
-0.17	 -0.09	-0.1	0.17	279_Q	[27.83647826 20.802      23.69921739]
-0.23	 -0.77	0.04	0.34	279_Q	[25.68742857 18.94609524 20.91990476]
-0.15	 -0.32	0.01	0.29	279_Q	[27.19051351 16.90308108 21.14083784]
0.19	 1.28	0.07	-0.37	280_A	[24.29485714 21.827      22.42157143]
-0.05	 0.06	-0.07	-0.07	280_A	[23.4278 20.1915 22.1331]
0.12	 0.56	-0.05	-0.19	280_A	[19.889      21.30127778 23.14388889]
0.07	 0.87	-0.01	-0.25	281_S	[23.136375 22.222    21.6845  ]
-0.01	 0.59	0.02	-0.07	281_S	[21.05018182 25.932      21.04418182]
-0.08	 -0.26	-0.0	0.12	281_S	[19.78617647 24.33123529 22.03441176]
-0.01	 0.65	0.03	-0.16	281_S	[22.98322222 25.03511111 20.51227778]
-0.01	 0.51	-0.34	0.11	281_S	[25.2782     23.21043333 21.8336    ]
-0.02	 -0.26	-0.16	0.09	281_S	[21.52875   21.8485    21.8315625]
-0.23	 -0.63	0.09	0.35	281_S	[22.66645833 23.99825    20.20741667]
-0.02	 0.09	-0.12	0.07	281_S	[23.40093939 26.68809091 21.08484848]
-0.31	 -0.67	0.14	0.41	281_S	[25.63665385 24.68557692 20.45903846]
0.11	 1.16	0.22	-0.49	282_L	[21.39161905 27.59133333 21.05333333]
0.13	 0.91	-0.01	-0.24	282_L	[22.16533333 28.95538889 21.34422222]
0.0	 0.27	-0.1	-0.08	282_L	[18.54489474 26.73147368 22.37557895]
0.15	 0.74	-0.04	-0.17	282_L	[17.87036842 25.41542105 24.27505263]
0.11	 1.3	0.1	-0.37	283_E	[19.75418182 27.27       20.93145455]
-0.08	 -0.3	0.01	0.12	283_E	[16.3816875 29.8194375 20.382125 ]
0.07	 0.63	-0.09	-0.12	283_E	[18.96266667 27.9355     19.25733333]
0.05	 1.21	0.03	-0.28	283_E	[17.98366667 30.194      17.421     ]
-0.06	 -0.29	-0.12	0.08	283_E	[19.99181818 29.85613636 16.42868182]
-0.17	 -0.39	-0.03	0.23	283_E	[19.84834043 31.56048936 15.59182979]
-0.26	 -0.79	0.08	0.32	283_E	[20.4144359  28.42548718 16.89002564]
-0.08	 -0.29	-0.04	0.0	283_E	[18.27380952 27.69747619 21.48990476]
-0.02	 0.04	-0.1	0.01	283_E	[20.60319355 28.43251613 19.55583871]
-0.29	 -0.53	0.03	0.31	283_E	[17.86090909 28.62927273 18.77981818]
0.1	 0.2	-0.1	-0.17	283_E	[17.75021739 31.51613043 17.7036087 ]
0.09	 1.07	-0.07	-0.16	284_I	[15.09438889 31.51561111 21.38472222]
0.09	 0.53	0.01	-0.25	284_I	[15.99440741 29.60022222 23.21151852]
0.1	 -0.08	-0.03	-0.17	284_I	[13.81647826 31.51973913 23.62413043]
0.16	 0.83	0.07	-0.29	285_D	[13.3843125 36.4226875 19.7998125]
-0.02	 0.04	-0.1	0.01	285_D	[14.273875 35.833125 17.413625]
0.04	 0.26	-0.2	0.0	285_D	[16.91506667 34.37926667 16.94273333]
-0.31	 -1.15	0.23	0.5	285_D	[16.00359459 34.50121622 15.5537027 ]
0.05	 0.19	-0.21	-0.11	285_D	[18.74735484 34.44309677 16.76490323]
0.06	 0.35	0.26	-0.35	285_D	[15.42683333 32.932625   19.52208333]
-0.13	 -0.76	-0.09	0.21	285_D	[14.11626316 34.54663158 18.10573684]
-0.06	 -0.47	-0.07	0.06	285_D	[15.20376 37.24792 17.80396]
0.09	 0.37	-0.39	0.05	286_S	[12.39225    38.75866667 23.709     ]
-0.1	 -0.21	0.02	0.01	286_S	[13.63015385 39.65069231 19.41061538]
-0.24	 -0.66	0.07	0.35	286_S	[12.96052941 41.10858824 21.19341176]
-0.08	 -0.28	-0.0	0.1	286_S	[15.17586957 40.00586957 19.18247826]
-0.08	 -0.02	0.0	0.12	286_S	[13.11284211 38.35757895 19.98710526]
-0.15	 0.1	-0.18	0.09	286_S	[12.63593939 39.87851515 22.54921212]
0.16	 0.26	0.2	-0.42	287_L	[13.90358333 39.47683333 25.102     ]
0.09	 0.39	-0.06	-0.19	287_L	[12.87378261 38.34973913 26.69113043]
0.18	 1.6	0.16	-0.41	288_F	[14.45033333 40.872      25.28011111]
0.08	 0.95	-0.18	-0.06	288_F	[13.6365   42.25475  28.951625]
0.06	 0.96	0.06	-0.27	288_F	[14.28955 42.84175 30.95075]
0.07	 0.73	-0.2	-0.02	288_F	[15.24533333 43.81525    32.028     ]
0.05	 0.31	-0.15	-0.06	288_F	[13.56625 40.58765 26.98395]
0.1	 0.16	0.21	-0.57	288_F	[13.3025 41.6764 28.791 ]
-0.09	 0.4	-0.04	0.14	288_F	[13.32496552 42.56762069 31.67851724]
0.22	 0.83	0.09	-0.32	288_F	[18.31277273 44.163      31.73377273]
-0.18	 -0.51	-0.06	0.19	288_F	[16.10543478 44.09226087 32.51130435]
-0.01	 1.11	-0.03	-0.22	289_E	[15.65  45.861 24.91 ]
-0.03	 0.18	-0.01	-0.05	289_E	[15.703      45.14966667 23.27758333]
-0.1	 -0.08	-0.07	0.09	289_E	[18.1446875 45.120875  23.712    ]
0.14	 1.46	0.2	-0.43	289_E	[18.1201875 45.369875  26.0691875]
0.03	 0.98	-0.15	-0.06	289_E	[15.00173333 45.5008     28.245     ]
-0.14	 -1.05	-0.03	0.11	289_E	[16.92408333 47.54283333 28.07808333]
-0.14	 -0.17	0.04	0.16	289_E	[16.70058333 46.66191667 30.37541667]
-0.04	 -0.1	-0.12	0.0	289_E	[18.7172     47.1066     27.47606667]
-0.01	 0.09	-0.04	0.02	289_E	[13.93925714 42.88377143 26.66934286]
-0.16	 -0.93	0.07	0.26	289_E	[14.44025 45.0748  25.0643 ]
-0.11	 -0.41	0.09	0.08	289_E	[17.07715 46.3505  25.616  ]
-0.19	 -0.5	0.05	0.22	289_E	[14.81757692 46.22830769 27.30288462]
0.14	 1.97	0.08	-0.39	289_E	[14.614125 44.1175   28.3785  ]
-0.06	 -0.03	-0.04	0.08	290_G	[14.6974 44.0596 22.9702]
-0.06	 -0.18	-0.09	0.1	290_G	[15.5212     43.56413333 21.1038    ]
0.11	 1.56	0.03	-0.2	290_G	[18.97722222 43.20166667 21.75844444]
-0.17	 -0.64	0.01	0.17	290_G	[18.14321429 41.8415     19.85210714]
0.0	 0.01	-0.01	-0.05	290_G	[14.28652941 42.22217647 23.63382353]
0.01	 -0.16	0.03	-0.08	290_G	[15.0937  42.4754  20.88135]
-0.29	 -0.81	0.19	0.46	290_G	[16.50473333 44.4022     21.03493333]
0.1	 1.23	-0.15	-0.11	291_I	[20.076  44.0972 24.4356]
-0.04	 -0.09	0.03	-0.12	291_I	[22.58185714 43.21907143 26.40078571]
0.06	 -0.39	-0.06	-0.06	291_I	[20.55793333 41.68846667 21.53186667]
-0.08	 -0.11	0.04	0.04	291_I	[20.92938095 43.18933333 23.365     ]
-0.05	 -0.19	0.0	-0.03	291_I	[22.91233333 40.39866667 23.17966667]
0.05	 1.02	0.05	-0.2	291_I	[21.0219697  44.22315152 26.10912121]
0.07	 0.83	-0.06	-0.14	291_I	[23.02471429 42.33985714 25.28964286]
0.03	 -0.13	-0.1	-0.12	292_D	[23.01034375 37.35840625 22.3364375 ]
0.09	 0.87	-0.1	-0.14	292_D	[18.56768182 39.05118182 18.18936364]
0.05	 0.26	-0.06	-0.12	292_D	[17.23944444 39.29933333 18.56244444]
-0.2	 -0.42	0.06	0.26	292_D	[19.63479167 38.35625    16.98277083]
0.13	 0.59	0.01	-0.16	292_D	[20.98157895 39.82078947 20.61773684]
0.07	 0.35	-0.04	-0.08	292_D	[21.89122222 38.09866667 19.06461111]
0.15	 1.42	0.29	-0.55	293_F	[23.6119 34.731  25.6121]
0.06	 1.77	0.03	-0.32	293_F	[23.936875 34.272625 26.29875 ]
0.22	 1.53	0.32	-0.56	293_F	[24.60111111 34.24905556 26.94488889]
0.08	 0.76	-0.14	-0.08	294_Y	[25.53090909 30.794      22.94263636]
0.0	 0.13	1.68	0.21	294_Y	[25.63544231 32.43115385 25.24598077]
-0.05	 0.39	-0.04	0.01	294_Y	[25.69454545 31.963      21.19872727]
-0.07	 -0.28	-0.08	0.13	294_Y	[25.152875 32.987125 19.488   ]
-0.09	 -0.81	-0.03	0.2	294_Y	[24.42893333 32.0246     18.43486667]
-0.13	 -0.79	0.07	0.03	294_Y	[24.92315385 34.63153846 19.471     ]
-0.16	 -0.92	-0.05	0.21	294_Y	[23.61357143 32.73371429 17.02057143]
-0.11	 -1.39	0.05	-0.14	294_Y	[24.35583333 35.14211111 18.43822222]
-0.15	 -0.47	-0.06	0.16	294_Y	[23.82922222 34.64044444 17.04866667]
-0.08	 -0.46	0.0	0.11	294_Y	[21.52066667 34.73491667 16.22908333]
0.13	 0.45	0.06	-0.25	294_Y	[23.82778947 34.72       23.82031579]
-0.1	 -0.13	0.04	0.15	294_Y	[25.66918182 33.06090909 21.91904545]
-0.07	 -0.1	0.03	0.12	294_Y	[24.50303704 30.67759259 20.87288889]
-0.03	 -0.58	-0.11	0.12	294_Y	[22.75056 30.4532  19.0114 ]
0.0	 -0.34	-0.03	0.15	294_Y	[24.33941176 35.41323529 21.48488235]
-0.05	 0.16	0.04	-0.08	294_Y	[22.3814375 31.8280625 16.59475  ]
-0.07	 -0.73	0.14	0.06	294_Y	[23.48173333 36.84433333 19.32166667]
-0.12	 -0.43	-0.07	0.19	294_Y	[22.213375   36.74370833 16.861875  ]
0.08	 0.39	-0.15	-0.13	295_T	[24.65525    29.38391667 22.78433333]
0.07	 1.0	0.03	-0.26	295_T	[25.52083333 29.56016667 23.44783333]
0.11	 0.56	-0.17	-0.02	295_T	[25.622      28.08971429 23.324     ]
0.16	 1.2	0.02	-0.21	295_T	[24.6004 27.4234 22.6004]
0.11	 1.12	0.03	-0.32	295_T	[23.51458824 28.94788235 22.34970588]
-0.17	 -0.53	-0.06	0.2	295_T	[26.3710625 29.2525    24.5106875]
0.05	 0.67	-0.03	-0.16	295_T	[26.41657692 29.67576923 27.29161538]
0.1	 1.38	0.22	-0.5	296_S	[26.889375 27.59625  24.95325 ]
0.09	 0.64	-0.16	-0.1	296_S	[27.21445455 24.70172727 27.32172727]
0.01	 -0.24	-0.13	-0.04	296_S	[26.54942308 26.56615385 28.68561538]
-0.06	 -0.22	-0.04	-0.05	296_S	[27.90381818 25.30436364 24.92536364]
-0.1	 0.43	-0.06	0.06	296_S	[26.7855 26.8745 22.9602]
0.0	 0.18	-0.13	-0.05	296_S	[26.92714286 27.68064286 25.99614286]
-0.19	 -0.75	0.11	0.26	296_S	[28.13159091 25.59945455 25.64131818]
0.06	 0.49	-0.16	-0.06	296_S	[26.97451282 23.259      24.96776923]
-0.27	 -0.71	0.16	0.4	296_S	[27.8697037  25.58162963 22.61433333]
0.11	 1.45	0.27	-0.53	297_I	[27.17   23.5549 27.1312]
0.09	 1.53	0.04	-0.34	297_I	[27.28283333 23.39583333 27.88766667]
0.03	 0.12	-0.0	-0.13	297_I	[26.92394737 24.05673684 29.42310526]
0.2	 1.51	0.22	-0.5	297_I	[26.29381818 24.74054545 30.99954545]
0.07	 0.68	-0.15	0.04	298_T	[30.02966667 18.66666667 29.046     ]
0.06	 1.0	0.2	-0.48	298_T	[29.62116667 21.117      30.19233333]
-0.09	 -0.62	0.02	0.06	298_T	[29.562      20.87472727 27.31778788]
0.15	 1.25	0.06	-0.31	298_T	[27.96345455 22.45272727 29.99527273]
0.02	 0.76	-0.04	-0.08	298_T	[29.14351852 17.73574074 28.893     ]
-0.14	 -0.05	-0.08	0.09	298_T	[30.19617857 19.66896429 30.72125   ]
-0.21	 -1.03	0.15	0.39	298_T	[30.94183333 20.02933333 28.3655    ]
-0.21	 -0.23	-0.22	0.17	298_T	[29.17766667 19.96633333 26.04083333]
-0.08	 -0.3	-0.21	0.31	298_T	[28.86883333 22.21772222 28.08547222]
0.0	 0.09	-0.03	-0.1	299_R	[25.50592308 11.08838462 29.95853846]
0.18	 1.3	0.03	-0.32	299_R	[22.80861538 10.46161538 27.041     ]
0.04	 0.1	-0.16	-0.04	299_R	[27.09527778 14.63194444 29.22266667]
0.07	 0.47	-0.02	-0.11	299_R	[26.15971875 13.3208125  30.72396875]
-0.0	 0.16	0.09	-0.04	299_R	[24.75357143 11.14185714 31.26435714]
-0.19	 -0.29	0.06	0.25	299_R	[25.00169231  9.96338462 29.52046154]
-0.1	 0.07	-0.08	0.09	299_R	[24.69666667 10.27909091 26.97681818]
0.13	 1.22	0.08	-0.37	300_A	[27.34375 15.24775 31.10675]
0.08	 1.63	0.06	-0.29	300_A	[27.80630769 15.62907692 32.93876923]
0.16	 1.01	0.01	-0.25	300_A	[28.05135714 16.98285714 35.316     ]
-0.13	 -0.37	-0.01	0.16	300_A	[30.2793     16.98666667 32.61236667]
0.09	 0.41	-0.07	-0.19	300_A	[28.15527273 16.23409091 29.93345455]
0.04	 0.9	-0.06	-0.14	300_A	[27.47168 15.12652 33.4002 ]
-0.2	 -0.35	-0.06	0.26	300_A	[29.95833333 16.9373     34.2674    ]
-0.19	 -0.59	0.11	0.3	300_A	[29.41489655 15.497      31.54665517]
-0.03	 1.08	0.0	-0.04	300_A	[30.11928571 18.204      31.7505    ]
0.15	 1.24	0.12	-0.38	301_R	[29.112   19.5195  33.47975]
0.14	 1.5	0.01	-0.28	301_R	[29.093    20.59     33.756125]
-0.01	 0.47	-0.19	0.07	301_R	[28.49233333 23.37233333 32.06066667]
0.03	 0.85	-0.16	-0.07	301_R	[29.9414375 22.6433125 34.1471875]
0.06	 -1.21	-0.02	-0.08	301_R	[30.15583333 23.91       35.57816667]
0.02	 0.07	-0.11	-0.04	301_R	[29.34370588 23.91388235 37.08670588]
0.12	 2.68	0.05	-0.3	301_R	[28.380625 23.02275  37.815375]
-0.11	 0.2	-0.02	0.13	301_R	[28.68976471 26.17058824 37.48476471]
0.08	 0.73	-0.04	-0.22	301_R	[29.14874194 21.53425806 31.87190323]
0.06	 0.56	0.0	-0.18	301_R	[27.71042424 24.25090909 32.03248485]
-0.36	 -1.1	-0.02	0.46	301_R	[30.11278947 22.87047368 33.15768421]
-0.12	 -0.27	0.0	0.19	301_R	[29.65559259 25.36662963 34.32718519]
0.13	 -0.12	-0.02	-0.16	301_R	[27.139875  23.4109375 38.436625 ]
-0.21	 -0.73	0.13	0.38	301_R	[28.87877273 26.95859091 36.50368182]
-0.18	 -1.03	0.04	0.33	301_R	[27.5727  26.04695 38.1873 ]
0.05	 0.32	-0.22	-0.13	303_E	[25.78133333 16.605      38.24883333]
0.14	 1.3	-0.01	-0.26	303_E	[24.94181818 16.66863636 39.29609091]
0.06	 2.26	0.02	-0.21	303_E	[26.61922222 15.76766667 36.63322222]
0.11	 1.2	0.05	-0.32	303_E	[26.08392308 13.00076923 33.94723077]
-0.13	 -0.44	-0.06	0.19	303_E	[26.91681818 13.1939697  35.43648485]
0.02	 0.26	0.01	-0.14	303_E	[24.75868966 11.85396552 33.64203448]
0.1	 1.0	0.02	-0.24	303_E	[26.97608333 15.82066667 35.81541667]
0.08	 0.01	0.04	-0.17	303_E	[25.50463636 15.16590909 37.82268182]
0.1	 1.04	-0.03	-0.25	304_E	[26.6406 17.1376 37.574 ]
0.07	 1.1	0.06	-0.3	304_E	[27.0318 19.6214 40.1914]
0.14	 1.3	0.13	-0.36	304_E	[25.95076923 21.94246154 39.49669231]
0.03	 0.21	-0.09	-0.04	304_E	[25.10934615 20.54726923 41.21403846]
0.1	 0.79	-0.23	0.08	304_E	[28.23433333 19.71433333 39.662     ]
0.03	 0.93	0.05	-0.17	304_E	[29.12779167 18.27616667 37.49679167]
-0.13	 -0.0	-0.29	0.1	304_E	[30.19703125 20.4318125  37.14940625]
-0.05	 0.33	-0.03	-0.07	304_E	[30.12314815 21.08266667 35.55577778]
-0.27	 -0.96	0.18	0.41	304_E	[31.49118605 19.9837907  38.11704651]
-0.02	 0.08	0.01	-0.09	304_E	[26.891  18.2228 39.7324]
-0.01	 -0.35	-0.01	0.11	304_E	[27.98434783 21.26234783 39.27008696]
-0.19	 -1.04	0.07	0.29	304_E	[29.13709524 18.40085714 38.99142857]
-0.01	 0.27	-0.05	-0.14	304_E	[28.2022  17.625   36.68075]
0.16	 1.1	0.25	-0.49	305_L	[22.7937 21.1288 41.3564]
0.07	 0.26	-0.01	-0.2	305_L	[22.30877778 22.773      40.84688889]
-0.04	 -0.21	-0.05	0.02	305_L	[24.63195652 25.90782609 38.55113043]
-0.05	 0.09	0.08	-0.04	305_L	[23.9816     22.94446667 40.14726667]
0.13	 1.5	-0.1	-0.16	305_L	[25.82025 26.56425 37.68875]
-0.03	 -0.08	-0.08	-0.02	305_L	[23.11071429 25.60605714 38.5874    ]
-0.11	 -0.57	-0.03	0.14	305_L	[25.5       24.2379375 39.35375  ]
-0.09	 -0.27	-0.04	0.02	307_S	[25.6418     16.40973333 42.46873333]
0.1	 0.54	-0.12	-0.14	307_S	[24.10828571 19.82971429 43.65135714]
0.01	 0.61	-0.33	0.1	307_S	[23.88855882 15.35055882 40.80176471]
-0.04	 0.08	0.03	0.02	307_S	[25.75875   16.56425   43.9181875]
-0.01	 0.35	0.04	-0.11	307_S	[25.94886957 17.68356522 41.46947826]
-0.2	 -0.36	0.07	0.28	307_S	[25.43672727 19.07951515 44.17051515]
0.07	 1.04	0.18	-0.36	308_D	[20.6608 16.6472 46.6084]
0.15	 1.65	0.16	-0.44	308_D	[18.68209091 17.55163636 45.822     ]
0.13	 -0.23	-0.0	-0.18	308_D	[19.83746154 15.78607692 46.55153846]
-0.04	 -0.2	-0.05	-0.0	308_D	[21.2755   18.99     47.244625]
-0.12	 -1.26	-0.05	0.14	308_D	[21.00966667 21.17066667 45.95025   ]
0.02	 0.1	0.04	-0.09	308_D	[22.41446429 20.88314286 43.60442857]
-0.07	 -0.0	-0.05	0.05	308_D	[18.72135484 20.30816129 45.80683871]
0.11	 0.54	0.05	-0.28	308_D	[21.359      16.37671429 46.726     ]
-0.21	 -0.27	-0.04	0.29	308_D	[19.97453846 18.40130769 47.11723077]
-0.09	 -0.17	-0.01	0.09	308_D	[22.88736 19.1942  46.44984]
0.03	 1.22	-0.08	-0.1	309_L	[15.12661905 19.78361905 44.47333333]
0.14	 1.25	0.07	-0.3	309_L	[17.24021053 17.58105263 45.30568421]
0.18	 1.23	0.24	-0.49	309_L	[15.43511111 21.81055556 41.74555556]
-0.05	 -0.7	-0.07	-0.01	309_L	[15.00770588 21.02364706 44.00105882]
-0.06	 -0.51	-0.07	0.09	309_L	[15.85572222 18.645      45.02772222]
0.2	 1.36	0.24	-0.52	310_F	[22.098125  12.644375  41.2199375]
0.1	 1.51	0.02	-0.31	310_F	[22.38111765 13.89235294 41.63035294]
0.13	 1.28	0.28	-0.53	310_F	[23.25033333 14.10971429 39.79652381]
0.04	 0.54	-0.06	-0.13	311_R	[19.14321429 13.26478571 47.44642857]
0.03	 -0.06	-0.02	-0.05	311_R	[19.1092  10.94345 47.7465 ]
0.07	 1.26	-0.08	-0.1	311_R	[20.856      13.19633333 47.35716667]
0.1	 1.26	0.15	-0.41	311_R	[22.87114286 11.222      44.88428571]
-0.09	 -0.16	-0.06	0.02	311_R	[24.70685714 11.58395238 45.84033333]
-0.05	 1.1	-0.04	0.09	311_R	[25.2902 13.887  47.0338]
-0.09	 -0.47	0.06	0.03	311_R	[25.62307143 14.86257143 46.06878571]
-0.04	 -0.67	-0.17	0.09	311_R	[25.577     14.8845625 43.9914375]
-0.06	 -0.57	0.07	0.0	311_R	[25.02215789 16.62036842 46.67652632]
0.08	 0.44	0.09	-0.22	311_R	[20.98442105 14.31836842 46.83231579]
-0.08	 -0.38	-0.11	0.09	311_R	[21.26304167 11.60066667 47.22308333]
0.01	 0.25	-0.23	-0.04	311_R	[22.58715385 10.24238462 45.20530769]
0.11	 0.98	0.05	-0.34	311_R	[22.90585714 12.45278571 42.91171429]
-0.18	 -0.54	0.11	0.31	311_R	[23.91058333 11.53779167 47.15820833]
-0.26	 -0.74	-0.06	0.4	311_R	[25.28573684 12.19063158 44.99978947]
-0.18	 -0.36	0.05	0.31	311_R	[23.55936364 13.92536364 47.92404545]
-0.01	 0.31	3.31	0.19	311_R	[24.3967037  13.73644444 43.28044444]
-0.17	 -0.29	0.02	0.17	311_R	[23.56221429 16.23257143 47.63007143]
-0.04	 -0.18	-0.14	0.07	311_R	[24.76084615 17.80923077 45.92346154]
0.11	 1.14	0.17	-0.46	312_S	[19.0404 14.2195 46.9037]
0.09	 2.47	-0.17	-0.02	312_S	[18.24433333 13.81766667 47.85566667]
-0.1	 -0.44	0.0	0.04	312_S	[16.12090476 15.78647619 47.64595238]
0.12	 0.69	0.01	-0.25	312_S	[15.05425 16.29705 46.26645]
-0.09	 0.07	0.07	-0.09	312_S	[17.25827778 12.733      48.60561111]
-0.07	 -0.05	-0.11	0.13	312_S	[15.21661905 14.88071429 48.57509524]
-0.12	 -0.66	0.14	-0.03	312_S	[17.90907692 15.56342308 47.4475    ]
0.07	 0.58	0.09	-0.3	314_L	[18.49283333  7.35016667 48.50133333]
-0.04	 0.22	-0.02	-0.04	314_L	[20.91777419  6.95606452 45.99980645]
-0.02	 -0.38	-0.08	0.01	314_L	[18.3235      8.56221429 48.33057143]
0.15	 1.51	0.15	-0.42	314_L	[18.76354545  6.48109091 48.23936364]
0.07	 1.25	-0.01	-0.24	314_L	[21.48627273  6.77618182 44.30345455]
-0.0	 -0.38	-0.02	-0.02	314_L	[20.89079167  8.83595833 46.352625  ]
0.03	 -0.21	-0.04	0.01	314_L	[20.24764706  6.27917647 47.29923529]
0.19	 1.77	0.15	-0.38	315_E	[16.9625  8.6411 49.5956]
0.06	 0.47	0.08	-0.1	315_E	[16.59842857  9.23157143 50.26514286]
0.18	 1.6	0.12	-0.4	315_E	[13.55775     7.93341667 52.19875   ]
0.01	 0.68	-0.05	0.03	315_E	[15.52566667 10.34966667 51.686     ]
0.12	 0.73	-0.07	-0.19	315_E	[13.0045     10.8925     52.34333333]
-0.21	 -0.84	-0.05	0.21	315_E	[13.56663636 13.27672727 51.901     ]
-0.2	 -0.33	-0.02	0.38	315_E	[11.05331579 12.61689474 51.57392982]
0.0	 0.25	0.05	-0.11	315_E	[13.20133333 14.1985     49.9841    ]
0.15	 1.36	0.08	-0.32	315_E	[16.99035294 10.29764706 48.84317647]
-0.0	 -0.36	-0.18	-0.02	315_E	[15.66972727  8.84354545 51.46418182]
-0.14	 -0.02	0.0	0.09	315_E	[15.79759259 11.72596296 50.78492593]
-0.7	 0.98	-0.35	-0.23	315_E	[11.5482     10.04713333 51.6608    ]
-0.25	 -0.44	0.05	0.33	315_E	[13.87342308 10.5045     52.63473077]
0.22	 1.36	0.23	-0.49	316_P	[10.4661   9.31895 50.51215]
0.22	 1.46	0.31	-0.55	316_P	[10.28426667 10.89586667 49.692     ]
0.06	 0.88	0.34	-0.46	318_E	[14.6734  2.742  51.955 ]
0.15	 1.53	0.03	-0.21	318_E	[13.97753846  2.27769231 52.858     ]
0.05	 0.16	-0.31	0.17	318_E	[15.99333333  3.237      51.75433333]
0.03	 1.42	-0.02	-0.23	318_E	[17.1954  3.5188 51.5436]
0.01	 0.49	-0.14	-0.06	318_E	[17.93657576  5.6689697  51.71551515]
-0.18	 -0.35	-0.03	0.2	318_E	[17.6467619   7.30128571 51.73671429]
-0.24	 -0.84	0.07	0.33	318_E	[19.07338235  4.31261765 51.84285294]
0.1	 1.0	0.11	-0.4	318_E	[15.1040625  2.5644375 51.452625 ]
0.2	 1.5	0.2	-0.46	318_E	[14.6945   6.7421  52.51915]
-0.01	 0.02	-0.07	0.01	318_E	[15.7308   3.65904 52.99224]
0.06	 1.08	0.28	-0.56	318_E	[16.81707692  3.12438462 51.08530769]
0.02	 -0.13	0.05	-0.27	319_K	[ 9.15058333  8.799      54.34391667]
-0.13	 -0.47	-0.07	0.04	319_K	[ 7.37973333  8.90926667 55.19873333]
0.04	 0.87	0.31	-0.61	319_K	[ 5.149625  8.343625 53.109125]
0.08	 0.94	-0.38	-0.06	319_K	[11.57921053  8.59884211 53.11057895]
0.18	 0.9	-0.0	-0.28	319_K	[ 9.322       5.901      55.64794118]
-0.21	 -0.45	2.47	0.76	319_K	[10.04885714  9.08021429 54.18335714]
0.02	 0.85	-0.04	-0.14	319_K	[ 8.79957692  9.27046154 51.90803846]
-0.1	 -0.34	0.04	0.13	319_K	[ 7.33347826  7.25030435 55.98313043]
-0.28	 -0.64	0.2	0.44	319_K	[ 6.88604762  9.72795238 54.84652381]
-0.19	 -0.61	0.07	0.33	319_K	[ 4.85596429  7.64910714 54.19078571]
-0.07	 0.15	-0.04	0.02	319_K	[ 6.00946667  8.9071     52.006     ]
0.13	 1.51	0.32	-0.57	321_L	[12.53127273 -0.50272727 53.86463636]
0.05	 1.1	-0.01	-0.18	321_L	[13.7301  0.7501 52.4944]
0.06	 1.0	-0.0	-0.19	321_L	[15.499       0.54393333 50.768     ]
0.06	 0.65	-0.01	-0.23	321_L	[13.97114286  1.341      52.02942857]
0.05	 -0.08	-0.02	-0.13	321_L	[13.55722727 -0.43809091 52.69636364]
0.12	 0.98	0.07	-0.3	321_L	[15.41830769  1.48769231 50.75053846]
0.04	 0.68	0.01	-0.11	321_L	[15.54271429 -0.61719048 50.96266667]
0.07	 1.04	0.06	-0.3	322_R	[10.8372 -0.2496 56.7544]
0.15	 0.55	0.01	-0.25	322_R	[ 8.750125  1.125875 56.905125]
0.01	 0.06	-0.12	0.03	322_R	[ 9.0020625 -0.5570625 57.1135625]
0.13	 0.9	0.31	-0.53	322_R	[10.68114286  2.36442857 56.99892857]
-0.02	 0.45	-0.14	-0.08	322_R	[13.53157143  1.13442857 55.51935714]
-0.17	 -0.59	-0.06	0.12	322_R	[14.0365     3.34475   58.1226875]
-0.06	 0.66	-0.04	0.09	322_R	[13.2916  4.9944 57.955 ]
-0.1	 -1.47	0.0	0.08	322_R	[14.01538462  5.97692308 56.88515385]
-0.08	 -0.14	0.02	0.1	322_R	[15.53575    5.073     55.5421875]
-0.09	 0.45	0.12	-0.01	322_R	[12.60673333  7.496      56.0564    ]
0.07	 0.24	-0.13	0.38	322_R	[11.92248387 -0.88883871 55.47545161]
-0.09	 -0.45	-0.13	0.23	322_R	[10.48891667  1.6935     57.43025   ]
-0.15	 -0.51	0.13	0.07	322_R	[13.43848148  0.37214815 55.85922222]
0.04	 -0.18	0.11	-0.25	322_R	[13.76664286  1.75028571 54.12678571]
-0.16	 -0.51	0.11	0.25	322_R	[12.78892  2.53336 58.46848]
-0.18	 -0.66	0.14	0.32	322_R	[14.97105882  3.05882353 57.27541176]
-0.09	 -0.25	0.06	0.07	322_R	[11.240875    4.69308333 57.31004167]
-0.06	 0.01	-0.1	0.12	322_R	[15.32947368  3.452      55.20821053]
-0.11	 -0.7	-0.18	0.13	322_R	[15.23276471  6.16388235 54.47905882]
-0.14	 -0.32	-0.03	0.12	322_R	[11.22004  6.9744  56.42336]
-0.14	 -0.56	0.1	0.18	322_R	[13.10684  7.6304  54.52048]
0.11	 0.91	0.57	-0.9	323_D	[ 5.5786  1.2078 55.947 ]
-0.11	 -0.22	-0.07	0.11	323_D	[ 4.72790909 -0.4659697  54.94048485]
0.08	 1.33	0.01	-0.26	323_D	[ 5.27785714  1.84171429 55.64457143]
-0.18	 -1.81	-0.04	0.13	323_D	[ 5.5085      3.4415     56.35558333]
-0.04	 0.11	-0.05	0.07	323_D	[ 5.20327586  5.18451724 54.77317241]
-0.16	 -0.39	0.14	0.19	323_D	[ 7.5807381   3.7412619  57.01119048]
-0.1	 -0.31	-0.07	0.17	323_D	[ 6.5428   0.73965 56.71305]
-0.01	 -0.03	-0.08	-0.1	323_D	[ 4.66928  2.23504 53.73496]
0.11	 1.0	-0.01	-0.21	324_A	[ 6.19222222 -3.87088889 54.62066667]
-0.07	 0.16	-0.13	-0.0	324_A	[ 6.58747826 -4.79991304 52.86178261]
0.12	 0.47	0.05	-0.21	324_A	[ 5.12633333 -2.53566667 53.507     ]
0.15	 0.99	0.08	-0.38	324_A	[ 6.38682353 -3.87582353 50.75617647]
0.06	 0.79	0.1	-0.35	325_K	[10.25666667 -4.455      56.60266667]
-0.04	 1.01	-0.04	-0.04	325_K	[10.96585714 -4.79571429 55.59635714]
-0.21	 -0.89	-0.02	0.25	325_K	[ 9.83227273 -6.6315     54.96104545]
0.08	 1.21	-0.01	-0.17	325_K	[ 8.13275    -5.67308333 56.899     ]
0.07	 1.09	-0.06	-0.18	325_K	[ 6.3939  -2.4413  56.72585]
-0.13	 -0.32	-0.12	0.13	325_K	[ 5.13058333 -4.04841667 58.15275   ]
-0.02	 0.07	-0.19	0.1	325_K	[ 7.7022     -5.00446667 59.50526667]
-0.01	 -3.0	-0.01	-0.12	325_K	[ 6.11466667 -6.02444444 60.904     ]
0.05	 -0.74	-0.0	-0.03	325_K	[10.31561905 -3.09285714 56.50071429]
-0.08	 -0.01	0.03	-0.02	325_K	[ 7.09631579 -5.60694737 55.15178947]
-0.16	 -0.37	0.05	0.02	325_K	[ 9.21594737 -5.35584211 57.44584211]
-0.1	 -0.38	0.03	0.01	325_K	[ 8.08195 -2.51745 58.0928 ]
-0.13	 -0.05	-0.31	0.11	325_K	[ 5.75321429 -2.8065     56.20085714]
-0.2	 -0.95	0.22	0.24	325_K	[ 5.23538095 -3.13471429 58.64138095]
-0.2	 -1.16	0.1	0.14	325_K	[ 5.55718182 -5.44972727 57.04159091]
-0.17	 -0.21	-0.03	0.11	325_K	[ 7.81195455 -6.24368182 58.63727273]
-0.19	 -0.56	0.15	0.24	325_K	[ 7.73207692 -3.6865     59.9605    ]
-0.34	 -0.7	0.22	0.46	325_K	[ 6.87131818 -6.17736364 61.38518182]
-0.23	 -0.47	0.1	0.34	325_K	[ 5.02542857 -4.62803571 60.709     ]
-0.26	 -0.45	0.12	0.39	325_K	[ 5.21872 -6.69    59.43036]
0.07	 1.22	0.3	-0.62	326_L	[11.7525   -5.579375 54.193875]
0.04	 0.21	-0.09	-0.11	326_L	[12.98076923 -5.13446154 53.90592308]
0.02	 0.21	-0.13	0.05	326_L	[12.91423333 -2.64593333 54.04886667]
-0.05	 0.17	0.02	-0.01	326_L	[ 8.15124 -7.09408 51.93016]
0.2	 1.46	0.17	-0.43	326_L	[ 7.47885714 -6.08871429 49.25885714]
0.1	 1.34	0.06	-0.25	326_L	[11.71566667 -6.0465     54.00916667]
-0.1	 -0.46	-0.13	0.18	326_L	[ 8.20391667 -7.90879167 50.436875  ]
0.02	 -0.2	-0.07	-0.07	326_L	[ 9.88828571 -7.53442857 53.04407143]
0.02	 -0.31	0.05	-0.07	326_L	[ 7.3842     -5.7212     51.10373333]
0.08	 0.94	0.03	-0.28	326_L	[ 7.33675 -4.97705 49.18615]
0.01	 0.67	-0.07	0.02	327_D	[15.95925  -7.2445   53.015875]
-0.16	 -0.56	0.02	0.08	327_D	[17.90921429 -6.58057143 52.58564286]
-0.06	 -0.39	-0.12	0.06	327_D	[18.86745 -5.9566  51.1135 ]
-0.25	 -0.66	0.05	0.34	327_D	[17.99643902 -4.1622439  53.21470732]
0.03	 -0.05	0.01	-0.15	327_D	[15.12245 -2.9877  52.6832 ]
-0.23	 -0.69	0.05	0.27	327_D	[15.22605 -5.8433  53.93825]
0.09	 1.39	0.03	-0.16	327_D	[16.1694 -7.6719 51.5382]
0.24	 1.42	0.32	-0.57	328_K	[17.71818182 -4.05018182 46.13018182]
0.16	 0.99	-0.02	-0.28	328_K	[16.24305882 -5.45094118 45.22770588]
0.1	 0.07	-0.05	-0.2	328_K	[19.615      -4.09381818 49.31409091]
0.1	 1.13	0.06	-0.3	328_K	[20.50930769 -2.88207692 47.73007692]
0.04	 0.39	-0.05	-0.21	328_K	[18.99619231 -0.41561538 50.20169231]
0.03	 -1.89	0.06	-0.19	328_K	[21.6388  0.9072 49.2958]
0.09	 0.42	-0.08	-0.15	328_K	[16.77894444 -2.27138889 51.04555556]
0.16	 1.21	0.43	-0.64	328_K	[17.19766667 -1.134      50.01111111]
0.11	 0.65	0.06	-0.27	328_K	[18.91038889 -3.101      50.54344444]
0.07	 -0.11	-0.26	0.0	328_K	[19.42558333 -4.24275    47.53466667]
-0.04	 0.28	-0.04	-0.1	328_K	[21.33025    -2.88645833 48.42433333]
0.1	 0.98	0.09	-0.36	328_K	[1.77344615e+01 8.38461538e-03 4.98054615e+01]
-0.18	 -0.57	-0.07	0.36	328_K	[19.582      -1.44866667 50.73979167]
-0.15	 -0.28	-0.13	0.17	328_K	[20.90877778  1.79377778 49.68261111]
-0.22	 -0.55	0.03	0.33	328_K	[22.20245833 -0.57079167 49.79625   ]
0.08	 0.6	0.02	-0.19	328_K	[22.29966667  0.37473333 47.65606667]
0.11	 1.18	0.07	-0.3	329_A	[16.20547826 -8.39169565 47.30530435]
-0.22	 -0.97	0.03	0.3	329_A	[16.40821875 -8.919875   45.77628125]
-0.16	 -0.46	0.0	0.15	329_A	[18.74270833 -8.327      48.83241667]
-0.09	 -0.16	0.6	-0.13	329_A	[18.342     -6.1221875 46.266125 ]
-0.22	 -1.13	0.13	0.36	329_A	[18.69304348 -8.984      47.86430435]
-0.11	 -0.52	0.06	0.24	329_A	[19.8234  -6.46432 48.89764]
-0.07	 -0.39	0.05	0.04	329_A	[17.53653333 -8.13446667 50.27773333]
0.08	 0.53	0.07	-0.32	330_Q	[14.148      -8.39708333 44.87858333]
0.12	 1.4	0.17	-0.44	330_Q	[13.30106667 -9.25833333 44.78526667]
0.11	 1.38	0.22	-0.44	330_Q	[12.708125 -9.714    47.4815  ]
-0.04	 -0.35	-0.05	-0.04	330_Q	[14.93384615 -9.42915385 50.18938462]
-0.18	 -0.82	-0.05	0.22	330_Q	[13.243  -9.6723 51.8787]
-0.19	 -0.7	0.03	0.21	330_Q	[11.05842308 -9.3835     51.37742308]
-0.11	 -0.47	-0.02	0.19	330_Q	[14.28041667 -8.39016667 52.80266667]
-0.12	 -0.14	-0.26	0.13	330_Q	[13.95763158 -9.87042105 46.53621053]
0.11	 0.81	-0.04	-0.21	330_Q	[11.82447059 -9.71811765 48.01929412]
-0.18	 -0.38	0.09	0.27	330_Q	[ 13.86504167 -10.23533333  49.21520833]
0.06	 -0.57	-0.06	-0.15	330_Q	[15.68115385 -8.86261538 49.80269231]
0.04	 0.33	0.06	-0.33	330_Q	[15.12054545 -8.24390909 51.88718182]
-0.08	 -0.37	-0.06	0.04	330_Q	[12.66596 -7.4252  53.39744]
0.09	 1.6	0.23	-0.49	331_I	[14.04357143 -7.98028571 43.65757143]
-0.04	 0.2	-0.12	-0.02	331_I	[14.916875   -6.31944643 43.06555357]
0.19	 1.17	0.46	-0.68	331_I	[14.36778571 -3.90471429 42.40257143]
0.16	 1.24	0.05	-0.34	332_H	[13.589      -5.86314286 40.61571429]
-0.18	 -0.52	0.08	0.25	332_H	[13.73985714 -7.6154     39.41674286]
0.13	 0.99	0.13	-0.38	332_H	[  9.89434783 -11.12443478  42.08373913]
0.02	 1.32	0.0	-0.1	332_H	[ 12.36346154 -11.02876923  43.07738462]
-0.02	 0.07	-0.11	-0.01	332_H	[ 11.59895745 -11.85621277  44.90157447]
-0.05	 -0.2	0.01	-0.04	332_H	[13.6806  -8.99232 42.35368]
-0.06	 0.06	-0.19	-0.01	332_H	[ 11.79856 -10.40596  40.36424]
-0.46	 -0.98	0.2	0.51	332_H	[ 12.9460625 -11.7475625  42.33475  ]
-0.25	 -0.93	0.24	0.58	332_H	[ 11.812625   -12.89958333  45.10129167]
0.05	 0.54	-0.08	-0.15	332_H	[ 10.27626316 -10.98136842  46.65668421]
0.11	 1.02	0.11	-0.37	333_D	[ 8.53205882 -5.22264706 37.51941176]
0.06	 0.05	-0.1	-0.13	333_D	[ 9.90308696 -7.21121739 37.38217391]
0.1	 0.73	-0.0	-0.23	333_D	[11.22594118 -9.03788235 38.06876471]
-0.22	 -0.62	0.02	0.29	333_D	[ 9.70864706 -7.58521569 36.25996078]
-0.01	 -0.1	-0.17	-0.02	333_D	[12.94973913 -5.36686957 38.47234783]
0.16	 1.08	-0.1	-0.2	333_D	[ 9.76841176 -4.851      36.77229412]
0.07	 0.97	0.07	-0.34	334_L	[13.34742857 -3.898      38.68771429]
-0.14	 -0.46	-0.03	0.15	334_L	[12.43934615 -1.62292308 35.83069231]
0.07	 1.31	-0.02	-0.17	334_L	[14.30611111 -0.54922222 37.42422222]
0.07	 0.68	-0.06	0.07	334_L	[15.07266667 -2.52966667 39.09366667]
0.1	 0.77	-0.04	-0.22	334_L	[16.35327273 -0.422      39.33475758]
-0.08	 -0.19	0.03	-0.07	334_L	[12.23045455 -4.10527273 37.26631818]
-0.13	 -0.39	-0.01	0.19	334_L	[14.342125  -2.337125  37.6748125]
0.15	 0.98	0.12	-0.33	334_L	[13.82305882  0.48594118 37.55117647]
0.03	 0.2	0.05	-0.14	334_L	[14.43005714 -3.35142857 40.4062    ]
-0.14	 -0.64	-0.31	0.33	334_L	[16.57960606 -1.16830303 38.81130303]
0.12	 0.89	0.02	0.06	335_V	[ 6.789      -0.65266667 34.91833333]
-0.03	 0.22	-0.07	-0.05	335_V	[ 7.87655556 -3.35366667 36.05340741]
0.14	 1.48	0.02	-0.26	335_V	[ 6.2974  0.8574 35.3252]
0.05	 -0.32	0.03	-0.14	335_V	[10.718      -0.38244444 34.67966667]
-0.08	 -0.42	-0.01	0.03	335_V	[ 7.66484e+00 -1.02800e-02  3.43362e+01]
-0.28	 -1.16	0.18	0.37	335_V	[ 6.56472222 -2.50283333 35.66627778]
-0.12	 -0.46	0.03	0.14	335_V	[ 9.42507143 -3.01675    35.31132143]
-0.05	 0.08	-0.01	0.07	335_V	[ 5.75241379 -0.22437931 36.47924138]
-0.14	 -0.31	0.06	0.1	336_L	[ 8.49203448  3.28206897 33.03862069]
0.06	 0.5	-0.06	0.05	336_L	[13.459       2.787      34.81433333]
-0.0	 0.25	-0.16	-0.06	336_L	[14.75057143  3.41042857 34.254     ]
-0.1	 -0.01	-0.01	0.06	336_L	[10.19761538  1.19792308 33.91207692]
-0.0	 0.39	-0.06	0.02	336_L	[11.52565385  4.07965385 33.14938462]
-0.05	 -0.02	0.03	0.08	336_L	[12.79184  1.71112 35.04   ]
0.09	 0.56	0.04	-0.2	336_L	[15.28504762  3.39261905 35.49461905]
0.12	 1.29	0.17	-0.42	336_L	[13.40979167  4.65991667 33.36654167]
0.15	 1.34	0.14	-0.4	336_L	[13.9875     2.138125  37.0818125]
0.08	 0.47	-0.07	0.07	337_V	[ 4.67983333  5.52566667 34.40866667]
-0.06	 -0.26	-0.15	0.05	337_V	[ 5.44672  2.64936 34.5088 ]
0.1	 1.21	-0.13	-0.07	337_V	[ 4.23633333  6.48133333 36.29666667]
0.03	 0.6	-0.0	-0.1	337_V	[ 7.4076087   5.74713043 32.92913043]
-0.09	 -0.23	-0.01	0.08	337_V	[ 4.51521429  6.27903571 34.60825   ]
-0.12	 -0.57	-0.1	0.26	337_V	[ 4.35506667  3.18403333 35.88173333]
-0.24	 -0.98	0.14	0.45	337_V	[ 5.5285      3.59172222 33.16255556]
-0.01	 0.57	-0.02	-0.03	337_V	[ 4.0894   5.4984  37.11995]
0.12	 0.98	0.12	-0.37	338_G	[ 7.02965217  7.80386957 33.58265217]
0.09	 1.26	0.31	-0.59	338_G	[ 6.0595  9.5727 33.4452]
0.07	 1.04	-0.09	-0.22	338_G	[ 8.45258333  9.135375   31.51579167]
0.12	 1.18	0.21	-0.43	338_G	[ 9.671375  9.074875 31.582375]
-0.14	 -0.41	-0.15	0.24	338_G	[ 6.8733871   7.97196774 32.32080645]
-0.13	 -0.22	-0.09	0.13	338_G	[ 5.87652 10.49284 33.76748]
0.06	 0.35	0.01	-0.28	339_G	[ 7.65505 10.9604  31.48205]
0.02	 0.88	-0.07	-0.28	339_G	[ 8.728      12.0855     30.15416667]
-0.02	 0.45	-0.06	-0.0	339_G	[10.75907692 13.08392308 30.99346154]
0.07	 0.13	-0.01	-0.13	339_G	[12.12041667 12.097      30.22891667]
-0.25	 -0.8	0.01	0.28	339_G	[ 6.77285 11.64535 32.12585]
-0.2	 -0.66	-0.09	0.47	339_G	[ 8.56377778 12.83340741 30.43425926]
0.09	 0.79	-0.12	-0.13	340_S	[ 9.91633333 13.64666667 32.32516667]
0.07	 0.84	-0.05	-0.18	340_S	[11.36979487 15.22784615 33.41053846]
0.09	 0.5	0.05	-0.29	340_S	[ 9.094      13.45081818 33.32327273]
0.11	 0.78	0.04	-0.24	340_S	[13.06820833 13.16995833 32.019375  ]
0.16	 1.74	0.17	-0.44	341_T	[13.06075  7.45175 31.9525 ]
0.1	 1.1	0.05	-0.3	341_T	[13.7850625  6.649     32.3945   ]
0.02	 0.17	-0.06	-0.12	341_T	[11.02103333  6.82863333 32.6794    ]
0.08	 0.47	0.0	-0.19	341_T	[ 9.94338889  8.01577778 32.25594444]
0.11	 0.56	0.03	-0.21	342_R	[17.70416  8.68728 29.81016]
0.04	 0.58	-0.2	0.07	342_R	[14.63466667  8.275      28.98033333]
0.03	 0.37	-0.19	0.07	342_R	[13.76633333  8.171      28.56533333]
-0.05	 -0.1	-0.06	0.01	342_R	[12.73926667 10.16086667 26.79846667]
-0.08	 0.66	-0.04	0.09	342_R	[10.9672 10.5198 26.7016]
0.03	 0.43	0.03	-0.13	342_R	[ 9.98748485  8.88830303 28.25084848]
-0.14	 -0.38	-0.15	0.17	342_R	[10.84844444  7.31833333 28.33737037]
-0.08	 0.02	-0.61	0.42	342_R	[ 8.29917647  9.34332353 28.49855882]
-0.01	 0.33	-0.08	-0.19	342_R	[15.11541667  7.3205     30.55625   ]
0.1	 0.83	-0.17	-0.15	342_R	[14.474      11.90058824 29.68561765]
-0.05	 -0.28	0.1	-0.1	342_R	[15.26671429  9.1977619  28.37219048]
-0.05	 -0.11	-0.05	-0.01	342_R	[12.88948  7.68788 30.17176]
-0.48	 -0.02	-0.1	0.25	342_R	[13.31845283 11.50015094 27.70013208]
-0.17	 -0.77	0.07	0.21	342_R	[13.1637619   8.75885714 27.00904762]
-0.07	 -0.06	1.79	0.23	342_R	[10.40996552 11.61437931 28.14672414]
-0.19	 -0.79	-0.01	0.3	342_R	[12.12788235  7.17576471 27.68147059]
-0.3	 -1.33	0.34	0.6	342_R	[ 9.7632381   6.53761905 27.67995238]
-0.12	 -0.32	-0.1	0.25	342_R	[ 8.28117857 10.78814286 28.30196429]
-0.27	 -1.16	0.19	0.49	342_R	[ 7.96646154  8.08907692 27.70988462]
0.08	 0.79	-0.05	-0.19	343_I	[15.55188235 14.34882353 31.88258824]
0.18	 1.45	0.21	-0.47	343_I	[16.34411111 14.75033333 31.34544444]
0.1	 0.71	-0.02	-0.22	343_I	[15.37409524 13.12757143 31.44271429]
0.2	 1.52	0.29	-0.53	343_I	[14.33292308 15.22707692 33.01976923]
0.08	 1.48	0.0	-0.25	344_P	[21.5184  7.5634 32.649 ]
0.1	 0.57	-0.2	-0.11	344_P	[22.59233333  8.45416667 33.66983333]
0.08	 0.77	0.01	-0.25	344_P	[21.5359   6.9355  33.88605]
0.04	 0.77	0.03	-0.2	344_P	[23.15636842  9.23010526 31.653     ]
0.1	 0.62	-0.04	-0.2	344_P	[22.10566667  9.58986667 28.84173333]
0.0	 0.47	-0.12	-0.0	344_P	[20.49630769  7.16876923 31.91884615]
0.14	 -1.18	-0.02	-0.19	344_P	[23.53392308 10.50623077 32.45907692]
-0.17	 -0.39	0.05	0.16	344_P	[22.67111538  8.20892308 31.06503846]
-0.09	 -0.13	-0.05	0.09	344_P	[20.298375    8.60758333 29.453     ]
0.09	 1.27	0.18	-0.43	345_K	[23.087      10.26061538 33.84138462]
0.12	 1.67	0.09	-0.43	345_K	[23.4578 10.4784 34.6834]
0.08	 0.49	0.01	-0.29	345_K	[24.8673125  9.557375  36.834125 ]
-0.07	 -0.16	-0.13	0.07	345_K	[25.1714 12.727  39.922 ]
-0.02	 -4.68	-0.01	-0.09	345_K	[27.37       11.12166667 38.88      ]
0.03	 0.14	-0.24	0.01	345_K	[23.70063636  9.09390909 35.42586364]
0.02	 0.01	-0.02	-0.02	345_K	[25.097      10.91586667 35.70886667]
-0.03	 0.25	-0.3	0.1	345_K	[25.60779167 13.35108333 38.79504167]
0.05	 0.2	6.34	0.14	345_K	[23.92468571 11.77011429 40.61222857]
-0.33	 -0.8	0.18	0.49	345_K	[26.95878261 11.25330435 40.18995652]
-0.13	 0.03	-0.1	0.18	345_K	[25.8950625   9.11303125 38.986625  ]
-0.24	 -0.31	0.01	0.28	345_K	[27.13508 11.0746  37.52472]
0.03	 0.41	-0.16	-0.13	347_Q	[20.58307143  3.96992857 35.49721429]
0.15	 1.08	0.15	-0.42	347_Q	[19.2016087   3.27704348 36.74143478]
0.02	 0.25	-0.09	-0.05	347_Q	[19.60357143  4.27271429 34.20814286]
-0.1	 -0.22	-0.2	0.08	347_Q	[17.7518  3.9541 32.5342]
-0.13	 -0.14	0.1	0.12	347_Q	[18.46923529  5.61591176 31.30385294]
-0.03	 0.65	-0.01	-0.02	347_Q	[15.57928571  4.34328571 32.28882143]
0.04	 -0.79	-0.03	-0.04	347_Q	[20.10364286  5.33614286 33.77064286]
-0.03	 0.04	-0.21	0.18	347_Q	[18.27004878  3.6722439  34.97085366]
-0.18	 -0.34	-0.4	0.25	347_Q	[14.41364706  4.25047059 32.719     ]
-0.31	 -0.7	0.16	0.44	347_Q	[16.06196154  4.55196154 30.70773077]
0.06	 0.55	-0.04	-0.23	348_K	[21.5965    5.4315   35.223125]
0.05	 0.87	-0.04	-0.27	348_K	[22.036875  4.859625 35.414875]
0.1	 1.0	0.15	-0.36	348_K	[23.54368182  7.22945455 35.65704545]
-0.02	 0.16	-0.02	-0.08	348_K	[25.2465      6.104      35.42233333]
-0.1	 -0.3	-0.22	0.0	348_K	[25.86536364  2.05327273 36.41209091]
-0.0	 -2.93	-0.02	-0.11	348_K	[28.05144444  4.26422222 36.17011111]
0.16	 1.64	0.09	-0.35	348_K	[22.20653846  3.99153846 35.65653846]
-0.05	 -0.16	-0.3	0.01	348_K	[23.28991667  6.94408333 34.85466667]
-0.13	 -0.5	0.0	0.21	348_K	[23.92036364  4.47904545 34.70359091]
-0.08	 -0.29	-0.09	0.01	348_K	[25.48284375  6.8946875  36.0253125 ]
0.14	 0.85	-0.01	-0.23	348_K	[25.49142308  6.14807692 38.50961538]
-0.04	 0.2	-0.01	0.0	348_K	[26.32010714  2.38496429 37.77121429]
-0.28	 -0.45	0.01	0.19	348_K	[25.6064      2.69446667 35.2278    ]
-0.33	 -0.7	0.23	0.47	348_K	[28.47543478  3.49886957 36.01747826]
-0.24	 -0.83	0.09	0.34	348_K	[27.16147059  4.99088235 34.87964706]
-0.22	 -0.5	0.13	0.3	348_K	[27.9459   5.10765 37.62515]
0.13	 0.97	0.13	-0.31	349_L	[21.81516667  5.11341667 43.17983333]
-0.05	 -0.67	-0.04	0.01	349_L	[23.49056522  8.59808696 43.63708696]
0.09	 1.13	-0.0	-0.29	349_L	[24.6         8.96881818 40.96390909]
-0.08	 -0.18	-0.16	0.08	349_L	[24.1262069  10.26389655 42.83558621]
0.11	 0.66	-0.03	-0.24	349_L	[22.27516667  8.95283333 44.61116667]
-0.04	 -0.15	-0.19	0.16	349_L	[23.54053846  6.999      42.66819231]
0.08	 0.61	0.22	-0.66	349_L	[24.82557143  9.56471429 40.86957143]
0.11	 0.81	0.03	-0.28	349_L	[24.48211538  7.59353846 40.08523077]
0.1	 0.92	0.02	-0.31	350_L	[17.92133333  3.02158333 38.2065    ]
0.2	 1.05	0.98	-0.95	350_L	[17.11136842  1.83336842 39.39315789]
0.06	 0.86	-0.01	-0.13	350_L	[16.01448148  2.77044444 37.74711111]
0.1	 1.08	0.06	-0.37	351_Q	[18.38492308  2.28130769 38.66930769]
0.04	 0.68	0.05	-0.28	351_Q	[18.56433333  1.15133333 38.918     ]
0.05	 0.68	-0.3	0.17	351_Q	[19.436       0.73333333 37.503     ]
0.06	 1.11	-0.03	-0.22	351_Q	[ 2.00213333e+01 -1.03333333e-02  3.64510000e+01]
-0.02	 0.14	-0.07	0.1	351_Q	[ 2.22982273e+01 -1.62272727e-02  3.58247727e+01]
-0.08	 -0.24	-0.15	0.18	351_Q	[22.71706122  1.52765306 35.39683673]
-0.14	 -0.5	-0.05	0.17	351_Q	[21.546125 -1.498125 35.0205  ]
0.06	 1.0	-0.05	-0.26	351_Q	[19.0316875  -0.1681875  39.04046875]
-0.08	 -0.37	-0.06	-0.05	351_Q	[19.60359259  1.55348148 36.73607407]
0.16	 0.98	0.13	-0.38	351_Q	[23.31152381 -0.1177619  38.59866667]
-0.06	 -0.06	-0.19	0.21	351_Q	[19.76838889 -0.85483333 37.6045    ]
-0.14	 -0.18	0.07	0.1	351_Q	[21.37060714 -2.48778571 35.94814286]
-0.37	 -1.1	0.37	0.63	351_Q	[22.32042857 -1.22895238 33.8362381 ]
0.08	 1.36	0.3	-0.64	352_D	[24.9482  1.1882 42.2552]
0.1	 0.74	-0.19	-0.16	352_D	[23.72342857  2.46314286 44.15271429]
-0.04	 0.04	-0.07	-0.07	352_D	[24.28325     0.62241667 44.19754167]
0.05	 0.7	-0.12	-0.13	352_D	[24.43112  3.79168 42.47804]
-0.07	 -0.75	0.02	0.05	352_D	[26.504   2.4986 40.7246]
-0.19	 -0.63	0.05	0.2	352_D	[26.452225  4.741625 40.823375]
-0.04	 0.16	-0.03	-0.01	352_D	[25.13708333  1.56104167 39.017375  ]
0.03	 0.6	-0.01	-0.16	352_D	[24.40128571  0.271      40.82478571]
0.05	 1.56	-0.26	-0.07	352_D	[23.40255556  5.08788889 42.44755556]
-0.19	 -0.43	-0.03	0.28	352_D	[24.73391667  3.08125    43.34141667]
0.12	 0.75	0.05	-0.31	353_F	[22.662     3.350125 43.6925  ]
0.12	 2.02	0.16	-0.41	353_F	[21.77688889  3.52877778 44.692     ]
0.13	 1.8	0.1	-0.34	353_F	[22.68677778 -0.09938889 46.20772222]
0.07	 0.66	0.05	-0.27	353_F	[21.31616667  2.74475    47.70733333]
0.05	 0.84	-0.28	-0.0	353_F	[20.9235  3.251  48.813 ]
0.13	 1.35	0.23	-0.49	353_F	[18.96911111  2.16566667 50.10211111]
-0.01	 -0.26	-0.01	0.03	353_F	[22.42233333  2.22919048 45.77219048]
0.18	 1.55	0.25	-0.5	353_F	[20.94875     4.49841667 44.56058333]
-0.11	 0.21	-0.1	0.12	353_F	[21.24052174  4.43573913 46.71043478]
0.01	 0.64	-0.04	-0.07	353_F	[19.88652381  4.58528571 49.26861905]
0.06	 0.72	-0.09	-0.11	353_F	[17.58704545  1.82163636 50.23359091]
0.08	 0.79	0.03	-0.29	354_F	[19.73733333 -3.27533333 44.31833333]
0.12	 0.63	0.08	-0.28	354_F	[20.7475 -3.5909 44.2328]
-0.11	 -0.14	-0.06	0.06	354_F	[20.74147368 -4.43826316 42.28889474]
0.09	 0.34	0.04	-0.26	354_F	[18.09652381 -2.74390476 41.54880952]
0.11	 0.89	-0.01	-0.25	354_F	[16.02488889 -3.08733333 42.70466667]
0.13	 0.78	0.02	-0.25	354_F	[19.602      -2.93051852 45.5087037 ]
0.07	 0.73	-0.11	-0.19	354_F	[18.72808696 -1.74373913 40.61813043]
-0.25	 -0.08	0.18	0.13	354_F	[18.43033333 -3.53852381 43.49609524]
0.01	 0.12	0.14	-0.37	354_F	[16.71578261 -3.95552174 44.12378261]
0.02	 0.95	0.13	-0.46	355_N	[25.37075 -2.4575  42.50425]
-0.01	 0.89	0.01	-0.08	355_N	[24.9504 -2.7362 41.1442]
-0.17	 -1.06	0.08	0.23	355_N	[24.18248276 -5.00410345 41.57731034]
0.01	 0.88	0.06	-0.21	355_N	[24.95788889 -4.04105556 44.38411111]
-0.07	 -0.12	0.04	0.01	355_N	[25.349      -2.72794118 45.81505882]
-0.23	 -0.55	0.09	0.26	355_N	[25.70720513 -1.22807692 45.41428205]
-0.12	 -0.06	0.08	0.06	355_N	[24.25076923 -3.64584615 47.16961538]
0.04	 -0.03	-0.12	0.03	355_N	[25.13166667 -1.15775    42.62116667]
-0.1	 -0.1	-0.0	0.09	355_N	[22.93877778 -4.61588889 44.48361111]
-0.24	 -0.66	-0.05	0.32	355_N	[25.6751  -4.1112  43.38065]
-0.15	 -0.32	-0.09	0.23	355_N	[23.9732     -1.93663333 47.6878    ]
-0.1	 -0.23	0.08	0.02	355_N	[22.53155172 -3.69993103 46.49555172]
0.12	 0.94	-0.19	-0.06	356_G	[24.09316667 -1.657      40.221     ]
-0.06	 0.09	0.03	-0.05	356_G	[23.8645     -3.5825     38.53661111]
-0.08	 0.04	-0.08	-0.0	356_G	[20.6053125 -3.388125  38.4874375]
-0.24	 -0.73	0.13	0.33	356_G	[20.58804878 -5.08814634 39.39180488]
-0.17	 -0.3	0.01	0.21	356_G	[23.71375 -2.488   37.99305]
-0.17	 -0.49	-0.07	0.26	356_G	[23.6841  -4.97405 39.2934 ]
