-0.2	 -0.88	0.08	0.29	734_I	[42.1466  -1.34735 10.51095]
-0.09	 -0.7	-0.02	0.12	734_I	[40.27122222 -3.08183333 11.06272222]
-0.07	 -1.04	-0.12	0.05	734_I	[42.8701 -3.8659 10.975 ]
0.04	 0.36	0.07	-0.19	734_I	[44.05415 -4.15685  9.09605]
-0.21	 -1.01	0.09	0.28	734_I	[39.05881481 -1.04903704  9.39696296]
0.0	 -0.12	-0.03	-0.0	734_I	[38.16097619 -4.3157381   8.42385714]
-0.17	 -0.35	0.01	0.16	734_I	[38.46933962 -0.70892453  6.81211321]
-0.03	 -0.34	0.01	0.03	735_E	[40.99366667 -5.19745833 11.378125  ]
-0.12	 -0.69	-0.0	0.17	735_E	[43.55885 -6.39815 11.03515]
-0.17	 -0.71	0.05	0.2	735_E	[41.62308475 -8.30755932 11.72574576]
-0.01	 -0.22	-0.13	0.0	736_E	[44.29074074 -7.62896296  9.03162963]
-0.07	 -0.22	0.08	-0.03	736_E	[45.40068421 -7.82260526  6.96631579]
0.15	 0.99	-0.03	-0.2	736_E	[45.80825  -9.023375  4.650375]
-0.05	 -0.33	-0.02	0.01	736_E	[47.71794118 -8.14870588  5.21894118]
-0.02	 0.02	-0.05	-0.01	736_E	[46.80225714 -8.44854286  3.04242857]
-0.04	 -0.16	0.02	0.06	736_E	[47.81443182 -5.76409091  5.81968182]
0.04	 0.43	-0.01	-0.19	737_E	[ 43.42122222 -10.1432963    7.24196296]
0.17	 1.58	0.14	-0.4	737_E	[ 43.438  -11.2867   5.4128]
0.17	 1.53	0.23	-0.49	737_E	[ 39.24422222 -11.673        7.07322222]
0.13	 1.55	0.26	-0.51	737_E	[ 38.6078     -11.40086667   6.32646667]
-0.14	 -0.72	0.03	0.12	737_E	[ 42.08207143 -11.84621429   8.19440476]
-0.18	 -0.92	-0.1	0.29	737_E	[ 40.52463415 -13.57712195   7.22102439]
-0.09	 -0.0	0.02	-0.01	737_E	[ 42.01155 -14.36375   4.69175]
-0.19	 -0.59	0.01	0.26	737_E	[ 43.41469231 -13.68907692   4.75871795]
-0.17	 -0.28	0.0	0.19	737_E	[ 40.10072549 -13.8965098    4.08533333]
0.18	 1.65	0.25	-0.48	738_L	[ 37.37013333 -10.19673333   7.01986667]
0.13	 0.81	-0.02	-0.25	738_L	[37.54275    -6.63183333  6.82125   ]
-0.04	 -0.11	-0.06	-0.02	738_L	[36.30347368 -7.72526316  5.75573684]
-0.03	 -0.17	-0.06	0.0	738_L	[36.99119048 -7.74390476  8.50752381]
0.11	 1.08	0.01	-0.2	738_L	[ 39.88214286 -10.09635714  10.122     ]
-0.19	 -0.82	0.04	0.3	738_L	[37.9227069  -8.01925862 11.65863793]
-0.15	 -0.66	-0.05	0.27	738_L	[ 37.38579747 -11.09813924   9.5853038 ]
0.2	 1.51	0.1	-0.33	739_L	[37.68105882 -5.49247059  5.29570588]
0.19	 1.23	0.18	-0.41	739_L	[38.118      -2.60947059  4.27173529]
0.2	 1.24	0.4	-0.62	740_L	[39.94592857 -8.59192857  0.04871429]
0.18	 1.21	0.05	-0.31	740_L	[ 38.88073333 -11.4294       1.6104    ]
0.13	 0.64	-0.04	-0.22	740_L	[39.17029167 -9.88591667 -0.27070833]
-0.03	 -0.12	-0.11	-0.06	740_L	[ 40.87756522 -11.187        1.64878261]
-0.07	 -0.2	-0.01	0.04	740_L	[ 44.02528986 -10.89453623   2.42201449]
-0.08	 -0.39	-0.0	0.12	740_L	[43.13371154 -8.58136538 -0.18905769]
0.14	 1.42	0.29	-0.54	741_Q	[ 38.912125 -11.693375   3.059625]
0.04	 -0.04	-0.13	-0.07	741_Q	[ 37.01111111 -12.09222222   2.26894444]
0.06	 0.39	-0.02	-0.14	741_Q	[34.13709091 -9.90563636  3.25509091]
-0.02	 -0.12	-0.03	-0.03	741_Q	[ 34.04435294 -11.18229412   1.66241176]
-0.15	 -0.53	-0.01	0.2	741_Q	[ 36.23350769 -11.8776       4.7034    ]
0.14	 1.1	0.09	-0.31	742_Q	[35.0522 -8.8354  4.3789]
0.15	 0.96	-0.0	-0.24	742_Q	[33.54644444 -8.63288889  3.54533333]
0.0	 0.07	-0.03	-0.08	742_Q	[34.88994444 -6.05233333  4.55255556]
-0.04	 0.11	-0.01	-0.07	742_Q	[33.3389 -4.0555  3.4706]
-0.18	 -0.7	-0.03	0.2	742_Q	[31.80118182 -5.543       4.75045455]
-0.14	 -0.57	0.08	0.12	742_Q	[31.31868966 -7.6847931   4.21506897]
-0.11	 -0.49	0.02	0.18	742_Q	[30.4385814  -4.54916279  2.803     ]
0.11	 0.47	0.01	-0.18	743_I	[39.24606061 -7.49766667 -2.82736364]
0.15	 0.93	0.08	-0.32	743_I	[40.60588462 -5.76380769 -1.91630769]
0.14	 1.6	0.08	-0.32	744_D	[ 35.07291667 -11.08775     -3.48875   ]
0.01	 0.11	-0.09	-0.03	744_D	[ 32.92742857 -11.70042857  -1.07857143]
-0.05	 -0.07	-0.04	-0.02	744_D	[ 32.60684211 -11.62715789  -2.89447368]
-0.1	 -0.44	-0.03	0.09	744_D	[ 34.93246875 -12.48990625  -1.075625  ]
-0.09	 0.08	-0.02	0.06	744_D	[ 37.3246 -12.4289  -2.5147]
-0.04	 -0.01	-0.03	0.04	744_D	[ 37.95024242 -11.05112121  -3.20833333]
-0.24	 -0.67	0.08	0.35	744_D	[ 38.00169767 -13.20190698  -0.86195349]
0.14	 1.78	0.01	-0.23	745_N	[ 33.32628571 -11.244        0.22528571]
0.1	 -0.06	0.03	-0.16	745_N	[ 31.47435714 -11.191       -0.22842857]
0.2	 1.42	0.4	-0.62	745_N	[28.8106 -9.6957 -1.5735]
-0.01	 0.38	-0.04	-0.05	745_N	[ 31.90665217 -10.21734783   2.09956522]
-0.13	 -0.32	0.05	0.08	745_N	[ 30.20228571 -10.26514286   2.57564286]
-0.15	 -0.53	-0.07	0.2	745_N	[ 28.49702439 -10.53478049   0.57207317]
-0.17	 -0.24	-0.04	0.15	745_N	[28.65338889 -8.20883333  2.67963889]
0.03	 0.45	-0.0	-0.14	746_I	[29.28861364 -3.57961364 -0.10363636]
0.08	 0.94	0.03	-0.3	747_K	[32.56994118 -7.57347059 -7.24058824]
0.02	 0.16	-0.08	-0.04	747_K	[ 31.836      -10.84757143  -6.18414286]
0.02	 0.27	-0.01	-0.1	747_K	[31.30904 -9.64816 -7.8682 ]
-0.07	 -0.08	-0.06	0.04	747_K	[ 33.66521429 -10.15903571  -6.129     ]
0.05	 -0.46	-0.01	-0.07	747_K	[34.51927778 -7.40511111 -7.23505556]
-0.09	 -0.25	0.02	0.07	747_K	[ 36.25064706 -10.0515      -6.27658824]
0.03	 -0.08	-0.02	-0.01	747_K	[37.3011875 -7.34725   -7.631375 ]
-0.17	 -0.56	-0.03	0.24	747_K	[39.26457576 -8.69740909 -6.35228788]
0.14	 1.1	0.1	-0.32	748_A	[ 31.80788889 -11.27544444  -4.76944444]
-0.03	 -0.26	-0.1	0.03	748_A	[ 29.89773684 -11.93515789  -5.92157895]
0.02	 0.25	-0.13	-0.08	748_A	[ 27.3542 -10.5895  -4.1266]
-0.03	 -0.12	-0.06	-0.02	748_A	[ 26.96457895 -11.09652632  -6.03621053]
-0.15	 -0.58	-0.01	0.23	748_A	[ 29.31971831 -12.05225352  -3.21638028]
0.08	 0.96	0.07	-0.34	749_Y	[27.43407692 -9.36253846 -3.22084615]
0.18	 1.01	0.02	-0.26	749_Y	[25.91284615 -9.14007692 -4.48469231]
0.2	 0.49	0.16	-0.38	749_Y	[25.19491304 -6.99478261 -5.92056522]
0.13	 1.46	0.09	-0.34	749_Y	[26.2295   -6.66075  -1.977625]
0.11	 1.32	0.12	-0.37	749_Y	[27.06721622 -7.41805405 -1.34383784]
-0.12	 -0.27	-0.04	0.03	749_Y	[24.93295745 -6.94746809 -2.908     ]
-0.01	 0.28	-0.06	-0.1	749_Y	[26.97462222 -7.09051111  0.66442222]
-0.25	 -1.4	0.12	0.38	749_Y	[23.61228947 -7.68492105 -1.20257895]
-0.09	 -0.57	-0.03	-0.05	749_Y	[25.3155     -7.67296154 -0.05092308]
-0.3	 -0.96	0.1	0.44	749_Y	[24.47893182 -7.93247727  1.58763636]
0.13	 1.26	0.26	-0.52	750_I	[32.005625 -6.443625 -7.9405  ]
0.03	 0.14	-0.03	-0.05	750_I	[ 31.27156522  -5.90206522 -10.19841304]
0.07	 0.48	-0.03	-0.23	750_I	[32.74996774 -4.51964516 -8.25345161]
0.14	 1.38	0.14	-0.41	751_F	[30.50477778 -8.60488889 -9.137     ]
0.03	 0.29	-0.01	-0.11	751_F	[ 29.42417391  -9.49730435 -10.70291304]
0.02	 0.11	-0.1	-0.05	751_F	[ 26.47342857 -11.61742857  -9.56842857]
-0.02	 -0.28	-0.01	-0.05	751_F	[ 26.475125 -11.007625 -11.513625]
-0.18	 -0.9	0.05	0.27	751_F	[ 29.32234426 -11.88139344  -9.2527377 ]
0.13	 1.2	0.1	-0.36	752_D	[ 26.34   -11.3076  -8.0325]
-0.02	 -0.12	-0.12	0.01	752_D	[ 24.29253333 -11.29046667  -9.37493333]
0.03	 0.07	-0.09	-0.05	752_D	[22.95185714 -8.12928571 -8.37328571]
-0.02	 0.01	-0.02	-0.07	752_D	[22.20685714 -9.12447619 -9.83457143]
-0.21	 -0.89	0.0	0.29	752_D	[ 23.89646667 -10.47561667  -6.93486667]
0.12	 1.61	0.1	-0.33	753_A	[24.0505 -7.3248 -7.6448]
0.06	 -0.29	0.06	-0.15	753_A	[22.4192  -5.95    -9.44645]
0.19	 2.43	0.12	-0.36	753_A	[ 23.30647619  -4.71380952 -13.02290476]
0.08	 0.67	-0.05	-0.13	753_A	[23.181      -4.51148148 -7.96788889]
0.05	 -0.01	0.03	-0.2	754_K	[ 24.98494118  -5.88482353 -14.15235294]
0.03	 0.22	-0.13	-0.09	754_K	[ 25.94    -8.8579 -14.6413]
-0.22	 -0.52	-0.0	0.22	754_K	[ 24.08839394  -7.77424242 -15.65663636]
-0.03	 -0.07	-0.01	-0.01	754_K	[ 27.4535625   -8.1474375  -13.83134375]
-0.03	 -0.29	0.01	0.06	754_K	[ 27.39954545  -5.134      -14.36531818]
-0.13	 -0.42	-0.04	0.15	754_K	[ 29.65197143  -7.35514286 -13.69134286]
-0.12	 -0.33	-0.04	0.08	754_K	[ 30.23594872  -4.04520513 -13.78423077]
-0.26	 -1.0	0.13	0.41	754_K	[ 32.24298305  -5.49469492 -13.84694915]
0.12	 0.92	0.1	-0.32	755_Q	[ 25.848  -10.0689 -13.3656]
-0.14	 -0.71	-0.04	0.16	755_Q	[ 24.0554375 -10.5731875 -14.9734375]
0.01	 0.45	0.05	-0.17	755_Q	[ 21.69345455 -10.22081818 -13.448     ]
-0.21	 -0.67	0.07	0.31	755_Q	[ 21.276575 -10.260075 -15.026575]
-0.19	 -0.89	0.08	0.27	755_Q	[ 23.8517069  -12.02601724 -12.64262069]
0.17	 1.49	0.08	-0.35	756_C	[ 21.51688889  -9.79877778 -11.729     ]
-0.12	 -0.49	-0.03	0.18	756_C	[ 19.59088235  -9.05705882 -13.26505882]
-0.03	 -0.42	-0.07	0.04	756_C	[ 19.82981818  -7.44909091 -15.02672727]
-0.08	 -0.09	0.0	-0.01	756_C	[ 21.85587097  -6.18245161 -15.15151613]
-0.15	 -0.76	0.02	0.22	756_C	[ 19.74912698  -7.67988889 -10.96746032]
-0.06	 -0.23	-0.08	0.07	757_G	[ 18.68947368  -6.25757895 -13.20121053]
-0.26	 -1.22	0.13	0.3	757_G	[ 19.11278788  -4.66906061 -15.08545455]
0.0	 0.55	0.0	-0.07	757_G	[ 20.33675     -3.36195833 -13.83845833]
-0.17	 -0.61	-0.03	0.22	757_G	[ 20.00521053  -1.91986842 -14.929     ]
0.04	 0.41	-0.0	-0.16	758_R	[ 19.1574      -4.17273333 -11.75066667]
-0.11	 -0.53	-0.05	0.12	758_R	[ 19.203       -1.305      -11.76090909]
0.2	 1.71	0.13	-0.39	758_R	[ 22.66753846  -2.64384615 -13.11423077]
-0.04	 -0.2	-0.08	0.07	758_R	[19.8085     -3.0857963  -9.68561111]
0.11	 -1.14	0.07	-0.2	759_L	[ 20.52127273   0.03563636 -12.70545455]
0.05	 0.29	-0.06	-0.11	759_L	[ 23.605875    -1.253375   -13.90566667]
0.05	 0.12	-0.12	-0.08	759_L	[ 24.018125   2.230125 -13.279625]
0.02	 0.16	-0.04	-0.07	759_L	[ 25.33604545   1.61768182 -12.62759091]
-0.25	 -1.23	0.11	0.38	759_L	[ 22.80698462   0.91563077 -15.1408    ]
0.0	 0.14	-0.05	-0.08	760_D	[ 21.74157143   2.13714286 -12.39721429]
-0.07	 -0.34	-0.09	0.11	760_D	[ 23.90105882   3.68741176 -11.372     ]
0.2	 1.18	0.19	-0.45	760_D	[22.78835294  2.62664706 -7.82741176]
0.14	 0.93	-0.12	-0.12	760_D	[24.63946667  3.96526667 -8.74946667]
-0.21	 -0.93	-0.01	0.27	760_D	[ 21.76006522   4.39971739 -10.20721739]
-0.07	 0.03	-0.0	0.01	760_D	[20.255    2.90475 -9.88405]
0.02	 0.21	-0.04	-0.01	760_D	[ 19.71545455   0.93245455 -10.04095455]
-0.27	 -0.93	0.11	0.44	760_D	[19.52034146  3.32214634 -8.39609756]
0.16	 1.09	-0.01	-0.24	761_E	[23.7246  -0.815   -5.92885]
-0.08	 -0.08	-0.12	0.03	761_E	[21.80357143  0.88809524 -6.20371429]
-0.1	 -0.11	-0.02	0.11	761_E	[20.05663158 -1.53410526 -5.65731579]
-0.16	 -0.29	0.04	0.2	761_E	[21.1228     -2.98937778 -6.32271111]
-0.24	 -0.69	0.09	0.36	761_E	[18.77375    -0.61713636 -6.74086364]
0.14	 0.84	-0.05	-0.17	762_V	[ 26.60946154  -0.59253846 -12.56315385]
-0.06	 -0.34	-0.03	0.07	762_V	[ 28.69295349  -1.57348837 -12.56260465]
0.05	 0.22	-0.02	-0.13	762_V	[ 25.3106   -3.0876  -13.09785]
0.13	 1.01	0.08	-0.34	763_E	[ 27.42484615   1.06776923 -11.48361538]
-0.01	 0.02	-0.06	-0.05	763_E	[ 29.32468421   1.64573684 -10.59868421]
0.12	 0.89	-0.05	-0.16	763_E	[28.396       4.03053846 -7.72223077]
0.06	 0.48	-0.07	-0.17	763_E	[30.314       3.45558621 -8.05506897]
-0.19	 -1.0	0.07	0.31	763_E	[ 27.47915      3.92408333 -10.6999    ]
0.13	 1.46	0.14	-0.42	764_V	[27.14325   3.916    -7.623125]
0.18	 0.98	0.06	-0.26	764_V	[27.6578  4.2113 -6.2188]
0.08	 0.58	-0.06	-0.19	764_V	[28.95974074  2.52037037 -3.47933333]
0.14	 1.37	0.25	-0.51	764_V	[24.198       1.71042857 -5.29057143]
-0.12	 -0.56	0.02	0.17	764_V	[25.74748649  2.03878378 -3.51074324]
-0.22	 -0.93	-0.03	0.32	764_V	[24.75423214  4.20589286 -5.79623214]
0.24	 1.65	0.28	-0.52	765_L	[28.52907143 -0.245      -3.46428571]
0.21	 0.98	0.01	-0.26	765_L	[25.54825   -1.1344375 -4.9160625]
0.04	 0.25	-0.07	-0.11	765_L	[24.74020833 -3.77229167 -5.51066667]
-0.07	 -0.21	-0.07	0.05	765_L	[26.88408621 -2.58441379 -2.6107931 ]
0.27	 1.39	0.44	-0.65	766_T	[35.01285 -0.3475  -7.19625]
0.06	 0.84	-0.01	-0.22	766_T	[31.44847059  1.41217647 -9.69788235]
0.04	 0.41	0.02	-0.17	766_T	[ 31.0834      -1.49063333 -10.33996667]
-0.08	 -0.33	-0.04	0.03	766_T	[33.619    -0.130625 -9.997625]
0.15	 1.74	0.18	-0.45	767_E	[34.05658333  4.15133333 -5.94825   ]
0.16	 2.07	0.19	-0.45	767_E	[34.92406667  4.1748     -3.91466667]
0.04	 0.37	-0.13	-0.05	767_E	[31.3505     4.8518125 -6.7280625]
-0.13	 -0.46	0.02	0.09	767_E	[32.88948148  5.90340741 -5.22562963]
-0.02	 -0.25	-0.01	-0.03	767_E	[30.88863889  5.64786111 -3.46027778]
-0.31	 -0.35	-0.08	0.23	767_E	[29.04997619  5.78452381 -4.73671429]
-0.26	 -0.77	0.12	0.32	767_E	[31.28025806  7.16487097 -2.34280645]
0.18	 1.47	0.14	-0.41	768_N	[31.09208333  2.846      -3.00575   ]
0.12	 1.91	0.1	-0.37	768_N	[31.82754545  2.85481818 -2.13181818]
0.01	 0.2	-0.01	-0.13	768_N	[30.2740625   0.41184375 -1.745     ]
-0.12	 -0.42	-0.09	0.15	768_N	[30.36208333 -0.45041667  0.23441667]
0.06	 0.39	-0.04	-0.14	768_N	[31.90726316 -1.68268421  1.17626316]
-0.12	 -0.32	0.07	0.15	768_N	[32.21472727  1.28001818  1.01243636]
0.14	 0.79	0.02	-0.32	769_L	[36.8414375 -1.7039375 -6.155875 ]
-0.04	 -0.12	-0.07	0.02	769_L	[35.52644643 -3.63857143 -7.762625  ]
0.16	 1.05	0.15	-0.38	770_R	[37.99676923  0.22038462 -5.80215385]
0.11	 0.71	-0.02	-0.19	770_R	[38.19921429  3.45978571 -3.58635714]
0.01	 -0.21	-0.14	0.02	770_R	[39.754    2.2631  -4.01015]
-0.06	 -0.26	-0.03	0.03	770_R	[36.77446154  3.673      -5.38192308]
-0.15	 -0.68	-0.21	0.21	770_R	[37.23396429  0.91878571 -7.54460714]
-0.11	 -0.58	0.05	0.16	770_R	[37.17178723  4.17487234 -7.78638298]
-0.13	 -0.6	-0.02	0.13	770_R	[ 36.8085       2.6124     -10.08183333]
-0.17	 -0.76	-0.02	0.21	770_R	[ 35.523    4.7875 -10.3338]
-0.12	 -0.21	-0.02	0.07	770_R	[33.47204255  4.27174468 -8.63002128]
-0.24	 -1.23	0.13	0.36	770_R	[ 34.5339375   3.0813125 -11.5620625]
0.04	 0.49	-0.19	-0.13	771_E	[38.25455  3.94935 -1.4289 ]
0.13	 0.72	-0.07	-0.2	771_E	[37.21494444  1.44205556  1.16894444]
0.06	 0.71	-0.08	-0.19	771_E	[38.97575  3.12415  0.63075]
-0.04	 -0.39	0.02	-0.02	771_E	[35.64390909  3.03109091  0.58872727]
-0.16	 -0.74	-0.0	0.19	771_E	[36.30478571  5.36190476 -1.48445238]
-0.13	 -0.54	0.01	0.12	771_E	[34.0995625  5.9859375 -0.2136875]
-0.09	 -0.03	-0.01	0.0	771_E	[32.65294595  4.03959459 -0.42837838]
-0.16	 -0.19	0.01	0.13	771_E	[34.09060714  6.48571429 -2.40932143]
0.15	 1.58	0.09	-0.38	772_L	[37.6698  0.228   1.7358]
-0.06	 0.2	-0.09	0.02	772_L	[35.3985493  -1.37325352  2.62156338]
0.14	 1.46	0.11	-0.41	773_K	[42.39042857 -2.69171429 -2.07542857]
0.07	 0.58	0.0	-0.19	773_K	[42.86291667  0.26933333 -3.04125   ]
-0.02	 0.2	-0.12	-0.09	773_K	[43.62103571 -1.43557143 -2.04607143]
-0.02	 -0.36	-0.02	0.06	773_K	[41.43793333 -1.0586     -4.46043333]
0.01	 0.4	-0.11	-0.06	773_K	[41.34611111 -3.78422222 -3.59738889]
-0.08	 -0.17	-0.04	0.06	773_K	[39.7404   -1.95085  -6.221675]
-0.06	 -0.32	0.04	-0.02	773_K	[40.55583333 -5.206875   -5.36620833]
-0.2	 -0.87	0.03	0.28	773_K	[39.82849091 -4.39550909 -7.99967273]
0.15	 0.9	0.03	-0.27	774_H	[41.43054545  1.33136364 -3.264     ]
0.05	 -0.48	-0.02	-0.1	774_H	[43.38664286  2.10207143 -2.40164286]
-0.09	 -0.15	-0.09	0.0	774_H	[40.70251515  3.80466667 -2.07327273]
-0.11	 0.43	-0.07	0.12	774_H	[41.16628571  5.61985714 -1.26771429]
0.01	 0.19	0.02	-0.12	774_H	[41.64442857  4.77474286  1.3588    ]
-0.08	 -0.41	0.08	0.13	774_H	[43.61444681  5.36853191 -2.30834043]
-0.18	 -0.8	-0.04	0.23	774_H	[43.00054286  7.0482      1.20537143]
-0.12	 -0.05	0.01	0.15	774_H	[44.59096774  7.16796774 -0.80593548]
0.16	 1.19	0.06	-0.31	775_T	[39.36173333 -0.04393333  3.8136    ]
-0.09	 -0.05	0.05	0.05	775_T	[39.86020408  2.47128571  3.11710204]
-0.02	 -0.3	-0.12	-0.05	775_T	[41.17173171  1.40568293  5.6742439 ]
0.11	 1.34	0.31	-0.56	776_L	[44.180125 -2.918625 -0.816625]
0.14	 0.97	-0.07	-0.2	776_L	[45.68325   -3.681     -0.2698125]
-0.07	 -0.25	-0.03	0.07	776_L	[43.93935088 -5.40187719 -1.22880702]
0.13	 0.96	0.05	-0.3	777_A	[45.08963636 -1.86227273 -0.85681818]
-0.03	 -0.06	-0.12	-0.05	777_A	[47.18913043 -1.78704348 -0.53504348]
0.21	 1.38	0.17	-0.41	777_A	[ 4.92660556e+01  1.47777778e-02 -1.08000000e-01]
-0.06	 -0.25	0.06	0.03	777_A	[46.61490541  0.91578378 -2.08667568]
0.18	 1.1	0.12	-0.37	778_K	[46.8676  1.8308  5.406 ]
-0.01	 -0.62	-0.06	0.04	778_K	[49.09815385  1.99542308  5.17711538]
0.01	 0.03	0.02	-0.09	778_K	[46.92472414  3.77341379  5.29913793]
-0.01	 0.36	-0.05	-0.13	778_K	[45.31815385  6.31469231  4.67369231]
0.02	 0.38	0.11	-0.18	778_K	[43.65302326  3.68434884  5.3065814 ]
-0.31	 -0.98	0.02	0.45	778_K	[42.67901818  5.5312      5.80485455]
-0.07	 -0.16	-0.08	0.05	779_Q	[47.362875  0.21775   6.523125]
-0.1	 -0.22	0.03	0.12	779_Q	[49.67818966 -1.82239655  5.9467931 ]
0.06	 0.62	0.06	-0.19	779_Q	[46.85646667 -2.68526667  6.61993333]
-0.03	 0.1	0.03	-0.07	779_Q	[45.15987879  0.39733333  6.76269697]
-0.04	 -0.16	-0.04	0.01	779_Q	[44.71946154 -1.91738462  8.47546154]
0.1	 -0.18	0.05	-0.17	779_Q	[45.36435294 -4.00335294  7.30247059]
-0.03	 -0.07	0.04	-0.03	779_Q	[42.57166667 -0.15919048  7.77385714]
-0.03	 0.13	-0.13	0.05	780_K	[50.76164286 -3.17957143  4.01557143]
-0.01	 0.06	-0.1	0.02	780_K	[51.94315385 -1.12630769  4.38107692]
-0.2	 -0.57	0.03	0.3	780_K	[52.76344737 -1.60647368  2.03834211]
0.0	 -0.11	-0.12	0.02	780_K	[50.41602857 -2.59397143  0.73554286]
0.04	 -0.0	0.02	-0.17	780_K	[49.8131  -4.77655  3.20875]
-0.12	 -0.76	0.07	0.13	780_K	[48.81868421 -4.64205263 -0.17265789]
-0.12	 -0.37	-0.07	0.19	780_K	[47.62622581 -6.90951613  0.10754839]
-0.24	 -0.8	0.11	0.29	780_K	[49.75334043 -7.67497872  2.00074468]
0.09	 1.13	0.02	-0.35	781_G	[50.90615385  0.27038462  4.78384615]
-0.11	 -0.62	-0.08	0.19	781_G	[52.29568085  1.64208511  3.97904255]
0.04	 0.51	-0.01	-0.18	781_G	[52.9433125  1.6963125  1.8141875]
-0.21	 -0.77	0.09	0.32	781_G	[53.522475  3.335075  1.61125 ]
0.09	 -0.05	-0.07	-0.25	782_G	[51.46244444 -0.14888889  0.52911111]
-0.18	 -0.93	-0.01	0.28	782_G	[51.79797727  1.28427273 -1.06115909]
0.15	 1.04	-0.01	-0.26	782_G	[51.27048  3.45484 -0.94052]
-0.23	 -0.97	0.05	0.29	782_G	[52.1241  4.3713 -2.0172]
-0.04	 0.25	-0.05	-0.04	783_T	[51.02233333  6.14180952 -0.32595238]
-0.03	 -0.14	-0.13	-0.01	783_T	[51.12593333  5.89593333  2.2938    ]
0.07	 0.75	-0.02	-0.14	783_T	[50.18396154  4.66792308  3.36938462]
-0.02	 -0.11	-0.05	-0.04	783_T	[47.78295833  6.93979167 -0.61916667]
-0.18	 -0.55	-0.01	0.22	783_T	[48.02590625  4.92484375 -2.553125  ]
-0.02	 -0.43	-0.18	0.05	784_D	[50.72628571  7.40371429  1.156     ]
-0.04	 -0.12	-0.04	-0.12	784_D	[48.74721053  6.94105263  4.38078947]
-0.02	 0.24	-0.07	-0.09	784_D	[46.67137931  7.95572414  2.18831034]
-0.22	 -0.93	0.05	0.3	784_D	[46.49921053  8.682       4.13576316]
-0.2	 -0.95	0.06	0.29	784_D	[50.30334146  8.75170732  4.2475122 ]
-0.08	 -0.42	-0.08	0.1	784_D	[49.6999     10.28473333  2.31873333]
-0.17	 -0.67	-0.01	0.22	784_D	[49.11778049  9.43860976  0.65412195]
-0.29	 -1.12	0.21	0.47	784_D	[50.595      11.49617073  2.98585366]
