-0.22	 -0.96	0.06	0.31	0_H	[  1.65070588  25.87284314 -19.50619608]
-0.13	 -0.58	-0.09	0.12	0_H	[  3.25027778  26.48233333 -17.35605556]
0.03	 0.01	-0.09	-0.02	0_H	[  4.79609091  25.556      -19.40681818]
-0.18	 -0.63	0.0	0.18	0_H	[  4.19402703  23.05978378 -19.33016216]
0.08	 0.64	0.06	-0.23	0_H	[  1.90447059  23.67670588 -16.94423529]
-0.03	 -0.16	-0.07	-0.06	0_H	[  1.65439286  26.53132143 -15.49103571]
-0.13	 -0.51	-0.05	0.15	0_H	[ -1.03995122  24.25339024 -17.52395122]
-0.18	 -0.92	0.04	0.22	0_H	[ -0.8748913   27.19684783 -15.1573913 ]
-0.18	 -0.53	0.02	0.21	0_H	[ -2.4130303   25.58472727 -15.95654545]
-0.04	 -0.38	-0.06	0.02	1_M	[  5.06915  25.8857  -16.8738 ]
0.13	 1.36	0.36	-0.6	1_M	[  6.3107  22.9815 -18.965 ]
0.06	 0.4	0.02	-0.16	1_M	[  7.19068966  24.50765517 -14.874     ]
-0.17	 -0.88	0.04	0.24	1_M	[  7.20613333  26.55313333 -17.977     ]
-0.01	 0.01	-0.0	-0.06	1_M	[  9.57033333  25.66966667 -17.67787879]
0.14	 1.1	0.05	-0.3	1_M	[  8.63115625  23.0831875  -20.22421875]
-0.24	 -0.9	0.01	0.32	1_M	[  7.97015873  25.16311111 -21.31801587]
0.2	 1.27	0.18	-0.45	2_V	[  6.28505882  21.71688235 -18.41917647]
0.04	 0.25	-0.13	-0.03	2_V	[  4.62094118  19.34532353 -17.88935294]
0.12	 0.58	-0.08	-0.16	3_T	[  9.87746667  23.24506667 -11.3976    ]
-0.07	 -0.23	0.03	0.07	3_T	[  9.91351613  24.37474194 -13.76725806]
0.05	 0.14	-0.02	-0.17	3_T	[ 12.82941935  23.34719355 -12.32764516]
0.14	 0.55	0.04	-0.3	5_Y	[14.21022222 15.95075    -7.15275   ]
0.11	 0.95	-0.03	-0.27	5_Y	[13.36110714 18.50482143 -6.34035714]
0.21	 1.34	0.43	-0.65	5_Y	[12.3073125 19.8680625 -5.70575  ]
0.17	 1.64	0.12	-0.41	5_Y	[ 9.7441 23.2096 -6.819 ]
0.26	 0.59	0.01	-0.25	5_Y	[ 13.23072727  24.09809091 -10.038     ]
-0.02	 -0.06	-0.02	-0.05	5_Y	[10.9654     24.67843636 -8.17823636]
0.21	 1.18	0.09	-0.35	6_T	[ 18.65042857  14.499      -10.79566667]
0.1	 0.47	-0.02	-0.26	6_T	[ 19.293875    17.13258333 -11.714375  ]
0.1	 0.23	0.0	-0.15	7_S	[20.07617143 13.02691429 -9.3618    ]
0.19	 1.47	0.23	-0.5	7_S	[20.08107692 13.89884615 -4.36423077]
0.18	 0.99	0.07	-0.34	7_S	[16.87965385 15.14038462 -4.93246154]
-0.01	 0.14	-0.02	-0.01	8_P	[22.70275   13.451625  -8.9920625]
0.08	 1.51	0.36	-0.6	8_P	[23.54171429 11.57071429 -5.546     ]
0.05	 0.62	0.03	-0.24	8_P	[21.67151724 11.44706897 -4.92127586]
-0.19	 -0.9	0.01	0.25	8_P	[24.90509302 13.78939535 -7.17818605]
-0.16	 -0.84	0.03	0.16	8_P	[23.9334375  14.60633333 -5.03220833]
0.14	 1.61	0.17	-0.43	8_P	[22.373      15.34230769 -5.71323077]
0.01	 -0.23	-0.02	0.01	9_S	[23.17030435 11.12208696 -8.82482609]
-0.15	 -0.51	3.97	0.61	9_S	[22.84082759  8.61510345 -8.85193103]
-0.02	 -0.26	-0.25	0.1	9_S	[21.18326667  7.39113333 -7.90246667]
-0.1	 -0.03	-0.1	0.09	9_S	[20.98231579  7.78765789 -5.81115789]
-0.14	 -0.64	0.03	0.14	9_S	[23.86396296  8.89975926 -5.75898148]
-0.27	 -0.87	0.09	0.41	9_S	[25.65830952  9.74692857 -6.75197619]
0.1	 0.5	-0.2	-0.15	10_C	[20.78369444  8.99022222 -9.55188889]
0.13	 1.47	0.13	-0.45	10_C	[18.4281   7.99345 -6.67355]
0.18	 1.77	0.13	-0.4	10_C	[ 18.98321053  10.15573684 -10.17047368]
0.16	 1.6	0.09	-0.34	10_C	[16.61392857  8.78907143 -6.63578571]
0.07	 0.66	0.24	-0.21	11_T	[18.71367347  6.70197959 -8.08712245]
0.2	 1.44	0.27	-0.52	11_T	[ 16.88642105   5.91621053 -12.49278947]
-0.17	 -0.64	0.01	0.22	11_T	[16.91126316  4.43557895 -8.09226316]
-0.17	 -0.59	0.11	0.36	11_T	[19.44382857  4.2112     -8.73111429]
-0.09	 -0.34	-0.05	0.04	11_T	[ 16.55221311   3.42227869 -10.73118033]
-0.03	 -0.06	-0.16	-0.05	12_S	[15.14115385  6.02915385 -8.37423077]
0.2	 0.88	0.06	-0.3	12_S	[13.50583333  5.77916667 -9.94477778]
-0.13	 -0.37	0.04	0.18	12_S	[12.67        6.82766667 -7.646     ]
0.04	 0.18	0.02	-0.1	12_S	[14.62404348  8.18526087 -6.53647826]
0.19	 1.08	0.06	-0.33	13_C	[ 17.78782759  11.98375862 -11.26655172]
0.15	 1.24	0.38	-0.63	14_R	[ 17.563        9.56428571 -15.54414286]
0.11	 0.72	0.07	-0.26	14_R	[ 15.92684615   7.09223077 -15.32130769]
-0.03	 0.06	-0.12	-0.05	14_R	[ 16.39945   9.0467  -16.64065]
-0.02	 -0.39	-0.08	0.05	14_R	[ 17.79051613   7.56787097 -14.7786129 ]
0.05	 0.55	-0.11	-0.1	14_R	[ 19.59258974  10.12941026 -12.92320513]
-0.13	 -0.43	0.0	0.48	14_R	[ 20.9414902    8.30458824 -13.22396078]
0.08	 0.92	0.03	-0.25	14_R	[ 18.92842857   5.8092381  -13.02052381]
0.0	 0.39	-0.18	0.03	14_R	[ 21.04795238   6.08240476 -11.65478571]
-0.24	 -1.17	1.52	0.52	14_R	[ 22.75814815   5.782      -12.7272037 ]
-0.26	 -0.76	-0.01	0.27	14_R	[ 20.39997436   3.84120513 -11.57246154]
-0.04	 0.28	-0.13	-0.01	15_K	[ 13.95653333   6.3982     -15.93146667]
0.16	 1.54	0.08	-0.28	15_K	[ 11.6486    6.99784 -16.62056]
0.05	 0.66	-0.04	-0.2	15_K	[ 12.02564706   5.25529412 -14.79870588]
-0.02	 0.04	-0.12	0.01	15_K	[ 14.79046875   4.71128125 -14.36346875]
-0.02	 -0.05	-0.05	-0.06	15_K	[ 12.36383784   3.80759459 -12.18143243]
-0.22	 -0.99	0.03	0.29	15_K	[ 13.78286486   1.92656757 -11.633     ]
-0.25	 -1.14	0.17	0.41	15_K	[ 14.77278431   1.82421569 -14.05658824]
0.15	 1.25	0.05	-0.37	17_R	[ 16.21354545  11.65781818 -18.85554545]
-0.05	 -0.06	-0.04	-0.01	17_R	[ 17.67325     12.85666071 -18.376     ]
0.06	 0.25	-0.08	-0.07	17_R	[ 19.04857143  14.96485714 -16.97128571]
-0.1	 -0.6	-0.02	0.13	17_R	[ 20.08983333  13.72016667 -16.19233333]
-0.09	 -0.22	-0.04	0.09	17_R	[ 19.41334783  11.35693478 -15.81373913]
-0.04	 -0.05	-0.06	0.01	17_R	[ 19.37184444  13.62733333 -13.47877778]
0.19	 1.52	0.12	-0.38	18_A	[ 15.7645      10.11033333 -17.92266667]
0.05	 0.6	0.01	-0.2	18_A	[ 15.00939394   9.73854545 -20.10584848]
0.19	 1.42	0.23	-0.49	18_A	[ 13.509        9.45233333 -21.80158333]
-0.14	 -0.49	-0.0	0.12	18_A	[ 14.59983333   7.1517     -18.99146667]
0.17	 2.15	0.17	-0.4	19_W	[ 11.7247   7.4847 -19.1307]
0.18	 1.42	0.11	-0.34	19_W	[ 10.34308333   7.38475    -18.91975   ]
0.17	 1.68	0.09	-0.35	19_W	[  9.952        7.23881818 -17.80572727]
-0.01	 0.51	-0.28	-0.03	19_W	[  7.91735714   6.09039286 -19.01710714]
0.11	 0.88	0.05	-0.29	19_W	[  4.88914706   6.53376471 -18.79817647]
0.13	 0.08	0.0	-0.23	21_E	[ 11.46754167  14.30745833 -23.184375  ]
0.08	 0.35	-0.14	-0.09	21_E	[ 12.9553  11.1523 -24.4768]
-0.07	 -0.08	-0.01	0.04	21_E	[ 11.37510345  12.0302069  -25.82572414]
-0.05	 -0.2	-0.03	0.06	21_E	[ 14.1237931   11.60889655 -23.23306897]
-0.01	 0.47	-0.05	-0.02	21_E	[ 13.96125     14.84025    -22.63241667]
-0.07	 -0.07	-0.0	-0.03	21_E	[ 16.52752632  13.61389474 -22.58889474]
-0.15	 -0.25	-0.07	0.22	21_E	[ 16.83644898  11.98691837 -21.4865102 ]
-0.16	 -0.48	0.09	0.27	21_E	[ 16.65516279  15.25530233 -21.59376744]
0.14	 1.38	0.15	-0.42	22_E	[ 12.906625  10.132    -23.832625]
-0.06	 -0.37	-0.1	0.05	22_E	[ 11.58689474   9.21784211 -25.36610526]
0.06	 1.31	0.29	-0.52	22_E	[ 10.41833333  10.27166667 -26.069     ]
-0.09	 -0.18	0.02	0.08	22_E	[  8.6345283    9.35735849 -25.97696226]
-0.01	 -0.04	-0.06	0.01	22_E	[  9.58866667   7.23838095 -23.94347619]
-0.21	 -1.11	0.06	0.27	22_E	[ 12.86280645   7.49116129 -23.96922581]
-0.1	 -0.13	-0.02	0.05	22_E	[ 12.00377273   5.57559091 -22.47827273]
-0.13	 -0.18	0.02	0.1	22_E	[ 10.441625   5.978975 -21.28725 ]
-0.19	 -0.59	0.01	0.24	22_E	[ 13.7465122    6.0377561  -21.71870732]
-0.04	 0.31	-0.09	0.01	23_H	[  6.20264286  10.51735714 -25.22592857]
0.05	 0.5	-0.01	-0.19	23_H	[  6.95658333  11.80475    -26.28558333]
-0.02	 0.07	-0.04	-0.03	23_H	[  5.233       13.22984375 -25.00215625]
0.17	 2.08	-0.01	-0.26	23_H	[  5.052   10.8779 -24.1232]
-0.06	 -0.26	-0.02	0.08	23_H	[  4.54979167   8.833375   -23.91291667]
-0.13	 -0.35	-0.04	0.14	23_H	[  4.87084746   6.82389831 -22.82438983]
0.01	 0.06	-0.06	-0.03	23_H	[  7.1956087    6.44447826 -21.51513043]
0.06	 -0.0	0.01	-0.11	24_E	[  9.9048  14.9021 -25.2181]
-0.01	 0.29	-0.01	-0.14	24_E	[  8.96042857  16.47564286 -25.09728571]
-0.08	 -0.38	-0.03	0.09	24_E	[  6.69411111  16.82447222 -25.43286111]
-0.13	 -0.64	-0.13	0.11	24_E	[  7.56253125  15.1954375  -27.419375  ]
-0.08	 -0.27	-0.11	0.04	24_E	[  9.38686842  12.71934211 -27.7665    ]
-0.15	 -0.79	-0.1	0.14	24_E	[  8.47659259  13.52181481 -29.64496296]
-0.28	 -1.03	0.17	0.44	24_E	[  6.6709    12.973725 -29.478   ]
-0.29	 -1.03	0.21	0.47	24_E	[  9.70470732  13.77841463 -30.51892683]
0.14	 0.52	-0.17	-0.07	25_I	[  9.13783333  17.44016667 -23.89316667]
0.11	 0.6	0.01	-0.19	25_I	[ 10.14845833  16.23904167 -22.769375  ]
0.07	 0.49	-0.05	-0.15	25_I	[  4.94423333  17.60526667 -20.39653333]
0.05	 0.38	-0.19	-0.02	25_I	[  3.96785714  15.73014286 -23.06664286]
0.1	 1.42	0.24	-0.5	26_P	[  8.51988889  18.24588889 -24.16344444]
-0.05	 -0.48	0.0	0.05	26_P	[  9.96711111  19.27916667 -23.24705556]
0.2	 1.39	0.13	-0.34	26_P	[  6.97804348  20.34352174 -20.04047826]
-0.09	 -0.29	-0.04	0.05	26_P	[  8.22931707  21.93309756 -22.82097561]
-0.24	 -1.06	0.1	0.35	26_P	[  6.97880435  20.7398913  -24.82495652]
-0.13	 -0.55	-0.02	0.12	26_P	[  5.61733333  18.9595     -23.23494444]
0.06	 0.7	-0.05	-0.13	27_F	[ 10.69805556  20.97216667 -21.53311111]
0.13	 1.26	0.25	-0.52	27_F	[ 11.56541667  22.32266667 -20.11208333]
-0.1	 -0.42	-0.01	0.11	27_F	[ 13.20243182  20.66775    -20.23931818]
0.12	 0.57	-0.01	-0.22	27_F	[ 11.7181875  18.223875  -21.3420625]
0.11	 0.83	0.04	-0.27	27_F	[ 14.6097619   18.52228571 -18.32838095]
0.02	 -0.07	-0.03	-0.04	27_F	[ 13.06028  16.63364 -21.35032]
0.1	 0.53	0.01	-0.16	27_F	[ 15.02356522  16.89669565 -19.4896087 ]
0.02	 0.77	-0.05	-0.11	28_V	[ 14.43211765  21.66976471 -18.46594118]
-0.18	 -0.83	-0.07	0.21	28_V	[ 14.66226667  24.1638     -16.82026667]
-0.19	 -0.84	0.04	0.26	28_V	[ 12.95272727  24.81965455 -19.01412727]
-0.05	 -0.02	0.03	0.02	28_V	[ 12.791       24.53084211 -15.37010526]
0.03	 0.17	0.02	-0.12	29_E	[ 15.35740909  21.02868182 -17.22486364]
0.19	 1.33	0.09	-0.37	29_E	[ 15.88731579  21.85136842 -14.01852632]
-0.23	 -0.42	-0.02	0.24	29_E	[ 17.26052632  22.40626316 -14.93597368]
0.04	 -0.21	-0.09	0.0	29_E	[ 16.89615789  19.47084211 -16.78331579]
0.07	 0.45	-0.01	-0.16	29_E	[ 18.45916667  18.98188889 -14.06772222]
-0.1	 -0.48	0.03	0.04	29_E	[ 19.01188235  17.57894118 -16.16411765]
-0.1	 -0.08	0.07	0.11	29_E	[ 19.64758333  16.649125   -14.80258333]
-0.04	 -0.02	0.01	0.04	29_E	[ 17.40978125  16.66803125 -17.75009375]
0.16	 0.83	0.01	-0.23	30_R	[ 18.75878571  21.23185714 -12.91578571]
0.05	 0.32	-0.0	-0.18	30_R	[ 16.73255882  23.41070588 -12.22908824]
0.06	 -0.04	-0.02	-0.09	30_R	[ 15.91391304  24.73282609 -10.79178261]
0.01	 0.07	-0.03	-0.12	30_R	[17.11977778 26.91344444 -8.90183333]
-0.07	 -0.34	0.01	0.12	30_R	[14.63911111 26.53255556 -9.39996296]
-0.0	 0.06	0.03	-0.06	30_R	[17.47758333 27.49395833 -7.05379167]
0.1	 0.69	-0.02	-0.19	31_N	[ 19.65195652  20.4273913  -11.68965217]
-0.03	 -0.31	-0.02	0.03	31_N	[ 21.60584375  19.6840625  -10.833125  ]
0.11	 1.66	0.12	-0.37	31_N	[23.2515 17.7665 -7.949 ]
0.18	 1.71	0.17	-0.41	31_N	[23.11392308 18.15853846 -7.05376923]
-0.08	 0.01	0.01	-0.02	31_N	[22.40640741 16.57707407 -9.57581481]
0.23	 1.2	0.12	-0.37	32_I	[20.47779167 22.1745     -2.82245833]
0.03	 0.57	-0.13	-0.1	32_I	[15.53786207 17.60377586 -3.91094828]
0.19	 0.31	0.02	-0.26	33_F	[22.21428571 21.20078571 -3.23371429]
0.14	 0.76	-0.01	-0.25	33_F	[24.5595 20.1652 -5.8549]
-0.15	 -0.29	-0.0	0.1	33_F	[24.44875556 21.88013333 -4.36102222]
-0.06	 0.04	-0.06	0.02	33_F	[23.85465517 18.11455172 -4.95168966]
0.21	 0.65	-0.24	-0.1	33_F	[23.08588889 16.56522222 -3.30211111]
0.12	 1.53	0.19	-0.46	33_F	[22.11566667 15.93916667 -3.1045    ]
-0.11	 -0.46	0.05	0.03	33_F	[23.03389796 18.43942857 -1.73842857]
-0.0	 0.53	-0.12	-0.11	33_F	[19.90808108 15.50324324 -2.59148649]
-0.18	 -0.88	0.03	0.22	33_F	[22.1095     17.49446875  0.22503125]
-0.13	 -0.28	-0.03	0.04	33_F	[20.90566667 15.80895833 -0.464375  ]
-0.1	 -0.26	-0.04	0.1	34_S	[25.35391667 21.97033333 -6.96891667]
0.13	 1.22	0.48	-0.74	34_S	[23.9675   23.87225  -5.565375]
-0.15	 -0.39	-0.0	0.22	34_S	[24.49786364 24.85197727 -7.3       ]
-0.11	 -0.83	0.01	0.12	34_S	[24.06702857 22.08297143 -9.71065714]
-0.18	 -0.73	0.06	0.26	34_S	[24.84883784 19.71037838 -8.69583784]
0.05	 0.58	-0.02	-0.1	35_E	[22.00375    26.32783333 -7.60325   ]
0.12	 1.83	0.11	-0.34	35_E	[20.00707692 26.52307692 -6.55669231]
0.06	 -0.01	-0.03	-0.06	35_E	[19.91782353 26.56729412 -8.735     ]
-0.12	 -0.6	-0.03	0.17	35_E	[22.71403704 25.74007407 -9.94414815]
-0.1	 -0.04	0.02	0.02	35_E	[ 21.00247619  25.59414286 -12.00647619]
-0.22	 -0.69	0.02	0.29	35_E	[ 19.586     26.404175 -11.521375]
-0.15	 -0.22	0.05	0.14	35_E	[ 21.16720408  23.64940816 -12.13834694]
-0.05	 -0.1	-0.06	0.04	36_P	[18.4009     27.658      -4.57023333]
-0.09	 0.0	0.04	-0.03	36_P	[20.12282979 25.77842553 -1.87176596]
-0.18	 -0.39	-0.02	0.26	36_P	[22.75614 25.13344 -2.84312]
-0.07	 -0.49	0.02	0.03	36_P	[22.61697778 26.1918     -5.03511111]
0.16	 1.51	0.2	-0.45	37_L	[17.7358 27.2069 -2.247 ]
0.18	 1.8	0.07	-0.33	37_L	[17.68253333 27.11853333 -1.12546667]
0.2	 1.5	0.29	-0.53	37_L	[13.3797037  20.40218519 -4.42574074]
-0.0	 0.26	-0.09	-0.03	38_S	[16.66210526 28.76905263 -1.46742105]
-0.17	 -0.84	0.05	0.25	38_S	[15.24976596 30.66685106 -2.56587234]
0.04	 0.37	-0.07	-0.04	38_S	[13.1001875 30.6926875 -3.828125 ]
0.1	 1.05	0.02	-0.24	39_I	[14.62868421 30.00105263  0.32768421]
-0.02	 -0.41	-0.09	0.07	39_I	[12.62126316 31.44652632  1.44542105]
-0.15	 -0.55	-0.01	0.16	39_I	[14.42386364 30.5905      3.30852273]
-0.05	 0.06	1.03	0.13	39_I	[10.77690476 30.92502381  3.38233333]
0.16	 1.2	0.1	-0.39	39_I	[13.44773529 29.23752941  5.18570588]
0.14	 1.3	0.08	-0.3	40_D	[12.1741 31.2769 -0.8681]
0.19	 1.56	0.27	-0.52	40_D	[ 9.57664286 29.62528571 -4.06292857]
-0.08	 -0.2	-0.16	0.08	40_D	[10.7219     31.67863333 -3.1881    ]
-0.08	 -0.18	-0.19	0.07	40_D	[ 9.80193103 32.94486207 -1.1727931 ]
-0.09	 0.05	0.06	0.04	40_D	[ 8.2456875  32.9109375  -0.39934375]
-0.29	 -1.3	0.21	0.47	40_D	[10.60665854 34.23519512 -1.79073171]
0.11	 1.26	0.06	-0.33	41_E	[10.0676875 26.8356875 -5.4309375]
0.22	 1.06	0.04	-0.33	41_E	[ 9.43727273 25.24595455 -5.07277273]
0.12	 1.61	0.16	-0.44	41_E	[10.8824 26.6464 -5.9258]
-0.05	 -0.23	-0.12	0.06	41_E	[11.43378788 28.69939394 -6.18875758]
-0.02	 -0.2	-0.02	0.02	41_E	[14.425375  29.4958125 -6.0063125]
0.18	 0.67	0.03	-0.24	41_E	[15.84784615 28.52707692 -5.08438462]
-0.15	 -0.69	0.08	0.22	41_E	[13.7802973  28.53008108 -8.01035135]
0.15	 1.27	0.15	-0.38	43_K	[ 4.06695652 26.16852174  0.06143478]
-0.01	 0.24	-0.11	-0.05	43_K	[ 4.25741176 28.74767647 -0.44352941]
-0.16	 -0.67	0.02	0.17	43_K	[ 4.79504651 30.43081395  1.84497674]
-0.14	 -0.51	0.03	0.1	43_K	[ 5.84187179 31.63889744 -0.36674359]
0.06	 0.57	0.04	-0.17	43_K	[ 8.13777273 31.4535      2.11818182]
0.07	 0.55	-0.07	-0.16	44_Q	[ 6.10872917 25.869625   -6.07691667]
-0.12	 -0.11	-0.09	0.09	44_Q	[ 7.88215625 28.35634375 -5.90025   ]
0.02	 0.44	0.08	-0.24	44_Q	[ 5.3653913  29.65913043 -5.18378261]
0.07	 0.21	0.04	-0.1	44_Q	[ 4.31142105 29.59005263 -3.70531579]
-0.14	 -0.28	0.04	0.19	44_Q	[ 6.6745283  31.07892453 -4.40720755]
0.17	 1.59	0.25	-0.49	45_I	[ 8.76566667 23.38866667 -5.44741667]
0.11	 0.74	-0.11	-0.15	46_L	[ 1.95942857 23.97642857  0.34428571]
0.08	 0.98	0.01	-0.12	46_L	[ 0.6251  22.46215 -0.06725]
0.17	 1.44	0.09	-0.34	46_L	[ 3.76283333 24.62727778  1.26011111]
0.01	 0.03	-0.04	-0.07	46_L	[ 2.19745455 22.5075      2.18063636]
0.14	 1.1	0.16	-0.47	46_L	[ 2.74218182 20.98763636  3.86818182]
0.02	 -0.42	-0.04	-0.07	46_L	[ 3.09451613 23.30393548  3.87503226]
0.15	 0.79	-0.0	-0.23	47_R	[ 2.94414286 25.06185714 -0.12942857]
-0.07	 -0.93	0.03	0.01	47_R	[ 0.79422222 25.05288889 -0.77222222]
-0.08	 -0.35	-0.03	0.08	47_R	[-1.05735897 23.65958974 -2.96469231]
0.03	 0.33	-0.0	-0.13	47_R	[ 2.047     26.9710625 -1.1525625]
-0.11	 -0.45	0.04	0.09	47_R	[-0.65012 26.4234  -3.37476]
-0.22	 -1.04	0.05	0.33	47_R	[ 0.11833333 28.76142857 -3.03190476]
0.01	 0.29	0.03	-0.11	47_R	[ 2.42281818 29.21981818 -3.66359091]
-0.09	 0.16	0.0	0.1	47_R	[ 1.13225    29.27991667 -6.076     ]
-0.11	 -0.46	-0.0	0.14	47_R	[-0.33328 27.28276 -6.46448]
-0.07	 -0.04	-0.04	0.06	47_R	[ 2.87395238 29.33361905 -6.68785714]
0.11	 1.39	0.01	-0.22	48_M	[-0.53033333 22.32044444 -5.46511111]
0.14	 2.31	-0.0	-0.19	48_M	[-1.00416667 21.60116667 -4.26133333]
-0.01	 0.05	-0.06	-0.06	48_M	[-0.52672917 19.44470833 -5.14960417]
0.15	 1.2	0.13	-0.42	48_M	[ 3.438      24.48032353 -7.14229412]
0.02	 -0.19	-0.0	-0.07	48_M	[-0.52466667 24.49504167 -6.88033333]
0.02	 0.14	-0.02	-0.11	48_M	[-0.8005     21.75060714 -8.06457143]
0.13	 1.59	0.07	-0.38	49_T	[-0.28288889 17.983      -3.397     ]
-0.02	 -0.01	-0.06	-0.05	49_T	[-2.08657778 20.83488889 -1.93488889]
0.11	 0.8	0.04	-0.23	49_T	[ 0.17552381 20.68347619  0.77185714]
0.19	 1.57	0.25	-0.49	50_E	[-1.35573333 17.56066667 -3.092     ]
0.2	 1.26	0.03	-0.33	50_E	[-3.9388 19.7347 -1.1405]
0.14	 2.05	0.07	-0.32	50_E	[-2.25208333 19.39908333  0.63891667]
-0.22	 -0.71	-0.02	0.26	50_E	[-4.50910256 18.80705128  0.89333333]
-0.02	 0.04	-0.12	0.03	50_E	[-4.40071053 16.03097368 -1.70397368]
-0.22	 -0.99	-0.15	0.35	50_E	[-3.42121951 16.67485366 -4.06053659]
-0.09	 -0.3	-0.03	0.08	50_E	[-5.38986207 18.43682759 -3.67841379]
-0.23	 -0.6	0.08	0.32	50_E	[-5.014      19.90465714 -3.23897143]
-0.27	 -1.0	0.19	0.44	50_E	[-6.6885     17.38161364 -4.38268182]
0.04	 -0.11	-0.1	0.01	51_D	[-3.63485714 17.39214286  3.055     ]
-0.1	 -0.37	-0.09	0.11	51_D	[-2.38933333 18.46911111  3.46755556]
-0.13	 -0.16	-0.06	0.14	51_D	[-1.03252 16.50972  4.85926]
-0.06	 -0.2	-0.03	0.06	51_D	[-2.1529375  14.45728125  3.00621875]
-0.11	 -0.06	-0.01	0.09	51_D	[-4.46594737 14.07510526  2.02468421]
-0.21	 -0.7	0.1	0.32	51_D	[-5.45422857 15.658       1.82445714]
-0.21	 -0.62	0.03	0.33	51_D	[-3.49958333 13.40147917  0.4771875 ]
0.14	 0.45	-0.03	-0.17	52_G	[-1.36508333 19.30933333  1.99116667]
-0.11	 -0.24	-0.06	0.11	52_G	[ 0.78044444 19.97766667  3.86541667]
0.03	 0.06	-0.14	-0.07	53_T	[ 1.7498 18.4583  5.4131]
0.15	 1.62	0.18	-0.43	53_T	[ 5.162375 15.509875  5.7135  ]
0.1	 1.0	0.04	-0.22	53_T	[ 4.19168    17.22709333  7.78364   ]
-0.01	 -0.48	0.01	-0.08	53_T	[ 3.70645455 20.46012121  6.39563636]
0.22	 1.63	0.19	-0.45	54_D	[ 1.97933333 16.15873333  5.54726667]
0.08	 0.39	-0.08	-0.09	54_D	[ 4.70555556 13.31044444  5.20394444]
0.12	 0.76	-0.05	-0.2	54_D	[ 2.374      12.73692308  2.61430769]
-0.01	 -0.01	-0.13	-0.1	54_D	[ 4.12512 11.77268  3.09848]
-0.13	 -0.19	-0.21	0.09	54_D	[ 1.16946512 13.31232558  4.42537209]
-0.12	 -0.56	-0.08	0.11	54_D	[ 2.00307143 13.60475     6.90353571]
-0.28	 -1.16	0.22	0.46	54_D	[ 0.4215   12.577125  7.01785 ]
-0.05	 -0.01	-0.09	0.03	54_D	[ 3.2675     14.15108696  7.86508696]
0.0	 0.39	-0.15	-0.06	55_E	[ 2.87633333 12.7755      0.26633333]
0.11	 0.59	0.08	-0.23	55_E	[ 4.75668421 12.89394737 -1.47584211]
0.15	 1.1	0.05	-0.29	55_E	[ 2.93023077 14.23815385 -1.763     ]
-0.02	 -0.07	0.04	0.01	55_E	[ 0.79997222 13.65369444  0.44711111]
-0.08	 0.08	-0.01	0.05	55_E	[-0.75457143 14.75228571 -1.9867619 ]
-0.09	 -0.41	-0.06	0.03	55_E	[ 0.91997436 15.77664103 -3.12969231]
0.13	 0.57	-0.09	-0.16	55_E	[-1.9212 14.9221 -1.2892]
0.25	 0.97	0.14	-0.38	57_I	[ 7.34966667 11.91808333  4.41545833]
0.05	 0.64	-0.1	-0.14	57_I	[ 7.14948148 14.07162963  5.55574074]
0.15	 0.99	0.06	-0.3	57_I	[ 7.28781818 16.16622727  6.64727273]
0.16	 0.69	0.07	-0.29	57_I	[ 9.0150625 14.4226875  7.5374375]
0.14	 0.62	0.02	-0.24	58_S	[10.48286667  9.99733333  2.8564    ]
0.11	 1.13	0.1	-0.35	58_S	[13.04852381 11.18728571  1.01819048]
-0.11	 -0.3	-0.12	0.13	58_S	[12.85090698  9.45516279  1.9287907 ]
0.16	 1.03	0.16	-0.38	59_T	[9.40338889 9.6755     4.49011111]
0.11	 0.95	-0.02	-0.23	59_T	[10.989625  7.533     7.524375]
0.08	 0.46	-0.01	-0.09	59_T	[12.59244  7.88404  8.6704 ]
-0.1	 0.05	-0.02	0.08	59_T	[9.73333333 8.82853333 8.87593333]
-0.27	 -0.49	-0.03	0.27	59_T	[8.8205   8.091375 6.517675]
-0.16	 -0.51	0.0	0.19	59_T	[ 8.08147826 11.06641304  8.02956522]
0.17	 0.57	0.04	-0.3	60_R	[11.248125   8.1970625  4.45325  ]
0.01	 0.3	-0.05	-0.11	60_R	[12.5366   6.26555  6.59135]
0.13	 -0.23	0.01	-0.2	60_R	[14.35411111  7.34788889  3.45611111]
-0.12	 -0.15	0.01	0.06	60_R	[15.79341667  5.95658333  5.31366667]
-0.29	 -1.28	0.09	0.43	60_R	[12.21393103  5.58513793  4.17806897]
-0.01	 -0.09	-0.0	0.04	61_S	[16.07183333  8.46122222  3.27922222]
-0.01	 -0.6	-0.0	-0.03	61_S	[16.43807407 10.96755556  2.85866667]
-0.06	 -0.82	-0.11	0.09	62_K	[18.26294444  8.67827778  4.41705556]
0.15	 1.32	0.1	-0.35	62_K	[18.902    7.7155   6.97765]
0.15	 1.38	0.36	-0.61	62_K	[21.05155556 10.76544444  7.07488889]
0.16	 1.64	0.18	-0.4	62_K	[19.716     9.06675   9.158375]
-0.19	 -0.77	0.01	0.29	62_K	[20.95341772  8.56921519  5.95987342]
0.05	 0.66	0.07	-0.23	63_V	[19.67531579 11.38036842  5.60594737]
0.08	 -0.16	-0.14	-0.1	63_V	[20.9464 12.6517  7.4196]
-0.16	 -0.82	-0.01	0.21	63_V	[20.3237 13.5775  5.3432]
0.1	 0.57	0.02	-0.25	63_V	[18.53696875 14.26596875  4.14103125]
-0.02	 -0.07	-0.02	-0.08	63_V	[20.27521311 15.61203279  6.81845902]
0.18	 0.99	0.16	-0.32	64_F	[14.80538462 11.80084615 12.06846154]
0.09	 0.65	0.1	-0.33	64_F	[13.64927778 10.25266667 10.94222222]
-0.09	 -0.34	-0.0	0.11	64_F	[11.9605  10.96564 11.45094]
0.19	 2.9	0.09	-0.33	64_F	[ 9.543      13.81984615  9.09153846]
-0.12	 -0.2	-0.11	0.13	64_F	[ 9.76605882 12.71202941 11.16470588]
0.01	 0.32	-0.11	-0.02	65_Q	[15.35217857 10.12060714 11.92367857]
0.09	 0.67	-0.01	-0.22	65_Q	[19.08485714  9.40285714 12.03314286]
-0.14	 -0.36	-0.19	0.19	65_Q	[17.37345714 10.40334286 13.99797143]
-0.15	 -0.68	-0.02	0.18	65_Q	[17.75042857  8.02471429 11.46071429]
0.07	 0.39	-0.06	-0.1	65_Q	[14.90013636  7.78559091 10.37254545]
-0.04	 -0.07	-0.01	-0.11	65_Q	[16.99683333  5.93444444  9.75527778]
-0.11	 -0.55	-0.04	0.17	65_Q	[18.28890698  6.11906977  8.43174419]
-0.22	 -0.89	0.08	0.37	65_Q	[15.281       5.08926087  9.03056522]
-0.03	 0.16	-0.13	0.03	66_K	[20.49494444 11.08716667 13.16877778]
0.12	 1.14	0.02	-0.23	66_K	[20.35655556 14.59611111 12.40922222]
-0.2	 -0.58	0.13	0.28	66_K	[20.11283871 13.34170968 14.52145161]
0.05	 0.33	-0.16	-0.08	66_K	[21.29780556 13.33602778 11.01758333]
-0.08	 -0.43	-0.08	0.1	66_K	[21.255       9.59711111 10.84188889]
-0.18	 -0.39	-0.07	0.12	66_K	[22.79157447 11.08585106  8.54512766]
-0.25	 -1.24	0.08	0.34	66_K	[24.57845238 12.3827619  10.75390476]
-0.25	 -1.06	0.13	0.38	66_K	[24.34098182 10.34396364 12.16545455]
0.01	 0.03	-0.13	-0.07	67_L	[19.35653333 15.70466667 13.64146667]
-0.04	 -0.14	0.01	0.03	67_L	[17.65084375 16.13871875 15.232875  ]
0.18	 1.54	0.34	-0.58	67_L	[19.76536364 15.22018182 10.06790909]
-0.03	 -0.33	-0.06	0.03	67_L	[19.51725714 17.53842857 11.51351429]
0.05	 0.25	-0.07	-0.14	68_N	[14.66792857 12.61510714 14.09946429]
0.13	 0.58	-0.21	-0.09	68_N	[13.40157143 13.76621429 15.78257143]
-0.19	 -0.85	-0.04	0.18	68_N	[14.34168 15.46636 17.1344 ]
-0.07	 -0.26	-0.11	0.02	68_N	[17.44992593 12.67792593 16.54337037]
-0.02	 0.24	-0.03	-0.04	68_N	[15.52021739 11.74743478 17.06486957]
-0.27	 -1.0	0.11	0.41	68_N	[14.26594737 11.19792105 16.53044737]
-0.28	 -1.12	0.14	0.42	68_N	[15.69271429 12.66253061 19.02538776]
0.24	 1.38	0.27	-0.53	69_V	[13.47785714 13.87578571 13.18335714]
-0.02	 0.42	-0.17	-0.01	69_V	[13.15575    16.88508333 16.47316667]
0.02	 -0.2	-0.11	-0.05	69_V	[11.67788889 14.803      15.98588889]
0.01	 0.2	-0.07	-0.08	69_V	[11.341625   14.08290625 13.48153125]
0.08	 0.6	-0.0	-0.18	69_V	[12.20852174 18.70604348 14.39247826]
-0.1	 -0.49	0.03	0.11	69_V	[15.19371429 18.82610204 14.388     ]
-0.12	 -0.63	-0.17	0.11	70_N	[11.1386  16.46435 16.80735]
-0.02	 -0.04	-0.1	-0.05	70_N	[ 9.27488889 14.78705556 15.22388889]
0.17	 0.59	0.08	-0.3	70_N	[ 9.59115385 19.03457692 15.33753846]
-0.17	 -0.91	0.06	0.23	70_N	[ 9.16014706 16.20252941 17.862     ]
-0.21	 -0.82	-0.05	0.22	70_N	[ 7.0794 15.2714 18.113 ]
-0.16	 -0.53	0.05	0.19	70_N	[ 6.23958333 14.83863889 15.90105556]
-0.09	 -0.33	0.01	0.1	70_N	[ 5.8176129  17.10564516 18.04545161]
0.08	 0.61	0.05	-0.22	71_V	[ 8.47221053 15.54042105 12.95515789]
0.16	 0.51	0.05	-0.24	71_V	[ 6.25452174 20.33756522 11.62113043]
-0.09	 -0.44	-0.28	0.11	71_V	[ 7.50147619 15.70933333 11.00190476]
0.15	 0.93	0.02	-0.27	71_V	[ 6.47902083 17.58125     9.25325   ]
0.11	 0.89	0.01	-0.3	71_V	[ 9.041125   15.402625    9.97916667]
0.21	 1.37	0.16	-0.44	72_E	[ 6.41076923 15.99592308 13.26307692]
0.14	 1.16	0.07	-0.29	72_E	[ 4.81233333 18.58716667 11.86416667]
0.03	 0.47	-0.07	-0.17	72_E	[ 3.57       18.68838462 15.83315385]
-0.15	 -0.41	-0.02	0.23	72_E	[ 3.3001   20.3875   13.789325]
-0.07	 -0.32	0.01	0.11	72_E	[ 3.06458065 16.87235484 15.04958065]
-0.16	 -0.49	0.03	0.2	72_E	[ 3.72693333 14.86764444 13.26497778]
0.03	 0.82	0.05	-0.14	72_E	[ 3.2615625  16.4456875  11.02609375]
-0.3	 -0.92	0.0	0.46	72_E	[ 1.85221875 17.4470625  11.60315625]
-0.05	 0.0	-0.08	0.01	72_E	[ 3.69741667 15.42604167 10.04622917]
0.02	 1.29	-0.14	-0.16	73_S	[ 4.2342 18.2816 16.1896]
-0.09	 -0.28	-0.11	0.11	73_S	[ 3.87233333 20.73044444 16.654     ]
0.14	 1.28	-0.05	-0.2	73_S	[ 5.69007143 22.21107143 15.83392857]
-0.18	 -0.71	0.01	0.24	73_S	[ 5.9246   23.413225 16.87565 ]
-0.18	 -0.84	0.09	0.17	73_S	[ 5.06102273 19.77609091 18.29961364]
-0.07	 -0.12	-0.01	0.1	73_S	[ 7.90611111 20.09166667 17.83852778]
0.09	 0.97	-0.08	-0.09	74_M	[ 8.25325    22.82533333 16.14975   ]
0.1	 -0.11	-0.14	-0.07	74_M	[ 5.54416667 24.60783333 14.53766667]
-0.06	 0.02	-0.04	-0.03	74_M	[ 5.39659459 23.18691892 12.71108108]
0.02	 0.35	0.05	-0.11	74_M	[ 9.81583784 22.735      14.69878378]
0.17	 1.42	0.2	-0.45	74_M	[ 7.6995     22.1115     10.91827778]
0.21	 1.33	0.03	-0.31	74_M	[10.89647059 20.19547059 13.47141176]
-0.03	 0.06	-0.02	-0.04	74_M	[12.48152632 22.37505263 12.42623684]
0.12	 1.54	0.21	-0.48	75_P	[ 6.176875 25.221    15.11425 ]
-0.06	 -0.74	-0.05	0.14	75_P	[ 5.16595 26.2738  13.27165]
-0.11	 -0.02	-0.06	0.09	75_P	[ 7.31109091 28.538      12.894     ]
-0.2	 -1.12	0.08	0.29	75_P	[ 7.66588889 27.63748889 15.68962222]
-0.13	 -0.59	-0.1	0.13	75_P	[ 8.703      25.40240909 15.91      ]
-0.05	 -0.27	-0.16	0.09	76_L	[ 5.11966667 26.57584848 10.89875758]
0.12	 0.75	0.03	-0.27	76_L	[ 6.0615     23.95358333  9.739125  ]
-0.05	 -0.22	-0.03	0.09	76_L	[ 3.85602857 26.41365714  9.06997143]
-0.03	 -0.31	-0.02	-0.03	76_L	[ 3.92107143 23.27435714  7.22785714]
-0.18	 -0.93	0.08	0.26	76_L	[ 2.56354902 26.61129412  6.31952941]
0.15	 1.19	0.33	-0.57	77_Q	[ 6.27505263 28.35226316 10.088     ]
0.16	 1.23	0.17	-0.43	77_Q	[10.86906452 28.85393548  6.9766129 ]
0.01	 0.02	-0.14	-0.04	77_Q	[ 8.99402941 30.53276471  9.26726471]
-0.16	 -0.96	-0.01	0.25	77_Q	[ 6.44593478 30.85997826  9.2933913 ]
-0.21	 -0.88	-0.04	0.22	77_Q	[ 6.1595 31.8581  6.9875]
-0.08	 0.12	-0.06	0.05	77_Q	[ 7.87246341 30.81034146  5.33519512]
-0.15	 -0.48	-0.01	0.19	77_Q	[ 4.62406818 29.94386364  6.51577273]
0.1	 2.02	0.2	-0.47	78_D	[12.87145455 26.64709091 10.67672727]
0.13	 0.01	0.06	-0.23	78_D	[13.4682381  24.59395238 10.16519048]
0.04	 0.27	0.02	-0.18	78_D	[12.09716 25.70308 12.33988]
-0.04	 -0.01	-0.05	0.02	78_D	[11.6052381  27.84928571 13.31542857]
-0.18	 -0.66	0.08	0.22	78_D	[11.0703871  27.28951613 14.64767742]
-0.07	 -0.37	-0.12	0.02	78_D	[11.53377778 29.26996296 12.56333333]
0.25	 1.49	0.17	-0.43	79_L	[ 7.51907143 22.76964286  9.44957143]
0.19	 0.23	0.11	-0.32	79_L	[ 6.73566667 21.1377037   8.60888889]
0.25	 1.38	0.37	-0.6	80_Y	[ 9.486625  29.1361875  5.5139375]
0.15	 1.42	0.33	-0.58	80_Y	[ 5.37453846 28.93815385  4.23215385]
0.04	 0.33	0.03	-0.15	80_Y	[ 4.34912903 27.0366129   3.11525806]
0.2	 1.05	0.15	-0.39	81_R	[16.27916667 25.18566667  8.42108333]
0.1	 0.87	0.12	-0.28	81_R	[15.78297561 27.06968293  8.39160976]
0.01	 0.33	-0.22	-0.07	81_R	[14.26286486 29.40240541  6.82916216]
-0.21	 -0.98	-0.12	0.37	81_R	[15.57061538 29.82079487  9.44071795]
-0.03	 0.03	0.01	-0.06	81_R	[13.83159091 28.63959091 10.95454545]
-0.1	 -0.09	-0.02	0.11	81_R	[13.30069231 31.19553846 10.87653846]
-0.21	 -0.71	1.61	0.42	81_R	[12.3905625  31.62097917  8.45470833]
-0.07	 -0.31	0.07	0.05	81_R	[10.70084375 30.72521875 11.1739375 ]
0.17	 1.33	-0.04	-0.2	82_L	[15.00928571 24.80657143  9.01528571]
0.06	 0.67	0.03	-0.26	82_L	[16.4352  23.4902   8.63724]
0.17	 1.93	0.06	-0.29	82_L	[14.188125 22.983875 10.082875]
-0.01	 0.03	-0.06	-0.01	82_L	[15.90404918 21.02783607 11.1682623 ]
0.1	 1.33	0.33	-0.59	84_N	[19.23828571 25.29728571  3.41742857]
0.04	 0.52	-0.04	-0.11	84_N	[19.38281818 24.2659697   1.53024242]
0.12	 1.51	-0.04	-0.22	84_N	[17.6894 27.659   2.1578]
0.01	 0.24	0.01	-0.12	84_N	[17.55228125 27.44915625  0.83840625]
-0.12	 -0.26	-0.02	0.11	84_N	[18.0354127  28.03007937  3.79544444]
-0.01	 0.33	-0.0	-0.11	85_E	[20.30905 24.34235  4.0582 ]
-0.11	 -0.25	0.07	0.12	85_E	[21.47758333 21.31883333  4.42616667]
0.02	 -0.21	-0.03	-0.03	85_E	[21.0237  23.23655  6.86285]
-0.09	 -0.32	-0.03	0.14	85_E	[20.41557143 25.94795238  5.73266667]
-0.05	 -0.2	-0.03	-0.01	85_E	[19.51583333 25.85826667  8.30583333]
-0.17	 -0.34	-0.12	0.22	85_E	[18.49594118 27.5447451   8.02031373]
-0.18	 -0.44	0.1	0.22	85_E	[20.07490698 24.49288372  9.07090698]
-0.06	 0.29	-0.15	0.08	86_H	[19.83116667 18.45083333  3.92305556]
0.11	 1.13	0.28	-0.55	86_H	[18.85034783 17.6486087   3.63143478]
0.08	 1.15	0.22	-0.48	86_H	[19.47492308 17.63238462  5.07661538]
-0.06	 -0.02	-0.09	0.04	86_H	[21.23571429 18.37338095  6.38795238]
0.2	 0.99	0.13	-0.42	86_H	[18.43323529 22.001       8.65952941]
-0.14	 -0.86	0.06	0.22	86_H	[21.82707843 19.40456863  8.54666667]
-0.14	 -0.04	-0.15	0.08	86_H	[20.10958621 21.18962069  9.59244828]
0.23	 1.16	0.15	-0.4	87_P	[16.09742857 16.45860714 -0.9055    ]
0.12	 0.51	0.03	-0.19	87_P	[19.93378571 21.636      -0.53885714]
-0.0	 0.45	-0.07	-0.09	87_P	[20.61487097 19.918       1.62716129]
0.1	 1.36	0.03	-0.25	88_G	[19.06292308 16.82103846  2.24992308]
-0.1	 -0.27	-0.13	0.13	88_G	[18.15355556 14.68933333  0.81406667]
0.03	 0.1	0.02	-0.11	88_G	[16.08196154 12.84284615  1.63273077]
0.08	 0.63	-0.11	-0.13	90_L	[14.24471795 13.36297436 -0.98005128]
0.17	 1.08	0.06	-0.35	90_L	[13.39291667 16.8335     -2.11466667]
0.2	 1.51	0.34	-0.58	90_L	[13.00607143 19.271      -3.14271429]
0.05	 0.68	-0.08	-0.12	91_R	[12.0437  11.39195 -0.9775 ]
0.13	 0.76	0.02	-0.25	91_R	[12.56656522 15.15295652 -3.49056522]
0.06	 0.49	-0.0	-0.22	91_R	[ 9.66347826 11.10108696 -2.677     ]
-0.02	 0.22	0.01	-0.1	91_R	[10.11315789 10.36089474  0.12805263]
-0.06	 -0.22	-0.05	0.06	91_R	[ 7.37104545 10.24236364 -1.03118182]
0.03	 0.08	0.06	-0.16	91_R	[8.29852381 9.7102381  1.88847619]
-0.16	 -0.66	-0.02	0.21	91_R	[6.3067 8.8238 0.7604]
-0.16	 -0.7	0.09	0.22	91_R	[ 4.657      10.41142857  0.10634286]
-0.24	 -0.46	0.02	0.29	91_R	[5.93456604 9.25622642 3.0949434 ]
-0.01	 -0.12	-0.24	0.02	92_R	[11.84106667 10.9146     -2.9162    ]
0.12	 1.25	0.3	-0.55	92_R	[12.519 14.37  -4.983]
0.02	 0.45	0.11	-0.18	92_R	[11.38417143  9.67308571 -5.17677143]
0.06	 0.65	-0.2	-0.04	92_R	[14.61455882 13.96979412 -4.589     ]
0.01	 0.5	-0.07	-0.06	92_R	[13.98525    10.59929167 -3.32404167]
-0.16	 -0.14	-0.3	0.16	92_R	[15.81917391 12.23034783 -2.60469565]
-0.05	 -0.07	-0.03	0.02	92_R	[16.16245833  9.224      -4.18416667]
-0.12	 -0.24	-0.04	0.14	92_R	[17.78933333  9.85125    -2.19016667]
-0.1	 -0.38	0.01	0.09	92_R	[19.32884444 11.71315556 -3.01873333]
-0.15	 -0.65	0.03	0.19	92_R	[18.81016981  8.28135849 -3.98522642]
0.12	 1.3	0.23	-0.49	93_P	[13.11415385 14.44992308 -6.40453846]
0.16	 1.35	0.32	-0.56	93_P	[12.11288889 14.80422222 -6.03711111]
0.15	 2.25	0.06	-0.33	94_I	[12.27290909 15.58309091 -6.62845455]
0.1	 1.59	0.15	-0.37	94_I	[11.71075 16.365   -5.5307 ]
0.1	 1.44	-0.03	-0.26	94_I	[11.91692857 18.23775    -4.10617857]
0.13	 1.38	0.06	-0.35	96_I	[  6.518625  22.870375 -10.992625]
0.13	 1.2	0.04	-0.26	96_I	[  7.51617647  22.92823529 -12.41570588]
0.1	 0.69	-0.02	-0.22	96_I	[ 5.69       23.14729412 -9.40764706]
0.13	 0.55	0.02	-0.19	96_I	[ 8.7608  22.82815 -9.619  ]
0.06	 0.61	0.3	-0.08	96_I	[ 6.1384375  23.49354167 -7.34391667]
0.01	 0.08	-0.03	0.02	97_D	[  5.34335  24.0177  -12.0166 ]
0.1	 0.03	-0.17	-0.09	97_D	[  4.03376923  24.60930769 -10.63846154]
0.17	 1.33	0.27	-0.52	97_D	[ 3.46029412 23.87623529 -9.18952941]
0.15	 1.22	0.09	-0.31	97_D	[  3.954       24.44117647 -14.45664706]
0.11	 0.54	0.06	-0.24	97_D	[  2.696025  20.7471   -15.881775]
0.14	 0.56	0.02	-0.22	98_E	[  3.03042857  25.26007143 -13.07192857]
-0.06	 -0.27	-0.0	0.14	98_E	[ -1.649       24.73227778 -10.82602778]
-0.03	 -0.02	-0.14	0.02	98_E	[  0.5850625   27.0815625  -12.40090625]
-0.19	 -0.91	0.09	0.28	98_E	[  2.56540909  27.97613636 -11.42270455]
-0.18	 -0.79	-0.02	0.22	98_E	[ 2.0115 28.9776 -9.5028]
-0.02	 0.13	0.19	0.12	98_E	[ 3.66851786 26.78510714 -8.48366071]
-0.05	 -0.27	0.06	0.02	98_E	[ 0.13864516 27.65096774 -8.91425806]
0.15	 0.84	0.06	-0.3	99_K	[ -2.10220833  23.5735     -12.85008333]
-0.09	 -0.37	-0.0	0.08	99_K	[ -2.73883784  20.57640541 -11.11454054]
0.17	 0.98	0.08	-0.32	99_K	[-1.61071429e-02  2.10085714e+01 -1.48673571e+01]
-0.01	 0.22	-0.07	0.01	99_K	[ -1.82145  20.2987  -15.55935]
-0.11	 -0.77	-0.13	0.1	99_K	[ -3.63015385  22.77696154 -14.44      ]
-0.15	 -0.75	-0.03	0.2	99_K	[ -4.74186667  20.05664444 -14.80006667]
-0.22	 -1.05	0.13	0.4	99_K	[ -6.40570312  21.66628125 -14.6020625 ]
0.02	 0.6	-0.05	-0.05	100_R	[-0.987      19.29375    -9.58591667]
-0.04	 -0.42	-0.1	0.0	100_R	[ -0.98063158  17.30315789 -10.77221053]
0.2	 1.32	0.19	-0.47	100_R	[  1.10878947  18.87952632 -14.15168421]
0.12	 0.89	0.09	-0.32	100_R	[  0.81826667  15.4933     -12.2164    ]
0.11	 0.54	-0.0	-0.16	100_R	[ -0.05236842  17.64705263 -15.41142105]
0.11	 1.67	0.14	-0.42	100_R	[ -2.7948  15.2934 -14.3436]
-0.1	 -0.22	-0.04	0.06	100_R	[ -2.86854167  16.31075    -12.76404167]
-0.15	 -0.78	-0.05	0.17	100_R	[ -2.98334783  17.09565217 -15.68428261]
0.09	 0.07	0.07	-0.26	101_L	[ 0.42108696 18.64430435 -8.40630435]
0.22	 1.42	0.3	-0.56	101_L	[  2.1955  15.8238 -10.3321]
-0.15	 -0.35	-0.04	0.18	101_L	[ 1.6126383  15.30344681 -8.0427234 ]
0.19	 0.44	-0.09	-0.17	101_L	[ 1.20890909 17.72454545 -6.73890909]
0.17	 1.38	0.03	-0.33	101_L	[ 3.09325  16.082375 -5.723875]
0.13	 0.99	-0.0	-0.29	101_L	[ 2.28775    16.88704167 -4.83833333]
0.18	 1.32	-0.05	-0.21	102_Q	[ 3.1442 13.5076 -7.7051]
0.19	 1.28	0.15	-0.39	102_Q	[  2.95161111  14.33627778 -10.66133333]
0.11	 1.76	0.0	-0.24	102_Q	[ 3.159      11.76936364 -8.04709091]
0.02	 0.58	-0.17	-0.1	102_Q	[ 1.89918605 12.21927907 -9.96955814]
0.17	 0.96	0.04	-0.3	102_Q	[ 4.28682759  9.79048276 -7.66393103]
0.08	 0.57	0.02	-0.16	103_V	[ 4.0156  13.25705 -6.551  ]
0.11	 1.67	0.0	-0.29	103_V	[ 7.2904 10.814  -4.4202]
-0.13	 -0.12	-0.04	0.16	103_V	[ 5.40751429 10.43008571 -5.56488571]
-0.02	 -0.16	-0.04	0.07	103_V	[ 4.85764286 12.54521429 -4.0275    ]
0.09	 0.6	-0.06	-0.21	103_V	[ 6.905375   11.62516667 -2.95025   ]
0.08	 -0.05	0.04	-0.24	103_V	[ 3.94115385 14.61807692 -4.182     ]
-0.05	 0.03	-0.03	0.04	104_G	[ 8.63786111  9.57625    -5.31902778]
0.13	 0.91	0.08	-0.32	104_G	[ 6.7830625  8.6343125 -7.7075   ]
0.01	 0.0	-0.06	-0.16	105_Y	[ 9.17292308  7.68323077 -7.45784615]
0.17	 1.1	-0.11	-0.17	105_Y	[ 6.8995    7.1195   -8.165875]
-0.23	 -0.45	0.03	0.33	105_Y	[ 7.78984848  5.16833333 -8.74475758]
0.14	 0.89	0.1	-0.39	105_Y	[10.9075      6.26457692 -9.84384615]
-0.04	 -0.17	-0.07	-0.03	105_Y	[  9.480125     4.54233333 -11.25429167]
-0.01	 -0.1	-0.11	-0.07	105_Y	[  9.66366667   3.92448148 -13.64340741]
0.11	 1.42	0.05	-0.36	105_Y	[ 10.665    5.1498 -15.041 ]
0.1	 0.16	-0.01	-0.09	105_Y	[  9.61716   5.21452 -16.43512]
0.03	 0.36	-0.09	-0.09	106_N	[  6.1721    4.648   -10.17845]
0.09	 0.4	-0.04	-0.15	106_N	[ 4.67317391  6.82973913 -8.19691304]
0.03	 0.25	-0.11	-0.01	106_N	[ 4.17    4.042  -9.9774]
0.16	 1.24	0.01	-0.29	106_N	[  2.20859259   4.13559259 -10.67992593]
-0.19	 -0.76	-0.04	0.32	106_N	[ 2.98181481  4.38646296 -8.18346296]
0.07	 1.13	0.03	-0.2	107_E	[  5.44333333   3.91803333 -12.17383333]
0.19	 1.28	0.37	-0.61	107_E	[  3.14922222   3.75266667 -15.59833333]
0.22	 1.46	0.27	-0.52	107_E	[  3.24051852   5.03362963 -16.60225926]
-0.11	 -0.25	-0.04	0.09	107_E	[  4.99597222   2.5425     -14.00363889]
-0.18	 -0.53	-0.14	0.22	107_E	[  4.679        3.15245455 -16.71115152]
-0.15	 -0.45	-0.01	0.15	107_E	[  7.13313333   1.74146667 -16.5704    ]
-0.19	 -0.62	0.08	0.31	107_E	[  7.27180435   3.35421739 -18.39626087]
-0.16	 -0.57	0.03	0.19	107_E	[  8.49355556   2.54466667 -15.30340741]
0.11	 1.51	0.11	-0.42	108_D	[ -0.044   5.314 -14.991]
0.09	 0.6	0.04	-0.21	108_D	[ -0.363    6.5696 -12.4994]
-0.02	 0.01	-0.0	-0.06	108_D	[ -0.61932143   7.84157143 -14.64853571]
-0.09	 -0.67	-0.01	0.15	108_D	[ -0.48023529   4.58029412 -13.04705882]
-0.09	 -0.17	-0.06	0.12	108_D	[  0.34105556   2.00088889 -13.41127778]
-0.22	 -0.34	0.03	0.24	108_D	[  0.65334   2.55716 -15.32924]
-0.19	 -0.59	0.06	0.31	108_D	[  1.54581395   1.84553488 -12.14472093]
0.12	 1.6	-0.04	-0.2	109_E	[ -0.80257143   8.38357143 -12.06      ]
0.24	 1.36	0.25	-0.5	109_E	[  1.46352  12.07252 -12.63908]
-0.03	 -0.09	-0.12	0.0	109_E	[-0.29945714  6.78897143 -9.93334286]
-0.01	 0.57	-0.03	-0.08	109_E	[ 0.64593103  8.16482759 -7.68365517]
-0.18	 -0.17	-0.19	0.24	109_E	[ 1.33518421  9.72692105 -7.47278947]
-0.22	 -1.17	0.11	0.32	109_E	[ 1.42796296  6.52840741 -6.83466667]
0.07	 0.37	-0.11	-0.07	111_R	[ -1.22111111  10.453      -16.60988889]
-0.0	 -0.4	0.02	-0.06	111_R	[ -1.137       11.47209524 -18.70671429]
0.04	 0.57	0.08	-0.18	111_R	[ -0.75945455   8.86822727 -16.89559091]
-0.04	 -0.04	-0.12	-0.01	111_R	[  0.95082692   5.30859615 -17.48167308]
-0.09	 -0.28	-0.02	0.05	111_R	[  2.06452941   5.45764706 -19.67464706]
-0.11	 -0.53	-0.04	0.14	111_R	[ -0.62575   5.19025 -20.15325]
-0.18	 -1.1	0.11	0.26	111_R	[ -1.43419355   7.53480645 -19.87487097]
-0.18	 -0.7	0.1	0.26	111_R	[  0.80437255   6.04794118 -22.13729412]
-0.08	 -0.23	-0.08	0.1	112_R	[ -2.04166667  12.52827778 -16.58516667]
0.12	 1.67	0.12	-0.38	112_R	[ -1.364       13.60477778 -17.98444444]
-0.07	 0.06	-0.09	0.03	112_R	[ -1.3942   15.20976 -17.32844]
0.12	 1.1	0.07	-0.32	112_R	[ -1.0365      13.67341176 -13.95697059]
-0.06	 -0.24	0.05	-0.02	112_R	[ -2.32371795  11.35446154 -14.36002564]
-0.08	 0.0	-0.27	0.08	112_R	[ -1.70823684  13.15136842 -11.87894737]
-0.08	 -0.2	0.01	0.07	112_R	[ -3.08510714  10.26332143 -12.21521429]
-0.13	 -0.5	-0.04	0.14	112_R	[ -4.08266667  11.64716667 -10.3395    ]
-0.17	 -0.54	0.01	0.24	112_R	[-1.87117544 11.80285965 -9.01645614]
-0.19	 -0.84	0.06	0.31	112_R	[-3.55266667  9.327      -9.60845455]
0.16	 0.76	-0.06	-0.18	113_F	[  1.16807143  16.42778571 -17.37542857]
0.17	 1.06	-0.0	-0.19	113_F	[  0.21628571  15.86928571 -19.05057143]
0.02	 -0.09	-0.01	-0.04	113_F	[  1.94859091  16.46190909 -20.08725   ]
0.16	 0.69	0.06	-0.29	113_F	[  2.76917391  17.64252174 -16.32491304]
0.16	 1.35	0.12	-0.39	113_F	[  2.563625    13.896      -12.80454167]
0.13	 1.61	0.01	-0.3	114_L	[ -0.364  16.13  -21.088]
-0.11	 -0.54	-0.08	0.08	114_L	[ -1.78182051  14.71048718 -20.31758974]
0.01	 0.1	-0.11	-0.01	114_L	[ -0.5923913   11.82195652 -21.82913043]
-0.02	 0.01	-0.03	-0.02	114_L	[  0.43088889   9.263      -21.94546667]
0.08	 0.13	0.01	-0.17	114_L	[  2.74406452  11.29951613 -23.19612903]
-0.09	 -0.35	-0.08	0.11	115_P	[ -1.48686957  16.69082609 -22.21665217]
0.07	 0.7	-0.13	-0.15	115_P	[ -3.25642857  14.9585     -22.32807143]
-0.03	 -0.41	-0.13	0.02	115_P	[ -2.25310714  12.92660714 -23.72242857]
-0.18	 -0.76	0.05	0.23	115_P	[ -0.49455319  17.26357447 -24.48946809]
-0.18	 -0.73	0.01	0.27	115_P	[  0.79819565  15.22226087 -25.6265    ]
0.02	 0.39	-0.11	-0.1	115_P	[  1.84263158  14.47721053 -23.703     ]
-0.05	 -0.38	-0.16	0.02	116_R	[ -3.74288235  16.58888235 -23.71564706]
-0.04	 0.06	-0.08	0.04	116_R	[ -4.9139375  13.8643125 -23.387    ]
0.13	 1.13	-0.05	-0.21	116_R	[ -5.56383333  14.555      -27.12533333]
-0.04	 -0.01	-0.05	0.01	116_R	[ -3.35591837  15.28255102 -27.19726531]
-0.16	 -0.86	-0.09	0.2	116_R	[ -6.55490625  15.86109375 -25.1559375 ]
-0.19	 -0.94	-0.08	0.23	116_R	[ -5.81695122  15.88326829 -22.28085366]
-0.2	 -1.18	-0.03	0.24	116_R	[ -8.31851282  16.7175641  -23.76671795]
-0.2	 -0.98	-0.06	0.25	116_R	[ -7.86645455  16.75954545 -20.97704545]
-0.14	 -0.59	-0.02	0.19	116_R	[ -9.38066667  17.38783333 -21.59779167]
-0.31	 -1.44	0.26	0.51	116_R	[-10.86483333  17.68366667 -22.93421429]
-0.3	 -1.28	0.23	0.48	116_R	[-10.05798  17.65008 -19.87714]
-0.01	 -0.09	-0.07	0.03	117_K	[ -4.89763158  12.61315789 -25.26010526]
-0.02	 -0.05	-0.14	-0.08	117_K	[ -6.317       13.15308333 -27.10608333]
-0.17	 -0.63	0.1	0.26	117_K	[ -6.14105556  10.71533333 -27.08438889]
-0.16	 -0.45	-0.07	0.16	117_K	[ -2.51505556  11.42755556 -26.62688889]
-0.19	 -0.91	0.05	0.28	117_K	[ -2.62552778   9.94275    -29.19855556]
-0.19	 -0.84	0.02	0.24	117_K	[ -1.17468085  12.25357447 -29.83651064]
0.1	 0.8	0.04	-0.22	117_K	[ -3.60394118  13.04811765 -30.72191176]
-0.31	 -1.11	0.05	0.47	117_K	[ -2.45624074  14.46659259 -31.54275926]
0.1	 0.47	0.04	-0.31	118_V	[ -6.2485      13.6435     -28.49483333]
-0.07	 -0.29	-0.05	0.09	118_V	[ -7.94252941  12.27035294 -28.81741176]
-0.18	 -0.72	0.01	0.26	118_V	[ -7.30616216   9.69367568 -29.67043243]
-0.21	 -0.82	0.01	0.28	118_V	[ -6.51740909  10.04904545 -31.87879545]
-0.03	 0.08	0.03	-0.01	118_V	[ -6.13791667  12.47383333 -32.3685    ]
-0.2	 -1.13	0.1	0.33	118_V	[ -9.24131746  12.45112698 -32.09179365]
-0.19	 -0.86	0.06	0.26	118_V	[ -6.85466667  14.77798485 -30.94436364]
