-0.24	 -1.12	0.1	0.36	16_S	[37.28508511 -6.61876596  0.26787234]
-0.15	 -0.6	-0.01	0.19	16_S	[35.51143478 -6.35656522  2.29908696]
0.03	 0.44	0.07	-0.26	16_S	[36.07352381 -4.23885714  1.632     ]
-0.14	 0.35	-0.16	-0.05	16_S	[35.96793939 -2.01124242  2.19809091]
-0.23	 -1.06	0.01	0.28	16_S	[37.77182222 -4.44648889  3.05524444]
-0.32	 -1.15	0.24	0.5	16_S	[38.22110256 -6.81692308  3.83597436]
-0.15	 -0.56	0.01	0.14	17_H	[34.6666087  -5.10821739 -0.12908696]
-0.21	 -0.67	0.02	0.24	17_H	[33.86689474 -4.08021053 -1.50542105]
-0.12	 -0.44	0.01	0.13	17_H	[35.61776667 -2.21446667 -2.16083333]
-0.13	 -0.47	-0.07	0.24	17_H	[37.5022439  -2.38653659 -0.71985366]
-0.05	 -0.16	-0.05	0.01	17_H	[32.89348 -3.13252  1.35728]
0.02	 0.39	-0.17	-0.06	17_H	[32.573125 -2.9105   -1.68025 ]
-0.06	 0.08	-0.13	0.04	17_H	[33.4854 -0.9782 -2.2392]
-0.16	 -0.37	0.04	0.19	17_H	[ 3.06030000e+01 -2.66826316e+00  1.91578947e-02]
-0.11	 -0.6	-0.02	0.14	17_H	[31.85763462  0.55959615 -2.41721154]
-0.09	 -0.27	0.06	0.16	17_H	[29.69478571 -0.63339286 -1.46164286]
0.07	 0.62	-0.09	-0.16	19_F	[36.46221429  0.79807143 -1.20857143]
0.15	 1.55	0.13	-0.41	19_F	[35.763   2.7296 -1.4292]
-0.04	 0.19	0.08	-0.05	19_F	[37.852       0.91683333  2.14255556]
0.22	 1.68	0.14	-0.39	19_F	[34.38195833  2.82570833 -0.97379167]
-0.05	 -0.09	0.01	0.04	19_F	[34.8447234   1.37880851  4.74546809]
0.03	 0.14	0.0	-0.17	19_F	[32.523875  -1.2653125  2.84625  ]
-0.17	 -0.56	0.03	0.22	19_F	[32.88385  -0.123325  4.44445 ]
0.04	 0.69	-0.13	-0.04	20_D	[39.6106  3.0298  3.5386]
-0.1	 -0.31	0.06	0.12	20_D	[38.27370732  3.25319512  5.48580488]
0.05	 0.44	0.04	-0.17	20_D	[40.70947368  5.528       3.50142105]
-0.08	 0.27	-0.17	0.0	20_D	[41.60857143  5.89757143  1.26107143]
-0.13	 -0.42	0.04	0.19	20_D	[41.263       3.69906452  0.86670968]
0.14	 0.94	0.06	-0.15	20_D	[40.65547619  6.40066667 -0.69209524]
-0.05	 0.29	0.06	-0.05	21_Y	[36.23842857  4.37964286  6.48564286]
-0.02	 -0.08	-0.03	-0.03	21_Y	[34.00325806  4.73635484  6.11858065]
-0.01	 0.21	-0.05	-0.04	21_Y	[36.24711765  6.82311765  7.52529412]
0.13	 0.65	-0.17	-0.1	21_Y	[37.90742857  8.22985714  7.29957143]
-0.13	 -0.64	-0.05	0.13	21_Y	[38.99993548  6.29829032  7.26741935]
0.09	 0.94	0.1	-0.33	21_Y	[38.26491667  9.21125     6.7925    ]
-0.16	 -0.92	0.09	0.21	21_Y	[41.10481395  6.84462791  6.21018605]
0.01	 0.32	-0.12	-0.07	21_Y	[39.34531429 10.75034286  5.39242857]
-0.01	 0.54	0.08	-0.19	21_Y	[40.749       8.71308696  5.91565217]
-0.17	 -0.71	-0.04	0.22	21_Y	[42.4327    9.287925  5.268775]
-0.02	 -0.51	-0.02	-0.01	23_F	[31.46292  6.16816  7.34336]
-0.12	 -0.85	-0.13	0.07	23_F	[31.2665     7.8260625  9.54925  ]
-0.0	 -0.09	-0.14	-0.03	23_F	[29.24178571  6.34228571  8.48292857]
0.11	 1.46	0.26	-0.51	23_F	[29.01522222  6.47055556  7.08311111]
0.17	 0.91	0.09	-0.32	23_F	[30.71283333 10.27922222  9.34694444]
0.15	 1.74	0.17	-0.42	23_F	[32.37911111 10.74544444  9.24066667]
-0.01	 0.06	-0.01	-0.02	23_F	[33.61724242  8.48278788  8.94675758]
-0.09	 -0.27	0.01	0.13	23_F	[35.94439286  9.27589286  8.7865    ]
0.09	 0.73	0.01	-0.18	23_F	[36.80237037 11.35374074  7.84803704]
-0.05	 -0.64	-0.05	0.04	24_K	[29.74295238  7.76928571 10.63266667]
0.15	 1.58	0.23	-0.49	24_K	[28.315625  6.217375  9.211   ]
0.18	 0.96	0.06	-0.31	24_K	[29.20381818 10.48409091 10.89518182]
-0.01	 0.11	-0.03	-0.08	24_K	[28.47608108  6.29564865 11.3952973 ]
0.0	 0.26	-0.03	-0.07	24_K	[27.18947619  4.59247619 13.05290476]
-0.06	 -0.06	0.02	0.01	24_K	[24.9788   3.82534 14.94716]
0.12	 1.65	0.12	-0.42	30_N	[10.08081818 17.69381818 15.57636364]
0.13	 0.77	-0.02	-0.24	30_N	[ 9.28373684 20.42057895 13.71878947]
-0.02	 -0.0	-0.08	-0.07	30_N	[10.1280625 18.763625  16.4868125]
0.01	 0.09	-0.09	-0.07	30_N	[11.36915 19.89315 17.9687 ]
-0.12	 -0.44	-0.01	0.13	30_N	[ 8.63909434 21.11130189 16.46275472]
0.06	 0.78	-0.08	-0.14	31_S	[ 8.77745833 17.47433333 14.51954167]
0.15	 1.36	0.01	-0.26	31_S	[ 9.2812     15.10353333 11.60813333]
0.11	 1.42	0.36	-0.64	31_S	[ 6.485625 17.713375 11.521875]
-0.08	 -0.36	-0.07	0.09	31_S	[ 7.48145161 19.33609677 11.87093548]
0.03	 0.49	0.09	-0.27	31_S	[ 7.47534091 15.49827273 13.25175   ]
0.09	 0.63	-0.01	-0.2	31_S	[ 6.41508163 14.2667551  11.61895918]
0.13	 0.46	0.02	-0.18	32_S	[ 8.99127273 16.23718182  9.53118182]
-0.08	 -0.26	-0.26	0.07	32_S	[ 8.09266667 17.08761111  7.59644444]
0.15	 0.88	0.03	-0.26	32_S	[ 8.77096 20.20024  8.70736]
0.1	 0.2	-0.13	-0.08	32_S	[ 8.13607692 19.94757692  6.983     ]
-0.18	 -0.73	-0.01	0.2	32_S	[ 5.9047  19.11935  8.555  ]
-0.09	 -0.16	-0.09	0.01	32_S	[ 4.83845455 17.57806061  9.51590909]
0.13	 1.91	0.17	-0.44	33_V	[ 9.69933333 21.31111111  9.38277778]
0.18	 0.9	0.06	-0.3	33_V	[ 9.96115789 21.42363158 11.22910526]
0.15	 0.91	0.01	-0.29	34_G	[10.9871  17.4158   8.15345]
0.01	 -0.1	-0.14	-0.05	34_G	[11.18221569 17.68405882  5.00962745]
0.1	 0.53	-0.04	-0.16	35_K	[12.40447059 15.82829412  7.34117647]
0.12	 1.1	0.02	-0.27	35_K	[13.33983333 14.04522222  8.24894444]
0.15	 1.31	0.08	-0.32	35_K	[13.36914286 13.45035714  9.90992857]
0.12	 0.19	0.0	-0.17	35_K	[11.6565625 15.294125  10.4315   ]
0.09	 0.61	-0.02	-0.2	36_T	[12.41589474 14.20568421  5.82747368]
-0.13	 -0.53	0.14	0.32	36_T	[11.21122222 12.68561111  4.73927778]
-0.05	 0.44	0.03	-0.03	36_T	[11.6085     10.94838235  6.28670588]
-0.06	 -0.33	0.26	0.07	36_T	[12.32553704 10.70125926  3.81692593]
0.21	 1.47	0.08	-0.35	37_S	[11.97591667 14.89266667  3.94191667]
0.13	 0.64	0.08	-0.28	37_S	[12.64555172 14.23362069  0.39568966]
0.19	 1.78	0.04	-0.29	37_S	[12.00625 17.38995  1.49085]
-0.16	 -0.18	1.43	0.16	37_S	[10.66722 15.6473   1.84146]
0.11	 0.77	0.1	-0.33	39_L	[16.58596429  8.86903571  3.65905357]
0.12	 0.96	-0.03	-0.25	40_F	[13.0933  12.38275 -0.8898 ]
0.17	 1.02	0.11	-0.32	40_F	[13.93422222 10.20466667 -0.44922222]
0.12	 0.9	0.16	-0.37	40_F	[14.51571429  8.88671429 -0.78189286]
0.01	 0.34	0.13	-0.22	40_F	[13.25882051 10.10594872  0.86123077]
-0.09	 -0.34	0.04	0.02	40_F	[13.38134375  7.12946875 -1.35246875]
-0.17	 -0.77	-0.07	0.19	40_F	[12.0218      8.8214      1.56211111]
-0.25	 -0.96	-0.02	0.34	40_F	[12.58790244  6.88156098  0.65792683]
0.02	 0.62	0.01	-0.18	41_R	[20.15336364 15.44160606 -4.28842424]
0.11	 1.74	0.21	-0.46	41_R	[15.641      19.22918182 -6.66863636]
-0.09	 -0.17	-0.07	0.07	41_R	[16.65224138 17.72841379 -8.03196552]
-0.02	 0.26	0.01	-0.02	41_R	[14.09865854 17.22421951 -6.95741463]
0.16	 1.35	0.1	-0.34	42_Y	[21.73915625 15.2851875  -2.7675625 ]
0.06	 0.36	0.02	-0.13	42_Y	[22.48624242 12.62121212 -4.03287879]
0.12	 0.74	-0.08	-0.22	42_Y	[23.56875    14.93491667 -2.987     ]
0.06	 0.82	-0.03	-0.19	42_Y	[25.90931034 15.21334483 -2.45048276]
0.13	 0.56	-0.09	-0.14	42_Y	[28.11717143 14.38251429 -1.3638    ]
0.12	 1.24	0.04	-0.26	43_A	[22.21925     8.92241667 -2.26616667]
0.15	 1.45	-0.0	-0.23	43_A	[20.68911111  8.14322222 -3.42688889]
-0.1	 -0.24	-0.02	0.12	43_A	[21.37883721  9.76753488 -5.02160465]
0.09	 0.72	-0.04	-0.19	43_A	[20.92771429  7.71567857 -1.0755    ]
0.01	 0.2	-0.12	-0.0	44_D	[19.11478571  8.74721429 -6.21771429]
0.11	 0.34	-0.05	-0.13	44_D	[19.42628571 10.45271429 -6.63542857]
-0.16	 -0.63	0.08	0.21	44_D	[17.06832  9.96444 -7.63084]
-0.05	 -0.44	-0.04	0.08	44_D	[16.1602963   8.17418519 -5.6147037 ]
-0.19	 -0.74	-0.05	0.23	44_D	[16.63646154  6.40346154 -4.59684615]
-0.13	 -0.4	0.07	0.19	44_D	[18.66357778  6.32464444 -3.71477778]
-0.01	 0.06	0.02	-0.01	44_D	[15.67146154  6.91646154 -3.02061538]
-0.1	 -0.21	0.09	0.06	45_D	[15.51996552 12.82168966 -8.27931034]
-0.06	 -0.09	-0.05	0.03	45_D	[19.32841026 12.59941026 -7.38910256]
-0.14	 -0.72	-0.01	0.12	45_D	[18.38014286 14.31528571 -9.35821429]
-0.13	 -0.2	0.06	0.1	45_D	[16.57082609 15.23786957 -8.8656087 ]
-0.12	 -0.39	0.01	0.16	45_D	[19.8054375  15.82347917 -7.951875  ]
-0.01	 0.41	-0.03	-0.04	46_S	[13.69792857 13.7985     -7.17607143]
-0.02	 1.07	-0.15	-0.3	46_S	[11.48426667 12.33226667 -4.5106    ]
0.05	 0.39	-0.05	-0.17	46_S	[12.54022581 13.23158065 -2.51870968]
-0.19	 -1.02	0.07	0.29	46_S	[12.89275    11.01816667 -6.63033333]
0.01	 0.05	0.04	-0.05	46_S	[13.3151875  10.173875   -4.11659375]
0.09	 -0.18	-0.07	-0.1	47_F	[12.03622222 14.48933333 -6.43005556]
0.19	 2.08	0.05	-0.31	47_F	[11.9316 14.9103 -2.372 ]
-0.12	 -0.19	0.01	0.12	47_F	[ 9.19244737 14.31436842 -5.89723684]
0.1	 0.5	-0.01	-0.15	47_F	[11.24647826 17.28852174 -5.84443478]
0.17	 1.36	0.26	-0.52	47_F	[11.31333333 16.00342857 -1.22419048]
0.02	 -0.82	-0.01	-0.03	47_F	[ 9.18592308 18.73353846 -5.23207692]
0.05	 -0.18	-0.02	-0.1	47_F	[10.0970625  18.4785     -0.11934375]
-0.02	 0.34	-0.19	-0.05	47_F	[ 7.4415     19.95445833 -3.51379167]
-0.1	 -0.18	0.04	0.05	47_F	[ 8.00589189 19.37502703 -1.0812973 ]
0.08	 0.79	-0.1	-0.12	48_T	[10.04314286 14.63247619 -2.056     ]
0.14	 3.24	0.08	-0.3	48_T	[ 6.99325 13.64675 -4.6625 ]
0.05	 0.13	-0.15	-0.15	48_T	[ 7.57315152 15.32036364 -0.19260606]
-0.08	 -0.21	0.01	0.11	48_T	[ 8.53352 12.627   -1.92724]
-0.23	 -0.72	-0.04	0.29	48_T	[ 8.57704651 11.72586047 -4.19418605]
-0.14	 -0.41	0.03	0.11	48_T	[ 5.67675862 12.18181034 -2.43196552]
-0.0	 0.57	-0.1	-0.1	49_P	[ 5.9893  17.8489  -0.88535]
0.07	 1.3	-0.06	-0.11	49_P	[ 4.16553846 16.30107692 -0.52907692]
-0.21	 -0.73	-0.04	0.35	49_P	[ 3.662      17.05735135  0.88764865]
-0.16	 -0.8	0.05	0.23	49_P	[ 3.68237255 18.06658824 -2.77711765]
-0.2	 -0.87	0.04	0.29	49_P	[ 5.25280488 18.59209756 -4.85146341]
-0.09	 -0.08	0.01	0.08	49_P	[ 5.85208571 15.77691429 -4.98182857]
0.11	 1.13	0.02	-0.21	50_A	[ 3.82638462 14.56846154 -2.32107692]
-0.1	 -0.24	-0.05	0.14	50_A	[ 2.33435 14.67715  0.1045 ]
0.13	 2.25	0.12	-0.37	50_A	[ 5.22671429 12.52185714  1.39628571]
-0.11	 -0.99	2.34	0.34	50_A	[ 6.1325     14.48876923  1.82765385]
-0.19	 -0.74	-0.04	0.25	50_A	[ 3.22174545 11.88636364 -0.33821818]
0.01	 -0.02	0.01	-0.08	51_F	[ 2.6752963  13.4397037   2.35448148]
0.12	 0.93	-0.13	-0.14	51_F	[ 5.85418182 14.04563636  3.98518182]
0.16	 1.69	-0.01	-0.28	51_F	[ 2.82957143 11.88471429  3.32342857]
-0.12	 -0.35	0.04	0.14	51_F	[ 2.53974286 12.21962857  5.73677143]
-0.09	 -0.4	-0.07	0.16	51_F	[ 3.39290244 15.79158537  4.30812195]
0.03	 0.47	-0.11	-0.05	51_F	[ 5.06333333 16.56522222  6.29311111]
-0.1	 -0.57	-0.02	0.11	51_F	[ 6.4883913  14.56234783  6.00178261]
-0.17	 -0.94	0.02	0.27	51_F	[ 2.7006   16.105125  6.9089  ]
0.03	 0.58	-0.01	-0.05	51_F	[ 7.00568966 13.90231034  8.02837931]
-0.12	 -0.84	0.08	0.17	51_F	[ 3.0677381 14.9767619  8.8127619]
0.0	 0.01	-0.11	-0.08	51_F	[ 4.49070588 14.44664706 10.16052941]
0.11	 0.37	-0.02	-0.11	52_V	[ 6.03222222 12.05233333  3.89116667]
0.06	 0.97	-0.04	-0.15	52_V	[3.43407143 9.73121429 5.47371429]
-0.05	 -0.0	1.45	0.67	52_V	[ 7.92704878 10.21407317  6.18863415]
-0.09	 -0.27	-0.06	0.09	52_V	[6.59805263 9.24905263 3.79626316]
-0.24	 -1.17	0.11	0.36	52_V	[4.81794545 7.23110909 5.17287273]
-0.14	 -0.88	0.01	0.21	52_V	[4.15228358 9.29731343 2.3770597 ]
0.08	 0.72	-0.0	-0.18	53_S	[ 4.16795652 10.73365217  7.82552174]
0.12	 1.46	-0.0	-0.22	53_S	[ 7.27805556 11.79833333  8.61516667]
0.12	 1.48	0.29	-0.54	53_S	[ 6.3858  8.6838 10.3744]
-0.07	 0.23	-0.12	-0.04	53_S	[6.05105128 7.65310256 8.60846154]
-0.1	 -0.1	-0.04	0.05	53_S	[ 4.59205357 10.96298214 10.54616071]
0.02	 0.56	-0.24	-0.09	53_S	[ 6.74041026 10.94541026 11.74848718]
0.1	 0.03	-0.04	-0.12	54_T	[ 8.71766667 10.59472222  9.28427778]
0.11	 0.09	-0.08	-0.05	54_T	[8.85321429 7.58764286 8.04728571]
0.13	 1.54	0.17	-0.44	54_T	[ 6.925875  7.4025   10.77275 ]
0.12	 1.16	0.05	-0.36	54_T	[ 7.77389831  8.73679661 11.99954237]
0.16	 0.84	-0.11	-0.16	54_T	[10.78608333 10.53016667 10.04583333]
0.03	 0.55	-0.13	-0.09	54_T	[10.86153333  9.99346667  7.6914    ]
0.01	 0.48	-0.01	-0.14	54_T	[11.54875862  6.48503448  8.78913793]
0.12	 0.31	0.03	-0.17	55_V	[8.96575   5.5585625 9.4580625]
0.08	 1.6	0.09	-0.4	55_V	[ 9.89428571  3.702      13.44628571]
-0.07	 0.08	-0.07	0.02	55_V	[10.91734286  3.60211429 11.69797143]
-0.15	 -0.59	-0.03	0.17	55_V	[ 8.58875   3.24625  10.225125]
-0.19	 -0.94	0.1	0.29	55_V	[ 7.35676  2.62186 12.83902]
-0.19	 -0.84	0.01	0.25	55_V	[ 6.01276923  4.65781538 10.26864615]
0.11	 0.8	0.0	-0.21	56_G	[10.73265217  4.08586957 14.60034783]
0.2	 1.6	0.32	-0.55	57_I	[12.83121429  3.72392857 13.55928571]
-0.07	 0.52	-0.04	0.01	57_I	[13.23573333  3.37956667 10.0915    ]
-0.06	 -0.16	-0.02	0.07	57_I	[15.22554237  2.01484746 12.63638983]
0.25	 1.17	0.12	-0.36	58_D	[16.6104   3.043    9.09455]
-0.03	 0.05	-0.15	-0.05	58_D	[13.30173333  5.2342      7.64786667]
-0.09	 -0.31	0.07	0.02	58_D	[14.06278947  3.65884211  5.59815789]
-0.22	 -0.77	0.02	0.33	58_D	[15.1496    2.362625  6.3895  ]
-0.03	 0.2	-0.05	0.02	58_D	[15.19318182  5.29236364  4.61136364]
-0.01	 0.3	0.01	-0.07	59_F	[18.19562069  3.13668966  4.47898276]
0.09	 1.28	0.26	-0.54	59_F	[20.771       2.44685714  4.631     ]
0.07	 0.32	-0.23	-0.05	59_F	[18.34592  2.12264  8.47292]
-0.09	 -0.19	-0.07	0.1	59_F	[21.74128571  0.91925714  5.17734286]
-0.15	 -0.8	0.05	0.2	59_F	[19.62393023  0.30472093  8.5844186 ]
-0.15	 -0.79	0.11	0.18	59_F	[21.0535     -0.2324375   7.19447917]
0.04	 0.45	-0.0	-0.11	60_K	[20.7113913   3.44391304  3.10756522]
0.16	 0.46	0.06	-0.27	60_K	[20.98936842  5.97857895  0.69310526]
-0.09	 -0.77	-0.07	0.07	60_K	[18.91035294  4.555       1.45688235]
0.11	 1.14	0.06	-0.25	60_K	[19.21777778  6.31711111 -0.34811111]
-0.05	 0.01	-0.01	0.04	60_K	[17.19720833  5.49716667 -0.78383333]
0.02	 0.38	-0.04	-0.09	60_K	[15.82647297  6.08710811  1.70745946]
-0.04	 0.08	-0.06	-0.05	61_V	[22.02991667  3.60716667  1.75966667]
0.08	 1.65	0.09	-0.38	61_V	[25.66728571  4.21471429 -0.55857143]
-0.11	 -0.43	0.06	0.18	61_V	[23.42890244  4.84665854 -0.60141463]
-0.13	 -0.98	0.01	0.19	61_V	[24.10506667  2.07386667  1.15853333]
0.06	 0.26	0.11	-0.24	61_V	[26.58751064  2.8736383   1.5916383 ]
-0.06	 -0.24	-0.06	0.01	61_V	[24.71046552  1.79703448  3.8297069 ]
-0.02	 0.29	-0.09	-0.04	62_K	[26.07240909  5.45940909 -1.54195455]
0.15	 0.8	0.03	-0.25	62_K	[23.7647619   7.76471429 -1.26385714]
0.03	 -0.12	-0.02	-0.02	62_K	[26.02517647  7.91794118 -2.86270588]
0.14	 0.98	0.02	-0.31	62_K	[23.79761538  9.14184615 -2.65861538]
0.09	 0.37	-0.01	-0.19	62_K	[26.0337619  12.47033333 -3.21371429]
-0.19	 -0.5	-0.03	0.24	62_K	[25.20318644 10.53       -4.57211864]
0.05	 0.0	0.06	-0.12	63_T	[27.72422222  5.26977778 -1.77638889]
0.09	 1.42	0.01	-0.25	63_T	[31.34183333  7.17933333 -3.67433333]
-0.12	 -0.33	0.05	0.14	63_T	[29.2326      7.71511429 -3.9714    ]
-0.12	 -0.27	-0.01	0.1	63_T	[30.09272727  4.27627273 -3.06422727]
0.05	 0.39	-0.06	-0.11	63_T	[29.45096296  2.81211111 -1.08344444]
0.01	 -0.1	-0.19	0.06	63_T	[33.01696667  4.92251667 -2.75008333]
-0.09	 -0.05	-0.07	0.01	64_I	[31.15235294  9.21852941 -4.00641176]
0.03	 0.55	-0.09	-0.09	64_I	[32.92669231  8.18961538 -3.58515385]
0.18	 1.39	0.27	-0.52	64_I	[34.54495455  7.69236364 -2.65872727]
-0.06	 -0.1	-0.0	0.02	64_I	[31.51118182 11.92522727 -2.90759091]
0.07	 0.23	-0.01	-0.12	64_I	[28.92659259 11.24066667 -2.86437037]
0.16	 0.9	0.05	-0.26	64_I	[30.98464 13.6974  -0.93732]
-0.11	 -0.66	-0.1	0.1	65_Y	[32.82608333 10.41275    -4.44383333]
0.16	 1.42	0.34	-0.59	65_Y	[33.5502 12.4516 -2.8329]
-0.15	 -0.26	-0.05	0.21	65_Y	[34.70597619 13.03585714 -4.51385714]
-0.1	 -0.67	0.03	0.09	65_Y	[35.01271739  9.19406522 -5.27043478]
-0.12	 -0.05	-0.09	0.13	65_Y	[36.98533333  9.261      -6.47733333]
-0.08	 -0.31	-0.11	0.07	65_Y	[37.34914286  7.72914286 -5.42842857]
-0.08	 -0.25	0.07	0.01	65_Y	[37.63172093 11.49232558 -6.05672093]
-0.01	 0.02	-0.05	0.03	65_Y	[39.67235   7.543925 -4.292425]
-0.13	 -0.83	-0.0	0.21	65_Y	[39.71211765 11.46358824 -6.26944118]
-0.15	 -0.75	-0.06	0.18	65_Y	[40.116625  9.196875 -6.443625]
-0.14	 -0.36	0.06	0.18	65_Y	[41.85684211  9.78907895 -4.90836842]
0.08	 0.25	0.01	-0.19	66_R	[37.06476471 13.78929412 -3.30576471]
0.09	 0.72	-0.02	-0.23	66_R	[33.78727273 14.03386364 -2.09231818]
0.05	 0.08	-0.09	-0.09	66_R	[35.72   16.0615 -1.9757]
0.23	 1.4	0.14	-0.38	66_R	[32.48946667 15.57446667 -0.8116    ]
-0.04	 -0.34	-0.29	0.07	66_R	[35.52733333 18.40141667 -1.07191667]
-0.13	 -0.53	-0.02	0.13	66_R	[33.35627273 17.66438636 -2.81636364]
-0.15	 -0.5	0.07	0.18	66_R	[34.07026667 20.29775556 -0.92762222]
-0.03	 0.27	-0.04	-0.0	67_N	[38.209      15.40652174 -2.13013043]
-0.09	 -0.27	-0.09	0.06	67_N	[40.32869231 15.83142308 -1.18580769]
0.03	 0.19	-0.06	-0.12	67_N	[41.67722222 14.78633333 -0.28044444]
0.01	 -0.26	-0.04	-0.05	67_N	[41.92670833 13.193       0.92620833]
0.02	 -0.07	0.0	-0.05	67_N	[39.80529032 14.50822581  2.28422581]
-0.04	 0.28	-0.13	-0.01	67_N	[38.5306875 16.905      2.8066875]
-0.16	 -0.49	-0.01	0.24	67_N	[38.35288372 17.88537209  0.68597674]
0.13	 1.32	0.21	-0.46	67_N	[37.45738462 17.00476923  3.39407692]
0.14	 0.76	0.14	-0.35	68_D	[39.67318182 13.40331818 -3.271     ]
-0.04	 -0.12	-0.13	0.02	68_D	[42.326       9.18337143 -1.4724    ]
-0.1	 -0.42	-0.15	0.13	68_D	[43.667625   11.80053125 -1.57421875]
-0.08	 -0.14	-0.12	0.05	68_D	[43.21559375 13.96509375 -2.8871875 ]
-0.25	 -0.91	-0.02	0.29	68_D	[41.96291429 14.21317143 -4.22294286]
-0.29	 -1.14	0.21	0.48	68_D	[44.97417073 14.25380488 -2.822     ]
0.21	 1.37	0.22	-0.48	69_K	[40.37084615  8.26015385 -1.42646154]
0.11	 0.5	0.07	-0.23	69_K	[40.34405 11.52875  2.84175]
0.14	 1.02	0.05	-0.27	69_K	[41.991625   7.7273125  2.109    ]
-0.13	 -0.5	-0.06	0.13	69_K	[43.65263636 10.67454545  2.3020303 ]
-0.28	 -1.02	0.12	0.38	69_K	[44.54942373  8.42091525  2.34305085]
0.13	 1.59	0.2	-0.47	70_R	[35.09618182  6.23090909 -2.55672727]
0.1	 1.21	-0.0	-0.22	70_R	[35.94111765  6.35741176 -3.44029412]
-0.09	 -0.46	-0.07	0.19	70_R	[36.65332759  4.15803448 -3.92094828]
-0.11	 -0.39	-0.11	0.13	70_R	[37.55653333  2.06986667 -3.35386667]
-0.11	 -0.55	-0.03	0.16	70_R	[39.48515385  2.49084615 -4.07907692]
-0.1	 -0.49	0.06	0.16	70_R	[40.62815217  4.50906522 -3.28086957]
-0.17	 -0.59	0.02	0.27	70_R	[39.8845625   1.38989583 -1.68475   ]
0.18	 1.38	0.26	-0.51	72_K	[29.342625  5.1085    4.467125]
0.06	 0.76	0.02	-0.25	72_K	[30.45661538  5.50323077  5.37792308]
0.15	 1.2	0.03	-0.23	72_K	[31.6929375  3.654      4.233625 ]
0.02	 0.06	-0.03	-0.18	72_K	[28.73439286  3.71039286  3.7665    ]
0.02	 0.26	0.0	-0.14	72_K	[30.5118      1.56626667  3.77033333]
-0.02	 0.09	-0.11	-0.02	72_K	[28.19567568  1.10978378  2.17121622]
-0.19	 -0.9	0.08	0.28	72_K	[28.7922 -0.8011  2.0602]
0.13	 1.41	0.34	-0.6	74_Q	[28.20952  5.619    5.77016]
0.03	 0.39	-0.0	-0.14	74_Q	[27.06270213  4.38908511  6.88248936]
-0.08	 -0.25	-0.16	0.07	74_Q	[26.6566  2.5207  8.057 ]
-0.05	 -0.1	0.06	0.04	74_Q	[26.14883871  3.07696774 10.47816129]
-0.11	 -0.57	0.04	0.14	74_Q	[24.93754545  1.07065909  8.09181818]
0.04	 0.2	0.04	-0.15	76_W	[23.05365714  1.96431429 11.54654286]
0.19	 0.89	0.01	-0.26	76_W	[18.68271429  1.96438095 11.92666667]
-0.11	 -0.04	-0.11	0.1	76_W	[20.94744444  1.07425926 12.01866667]
0.18	 1.05	0.09	-0.36	77_D	[15.74241176  8.204       6.25841176]
0.17	 1.4	0.33	-0.57	77_D	[14.81115385  9.90161538  5.60615385]
0.2	 1.56	0.21	-0.47	77_D	[13.60690909 11.74036364  8.35895455]
0.01	 0.11	-0.16	-0.06	77_D	[13.70946154  8.507       6.72861538]
0.12	 1.04	0.04	-0.29	78_T	[12.77073077 11.80207692 10.57811538]
0.11	 1.39	-0.02	-0.23	79_A	[10.71415 10.81145 11.83865]
0.04	 0.92	-0.11	-0.25	79_A	[ 9.21216 10.19664 13.4764 ]
0.1	 0.36	0.01	-0.27	80_G	[10.13329412 12.95602941 12.93344118]
0.13	 1.79	0.17	-0.43	80_G	[ 8.89445455 15.39572727 15.72936364]
0.06	 -0.28	-0.03	-0.14	80_G	[10.02814286 15.81942857 16.95317857]
0.08	 0.96	0.02	-0.23	81_L	[ 7.61238462 14.92092308 16.33730769]
0.13	 0.29	-0.02	-0.2	81_L	[ 5.6405  12.2385  17.28575]
0.15	 1.01	0.04	-0.35	81_L	[ 7.59845833 12.50425    13.93475   ]
-0.08	 -0.02	-0.09	0.05	81_L	[ 5.06079221 11.16935065 14.30662338]
-0.18	 -1.01	0.04	0.25	81_L	[ 4.89432203 14.63577966 15.54005085]
0.06	 0.56	-0.04	-0.13	82_E	[ 7.62360606 14.05139394 18.75469697]
0.05	 1.65	-0.09	-0.05	82_E	[ 6.93771429 11.378      21.63871429]
-0.01	 0.01	-0.02	0.01	82_E	[ 8.90509524 10.42004762 22.52695238]
-0.1	 -0.56	-0.03	0.15	82_E	[ 7.27845946 14.33378378 20.94935135]
-0.04	 -0.1	-0.15	0.0	82_E	[ 9.2264  13.22765 23.29885]
-0.15	 -0.71	-0.08	0.16	82_E	[ 7.59565517 14.93224138 23.97003448]
-0.28	 -0.94	0.15	0.42	82_E	[ 7.95253659 16.54387805 23.21268293]
-0.29	 -1.12	0.21	0.47	82_E	[ 7.09880952 14.16369048 25.18935714]
0.05	 1.45	-0.03	-0.09	83_R	[ 6.2652 11.5075 19.7327]
-0.17	 -1.13	-0.0	0.16	83_R	[ 6.14592857  9.49178571 21.20528571]
-0.12	 -0.37	0.01	0.15	83_R	[ 8.59343478  7.4615     21.34458696]
-0.05	 -0.3	-0.02	0.01	83_R	[ 5.03456522  9.96126087 18.62465217]
-0.12	 -0.38	0.0	0.08	83_R	[ 5.4462      6.96016667 19.9049    ]
-0.09	 0.06	-0.06	-0.01	83_R	[ 4.01555882  8.05694118 17.44985294]
-0.13	 -0.85	-0.07	0.18	83_R	[ 4.24277273  5.30931818 19.17413636]
-0.0	 -0.11	-0.12	0.06	83_R	[ 3.25980952  5.17071429 17.63971429]
-0.23	 -0.96	0.08	0.34	83_R	[ 2.46422222  5.98695556 16.0174    ]
-0.32	 -1.45	0.3	0.54	83_R	[ 2.54565217  3.63915217 18.16647826]
0.12	 1.14	-0.06	-0.22	84_Y	[10.096     6.356875 19.708   ]
0.15	 1.6	0.16	-0.42	84_Y	[11.48264286  7.03392857 20.73985714]
0.02	 0.57	-0.08	-0.03	84_Y	[ 9.21417857  4.91896429 17.66689286]
-0.01	 -0.2	-0.02	-0.01	84_Y	[ 7.43654286  4.33717143 16.29428571]
0.14	 1.28	0.04	-0.35	84_Y	[ 6.825       8.77847619 14.50485714]
-0.04	 -0.09	-0.02	-0.07	84_Y	[ 5.47715385  5.87017949 14.28392308]
0.14	 1.54	0.33	-0.58	85_R	[10.862     8.752375 21.794875]
-0.02	 -0.05	-0.09	0.0	85_R	[11.318375   10.18204167 23.038     ]
-0.1	 -0.47	0.04	0.07	85_R	[13.71488889 11.44975    23.77919444]
-0.05	 -0.02	-0.18	0.06	85_R	[12.98233333 14.04759259 23.01477778]
-0.01	 0.05	-0.01	-0.04	85_R	[12.06608772 15.66007018 20.5962807 ]
0.04	 0.49	-0.16	-0.16	86_T	[11.91211111  7.718      22.30411111]
0.08	 0.77	-0.08	-0.16	86_T	[14.84863636  8.01413636 23.88540909]
0.07	 0.33	-0.07	-0.18	86_T	[16.6649697   5.17751515 22.68069697]
-0.18	 -0.69	0.01	0.22	86_T	[12.20078947  5.66557895 23.62705263]
-0.3	 -0.99	0.11	0.43	86_T	[12.98653846  7.24664103 25.37912821]
-0.21	 -1.03	0.07	0.32	86_T	[14.39747826  4.25955072 24.47242029]
0.1	 0.72	0.0	-0.31	87_I	[12.87552632  5.37226316 21.36926316]
-0.01	 0.35	-0.13	-0.01	87_I	[15.40683333  3.51238889 20.58733333]
0.18	 1.54	0.24	-0.5	87_I	[17.13245455  3.51627273 18.80763636]
-0.12	 -0.34	-0.03	0.15	87_I	[13.2636087   3.09330435 19.93069565]
-0.02	 0.11	0.05	-0.06	87_I	[15.54384  2.38668 18.16568]
-0.04	 -0.53	-0.01	-0.0	87_I	[11.43195238  4.746      19.23514286]
-0.13	 -0.54	0.07	0.16	87_I	[13.04436364  2.14869091 16.4054    ]
0.12	 1.26	0.22	-0.48	89_T	[19.58742857  7.6325     22.69878571]
0.03	 0.47	-0.09	-0.15	89_T	[17.1567    8.56685  23.469675]
0.15	 1.44	0.16	-0.43	89_T	[16.72169231 10.745      23.40023077]
0.15	 0.95	0.06	-0.25	90_A	[19.75825     6.16341667 22.42270833]
0.11	 1.01	0.06	-0.31	90_A	[20.79        3.74507143 18.85428571]
-0.0	 -0.04	-0.07	0.02	90_A	[22.44328571  3.72914286 19.73728571]
-0.12	 -0.43	-0.02	0.06	90_A	[18.87115789  3.35208772 20.92787719]
0.12	 0.98	-0.0	-0.25	91_Y	[22.9685      4.74588889 17.81938889]
0.15	 1.34	0.3	-0.55	91_Y	[24.01352941  5.738      17.63270588]
0.11	 1.42	0.13	-0.42	91_Y	[20.6842  3.4774 17.4224]
0.09	 1.29	0.25	-0.5	91_Y	[19.91241667  3.20341667 17.62791667]
0.02	 0.33	0.01	-0.21	91_Y	[21.69420588  3.03014706 16.25467647]
-0.01	 0.0	-0.2	-0.0	91_Y	[18.24377778  2.403      17.72      ]
-0.15	 -0.51	-0.04	0.18	91_Y	[21.0323125   1.18971875 15.0018125 ]
-0.14	 -0.32	-0.03	0.08	91_Y	[19.6481  1.4153 16.8735]
-0.16	 -0.22	0.06	0.2	91_Y	[17.82958491  0.6595283  15.07649057]
0.18	 -0.09	0.04	-0.25	93_R	[27.78088889  5.59166667 19.72488889]
0.01	 0.39	-0.02	-0.12	93_R	[29.31421622  7.5117027  18.86735135]
0.07	 0.8	0.09	-0.27	93_R	[26.31489286  7.80771429 22.34725   ]
0.08	 0.42	-0.0	-0.16	93_R	[25.61504  4.787   20.07108]
-0.13	 -0.57	-0.06	0.17	93_R	[26.50130233  4.66190698 22.9765814 ]
-0.19	 -1.17	0.01	0.24	93_R	[24.88132143  2.61275    22.32003571]
-0.05	 0.14	-0.03	0.02	93_R	[23.76394118  3.41029412 23.29535294]
-0.03	 -0.04	0.05	-0.03	93_R	[22.68365854  5.88326829 23.50204878]
-0.23	 -0.98	0.13	0.37	93_R	[22.29220455  2.14540909 22.85631818]
0.18	 1.33	0.05	-0.31	94_G	[25.57417647  5.64864706 17.82235294]
-0.12	 -0.63	-0.03	0.16	94_G	[27.82470588  5.12955882 17.02652941]
0.16	 0.72	-0.04	-0.19	94_G	[29.32888889  7.78988889 16.61733333]
-0.13	 -0.45	0.04	0.16	94_G	[29.47990625  6.8805625  14.66121875]
-0.0	 0.26	0.04	-0.13	95_A	[29.59442424 10.33812121 14.18345455]
-0.02	 0.3	-0.03	-0.11	95_A	[29.642925 10.479    16.94265 ]
0.15	 0.67	0.06	-0.27	97_G	[29.82026316 13.02336842 12.86326316]
0.15	 0.81	0.06	-0.29	103_D	[ 9.43943478 23.26630435  9.30904348]
0.01	 0.38	0.06	-0.19	103_D	[ 8.0958125  23.67075     7.23896875]
-0.07	 -0.07	-0.02	0.06	105_T	[ 6.147125   28.8406875   9.14283333]
0.08	 1.05	-0.09	-0.2	105_T	[ 6.395      28.58766667  5.79475   ]
-0.06	 -0.27	-0.0	0.06	105_T	[ 7.07432258 26.67103226  6.30919355]
0.12	 0.51	-0.0	-0.18	105_T	[ 8.85305405 28.69005405  3.88243243]
0.05	 0.69	-0.16	-0.05	106_N	[ 6.46376923 27.83223077 11.32946154]
0.08	 0.31	-0.08	-0.16	106_N	[ 7.67476 25.25768 10.01724]
0.03	 0.1	-0.13	-0.05	106_N	[ 6.99713043 25.46630435 12.91634783]
0.12	 1.23	0.11	-0.37	106_N	[ 7.42882353 24.98105882 14.19141176]
-0.24	 -0.9	0.09	0.38	106_N	[ 5.79127419 24.68648387 12.09019355]
0.07	 0.68	0.04	-0.17	107_E	[ 7.10954167 28.97458333 12.667625  ]
-0.09	 -0.43	0.02	0.13	107_E	[ 7.084325 30.62945  14.7546  ]
-0.14	 -0.68	0.02	0.21	107_E	[ 8.20760606 31.90509091 16.95257576]
-0.09	 -0.43	0.01	0.06	107_E	[10.0005625 33.514125  16.3573125]
0.03	 -0.23	-0.01	-0.03	107_E	[ 9.42172 33.59452 14.09664]
0.09	 0.39	0.04	-0.14	107_E	[10.788      32.39008333 17.6325    ]
0.02	 0.5	-0.02	-0.14	108_E	[ 7.04909091 27.80209091 15.708     ]
0.13	 1.86	0.1	-0.33	108_E	[ 7.346  27.656  17.4116]
-0.12	 -0.37	0.03	0.04	108_E	[ 6.51597297 25.32189189 16.04      ]
-0.23	 -1.04	-0.02	0.29	108_E	[ 6.48587097 23.63454839 17.69587097]
-0.19	 -0.95	-0.04	0.24	108_E	[ 6.92935714 24.35707143 20.05578571]
-0.18	 -0.55	0.11	0.25	108_E	[ 6.7635     26.55585714 19.756     ]
-0.07	 -0.19	0.06	0.06	108_E	[ 9.08781579 24.12436842 19.82084211]
0.17	 1.57	0.19	-0.45	109_S	[ 8.87146154 23.58015385 15.05784615]
0.12	 0.91	0.07	-0.31	109_S	[ 9.53053333 23.1721     12.70606667]
0.18	 1.02	0.11	-0.33	110_F	[15.56759259 27.79996296 17.88833333]
0.15	 0.85	0.03	-0.31	110_F	[14.0423  30.3239  17.14235]
-0.03	 -0.08	-0.02	0.01	110_F	[15.91296429 31.57846429 16.72242857]
0.15	 1.08	0.04	-0.28	110_F	[17.75513333 31.83673333 15.98486667]
0.01	 0.07	-0.02	-0.04	111_N	[13.43378571 28.812      19.12142857]
0.15	 1.19	0.03	-0.26	111_N	[11.62954545 25.64281818 20.33963636]
-0.01	 0.13	-0.11	-0.01	111_N	[14.13712245 26.05440816 21.04355102]
-0.1	 -0.38	-0.01	0.13	111_N	[10.65952174 27.60730435 20.52604348]
-0.2	 -0.79	-0.05	0.22	111_N	[10.1574 29.6634 20.156 ]
-0.11	 -0.2	0.11	0.11	111_N	[11.69312121 30.75260606 19.09148485]
-0.07	 0.18	0.04	-0.06	111_N	[ 8.45157143 29.01064286 18.71735714]
0.15	 -0.18	-0.09	-0.17	112_A	[12.18673333 24.01146667 20.49633333]
0.04	 0.17	-0.01	-0.11	112_A	[11.96284375 22.022125   19.344     ]
0.22	 1.62	0.12	-0.38	114_Q	[16.89531579 26.30352632 19.56478947]
-0.05	 -0.13	-0.13	0.04	114_Q	[16.7752 26.4588 22.0207]
-0.14	 -0.5	-0.05	0.18	114_Q	[17.83907317 25.47058537 24.56309756]
-0.24	 -1.04	-0.04	0.22	114_Q	[20.1841 26.7972 24.9289]
-0.01	 0.21	0.01	-0.07	114_Q	[20.57616667 28.09427083 22.9700625 ]
-0.12	 -0.28	0.01	0.11	114_Q	[21.44343243 24.84805405 24.25894595]
0.14	 0.7	-0.03	-0.22	115_D	[16.73254545 20.69009091 24.11681818]
0.09	 0.38	-0.16	-0.12	115_D	[16.6254375 18.9683125 22.1623125]
0.06	 0.38	-0.24	-0.03	115_D	[17.52892857 18.671      23.45707143]
-0.1	 -0.42	0.02	-0.03	115_D	[14.72458333 20.29552778 21.73438889]
-0.12	 -0.5	-0.18	0.19	115_D	[14.11990909 22.10577273 24.11131818]
-0.1	 -0.16	0.05	0.13	115_D	[15.44164706 23.11362745 24.56380392]
-0.26	 -0.92	0.08	0.36	115_D	[12.64395  22.03005  23.086825]
0.13	 1.5	0.21	-0.47	116_W	[16.0995 19.33   20.874 ]
0.14	 1.45	0.1	-0.37	116_W	[16.67972727 18.322      20.51681818]
0.18	 1.04	0.64	-1.21	116_W	[14.4835  20.46575 19.2645 ]
0.08	 0.89	0.01	-0.24	116_W	[15.076   18.052   19.62675]
0.16	 0.96	0.03	-0.26	116_W	[13.68858333 19.79216667 18.67141667]
-0.01	 -0.14	-0.13	-0.08	116_W	[13.69392857 18.27685714 18.99478571]
0.11	 0.64	-0.02	-0.22	116_W	[15.66964706 16.76482353 19.98735294]
0.09	 0.65	-0.03	-0.21	116_W	[11.95278261 17.51065217 17.7503913 ]
0.2	 1.48	0.29	-0.54	116_W	[15.0102 15.5993 20.1572]
0.17	 1.53	0.12	-0.37	117_S	[22.68572727 21.12627273 23.13736364]
0.23	 1.08	0.19	-0.45	117_S	[24.01589474 20.02810526 21.00055263]
0.15	 1.37	0.29	-0.54	117_S	[21.92958333 22.52983333 22.6135    ]
0.09	 0.44	-0.02	-0.22	117_S	[23.82234286 22.84145714 21.68211429]
0.13	 1.5	0.21	-0.47	118_T	[21.40308333 21.88066667 23.53833333]
0.07	 0.38	-0.07	-0.15	118_T	[22.2413 20.4333 25.0281]
0.14	 1.12	-0.02	-0.17	118_T	[18.39552941 19.74411765 25.00964706]
-0.11	 -0.32	-0.04	0.03	118_T	[19.87015385 22.09794872 25.53097436]
-0.21	 -0.85	0.02	0.28	118_T	[20.1554918  18.8527541  27.00057377]
0.21	 1.81	0.21	-0.48	119_Q	[19.55969231 16.46061538 24.82707692]
0.16	 1.57	0.15	-0.41	119_Q	[17.16352632 16.92810526 21.82847368]
0.1	 0.62	-0.02	-0.22	119_Q	[15.73308696 15.32921739 21.77430435]
0.2	 0.87	0.04	-0.31	119_Q	[15.88216667 13.05583333 23.75858333]
-0.13	 -0.43	-0.03	0.16	119_Q	[17.04451852 15.35244444 24.395     ]
0.23	 1.42	0.22	-0.48	120_I	[24.05606667 18.98306667 19.39186667]
0.03	 0.29	-0.15	-0.1	120_I	[25.84272093 17.57144186 20.02625581]
0.1	 0.71	-0.03	-0.22	121_K	[26.673125   16.67329167 23.054     ]
0.07	 0.73	-0.05	-0.18	121_K	[24.99466667 16.45066667 26.39683333]
-0.16	 -0.34	-0.03	0.2	121_K	[26.77505714 15.24651429 25.70362857]
-0.08	 -0.28	0.0	0.07	121_K	[24.65180645 18.49941935 25.88890323]
0.01	 0.43	0.11	-0.14	121_K	[25.07663889 20.22244444 23.66886111]
-0.17	 -0.75	-0.12	0.26	121_K	[27.52943243 18.98505405 23.97937838]
-0.07	 -0.14	-0.05	0.0	121_K	[26.65704545 21.56690909 22.27906061]
-0.32	 -0.95	0.06	0.44	121_K	[29.11496667 21.24751667 22.34623333]
-0.02	 -0.04	-0.05	0.05	122_T	[24.123375  14.6358125 27.4309375]
-0.11	 -0.48	0.04	0.14	122_T	[25.01782353 11.88794118 26.40873529]
0.13	 1.08	0.03	-0.29	122_T	[20.31709091 14.29672727 25.865     ]
-0.06	 -0.18	0.0	-0.0	122_T	[21.66186275 16.06056863 27.08547059]
-0.19	 -0.85	0.09	0.23	122_T	[21.58330769 12.71957692 28.00655769]
0.09	 0.42	-0.15	-0.09	123_Y	[23.978       9.85583333 24.49025   ]
-0.02	 -0.1	-0.02	-0.09	123_Y	[25.7591 10.5497 23.7912]
0.14	 0.66	0.08	-0.31	123_Y	[24.72216129  8.98574194 22.68683871]
0.0	 0.33	-0.15	-0.06	123_Y	[21.76156  8.40766 24.50706]
-0.15	 -0.97	0.02	0.2	123_Y	[19.97472093  8.5274186  26.19969767]
0.01	 0.13	-0.08	-0.11	123_Y	[18.22636364 12.32875758 25.26657576]
0.12	 1.67	0.1	-0.37	123_Y	[18.56404348 10.30982609 26.03682609]
-0.3	 -0.95	0.06	0.49	123_Y	[17.8423617  10.22059574 26.96204255]
0.1	 0.59	0.05	-0.26	124_S	[27.87661905 10.515      22.6822381 ]
-0.04	 -0.27	-0.1	-0.01	124_S	[27.9535   13.12235  23.731675]
0.2	 1.1	0.07	-0.32	124_S	[27.22033333 15.13033333 21.06966667]
0.08	 0.76	-0.0	-0.22	125_W	[30.63395652 12.08534783 23.28008696]
0.17	 1.73	0.02	-0.29	125_W	[30.142875 14.359625 22.775375]
0.05	 -0.28	-0.03	-0.09	125_W	[29.49431579 15.11594737 20.99831579]
0.03	 0.49	0.03	-0.14	125_W	[31.464125   10.91122917 19.6841875 ]
-0.0	 0.45	0.11	-0.2	125_W	[31.915      9.5330625 21.3205625]
-0.1	 -0.18	-0.08	0.1	125_W	[33.47888235 10.65719608 22.72443137]
0.02	 0.7	0.04	-0.19	125_W	[30.83203846  8.73869231 22.32646154]
-0.24	 -0.8	0.06	0.33	125_W	[33.53067742  8.44187097 23.99054839]
-0.05	 0.29	0.04	-0.07	125_W	[31.77016667  7.78016667 23.00108333]
0.1	 0.34	0.01	-0.13	125_W	[29.61        8.33017647 21.52294118]
-0.25	 -1.23	0.13	0.37	125_W	[31.98228205  6.24725641 24.124     ]
-0.03	 0.24	-0.0	-0.13	125_W	[29.08915625  6.24353125 21.953625  ]
-0.22	 -0.96	-0.06	0.3	125_W	[29.9633617   5.34510638 23.26078723]
0.01	 0.14	-0.1	-0.1	126_D	[31.31085 15.93785 22.1985 ]
0.09	 0.63	-0.02	-0.21	126_D	[34.4550625 16.358875  20.418    ]
-0.11	 -0.08	0.01	0.05	126_D	[32.27902564 17.1955641  19.52571795]
-0.07	 -0.52	0.01	0.09	126_D	[34.33121739 15.33915217 22.57867391]
-0.06	 -0.57	-0.03	0.08	126_D	[33.29968182 14.81522727 24.69354545]
-0.37	 -1.13	0.18	0.51	126_D	[31.928625   15.63515625 25.11046875]
-0.18	 -0.53	0.04	0.23	126_D	[33.91526667 13.18282222 24.59588889]
0.15	 2.12	0.06	-0.35	127_N	[35.16888889 16.17866667 19.42911111]
0.04	 0.28	-0.14	-0.09	127_N	[32.9945 14.0921 16.3866]
0.13	 0.44	0.05	-0.22	127_N	[33.68445 15.4396  15.3028 ]
-0.11	 -0.56	-0.06	0.18	127_N	[34.93654545 13.51381818 17.06327273]
-0.04	 -0.1	-0.03	0.01	127_N	[36.39636 14.20724 19.04416]
-0.16	 -0.27	-0.02	0.27	127_N	[35.83234884 13.16574419 20.34518605]
-0.03	 0.24	-0.05	-0.03	127_N	[38.25171186 14.67508475 17.56705085]
0.11	 0.4	-0.03	-0.2	128_A	[31.99777778 13.34594444 18.24861111]
-0.05	 0.09	-0.11	-0.11	128_A	[30.64208333 13.53495833 16.01658333]
-0.0	 -0.13	-0.05	-0.02	128_A	[30.43205882 18.00297059 17.43626471]
0.17	 1.22	0.22	-0.46	128_A	[29.28907143 14.58214286 18.2825    ]
0.19	 1.53	0.11	-0.35	129_Q	[30.9678  15.26885 13.96885]
0.13	 1.48	0.02	-0.29	129_Q	[30.6093 19.2246 15.1862]
0.22	 1.21	0.22	-0.48	129_Q	[30.06256522 19.09391304 12.01156522]
0.17	 1.13	0.05	-0.3	129_Q	[33.38303846 16.07207692 13.08519231]
0.17	 0.94	0.0	-0.27	129_Q	[33.62210526 19.27694737 14.26126316]
-0.19	 -0.66	-0.01	0.27	129_Q	[32.57608333 20.49613889 14.01186111]
-0.01	 0.16	-0.04	-0.02	129_Q	[33.99925926 18.9692963  16.14377778]
0.07	 0.07	-0.14	-0.07	130_V	[29.02688889 20.10440741 14.829     ]
0.18	 1.49	0.26	-0.51	130_V	[28.516      20.11211765 11.929     ]
0.05	 0.27	-0.06	-0.15	130_V	[28.61782759 22.06948276 13.39617241]
0.11	 1.81	0.09	-0.36	130_V	[27.71925 20.8435  16.12575]
0.06	 0.77	-0.02	-0.2	130_V	[27.203      18.86725714 17.45045714]
0.18	 1.17	0.11	-0.39	131_L	[29.35815152 20.90633333 10.33581818]
0.16	 0.88	0.05	-0.28	135_N	[12.83270968 20.90164516  3.08767742]
0.16	 1.39	0.11	-0.37	136_K	[12.99852632 23.82694737  1.49221053]
0.23	 1.03	0.13	-0.36	136_K	[10.8533     28.19673333  2.1618    ]
-0.02	 -0.01	-0.24	-0.0	136_K	[10.28608333 25.35470833  2.332375  ]
0.04	 0.25	-0.09	-0.07	136_K	[11.2377  23.1884   2.48025]
-0.1	 -0.55	-0.03	0.09	136_K	[ 8.68411538 24.14357692  3.74953846]
-0.06	 -0.23	-0.03	0.04	136_K	[ 9.6802963  20.94262963  4.18018519]
-0.26	 -0.9	0.06	0.38	136_K	[ 7.25665789 21.73747368  5.22294737]
0.1	 1.24	0.26	-0.53	137_C	[14.84728571 28.69628571 -1.265     ]
-0.05	 0.06	-0.09	-0.0	137_C	[14.67577419 30.50809677 -0.88703226]
0.12	 1.06	0.03	-0.25	137_C	[16.5506  30.44515  1.55005]
0.07	 -0.03	-0.04	-0.16	137_C	[17.10770732 28.45597561 -0.58668293]
0.02	 0.17	0.1	-0.11	138_D	[13.622   28.55492 -2.14904]
-0.07	 0.21	-0.17	0.03	138_D	[ 9.8924  28.68588 -0.96288]
-6.91	 -0.26	-0.03	0.31	138_D	[10.56277778 30.20569444 -2.57783333]
-0.02	 0.35	-0.06	-0.12	138_D	[12.26707317 26.91560976 -3.43036585]
0.15	 1.16	-0.01	-0.27	138_D	[10.55216667 26.47875     0.18741667]
0.04	 0.38	-0.14	-0.12	138_D	[11.52729412 24.40423529 -0.09      ]
-0.14	 -0.23	-0.12	0.14	138_D	[ 9.7085122  25.51414634 -1.50190244]
0.17	 1.04	0.13	-0.4	140_E	[ 9.47241379 31.16796552  0.36751724]
0.16	 1.42	-0.06	-0.19	140_E	[ 9.097   35.13425 -0.071  ]
-0.06	 -0.24	0.02	0.08	140_E	[ 9.46631429 35.56417143  2.33877143]
-0.14	 -0.66	-0.11	0.19	140_E	[10.61957143 34.12765714 -1.30602857]
-0.12	 -0.29	0.05	0.11	140_E	[13.18775676 33.14732432 -1.29935135]
-0.14	 -0.22	0.02	0.12	140_E	[13.6898     35.48226667  0.52646667]
-0.06	 -0.01	0.02	0.06	140_E	[12.25886957 35.81773913  1.958     ]
-0.1	 -0.66	0.05	0.11	140_E	[15.23793939 33.66978788  0.94345455]
-0.0	 0.22	-0.11	-0.04	141_D	[ 7.05325 35.56175  0.78685]
0.12	 1.48	0.11	-0.39	141_D	[ 4.6164 33.3844  2.0977]
-0.18	 -0.49	0.02	0.24	141_D	[ 5.64471111 34.86464444  3.42886667]
-0.13	 -0.58	-0.05	0.14	141_D	[ 4.54325926 33.9367037  -0.07555556]
-0.04	 0.08	-0.02	0.01	141_D	[ 5.7765     33.57173077 -1.85226923]
-0.28	 -1.1	0.13	0.45	141_D	[ 6.67937143 35.33954286 -2.16008571]
-0.23	 -0.42	0.05	0.2	141_D	[ 6.81575    32.22634091 -2.107     ]
-0.09	 0.01	-0.03	0.1	142_E	[ 5.03509091 32.77581818  4.91590909]
0.11	 0.49	-0.05	-0.2	142_E	[ 6.58228571 33.46164286  5.99585714]
0.14	 -0.03	-0.07	-0.17	142_E	[ 6.11476471 31.49652941  6.85958824]
-0.07	 -0.62	-0.15	0.04	142_E	[ 5.59194286 29.65848571  4.8018    ]
-0.21	 -1.05	0.05	0.27	142_E	[ 3.60088372 30.5382093   3.26537209]
-0.05	 0.11	-0.03	0.04	142_E	[ 4.79675 30.1603   1.57625]
0.01	 0.17	-0.17	0.01	142_E	[ 7.2225  30.54025  1.36595]
-0.26	 -0.99	0.08	0.35	142_E	[ 3.7563  30.68095  0.237  ]
0.18	 1.37	0.28	-0.53	143_R	[ 8.29       34.50416667  4.47908333]
-0.15	 -0.21	-0.0	0.17	143_R	[ 8.49116279 35.27451163  6.91548837]
0.11	 0.72	-0.16	-0.07	143_R	[10.0605 35.2162  4.7058]
0.07	 0.33	-0.0	-0.21	143_R	[11.6813  35.2806   7.00245]
-0.09	 -0.24	-0.07	0.12	143_R	[13.20516327 35.91010204  5.33679592]
0.09	 -0.1	-0.01	-0.16	143_R	[14.34527273 35.28818182  3.21527273]
0.04	 0.57	-0.03	-0.15	143_R	[15.791125  34.7338125  4.6159375]
0.12	 1.51	0.17	-0.45	143_R	[15.49485714 34.91371429  5.97814286]
0.11	 0.68	-0.07	-0.18	143_R	[16.40145833 32.91691667  2.78325   ]
-0.04	 0.56	-0.14	0.02	144_V	[ 8.706      35.17985714  9.33221429]
0.09	 0.58	0.01	-0.17	144_V	[11.10071429 35.21328571  9.33585714]
-0.06	 -0.41	0.02	0.07	144_V	[10.65651515 35.31009091 11.51518182]
-0.05	 -0.24	-0.14	0.0	144_V	[ 7.9614375 33.1969375 11.8539375]
-0.18	 -1.02	0.05	0.27	144_V	[ 6.19058491 32.95633962  9.65701887]
0.21	 0.99	0.11	-0.38	144_V	[ 7.37264286 30.89707143 11.24221429]
0.17	 1.31	0.07	-0.34	145_V	[12.92258333 35.21366667  8.86858333]
0.05	 0.52	-0.0	-0.24	146_S	[13.43990476 35.66214286 10.71842857]
0.08	 0.91	-0.07	-0.21	146_S	[14.52717391 35.93708696  7.80647826]
-0.16	 -0.86	-0.04	0.25	146_S	[15.33441304 37.71767391  9.27595652]
0.08	 0.29	-0.06	-0.0	146_S	[16.52370588 38.08935294 11.58047059]
0.1	 0.96	0.05	-0.26	147_S	[17.08756667 35.86506667  7.17046667]
-0.02	 -0.0	-0.04	-0.06	147_S	[20.32805  34.825825  6.09165 ]
-0.18	 -0.46	-0.02	0.16	147_S	[18.2618  34.77704  4.72488]
0.12	 1.08	0.09	-0.33	148_E	[22.29485714 37.21792857 10.00757143]
0.08	 0.67	-0.1	-0.18	148_E	[20.28742105 37.13310526 13.36478947]
-0.01	 0.04	-0.15	-0.09	148_E	[22.16216667 36.66236667 12.57636667]
-0.1	 -0.41	0.01	0.12	148_E	[20.15284 38.66356 11.56724]
0.0	 -0.07	-0.09	-0.03	148_E	[20.50297872 38.47087234  8.42946809]
-0.14	 -0.75	-0.09	0.16	148_E	[20.34071429 40.79264286  9.39435714]
-0.26	 -0.74	-0.03	0.36	148_E	[18.44432558 40.67369767  9.94144186]
-0.31	 -1.01	0.21	0.47	148_E	[21.59702439 41.54743902  8.92243902]
0.14	 1.33	-0.02	-0.3	149_R	[19.16051724 35.90268966 14.75644828]
0.12	 0.4	0.03	-0.18	149_R	[19.56596 33.5406  15.52312]
0.11	 0.59	0.02	-0.21	149_R	[17.32653846 34.19992308 15.19207692]
-0.16	 -0.56	0.03	0.21	149_R	[17.28186207 37.00603448 14.5852069 ]
-0.08	 -0.32	0.01	0.09	149_R	[14.414375   36.94171875 13.77178125]
-0.12	 -0.24	-0.0	0.11	149_R	[15.10345 35.2837  16.25505]
-0.17	 -0.73	-0.03	0.21	149_R	[12.8795 35.7687 15.8599]
-0.02	 0.15	0.04	-0.08	149_R	[11.94127586 35.22117241 14.18344828]
-0.12	 -0.34	-0.01	0.15	149_R	[13.077525 33.650725 17.1324  ]
0.13	 1.16	0.28	-0.56	151_R	[24.88654545 34.37390909 13.06990909]
0.16	 1.23	-0.09	-0.21	151_R	[23.8863 35.2264 11.5428]
0.03	 0.22	-0.08	-0.12	151_R	[25.79023529 33.34639216 10.70966667]
-0.17	 -0.57	0.01	0.18	151_R	[25.53013333 35.37528889  9.7554    ]
0.0	 0.16	0.02	-0.18	151_R	[24.02365 33.4734   7.6193 ]
-0.12	 -0.61	-0.05	0.13	151_R	[25.178   35.24425  6.5595 ]
-0.19	 -0.68	0.02	0.27	151_R	[24.89232203 37.41555932  7.58632203]
-0.14	 -0.51	0.03	0.17	151_R	[22.73957778 35.59288889  6.05253333]
0.1	 1.18	-0.03	-0.24	152_Q	[23.68575  35.091375 12.92825 ]
0.02	 0.51	-0.03	-0.14	152_Q	[24.49218519 35.05751852 14.81925926]
0.09	 1.46	0.02	-0.33	152_Q	[22.48271429 33.39471429 17.58785714]
0.11	 0.94	0.01	-0.26	152_Q	[24.0912  33.61448 17.61452]
0.04	 0.49	-0.02	-0.2	152_Q	[22.0565     35.79721429 15.59585714]
-0.17	 -0.6	-0.14	0.17	152_Q	[22.70139024 35.24478049 17.34068293]
-0.04	 0.15	0.04	-0.11	152_Q	[21.35948 37.39536 16.5502 ]
-0.27	 -0.86	0.01	0.43	152_Q	[22.00633333 38.6097381  16.169     ]
-0.27	 -0.88	-0.01	0.4	152_Q	[20.36237097 36.79835484 17.93154839]
0.14	 1.37	0.13	-0.39	153_L	[20.98933333 33.03775    16.46708333]
0.14	 1.08	-0.06	-0.11	153_L	[21.75264286 32.11085714 17.96607143]
0.11	 -0.88	-0.02	-0.15	153_L	[19.62421429 31.502      17.0375    ]
-0.05	 -0.17	-0.07	0.04	153_L	[20.13764583 29.78027083 19.87602083]
0.1	 0.67	0.01	-0.18	153_L	[17.92565517 28.6262069  18.11958621]
0.25	 1.4	0.4	-0.63	154_A	[26.19614286 29.447      12.24107143]
0.07	 0.05	0.03	-0.18	155_D	[28.68004167 30.01004167 15.75041667]
0.08	 0.31	-0.14	-0.11	155_D	[27.8101 32.4512 18.0817]
-0.14	 -0.36	-0.01	0.22	155_D	[29.10997059 30.63770588 18.38073529]
-0.11	 -0.56	0.03	0.16	155_D	[27.66735484 33.4976129  16.33058065]
-0.14	 -0.73	-0.02	0.16	155_D	[29.124      32.72393333 14.07326667]
-0.04	 -0.04	0.06	-0.04	155_D	[27.74571795 31.38766667 12.71225641]
-0.17	 -0.52	-0.05	0.25	155_D	[27.47123077 34.60842308 13.55467308]
0.14	 1.32	0.12	-0.36	156_H	[26.1281 32.7155 18.3249]
-0.11	 -0.97	-0.03	0.1	156_H	[27.13591667 31.71791667 20.12683333]
0.15	 1.26	-0.18	-0.18	156_H	[27.82975 29.712   20.35   ]
-0.1	 -0.34	0.05	0.09	156_H	[26.8305     29.1065     21.75308824]
-0.06	 -0.17	-0.13	0.03	156_H	[24.01492593 32.59988889 19.52822222]
0.03	 0.21	-0.11	-0.01	156_H	[22.86336364 31.69790909 20.96009091]
0.06	 0.63	-0.2	-0.13	156_H	[22.388625 30.57875  21.294125]
-0.2	 -0.93	0.06	0.3	156_H	[25.09762 33.00592 22.39044]
-0.15	 -0.35	-0.1	0.16	156_H	[23.31472131 29.68222951 23.41337705]
-0.23	 -0.97	0.17	0.35	156_H	[24.5056129  31.82980645 24.35851613]
0.11	 0.59	-0.11	-0.1	157_L	[26.033      26.74527273 21.05190909]
-0.07	 -0.6	-0.12	0.05	157_L	[27.9951 27.0335 20.3054]
-0.1	 0.2	-0.01	0.15	157_L	[27.431      24.80418182 19.90557576]
0.04	 0.3	0.03	-0.16	157_L	[23.925      26.09605405 21.81710811]
0.12	 1.84	0.08	-0.32	158_G	[28.53491667 28.31125    19.34233333]
-0.16	 -0.75	0.02	0.25	158_G	[30.0887561  27.17360976 18.04519512]
0.01	 0.41	0.05	-0.16	158_G	[29.57385714 27.26757143 15.63342857]
-0.2	 -0.67	0.07	0.28	158_G	[30.30975    24.66       16.33604545]
0.14	 1.26	-0.17	-0.08	159_F	[29.16481818 24.38181818 13.919     ]
0.02	 -0.07	-0.21	-0.01	159_F	[29.57505882 26.041      13.19158824]
0.02	 0.32	-0.09	-0.1	159_F	[28.055      28.46791892 13.34237838]
0.09	 0.55	-0.06	-0.17	159_F	[28.24382353 22.69964706 16.19164706]
-0.0	 0.76	-0.1	-0.1	159_F	[27.40019048 22.37780952 18.76971429]
0.16	 1.2	0.11	-0.37	159_F	[25.23615686 22.01711765 19.48966667]
0.16	 1.39	0.08	-0.4	160_E	[29.11472727 24.21263636 12.67854545]
0.04	 0.45	-0.12	-0.06	160_E	[29.10642857 27.27235714 11.16885714]
-0.03	 0.01	-0.16	-0.06	160_E	[30.58842424 23.75754545 11.28418182]
-0.06	 -0.18	-0.1	0.06	160_E	[31.21894118 26.52482353 10.79552941]
-0.16	 -0.67	0.08	0.13	160_E	[30.59455172 27.01924138  8.51524138]
-0.17	 -0.77	0.06	0.25	160_E	[33.15481579 25.29828947 10.25744737]
0.06	 0.23	-0.02	-0.15	161_F	[27.4486     27.92913333  9.25433333]
-0.07	 -0.39	-0.02	0.07	161_F	[26.08955263 28.35318421  6.07360526]
0.04	 0.4	-0.01	-0.18	161_F	[25.84077778 29.89211111  9.96040741]
0.03	 0.49	-0.01	-0.14	161_F	[23.76018182 30.49072727  7.25218182]
0.05	 0.64	-0.0	-0.17	161_F	[21.93275    31.336       6.70417857]
0.16	 1.79	0.03	-0.24	162_F	[23.79952941 28.02494118  4.81594118]
0.18	 0.73	-0.02	-0.19	162_F	[25.41054545 27.16863636  3.49118182]
0.08	 0.44	-0.02	-0.19	162_F	[28.64042308 26.33703846  6.35769231]
-0.07	 -0.33	-0.04	0.02	162_F	[27.26539394 26.05945455  2.15284848]
-0.09	 0.08	0.0	0.04	162_F	[29.06110256 25.68617949  3.81361538]
0.1	 -0.16	0.06	-0.24	163_E	[22.10757143 28.81895238  4.33914286]
0.1	 0.64	0.07	-0.12	163_E	[20.64214815 28.11214815  1.09525926]
-0.04	 -0.2	-0.03	-0.01	163_E	[20.17422581 29.89809677  3.37783871]
0.18	 1.48	0.27	-0.52	163_E	[19.9646875 31.625125   5.553375 ]
-0.09	 -0.36	-0.05	0.09	163_E	[18.89459259 31.85855556  3.47744444]
0.2	 1.59	0.22	-0.47	165_S	[13.30731579 23.33789474 -0.42073684]
0.19	 1.82	0.1	-0.36	166_A	[13.98669565 21.89486957  0.75091304]
0.15	 1.1	-0.01	-0.24	166_A	[12.97586364 19.48763636  0.90904545]
0.17	 1.14	0.18	-0.4	167_K	[12.5446875 20.94375   -0.8111875]
0.0	 0.11	0.06	-0.13	167_K	[13.19394595 20.42072973 -6.17048649]
0.11	 0.32	-0.02	-0.15	167_K	[10.91247619 22.04842857 -1.42371429]
0.09	 1.02	-0.1	-0.12	167_K	[10.58384211 21.82457895 -5.57642105]
-0.04	 0.62	-0.11	0.02	167_K	[ 8.60942105 22.68342105 -2.44926316]
-0.12	 -0.25	-0.01	0.12	167_K	[ 8.79759615 23.46990385 -5.33228846]
-0.26	 -1.25	0.17	0.44	167_K	[ 7.00783019 24.51026415 -4.24750943]
-0.05	 0.07	-0.11	0.06	168_D	[14.16673333 22.70073333 -6.741     ]
-0.05	 0.37	-0.01	-0.04	168_D	[15.86416667 22.24533333 -6.7235    ]
-0.08	 -0.86	0.0	0.06	168_D	[17.1823913  24.19413043 -6.33517391]
-0.02	 -0.13	-0.03	-0.04	168_D	[14.97311765 25.45905882 -5.61182353]
0.08	 0.47	0.0	-0.18	168_D	[12.32132143 24.69957143 -5.85775   ]
0.15	 1.55	0.14	-0.39	168_D	[11.11241667 25.42066667 -4.74725   ]
-0.31	 -1.11	0.09	0.49	168_D	[12.417175 26.1592   -6.55035 ]
0.14	 1.49	0.32	-0.56	169_N	[15.76933333 20.72788889 -6.12133333]
-0.05	 0.12	-0.04	0.01	169_N	[20.21323684 22.59473684 -5.85352632]
-0.03	 0.51	-0.02	-0.08	169_N	[17.38196429 20.50271429 -7.09617857]
0.14	 1.74	0.14	-0.41	169_N	[20.97       19.584      -5.82222727]
0.12	 0.86	0.03	-0.3	169_N	[20.90975 18.3454  -4.9027 ]
-0.18	 -0.39	-0.16	0.22	169_N	[20.53082353 19.65921569 -7.67709804]
-0.08	 -1.1	-0.19	0.06	170_I	[20.70545455 24.25818182 -4.806     ]
-0.03	 -0.41	-0.02	-0.03	170_I	[18.46085 25.67915 -4.9116 ]
-0.1	 -0.88	-0.12	0.14	170_I	[20.96565 26.892   -3.3659 ]
0.07	 0.67	-0.04	-0.2	170_I	[16.19928571 26.2797619  -3.01533333]
-0.16	 -0.71	0.02	0.24	170_I	[19.09716667 28.43634722 -2.77780556]
0.09	 0.53	-0.06	-0.22	171_N	[22.10564103 24.08333333 -3.19130769]
0.16	 1.33	0.44	-0.66	171_N	[21.34454545 27.06618182 -0.50809091]
-0.07	 -0.22	-0.26	0.11	171_N	[22.5736  27.41045 -0.6122 ]
-0.06	 -0.02	0.02	0.07	171_N	[24.782025 26.601325 -1.18395 ]
-0.04	 -0.17	-0.04	0.07	171_N	[23.99374074 27.76133333  1.54737037]
0.21	 1.45	0.22	-0.47	172_V	[21.59465217 19.4811087  -3.0721087 ]
0.16	 1.1	0.11	-0.38	173_K	[26.83660417 19.09252083 -3.1028125 ]
0.06	 0.7	-0.77	0.15	173_K	[22.94966667 16.71426667 -3.4932    ]
-0.16	 -0.75	-0.04	0.19	173_K	[25.09757692 16.59030769 -5.12480769]
-0.22	 -0.91	-0.05	0.32	173_K	[26.20475556 19.06793333 -6.34302222]
-0.07	 0.28	-0.01	0.01	173_K	[23.50856716 19.81910448 -6.2470597 ]
0.11	 1.23	0.07	-0.31	174_Q	[28.78408333 21.91533333 -0.62008333]
0.13	 0.81	0.12	-0.29	174_Q	[28.87558333 22.49641667  1.56095833]
-0.02	 -0.21	-0.05	-0.04	174_Q	[27.64163158 24.41221053 -0.09073684]
-0.13	 -0.87	0.03	0.15	174_Q	[27.78107143 23.68678571 -2.49866667]
-0.13	 -0.46	-0.3	0.19	174_Q	[26.01841667 22.36820833 -4.12341667]
0.11	 0.98	-0.03	-0.26	174_Q	[24.50703125 21.4323125  -3.6111875 ]
-0.21	 -1.05	0.08	0.27	174_Q	[25.08960526 24.97802632 -3.85760526]
0.13	 1.46	0.12	-0.38	177_E	[31.65613333 20.3058      1.71233333]
0.18	 0.94	0.01	-0.19	177_E	[30.54328571 20.51371429  0.14007143]
0.11	 1.27	0.06	-0.34	177_E	[29.50095 16.52725 -1.24035]
0.13	 0.98	-0.01	-0.23	177_E	[29.69173333 19.09786667 -3.47553333]
-0.05	 -0.05	-0.01	0.03	177_E	[30.10512245 20.56895918 -2.43785714]
-0.23	 -0.24	-0.15	0.29	177_E	[29.88542857 17.40930612 -3.41536735]
0.18	 1.02	0.04	-0.3	178_R	[30.385875 20.944625  2.03475 ]
0.15	 1.53	0.16	-0.36	178_R	[31.32354545 21.34745455  2.86627273]
0.21	 1.23	0.06	-0.34	178_R	[29.9286 22.8354  3.1321]
-0.13	 -0.46	-0.01	0.12	178_R	[31.83967647 23.91185294  3.70673529]
-0.02	 0.24	-0.02	-0.01	178_R	[34.31247826 23.08208696  4.68982609]
-0.12	 -0.4	-0.03	0.16	178_R	[33.89453846 25.27338462  5.60892308]
0.02	 0.15	-0.04	-0.05	178_R	[32.27321429 25.83810714  6.74903571]
-0.08	 -0.31	0.01	0.08	178_R	[35.35728261 23.90684783  7.36173913]
0.18	 1.45	0.2	-0.46	181_D	[36.90818182 17.83936364  4.75263636]
0.17	 1.48	0.13	-0.38	181_D	[37.61245455 18.333       5.93890909]
0.04	 0.5	-0.07	-0.1	181_D	[36.2612619  19.92945238  4.5       ]
0.04	 0.35	-0.0	-0.11	181_D	[36.19394444 19.26627778  1.70266667]
-0.06	 -0.06	-0.12	-0.02	181_D	[34.13755882 20.84364706  2.13202941]
0.14	 1.95	0.16	-0.42	182_V	[35.5394375 20.3253125  9.6645   ]
0.16	 0.69	0.03	-0.26	182_V	[36.06204348 18.79356522 11.60295652]
0.06	 0.18	-0.04	-0.16	182_V	[32.46329545 20.36704545 11.12059091]
0.07	 0.31	-0.1	-0.12	182_V	[33.84995652 22.10721739  9.84278261]
0.19	 1.59	0.15	-0.44	183_I	[34.63009091 15.33290909 11.73636364]
0.01	 0.03	0.0	-0.15	183_I	[37.41437931 13.90213793 10.61537931]
0.13	 0.8	0.0	-0.24	183_I	[31.73895 14.72405 11.78705]
-0.05	 -0.23	-0.0	0.07	183_I	[34.19598039 12.7597451  10.93994118]
0.1	 0.69	-0.03	-0.21	183_I	[30.91504545 12.34263636 10.33781818]
0.08	 -0.4	-0.11	-0.1	184_C	[38.20825   13.5601875  8.2500625]
0.1	 0.8	0.04	-0.23	184_C	[40.10466667 16.73575     7.59491667]
-0.12	 -0.05	-0.14	0.05	184_C	[40.47326087 14.64965217  8.78330435]
-0.02	 0.07	-0.08	-0.04	184_C	[38.83159459 15.94264865  5.73389189]
0.13	 0.65	0.03	-0.24	184_C	[38.47354545 12.93281818  5.01075758]
0.07	 0.88	-0.14	-0.11	185_E	[40.981      18.17616667  8.72094444]
0.13	 0.59	0.07	-0.29	185_E	[39.437125 18.734    12.41775 ]
-0.08	 -0.04	-0.24	0.05	185_E	[41.16352632 18.85163158 11.49042105]
-0.06	 -0.46	0.05	0.01	185_E	[38.95826667 20.01903333 10.12843333]
-0.13	 -0.63	-0.0	0.13	185_E	[39.6746087  19.36004348  6.83730435]
-0.01	 0.21	-0.18	-0.0	185_E	[38.364775 21.674     7.26495 ]
-0.11	 -0.18	-0.08	0.1	185_E	[37.34348571 22.24057143  8.77494286]
-0.3	 -1.09	0.21	0.47	185_E	[40.0161   22.221225  6.561825]
0.19	 1.67	0.15	-0.41	186_K	[37.7657 18.4337 12.0602]
0.02	 0.3	0.04	-0.14	186_K	[38.94226923 14.38261538 13.34542308]
0.17	 1.18	0.14	-0.39	186_K	[39.94097872 15.34280851 15.22785106]
0.04	 0.29	-0.13	-0.1	186_K	[35.97610345 15.48693103 13.57131034]
0.14	 0.92	0.03	-0.32	186_K	[36.49694118 15.32758824 15.19      ]
-0.01	 0.15	-0.01	-0.06	186_K	[37.64834286 19.24725714 14.3782    ]
-0.08	 0.04	0.05	0.02	186_K	[38.19619444 18.51402778 16.98416667]
-0.14	 -0.21	-0.05	0.17	186_K	[36.04418605 18.18818605 18.37097674]
-0.02	 0.11	0.05	-0.08	188_S	[41.72116667 13.64066667 11.16183333]
-0.14	 -0.57	-0.17	0.11	188_S	[44.1966  13.71155 10.3953 ]
0.12	 0.76	-0.09	-0.19	188_S	[44.25663636 17.40927273 11.36027273]
-0.02	 0.04	-0.09	-0.03	188_S	[45.86961111 15.91163889 12.15180556]
-0.14	 -0.59	-0.05	0.15	188_S	[42.96276744 16.23325581  8.67211628]
-0.3	 -1.25	0.26	0.49	188_S	[45.26627273 16.61433333  8.92851515]
0.14	 1.58	0.18	-0.43	189_E	[43.0845  17.7925  11.69075]
-0.01	 -0.49	-0.04	0.01	189_E	[44.6053125 17.957625  13.7236875]
0.08	 0.68	-0.14	-0.14	189_E	[42.38733333 17.0065     16.14566667]
-0.09	 -0.32	-0.15	0.06	189_E	[44.85919444 16.89097222 16.42438889]
0.04	 0.37	0.0	-0.2	189_E	[41.96541667 18.45458333 14.04254167]
-0.18	 -1.03	-0.02	0.22	189_E	[43.41033333 19.81221212 15.51615152]
-0.07	 -0.32	-0.04	0.1	189_E	[41.13694118 20.20185294 15.44329412]
-0.13	 -0.08	-0.03	0.03	189_E	[40.26302632 19.22463158 16.67663158]
-0.31	 -1.12	0.25	0.52	189_E	[41.56539474 21.81471053 15.18842105]
0.14	 1.54	0.17	-0.42	190_S	[41.716125 15.951875 15.586875]
-0.11	 0.09	0.03	0.09	190_S	[42.47377778 14.92283333 16.99872222]
0.17	 0.23	-0.03	-0.17	190_S	[45.22511111 14.46055556 17.15344444]
-0.14	 -0.45	0.01	0.2	190_S	[44.59245946 12.09654054 17.36283784]
-0.24	 -0.42	-0.23	0.23	190_S	[40.82672093 13.26830233 16.65267442]
-0.08	 -0.16	0.03	0.02	190_S	[42.0985     11.89354545 14.29375   ]
0.1	 1.16	-0.05	-0.14	191_L	[47.22254545 12.15227273 16.174     ]
-0.01	 0.22	-0.16	-0.03	191_L	[48.9697 12.8284 15.046 ]
-0.12	 -0.24	-0.09	0.1	191_L	[48.50031429 14.73391429 13.41122857]
-0.02	 -0.25	-0.01	-0.03	191_L	[47.20907692 12.17602564 12.87210256]
0.13	 1.67	-0.0	-0.29	191_L	[43.8528 10.5034 13.6246]
-0.19	 -0.89	0.03	0.3	191_L	[45.31430556 10.44455556 11.72880556]
-0.23	 -1.32	0.11	0.35	191_L	[45.83112963  9.4625     15.05492593]
-0.09	 -0.12	-0.05	0.03	192_D	[47.36591304 14.17021739 17.08630435]
-0.18	 -0.82	-0.02	0.21	192_D	[49.05505556 15.04833333 17.95044444]
-0.06	 0.02	-0.0	0.03	192_D	[48.11952381 16.88492857 15.54211905]
-0.37	 -1.12	0.09	0.53	192_D	[48.779125  17.9178125 17.2300625]
-0.21	 -0.79	0.04	0.23	192_D	[50.78253571 13.80942857 15.74578571]
-0.14	 -0.54	-0.06	0.13	192_D	[51.95585185 15.51251852 16.57685185]
-0.24	 -0.64	0.09	0.33	192_D	[51.56012121 16.86393939 17.6430303 ]
-0.28	 -1.07	0.21	0.48	192_D	[53.32406977 14.8157907  15.82488372]
