-0.32	 -1.31	0.25	0.51	501_A	[53.74015789 32.99623684 16.16410526]
0.09	 1.24	-0.03	-0.16	501_A	[55.83942857 33.45157143 16.08      ]
-0.07	 -0.0	-0.04	0.09	501_A	[56.2663 31.2525 15.8918]
-0.16	 -0.4	-0.09	0.17	501_A	[54.90235135 30.18748649 17.83694595]
-0.11	 -0.57	-0.02	0.17	501_A	[55.26504 34.10208 19.32228]
-0.3	 -0.52	0.08	0.42	501_A	[56.47608333 34.11441667 16.205     ]
-0.14	 -0.57	-0.02	0.21	501_A	[57.12676471 33.75794118 19.61270588]
-0.24	 -0.86	0.21	0.42	501_A	[54.92378261 35.06647826 18.27304348]
-0.25	 -0.95	0.1	0.38	501_A	[54.2855     32.81311111 19.47961111]
0.05	 0.94	-0.18	-0.01	502_P	[57.74825 31.03825 16.119  ]
0.06	 0.83	-0.03	-0.17	502_P	[57.81642857 30.22557143 16.23757143]
-0.01	 0.21	-0.05	-0.08	502_P	[56.97276471 31.06538235 20.65876471]
-0.05	 -0.07	-0.09	0.11	502_P	[60.42678571 29.19071429 17.52878571]
-0.06	 0.23	-0.06	0.08	502_P	[60.87066667 32.06083333 18.19922222]
0.01	 0.79	0.18	-0.37	502_P	[58.72029412 32.59529412 16.54805882]
-0.09	 -0.21	-0.01	0.09	502_P	[57.09990909 28.84245455 17.11609091]
0.01	 0.66	-0.02	0.01	502_P	[60.7817  29.29945 18.95775]
-0.26	 -0.68	0.15	0.42	502_P	[59.92515 29.8261  16.20255]
-0.01	 0.69	-0.04	-0.04	502_P	[59.77732143 32.32664286 19.71264286]
-0.26	 -0.71	0.17	0.42	502_P	[61.09073913 32.24347826 17.05      ]
-0.12	 -0.72	0.01	0.23	502_P	[58.29430769 34.103      18.04976923]
-0.23	 -0.59	0.09	0.32	502_P	[58.48608 32.75776 15.79316]
0.08	 0.55	-0.02	-0.2	503_L	[59.723      26.51688235 22.21841176]
-0.11	 -0.63	-0.03	0.13	503_L	[60.727125   27.61633333 20.51491667]
0.05	 0.05	-0.01	-0.16	503_L	[57.88333333 25.02477778 21.69411111]
0.07	 0.74	0.08	-0.08	503_L	[55.6545     26.10916667 19.4525    ]
-0.12	 -0.56	0.0	0.17	503_L	[55.37867742 24.13112903 20.90406452]
-0.1	 -0.17	-0.06	0.17	503_L	[54.36940625 27.73628125 21.81665625]
-0.06	 0.04	0.04	-0.02	503_L	[57.93641667 27.04029167 18.62220833]
0.1	 0.1	-0.14	-0.09	503_L	[56.703      29.12441667 22.36008333]
-0.13	 -0.05	-0.09	0.19	503_L	[58.27357143 25.36380952 20.23271429]
-0.12	 -0.37	-0.13	0.04	503_L	[57.68321053 26.2        23.12152632]
-0.15	 -0.21	-0.12	0.15	503_L	[55.64515789 27.21231579 18.95026316]
-0.21	 -1.35	0.24	0.36	503_L	[54.17778261 24.62352174 20.28730435]
-0.2	 -0.77	0.25	0.37	503_L	[56.65427273 24.30427273 19.52718182]
-0.21	 -1.25	0.07	0.37	503_L	[55.94890476 24.34609524 22.37490476]
-0.22	 -0.71	0.16	0.43	503_L	[53.45484 26.72796 20.91292]
-0.28	 -1.19	0.08	0.43	503_L	[55.12433333 26.81244444 23.28105556]
-0.2	 -0.56	-0.03	0.26	503_L	[54.98014286 28.9855     21.27114286]
0.08	 1.61	0.13	-0.48	504_T	[60.6092 26.8532 23.0226]
0.02	 0.83	-0.2	-0.04	504_T	[60.24721429 26.28157143 24.158     ]
-0.19	 -0.69	-0.03	0.17	504_T	[58.8642069  27.17175862 25.73482759]
0.04	 0.25	-0.11	0.04	504_T	[61.97057143 30.49271429 24.27485714]
-0.15	 -0.53	0.03	0.2	504_T	[59.26038462 30.87957692 24.93080769]
-0.16	 -0.72	-0.18	0.18	504_T	[61.12389474 31.81652632 22.22105263]
-0.03	 0.28	0.03	-0.15	504_T	[57.75547826 28.85652174 23.39256522]
-0.06	 -0.24	-0.07	0.1	504_T	[61.80908696 27.68569565 22.7126087 ]
-0.11	 0.02	0.01	0.03	504_T	[62.4964  29.9352  24.61535]
-0.05	 0.2	-0.02	0.03	504_T	[60.57491429 29.98845714 26.64134286]
-0.25	 -0.92	0.22	0.43	504_T	[61.33229167 32.31825    23.29083333]
-0.13	 -0.69	-0.03	0.23	504_T	[61.92321739 30.66717391 21.2526087 ]
0.04	 0.66	0.0	-0.15	504_T	[59.12964706 31.12658824 22.19470588]
0.09	 0.98	-0.04	-0.26	505_Y	[62.198    26.551125 24.363375]
0.15	 1.7	0.16	-0.43	505_Y	[62.407      29.285      27.32088889]
-0.16	 -0.47	-0.11	0.18	505_Y	[64.45803333 28.22776667 27.04463333]
-0.04	 0.47	-0.02	-0.04	505_Y	[62.92257143 25.10821429 25.20871429]
-0.06	 0.05	-0.1	0.09	505_Y	[62.37183333 23.07       26.646     ]
-0.03	 -0.18	-0.09	0.01	505_Y	[60.44641667 23.76108333 27.60283333]
-0.03	 0.14	0.05	-0.09	505_Y	[63.57352174 22.92073913 27.41665217]
-0.09	 -0.96	-0.03	0.06	505_Y	[60.44696667 23.20516667 29.21513333]
0.01	 0.33	-0.1	0.0	505_Y	[63.51080645 22.64683871 30.08667742]
-0.09	 -0.29	-0.12	0.05	505_Y	[61.93690909 22.34872727 29.62368182]
-0.28	 -1.13	0.2	0.4	505_Y	[61.73156 21.00444 31.07796]
-0.13	 -0.65	-0.1	0.18	505_Y	[63.01707143 27.8135     24.47271429]
0.06	 0.73	0.03	-0.21	505_Y	[60.239     27.4946875 27.425875 ]
-0.11	 -0.36	0.08	0.15	505_Y	[61.48652174 24.9133913  25.08121739]
-0.08	 -0.68	0.09	0.18	505_Y	[64.06817647 25.50158824 26.06058824]
-0.22	 -0.6	0.01	0.34	505_Y	[59.47929412 24.45829412 27.13782353]
-0.07	 -0.01	-0.16	0.02	505_Y	[64.86727273 24.42845455 27.51481818]
-0.29	 -0.84	0.24	0.58	505_Y	[59.05305882 22.53317647 29.18635294]
-0.13	 -0.09	-0.17	0.15	505_Y	[64.27909091 22.42209091 30.64472727]
-0.25	 -0.86	0.15	0.4	505_Y	[60.17267857 21.47360714 31.04717857]
0.16	 1.57	0.24	-0.49	506_E	[61.12446154 28.56484615 28.296     ]
-0.01	 0.35	-0.01	-0.07	506_E	[62.80325581 26.2782093  32.26448837]
-0.08	 0.26	-0.12	0.07	506_E	[60.65977778 29.306      30.57088889]
-0.04	 -0.47	-0.08	-0.01	506_E	[62.6130625 30.297     32.7830625]
-0.09	 0.39	-0.05	0.04	506_E	[63.57820833 31.723625   30.68808333]
-0.28	 -0.99	0.04	0.33	506_E	[63.36157576 31.39790909 28.94527273]
-0.24	 -0.83	0.19	0.31	506_E	[64.93754762 32.0937381  31.86642857]
-0.02	 0.05	-0.11	0.03	506_E	[60.8647619  27.02195238 29.40119048]
0.18	 1.3	-0.06	-0.21	506_E	[64.76081818 29.44172727 29.19927273]
-0.17	 -0.51	-0.32	0.41	506_E	[61.0640625 30.2565625 29.657625 ]
-0.21	 -0.59	0.07	0.27	506_E	[60.8625     28.51427778 31.54388889]
-0.32	 -0.7	0.37	0.22	506_E	[61.81357143 31.1112381  32.66228571]
0.01	 0.44	-0.1	-0.07	506_E	[63.8174  29.5424  33.24885]
0.13	 1.32	0.04	-0.3	507_L	[64.341  27.7877 33.7603]
-0.05	 0.32	-0.29	0.09	507_L	[66.54025    29.61494444 33.27052778]
0.08	 2.09	-0.05	-0.19	507_L	[68.940125 26.52725  32.003375]
0.06	 0.53	-0.06	0.08	507_L	[66.99866667 25.23966667 28.45166667]
-0.15	 -1.0	0.03	0.18	507_L	[69.48933333 25.00583333 29.4031    ]
0.02	 0.58	-0.06	-0.15	507_L	[66.16446154 23.28388462 31.00076923]
-0.05	 -0.03	0.13	-0.04	507_L	[65.94589474 28.63210526 30.05031579]
-0.05	 0.29	-0.05	0.02	507_L	[68.32904348 27.52613043 31.02165217]
-0.02	 0.54	-0.11	-0.04	507_L	[68.6968     25.42346667 32.29453333]
-0.01	 -0.16	-0.1	0.02	507_L	[66.48888889 26.23738889 28.52044444]
-0.22	 -1.2	0.14	0.37	507_L	[68.49717391 24.43469565 28.21734783]
-0.25	 -1.05	0.28	0.48	507_L	[69.53468421 26.63878947 29.24678947]
-0.23	 -0.85	0.32	0.35	507_L	[69.51366667 24.12238889 30.65988889]
-0.1	 -0.23	-0.02	0.09	507_L	[66.26138462 23.43203846 28.70534615]
-0.18	 -0.32	-0.1	0.2	507_L	[67.07668 23.26152 31.53224]
0.1	 2.26	-0.02	-0.24	508_P	[64.49483333 26.887      34.43366667]
0.03	 1.04	0.05	-0.27	508_P	[64.6259 27.2304 35.2635]
-0.01	 0.27	-0.11	-0.06	508_P	[69.1985  26.94855 34.8112 ]
-0.02	 0.06	0.12	-0.23	508_P	[65.35378947 26.63831579 37.483     ]
-0.1	 0.12	-0.09	0.15	508_P	[65.90966667 24.0844     36.6028    ]
0.0	 0.69	0.01	-0.16	508_P	[65.12321053 24.73642105 34.17257895]
-0.07	 0.12	-0.0	0.04	508_P	[65.45873077 28.95426923 35.49096154]
-0.13	 -0.27	-0.02	0.2	508_P	[66.9847  26.4578  38.27925]
-0.2	 -0.72	0.11	0.38	508_P	[64.40722222 26.62433333 37.09188889]
-0.19	 -0.65	0.08	0.28	508_P	[67.62642857 24.34238095 36.29933333]
-0.26	 -0.68	0.14	0.4	508_P	[64.821875 24.066375 36.6085  ]
-0.06	 -0.6	-0.11	0.11	508_P	[67.3008     24.2608     33.84193333]
-0.13	 -0.59	-0.06	0.17	508_P	[64.43788462 24.67261538 33.90823077]
0.14	 1.26	0.37	-0.61	509_D	[67.811375 28.13575  38.16825 ]
-0.06	 0.04	-0.1	-0.02	509_D	[69.49543333 26.76923333 38.33196667]
0.06	 0.81	0.02	-0.26	509_D	[70.086375  30.8568125 38.7886875]
-0.1	 -0.5	-0.04	0.04	509_D	[69.23916 31.94824 37.06388]
-0.23	 -0.84	-0.0	0.36	509_D	[68.33321622 31.75740541 35.56383784]
-0.35	 -1.23	0.29	0.55	509_D	[68.400125   33.27915625 38.5008125 ]
-0.15	 -0.25	-0.19	0.1	509_D	[66.77377778 29.73088889 37.30011111]
0.01	 0.24	0.01	-0.1	509_D	[69.15927778 29.80461111 35.05288889]
-0.11	 -0.05	-0.07	0.09	509_D	[68.38680769 29.84046154 39.219     ]
-0.07	 -0.05	-0.14	0.04	509_D	[71.0365 30.9112 38.5147]
0.09	 1.55	0.07	-0.32	510_E	[71.31671429 26.72771429 35.92828571]
0.1	 1.1	-0.04	-0.22	510_E	[75.03616667 28.0385     38.469     ]
-0.09	 -0.37	0.01	0.16	510_E	[73.79546667 29.6891     38.54526667]
0.05	 0.67	-0.18	-0.04	510_E	[73.44063636 27.89527273 34.98872727]
0.06	 1.23	0.06	-0.28	510_E	[75.213      26.96344444 36.08288889]
-0.07	 -0.11	-0.15	0.11	510_E	[76.04338462 27.84453846 34.94338462]
-0.24	 -0.69	0.02	0.26	510_E	[74.98884444 26.20902222 33.53846667]
-0.03	 -0.03	-0.12	0.02	510_E	[77.76698077 26.02201923 34.90355769]
-0.03	 0.11	-0.04	-0.01	510_E	[71.57119231 29.51234615 35.87038462]
-0.13	 -0.73	-0.13	0.17	510_E	[71.42075   26.0969375 36.772125 ]
-0.19	 -0.8	-0.07	0.19	510_E	[72.38894737 27.046      34.91721053]
-0.22	 -0.66	0.1	0.23	510_E	[74.4648 28.9624 35.7612]
0.14	 0.11	0.07	-0.25	510_E	[75.9721  27.26735 37.5716 ]
0.04	 -0.31	-0.01	-0.11	510_E	[73.99021875 24.788875   36.4030625 ]
0.06	 1.06	0.39	-0.71	511_T	[75.1205  28.04925 39.57725]
0.16	 1.39	0.08	-0.34	511_T	[75.7113913  26.95395652 40.63243478]
0.06	 -0.11	-0.01	-0.1	511_T	[75.53992 26.34256 43.198  ]
0.1	 0.65	0.26	-0.48	511_T	[73.10688889 27.24177778 42.95711111]
-0.09	 -0.34	-0.1	0.16	511_T	[72.45314706 25.20226471 41.59270588]
-0.13	 -0.37	-0.12	0.07	511_T	[70.67289286 28.51635714 41.47985714]
0.06	 0.61	0.06	-0.1	511_T	[72.55365 25.46545 39.1468 ]
-0.03	 -0.01	-0.15	-0.07	511_T	[74.77720833 28.83241667 40.96970833]
-0.16	 -0.05	-0.15	0.18	511_T	[73.65128 27.6962  43.26088]
-0.32	 -1.39	0.29	0.52	511_T	[71.36295 25.40095 42.77445]
-0.23	 -0.91	0.15	0.4	511_T	[70.65984 27.67736 42.8634 ]
-0.1	 -0.42	-0.04	0.15	511_T	[71.992      29.64375    41.30553571]
0.03	 0.47	-0.05	-0.2	511_T	[70.13253846 27.74538462 40.28076923]
0.11	 0.73	-0.02	-0.33	512_A	[74.14633333 24.50622222 40.36      ]
0.04	 0.99	-0.06	-0.2	512_A	[74.743125 24.016    41.16225 ]
-0.04	 0.06	-0.04	-0.05	512_A	[78.27080556 26.40316667 39.00347222]
0.1	 1.38	0.1	-0.32	512_A	[76.581125 22.051625 40.960625]
0.12	 0.38	-0.02	-0.27	512_A	[74.3148 24.6024 38.8695]
-0.1	 -0.14	-0.08	0.07	512_A	[75.74004762 23.85233333 42.05919048]
0.05	 0.46	0.02	-0.14	512_A	[75.003      23.04414286 39.16842857]
0.08	 0.36	-0.01	-0.15	513_Q	[80.78046875 23.03978125 44.20165625]
0.08	 1.62	-0.09	-0.2	513_Q	[80.5305 26.5885 44.86  ]
0.05	 0.07	-0.09	-0.18	513_Q	[79.01436364 28.54372727 41.90127273]
-0.08	 0.01	-0.06	0.08	513_Q	[78.47626316 28.77494737 44.26457895]
-0.28	 -1.02	0.13	0.42	513_Q	[78.97325714 28.53997143 45.65871429]
-0.04	 0.1	-0.08	0.05	513_Q	[76.47765517 29.32489655 43.53931034]
0.07	 0.11	-0.05	-0.05	513_Q	[77.82289474 23.98852632 43.11378947]
0.1	 0.04	0.02	-0.16	513_Q	[80.46914286 26.40107143 40.42328571]
-0.04	 -0.11	0.08	-0.08	513_Q	[78.86614286 25.92480952 44.36509524]
-0.0	 0.25	-0.24	-0.01	513_Q	[81.44926923 27.491      43.79657692]
-0.19	 -0.2	0.04	0.27	513_Q	[79.9167037  28.72037037 41.95451852]
0.13	 0.76	0.01	-0.26	513_Q	[77.69918182 28.01545455 41.22427273]
-0.13	 0.03	-0.01	0.1	513_Q	[76.293625   29.26254167 42.22866667]
-0.39	 -0.98	0.06	0.7	513_Q	[76.49613043 29.94304348 44.56278261]
0.14	 0.79	-0.05	-0.24	514_L	[82.2876 23.4303 45.3092]
0.02	 0.52	-0.16	-0.1	514_L	[82.57490323 25.84264516 44.95383871]
0.15	 0.4	0.07	-0.29	514_L	[82.2823913  26.38495652 41.34882609]
0.18	 1.44	0.26	-0.51	514_L	[83.49915385 25.21853846 39.80115385]
0.1	 1.23	0.19	-0.46	514_L	[84.47255556 25.75444444 39.43733333]
0.11	 1.38	0.21	-0.49	515_K	[84.271125 22.06475  48.455375]
0.03	 0.91	-0.04	-0.14	515_K	[82.95088235 21.42258824 47.26694118]
0.03	 0.58	-0.07	-0.09	515_K	[85.04482353 19.61229412 48.96658824]
-0.04	 0.09	-0.07	0.02	515_K	[82.29505556 18.243      47.58194444]
0.05	 0.84	-0.02	-0.19	515_K	[84.661      16.03654545 48.662     ]
0.04	 0.04	-0.09	0.03	515_K	[82.79709091 23.71545455 47.03672727]
0.08	 0.59	-0.08	-0.16	515_K	[85.65328571 21.794      48.61314286]
-0.15	 -0.21	-0.0	0.16	515_K	[82.45565517 21.65751724 47.2847931 ]
0.11	 0.67	0.1	-0.33	515_K	[82.39778947 20.24036842 45.36342105]
0.13	 1.58	0.11	-0.44	515_K	[86.145    19.030375 48.660375]
-0.26	 -0.95	0.14	0.41	515_K	[83.98021053 20.16378947 49.56231579]
-0.22	 -0.69	0.11	0.4	515_K	[82.04288 18.44704 48.56636]
-0.01	 0.34	-0.08	-0.05	515_K	[82.47505882 17.75788235 46.09223529]
-0.08	 0.0	0.04	0.02	515_K	[83.8406129  15.70593548 47.65203226]
0.09	 0.47	0.41	-0.65	515_K	[85.76285714 17.85857143 48.93585714]
-0.2	 -0.49	0.06	0.35	515_K	[84.30075   17.2066875 49.7474375]
0.14	 0.92	-0.02	-0.31	516_P	[88.46308333 26.01925    49.37341667]
-0.09	 -0.55	-0.04	0.13	516_P	[87.42904762 23.64357143 49.53880952]
-0.09	 -0.38	-0.1	0.08	516_P	[87.24153846 27.63730769 49.23192308]
-0.13	 -0.28	-0.04	0.12	516_P	[84.2824375 27.7019375 48.5690625]
-0.07	 -0.05	-0.06	-0.01	516_P	[83.13444444 25.12611111 48.47533333]
-0.14	 -0.51	0.16	0.31	516_P	[86.43383333 26.58572222 50.07138889]
-0.04	 -0.05	0.1	0.03	516_P	[87.4159     28.24486667 47.98153333]
-0.33	 -0.95	0.24	0.51	516_P	[84.14426316 27.52884211 49.52631579]
-0.05	 -0.13	0.03	0.08	516_P	[84.47189474 27.94210526 46.74668421]
-0.11	 -0.4	-0.04	0.14	516_P	[84.2408     24.09203333 49.0424    ]
-0.11	 -0.07	0.04	0.05	516_P	[82.91057143 25.80485714 47.1       ]
0.07	 0.6	-0.05	-0.32	517_A	[89.331  26.7087 48.3516]
0.05	 1.74	-0.02	-0.14	517_A	[89.89375 25.98125 49.4415 ]
-0.0	 -0.57	-0.06	0.05	517_A	[90.93784615 26.93284615 49.03630769]
-0.0	 0.17	-0.11	-0.14	517_A	[91.2587931  27.66468966 46.91475862]
0.05	 1.31	0.01	-0.12	517_A	[90.38881818 22.376      48.90027273]
0.14	 0.82	0.4	-0.65	517_A	[89.133      27.23555556 47.24577778]
-0.09	 -0.1	-0.11	0.09	517_A	[89.704      24.52341176 49.99094118]
0.09	 0.02	-0.02	-0.14	517_A	[91.66977778 22.05411111 48.70633333]
0.11	 0.53	-0.03	-0.15	517_A	[89.67208333 21.99958333 48.60891667]
0.09	 1.19	0.05	-0.26	518_P	[92.14685714 26.77542857 50.15      ]
0.05	 1.1	0.13	-0.4	518_P	[93.43036364 27.73281818 49.36563636]
0.19	 1.38	0.12	-0.37	518_P	[94.97658824 26.45588235 47.53535294]
-0.17	 -0.61	-0.09	0.22	518_P	[95.74869444 27.8025     47.05483333]
-0.1	 -0.72	-0.07	0.11	518_P	[95.24933333 27.4786     50.6472    ]
-0.05	 0.16	-0.12	0.06	518_P	[94.64257895 24.35726316 51.51510526]
-0.01	 1.31	0.13	-0.3	518_P	[92.11421429 24.70314286 50.9505    ]
-0.25	 -0.45	0.04	0.36	518_P	[93.0908125 28.2531875 48.62425  ]
-0.24	 -0.95	0.09	0.37	518_P	[96.2085     26.76572222 50.03216667]
-0.29	 -0.73	0.19	0.41	518_P	[93.82447059 27.64911765 51.28352941]
0.03	 0.14	-0.11	-0.08	518_P	[95.82488889 24.27483333 50.08061111]
-0.25	 -0.82	0.16	0.41	518_P	[94.12822727 24.95618182 52.33140909]
0.02	 -1.08	0.01	0.01	518_P	[92.25028571 23.04728571 50.25378571]
-0.21	 -0.53	-0.01	0.32	518_P	[91.55425    25.31683333 51.23145833]
-0.02	 0.21	-0.02	-0.05	519_Q	[97.05176923 21.49569231 46.10530769]
0.15	 1.29	0.03	-0.3	519_Q	[93.259   21.40784 48.70936]
0.03	 0.55	0.02	-0.16	519_Q	[96.56490909 22.98895455 49.19981818]
0.09	 0.45	0.02	-0.15	519_Q	[96.9768     24.96593333 47.14133333]
0.11	 0.75	-0.03	-0.19	519_Q	[95.82596296 22.06188889 43.6917037 ]
-0.04	 0.62	-0.13	-0.14	519_Q	[96.0853871  20.50435484 45.37229032]
-0.14	 -0.52	-0.04	0.23	519_Q	[97.65231579 22.89994737 46.59642105]
-0.11	 -0.16	-0.01	0.21	519_Q	[97.40959259 21.29881481 48.78077778]
-0.13	 -0.51	-0.1	0.1	519_Q	[95.195375  22.0868125 50.565125 ]
0.1	 1.56	0.05	-0.35	520_P	[96.05138462 28.05292308 43.64161538]
0.11	 0.14	0.04	-0.21	520_P	[94.77294444 28.10327778 40.61183333]
-0.1	 -0.96	-0.07	0.11	520_P	[97.51426667 28.20213333 41.69146667]
-0.09	 -0.22	-0.17	0.12	520_P	[98.94715 25.48345 42.1765 ]
-0.03	 0.66	0.02	-0.11	520_P	[98.42891667 24.79216667 45.27516667]
-0.01	 0.2	-0.06	-0.05	520_P	[95.04134783 28.56165217 43.4766087 ]
-0.06	 -0.02	-0.08	0.07	520_P	[97.21470968 26.77177419 40.46748387]
-0.27	 -0.79	0.24	0.41	520_P	[97.93326316 28.54221053 43.18205263]
-0.11	 0.12	-0.29	0.12	520_P	[98.15844444 24.14844444 41.5675    ]
-0.28	 -0.83	0.2	0.45	520_P	[99.68271429 26.19895238 42.9992381 ]
-0.11	 -0.47	-0.12	0.14	520_P	[97.93876471 23.77011765 44.46023529]
-0.11	 -0.39	0.04	0.14	520_P	[98.02295652 26.84573913 45.2423913 ]
0.2	 1.62	0.26	-0.5	521_G	[96.28336842 23.45631579 42.17852632]
0.1	 1.07	0.05	-0.32	522_F	[89.31355556 28.23322222 46.43566667]
0.07	 0.52	-0.17	-0.01	522_F	[88.47983333 28.86966667 46.4845    ]
0.14	 0.74	0.05	-0.17	522_F	[90.14221429 28.961      45.90664286]
-0.07	 -0.09	-0.05	0.08	522_F	[87.49725714 29.72837143 45.40705714]
0.07	 0.27	0.0	-0.16	522_F	[84.88025 28.18685 44.79005]
0.1	 1.04	0.6	-0.84	523_E	[90.09       30.206      39.68427273]
0.09	 1.36	0.2	-0.48	523_E	[92.4967 29.6062 38.7867]
0.16	 0.99	0.44	-0.65	523_E	[89.8085 30.0724 38.9505]
0.01	 0.31	0.02	-0.17	523_E	[91.44352174 30.7346087  40.37591304]
-0.03	 0.12	-0.15	0.24	523_E	[90.93359091 31.69795455 41.65890909]
-0.24	 -2.75	-0.04	0.21	523_E	[92.9781 30.8759 43.916 ]
0.03	 0.81	-0.04	-0.16	523_E	[93.06562963 28.97740741 44.59911111]
-0.32	 -0.91	0.04	0.4	523_E	[91.09516667 30.98256667 45.12556667]
0.09	 1.1	0.07	-0.32	523_E	[89.32975  29.99125  40.212375]
0.01	 -0.33	0.04	0.03	523_E	[93.59068182 29.86095455 41.20631818]
-0.09	 -0.09	-0.09	-0.01	523_E	[91.86618519 31.30062963 39.66192593]
-0.33	 -0.94	0.24	0.53	523_E	[91.71242105 32.44115789 42.22542105]
0.01	 0.31	-0.03	-0.05	523_E	[89.35490476 31.01185714 42.50557143]
0.09	 1.4	0.0	-0.22	524_A	[93.04671429 28.86485714 38.78992857]
0.03	 0.89	-0.06	-0.19	524_A	[93.407      28.47766667 37.688     ]
0.12	 1.02	0.11	-0.35	524_A	[94.608125 27.502125 36.374625]
0.05	 0.46	-0.08	-0.08	524_A	[93.25526087 28.31908696 36.215     ]
0.0	 0.29	-0.02	-0.13	524_A	[95.19228571 26.9606     38.01371429]
0.08	 1.26	0.35	-0.62	526_Q	[85.271375 28.14275  38.102625]
-0.06	 0.1	-0.01	-0.06	526_Q	[85.1855122  28.49134146 35.66107317]
0.09	 1.26	-0.03	-0.27	526_Q	[86.82175   29.765125  38.7455625]
0.0	 1.26	0.05	-0.27	526_Q	[84.87333333 29.04133333 40.01583333]
-0.08	 -0.1	-0.14	0.06	526_Q	[85.48008333 30.34033333 40.50141667]
-0.07	 -0.03	0.0	0.04	526_Q	[87.47137143 30.83414286 41.60271429]
-0.09	 -0.72	-0.02	0.09	526_Q	[84.23563158 29.57594737 41.94805263]
0.19	 0.71	0.09	-0.31	526_Q	[84.88688235 26.85217647 37.71535294]
0.1	 1.01	0.12	-0.4	526_Q	[88.521      30.09686957 39.06721739]
-0.13	 -0.2	-0.05	-0.03	526_Q	[86.1317619  29.92266667 38.34185714]
0.03	 0.13	-0.02	-0.06	526_Q	[84.52189286 27.30735714 39.88803571]
-0.13	 0.18	-0.14	-0.03	526_Q	[83.59358065 28.00019355 42.46377419]
-0.24	 -0.78	0.16	0.38	526_Q	[84.91017391 30.32508696 43.32626087]
0.08	 0.95	0.16	-0.26	527_N	[88.2742 30.5178 33.6948]
0.11	 -0.09	-0.03	-0.21	527_N	[86.8989 28.3575 33.285 ]
-0.93	 -0.31	0.25	0.34	527_N	[88.66468 29.19928 31.89416]
0.02	 0.34	-0.04	-0.19	527_N	[90.30271429 30.64992857 34.38721429]
-0.08	 -0.21	0.02	-0.03	527_N	[89.769      31.94952941 36.06617647]
-0.19	 -0.48	0.04	0.21	527_N	[88.07874359 31.79707692 36.60792308]
-0.08	 -0.48	0.07	-0.01	527_N	[91.6194  31.88015 36.3053 ]
-0.11	 -0.06	-0.19	0.23	527_N	[87.18476471 30.28858824 34.31152941]
0.15	 1.81	0.1	-0.34	527_N	[91.82755556 29.13611111 35.02022222]
-0.12	 -0.28	0.11	0.01	527_N	[90.17475    30.46110714 33.54378571]
-0.11	 -0.17	0.13	0.11	527_N	[90.64171795 32.04184615 38.10974359]
-0.06	 -0.22	0.03	0.06	527_N	[92.30559259 30.48866667 36.68488889]
0.06	 0.64	-0.24	-0.1	528_N	[87.51612121 24.27475758 30.65381818]
0.13	 0.17	0.01	-0.24	528_N	[92.56876 28.13512 33.63068]
0.02	 0.59	-0.06	-0.11	528_N	[90.86347059 27.54752941 30.12158824]
0.09	 0.81	-0.44	-0.16	528_N	[87.53603333 27.13196667 31.25333333]
-0.1	 -0.08	-0.0	0.08	528_N	[92.6018     27.70237143 30.9194    ]
0.06	 0.55	-0.15	-0.15	528_N	[90.09909524 26.23590476 29.78766667]
0.19	 0.94	0.02	-0.31	529_C	[84.69941667 23.57583333 31.71391667]
0.16	 1.16	0.06	-0.35	529_C	[83.81361111 22.30022222 32.1205    ]
0.01	 0.68	-0.22	0.04	529_C	[86.466      21.386      33.74233333]
-0.1	 -0.17	-0.26	0.11	529_C	[88.63623684 21.30113158 33.82313158]
-0.11	 -0.1	-0.05	0.04	529_C	[86.08495 22.16945 32.5161 ]
0.09	 0.76	-0.03	-0.19	529_C	[85.30811111 21.04983333 33.91544444]
0.2	 1.35	0.23	-0.49	529_C	[88.46892308 20.12892308 35.82292308]
0.07	 0.75	-0.16	-0.03	530_A	[82.68966667 27.56622222 31.96444444]
-0.08	 0.08	0.04	0.05	530_A	[80.33912121 26.20954545 31.85327273]
-0.05	 -0.16	-0.05	0.07	530_A	[82.06230435 27.33282609 34.82495652]
0.21	 1.3	0.13	-0.39	530_A	[85.281      26.81603846 32.84788462]
0.03	 0.19	-0.57	0.38	530_A	[80.39496 26.55748 34.73484]
0.07	 -0.2	0.11	-0.27	530_A	[82.94313333 26.3848     36.3404    ]
-0.11	 -0.13	-0.09	0.21	530_A	[83.32691304 27.89713043 34.08608696]
0.1	 0.75	-0.08	-0.15	531_A	[84.007      27.27544444 31.65911111]
0.03	 1.16	0.08	-0.3	531_A	[83.46583333 27.75183333 31.0005    ]
0.17	 1.28	0.19	-0.45	531_A	[80.503875 25.5965   29.5985  ]
-0.23	 -0.78	0.11	0.31	531_A	[80.96803333 26.4683     27.78826667]
-0.09	 -0.12	-0.0	0.09	531_A	[85.4674     26.93543333 28.59113333]
-0.23	 -0.93	0.0	0.26	531_A	[82.21194444 28.01533333 29.95788889]
-0.19	 -0.55	0.09	0.24	531_A	[84.0195     27.20842308 27.51046154]
-1.66	 -0.04	0.01	0.18	531_A	[85.49758621 27.82286207 30.21989655]
-0.11	 0.42	-0.26	0.09	531_A	[85.60041379 25.27686207 28.81727586]
0.06	 1.29	0.46	-0.8	532_C	[80.4042 23.0468 26.7178]
0.03	 0.74	-0.08	-0.09	532_C	[79.53468421 24.37978947 29.249     ]
-0.23	 -0.79	0.09	0.32	532_C	[78.63793939 22.56075758 27.92215152]
0.03	 0.56	-0.02	-0.17	532_C	[81.84064286 21.67885714 26.9685    ]
-0.28	 -0.64	-0.36	0.45	532_C	[84.31733 23.07408 26.1076 ]
0.17	 1.03	0.13	-0.35	532_C	[83.613      23.48603226 30.0533871 ]
-0.15	 -0.16	-0.17	0.17	532_C	[80.4263  24.40225 26.82745]
-0.06	 -0.31	-0.15	0.02	532_C	[83.4125  21.38895 28.6269 ]
-0.15	 -0.35	-0.0	0.14	532_C	[80.98957143 21.1512381  27.15990476]
0.13	 1.46	0.31	-0.56	533_H	[79.63675  24.144    30.544375]
0.1	 1.16	-0.05	-0.22	533_H	[78.8655     23.761      30.45633333]
0.07	 0.2	-0.12	-0.05	533_H	[78.67714286 24.22507143 32.394     ]
0.04	 0.41	-0.3	0.02	533_H	[77.7184 20.25   30.4926]
0.04	 0.65	-0.15	-0.09	533_H	[81.82353333 18.47543333 30.0947    ]
-0.03	 0.04	-0.22	0.02	533_H	[83.6715     19.05740909 32.95781818]
-0.0	 0.21	-0.27	0.0	533_H	[83.38268519 19.09283333 31.37198148]
-0.06	 -0.19	0.02	0.02	533_H	[77.62881818 22.24277273 30.72413636]
-0.08	 0.17	-0.05	-0.04	533_H	[78.73857692 19.62753846 29.67011538]
-0.15	 0.06	-0.11	0.23	533_H	[81.81304348 19.24278261 28.92834783]
0.0	 0.34	-0.19	0.01	533_H	[83.98142857 19.17721429 33.96778571]
-0.02	 0.87	-0.13	0.15	534_S	[77.47975    23.89641667 32.93725   ]
0.06	 0.36	0.32	-0.55	534_S	[77.95642857 24.31485714 33.48428571]
0.14	 1.16	0.15	-0.46	534_S	[75.3860625 22.964     34.9394375]
-0.14	 -0.61	-0.04	0.15	534_S	[75.39596154 21.12696154 34.17538462]
0.01	 0.47	0.04	-0.05	534_S	[76.7255   22.36575  32.506375]
0.18	 1.44	0.11	-0.41	534_S	[78.79384615 24.86492308 33.84469231]
-0.11	 0.37	-0.25	0.1	534_S	[75.39366667 23.82758333 34.218     ]
0.1	 1.0	-0.04	-0.2	534_S	[75.98566667 19.85316667 34.39283333]
0.07	 1.73	-0.05	-0.13	535_V	[81.76571429 25.42357143 37.33685714]
0.07	 1.07	-0.03	-0.23	535_V	[80.8357 25.1181 38.756 ]
0.19	 1.83	0.28	-0.53	535_V	[78.97358824 24.59176471 36.85952941]
0.09	 0.35	0.01	-0.17	535_V	[83.07074074 25.3592963  38.16855556]
0.11	 0.56	0.04	-0.21	535_V	[80.55973333 25.11693333 36.31606667]
0.15	 1.2	-0.06	-0.24	535_V	[81.6506 25.2465 39.5562]
0.12	 0.67	-0.05	-0.24	535_V	[79.99757143 24.91607143 38.10785714]
0.13	 1.34	-0.03	-0.22	536_D	[77.06591667 17.26983333 37.57983333]
0.03	 0.35	-0.12	-0.02	536_D	[75.7704     19.06146667 39.85913333]
-0.15	 -0.28	-0.03	0.15	536_D	[75.1429 18.9804 36.8156]
-0.0	 0.46	0.0	-0.16	536_D	[76.17117647 18.91770588 35.68511765]
-0.22	 -0.49	0.03	0.27	536_D	[74.2889375  21.04253125 37.23234375]
-0.13	 -0.35	-0.06	0.01	536_D	[75.70388 17.88464 39.12372]
0.01	 -0.16	0.04	-0.05	536_D	[76.02345455 20.42518182 40.2855    ]
0.17	 1.63	0.19	-0.46	537_Y	[77.54011111 17.71377778 36.10677778]
0.1	 2.09	0.1	-0.37	537_Y	[82.22475 16.114   36.12225]
0.13	 0.81	-0.1	-0.16	537_Y	[81.90457143 14.64528571 36.29557143]
0.11	 1.48	-0.07	-0.23	537_Y	[77.8454 16.4512 34.653 ]
0.08	 0.65	0.04	-0.24	537_Y	[77.35971429 17.41607143 34.463     ]
0.01	 0.19	0.04	-0.17	537_Y	[79.44335714 15.40935714 33.44135714]
-0.01	 -0.46	-0.04	-0.05	537_Y	[76.33689474 18.47736842 33.27157895]
-0.09	 -0.55	-0.06	0.08	537_Y	[78.3165     15.39513889 31.76383333]
-0.02	 0.2	-0.0	-0.05	537_Y	[77.33090909 16.71690909 31.57590909]
-0.25	 -0.82	0.05	0.34	537_Y	[76.20514815 17.13274074 30.25196296]
0.03	 0.7	0.03	-0.16	537_Y	[78.34729167 15.677125   36.25575   ]
0.1	 0.55	0.08	-0.24	537_Y	[81.62121212 16.42127273 34.31281818]
-0.42	 -0.12	-0.49	0.38	537_Y	[80.08480769 14.23096154 33.85957692]
-0.1	 0.03	-0.01	0.01	537_Y	[76.74970588 19.45405882 31.48535294]
-0.35	 -0.86	0.14	0.48	537_Y	[78.171      14.29261111 30.97811111]
-0.32	 -1.31	0.32	0.57	537_Y	[76.79747619 15.52352381 29.548     ]
0.02	 0.7	-0.03	-0.09	538_I	[84.51321429 17.38307143 36.21064286]
0.08	 1.04	0.18	-0.36	538_I	[86.3768 19.061  36.5768]
0.14	 1.24	0.12	-0.35	538_I	[83.503375   15.72979167 37.16875   ]
0.01	 0.25	-0.07	-0.09	538_I	[86.13722727 17.71509091 36.76322727]
0.01	 0.46	-0.05	-0.15	538_I	[83.49322222 17.69077778 35.5455    ]
0.08	 0.71	-0.0	-0.15	538_I	[85.95028571 19.69428571 35.56552381]
0.14	 1.37	0.2	-0.49	539_N	[78.56514286 16.23242857 42.99771429]
-0.07	 -0.18	-0.03	0.07	539_N	[80.51486047 15.41209302 43.87072093]
0.06	 0.1	-0.05	-0.19	539_N	[78.078      18.20327273 42.49872727]
-0.01	 0.2	-0.11	-0.07	539_N	[80.88375 20.1857  43.9689 ]
-0.04	 0.34	-0.07	0.06	539_N	[79.11392857 21.39742857 43.48721429]
0.1	 0.98	0.13	-0.37	539_N	[77.76111111 18.69516667 41.48266667]
-0.11	 -0.22	0.02	0.14	539_N	[79.07669231 18.22088462 43.64665385]
-0.05	 -0.37	-0.05	0.07	539_N	[77.74466667 20.98319048 42.23595238]
0.07	 1.0	0.09	-0.16	540_T	[77.82033333 13.00666667 42.12      ]
0.15	 1.61	-0.14	-0.17	540_T	[79.6512 12.2232 42.5896]
-0.09	 -0.3	-0.01	0.07	540_T	[78.8820625  11.2453125  40.97339583]
0.07	 0.97	-0.11	-0.03	540_T	[76.68283333 13.34933333 40.56083333]
-0.05	 0.16	-0.1	0.03	540_T	[77.90146429 13.71042857 38.15071429]
-0.12	 -0.49	-0.09	0.09	540_T	[76.20118519 15.9972963  41.60062963]
-0.02	 0.36	-0.01	-0.08	540_T	[78.55048148 13.62055556 42.863     ]
-0.2	 -0.47	0.05	0.28	540_T	[76.49715789 12.84747368 40.67094737]
0.1	 1.08	0.15	-0.39	540_T	[77.10985714 15.79671429 38.39335714]
-0.27	 -0.59	0.16	0.39	540_T	[75.24922727 15.349      39.82709091]
-0.15	 -0.63	0.14	0.28	540_T	[76.55707143 15.18596429 42.50596429]
0.09	 -0.03	-0.03	-0.17	540_T	[76.8188     17.26893333 41.14426667]
0.04	 0.42	-0.05	-0.17	541_Q	[82.1071087  12.24493478 43.13984783]
0.09	 0.84	-0.01	-0.18	541_Q	[83.34816667 13.87016667 36.973     ]
-0.03	 0.1	-0.11	-0.04	541_Q	[82.9769375 12.1910625 35.942375 ]
-0.17	 -0.09	-0.17	0.12	541_Q	[82.43211111  9.80237037 36.75251852]
0.05	 0.49	-0.01	-0.26	541_Q	[80.15082051 12.79082051 36.64323077]
0.16	 1.06	-0.06	-0.24	541_Q	[80.38042857 10.7455     38.82235714]
0.17	 0.9	0.08	-0.3	541_Q	[84.56863158 13.31715789 36.81821053]
0.14	 1.37	0.13	-0.4	541_Q	[79.72258333 13.63441667 36.4955    ]
-0.33	 -0.6	-0.05	0.51	541_Q	[80.02382143 11.52071429 36.42075   ]
0.12	 1.79	-0.04	-0.25	542_P	[80.71883333  9.41566667 41.226     ]
0.07	 1.93	0.23	-0.47	542_P	[80.68975   9.249625 41.918125]
0.07	 0.88	0.17	-0.35	542_P	[83.37985  6.26355 42.3387 ]
-0.15	 -0.37	-0.05	0.15	542_P	[82.12892308  6.37761538 39.78038462]
0.11	 1.39	0.03	-0.29	542_P	[82.04610526  8.76647368 39.22794737]
-0.1	 -0.11	-0.22	0.16	542_P	[80.74272727  8.77781818 42.992     ]
-0.25	 -0.43	-0.08	0.2	542_P	[82.5299   6.24685 42.914  ]
-0.09	 -0.2	-0.02	0.15	542_P	[83.57382609  6.34621739 39.452     ]
-0.19	 -0.58	0.11	0.28	542_P	[80.92792857  7.13742857 40.66085714]
-0.09	 0.11	-0.07	0.07	542_P	[81.02355556  9.34733333 38.93072222]
0.13	 2.13	-0.05	-0.22	543_P	[85.646375  8.835375 47.75825 ]
-0.03	 0.06	-0.06	0.03	543_P	[85.72844118  7.16135294 45.99461765]
-0.1	 -0.01	-0.1	0.07	543_P	[83.427      11.16527273 48.00436364]
-0.11	 -0.26	-0.07	0.15	543_P	[81.957625   8.5848125 47.8421875]
-0.03	 0.35	-0.05	0.03	543_P	[81.0759  7.6649 45.3539]
0.2	 1.18	0.12	-0.37	543_P	[84.385   12.0119  44.47415]
-0.19	 -0.79	0.05	0.32	543_P	[84.573   10.50875 48.33085]
-0.21	 -0.42	-0.06	0.28	543_P	[82.7098  11.54952 46.55368]
-0.12	 -0.76	0.15	0.25	543_P	[83.38036842  7.76242105 47.89794737]
-0.26	 -0.79	0.15	0.41	543_P	[81.137       9.19509091 47.70009091]
-0.11	 0.11	0.15	0.07	543_P	[82.57496154  6.98892308 44.92765385]
-0.13	 -0.37	0.13	0.21	543_P	[80.87511111  9.42222222 45.29166667]
0.04	 0.58	-0.21	-0.05	544_G	[86.163  10.3955 47.866 ]
-0.07	 -0.63	0.07	-0.07	544_G	[88.26488889 10.348      47.76161111]
0.09	 0.86	-0.06	-0.19	544_G	[90.232       9.12588889 46.08544444]
-0.14	 -0.35	0.01	0.18	544_G	[89.31404545  7.21704545 46.25806818]
0.11	 0.2	-0.05	-0.1	544_G	[86.4935   11.5945   47.407875]
-0.02	 -0.17	-0.05	0.11	544_G	[89.38695455 10.96918182 46.82145455]
-0.27	 -0.96	0.13	0.42	544_G	[87.5238   8.97555 48.25685]
0.09	 1.08	-0.07	-0.22	545_K	[90.74883333  6.99183333 44.421     ]
-0.09	 -0.14	-0.08	0.1	545_K	[91.1635814   6.62490698 42.2334186 ]
0.08	 2.25	-0.04	-0.18	545_K	[86.16675  5.998   43.79025]
0.02	 -0.08	-0.23	-0.0	545_K	[87.3365    5.071125 39.167125]
0.04	 -0.89	0.21	-0.46	545_K	[86.91525    3.95375   41.2853125]
-0.07	 -0.03	-0.29	0.13	545_K	[89.03418182  6.30527273 44.14918182]
0.01	 0.59	0.11	-0.32	545_K	[87.73244  5.85844 43.39864]
-0.03	 0.0	-0.07	0.01	545_K	[85.03734783  5.93017391 43.02534783]
0.06	 0.5	-0.04	-0.14	545_K	[85.86933333  5.7455     39.07591667]
0.09	 0.57	-0.15	-0.1	545_K	[88.79153846  5.72138462 39.96192308]
-0.27	 -0.69	0.13	0.37	545_K	[88.37332143  3.85771429 40.70803571]
-0.26	 -0.49	-0.0	0.33	545_K	[86.76486364  3.89322727 42.54036364]
-0.26	 -0.51	0.13	0.39	545_K	[85.71658621  3.72624138 40.31541379]
-0.06	 -0.16	-0.1	-0.03	546_G	[92.32333333  8.9875     45.10666667]
0.03	 0.27	0.05	-0.08	546_G	[92.21212903 10.46222581 45.05974194]
-0.11	 -0.17	0.13	0.08	546_G	[92.84438095  7.91457143 43.89809524]
0.13	 1.55	0.23	-0.49	547_Q	[94.6977 10.7283 43.739 ]
-0.05	 0.16	-0.11	0.04	547_Q	[97.21525   9.798375 42.843125]
0.05	 0.89	0.06	-0.29	547_Q	[98.06489286 11.27246429 40.35625   ]
-0.06	 -0.47	-0.17	0.04	547_Q	[98.5581 13.7776 41.1087]
-0.11	 -0.19	-0.01	0.13	547_Q	[97.19391429 14.06394286 43.16377143]
0.14	 0.67	0.01	-0.24	547_Q	[98.05146154 13.91646154 39.44776923]
-0.16	 -0.24	-0.1	0.13	547_Q	[95.01983333  9.17016667 43.52508333]
-0.1	 -0.52	0.07	0.17	547_Q	[96.71757895 11.27184211 43.48326316]
-0.12	 -0.32	-0.09	0.22	547_Q	[97.29272222  9.13266667 41.5445    ]
-0.29	 -0.69	0.1	0.39	547_Q	[98.94021739 11.55317391 41.33117391]
0.09	 1.26	0.08	-0.34	547_Q	[97.38975  10.382375 39.40075 ]
0.09	 0.6	-0.1	0.1	547_Q	[97.9254 13.4772 38.878 ]
0.12	 1.36	0.17	-0.45	548_A	[96.718   8.9254 39.6394]
0.04	 1.46	0.11	-0.34	548_A	[96.66011111  9.01522222 38.87266667]
0.05	 0.65	-0.11	-0.09	548_A	[92.925       7.32128571 36.92457143]
0.01	 0.78	0.03	-0.26	548_A	[93.78556522  8.30247826 35.73073913]
-0.11	 -0.33	-0.01	0.15	548_A	[95.3370625   6.13971875 38.24290625]
0.07	 0.46	0.02	-0.16	548_A	[94.40014286  7.88038095 41.10771429]
0.01	 0.49	-0.04	-0.11	548_A	[96.41180952  8.97842857 37.315     ]
-0.24	 -1.01	0.16	0.44	548_A	[95.19319048  6.40795238 36.69633333]
-0.21	 -0.79	0.06	0.4	548_A	[96.85857692  6.93907692 39.02015385]
-0.19	 -0.69	-0.01	0.32	548_A	[94.07604545  6.24872727 39.34568182]
0.0	 0.54	-0.14	-0.09	549_F	[92.21766667  7.10177778 38.24766667]
0.09	 1.21	-0.05	-0.2	549_F	[91.486       7.15066667 37.684     ]
0.2	 1.45	0.31	-0.56	549_F	[89.67816667  9.51666667 35.697     ]
0.03	 0.59	0.04	-0.19	549_F	[88.19294737  8.39210526 36.25984211]
-0.06	 0.4	-0.09	-0.13	549_F	[86.39346667  8.18713333 36.04066667]
0.06	 1.0	-0.05	-0.11	549_F	[85.2135      9.22216667 36.34083333]
0.11	 0.44	-0.18	-0.15	549_F	[92.1484  7.27   39.8497]
-0.03	 -0.07	-0.14	0.11	549_F	[90.8273   7.5377  36.58755]
0.08	 -0.66	0.01	-0.03	549_F	[90.35233333  6.69873333 39.31633333]
-0.13	 -0.23	0.01	0.23	549_F	[88.13005263  6.34705263 37.52078947]
-0.13	 -0.19	-0.06	0.24	549_F	[85.23884375  7.63978125 37.07921875]
0.15	 1.08	0.18	-0.46	549_F	[84.69392308  9.48592308 36.47076923]
0.09	 0.82	-0.05	-0.14	550_W	[86.3971 15.2198 36.8693]
0.18	 0.93	0.11	-0.4	551_D	[94.99788889 11.53688889 33.25511111]
0.05	 0.95	0.09	-0.24	551_D	[96.23866667 11.30755556 35.24788889]
-0.2	 0.21	-0.03	0.22	551_D	[97.78225    13.20925    36.14533333]
-0.04	 0.49	-0.16	0.05	551_D	[97.46728 14.56148 37.45836]
-0.15	 -0.16	-0.0	0.23	551_D	[98.31855  11.45645  37.640525]
0.11	 0.86	0.04	-0.28	551_D	[95.49873077 14.32026923 34.85761538]
0.05	 0.28	-0.25	0.04	551_D	[95.787625  9.846    35.86925 ]
-0.21	 -0.25	-0.32	0.3	551_D	[96.53996296 11.82007407 34.28037037]
0.11	 1.3	0.04	-0.31	552_A	[94.481      10.19046154 34.20084615]
0.1	 1.21	-0.05	-0.2	552_A	[94.20166667 10.07066667 33.147     ]
0.04	 0.31	-0.11	-0.17	552_A	[89.8588     10.6894     32.50213333]
0.13	 1.01	0.13	-0.36	552_A	[91.0933913  10.92552174 30.87404348]
-0.1	 -0.43	0.02	0.1	552_A	[91.66055172  8.44182759 33.40006897]
-0.05	 -0.05	-0.01	0.03	552_A	[93.98941176 10.56670588 32.04394118]
-0.21	 -0.52	0.06	0.31	552_A	[91.36292593  9.0467037  31.8462963 ]
-0.25	 -0.89	0.06	0.35	552_A	[93.58978947  8.29010526 33.76421053]
-0.04	 -0.16	-0.09	-0.05	552_A	[90.31522727  9.26381818 34.46686364]
0.08	 1.28	0.1	-0.39	553_E	[89.71714286 10.67428571 33.48242857]
0.15	 1.53	0.23	-0.51	553_E	[89.02088889 15.66355556 33.25933333]
0.07	 0.5	-0.04	-0.15	553_E	[86.74629412 11.61129412 34.18261765]
-0.01	 -0.09	-0.02	0.0	553_E	[85.44389286 12.95160714 33.15010714]
-0.18	 -0.06	-0.18	0.13	553_E	[86.05606122  9.9392449  34.3455102 ]
0.21	 1.46	0.13	-0.4	553_E	[88.5845625 11.3108125 32.043    ]
0.08	 0.44	-0.01	-0.17	553_E	[88.15564865 15.02113514 34.60175676]
0.15	 1.15	0.05	-0.34	553_E	[88.379      10.04773333 35.32626667]
0.22	 1.44	0.37	-0.6	554_V	[94.90169231 17.25769231 33.67669231]
0.13	 1.1	0.08	-0.37	554_V	[90.017875  16.5034375 35.1473125]
0.12	 0.8	0.02	-0.29	554_V	[89.91333333 17.16456667 32.94746667]
0.16	 1.13	0.23	-0.5	554_V	[94.607      15.64238462 33.71853846]
0.07	 0.32	0.02	-0.24	554_V	[92.03552632 19.57668421 32.62736842]
0.02	 -0.1	-0.28	0.03	554_V	[90.31137931 18.49789655 34.62089655]
0.1	 0.95	0.14	-0.38	555_Q	[92.87242857 12.87485714 27.87378571]
-0.04	 0.1	-0.11	0.09	555_Q	[94.10718182 11.98327273 29.44127273]
0.03	 0.6	-0.03	-0.15	555_Q	[96.7234     13.23053333 31.20826667]
-0.17	 -0.7	-0.07	0.2	555_Q	[97.992      14.50945455 30.12227273]
0.02	 0.07	-0.04	-0.02	555_Q	[97.37517857 14.39860714 28.29014286]
-0.07	 -0.01	0.03	0.04	555_Q	[97.79211765 16.04811765 31.45447059]
0.04	 1.19	-0.0	-0.16	555_Q	[93.97144444 11.67405556 30.413     ]
0.01	 0.43	-0.02	0.01	555_Q	[95.0187619  12.65542857 28.385     ]
0.05	 -0.12	-0.15	-0.12	555_Q	[96.09366667 13.65133333 33.00146667]
-0.23	 -0.34	-0.01	0.26	555_Q	[96.35196429 12.28428571 31.18903571]
-0.0	 -0.07	-0.1	0.0	555_Q	[96.44438889 16.14972222 32.60841667]
-0.16	 0.22	0.03	0.14	555_Q	[97.50177143 17.48694286 29.86594286]
0.07	 0.67	0.04	-0.24	556_K	[91.83272727 12.07418182 29.05154545]
0.08	 1.63	-0.05	-0.2	556_K	[91.347      11.95466667 28.12966667]
0.09	 1.0	0.11	-0.24	556_K	[89.91666667 11.29       27.587     ]
0.03	 0.47	-0.21	0.09	556_K	[88.62366667 10.49566667 27.987     ]
0.09	 0.79	-0.22	0.08	556_K	[87.806      10.037      28.26333333]
0.11	 0.72	-0.08	-0.19	556_K	[85.33966667  9.99255556 27.45566667]
-0.02	 -3.45	-0.01	-0.09	556_K	[84.09585714  9.67028571 28.72228571]
0.07	 0.69	-0.0	-0.09	556_K	[91.1505625 12.0396875 27.1106875]
-0.13	 -0.56	-0.1	0.21	556_K	[89.90938889 10.71655556 29.25688889]
-0.0	 -0.61	0.09	-0.27	556_K	[88.7435     10.60275    27.51683333]
-0.07	 0.28	0.05	-0.0	556_K	[87.6204375  10.3293125  30.19465625]
-0.09	 -0.23	-0.06	0.16	556_K	[86.24371429  9.85314286 27.13771429]
-0.22	 -0.3	-0.0	0.22	556_K	[83.33656 10.72372 28.31736]
-0.34	 -1.01	0.2	0.49	556_K	[85.0437619   8.94838095 29.32580952]
-0.09	 0.12	-0.18	0.01	556_K	[84.84783871 11.39254839 30.64980645]
-0.05	 0.1	-0.14	-0.0	557_M	[89.02583333 19.30883333 30.184     ]
0.1	 0.76	-0.04	-0.25	557_M	[87.6820625 16.983375  31.959875 ]
-0.04	 0.16	-0.35	0.06	557_M	[84.92605769 17.48744231 29.91115385]
-0.5	 -0.21	-0.19	0.23	557_M	[84.75928571 15.48342857 31.40442857]
0.09	 -0.32	0.05	-0.24	557_M	[90.15254545 18.97486364 30.28945455]
0.02	 0.54	-0.07	-0.14	557_M	[87.53624 19.07064 28.85736]
-0.15	 -0.12	-0.25	0.18	557_M	[87.3893   18.090775 31.7264  ]
-0.03	 -0.1	0.05	0.02	557_M	[84.4532381  14.31285714 30.30038095]
-0.01	 -0.02	0.02	-0.03	557_M	[86.1088125 15.54675   32.3656875]
0.08	 0.32	0.02	-0.19	558_I	[92.74456522 18.84047826 23.68321739]
-0.06	 -0.9	-0.08	0.06	558_I	[94.93791667 19.81083333 25.48558333]
0.23	 1.59	0.25	-0.51	558_I	[91.82025 19.77895 30.0716 ]
0.06	 0.3	-0.01	-0.18	558_I	[96.2445    18.8015625 27.3919375]
0.1	 -0.51	-0.04	-0.11	558_I	[94.61677778 18.34755556 24.50111111]
0.07	 -0.07	0.04	-0.09	558_I	[94.00394444 20.54783333 25.51861111]
0.14	 0.97	0.05	-0.29	558_I	[96.34238095 19.66971429 29.11757143]
0.1	 2.47	0.09	-0.32	559_K	[91.45233333 13.39877778 22.57611111]
-0.12	 0.04	-0.07	0.05	559_K	[91.70044444 15.1827037  21.14181481]
0.0	 0.35	-0.07	-0.11	559_K	[92.77884615 12.78630769 23.72346154]
0.12	 1.36	0.04	-0.24	559_K	[94.53745455 13.16318182 25.78009091]
0.04	 0.37	-0.11	-0.04	559_K	[95.87588889 15.53922222 23.62477778]
0.11	 1.1	-0.13	-0.07	559_K	[98.074375 15.119375 25.961875]
-0.0	 -4.73	-0.01	-0.08	559_K	[98.60966667 17.11483333 25.29033333]
0.01	 0.01	-0.07	0.06	559_K	[93.52786667 16.426      22.56313333]
0.01	 0.3	-0.07	-0.07	559_K	[92.56777273 12.60790909 25.05377273]
-0.22	 -0.52	0.03	0.21	559_K	[93.76510526 13.66305263 22.75594737]
-0.19	 -0.33	0.02	0.16	559_K	[95.42964 12.91912 25.31256]
-0.23	 -0.64	0.04	0.32	559_K	[96.10931579 14.828      23.17642105]
0.05	 -0.06	0.02	-0.09	559_K	[95.0296 17.0558 23.8276]
-0.18	 -0.35	0.05	0.24	559_K	[97.74865385 14.22342308 25.57723077]
-0.2	 -0.22	0.06	0.2	559_K	[98.42444444 16.92533333 26.69377778]
-0.22	 -0.83	0.08	0.33	559_K	[97.96082143 16.84971429 24.06907143]
-0.12	 0.11	-0.18	0.05	559_K	[96.71744444 18.35061111 25.45511111]
0.01	 0.06	-0.07	-0.05	560_V	[87.31534483 15.25896552 21.03941379]
-0.11	 -0.28	-0.03	0.09	560_V	[86.40719048 12.06552381 22.62957143]
-0.05	 0.08	0.02	-0.02	560_V	[89.78503333 10.98746667 24.76086667]
0.0	 0.07	0.03	-0.02	560_V	[89.3932     13.61886667 21.4722    ]
-0.06	 -0.51	-0.04	0.01	560_V	[86.00252174 11.35804348 24.52386957]
0.05	 0.63	-0.01	-0.15	560_V	[85.61966667 13.78553333 22.48306667]
-0.3	 -0.92	0.2	0.45	560_V	[87.51133333 11.84493333 21.82413333]
-0.04	 -0.2	-0.01	0.08	560_V	[88.34245 10.55875 25.14735]
-0.13	 -0.54	0.03	0.23	560_V	[90.22036 11.45436 23.11752]
0.1	 -0.57	-0.16	-0.08	560_V	[91.14357143 11.91257143 25.52157143]
-0.16	 -0.1	-0.43	0.29	561_Y	[86.62728205 20.31607692 23.74323077]
0.11	 0.38	0.04	-0.86	561_Y	[86.13583333 18.50483333 26.112     ]
-0.06	 0.05	-0.14	0.06	561_Y	[84.04933333 16.85133333 25.76783333]
-0.07	 -0.14	0.1	-0.16	561_Y	[83.70963158 16.00394737 24.18584211]
-0.06	 -0.16	-0.03	0.0	561_Y	[84.191      16.35592308 27.11661538]
-0.03	 0.08	-0.01	-0.01	561_Y	[83.45046429 13.82928571 23.88442857]
-0.07	 -0.72	-0.01	0.06	561_Y	[83.58814286 14.95407143 27.74314286]
-0.07	 -0.45	0.08	-0.16	561_Y	[82.83469231 14.784      25.91184615]
-0.1	 -0.52	-0.02	0.15	561_Y	[83.21721875 11.86090625 25.498     ]
0.1	 0.81	-0.07	-0.15	561_Y	[85.6168     17.39366667 22.48906667]
0.12	 1.19	0.03	-0.31	561_Y	[86.78485714 18.37171429 26.91321429]
-1.36	 -0.11	-0.07	0.78	561_Y	[85.44283333 18.81911111 25.154     ]
-0.12	 -0.31	-0.01	0.43	561_Y	[84.57926316 15.89726316 22.70468421]
-0.26	 -0.74	0.07	0.4	561_Y	[83.5312381  13.53761905 23.04947619]
0.09	 0.95	0.01	-0.21	561_Y	[84.00666667 13.398      28.638     ]
-0.2	 -0.59	0.08	0.24	561_Y	[82.538875  12.63      27.3116875]
0.08	 0.68	0.23	-0.42	562_H	[91.03633333 20.836      22.615     ]
0.11	 1.61	-0.02	-0.24	562_H	[89.64905882 21.66452941 23.61435294]
-0.1	 0.08	-0.11	0.06	562_H	[89.24229032 22.88209677 23.27058065]
0.0	 0.47	0.0	-0.1	562_H	[88.75716667 21.24733333 20.54783333]
-0.06	 0.43	-0.08	0.12	562_H	[89.35257143 20.038      19.33642857]
-0.0	 0.47	-0.02	-0.06	562_H	[90.88342857 19.68442857 19.42628571]
-0.09	 -0.14	-0.02	0.15	562_H	[87.694      18.68309091 19.22763636]
-0.06	 -0.25	0.05	0.01	562_H	[90.58874286 16.8706     19.1018    ]
-0.11	 1.89	0.01	0.05	562_H	[88.77933333 17.78233333 17.9565    ]
0.1	 0.31	0.04	-0.19	562_H	[91.48485714 20.22578571 22.88492857]
-0.11	 -0.97	0.02	0.12	562_H	[87.47464286 20.77857143 21.18992857]
-0.23	 -0.64	0.09	0.34	562_H	[90.38965 21.4765  21.0217 ]
-0.22	 -0.62	0.03	0.21	562_H	[91.96159091 18.90954545 20.66918182]
-0.16	 -0.6	0.1	0.28	562_H	[86.66023529 18.26858824 20.19488235]
-0.26	 -0.76	0.08	0.41	562_H	[91.39488462 16.54588462 18.72      ]
-0.34	 -0.91	0.16	0.46	562_H	[88.27571429 16.14042857 18.57604762]
0.14	 1.57	0.25	-0.48	563_A	[87.76386667 20.3028     25.52093333]
0.06	 1.0	0.09	-0.35	563_A	[87.801      21.41666667 26.01466667]
0.14	 0.33	0.01	-0.25	563_A	[92.26631818 21.62154545 24.87063636]
0.03	 0.56	-0.3	0.05	563_A	[88.74753846 21.64176923 28.78953846]
-0.0	 0.57	-0.55	0.11	563_A	[87.451425 22.4972   25.967975]
0.09	 0.79	-0.16	-0.16	563_A	[88.73891304 22.85391304 29.16591304]
0.03	 0.17	-0.77	0.09	563_A	[87.46435294 20.44885294 27.12602941]
0.1	 1.3	0.16	-0.36	564_P	[92.366625 24.482875 24.435   ]
-0.01	 0.13	-0.03	-0.08	564_P	[94.02242857 25.55278571 26.2535    ]
-0.07	 -0.43	-0.12	0.07	564_P	[93.02117241 26.90362069 27.74751724]
-0.16	 -0.67	-0.05	0.15	564_P	[92.33064286 26.79228571 24.32585714]
-0.12	 -0.3	-0.02	0.12	564_P	[89.6549375 27.2075    25.62675  ]
0.04	 0.87	-0.05	-0.05	564_P	[88.15725 25.674   25.91275]
-0.13	 -0.31	0.01	0.18	564_P	[92.61575    23.81425    24.38395833]
-0.22	 -1.17	0.23	0.4	564_P	[92.55094444 27.44422222 25.30322222]
-0.2	 -0.46	0.11	0.33	564_P	[91.23956522 25.61834783 23.469     ]
-0.06	 -0.54	0.01	0.18	564_P	[90.21095 27.07125 27.4447 ]
-0.23	 -0.87	0.15	0.43	564_P	[89.23731818 27.08031818 24.73181818]
-0.11	 0.55	-0.03	0.11	564_P	[88.3618     24.768      27.49217143]
-0.13	 -0.2	0.12	0.18	564_P	[88.43782353 24.62258824 24.61870588]
0.07	 1.16	-0.03	-0.2	565_V	[94.29366667 23.89133333 26.266     ]
0.04	 0.08	-0.06	-0.11	565_V	[95.44753846 23.96723077 27.144     ]
-0.04	 0.21	-0.06	-0.07	565_V	[96.23027273 21.771      27.72372727]
0.13	 1.22	0.03	-0.24	565_V	[94.03307692 22.70146154 26.20330769]
0.19	 1.49	0.15	-0.43	565_V	[93.88277778 26.14655556 29.42555556]
0.22	 1.5	0.41	-0.63	565_V	[92.5305    21.8081875 32.516875 ]
0.06	 0.67	-0.02	-0.21	565_V	[90.75418605 22.1507907  31.02565116]
0.06	 0.84	-0.07	-0.18	566_D	[95.72383333 25.38133333 28.05341667]
0.05	 1.1	-0.04	-0.18	566_D	[97.1535     24.69483333 27.585     ]
0.12	 0.75	-0.1	-0.2	566_D	[98.242    21.789125 29.044375]
-0.12	 -0.41	-0.14	0.12	566_D	[99.2534 26.3452 28.1243]
0.09	 0.95	-0.03	-0.18	566_D	[99.16742105 26.42042105 30.74463158]
-0.22	 -0.6	-0.01	0.33	566_D	[99.10671739 27.82436957 30.9388913 ]
0.05	 0.19	-0.05	-0.14	566_D	[95.38504545 26.0515     29.75863636]
-0.16	 -0.24	0.1	0.02	566_D	[97.88415789 23.71       27.47557895]
-0.13	 -0.35	0.27	0.06	566_D	[100.1089  25.374   28.5348]
-0.26	 -0.95	0.13	0.41	566_D	[97.74994737 26.52273684 28.04952632]
0.02	 0.67	-0.12	-0.03	567_E	[99.302125 22.131625 28.68675 ]
0.07	 1.6	0.13	-0.35	567_E	[99.88485714 20.70671429 29.31828571]
0.14	 1.21	-0.05	-0.26	567_E	[101.76166667  21.56255556  32.94166667]
0.17	 1.45	0.12	-0.39	567_E	[100.36558333  20.18141667  33.57058333]
0.05	 0.69	-0.08	-0.11	567_E	[101.8101  21.9311  29.3818]
0.0	 0.89	0.1	-0.23	567_E	[101.54133333  19.38838095  30.77309524]
-0.1	 -0.39	-0.08	0.09	567_E	[103.66423077  19.556       29.86780769]
-0.32	 -0.95	0.18	0.47	567_E	[104.75322222  19.98827778  31.05816667]
-0.29	 -1.0	0.18	0.46	567_E	[103.39634146  18.64502439  28.47904878]
-0.13	 -0.19	-0.15	0.1	567_E	[100.60682353  23.59335294  28.88805882]
-0.02	 0.06	-0.1	-0.09	567_E	[98.51417391 20.44917391 30.06913043]
-0.17	 -0.51	-0.07	0.22	567_E	[101.4653913   21.32108696  28.58508696]
-0.1	 -0.72	-0.13	0.16	567_E	[102.58345455  22.44672727  31.157     ]
-0.1	 -0.08	0.01	-0.06	567_E	[101.73815385  19.73161538  32.18584615]
-0.47	 -0.25	0.3	0.38	567_E	[100.60942857  18.95028571  29.77414286]
0.11	 1.38	-0.03	-0.25	568_A	[102.207       22.69755556  32.78566667]
0.03	 0.89	0.1	-0.24	568_A	[101.7545      23.15433333  34.71416667]
0.14	 1.03	-0.1	-0.18	568_A	[99.33391667 24.84775    35.88633333]
0.01	 0.05	-0.09	-0.05	568_A	[100.09895  23.37565  36.52785]
-0.13	 -0.38	-0.02	0.09	568_A	[101.58224138  25.69882759  34.04031034]
0.07	 0.48	0.04	-0.22	568_A	[101.19605556  24.51677778  31.23205556]
-0.12	 0.18	-0.11	0.06	568_A	[101.77791667  22.44833333  35.08845833]
-0.19	 -0.84	0.15	0.41	568_A	[101.28875     25.31679167  35.74429167]
-0.28	 -0.86	0.15	0.5	568_A	[102.96363636  24.6225      33.45631818]
-0.07	 -0.1	-0.14	0.01	568_A	[100.30104762  26.3502381   33.26433333]
0.12	 1.63	-0.06	-0.21	569_D	[96.41646667 27.67406667 34.08746667]
-0.1	 -0.2	-0.07	0.1	569_D	[97.45563265 27.03704082 35.22320408]
-0.12	 -0.21	-0.07	0.1	569_D	[95.4455122  27.7327561  32.42378049]
0.15	 1.42	0.19	-0.47	569_D	[97.933  25.1158 36.1784]
0.05	 0.69	-0.16	-0.15	570_A	[97.2169375 18.3188125 34.242875 ]
0.16	 1.19	0.15	-0.41	570_A	[95.97742105 17.78557895 34.99      ]
0.15	 1.31	0.24	-0.46	570_A	[97.29090909 18.9115     31.6035    ]
0.05	 0.38	-0.03	-0.18	570_A	[98.38680769 19.03484615 32.10742308]
0.09	 0.99	-0.05	-0.25	571_K	[98.337      18.88718182 34.20545455]
0.03	 0.08	-0.09	-0.12	571_K	[98.51275 18.2535  35.14725]
0.07	 1.45	-0.02	-0.18	571_K	[100.80591667  19.469       35.56916667]
0.03	 0.47	-0.08	-0.13	571_K	[100.74871429  19.26814286  37.64857143]
-0.02	 0.27	-0.05	-0.07	571_K	[102.44617647  19.48005882  37.00223529]
-0.09	 -0.2	-0.03	0.02	571_K	[102.99809524  18.88033333  40.0537619 ]
0.02	 1.34	0.03	-0.25	571_K	[101.95175     16.74533333  40.25391667]
-0.07	 0.24	-0.15	0.04	571_K	[98.04328 17.42024 36.33852]
-0.2	 -0.07	-0.07	0.17	571_K	[100.35020833  18.692125    34.94383333]
0.17	 0.98	0.07	-0.32	571_K	[100.517       21.29513333  36.997     ]
0.05	 0.61	0.01	-0.24	571_K	[99.98255556 20.62022222 38.86061111]
0.05	 0.14	0.05	-0.16	571_K	[99.72583333 17.19072222 37.71155556]
-0.16	 -0.69	0.06	0.17	571_K	[102.50372  17.69428  36.99228]
-0.26	 -0.77	-0.14	0.39	571_K	[102.36333333  20.464       36.96047619]
-0.3	 -0.97	0.29	0.5	571_K	[104.15189474  18.90310526  39.29836842]
-0.19	 -0.47	0.07	0.22	571_K	[101.83819048  20.02442857  40.20280952]
-0.36	 -0.76	0.21	0.51	571_K	[103.09965217  16.76921739  40.66247826]
-0.04	 0.13	-0.25	0.05	571_K	[100.99569231  16.994       41.12938462]
-0.28	 -1.0	0.12	0.37	571_K	[101.7618125  16.152      38.9106875]
0.14	 1.49	0.14	-0.41	572_A	[99.10155556 22.07388889 38.04377778]
0.11	 1.68	-0.03	-0.21	572_A	[98.9295     21.898      39.04833333]
0.25	 1.38	0.2	-0.46	572_A	[95.91558824 21.472      41.69723529]
0.11	 0.59	-0.09	-0.18	572_A	[97.33357143 24.83604762 38.70771429]
0.02	 0.39	-0.05	-0.08	572_A	[98.12095833 21.93870833 40.387875  ]
-0.07	 -0.44	-0.08	0.13	572_A	[98.56082857 24.30397143 38.59908571]
0.18	 1.37	0.23	-0.51	573_I	[91.14946154 20.73       34.56723077]
0.21	 1.51	0.17	-0.44	573_I	[91.44590476 22.0637619  33.69109524]
0.1	 1.39	-0.07	-0.16	574_A	[96.1755     16.26991667 36.24408333]
0.11	 1.14	0.03	-0.24	574_A	[94.971      16.18941176 35.17752941]
0.14	 1.3	0.29	-0.55	574_A	[97.112625   16.51558333 37.48270833]
0.04	 1.05	0.32	-0.59	575_D	[96.491      16.93266667 43.16833333]
0.16	 1.3	0.47	-0.68	575_D	[95.910375 18.905125 44.1255  ]
0.09	 0.34	-0.06	-0.19	575_D	[95.58357143 17.29517857 44.27264286]
0.06	 0.83	0.02	-0.23	575_D	[97.52       18.43914286 42.65580952]
-0.09	 -0.35	-0.15	0.12	575_D	[98.77230769 16.59361538 42.25238462]
0.03	 0.38	-0.12	-0.12	575_D	[98.77916129 15.93687097 40.07516129]
-0.11	 0.09	0.07	-0.03	575_D	[99.9155     19.05395455 41.37318182]
0.11	 1.69	-0.0	-0.26	575_D	[96.49175  16.324375 42.953625]
0.11	 0.43	0.04	-0.15	575_D	[97.2965     20.19385714 41.90357143]
-0.16	 -0.35	-0.25	0.28	575_D	[97.22535714 18.81989286 43.54385714]
0.11	 0.95	-0.04	-0.12	577_L	[88.84684211 17.14252632 36.82563158]
0.12	 1.11	0.06	-0.3	577_L	[88.23703571 18.86346429 36.851     ]
0.15	 1.53	0.06	-0.44	577_L	[88.38842857 16.48814286 37.12671429]
0.04	 0.44	-0.07	-0.07	578_A	[93.90777778 14.16       45.60988889]
-0.02	 -0.08	0.02	-0.04	578_A	[91.7204375  12.96134375 46.35421875]
0.08	 1.26	-0.08	-0.17	578_A	[94.722625 13.657375 44.22    ]
0.11	 -0.33	-0.03	-0.13	578_A	[94.28488889 12.54377778 44.284     ]
0.12	 0.47	0.05	-0.25	578_A	[94.82466667 14.76946667 44.11266667]
0.11	 1.58	0.11	-0.37	579_K	[94.19225 15.1665  45.4525 ]
0.06	 1.14	0.09	-0.33	579_K	[94.3642 15.1776 46.507 ]
0.1	 1.38	0.23	-0.55	579_K	[91.56915385 17.15073077 47.97346154]
-0.19	 -0.4	-0.08	0.25	579_K	[90.87572973 15.97959459 48.95475676]
0.08	 1.84	0.0	-0.26	579_K	[94.94033333 15.81466667 46.70433333]
0.08	 1.65	0.02	-0.26	579_K	[94.02326316 16.91294737 48.85836842]
0.05	 0.58	0.07	-0.28	579_K	[93.411      18.71683333 48.80616667]
0.02	 0.13	-0.09	-0.1	579_K	[94.55971429 20.01207143 50.67607143]
-0.0	 -3.0	-0.01	-0.12	579_K	[96.36244444 17.49377778 51.55711111]
-0.08	 -0.24	-0.06	0.11	579_K	[93.29647368 14.56415789 47.72278947]
0.03	 0.52	0.02	-0.14	579_K	[95.26746429 17.04221429 46.07528571]
-0.0	 1.0	-0.09	-0.14	579_K	[93.03114286 17.1497619  49.53195238]
-0.21	 -0.61	-0.12	0.25	579_K	[95.4882  15.77155 48.5279 ]
-0.0	 -0.15	-0.03	0.0	579_K	[96.68     18.57875  47.974625]
0.17	 1.31	0.1	-0.34	579_K	[93.35458824 19.52494118 48.23611765]
-0.11	 -0.2	-0.1	0.12	579_K	[96.15078571 20.26735714 50.92742857]
-0.19	 -0.74	-0.13	0.39	579_K	[93.67435714 18.85353571 50.52017857]
-0.33	 -0.73	0.23	0.47	579_K	[96.16754545 17.93431818 52.32395455]
-0.22	 -0.75	0.13	0.35	579_K	[95.34884211 16.24589474 51.04784211]
-0.21	 -0.66	0.13	0.34	579_K	[97.50072 17.95844 50.34212]
0.08	 0.64	-0.09	-0.15	580_T	[88.51986667 15.5516     48.055     ]
-0.07	 -0.05	-0.05	0.03	580_T	[86.89858333 16.99670833 48.67595833]
0.11	 0.85	0.04	-0.25	580_T	[91.03392 20.0396  47.67728]
0.02	 -0.14	-0.09	0.06	580_T	[89.4755    18.2071875 48.7306875]
-0.01	 -0.18	-0.06	-0.01	580_T	[87.89180769 20.29238462 48.60396154]
0.0	 -0.26	-0.03	-0.09	581_Y	[86.7129375 13.7870625 47.3404375]
-0.07	 -0.01	-0.34	0.05	581_Y	[85.16996154 13.39580769 46.35496154]
0.05	 0.46	0.01	-0.18	581_Y	[89.09245833 13.37483333 47.04475   ]
0.1	 1.17	0.2	-0.46	581_Y	[85.942  15.2136 47.4844]
0.21	 1.2	0.19	-0.44	581_Y	[84.79156 13.74552 43.45596]
0.07	 0.59	-0.03	-0.2	581_Y	[83.247      15.42285714 44.21671429]
0.13	 0.94	0.02	-0.3	581_Y	[81.89917647 18.40911765 44.46976471]
