-0.15	 -0.22	0.04	0.12	20_D	[-25.19054902  -9.93733333  43.88778431]
0.05	 -1.42	-0.18	-0.1	20_D	[-23.290625  -8.317625  43.267625]
0.14	 1.48	0.33	-0.57	20_D	[-21.6118 -11.9981  41.4988]
-0.17	 -0.91	-0.03	0.21	20_D	[-21.89688571 -10.72542857  44.81902857]
0.01	 0.27	0.04	-0.15	20_D	[-20.43551429  -9.26785714  42.37094286]
-0.16	 -0.02	-0.05	0.1	20_D	[-19.64243636 -11.0262      42.13783636]
-0.21	 -0.4	0.01	0.26	20_D	[-20.701       -7.88751351  43.44889189]
0.08	 1.55	0.11	-0.36	21_P	[-22.02966667 -12.52383333  41.9755    ]
0.17	 1.67	0.25	-0.51	21_P	[-22.13557143 -13.592       41.00635714]
0.16	 1.37	0.17	-0.41	21_P	[-25.24148148 -14.98592593  41.91751852]
-0.19	 -0.47	-0.07	0.19	21_P	[-23.20806383 -15.16217021  43.23440426]
-0.14	 -0.57	-0.07	0.13	21_P	[-24.01704878 -12.95826829  44.08056098]
0.14	 1.8	0.14	-0.42	22_E	[-28.777  -11.7722  39.2296]
0.0	 -0.04	-0.11	-0.07	22_E	[-28.102375  -9.153625  40.037   ]
-0.01	 0.17	-0.05	-0.1	22_E	[-28.39406061 -10.38648485  38.10827273]
-0.13	 -0.29	0.02	0.11	22_E	[-29.07044444 -10.42214815  41.09051852]
0.04	 0.4	-0.09	-0.15	22_E	[-28.99406122 -12.94632653  41.90404082]
-0.13	 -0.64	-0.09	0.18	22_E	[-30.3823     -11.84453333  43.1347    ]
-0.38	 -1.02	0.18	0.48	22_E	[-29.56457143 -11.2704      44.47534286]
-0.32	 -1.26	0.25	0.5	22_E	[-31.87697297 -12.10356757  42.57710811]
0.13	 0.6	0.03	-0.24	23_L	[-26.60046667  -9.133       41.39113333]
0.07	 -0.0	-0.0	-0.11	23_L	[-26.85888889  -7.58872222  39.11766667]
-0.09	 -0.33	-0.02	0.12	23_L	[-25.38603846  -7.19523077  41.35261538]
0.19	 1.55	0.25	-0.52	23_L	[-21.57375     -6.822       38.82891667]
-0.1	 -0.44	-0.0	0.08	23_L	[-23.95632143  -4.79903571  38.57032143]
-0.16	 -0.51	-0.01	0.17	23_L	[-22.50364706  -6.06480882  41.44386765]
0.27	 1.31	0.45	-0.66	24_L	[-21.213       -9.26975     39.70266667]
0.16	 1.03	0.11	-0.39	24_L	[-19.538      -12.03346154  40.08836538]
0.05	 0.27	-0.13	-0.11	24_L	[-19.69726829  -8.85807317  38.62595122]
0.08	 0.79	0.05	-0.26	25_A	[-28.07135714 -11.21192857  35.53935714]
-0.05	 -0.94	0.02	0.02	25_A	[-27.96236842 -11.52010526  33.22536842]
0.09	 0.59	0.01	-0.14	25_A	[-28.30422727 -13.0825      36.30345455]
-0.08	 -0.18	-0.14	0.07	26_S	[-28.54635294  -9.72141176  34.01070588]
0.11	 1.69	0.15	-0.41	26_S	[-27.437625  -9.208875  32.4875  ]
-0.14	 -0.46	0.07	0.2	26_S	[-27.54363636  -7.32018182  32.44888636]
-0.18	 -0.78	0.09	0.22	26_S	[-29.07433333  -8.17488095  36.1247619 ]
-0.1	 -0.26	0.06	0.11	26_S	[-27.24364286  -5.97592857  36.07789286]
-0.05	 -0.04	-0.09	0.07	27_V	[-25.19681818  -6.24027273  31.90090909]
0.04	 -0.0	-0.02	-0.09	27_V	[-25.07216667  -8.20908333  30.82375   ]
-0.19	 -0.41	0.03	0.25	27_V	[-22.65635   -7.7233    30.592525]
-0.06	 0.11	-0.23	0.06	27_V	[-22.24771429  -5.84952381  32.69880952]
-0.14	 -0.32	0.02	0.18	27_V	[-24.05312963  -4.57196296  34.41364815]
0.19	 1.63	0.18	-0.43	27_V	[-21.208       -7.4774      33.36506667]
0.15	 1.49	-0.07	-0.23	28_T	[-23.14883333  -9.7055      29.77527778]
-0.01	 0.07	0.09	-0.11	28_T	[-25.6272      -9.979       30.07886667]
-0.07	 0.16	-0.1	0.04	28_T	[-26.95353846 -11.07065385  31.091     ]
0.08	 0.7	0.02	-0.26	28_T	[-20.63882927  -9.68460976  31.46919512]
0.06	 0.71	-0.09	-0.13	29_P	[-25.27825 -10.97725  28.428  ]
-0.11	 -0.2	-0.04	0.13	29_P	[-26.68628571 -12.31904762  28.53971429]
0.06	 1.0	0.0	-0.16	29_P	[-27.30433333 -13.94544444  30.34866667]
-0.07	 -0.14	0.01	0.05	29_P	[-27.17863333 -15.86853333  29.22986667]
0.06	 0.39	-0.03	-0.14	29_P	[-26.03027273 -13.7075      26.3665    ]
-0.02	 0.21	-0.24	0.05	29_P	[-23.92681818 -11.49415152  26.05406061]
-0.03	 0.13	-0.01	-0.04	29_P	[-22.70632258 -10.85290323  28.27325806]
0.03	 0.25	-0.11	-0.07	30_F	[-28.0838 -15.2698  32.02  ]
0.05	 0.1	0.06	-0.16	30_F	[-27.85280952 -13.72061905  32.766     ]
0.1	 1.01	-0.07	-0.25	31_T	[-28.0866 -16.4529  31.8573]
-0.01	 -0.33	-0.06	-0.01	31_T	[-29.00453846 -15.13169231  34.196     ]
-0.18	 -0.44	0.07	0.2	31_T	[-30.06722222 -16.62351852  33.43181481]
-0.03	 0.09	0.03	0.01	31_T	[-30.59115789 -17.20252632  35.71189474]
-0.11	 -0.47	0.07	0.1	31_T	[-29.3936 -19.0684  32.9665]
0.12	 0.87	0.06	-0.23	32_V	[-29.38881818 -15.34518182  36.65481818]
0.07	 0.04	-0.12	-0.09	32_V	[-30.38478571 -16.44807143  38.37614286]
-0.19	 0.16	-0.04	-0.02	32_V	[-28.94303333 -16.789       41.1618    ]
-0.12	 -0.57	-0.05	0.13	32_V	[-29.97636364 -13.83656818  39.10213636]
0.14	 1.25	0.07	-0.31	33_E	[-27.00894118 -21.00723529  39.416     ]
0.09	 0.52	-0.01	-0.12	33_E	[-25.4132 -22.4212  37.8126]
-0.17	 -0.21	0.14	0.14	33_E	[-28.01336111 -22.14069444  36.5025    ]
-0.22	 -0.98	0.05	0.26	33_E	[-29.91202273 -21.56652273  38.84138636]
-0.17	 -0.74	-0.03	0.24	33_E	[-32.007      -20.39464286  37.80057143]
-0.1	 -0.22	0.0	0.12	33_E	[-31.14775758 -19.70275758  35.96212121]
-0.16	 -0.47	0.04	0.22	33_E	[-31.3214   -18.87565   39.182125]
0.16	 0.71	-0.02	-0.21	34_E	[-26.59545455 -21.75054545  33.73893939]
-0.09	 -0.06	-0.19	0.04	34_E	[-27.60461538 -20.15146154  31.19230769]
0.06	 0.26	0.04	-0.15	34_E	[-26.58741667 -21.31483333  30.14405556]
0.12	 0.64	0.04	-0.23	34_E	[-26.92235294 -18.09811765  30.26764706]
0.18	 1.22	0.17	-0.43	35_V	[-21.89407407 -16.2252963   40.04348148]
0.18	 1.62	0.05	-0.35	36_E	[-21.84147826 -18.63947826  40.90765217]
-0.02	 -0.04	-0.11	-0.05	36_E	[-23.1105   -22.055875  40.391375]
0.05	 0.56	-0.04	-0.2	36_E	[-21.20219355 -21.46909677  41.55945161]
-0.05	 -0.27	-0.03	-0.01	36_E	[-24.46007143 -21.00071429  41.37871429]
-0.07	 -0.12	-0.02	-0.01	36_E	[-23.32654054 -18.27340541  42.38648649]
-0.12	 -0.06	0.09	-0.03	36_E	[-26.10064706 -19.41105882  43.41429412]
-0.17	 -0.49	0.07	0.2	36_E	[-26.39064103 -17.50589744  43.64038462]
-0.19	 -0.54	0.12	0.19	36_E	[-27.10354839 -20.30609677  42.01516129]
0.15	 0.88	0.1	-0.3	37_A	[-23.586      -22.09085714  39.32757143]
0.01	 0.02	-0.05	-0.08	37_A	[-22.10191304 -23.54973913  38.9196087 ]
0.12	 0.61	-0.03	-0.24	37_A	[-19.92366667 -22.55577778  35.68961111]
-0.01	 0.16	1.78	0.1	37_A	[-19.1534     -23.97056667  37.45243333]
-0.0	 0.28	-0.16	-0.06	37_A	[-22.38287234 -24.21806383  36.56580851]
0.19	 1.05	0.16	-0.4	38_L	[-18.19927273 -22.05154545  35.84845455]
0.13	 0.82	-0.04	-0.24	38_L	[-18.096      -21.45655102  33.3704898 ]
0.07	 0.39	-0.15	-0.13	39_Y	[-20.16065385 -18.62519231  41.44219231]
0.04	 0.02	-0.08	-0.03	39_Y	[-18.83071429 -17.41742857  42.75457143]
0.08	 0.96	0.03	-0.24	39_Y	[-17.87245455 -16.521       42.91      ]
-0.05	 0.01	0.04	-0.03	39_Y	[-19.13524324 -19.55205405  43.88237838]
-0.04	 -0.12	-0.07	-0.02	39_Y	[-15.24871429 -16.60794286  43.57428571]
-0.14	 -0.3	0.02	0.14	39_Y	[-17.52960976 -18.83356098  45.88402439]
-0.04	 0.18	0.1	-0.13	39_Y	[-16.44641176 -17.22652941  44.86952941]
-0.26	 -0.85	0.11	0.4	39_Y	[-15.04506383 -17.50370213  46.08934043]
-0.01	 0.0	-0.12	-0.09	40_E	[-16.1645   -25.250875  39.428375]
0.03	 0.24	0.02	-0.15	40_E	[-14.93565714 -24.73765714  41.38142857]
-0.18	 -0.79	0.04	0.27	40_E	[-17.90966667 -25.85170833  40.24208333]
-0.14	 -0.24	0.01	0.11	40_E	[-20.40570968 -25.00583871  40.83864516]
-0.23	 -1.08	-0.05	0.23	40_E	[-20.17515385 -25.41192308  43.28353846]
-0.14	 -0.39	0.06	0.18	40_E	[-20.15418421 -22.95157895  43.77036842]
-0.16	 -0.5	0.1	0.19	40_E	[-18.05014286 -25.71794286  43.6304    ]
0.16	 1.23	0.02	-0.26	41_L	[-16.8521 -24.4322  38.2189]
0.08	 0.29	0.01	-0.16	41_L	[-14.62092857 -24.97964286  38.24228571]
-0.02	 0.43	0.02	-0.06	41_L	[-16.44895455 -23.62890909  36.00604545]
-0.08	 -0.55	0.03	0.15	41_L	[-12.93441509 -25.27216981  35.23907547]
-0.13	 -0.5	-0.01	0.14	41_L	[-14.49961818 -22.883       33.21409091]
0.17	 1.46	0.09	-0.33	42_F	[-12.6195625 -18.195625   42.4309375]
0.08	 0.3	-0.1	-0.17	42_F	[-12.31265517 -15.88996552  42.54686207]
0.1	 0.91	0.05	-0.31	43_K	[-11.99475    -20.41508333  43.18025   ]
-0.02	 -0.04	-0.12	-0.04	43_K	[-11.6535  -23.99925  43.14925]
0.06	 0.29	-0.08	-0.15	43_K	[-10.28086957 -22.49230435  43.67656522]
-0.13	 -0.56	-0.02	0.16	43_K	[-13.01866667 -23.45266667  43.87227778]
-0.05	 -0.08	-0.07	0.09	43_K	[-13.36468571 -20.30088571  44.48017143]
0.12	 1.2	0.06	-0.34	43_K	[-15.3901 -20.3794  45.7614]
-0.18	 -0.76	0.03	0.21	43_K	[-15.24955102 -23.03914286  45.89246939]
-0.07	 -0.1	0.05	0.01	43_K	[-17.43915909 -23.43734091  45.17186364]
0.12	 1.2	0.01	-0.21	44_K	[-12.4124 -24.6954  41.7545]
-0.01	 -0.16	-0.08	0.01	44_K	[-10.24083333 -25.22616667  41.96277778]
0.16	 0.88	0.11	-0.34	44_K	[ -7.43722222 -25.17340741  40.9292963 ]
-0.05	 -0.02	-0.05	0.03	44_K	[-12.27134783 -26.07804348  39.75226087]
-0.16	 -0.87	0.08	0.2	44_K	[-10.50665116 -27.38695349  39.24074419]
-0.04	 -0.16	-0.05	0.01	44_K	[ -9.6065  -26.5141   36.64265]
-0.15	 -0.87	-0.03	0.23	44_K	[ -7.70346 -28.04238  38.7101 ]
0.12	 0.63	0.03	-0.24	44_K	[ -5.97833333 -26.95880392  36.83637255]
0.25	 1.38	0.45	-0.66	45_L	[ -5.99263636 -21.01481818  37.26104545]
0.12	 0.84	0.04	-0.29	45_L	[ -7.83119231 -21.14615385  35.88203846]
-0.05	 -0.14	-0.08	0.02	45_L	[-10.38745238 -21.22359524  33.90069048]
-0.03	 0.14	0.04	-0.12	45_L	[ -8.95784091 -23.87934091  34.56518182]
0.1	 0.57	0.03	-0.27	46_S	[ -9.9785814  -19.37686047  43.32688372]
-0.04	 -0.15	0.03	0.06	47_S	[ -4.45606452 -24.10280645  44.92303226]
-0.01	 0.18	-0.06	-0.12	47_S	[ -8.01427586 -22.4752069   45.29748276]
-0.16	 -0.53	0.03	0.23	47_S	[ -7.5816875 -24.9013125  43.9813125]
0.01	 -0.21	-0.05	-0.03	48_S	[ -4.6212  -25.39344  42.26964]
0.12	 1.09	-0.02	-0.24	48_S	[ -2.73733333 -24.6715      43.686     ]
-0.13	 -0.3	0.05	0.15	48_S	[ -1.27827273 -25.54470455  42.35945455]
0.05	 0.45	-0.04	-0.11	48_S	[ -4.25208696 -25.86156522  40.09321739]
0.08	 0.66	-0.12	-0.12	49_I	[  0.36833333 -23.97233333  43.0494    ]
0.13	 0.79	0.05	-0.32	49_I	[ -1.90370588 -22.81605882  44.85370588]
-0.16	 -0.63	-0.02	0.23	49_I	[ 2.35000000e-02 -2.24610682e+01  4.54291136e+01]
-0.09	 -0.28	-0.01	0.11	49_I	[  2.54154545 -21.37478182  42.18567273]
0.25	 1.44	0.08	-0.35	49_I	[  2.65884615 -21.83792308  39.36607692]
0.09	 0.5	0.02	-0.2	50_I	[ -0.5442 -20.1095  46.6105]
-0.07	 -0.74	-0.1	0.08	50_I	[  1.44582609 -19.37791304  45.647     ]
-0.12	 -0.76	0.01	0.17	50_I	[ -0.94988 -17.26514  47.30986]
-0.15	 -0.79	0.03	0.25	50_I	[  1.61986842 -16.81575     44.44226316]
0.04	 0.39	-0.01	-0.19	51_D	[ -3.1065641  -20.79115385  47.11646154]
0.16	 0.98	0.14	-0.43	51_D	[ -5.21255556 -18.30688889  47.90911111]
-0.21	 -0.74	0.03	0.28	51_D	[ -5.98444444 -18.40925     49.09652778]
-0.15	 -0.81	-0.02	0.15	51_D	[ -4.97286111 -22.25280556  48.21733333]
-0.02	 0.1	-0.25	0.02	51_D	[ -7.22053846 -21.75819231  48.35357692]
-0.34	 -1.27	0.29	0.55	51_D	[ -7.47911429 -22.6256      49.3726    ]
-0.08	 -0.05	0.03	0.02	51_D	[ -8.22592105 -20.05210526  46.81342105]
-0.11	 -0.32	-0.08	0.12	52_D	[ -6.44242857 -16.133       48.27242857]
-0.04	 0.01	0.05	-0.11	52_D	[ -7.97236842 -16.74321053  47.44568421]
-0.16	 -0.71	0.05	0.22	52_D	[ -7.70782143 -13.88025     46.52185714]
-0.09	 -0.55	-0.04	0.14	52_D	[ -4.3434878  -15.09241463  47.38163415]
-0.02	 0.1	-0.09	-0.13	52_D	[ -2.90343103 -15.04065517  44.06686207]
0.1	 0.28	0.02	-0.23	53_G	[ -8.51894444 -18.24144444  45.56972222]
-0.14	 -0.63	0.01	0.2	53_G	[-10.18258974 -16.34630769  45.24682051]
0.19	 1.38	0.1	-0.36	53_G	[ -9.00166667 -13.95355556  44.77677778]
-0.03	 -0.19	0.01	-0.01	53_G	[-10.44866667 -13.65129167  43.08441667]
0.17	 1.74	0.2	-0.46	54_L	[ -4.6374     -15.53413333  41.5922    ]
0.21	 1.54	0.33	-0.57	54_L	[ -4.1820625 -16.4655625  42.1128125]
0.2	 1.24	0.11	-0.36	54_L	[ -4.50527778 -14.00322222  41.76927778]
0.12	 1.17	-0.12	-0.17	54_L	[ -7.4362 -12.4898  45.0146]
-0.13	 -0.57	0.0	0.19	54_L	[ -5.10294915 -11.41769492  44.39532203]
-0.02	 0.04	-0.01	-0.01	54_L	[ -8.43380952 -11.10285714  43.39047619]
0.17	 0.9	0.08	-0.35	55_I	[ -6.05168966 -19.15782759  36.04534483]
0.14	 0.78	-0.23	-0.14	55_I	[ -8.49318421 -17.73371053  35.06473684]
0.16	 1.44	0.2	-0.47	56_H	[ -3.47788235 -15.29070588  40.21529412]
-0.08	 -0.4	-0.15	0.15	56_H	[ -0.97727027 -13.97975676  39.84445946]
-0.03	 0.82	-0.11	-0.01	56_H	[  0.43927273 -15.59709091  41.18      ]
0.08	 0.79	-0.25	-0.15	56_H	[ -1.770075 -16.271625  41.7213  ]
-0.04	 0.12	0.01	0.01	56_H	[  1.71734483 -15.85344828  39.72362069]
0.01	 0.27	-0.05	-0.09	56_H	[  2.121      -18.27714706  40.81447059]
0.16	 1.0	0.05	-0.32	57_K	[  0.13604167 -14.047       36.74670833]
-0.05	 -0.32	-0.03	0.08	57_K	[  1.56641935 -13.93719355  34.9873871 ]
-0.04	 -0.02	-0.1	-0.02	57_K	[  2.99546875 -15.25025     32.65940625]
0.13	 0.88	-0.01	-0.25	57_K	[ -0.05382609 -12.40678261  31.80656522]
-0.07	 -0.12	-0.1	0.08	57_K	[  1.87880851 -12.67106383  30.96851064]
0.1	 0.53	-0.02	-0.23	58_E	[  2.92038889 -20.24883333  38.52244444]
0.03	 0.53	-0.01	-0.13	58_E	[  4.69806522 -19.51469565  36.71706522]
-0.07	 0.08	-0.06	0.05	58_E	[  4.20035294 -17.36635294  38.20888235]
-0.07	 0.07	-0.1	0.02	58_E	[  3.10066667 -15.699875    37.39520833]
-0.24	 -0.7	0.11	0.33	58_E	[  5.20719149 -16.78161702  35.75859574]
0.18	 1.36	0.2	-0.45	59_E	[ -4.86811538 -21.23573077  35.62911538]
0.21	 1.53	0.17	-0.44	60_F	[ -5.11470588 -19.89147059  34.11529412]
0.0	 0.49	-0.11	-0.2	60_F	[ -6.78046429 -18.28842857  33.27010714]
-0.06	 -0.06	-0.19	0.16	60_F	[ -7.33752941 -18.23478431  31.04956863]
0.08	 0.44	0.04	-0.22	60_F	[ -7.27992593 -17.42051852  29.05296296]
0.09	 0.72	0.04	-0.28	61_Q	[  3.68328 -16.68136  30.79656]
0.09	 0.39	-0.03	-0.17	61_Q	[  4.58785  -18.906925  32.499025]
0.21	 1.54	0.35	-0.59	62_L	[ -3.9072381  -26.98371429  32.87338095]
0.05	 0.45	-0.08	-0.13	62_L	[  0.2882439  -27.64021951  36.28512195]
0.12	 0.62	0.02	-0.25	62_L	[ -1.98258065 -26.44641935  38.67512903]
0.05	 0.62	-0.16	-0.1	63_A	[ -5.2258  -25.83385  34.07055]
0.14	 0.76	-0.05	-0.2	63_A	[ -6.2653 -23.5204  30.7094]
-0.16	 -0.47	-0.02	0.23	63_A	[ -5.79665909 -25.92831818  30.91052273]
-0.0	 0.23	-0.05	-0.15	63_A	[ -6.63577612 -22.81095522  33.61176119]
0.16	 1.14	-0.06	-0.21	64_L	[ -5.438125 -24.757625  28.461375]
0.11	 0.76	0.05	-0.32	64_L	[ -3.59015385 -26.52453846  29.41515385]
-0.18	 -0.47	0.02	0.23	64_L	[ -3.69536842 -25.47942105  26.99178947]
0.24	 1.15	0.46	-0.67	64_L	[ -3.63785714 -23.07557143  26.78571429]
0.17	 0.85	0.05	-0.3	64_L	[ -5.7808 -21.4135  30.1351]
0.02	 0.26	-0.09	-0.11	64_L	[ -4.66948718 -19.60202564  26.7765641 ]
-0.18	 -0.92	-0.0	0.29	64_L	[ -6.38303947 -22.07528947  27.32798684]
0.01	 -0.27	-0.15	-0.01	65_F	[ -1.321      -26.71409091  27.37690909]
0.06	 0.09	-0.13	-0.1	65_F	[ -2.07106667 -27.75133333  28.9662    ]
-0.16	 -0.75	0.14	0.2	65_F	[  0.83208 -28.23748  28.67964]
0.12	 0.91	-0.05	-0.2	65_F	[  1.2715  -25.85825  27.62925]
-0.06	 -0.06	-0.08	0.04	65_F	[ -0.47469231 -24.72065385  25.43519231]
-0.11	 0.13	-0.04	-0.02	65_F	[ -1.34375472 -22.51030189  24.6459434 ]
0.15	 1.54	0.01	-0.23	65_F	[ -1.748      -20.39330769  25.43607692]
0.12	 1.15	0.44	-0.67	66_R	[ -2.64428571 -27.57642857  29.94757143]
-0.12	 -0.42	0.06	0.13	66_R	[  1.46652778 -29.33202778  32.55233333]
-0.13	 -0.41	-0.09	0.14	66_R	[ -0.7549375  -30.42959375  30.6923125 ]
-0.1	 -0.41	-0.02	0.14	66_R	[ -3.55397727 -29.35740909  31.11159091]
-0.18	 -0.7	0.05	0.24	66_R	[ -2.787      -31.56787805  32.9984878 ]
-0.03	 -0.12	-0.01	-0.03	66_R	[ -1.24718182 -30.19227273  34.53472727]
-0.16	 -0.69	-0.02	0.21	66_R	[ -3.4964 -31.0652  35.8286]
-0.12	 -0.13	-0.01	0.11	66_R	[ -5.34481818 -29.28706061  35.08133333]
-0.13	 -0.7	0.08	0.17	66_R	[ -2.91844118 -29.14294118  37.17694118]
0.09	 0.87	0.01	-0.17	67_N	[  2.7995625 -27.3134375  33.5225625]
-0.01	 0.06	-0.09	-0.05	67_N	[  3.53759091 -27.169       29.81161364]
-0.15	 -0.26	-0.01	0.11	67_N	[  5.20023077 -27.82776923  31.70884615]
-0.14	 -0.41	0.07	0.22	67_N	[  6.2689375  -26.27247917  30.02277083]
-0.06	 -0.35	-0.02	0.09	67_N	[  5.79665217 -26.32817391  33.45504348]
0.2	 1.46	0.04	-0.28	68_R	[  3.16005882 -26.02564706  35.01294118]
0.14	 0.96	0.04	-0.26	68_R	[  4.8475  -23.72855  36.67355]
-0.11	 -0.42	-0.06	0.1	68_R	[  4.60609091 -23.74863636  38.55488636]
-0.01	 -0.89	-0.01	0.01	68_R	[  3.35095238 -26.63728571  37.52585714]
-0.12	 -0.53	-0.04	0.14	68_R	[  3.89683333 -26.93258333  39.65191667]
-0.12	 -0.47	0.04	0.17	68_R	[  2.89147826 -25.34919565  41.36052174]
-0.17	 -0.63	0.04	0.27	68_R	[  1.49387755 -27.67193878  39.62726531]
0.14	 1.44	0.02	-0.22	69_N	[  6.17605882 -20.87882353  33.59811765]
0.15	 1.42	0.02	-0.29	69_N	[  6.71329412 -22.743       31.23458824]
-0.16	 -0.47	-0.04	0.2	69_N	[  7.23486047 -20.95809302  30.65818605]
-0.11	 -0.46	-0.05	0.16	69_N	[  8.29460976 -23.14707317  33.0812439 ]
-0.2	 -0.84	-0.04	0.22	69_N	[  8.88175    -23.27841667  35.22208333]
-0.18	 -0.62	0.09	0.24	69_N	[  7.41269697 -24.92245455  35.94436364]
-0.13	 -0.5	-0.13	0.28	69_N	[  7.01290385 -21.46175     36.26751923]
0.07	 0.97	-0.04	-0.12	70_R	[  6.4459375 -22.9244375  29.1178125]
0.13	 1.01	-0.04	-0.35	70_R	[  4.64241176 -25.06123529  28.51047059]
-0.09	 -0.46	-0.14	0.11	70_R	[  5.35063636 -24.04436364  27.16406818]
0.12	 1.18	0.11	-0.33	70_R	[  3.128      -25.08623077  27.41015385]
-0.08	 -0.37	-0.04	0.17	70_R	[  3.07380952 -25.30685714  25.41261905]
0.06	 0.5	0.1	-0.28	70_R	[  2.8657037  -23.81111111  23.65322222]
0.01	 0.24	6.31	0.3	70_R	[  4.57236364 -21.85378788  23.22090909]
-0.16	 -0.39	-0.07	0.17	70_R	[  3.27192157 -24.99133333  22.7407451 ]
0.17	 0.62	0.02	-0.21	71_R	[  6.47533333 -20.73846667  27.94453333]
0.15	 1.6	-0.09	-0.2	71_R	[  5.52328571 -17.86485714  25.45914286]
-0.08	 -0.4	0.01	0.1	71_R	[  5.82111538 -19.86561538  25.38473077]
-0.05	 -0.16	0.01	0.03	71_R	[  6.85866667 -18.31137778  28.9132    ]
-0.04	 -0.34	0.02	0.02	71_R	[  6.39547059 -16.20344118  26.52114706]
-0.06	 -0.18	-0.05	0.04	71_R	[  6.30926316 -15.74018421  29.92134211]
-0.19	 -0.79	-0.09	0.21	71_R	[  8.31114286 -14.63882143  28.00385714]
-0.09	 -0.15	-0.06	0.04	71_R	[  7.13495833 -13.23195833  28.611625  ]
-0.13	 -0.54	-0.23	0.33	71_R	[  5.34403846 -12.83563462  30.11144231]
-0.29	 -1.3	0.23	0.49	71_R	[  8.42092308 -11.83215385  28.46725   ]
0.01	 0.17	-0.06	-0.11	72_N	[  4.329      -18.00557895  24.22342105]
0.16	 1.32	0.07	-0.33	72_N	[  3.87191667 -15.685       25.01991667]
0.17	 1.23	0.2	-0.46	72_N	[  0.17333333 -20.63506667  22.75526667]
0.06	 -0.05	-0.0	-0.19	72_N	[ -0.79107407 -19.2542963   23.21048148]
0.2	 0.79	0.07	-0.31	72_N	[  2.79316667 -19.2022      21.54203333]
0.06	 0.27	-0.01	-0.15	73_L	[  3.32265217 -16.52117391  22.29408696]
0.14	 0.62	-0.05	-0.16	73_L	[  3.501      -13.99261538  24.21430769]
-0.06	 -0.47	-0.06	0.02	73_L	[  4.26345 -14.1909   21.66085]
0.25	 1.47	0.36	-0.6	73_L	[  0.47111111 -12.63396296  20.45714815]
-0.07	 0.21	-0.03	-0.02	73_L	[  3.27598214 -11.09235714  22.32610714]
0.17	 1.55	0.15	-0.39	73_L	[  4.50963158 -12.95210526  19.76394737]
0.15	 1.73	0.03	-0.31	74_F	[ -2.7299 -14.436   22.0152]
0.2	 0.67	-0.02	-0.19	74_F	[ -3.4095   -16.722125  24.126875]
0.17	 1.3	0.12	-0.35	74_F	[ -3.96157895 -14.28636842  23.39873684]
-0.2	 -0.84	-0.09	0.21	74_F	[ -2.92296667 -17.02243333  21.84866667]
-0.08	 -0.29	-0.07	0.07	74_F	[ -2.37142857 -17.33014286  19.512     ]
0.06	 0.7	-0.05	-0.12	74_F	[ -1.07455556 -18.58866667  19.95038889]
-0.04	 0.21	-0.13	-0.08	74_F	[ -2.08945283 -14.29767925  19.43760377]
0.1	 0.97	0.28	-0.41	74_F	[ -1.18135714 -17.92057143  18.05864286]
-0.03	 -0.08	-0.05	0.07	74_F	[ -2.06685714 -15.239       17.09009524]
0.05	 0.24	-0.1	-0.06	74_F	[ -0.60734783 -16.77952174  16.416     ]
0.12	 1.05	-0.03	-0.19	75_A	[ -2.12518182 -17.85309091  24.26018182]
0.2	 0.39	0.07	-0.29	75_A	[ -3.745     -17.25175    25.8580625]
0.17	 1.42	0.13	-0.36	75_A	[ -2.07553846 -18.90569231  25.68215385]
0.18	 1.15	0.01	-0.28	76_D	[ -0.48761538 -10.88376923  26.14115385]
0.08	 0.73	0.03	-0.26	76_D	[ -1.24244118 -10.98335294  28.545     ]
-0.03	 -0.15	-0.04	0.0	76_D	[  1.38864516 -11.86258065  26.41787097]
0.15	 0.5	-0.02	-0.16	76_D	[  2.8984 -12.392   28.7039]
-0.04	 0.03	-0.06	0.02	76_D	[  3.95047059 -13.19238235  26.64020588]
0.18	 1.42	0.37	-0.6	76_D	[  3.12023077 -14.68438462  29.73811538]
0.13	 0.95	-0.04	-0.21	77_R	[ -3.21514815 -12.20551852  22.27633333]
0.16	 1.07	0.04	-0.3	77_R	[ -0.44224324 -11.223       22.86440541]
0.13	 0.79	0.1	-0.31	77_R	[ 0.22923529 -8.80947059 22.66017647]
0.06	 0.17	0.02	-0.13	77_R	[-0.92483333 -8.47345833 25.19241667]
0.07	 0.21	-0.02	-0.11	77_R	[-1.16892308 -6.69446154 25.83692308]
-0.06	 -0.16	-0.1	0.03	78_I	[ -5.93002273 -15.77443182  24.37111364]
0.04	 0.34	-0.03	-0.11	78_I	[ -7.762125   -16.39440625  27.52325   ]
-0.03	 0.36	-0.05	-0.04	78_I	[ -8.99740909 -15.62984091  24.35379545]
0.07	 0.82	0.02	-0.26	79_F	[ -2.15872973 -10.91548649  31.92086486]
0.1	 0.44	-0.03	-0.18	79_F	[ -1.606375   -11.03534375  34.43428125]
0.08	 0.75	-0.08	-0.19	80_D	[-3.165625 -8.9885   31.038   ]
0.02	 0.67	0.07	-0.2	80_D	[-1.75968 -8.95184 28.6442 ]
-0.12	 -0.49	-0.02	0.18	80_D	[-1.2331875 -6.9653125 28.516    ]
0.06	 -0.19	-0.02	-0.1	80_D	[-2.29443478 -4.99169565 27.57547826]
-0.08	 -0.08	0.02	0.05	80_D	[-2.42594444 -6.23033333 30.55508333]
0.12	 0.91	0.03	-0.28	81_V	[-9.81383871 -7.12306452 28.7943871 ]
0.14	 0.88	0.09	-0.29	81_V	[-10.20532143  -7.50092857  26.59875   ]
0.26	 1.54	0.16	-0.42	82_F	[ -9.80038889 -14.975       32.16338889]
0.15	 1.22	0.1	-0.36	82_F	[-10.29954545 -15.21645455  27.171     ]
0.05	 0.82	-0.11	-0.15	82_F	[-11.43840741 -16.07911111  30.94085185]
0.01	 -0.06	-0.05	-0.07	82_F	[-11.41426667 -15.91733333  28.66736667]
0.19	 1.5	0.26	-0.52	83_D	[-4.00441667 -8.8235     32.80941667]
0.06	 0.68	-0.07	-0.11	83_D	[-3.19769231 -7.13564103 33.80410256]
0.18	 1.42	0.1	-0.39	84_V	[-9.13684615 -4.40430769 31.12853846]
-0.05	 0.03	0.02	-0.03	84_V	[-9.03804878 -2.55760976 33.31756098]
0.08	 0.99	-0.03	-0.16	84_V	[-11.77504545  -5.96231818  34.06363636]
-0.21	 -1.1	0.04	0.34	84_V	[-11.91911475  -3.37718033  32.52598361]
-0.1	 -0.43	-0.1	0.13	84_V	[-11.78596667  -6.51685     30.988     ]
-0.04	 0.09	-0.13	0.03	85_K	[-8.986      -2.325      36.07942857]
0.14	 0.47	-0.02	-0.16	85_K	[-7.08088889 -1.98944444 35.07066667]
-0.13	 -0.42	0.02	0.14	85_K	[-6.20345455 -2.22930303 37.49718182]
0.02	 0.4	-0.04	-0.09	85_K	[-8.207      -3.41927778 38.78655556]
-0.09	 -0.26	0.04	0.06	85_K	[-10.85551351  -3.69359459  36.94105405]
-0.06	 -0.19	0.02	0.03	85_K	[-11.96173684  -5.57363158  38.45484211]
-0.18	 -0.96	0.05	0.25	85_K	[-10.557       -3.44663415  40.41868293]
-0.23	 -0.86	0.08	0.33	85_K	[-12.037       -5.23917073  41.48346341]
0.18	 1.81	0.07	-0.34	86_R	[-3.225375 -4.694625 34.042875]
0.12	 1.31	0.13	-0.32	86_R	[-3.252      -4.08544444 36.19594444]
-0.19	 -0.78	0.11	0.29	86_R	[-2.52467568 -3.00535135 36.79794595]
-0.15	 -0.68	-0.06	0.16	86_R	[-3.67219512 -1.9854878  34.3644878 ]
-0.11	 -0.54	0.02	0.12	86_R	[-5.10267568 -1.67402703 32.24094595]
-0.05	 -0.23	-0.02	0.05	86_R	[-3.07918519 -3.96459259 31.48025926]
-0.01	 0.38	-0.14	0.01	86_R	[-6.9221 -2.8596 30.44  ]
-0.06	 0.01	-0.12	0.1	86_R	[-4.49113115 -2.71693443 28.3202459 ]
-0.02	 0.44	-0.05	-0.1	86_R	[-7.88834884 -4.52072093 28.68439535]
-0.1	 -0.26	-0.17	0.08	87_N	[-2.47833333 -4.37783333 38.67111111]
-0.07	 -0.16	-0.05	0.1	87_N	[-1.4522 -5.7806 38.106 ]
-0.16	 -0.74	0.07	0.18	87_N	[-2.17529032 -7.28645161 40.08919355]
-0.11	 -0.5	0.03	0.1	87_N	[-4.7436383  -4.826      40.05323404]
0.12	 1.48	0.1	-0.38	87_N	[-5.0402 -7.179  40.5888]
-0.0	 0.11	-0.02	-0.01	87_N	[-6.9359     -5.99246667 40.87503333]
0.04	 -0.1	-0.12	-0.03	88_G	[-1.7985 -6.188  36.3624]
-0.15	 -0.58	0.05	0.23	88_G	[-0.8493   -8.303975 36.615825]
0.14	 1.57	0.07	-0.33	88_G	[-1.383625 -9.617875 38.79525 ]
0.01	 -0.05	-0.05	0.01	88_G	[ -0.8339     -11.2171      37.17733333]
-0.07	 -0.28	-0.08	0.05	89_V	[ -2.63856 -11.60522  41.0024 ]
0.09	 0.5	0.03	-0.21	89_V	[-5.31293333 -9.14266667 41.25326667]
0.24	 1.21	0.19	-0.42	90_I	[ -8.08963333 -15.45056667  33.48713333]
0.0	 -0.09	-0.05	-0.09	91_E	[-11.71389655 -10.5607931   41.14203448]
0.17	 1.31	-0.07	-0.16	91_E	[-10.19333333  -9.89066667  42.24833333]
-0.06	 -0.04	-0.06	0.05	91_E	[-10.143       -8.42777778  42.4535    ]
-0.06	 -0.05	0.04	-0.03	91_E	[-8.45718519 -7.40066667 41.945     ]
-0.08	 0.01	0.05	0.04	91_E	[-11.95446667  -8.07906667  40.49283333]
0.1	 0.37	-0.02	-0.21	92_F	[-12.49170833 -12.747       41.20758333]
-0.01	 -0.05	-0.04	0.04	92_F	[-14.79926087 -13.83804348  41.78008696]
-0.51	 0.15	-0.26	-0.01	92_F	[-17.40889286 -13.78821429  41.47775   ]
0.01	 0.85	-0.06	-0.05	92_F	[-19.53459375 -15.17840625  40.98984375]
0.03	 0.32	0.05	-0.06	93_G	[-15.6522  -11.24985  39.949  ]
-0.08	 -0.17	-0.24	0.19	93_G	[-16.12459524  -9.85395238  39.00816667]
0.12	 0.71	-0.0	-0.21	93_G	[-15.32533333  -8.37725     36.71133333]
0.16	 0.81	0.08	-0.3	94_E	[-13.2704      -9.16753333  38.0108    ]
0.08	 0.65	-0.12	-0.17	94_E	[-13.42465625  -8.48353125  34.62634375]
0.21	 1.65	0.22	-0.48	94_E	[-13.29233333  -9.71494444  32.76477778]
0.1	 0.57	0.0	-0.21	94_E	[-11.95208571  -7.52194286  36.7408    ]
0.16	 1.33	0.08	-0.32	95_F	[-10.53233333 -16.07666667  33.76      ]
-0.03	 -0.27	-0.07	-0.0	95_F	[-11.83851429 -18.2262      32.74708571]
0.21	 1.65	0.11	-0.32	95_F	[-13.19454545 -20.03927273  33.12454545]
0.17	 1.58	0.08	-0.34	97_R	[-18.78583333  -9.39016667  31.49866667]
0.01	 -0.04	-0.11	-0.1	97_R	[-15.90645455  -9.05136364  30.57109091]
-0.02	 0.15	-0.04	-0.08	97_R	[-18.15766667  -9.924       29.48018182]
-0.08	 -0.08	-0.03	0.05	97_R	[-16.43908108  -8.22459459  32.20462162]
0.12	 1.59	0.01	-0.25	97_R	[-19.20813333  -7.7736      33.2274    ]
-0.11	 -0.42	-0.07	0.12	97_R	[-16.19868421  -6.54884211  34.33305263]
-0.02	 0.05	-0.06	-0.03	97_R	[-17.3966087   -6.99308696  36.90869565]
-0.17	 -0.63	-0.02	0.21	97_R	[-17.7612  -4.6496  36.0208]
-0.17	 -0.53	0.04	0.25	97_R	[-19.26604255  -4.85142553  33.91689362]
-0.08	 -0.23	0.01	0.11	97_R	[-20.12108  -5.22796  37.31668]
0.11	 1.36	0.21	-0.48	98_S	[-15.2134  -9.3036  30.9482]
0.14	 1.12	0.0	-0.25	98_S	[-14.83684211  -9.81068421  28.87626316]
0.07	 0.54	0.01	-0.23	98_S	[-12.90191111  -9.20535556  30.12308889]
0.18	 1.56	0.21	-0.48	99_L	[-13.33472727 -17.27736364  31.00136364]
0.08	 0.45	-0.03	-0.19	99_L	[-15.36169231 -19.51996154  31.44057692]
-0.01	 0.32	-0.02	-0.1	99_L	[-14.08086207 -18.22893103  28.81867241]
0.19	 1.79	0.11	-0.36	100_G	[-20.08333333 -11.56783333  28.97691667]
0.1	 0.79	-0.07	-0.09	100_G	[-19.79691667 -11.34316667  27.28625   ]
0.13	 1.2	0.11	-0.34	100_G	[-21.17315385 -11.823       26.05338462]
0.16	 0.75	0.14	-0.37	101_V	[-19.2295     -10.94861111  24.78488889]
0.15	 1.52	0.25	-0.54	101_V	[-15.75207692  -9.33038462  23.69123077]
-0.08	 0.23	-0.09	0.05	101_V	[-17.04281818  -9.26252727  25.86198182]
0.1	 1.24	0.5	-0.72	102_F	[-14.00057143 -16.86428571  26.29328571]
0.08	 1.21	0.49	-0.72	102_F	[-13.734      -16.27942857  26.39785714]
0.1	 0.84	0.11	-0.37	102_F	[-13.47796154 -17.66680769  24.83473077]
0.14	 1.48	0.17	-0.45	102_F	[-13.17209091 -15.87790909  26.71736364]
-0.02	 0.02	-0.07	-0.02	102_F	[-11.78408108 -16.63662162  23.51967568]
0.11	 0.84	0.02	-0.25	102_F	[-11.92615789 -15.881       25.76036842]
0.15	 1.72	0.01	-0.23	103_H	[-26.09728571 -18.714       28.06166667]
0.07	 0.37	0.04	-0.14	103_H	[-26.616      -17.17635714  26.23878571]
0.18	 1.37	-0.14	-0.16	104_P	[-22.74185714 -18.25871429  20.02442857]
0.14	 1.71	-0.0	-0.24	104_P	[-25.54009091 -17.64172727  21.05418182]
-0.1	 -0.24	0.02	0.13	104_P	[-23.845125   -16.38464583  19.75247917]
-0.04	 -0.07	-0.03	0.01	104_P	[-24.0154375  -20.01409375  20.85471875]
0.13	 0.79	-0.07	-0.18	104_P	[-23.48341667 -21.55008333  21.938     ]
-0.05	 0.1	-0.01	-0.02	105_S	[-26.2720625 -15.3174375  21.0990625]
0.1	 0.61	0.09	-0.27	105_S	[-25.04314286 -13.96357143  20.683     ]
-0.11	 -0.3	-0.05	0.12	105_S	[-25.9505625  -12.31675     22.60983333]
-0.14	 -0.58	0.01	0.19	105_S	[-27.32106061 -14.79212121  23.81545455]
-0.06	 -0.72	-0.0	0.1	105_S	[-27.59780645 -17.24774194  22.88212903]
0.21	 1.31	0.39	-0.62	106_A	[-24.22522222 -11.61577778  23.95066667]
0.11	 1.61	0.06	-0.35	106_A	[-24.7214 -11.8328  20.5404]
0.05	 0.5	-0.04	-0.09	106_A	[-23.23663333 -12.7196      19.38336667]
0.18	 1.22	0.11	-0.33	106_A	[-21.24430769 -10.95346154  23.95311538]
0.12	 1.29	0.39	-0.62	107_P	[-24.897  -10.4656  21.2482]
-0.08	 0.14	-0.06	0.06	107_P	[-24.62516 -10.25044  19.79356]
-0.12	 -0.71	0.02	0.19	107_P	[-23.72004348  -7.33963043  19.763     ]
-0.22	 -0.98	0.0	0.29	107_P	[-23.70518519  -6.96781481  22.26592593]
-0.12	 -0.29	-0.18	0.16	107_P	[-23.76504255  -9.58342553  23.29797872]
0.03	 0.13	-0.22	-0.07	108_V	[-23.24192593  -9.88174074  17.57192593]
0.03	 0.07	-0.03	-0.07	108_V	[-21.08246667 -12.4287      16.42273333]
-0.24	 -1.29	0.16	0.38	108_V	[-23.19159322 -10.69994915  15.05191525]
-0.13	 -0.52	-0.06	0.13	108_V	[-20.08466667 -10.67903922  13.89243137]
0.09	 0.43	-0.05	-0.19	109_H	[-21.51152381  -7.93442857  16.64871429]
0.19	 0.84	0.01	-0.24	109_H	[-19.23663636  -7.44118182  15.39690909]
-0.12	 -0.67	-0.01	0.11	109_H	[-21.08108333  -5.78127083  17.32033333]
-0.13	 0.79	-0.07	0.13	109_H	[-20.28214286  -3.809       15.70257143]
0.11	 0.94	-0.01	-0.22	109_H	[-18.414    -5.14208  14.60812]
-0.08	 0.01	-0.03	0.12	109_H	[-20.05673684  -2.94497368  18.1665    ]
0.13	 1.24	0.21	-0.44	109_H	[-16.81478125  -2.5315625   16.01921875]
-0.14	 -0.26	-0.19	0.16	109_H	[-17.52032353  -1.73335294  16.94417647]
0.2	 0.92	0.11	-0.35	110_E	[-16.00585714  -7.73353571  22.17714286]
0.18	 1.35	0.08	-0.36	110_E	[-18.9992973   -8.72327027  23.21589189]
-0.02	 0.05	-0.08	-0.08	110_E	[-20.7312    -6.6553    22.421025]
-0.19	 -0.93	-0.05	0.23	110_E	[-20.05230769  -4.77930769  23.78907692]
-0.2	 -0.55	-0.02	0.23	110_E	[-17.90386111  -5.28461111  23.68344444]
-0.07	 -0.17	-0.03	0.1	110_E	[-20.36014894  -4.06610638  21.7246383 ]
0.14	 0.27	0.01	-0.21	111_K	[-18.74765385 -14.20419231  17.625     ]
0.07	 0.17	-0.01	-0.17	111_K	[-21.10269565 -14.69691304  19.06252174]
0.14	 0.47	0.07	-0.27	112_V	[-17.16743243  -8.11345946  13.66143243]
0.22	 1.44	0.14	-0.4	113_K	[-11.25278947  -4.66142105  19.40626316]
0.07	 0.53	0.04	-0.28	113_K	[-13.995125  -3.3997    18.849775]
0.07	 0.5	-0.17	-0.09	113_K	[-13.90707317  -4.92397561  21.83129268]
-0.21	 -1.03	-0.28	0.43	113_K	[-14.91511765  -2.56605882  21.60011765]
-0.01	 0.23	-0.09	-0.02	113_K	[-16.287       -1.97044444  19.139     ]
-0.22	 -0.84	0.09	0.33	113_K	[-17.94630952  -1.44283333  21.173     ]
0.25	 1.07	0.06	-0.33	114_F	[-12.41828571  -6.9502381   22.62209524]
0.16	 0.47	0.09	-0.32	114_F	[-14.12911765  -8.23570588  22.70905882]
-0.04	 -0.22	-0.01	0.02	114_F	[-13.32170833  -8.5015      24.95408333]
0.16	 1.1	0.1	-0.31	114_F	[-13.28584211  -9.57252632  26.90647368]
0.18	 0.82	0.09	-0.34	115_A	[-10.24705714 -12.44205714  17.57074286]
0.04	 0.81	-0.04	-0.13	116_F	[-9.09835897 -3.25061538 18.39482051]
0.02	 0.34	-0.13	-0.03	116_F	[-7.85265217 -1.27456522 17.44586957]
0.17	 0.87	-0.31	0.04	117_K	[-7.1882  -4.32484 20.86976]
0.23	 1.38	0.25	-0.51	117_K	[-5.47313043 -5.03973913 22.14847826]
-0.07	 0.17	-0.06	0.07	117_K	[-9.7182     -3.70474286 21.80025714]
-0.08	 -0.32	-0.31	0.24	117_K	[-11.2396383   -4.641       23.81485106]
-0.17	 -0.73	0.01	0.22	117_K	[-9.0067234  -3.63465957 25.77406383]
0.07	 0.02	0.07	-0.3	117_K	[-6.63446429 -4.17882143 24.90796429]
0.14	 1.53	0.24	-0.5	118_L	[ -4.12709091 -10.76572727  20.451     ]
0.14	 1.22	0.07	-0.33	118_L	[ -2.93866667 -10.44728571  20.13614286]
0.15	 0.69	0.02	-0.24	118_L	[ -5.52789474 -11.97794737  21.02763158]
-0.02	 0.21	-0.06	-0.05	118_L	[ -8.10968889 -13.39411111  20.79417778]
0.17	 1.87	0.23	-0.47	118_L	[ -5.57847059 -12.56823529  23.07411765]
0.13	 0.69	0.03	-0.23	119_Y	[-5.19391304 -9.87630435 14.10856522]
0.14	 1.08	-0.02	-0.24	119_Y	[ -4.14588235 -11.84258824  18.81217647]
-0.01	 0.36	-0.02	-0.05	119_Y	[ -6.86627586 -12.41589655  14.0322069 ]
-0.06	 -0.35	-0.27	0.08	119_Y	[ -5.49010811 -13.39010811  18.09286486]
0.06	 0.9	0.08	-0.25	119_Y	[ -6.46616667 -12.96536667  16.64296667]
-0.15	 -0.44	-0.06	0.26	119_Y	[ -7.94478571 -14.32382143  15.90439286]
0.15	 1.21	0.03	-0.4	120_D	[-5.3477 -3.7337 20.1063]
0.03	 0.04	-0.16	0.06	120_D	[-4.94822857 -1.73974286 20.13905714]
0.13	 1.17	0.4	-0.68	121_L	[ 1.8804 -6.0568 22.1796]
-0.02	 -0.1	-0.05	-0.01	121_L	[ 0.85896667 -5.86793333 23.5794    ]
0.14	 1.51	0.1	-0.34	121_L	[ 1.88764706 -7.11335294 21.46494118]
0.2	 1.16	0.1	-0.35	121_L	[ 2.39629167 -8.73191667 20.89291667]
0.22	 1.19	0.17	-0.43	121_L	[ -0.6548  -10.99092  19.6698 ]
0.04	 -0.07	-0.07	-0.04	122_R	[ 1.49685714 -3.17857143 23.63628571]
0.12	 1.42	-0.03	-0.2	122_R	[ 0.865      -1.78685714 23.84785714]
-0.07	 -0.52	0.05	0.08	122_R	[ 1.04396667  0.05673333 22.48226667]
-0.11	 -0.4	-0.08	0.02	122_R	[ 2.998      -1.625      21.80542857]
-0.11	 -0.39	0.04	0.08	122_R	[ 3.45346875 -4.5714375  22.88915625]
-0.2	 -0.98	0.09	0.33	122_R	[ 5.59753846 -2.95130769 21.52984615]
0.01	 0.36	-0.08	-0.08	122_R	[ 4.66537143 -3.2884     18.93      ]
-0.07	 1.2	-0.04	0.04	122_R	[ 6.697      -5.04930769 19.35230769]
-0.07	 -0.15	0.01	0.02	122_R	[ 5.47880392 -6.94294118 21.09464706]
-0.08	 0.16	-0.27	0.03	122_R	[ 6.60816667 -6.19375    17.81983333]
0.19	 1.14	-0.02	-0.22	123_Q	[-3.6993 -1.2488 22.2183]
0.12	 1.48	0.0	-0.25	123_Q	[-3.41109091  0.38381818 21.57318182]
-0.21	 -0.95	0.04	0.27	123_Q	[-1.74321212  1.77093939 22.37539394]
-0.19	 -0.75	0.05	0.27	123_Q	[-2.97170e+00  2.19000e-02  2.41467e+01]
-0.16	 -0.62	-0.14	0.31	123_Q	[-1.98711111 -1.29957778 25.91248889]
0.14	 1.33	0.08	-0.3	123_Q	[-2.3295     -3.23264286 26.37921429]
-0.04	 0.06	-0.04	0.02	123_Q	[-0.40984 -3.88832 25.27564]
0.07	 0.4	-0.02	-0.19	123_Q	[-4.40974419 -3.51709302 24.17283721]
-0.03	 0.09	0.0	-0.05	124_T	[-0.36307143  1.988      20.22785714]
-0.0	 -0.26	-0.17	-0.01	124_T	[-2.77841667  2.66566667 19.92666667]
-0.12	 -0.27	0.03	0.09	124_T	[-2.36891429  3.37954286 17.69862857]
-0.08	 -0.16	-0.08	0.09	124_T	[ 0.18391667  2.19883333 17.71325   ]
-0.11	 -0.25	-0.01	0.12	124_T	[ 2.028       0.35531373 18.67880392]
0.12	 0.93	-0.06	-0.18	125_G	[-4.00290909  1.04945455 20.30518182]
-0.16	 -0.89	0.07	0.25	125_G	[-5.68371795  1.6015641  18.81502564]
0.0	 -0.09	-0.03	-0.05	125_G	[-7.01243478  1.27871739 16.08126087]
0.16	 1.38	0.06	-0.3	126_F	[-1.885375   3.0554375 14.9135   ]
0.17	 1.66	0.21	-0.46	126_F	[-5.16946154  1.53115385 10.95284615]
-0.14	 -0.54	-0.04	0.19	126_F	[-3.91360526  4.62442105 15.27510526]
-0.05	 -0.03	-0.1	0.01	126_F	[-6.2019    3.28425  12.288525]
-0.17	 -1.35	0.08	0.29	126_F	[-5.36088372  4.99083721 13.44302326]
0.14	 0.63	0.06	-0.3	127_I	[-2.96825   -7.9970625 12.66425  ]
0.29	 1.07	0.14	-0.39	127_I	[-5.65935 -7.5753  12.66175]
0.07	 0.97	-0.04	-0.2	128_E	[ 2.90147059 -1.79641176 13.16894118]
0.07	 0.83	-0.04	-0.17	128_E	[ 2.63871429 -0.95035714 15.3695    ]
-0.03	 -0.45	-0.07	0.06	128_E	[ 1.91666667  0.72725    14.64625   ]
-0.02	 -0.15	0.02	-0.06	128_E	[ 1.75785714  0.1185     12.2435    ]
0.08	 0.88	0.03	-0.24	128_E	[-0.02959259  1.80840741 15.30896296]
0.16	 0.87	0.07	-0.3	129_R	[ 2.17225926 -2.497      11.07503704]
0.2	 1.7	0.02	-0.29	129_R	[ 4.50588889 -6.43155556  9.96344444]
-0.02	 0.07	-0.1	-0.02	129_R	[ 3.12732258 -3.2766129   8.81103226]
0.07	 0.83	-0.0	-0.22	129_R	[ 4.39735714 -6.25121429  8.62307143]
-0.11	 -0.73	0.0	0.21	129_R	[ 4.31640476 -4.11897619  6.71442857]
0.02	 -0.05	-0.01	-0.07	129_R	[ 5.52821429 -6.67260714  6.39617857]
-0.04	 -0.04	0.05	-0.01	129_R	[ 5.12768421 -5.80221053  4.12363158]
-0.01	 0.13	0.08	-0.03	129_R	[ 2.38873077 -4.92838462  3.90753846]
-0.06	 0.18	-0.23	0.04	129_R	[ 5.5688125 -7.266125   3.226125 ]
0.01	 -0.14	-0.12	-0.08	130_E	[ 4.55313333 -4.38273333 10.9056    ]
0.03	 0.32	-0.06	-0.08	130_E	[ 5.8341875 -6.529875  11.2198125]
0.14	 0.24	0.05	-0.25	130_E	[ 5.98791304 -7.72726087 14.51513043]
-0.2	 -0.99	0.01	0.29	130_E	[ 7.01923684 -5.37647368 12.73165789]
-0.15	 -0.92	0.08	0.21	130_E	[ 5.81391429 -2.7878     13.22405714]
-0.1	 0.14	0.01	0.08	130_E	[ 6.14782353 -3.05911765 16.06582353]
-0.08	 -0.1	0.04	0.06	130_E	[ 6.63575862 -5.05051724 16.24993103]
-0.05	 0.03	-0.03	-0.03	130_E	[ 4.1183     -2.32376667 16.19773333]
0.24	 1.47	0.37	-0.6	131_E	[ 2.424      -2.70134783 18.12626087]
0.15	 1.45	0.17	-0.46	132_L	[-1.65033333 -8.89891667 11.24575   ]
-0.11	 -0.39	-0.07	0.13	132_L	[ -1.67613725 -11.90292157  11.18417647]
0.12	 0.74	0.06	-0.3	132_L	[ -1.50313208 -10.03767925   9.04707547]
0.13	 1.0	-0.01	-0.19	133_K	[ 5.50857895 -8.40894737 10.15584211]
-0.03	 0.16	-0.1	0.0	133_K	[ 7.18611765 -9.50647059 12.2975    ]
0.08	 0.33	0.03	-0.23	133_K	[ 6.84594444 -9.36527778  9.21727778]
-0.03	 0.17	-0.04	0.01	133_K	[  9.80429268 -11.31114634  10.89446341]
-0.11	 -0.06	0.07	0.08	133_K	[ 10.3046  -10.00128   8.57416]
0.18	 1.53	0.2	-0.46	134_E	[ 6.20411111 -9.67122222 13.95411111]
0.07	 0.67	-0.1	-0.08	134_E	[  6.78126316 -11.36310526  14.98157895]
0.19	 -0.35	0.04	-0.28	134_E	[  5.98092308 -13.71676923  16.81376923]
0.03	 0.19	0.0	-0.09	134_E	[ 6.552  -9.4289 16.096 ]
-0.08	 -0.45	-0.03	0.12	134_E	[  6.56206897 -11.745       18.12393103]
-0.11	 -0.87	0.02	0.11	134_E	[ 7.3889375 -9.515     19.0375625]
0.02	 0.18	0.09	-0.13	134_E	[ 6.52671429 -7.69892857 17.90125   ]
-0.22	 -0.65	0.0	0.27	134_E	[  6.24764706 -10.42208824  20.78482353]
0.12	 1.3	0.01	-0.19	135_M	[  0.73446154 -15.27623077  14.68530769]
0.14	 1.28	0.28	-0.56	135_M	[  0.79744444 -16.32722222  15.207     ]
0.14	 -1.21	0.03	-0.19	135_M	[ -0.41186364 -13.56763636  14.64763636]
0.21	 1.16	0.09	-0.32	135_M	[ -2.52932258 -12.31080645  17.52751613]
0.06	 0.49	-0.04	-0.17	135_M	[ -2.86330769 -11.10869231  14.16064103]
0.1	 1.79	0.23	-0.49	136_V	[  0.907      -14.44716667  13.5745    ]
0.01	 0.03	-0.11	-0.12	136_V	[  1.50990909 -16.27731818  12.62709091]
0.15	 1.48	0.18	-0.45	136_V	[  2.90993333 -18.4782      12.57293333]
0.14	 0.27	-0.01	-0.22	136_V	[  2.72214286 -17.21582857  10.03025714]
-0.04	 -0.33	0.01	-0.0	136_V	[  0.79260714 -14.45128571  10.315375  ]
0.16	 1.49	0.3	-0.55	137_V	[  7.50594118 -17.16070588  12.87605882]
0.17	 1.27	0.36	-0.6	137_V	[  7.318      -17.08254545  16.67663636]
0.27	 -0.54	-0.03	-0.21	137_V	[  7.7665 -18.6156  15.0397]
0.08	 0.49	-0.14	-0.11	137_V	[  7.37193333 -13.94333333  15.49693333]
-0.19	 -0.86	-0.04	0.31	137_V	[  9.21152174 -15.91436232  14.83443478]
0.06	 0.4	0.04	-0.18	137_V	[  8.78530303 -13.803       12.66333333]
0.14	 1.1	0.09	-0.35	138_A	[  6.28361538 -15.35361538  16.834     ]
-0.06	 -0.21	-0.16	0.04	138_A	[  6.24161111 -17.07905556  18.19444444]
0.16	 0.61	0.1	-0.32	138_A	[  4.36865217 -18.943       19.15143478]
0.01	 -0.09	-0.0	-0.05	138_A	[  4.53851282 -15.93669231  19.39202564]
0.02	 0.44	-0.1	-0.13	139_L	[  0.94996296 -18.01644444  13.90155556]
-0.15	 -0.5	0.02	0.16	139_L	[ -0.65671429 -19.12019048  14.16809524]
-0.09	 -0.38	-0.02	0.11	139_L	[  0.76003636 -21.54696364  12.69994545]
-0.1	 -0.27	-0.07	0.16	139_L	[ -0.91049206 -21.156       16.35531746]
0.08	 0.83	-0.0	-0.13	140_L	[  7.468      -20.00466667  12.90504762]
0.16	 1.53	0.29	-0.55	140_L	[  3.34563636 -19.50463636  11.70972727]
0.18	 1.02	0.1	-0.36	140_L	[  7.53232143 -19.33128571  11.17367857]
0.0	 0.26	-0.08	-0.11	140_L	[  3.5421   -21.104975  10.106625]
0.18	 1.22	0.16	-0.4	141_H	[  7.7018125 -20.52075    15.0396875]
0.02	 0.08	-0.02	-0.13	141_H	[  8.33870588 -22.29794118  16.37305882]
0.01	 0.36	-0.11	-0.1	141_H	[  7.75865789 -23.59597368  19.01526316]
-0.09	 -0.16	-0.24	0.0	141_H	[  7.84425    -18.79775     17.81296875]
-0.13	 1.15	-0.07	0.13	141_H	[  8.94742857 -18.88214286  19.20871429]
-0.17	 -0.62	0.02	0.23	141_H	[ 10.31490625 -20.64628125  17.8944375 ]
-0.14	 -0.52	3.86	0.41	141_H	[  7.52854 -20.7238   20.739  ]
-0.25	 -1.36	0.17	0.41	141_H	[ 11.41312 -20.99602  19.94572]
-0.24	 -0.92	0.16	0.33	141_H	[  9.85972414 -21.21968966  21.56882759]
0.13	 1.74	0.19	-0.45	142_E	[  5.23045455 -20.72790909  19.56454545]
0.07	 0.58	-0.29	-0.02	142_E	[  5.19236 -22.36912  20.69752]
-0.05	 0.06	-0.08	-0.01	142_E	[  4.72361111 -25.59022222  19.78177778]
0.21	 0.89	0.05	-0.29	142_E	[  3.84683333 -20.8095      20.38216667]
0.09	 0.41	-0.09	-0.14	142_E	[  1.68519048 -24.40957143  19.52247619]
0.13	 1.49	0.02	-0.32	142_E	[  0.04713333 -22.2667      19.7364    ]
-0.25	 -0.55	-0.03	0.28	142_E	[ -0.27135417 -23.444625    20.60672917]
0.09	 0.33	-0.02	-0.18	142_E	[ -0.36363333 -20.463       19.89936667]
-0.05	 -0.23	-0.08	0.03	143_S	[  2.79572222 -26.00961111  17.372     ]
0.14	 1.31	0.05	-0.27	143_S	[  4.9155     -27.26525     17.65958333]
-0.08	 -0.17	-0.09	0.07	143_S	[  4.94436111 -28.01916667  15.53272222]
-0.05	 -0.24	-0.02	0.07	143_S	[  2.646375  -26.3824375  14.4801875]
-0.05	 -0.14	0.02	0.08	143_S	[  1.22063265 -24.46069388  15.68402041]
0.06	 0.11	-0.02	-0.08	144_E	[  8.6147 -25.0157  16.4196]
0.08	 0.65	-0.09	-0.17	144_E	[  9.3335    -25.8600625  14.99325  ]
-0.16	 -0.65	-0.03	0.19	144_E	[  8.51365789 -27.98892105  14.12873684]
-0.19	 -0.79	0.03	0.2	144_E	[  8.60947368 -28.27889474  16.68857895]
-0.15	 -0.6	0.0	0.15	144_E	[  8.3825     -26.50378571  19.06692857]
-0.11	 -0.37	-0.15	0.11	144_E	[  7.22375    -28.56803125  19.38809375]
-0.23	 -0.74	0.13	0.33	144_E	[  6.809      -29.9125814   18.48248837]
-0.33	 -1.09	0.16	0.49	144_E	[  7.85339474 -28.28136842  21.02052632]
0.09	 0.79	-0.14	-0.11	145_L	[  7.90745455 -26.67218182  11.62709091]
0.06	 0.46	-0.0	-0.17	145_L	[  8.83281818 -22.81272727  13.5605    ]
0.03	 0.49	-0.12	-0.14	145_L	[  6.4242  -24.8313   10.20205]
-0.1	 -0.73	0.02	0.12	145_L	[  3.23532727 -24.6556      11.05238182]
-0.18	 -0.97	0.08	0.29	145_L	[  4.99140909 -27.61530303  11.3154697 ]
0.07	 0.44	0.08	-0.21	146_V	[  9.03375    -25.54271429  10.85442857]
0.17	 -0.06	-0.09	-0.12	146_V	[ 11.1042 -22.4688  11.6586]
0.11	 1.36	0.11	-0.37	146_V	[ 12.09563636 -22.92336364   8.46727273]
-0.15	 -0.4	-0.01	0.15	146_V	[ 10.66066667 -24.70433333   8.20830556]
-0.11	 -0.53	0.01	0.21	146_V	[ 12.10423529 -26.05088235  10.70247059]
-0.26	 -1.23	0.07	0.37	146_V	[ 13.80693443 -23.51155738  10.46245902]
-0.15	 -0.63	-0.03	0.24	146_V	[ 12.08664286 -25.20655714  13.24521429]
0.13	 1.1	0.05	-0.27	147_L	[ 10.01268966 -20.99765517  10.12934483]
0.04	 0.18	-0.19	-0.01	147_L	[ 11.01675    -22.49983333   7.01716667]
-0.03	 -0.32	-0.09	-0.08	147_L	[ 12.55375    -21.13883333   7.98808333]
-0.14	 -0.26	-0.09	0.11	147_L	[ 11.98170968 -18.91080645   9.43680645]
0.2	 1.47	0.13	-0.39	147_L	[  6.49730769 -23.08884615   9.01915385]
0.06	 0.32	0.05	-0.16	147_L	[  5.39377419 -21.643        7.15158065]
-0.12	 -0.42	-0.0	0.09	147_L	[  7.92291549 -23.33330986   6.39822535]
0.05	 0.56	-0.01	-0.08	148_S	[ 11.19966667 -21.02819048   5.95952381]
-0.1	 -0.35	-0.08	0.1	148_S	[ 13.62944444 -18.89388889   7.24627778]
-0.17	 -0.95	0.05	0.25	148_S	[ 13.87398113 -19.01343396   4.54445283]
-0.14	 0.2	-0.18	0.11	148_S	[ 11.67442424 -19.36987879   3.15021212]
0.07	 0.64	0.02	-0.22	149_E	[ 13.58519231 -16.53388462   6.95603846]
0.18	 0.92	0.05	-0.28	149_E	[ 11.90011765 -13.18141176   4.70541176]
-0.22	 -0.78	-0.03	0.25	149_E	[ 13.83076667 -13.49293333   6.1465    ]
-0.12	 -0.26	-0.03	0.09	149_E	[ 12.86121429 -12.26557143   8.3275    ]
-0.03	 0.15	0.01	-0.0	149_E	[ 13.44542308 -14.30426923  10.04034615]
-0.27	 -0.84	0.17	0.43	149_E	[ 15.27535714 -14.87511905   9.64116667]
-0.08	 -0.05	-0.04	0.09	149_E	[ 11.83797297 -15.06640541  10.53127027]
0.15	 1.4	0.13	-0.4	150_D	[ 13.07125 -14.8063    4.05255]
0.07	 0.27	-0.19	-0.09	150_D	[ 10.859875  -13.2160625   2.8408125]
0.1	 0.39	-0.06	-0.16	150_D	[  9.23041667 -16.18025      1.41433333]
0.02	 0.37	-0.17	-0.08	150_D	[  9.05622222 -14.14494444   1.41088889]
-0.1	 -0.47	-0.06	0.17	150_D	[ 11.97074286 -16.12557143   1.18131429]
-0.11	 -0.53	-0.06	0.17	150_D	[ 13.33762963 -14.09785185   1.11348148]
-0.27	 -0.91	0.13	0.41	150_D	[ 12.41316279 -13.41737209   0.03148837]
-0.21	 -0.69	0.06	0.29	150_D	[ 14.34208333 -14.09770833   2.658625  ]
0.15	 1.3	0.06	-0.32	151_M	[ 10.31730769 -17.59407692   2.30061538]
0.16	 0.66	0.04	-0.27	151_M	[  8.34958824 -17.59011765   1.63864706]
0.21	 1.67	0.16	-0.42	151_M	[  9.53830769 -19.98423077   3.65592308]
0.14	 0.58	-0.05	-0.17	151_M	[  6.49153333 -21.00893333   4.0096    ]
-0.32	 -0.48	-0.12	0.18	151_M	[  6.21156897 -19.60075862   1.53391379]
-0.24	 -1.0	0.05	0.34	151_M	[  8.70282857 -21.628        1.43821429]
0.09	 0.51	-0.03	-0.17	152_I	[  9.28502381 -17.41333333  10.73857143]
0.07	 0.7	0.03	-0.22	153_E	[  6.12628571 -11.54207143   2.18664286]
0.14	 1.45	0.15	-0.42	153_E	[  5.54788889 -10.44544444   2.63366667]
-0.0	 -0.05	-0.07	0.06	153_E	[  8.37530435 -11.52230435   2.50765217]
-0.04	 0.11	-0.0	0.03	153_E	[ 10.1488   -10.8011     5.077775]
-0.08	 -0.01	0.1	-0.01	153_E	[ 8.72795455 -8.39672727  5.19886364]
-0.06	 -0.08	-0.11	-0.02	153_E	[ 7.33037931 -8.54582759  6.84503448]
-0.13	 -0.06	0.09	0.11	153_E	[ 7.35763889 -8.40111111  3.55844444]
0.09	 0.81	0.3	-0.64	154_V	[  6.76571429 -12.61628571   1.65871429]
0.04	 0.34	-0.09	-0.09	154_V	[  4.61517647 -12.62623529   0.80682353]
0.19	 1.07	0.15	-0.39	154_V	[  1.99981818 -13.52021212   1.13627273]
-0.19	 -0.42	-0.08	0.24	154_V	[  3.49875714 -15.99697143   0.17967143]
-0.1	 -0.63	-0.01	0.19	154_V	[  6.70735065 -14.67620779  -0.33009091]
0.06	 0.25	-0.05	-0.07	155_M	[  1.3915     -15.54807143   3.31835714]
0.13	 0.79	-0.11	-0.23	155_M	[  1.33414286 -14.23985714   6.794     ]
-0.04	 -0.26	-0.02	-0.04	155_M	[ -0.33859091 -13.77445455   5.21195455]
0.04	 0.39	-0.01	-0.17	155_M	[  1.76681818 -16.06768182   6.64522727]
-0.04	 -0.13	-0.05	-0.06	155_M	[  3.00288571 -17.9334       3.61737143]
0.07	 0.51	-0.01	-0.17	155_M	[  4.38347059 -19.79894118   4.80735294]
-0.19	 -0.78	0.02	0.26	155_M	[  1.87761333 -19.42664      6.88182667]
0.19	 1.52	0.19	-0.44	156_V	[  0.95881818 -12.49263636   7.4995    ]
0.2	 1.52	0.21	-0.47	156_V	[ 4.66659091 -8.81718182  7.98036364]
0.02	 0.3	-0.19	-0.05	157_D	[  4.02577778 -10.23055556   1.2582963 ]
-0.06	 -0.83	-0.01	0.08	157_D	[ 4.44325   -8.1869375  1.00725  ]
-0.08	 0.01	0.04	-0.02	157_D	[ 3.01217391 -6.27730435  1.37382609]
-0.18	 -0.69	0.1	0.29	157_D	[ 2.418      -8.73169565 -0.54836957]
0.14	 1.04	0.11	-0.37	158_K	[  1.21135714 -11.18085714   0.8065    ]
0.09	 0.51	-0.16	-0.14	158_K	[ -0.05188235 -10.63617647   0.268     ]
0.2	 0.87	0.1	-0.41	158_K	[ -3.65735294 -12.11547059   2.16111765]
0.18	 0.87	0.14	-0.38	158_K	[ -3.69465385 -10.93973077   0.752     ]
0.09	 0.28	0.01	-0.18	158_K	[ -0.54227586 -14.07886207   1.82013793]
-0.15	 -0.55	-0.13	0.21	158_K	[ -0.98697727 -12.73413636  -0.8505    ]
-0.22	 -0.89	-0.11	0.29	158_K	[ -1.56041667 -15.3606875   -0.45039583]
-0.05	 -0.17	-0.07	0.05	158_K	[ -4.19111111 -13.55104444  -0.10515556]
-0.34	 -1.3	0.19	0.54	158_K	[ -4.77571429 -15.99465306  -0.73993878]
0.15	 1.04	0.04	-0.27	159_A	[ -2.1641 -13.0375   3.8596]
0.08	 0.17	0.01	-0.13	159_A	[ -4.70455 -11.70065   4.2573 ]
0.15	 1.38	0.05	-0.32	159_A	[-3.64295238 -9.16052381  6.66995238]
0.19	 1.14	0.12	-0.38	159_A	[-5.22825   -9.7876875  6.23125  ]
-0.13	 -0.36	-0.16	0.18	159_A	[ -3.04460317 -12.34419048   6.73593651]
0.19	 1.34	0.35	-0.59	160_F	[-2.88116667 -8.04633333  7.256     ]
0.1	 0.77	-0.01	-0.21	160_F	[-0.53859091 -4.04822727  4.39563636]
0.07	 0.43	-0.01	-0.18	160_F	[ 0.64779167 -2.72266667  5.91041667]
0.11	 0.83	0.08	-0.26	161_V	[-2.57942857 -4.50628571  2.42990476]
0.11	 0.89	-0.05	-0.18	161_V	[-4.791  -6.554   0.3105]
-0.12	 -0.5	-0.04	0.13	161_V	[-5.45459259 -4.56377778  1.14948148]
-0.15	 -0.44	-0.03	0.12	161_V	[-2.5658 -5.4911 -0.2152]
-0.12	 -0.56	0.0	0.15	161_V	[ 0.11216327 -5.41987755  0.78806122]
-0.08	 -0.49	-0.04	0.14	161_V	[-2.31435417 -8.31975    -0.54204167]
0.0	 0.07	-0.07	0.01	162_Q	[-6.47452381 -7.3337619   0.6762381 ]
-0.05	 0.42	-0.12	-0.01	162_Q	[-8.673625 -5.957325  2.73515 ]
0.05	 0.18	-0.05	-0.1	162_Q	[-5.69533333 -9.641       0.53406667]
-0.1	 -0.45	0.02	0.11	162_Q	[-8.77365217 -9.25278261  1.22134783]
0.02	 0.24	-0.06	0.01	162_Q	[ -7.64317391 -11.26669565   1.69891304]
-0.08	 -0.13	-0.07	0.05	162_Q	[ -6.32305769 -11.99890385   0.74703846]
-0.23	 -1.03	0.14	0.43	162_Q	[ -9.75710204 -11.8347551    2.04604082]
0.19	 1.37	0.23	-0.48	163_A	[-8.90341667 -6.40875     5.03466667]
0.2	 1.65	0.22	-0.47	163_A	[-9.29664 -4.8902   5.37204]
0.13	 0.94	0.09	-0.33	163_A	[-6.1805     -7.96047059  7.91435294]
0.07	 0.57	-0.04	-0.19	164_D	[-5.08354286 -2.15202857  1.79454286]
0.17	 1.05	-0.0	-0.29	164_D	[-3.07611765 -3.08323529  3.49170588]
0.15	 1.39	0.31	-0.55	164_D	[-3.26027273 -1.39827273  2.91536364]
0.01	 0.17	-0.13	-0.1	164_D	[-1.64551852 -1.04748148  3.68688889]
-0.01	 -0.05	-0.09	-0.01	165_R	[-8.78055556 -2.71237037  1.6337037 ]
0.05	 0.96	-0.16	-0.09	165_R	[-9.85246154  0.15223077  1.86723077]
-0.16	 -0.7	0.03	0.23	165_R	[-8.38152273 -0.64906818  0.43781818]
0.08	 0.92	0.47	-0.81	165_R	[-10.60185714  -0.72757143   2.02892857]
-0.04	 0.0	-0.06	0.01	165_R	[-11.06594286  -3.73282857   3.53282857]
-0.14	 -0.54	-0.02	0.19	165_R	[-12.75127451  -2.07398039   2.45643137]
0.04	 0.98	-0.2	-0.05	165_R	[-14.4164  -1.5752   3.8498]
-0.03	 -0.38	-0.06	0.06	165_R	[-14.35769231  -0.12261538   3.74153846]
-0.11	 -0.64	0.03	0.12	165_R	[-12.41609524   1.36845238   3.11861905]
-0.11	 -0.29	0.04	0.09	165_R	[-14.64046429   0.657        6.20257143]
-0.03	 0.33	-0.02	-0.04	166_K	[-8.88063636  2.01490909  1.85840909]
0.15	 0.47	-0.03	-0.18	166_K	[-6.59233333  1.90277778  0.50222222]
-0.1	 -0.34	0.05	0.11	166_K	[-5.856375    3.833       1.76384375]
-0.11	 -0.47	0.01	0.07	166_K	[-7.71447059  4.09694118  3.64682353]
-0.08	 -0.52	-0.03	0.1	166_K	[-10.18635   3.50205   3.89515]
-0.05	 -0.49	-0.02	0.01	166_K	[-8.25964706  4.08441176  6.50005882]
-0.16	 -0.75	0.09	0.19	166_K	[-10.87886111   3.97155556   7.43705556]
-0.06	 -0.6	-0.03	0.09	166_K	[-12.55434783   2.89652174   6.34013043]
0.1	 0.79	0.05	-0.36	167_N	[-1.369    2.24875  2.628  ]
-0.13	 -0.49	-0.04	0.16	167_N	[-2.52834211  3.67655263  1.47015789]
-0.14	 -0.57	-0.05	0.18	167_N	[-4.77936667  0.8239     -0.45633333]
-0.14	 -0.68	-0.1	0.14	167_N	[-2.3202      0.5904     -0.91113333]
-0.26	 -0.99	0.14	0.41	167_N	[-2.06923913  1.69406522 -1.88730435]
-0.15	 -0.56	0.06	0.22	167_N	[-1.49018644 -0.17101695  0.76510169]
-0.11	 -0.35	-0.09	0.1	168_D	[-1.33746154  4.00807692  3.74615385]
-0.08	 -0.53	0.13	-0.14	168_D	[-0.48918182  2.37090909  3.895     ]
-0.16	 -0.48	-0.07	0.28	168_D	[-0.28783333  3.62711905  6.64516667]
-0.12	 -0.61	0.04	0.13	168_D	[-3.44070833  4.78220833  5.33470833]
-0.04	 -0.5	-0.46	0.38	168_D	[-4.7926  3.3797  7.2241]
0.06	 0.33	0.01	-0.42	168_D	[-6.29819355  3.26148387  6.63112903]
0.08	 0.69	-0.07	-0.19	168_D	[-3.52168571  2.37977143  7.92442857]
0.02	 0.58	-0.3	0.01	169_G	[-0.77866667  0.83855556  3.75522222]
-0.12	 -0.77	-0.02	0.16	169_G	[0.89923077 0.61248718 5.74620513]
0.12	 0.65	0.03	-0.24	169_G	[0.482      1.64977778 8.00388889]
-0.05	 0.16	-0.01	-0.01	169_G	[ 1.2984375 -0.5954375  8.753    ]
0.14	 1.56	0.22	-0.47	170_K	[-4.59333333  0.64572222  9.66777778]
0.18	 2.21	0.14	-0.38	170_K	[-5.158875  0.3815    8.74125 ]
0.15	 0.71	-0.08	-0.24	170_K	[-3.66175     1.87183333 10.01125   ]
0.09	 0.71	-0.17	-0.12	170_K	[-0.18114286  2.432       9.67937143]
0.02	 0.28	-0.12	-0.03	170_K	[-2.56585  3.57035 10.5417 ]
-0.18	 -0.95	-0.03	0.32	170_K	[-0.5664898   4.80153061 11.64393878]
-0.16	 -0.78	0.11	0.23	170_K	[ 1.35996  3.31758 12.67842]
0.13	 0.72	0.07	-0.29	171_I	[-4.51406667 -7.06584444  9.65911111]
0.06	 0.76	0.02	-0.21	172_D	[-7.68426087  1.60030435 11.67445652]
-0.05	 -0.87	-0.01	0.01	172_D	[-10.130625   2.40125   10.903375]
0.14	 0.98	0.01	-0.26	172_D	[-11.39523077   1.66676923  10.518     ]
0.01	 0.25	-0.48	0.04	172_D	[-7.91981818  2.77559091  9.06922727]
0.18	 0.94	0.09	-0.37	173_I	[-9.20523529  0.10423529 14.46105882]
0.03	 0.57	-0.04	-0.14	173_I	[-10.63013636  -0.69345455  16.11277273]
-0.02	 0.09	-0.19	0.04	173_I	[-14.14294737  -1.62460526  16.34321053]
-0.13	 -0.74	0.0	0.19	173_I	[-12.47621875   1.27173438  14.69726562]
0.07	 0.49	0.03	-0.24	173_I	[-11.906    -3.131    17.50545]
0.21	 1.4	0.23	-0.49	174_D	[-15.453375   -2.16325     9.4050625]
-0.0	 0.48	-0.12	-0.08	174_D	[-14.35666667   0.53917778   9.15168889]
0.03	 0.23	-0.12	-0.05	174_D	[-14.674        1.44788889  11.47652778]
-0.17	 0.23	-0.16	0.12	174_D	[-15.57917647   1.17988235  13.11235294]
-0.25	 -0.83	0.11	0.39	174_D	[-14.52863265   2.978       11.06318367]
0.22	 1.25	0.21	-0.46	175_E	[-11.21472727  -4.87331818   6.33313636]
0.16	 1.26	0.26	-0.5	175_E	[-6.56011538  0.81861538  8.08088462]
0.2	 0.99	0.35	-0.64	176_W	[-7.39338889 -7.63061111 10.66311111]
0.03	 0.32	-0.01	-0.08	176_W	[ -7.5855     -10.06430556  11.08141667]
0.07	 0.79	-0.0	-0.21	176_W	[ -8.6436  -12.03832  12.64184]
0.19	 1.42	0.33	-0.58	177_K	[-16.8765      -5.65235714   8.88357143]
0.15	 1.04	0.06	-0.29	177_K	[-16.43013793  -7.6442069   10.49465517]
-0.07	 -0.18	-0.07	0.02	177_K	[-17.59226829  -5.33814634  11.53334146]
-0.12	 -0.61	0.04	0.16	177_K	[-18.18960417  -2.61527083  11.37258333]
0.12	 1.1	-0.11	-0.18	177_K	[-18.5214  -2.389   13.7896]
-0.1	 -0.02	-0.02	0.07	177_K	[-17.2252    -0.723025  13.732925]
0.15	 1.3	0.29	-0.55	178_D	[-16.88654545  -5.67381818   7.73245455]
0.12	 1.45	0.21	-0.46	178_D	[-13.52009091  -6.58209091   5.16154545]
0.0	 0.24	-0.19	-0.02	178_D	[-14.44355882  -5.03061765   4.85585294]
-0.01	 0.53	0.08	-0.14	178_D	[-16.04576923  -3.13942308   5.86503846]
-0.16	 -0.64	-0.05	0.2	178_D	[-17.12961224  -3.25383673   7.51981633]
-0.08	 0.13	-0.03	-0.02	178_D	[-15.43238095  -1.58571429   5.91757143]
0.11	 0.79	-0.08	-0.13	179_F	[-12.68471429  -6.24685714   5.78742857]
0.17	 0.9	-0.02	-0.21	179_F	[-12.34314286  -7.77585714   5.03914286]
0.21	 1.18	0.21	-0.46	179_F	[-12.23336 -11.2204    5.72524]
0.15	 1.99	0.14	-0.38	179_F	[-10.67841176  -6.775        6.15870588]
0.01	 0.21	-0.22	-0.07	179_F	[-10.63786667  -9.04206667   4.58533333]
0.02	 0.24	-0.16	-0.1	179_F	[-10.073625  -11.393875    5.0921875]
0.02	 0.49	-0.02	-0.12	179_F	[ -7.35915152 -10.76075758   8.26136364]
0.01	 0.13	-0.09	-0.03	179_F	[ -7.8546     -12.12226667   5.82982222]
0.07	 1.04	0.4	-0.62	180_V	[-16.9414 -11.1182   9.8634]
0.18	 1.05	0.1	-0.35	180_V	[-17.20053846 -12.17130769   9.43707692]
-0.29	 0.41	-0.0	-0.13	180_V	[-16.6434     -11.1658      11.53182857]
0.16	 1.6	0.06	-0.31	181_S	[-16.82828571  -9.416        9.668     ]
-0.06	 -0.33	-0.1	0.05	181_S	[-18.08784615 -10.68357692   8.79680769]
0.16	 1.07	0.18	-0.45	181_S	[-18.23877778  -9.75255556   5.00011111]
-0.1	 -0.34	-0.03	0.16	181_S	[-18.82581081 -11.72867568   5.69454054]
-0.19	 -0.82	0.05	0.24	181_S	[-18.82125    -8.010125    7.7530625]
-0.02	 -0.14	-0.04	0.01	181_S	[-17.53725   -7.205125   5.490375]
0.19	 1.2	-0.11	-0.16	182_L	[-17.1267 -12.1451   3.6055]
0.15	 1.26	-0.02	-0.23	182_L	[-15.77378571 -13.25478571   4.53485714]
-0.2	 -0.73	0.02	0.3	182_L	[-15.24579487 -14.06505128   3.45830769]
-0.04	 0.16	-0.06	0.08	182_L	[-13.4626     -11.15588571   3.57637143]
-0.16	 -0.69	0.03	0.2	182_L	[-14.45473684 -10.39321053   1.46947368]
-0.21	 -1.04	0.06	0.34	182_L	[-17.27477778  -9.93888889   1.77006349]
-0.14	 -0.65	0.0	0.18	182_L	[-14.67083582  -7.73783582   2.51414925]
0.18	 0.96	-0.01	-0.24	183_N	[-15.04488889 -15.81966667   5.60666667]
-0.0	 0.36	-0.09	-0.05	183_N	[-12.0871875  -13.79471875   5.43528125]
-0.08	 -0.29	-0.06	0.04	183_N	[-13.12029412 -16.16658824   4.99882353]
-0.11	 -0.6	0.05	0.13	183_N	[-13.96809091 -17.57509091   6.43781818]
-0.18	 -0.64	0.05	0.24	183_N	[-10.59061364 -16.38318182   6.37606818]
0.04	 0.06	-0.14	-0.09	184_P	[-16.8877 -17.1603  10.7655]
0.06	 0.16	0.06	-0.17	184_P	[-16.35924 -16.04128  12.69472]
-0.16	 -0.61	0.03	0.24	184_P	[-18.45888636 -15.23381818  10.29338636]
-0.21	 -0.48	0.06	0.25	184_P	[-19.28509756 -14.61190244   7.9134878 ]
-0.11	 -0.12	-0.0	0.14	184_P	[-17.21662162 -15.89159459   6.39440541]
0.13	 0.56	0.01	-0.22	185_S	[-15.89926667 -17.4984       8.8756    ]
0.05	 0.58	-0.02	-0.09	185_S	[-15.41494444 -18.55288889  11.72194444]
0.18	 0.68	0.1	-0.34	185_S	[-11.55886667 -17.34293333  10.23926667]
0.02	 -0.05	-0.03	-0.04	185_S	[-11.71003448 -18.41665517  12.22137931]
-0.15	 -0.73	-0.05	0.26	185_S	[-14.43762963 -19.98666667   9.97718519]
-0.17	 -0.53	0.02	0.18	185_S	[-12.31906667 -18.93013333   8.4737    ]
-0.08	 -0.12	-0.2	0.05	186_L	[-10.20831579 -16.18957895  11.54478947]
0.09	 1.31	-0.01	-0.29	186_L	[-10.706      -16.60866667  13.07766667]
0.02	 0.36	-0.04	-0.08	186_L	[-10.3693     -14.9464      14.36778333]
0.21	 1.54	0.1	-0.38	186_L	[ -9.74107692 -13.49238462  11.94592308]
-0.1	 -0.3	0.03	0.08	186_L	[ -8.93294366 -14.68994366   9.3796338 ]
0.18	 1.17	0.08	-0.35	187_I	[-12.23476 -15.05372  16.29692]
0.15	 2.18	0.06	-0.33	187_I	[-15.6069 -16.683   14.7293]
0.07	 0.68	0.03	-0.31	187_I	[-16.18583333 -16.4496      17.03746667]
0.02	 0.22	-0.1	-0.03	187_I	[-16.5423 -15.269   14.6082]
0.03	 0.45	-0.01	-0.13	187_I	[-17.7296087  -13.46608696  14.7323913 ]
0.18	 1.82	0.13	-0.39	188_K	[-12.10263636 -17.68672727  14.84263636]
0.0	 -0.35	-0.01	0.0	188_K	[-15.5345     -18.62880769  14.92861538]
0.15	 1.7	0.22	-0.47	188_K	[-13.106      -20.58266667  17.54488889]
-0.01	 -0.01	-0.07	-0.08	188_K	[-15.31970588 -19.93867647  17.84152941]
0.12	 0.95	-0.02	-0.18	188_K	[-13.11853571 -19.64125     14.35464286]
-0.05	 -0.06	-0.04	0.02	188_K	[-14.279525 -21.425725  15.19445 ]
-0.12	 -0.39	-0.26	0.18	188_K	[-11.86574074 -21.56088889  13.99894444]
-0.24	 -1.2	0.13	0.37	188_K	[-12.89308511 -23.95419149  13.23185106]
-0.28	 -1.09	0.13	0.41	188_K	[-13.45153571 -24.45633929  15.60114286]
-0.0	 -0.47	-0.23	-0.06	189_N	[-11.55566667 -17.998       16.36144444]
0.01	 -0.21	-0.06	-0.04	189_N	[-12.74226316 -20.07568421  19.57142105]
0.01	 0.44	-0.16	-0.05	189_N	[-12.93539024 -19.01670732  21.7174878 ]
-0.08	 -0.25	-0.07	0.04	189_N	[-10.94078431 -17.32717647  19.08413725]
-0.05	 -0.12	-0.04	-0.02	189_N	[-10.11743333 -19.84833333  17.98756667]
-0.19	 -0.6	-0.04	0.25	189_N	[-10.51511111 -21.25006667  17.94302222]
-0.28	 -1.22	0.26	0.5	189_N	[ -8.09903636 -18.82838182  18.0898    ]
0.21	 1.88	0.07	-0.32	190_M	[-12.23184211 -14.67010526  18.09768421]
0.14	 1.4	-0.02	-0.21	190_M	[-11.00882143 -14.31339286  20.61885714]
0.05	 0.58	0.02	-0.2	191_T	[-16.053475 -21.0385    20.41015 ]
-0.07	 0.06	-0.04	-0.01	191_T	[-17.96935 -19.13465  18.37   ]
-0.03	 -0.2	-0.06	0.03	191_T	[-19.00305882 -17.06320588  18.38576471]
-0.02	 0.13	0.0	-0.06	191_T	[-20.40870732 -19.94470732  19.55126829]
0.21	 1.3	0.44	-0.66	192_L	[-16.85989474 -21.89        26.51073684]
0.15	 1.28	0.21	-0.48	192_L	[-13.83722222 -19.72788889  23.94633333]
-0.06	 -0.39	-0.09	0.07	192_L	[-14.32675    -20.20892308  26.66192308]
-0.1	 -0.47	-0.12	0.19	192_L	[-13.77315517 -21.99948276  23.92412069]
0.11	 1.38	0.03	-0.23	193_P	[-20.77277778 -25.48733333  22.87988889]
-0.08	 -0.27	-0.19	0.2	193_P	[-23.0985     -24.41238095  23.09369048]
-0.12	 -0.45	-0.06	0.13	193_P	[-21.28782 -23.43752  20.3174 ]
-0.13	 -0.74	0.09	0.17	193_P	[-18.69394444 -24.57007407  20.25144444]
-0.08	 -0.24	-0.13	0.03	193_P	[-16.71569231 -23.515       21.28846154]
0.16	 1.39	0.03	-0.52	194_Y	[-22.94533333 -25.49191667  25.242375  ]
0.19	 1.39	0.44	-0.66	194_Y	[-20.72081818 -25.34590909  28.795     ]
-0.07	 -0.06	-0.03	0.04	194_Y	[-20.90212821 -26.92735897  25.94105128]
-0.1	 -0.05	-0.09	0.12	194_Y	[-18.65433333 -27.38883333  25.65016667]
-0.05	 -0.09	0.07	-0.05	194_Y	[-18.3026129  -26.70996774  23.97658065]
-0.14	 -0.85	-0.07	0.14	194_Y	[-18.66548148 -26.41962963  27.80377778]
-0.08	 -0.44	0.03	0.14	194_Y	[-16.0550303  -25.91072727  23.67384848]
-0.15	 -0.47	-0.03	0.12	194_Y	[-16.95218 -24.88486  27.77984]
-0.13	 -0.7	0.01	-0.1	194_Y	[-16.06616667 -26.88525     25.88091667]
-0.19	 -0.51	0.05	0.26	194_Y	[-14.30097561 -24.84434146  26.1615122 ]
0.12	 0.55	0.07	-0.26	195_L	[-17.74629412 -21.29658824  29.02847059]
0.13	 1.02	0.01	-0.29	196_K	[-26.404625 -22.3125    28.169625]
0.1	 2.0	0.09	-0.39	196_K	[-26.36928571 -24.96071429  27.49928571]
-0.05	 -0.02	-0.01	0.05	196_K	[-26.81903333 -24.2409      29.296     ]
-0.04	 0.11	-0.09	-0.02	196_K	[-25.85769048 -24.30483333  26.1032619 ]
0.06	 0.16	0.0	-0.11	196_K	[-26.61709524 -21.01104762  26.73761905]
-0.09	 -0.54	0.01	0.11	196_K	[-26.55960526 -22.70547368  23.68405263]
-0.1	 -0.53	0.03	0.16	196_K	[-28.10796875 -20.1473125   24.30634375]
-0.21	 -0.91	0.07	0.29	196_K	[-27.49629167 -20.3391875   21.60020833]
0.03	 0.61	0.11	-0.22	197_D	[-21.6215     -26.35766667  29.27855556]
0.02	 0.46	0.03	-0.18	197_D	[-22.37563333 -28.4496      30.57413333]
0.02	 0.35	-0.06	-0.12	197_D	[-22.956      -28.4358125   28.14121875]
0.07	 0.79	0.04	-0.26	197_D	[-26.16872727 -27.93981818  26.579     ]
-0.07	 -0.3	0.08	-0.03	197_D	[-26.80639535 -27.69946512  28.33934884]
-0.13	 -0.31	-0.28	0.24	197_D	[-24.62240351 -27.79940351  25.66329825]
0.16	 0.9	0.0	-0.27	198_I	[-20.82690909 -26.17118182  31.07454545]
0.23	 1.3	0.06	-0.34	198_I	[-21.43408696 -25.84234783  35.1636087 ]
0.1	 0.5	-0.01	-0.23	198_I	[-20.43553571 -23.75275     33.747     ]
-0.03	 0.01	-0.09	-0.05	198_I	[-19.42939583 -24.1359375   30.88839583]
0.17	 1.61	-0.15	-0.07	199_N	[-24.5222 -25.5424  36.2046]
0.11	 0.21	0.05	-0.25	199_N	[-26.118      -28.17672727  34.98509091]
-0.17	 -0.41	0.01	0.17	199_N	[-23.90589474 -27.94878947  36.40894737]
-0.12	 0.25	0.13	0.06	199_N	[-26.42225581 -24.52632558  35.21990698]
-0.11	 -0.05	-0.06	0.07	199_N	[-27.52814286 -24.581       33.20014286]
0.03	 0.08	-0.09	-0.1	199_N	[-26.96462963 -24.769       31.49085185]
-0.15	 -0.71	0.03	0.2	199_N	[-28.10701961 -27.31417647  32.87143137]
-0.04	 -0.14	-0.08	0.06	200_R	[-25.20605263 -30.31015789  34.90978947]
0.01	 0.05	-0.12	-0.07	200_R	[-22.37344444 -31.25222222  32.69533333]
-0.25	 -1.06	0.13	0.38	200_R	[-22.87321429 -31.92257143  35.06475   ]
0.01	 0.26	-0.14	-0.05	200_R	[-24.36506452 -31.34983871  32.00406452]
0.01	 0.08	0.08	-0.15	200_R	[-27.17562857 -29.58594286  32.5704    ]
-0.22	 -1.14	0.02	0.31	200_R	[-27.99514634 -30.80278049  31.08995122]
-0.13	 -0.19	-0.14	0.1	200_R	[-27.48509091 -30.31463636  28.76281818]
-0.01	 0.38	0.02	-0.07	200_R	[-25.614   -31.47708  29.00516]
-0.25	 -1.19	0.15	0.38	200_R	[-25.42252273 -33.44979545  29.88320455]
-0.19	 -0.69	0.03	0.24	200_R	[-25.15792308 -31.47380769  27.20753846]
0.18	 0.96	0.04	-0.33	201_T	[-22.40688889 -29.97088889  31.957     ]
-0.08	 -0.25	-0.03	0.1	201_T	[-20.564125   -30.697625    32.36858333]
-0.2	 -1.04	0.04	0.27	201_T	[-19.5905     -31.50658333  34.76277778]
-0.18	 -1.0	0.05	0.24	201_T	[-20.55684848 -29.82009091  36.48872727]
-0.01	 0.23	-0.22	-0.05	201_T	[-19.92157143 -27.66709524  31.95652381]
-0.3	 -1.19	0.22	0.46	201_T	[-18.03762857 -29.04557143  32.28757143]
-0.2	 -0.83	1.05	0.37	201_T	[-19.14384314 -27.23617647  34.94637255]
