-0.22	 -0.88	-0.01	0.25	215_G	[-0.77873333 -1.75773333 16.99686667]
-0.19	 -1.04	0.13	0.24	215_G	[-0.91857447 -3.27423404 15.13202128]
-0.12	 -0.61	0.01	0.08	215_G	[ 0.11008333 -5.41991667 16.20483333]
-0.08	 -0.49	0.02	0.11	215_G	[ 2.15748649 -4.20013514 16.98554054]
-0.12	 -0.69	-0.07	0.14	216_A	[ 0.16186364 -4.94922727 13.84536364]
-0.08	 -0.39	-0.14	0.06	216_A	[ 2.36772727 -6.40995455 15.91381818]
0.1	 1.24	0.02	-0.29	216_A	[ 3.8455 -4.8598 15.6551]
-0.19	 -0.67	0.09	0.28	216_A	[ 5.09951282 -5.82782051 14.56082051]
-0.22	 -1.17	0.09	0.31	216_A	[ 1.65888732 -7.55826761 13.64376056]
0.12	 0.56	0.04	-0.22	217_E	[ 2.16014286 -3.6202381  12.81585714]
-0.09	 -0.23	0.02	0.08	217_E	[ 5.96069231 -3.64492308 13.31323077]
0.0	 0.16	-0.05	-0.11	217_E	[ 6.130125   -1.70433333 12.85795833]
0.01	 -0.42	-0.03	-0.03	217_E	[ 4.87712903 -1.69025806 15.07132258]
0.02	 0.46	-0.01	-0.13	217_E	[ 4.76573171 -3.10802439 10.93807317]
-0.12	 -0.46	-0.13	0.09	217_E	[ 4.69067568 -5.86718919 11.331     ]
-0.03	 0.3	0.03	-0.04	217_E	[ 4.94722222 -5.55014815  9.01007407]
-0.08	 -0.08	0.02	0.09	217_E	[ 3.42282143 -4.39760714  8.36260714]
-0.28	 -0.76	0.03	0.35	217_E	[ 5.59380488 -6.91358537  8.74268293]
0.11	 0.8	-0.06	-0.21	218_F	[ 3.6663  -1.2904  10.96455]
0.17	 1.34	0.01	-0.27	218_F	[ 6.0895   0.157   13.58075]
0.06	 0.6	-0.02	-0.19	218_F	[ 1.489      -0.75371875 13.01884375]
0.14	 1.25	-0.19	0.09	218_F	[ 3.97817647  0.10517647 10.09317647]
0.1	 1.23	0.48	-0.74	218_F	[ 6.7746 -0.8844 11.5692]
0.04	 0.35	-0.07	-0.09	218_F	[ 7.67004348  0.68430435 12.73352174]
0.14	 1.21	0.39	-0.81	218_F	[ 5.49865714 -0.63362857  9.83777143]
-0.0	 0.47	-0.0	-0.1	218_F	[ 9.15644444  0.73781481 12.27492593]
0.09	 0.54	0.02	-0.21	218_F	[ 7.851   -1.89455  9.41455]
0.06	 0.88	0.02	-0.19	218_F	[ 9.89268 -1.18844 10.5382 ]
0.15	 1.39	0.37	-0.61	219_E	[ 0.4373  1.7173 14.4253]
0.09	 1.17	-0.08	-0.23	219_E	[ 1.87393333  4.9848     15.5638    ]
-0.05	 -0.19	-0.05	0.05	219_E	[ 0.01709302  4.14132558 14.65097674]
-0.05	 -0.14	-0.14	0.12	219_E	[ 2.88911111  3.53822222 16.87927778]
-0.17	 -0.65	-0.09	0.22	219_E	[ 3.80932143  0.97507143 17.42192857]
-0.11	 -0.86	0.01	0.14	219_E	[ 1.29315385  0.40946154 18.16976923]
-0.11	 -0.23	-0.02	0.12	219_E	[-2.27272727e-03  6.28909091e-01  1.60133939e+01]
-0.11	 -0.79	0.09	0.11	219_E	[ 2.77378261 -1.45582609 17.68256522]
0.21	 1.33	0.2	-0.46	220_E	[ 3.16877273  8.05436364 11.97213636]
0.23	 1.47	0.11	-0.4	220_E	[ 4.181       5.86535294 16.18917647]
-0.04	 -0.02	-0.15	-0.08	220_E	[ 1.534       7.162      15.53642857]
-0.1	 -0.6	-0.05	0.1	220_E	[ 1.9497561   9.35087805 14.23731707]
-0.11	 -0.49	-0.1	0.09	220_E	[ 2.6862439   7.71746341 17.01460976]
0.1	 0.67	-0.09	-0.1	221_P	[-1.13261538  4.86284615  9.68469231]
0.17	 1.33	0.44	-0.66	221_P	[-0.57836364  4.67018182  8.22363636]
-0.06	 -0.14	-0.11	0.02	221_P	[-1.88868421  7.70831579 10.12221053]
-0.2	 -0.99	0.11	0.32	221_P	[-2.42087234  6.72991489 12.43812766]
-0.09	 -0.24	-0.11	0.05	221_P	[-0.31697059  7.35529412 13.51094118]
0.14	 0.56	0.05	-0.28	222_R	[ 1.5576      8.2286     10.55293333]
0.16	 1.26	0.28	-0.52	222_R	[1.66444444 8.086      6.11788889]
0.17	 1.2	0.07	-0.32	222_R	[2.99818182 7.82013636 5.74763636]
0.11	 0.92	0.06	-0.33	222_R	[3.36669767 9.58706977 8.72709302]
-0.11	 -0.47	0.04	0.09	222_R	[ 1.69519355 10.94883871  9.09464516]
-0.13	 -0.59	-0.03	0.1	222_R	[ 0.92945455 10.89165909  6.09552273]
-0.07	 0.11	-0.08	0.05	222_R	[-0.49978947  9.46442105  5.42263158]
-0.15	 -0.47	-0.04	0.14	222_R	[-1.96008333 10.5875      6.45791667]
-0.2	 -0.84	0.07	0.26	222_R	[-1.81402326 10.66495349  8.93381395]
-0.17	 -0.66	0.1	0.22	222_R	[-2.94802632  8.12939474  7.09181579]
0.14	 1.04	0.02	-0.32	224_I	[2.98990476 0.69619048 8.32585714]
0.23	 1.35	0.31	-0.55	224_I	[2.40636364 0.18768182 6.44627273]
0.15	 1.18	0.27	-0.55	224_I	[-0.4865     3.288625   8.7346875]
0.05	 0.56	-0.04	-0.14	224_I	[ 1.94414286  0.31985714 10.31442857]
-0.14	 -0.61	-0.07	0.14	224_I	[-0.49761017  0.79398305  8.17167797]
-0.14	 -0.86	-0.03	0.17	224_I	[-0.74355556  1.92475556 11.78864444]
0.12	 0.49	-0.01	-0.19	225_D	[-0.013   2.866   4.1952]
0.16	 1.25	0.41	-0.64	225_D	[2.8628     5.49506667 2.9472    ]
0.17	 1.42	0.13	-0.35	225_D	[1.12892308 3.08561538 2.44469231]
-0.04	 0.03	-0.09	-0.06	225_D	[0.89059574 6.26717021 3.91861702]
-0.14	 -0.37	-0.01	0.14	225_D	[-1.50946667  5.19493333  4.06786667]
-0.13	 -0.29	0.01	0.1	225_D	[-1.6722      4.34842222  6.34704444]
-0.18	 -0.35	-0.04	0.21	225_D	[-1.72876  7.2364   4.79884]
0.12	 1.28	0.43	-0.66	226_L	[3.09657143 5.743      3.41228571]
0.14	 1.04	-0.07	-0.22	226_L	[4.14125   7.5696875 4.2685   ]
0.06	 0.65	0.07	-0.31	226_L	[4.72734043 7.55629787 2.03804255]
0.11	 0.9	-0.2	0.01	227_W	[ 4.23420455 -1.44572727  7.80547727]
0.17	 1.1	0.11	-0.35	227_W	[ 6.6013125 -3.412875   8.5405625]
0.18	 1.22	0.14	-0.4	227_W	[ 8.41164286 -3.13528571  7.8245    ]
-0.03	 0.03	-0.12	-0.02	227_W	[ 8.143025 -4.9763    6.463575]
0.08	 0.69	-0.02	-0.23	227_W	[10.94309091 -4.39745455  4.93340909]
0.16	 1.25	0.05	-0.27	228_D	[ 2.322      -2.34272727  2.57981818]
0.19	 1.15	0.06	-0.31	228_D	[1.485      0.13776923 0.18484615]
0.04	 0.11	-0.08	-0.11	228_D	[ 2.15709091 -2.05390909  0.59559091]
-0.08	 -0.47	-0.03	0.04	228_D	[0.32675676 0.08272973 2.49148649]
-0.11	 -0.47	0.02	0.07	228_D	[-0.2465  -1.808    4.33315]
-0.16	 -0.38	-0.05	0.18	228_D	[ 1.35086364 -2.34745455  5.22945455]
-0.17	 -0.47	0.07	0.24	228_D	[-0.95486486 -0.04964865  5.15756757]
0.13	 1.24	-0.04	-0.2	229_L	[1.1385625 3.27725   0.993125 ]
-0.21	 -0.08	0.52	0.25	229_L	[ 2.6291      5.84757143 -0.16208571]
-0.11	 -0.57	-0.03	0.18	229_L	[ 0.65636667  3.1342     -1.69098333]
0.16	 0.98	0.14	-0.37	230_A	[ 8.45644 -3.01856 -1.75828]
0.12	 1.67	0.09	-0.37	231_Q	[ 7.60615789 -4.647       0.00905263]
0.08	 0.76	-0.11	-0.11	231_Q	[ 4.0459 -4.8021 -0.5234]
-0.19	 -0.59	-0.03	0.28	231_Q	[ 6.1424359  -5.51805128 -1.58910256]
-0.04	 -0.03	-0.04	-0.01	231_Q	[ 4.4664   -4.7715    1.539625]
0.18	 1.51	-0.11	-0.19	231_Q	[ 6.87371429 -5.72385714  2.39071429]
-0.08	 -0.07	-0.09	0.11	231_Q	[ 3.738      -5.19942857  3.60742857]
0.06	 0.56	0.01	-0.21	231_Q	[ 3.41018519 -3.86003704  4.67574074]
-0.17	 -0.56	0.01	0.2	231_Q	[ 5.31636842 -6.30308772  4.81521053]
-0.08	 -0.32	-0.05	0.0	232_S	[ 3.8785  -4.82985 -2.7979 ]
0.13	 1.92	-0.11	-0.17	232_S	[ 4.9164 -4.4708 -4.471 ]
-0.21	 -0.68	0.08	0.27	232_S	[ 3.48029032 -3.00480645 -5.45306452]
-0.15	 -0.74	0.09	0.19	232_S	[ 1.76886792 -3.04828302 -2.50730189]
0.01	 0.04	-0.1	-0.03	232_S	[ 1.5162  -0.57836 -2.08824]
0.1	 0.74	0.01	-0.18	233_A	[ 5.89033333 -0.96877778 -6.06283333]
-0.04	 0.47	-0.19	-0.02	233_A	[ 6.1008 -3.1126 -6.478 ]
-0.06	 -0.17	-0.02	0.01	233_A	[ 7.01282051 -4.52458974 -4.41633333]
0.03	 0.46	-0.14	-0.17	234_N	[ 8.56055882 -1.31076471 -6.62691176]
0.04	 0.69	-0.11	-0.15	234_N	[ 9.02535 -5.09115 -5.875  ]
0.08	 1.38	4.67	0.26	234_N	[10.18217647 -1.94735294 -6.93682353]
-0.11	 -0.29	-0.04	0.14	234_N	[12.00433333 -3.30758333 -7.51541667]
-0.22	 -1.12	0.05	0.27	234_N	[ 7.94758824 -3.55152941 -8.55076471]
-0.1	 -0.07	-0.08	0.11	234_N	[ 9.2716     -5.73233333 -9.0492    ]
-0.21	 -0.69	0.03	0.29	234_N	[ 9.85332558 -6.4634186  -7.66265116]
-0.26	 -1.1	0.15	0.41	234_N	[  9.94615094  -5.11530189 -10.57239623]
0.18	 1.0	-0.01	-0.23	235_L	[ 9.95906667 -3.9068     -4.06493333]
0.19	 1.45	0.17	-0.44	235_L	[12.8161 -1.9902 -5.9256]
0.06	 0.24	-0.15	-0.07	235_L	[13.51454545 -5.15736364 -6.12936364]
-0.13	 -0.35	-0.08	0.09	235_L	[12.14525    -6.07194444 -4.36330556]
0.19	 1.49	0.07	-0.31	235_L	[10.92431818 -3.42713636 -2.34190909]
0.14	 1.02	0.12	-0.33	235_L	[12.29668182  0.55913636 -1.13004545]
0.03	 0.15	-0.08	-0.14	235_L	[11.91703509  0.38210526 -4.73008772]
0.08	 0.73	-0.09	-0.24	236_T	[14.41706667 -3.92046667 -6.1302    ]
-0.04	 0.4	-0.12	0.03	236_T	[14.76566667 -6.69011111 -5.03133333]
0.13	 1.4	0.12	-0.39	236_T	[13.31988235 -6.25570588 -1.99282353]
0.12	 1.4	0.17	-0.44	236_T	[13.02644444 -5.35688889 -1.90388889]
-0.09	 -0.56	-0.06	0.13	236_T	[17.64514286 -6.24761905 -4.08619048]
0.08	 0.6	0.02	-0.2	236_T	[18.23682353 -3.68182353 -3.42011765]
-0.21	 -1.1	0.06	0.33	236_T	[17.22382813 -4.78635937 -6.5066875 ]
0.07	 0.62	-0.04	-0.2	237_D	[15.6017037  -7.66514815 -2.97085185]
0.08	 0.84	-0.42	0.05	237_D	[13.56136364 -7.02531818 -0.17713636]
0.05	 0.5	-0.05	-0.13	237_D	[17.07185714 -6.86721429  1.16421429]
0.02	 0.54	-0.1	-0.09	237_D	[14.667      -6.16734783  1.75952174]
-0.26	 -0.65	0.01	0.27	237_D	[ 1.62730682e+01 -8.79056818e+00 -1.12272727e-02]
-0.18	 -0.46	-0.02	0.15	237_D	[ 14.5696 -10.1622  -1.1901]
-1.16	 -0.87	0.15	0.51	237_D	[12.97454054 -9.19210811 -1.43681081]
-0.34	 -1.11	0.23	0.5	237_D	[ 15.51576316 -11.28894737  -1.75210526]
0.11	 1.21	0.16	-0.39	238_K	[17.9178125 -6.9209375 -0.80875  ]
0.01	 0.26	-0.11	-0.08	238_K	[18.34006667 -5.28813333  1.7376    ]
0.06	 0.41	-0.03	-0.15	238_K	[18.42723077 -2.35430769 -0.21346154]
-0.06	 -0.33	-0.17	0.04	238_K	[18.4868     -2.74906667  1.90373333]
-0.11	 -0.56	-0.13	0.09	238_K	[19.56504878 -4.08521951 -0.86482927]
-0.17	 -0.8	-0.07	0.2	238_K	[19.8743  -6.5857   0.64165]
-0.23	 -1.08	0.02	0.28	238_K	[21.93778571 -5.2192619  -0.8545    ]
-0.23	 -1.17	0.05	0.31	238_K	[22.1363125  -8.04333333 -0.383125  ]
-0.3	 -1.22	0.22	0.47	238_K	[24.43887037 -7.18457407 -0.03490741]
0.08	 0.91	0.1	-0.48	239_E	[18.1526 -2.3704 -1.4286]
0.02	 -0.14	-0.1	-0.05	239_E	[17.14293333 -0.69853333 -0.4416    ]
0.11	 0.09	0.04	-0.19	239_E	[14.7982   0.30305  0.44755]
0.12	 0.47	-0.03	-0.14	239_E	[14.97021429 -0.15935714 -1.96814286]
-0.17	 -0.86	0.02	0.21	239_E	[17.80792105 -0.71126316 -2.72081579]
0.03	 0.44	-0.04	-0.15	239_E	[16.33888889 -0.91874074 -4.98922222]
-0.03	 -0.33	-0.22	0.08	239_E	[14.84022727 -1.71627273 -6.05972727]
-0.3	 -1.06	0.18	0.46	239_E	[17.36560976 -0.14753659 -5.80978049]
0.12	 1.02	0.04	-0.3	240_L	[12.27287879 -5.10057576  0.11266667]
0.17	 1.0	0.05	-0.32	240_L	[12.0789375 -4.477125   3.2870625]
0.19	 1.28	0.15	-0.39	240_L	[ 9.74394444 -3.72461111 -0.25688889]
-0.16	 -0.52	-0.41	0.42	240_L	[10.36792771 -6.03046988  1.62527711]
0.08	 0.85	-0.02	-0.27	241_E	[13.7235    -4.956375   2.9240625]
0.23	 1.08	0.12	-0.39	241_E	[13.41125   -4.335875   4.4006875]
0.14	 1.42	0.1	-0.39	241_E	[17.29036364 -2.27263636  5.58927273]
-0.02	 -0.33	-0.14	0.02	241_E	[16.4305     -5.54463158  3.82726316]
-0.13	 -0.65	0.0	0.17	241_E	[17.64616279 -4.60634884  5.84104651]
-0.11	 -0.38	0.01	0.1	241_E	[15.59264286 -6.86414286  6.89242857]
-0.11	 -0.65	0.08	0.11	241_E	[13.60285185 -6.02785185  6.44292593]
-0.09	 -0.25	-0.01	0.08	241_E	[16.69594872 -5.49725641  8.43010256]
0.13	 1.1	0.06	-0.31	242_A	[17.84253846 -2.38469231  3.681     ]
-0.04	 -0.1	-0.12	0.03	242_A	[18.04390909 -0.48736364  5.02245455]
0.12	 1.35	0.32	-0.58	242_A	[16.27988889  2.13722222  2.94111111]
0.12	 0.91	-0.04	-0.19	242_A	[17.15625    2.1088125  5.5089375]
-0.2	 -1.07	0.03	0.3	242_A	[18.53886885  0.3447541   2.55881967]
0.13	 1.27	0.01	-0.24	243_F	[15.65161538  1.77953846  2.45746154]
0.14	 1.81	0.16	-0.42	243_F	[14.57425   2.574125  2.3365  ]
0.09	 0.64	-0.08	-0.15	243_F	[13.46308696  1.62734783  1.01521739]
0.1	 0.97	0.46	-0.76	243_F	[12.03657143  1.76971429  0.48914286]
0.01	 -0.43	-0.07	-0.03	243_F	[13.01306897  3.74872414  0.79017241]
0.16	 1.14	0.17	-0.43	243_F	[11.88136  5.329    0.17356]
0.14	 1.46	0.31	-0.56	244_R	[10.6655 -2.4995  9.555 ]
-0.03	 0.01	-0.13	-0.01	244_R	[10.52147619 -4.07607143  8.37021429]
0.03	 -0.28	-0.2	0.0	244_R	[12.6286 -5.8354  7.8868]
-0.07	 -0.0	-0.01	0.04	244_R	[12.54907143 -6.02807143  9.43721429]
-0.16	 -1.02	0.06	0.19	244_R	[12.00234884 -4.31653488 11.3757907 ]
-0.14	 -0.27	0.06	0.24	244_R	[14.74510345 -5.85882759 10.43093103]
0.13	 1.6	0.1	-0.33	245_E	[16.59533333  3.34433333  8.54755556]
-0.02	 -0.05	-0.06	0.0	245_E	[17.64935135  1.52108108  8.09216216]
-0.06	 -0.04	-0.0	0.04	245_E	[18.06640625 -1.56240625  8.113875  ]
-0.16	 -0.83	0.03	0.12	245_E	[18.20006667 -1.78593333 10.66513333]
-0.06	 -0.01	-0.1	0.08	245_E	[17.72862857  0.34814286 11.53085714]
-0.03	 -0.14	0.03	-0.02	245_E	[17.03578261 -3.31365217 10.61773913]
0.15	 1.21	-0.05	-0.24	246_E	[16.51883333  3.4605      7.364     ]
0.08	 0.58	-0.11	-0.08	246_E	[15.70613333  5.2732      8.1608    ]
0.18	 0.52	0.08	-0.27	246_E	[13.2267619   6.94066667  8.47490476]
0.14	 -0.08	0.07	-0.26	246_E	[13.99213333  6.5986      6.58526667]
-0.09	 -0.53	-0.0	0.13	246_E	[16.96110811  4.65613514  5.88924324]
-0.13	 -1.61	-0.0	0.16	246_E	[17.20133333  6.1706      3.69946667]
-0.07	 -0.26	0.01	0.06	246_E	[15.98158824  7.68405882  4.45417647]
-0.08	 -0.06	-0.05	0.02	246_E	[16.1154      4.52234286  2.459     ]
0.14	 1.5	0.01	-0.2	248_K	[10.95425     2.53383333 13.17691667]
0.09	 0.67	0.05	-0.23	248_K	[14.20946154  3.89338462 13.39684615]
-0.01	 -0.13	-0.0	-0.08	248_K	[12.21085714  4.26785714 14.51842857]
0.04	 -0.32	-0.02	-0.05	248_K	[13.76704348  2.10952174 13.42882609]
-0.06	 -0.35	-0.08	0.01	248_K	[1.14580870e+01 8.08695652e-03 1.29148261e+01]
0.01	 -0.05	0.04	-0.1	248_K	[12.24592308 -1.84323077 12.46384615]
-0.12	 -0.44	0.0	0.17	248_K	[14.86785 -0.21645 13.8313 ]
-0.2	 -1.1	0.09	0.29	248_K	[15.52994444 -2.83394444 13.43158333]
0.01	 0.21	-0.2	-0.06	249_H	[14.61170588  6.12858824 13.91641176]
0.02	 0.3	-0.21	-0.08	249_H	[13.63923077  8.79246154 12.05761538]
0.0	 -0.59	-0.24	0.02	249_H	[13.71935294  8.79482353 13.92905882]
-0.08	 -0.48	-0.02	0.12	249_H	[15.54809091  7.27681818 11.08612121]
-0.02	 0.91	-0.02	-0.11	249_H	[16.5006875  5.319375  12.275375 ]
-0.2	 -0.66	-0.01	0.25	249_H	[17.16428125  6.46553125 13.5005    ]
0.04	 0.54	-0.02	-0.1	249_H	[16.89825     4.05633333 10.98308333]
-0.27	 -1.48	0.18	0.43	249_H	[19.0321   4.8457  13.60252]
-0.11	 -0.13	-0.01	0.15	249_H	[18.36727778  2.92422222 11.88075   ]
0.09	 1.28	0.04	-0.26	250_F	[13.09842857  7.936      10.25128571]
0.03	 0.23	-0.1	-0.09	250_F	[12.24395652  9.65786957 11.09408696]
0.11	 0.73	-0.01	-0.21	250_F	[11.938375   8.9759375  8.8123125]
0.18	 1.3	0.29	-0.55	250_F	[11.43273684 11.07752632 10.66405263]
0.21	 1.26	0.15	-0.4	250_F	[ 6.06473077 11.45930769  9.00230769]
0.13	 1.06	0.03	-0.28	251_E	[ 9.28290476  3.72342857 13.82395238]
0.06	 0.25	0.07	-0.21	251_E	[ 8.46914286  4.38690476 15.70738095]
0.11	 1.56	0.24	-0.49	251_E	[ 7.79288889  2.81322222 13.99855556]
0.03	 0.16	-0.02	-0.07	251_E	[ 6.28278788  2.06039394 15.44142424]
0.11	 1.35	0.05	-0.3	252_A	[10.55130769  5.13207692 15.47038462]
0.15	 1.22	0.14	-0.41	252_A	[10.34025     6.23325    17.38808333]
0.06	 0.22	-0.12	-0.07	252_A	[12.6322  9.4939 16.9988]
-0.01	 0.17	-0.09	-0.04	252_A	[11.50645  9.3263  18.55765]
-0.17	 -0.96	0.01	0.26	252_A	[13.00483077  6.34836923 16.89324615]
0.08	 0.91	0.08	-0.27	253_K	[12.92725   9.583875 15.3185  ]
0.11	 0.89	0.05	-0.27	253_K	[13.07352632 11.07257895 16.10578947]
0.18	 1.31	0.15	-0.42	253_K	[12.80287097 11.19054839 13.16345161]
0.15	 1.25	0.31	-0.56	253_K	[13.78909091 12.15490909 15.87590909]
0.17	 1.63	0.3	-0.56	253_K	[14.234      15.00066667 14.03341667]
-0.09	 -0.25	-0.13	0.03	253_K	[14.9442093  12.06562791 12.56072093]
-0.13	 -0.43	-0.02	0.18	253_K	[15.9192     13.10352857 15.06421429]
0.21	 1.49	0.32	-0.56	254_I	[ 6.90321053 12.79684211 14.67089474]
0.19	 1.51	-0.08	-0.21	254_I	[ 5.45371429 11.77714286 12.65128571]
-0.04	 0.39	-0.03	-0.09	254_I	[ 4.48897368 11.64707895 14.95257895]
0.14	 0.49	-0.0	-0.22	254_I	[ 4.84776667 10.03146667 11.44713333]
0.16	 1.45	0.07	-0.32	255_E	[ 6.0105      9.30066667 19.93466667]
-0.01	 -0.11	-0.09	-0.03	255_E	[ 9.10485714  9.76471429 20.80571429]
-0.04	 -0.06	-0.03	-0.05	255_E	[ 7.63021053 10.37557895 21.60284211]
-0.09	 -0.5	-0.04	0.07	255_E	[ 8.38916129  8.06293548 20.16632258]
0.04	 -0.03	-0.01	-0.08	255_E	[ 5.49335  7.3337  18.98605]
-0.01	 -0.05	-0.03	-0.0	255_E	[ 7.57564286  4.95353571 18.97432143]
-0.2	 -0.64	-0.04	0.32	255_E	[ 9.21825   5.2703   19.324275]
-0.07	 -0.03	0.05	0.02	255_E	[ 5.7665625   4.38541667 17.99141667]
0.11	 0.79	0.17	-0.35	256_K	[10.32911111  9.81366667 19.80222222]
0.02	 0.12	0.01	-0.14	256_K	[10.39815789 11.58921053 21.54389474]
-0.03	 -0.07	-0.11	0.04	256_K	[12.2016 10.8272 19.8056]
-0.05	 -0.35	-0.1	0.03	256_K	[12.35144444 13.0775     21.674     ]
0.11	 0.93	-0.02	-0.26	256_K	[13.91178571 15.16589286 20.04785714]
-0.11	 -0.61	0.05	0.12	256_K	[14.46485106 11.90755319 19.13104255]
-0.2	 -0.74	0.0	0.33	256_K	[15.98877778 13.88837037 18.64887037]
0.2	 1.5	0.28	-0.53	257_H	[ 6.80063158 14.24478947 15.54105263]
-0.02	 0.41	-0.12	-0.06	257_H	[ 5.31885714 15.38882857 15.7032    ]
-0.14	 -0.69	-0.02	0.15	257_H	[ 4.26234146 18.04139024 15.93982927]
0.1	 0.46	0.03	-0.19	257_H	[ 5.8858  19.7608  17.04735]
0.12	 2.25	0.05	-0.28	258_N	[ 3.21385714 14.1445     20.63492857]
0.17	 1.36	0.25	-0.52	258_N	[ 4.4002 11.8986 22.8198]
0.21	 1.29	0.14	-0.34	258_N	[ 2.96270588 13.90017647 22.77988235]
-0.15	 0.02	-0.28	0.16	258_N	[ 3.5125     11.43016667 21.39130556]
-0.21	 -0.88	-0.05	0.22	258_N	[ 2.081  11.7152 19.2833]
-0.04	 0.07	0.08	-0.06	258_N	[ 3.08225581 12.94883721 17.72395349]
-0.1	 -0.13	-0.01	0.08	258_N	[ 3.0773125   9.8933125  18.97115625]
0.15	 1.53	0.07	-0.29	259_H	[ 5.74628571 11.57978571 22.71857143]
0.12	 0.81	-0.02	-0.22	259_H	[ 5.797625  12.1353125 24.7100625]
-0.1	 -0.5	-0.07	0.09	259_H	[ 8.37713333 11.23633333 23.78096667]
-0.13	 0.97	-0.07	0.12	259_H	[ 9.66942857 11.49414286 25.03914286]
-0.1	 -0.19	0.04	0.11	259_H	[ 7.42865625 12.2135625  26.8358125 ]
-0.01	 0.36	0.0	-0.08	259_H	[10.5617451  14.1952549  24.86647059]
-0.18	 -0.75	0.04	0.24	259_H	[ 9.4335122  12.6465122  28.24582927]
-0.19	 -0.81	0.07	0.31	259_H	[11.03215385 14.09619231 27.03511538]
0.22	 1.48	0.27	-0.52	260_Y	[ 9.10382353 17.26794118 24.60035294]
0.12	 1.27	0.12	-0.35	260_Y	[10.14413333 17.11146667 23.9084    ]
0.1	 0.95	0.09	-0.34	260_Y	[10.979375 16.57975  23.790625]
0.09	 1.24	0.13	0.04	260_Y	[10.99342857 18.156      23.89814286]
-0.04	 0.03	-0.05	-0.06	260_Y	[12.3535     15.28482353 23.141     ]
0.12	 0.88	0.07	-0.29	260_Y	[12.8656     18.9974     22.35605714]
0.03	 0.42	0.02	-0.08	260_Y	[13.12969565 17.36621739 21.77856522]
-0.17	 -0.49	-0.21	0.31	260_Y	[14.77074074 17.72392593 22.3532037 ]
0.2	 0.99	0.07	-0.32	261_Q	[ 3.68963636 19.61027273 22.564     ]
0.03	 0.3	-0.04	-0.12	261_Q	[ 2.14555556 17.10022222 24.22755556]
-0.0	 0.49	-0.01	-0.11	261_Q	[ 2.58020833 19.35666667 24.51858333]
-0.04	 -0.23	-0.04	0.04	261_Q	[ 2.31058065 16.90274194 22.15064516]
0.02	 0.51	-0.04	-0.16	261_Q	[ 3.653      19.24648148 19.82318519]
0.03	 0.51	0.02	-0.18	261_Q	[ 2.50847059 16.82758824 19.41176471]
-0.06	 0.04	-0.09	-0.06	261_Q	[ 2.60418182 15.52136364 18.17395455]
-0.28	 -1.2	0.14	0.42	261_Q	[ 1.3747  18.16104 18.62594]
0.01	 0.39	-0.31	0.07	262_K	[ 1.83813636 17.09068182 26.54131818]
0.12	 0.32	0.06	-0.25	262_K	[ 2.7479375 17.4174375 28.7469375]
0.01	 0.22	-0.08	-0.08	262_K	[ 4.16717647 14.52005882 27.53879412]
-0.14	 -0.56	-0.0	0.18	262_K	[ 1.42860606 14.69875758 25.46066667]
-0.14	 -0.62	-0.01	0.16	262_K	[ 3.05231429 12.44191429 26.88634286]
-0.19	 -1.05	0.03	0.26	262_K	[ 0.9733   11.873975 24.56065 ]
-0.23	 -0.94	0.12	0.33	262_K	[ 2.63749231 10.12033846 25.21487692]
0.14	 1.05	0.05	-0.27	263_Q	[ 6.93148148 20.14640741 29.72940741]
0.08	 0.41	-0.02	-0.2	263_Q	[ 8.85439394 18.09139394 27.46948485]
-0.05	 -0.09	-0.15	-0.01	263_Q	[ 9.64635 16.12165 28.04415]
-0.05	 0.1	-0.2	0.01	263_Q	[ 8.67307143 14.65557143 29.88735714]
-0.04	 0.15	0.03	-0.01	263_Q	[ 6.30330769 14.48151282 29.54051282]
-0.2	 -0.6	0.08	0.28	263_Q	[ 8.32590385 16.89230769 30.98871154]
0.17	 1.48	0.22	-0.49	264_L	[ 3.18845455 22.96827273 26.034     ]
0.11	 1.61	0.18	-0.45	264_L	[ 3.7631 21.3817 24.3113]
0.07	 0.56	-0.16	-0.09	264_L	[ 3.68595455 23.29522727 24.88563636]
-0.06	 -0.2	-0.1	0.07	264_L	[ 4.5435     23.41335938 22.1535625 ]
0.11	 1.08	0.05	-0.3	265_E	[ 2.63083333 21.04441667 25.4445    ]
-0.0	 0.12	-0.12	0.03	265_E	[ 1.5346875 22.28875   26.527125 ]
0.02	 0.23	-0.15	-0.08	265_E	[ 0.845775 19.411475 26.73175 ]
0.03	 0.32	-0.03	-0.14	265_E	[-0.09985714 21.01864286 28.7222381 ]
-0.12	 -0.39	-0.18	0.19	265_E	[-1.56748148 19.43725926 27.49937037]
-0.29	 -1.15	0.22	0.47	265_E	[-2.08077778 19.59408333 25.8865    ]
-0.27	 -0.95	0.15	0.39	265_E	[-2.39108824 18.64161765 28.82223529]
0.15	 1.27	0.2	-0.45	266_I	[ 1.8691     20.57346667 31.5306    ]
0.13	 0.58	-0.04	-0.16	266_I	[ 3.16733333 22.75141667 33.44233333]
0.19	 1.45	0.22	-0.48	266_I	[ 6.14611111 19.17233333 31.01111111]
-0.14	 -0.57	-0.19	0.18	266_I	[ 2.34965 18.51525 31.6018 ]
-0.11	 -0.58	0.01	0.13	266_I	[ 5.26147761 20.30173134 33.40889552]
-0.15	 -0.87	0.03	0.21	266_I	[ 4.522      16.37853704 32.0762963 ]
0.14	 1.3	0.13	-0.38	267_A	[ 6.19625 21.39225 31.0605 ]
0.03	 0.42	-0.15	-0.1	267_A	[ 6.52551852 23.65048148 32.17562963]
0.19	 1.48	0.18	-0.42	267_A	[ 6.23754545 26.35859091 31.69413636]
0.01	 0.36	-0.04	-0.11	267_A	[ 8.11136 23.93214 29.96708]
0.06	 0.37	-0.02	-0.19	268_H	[ 1.80092 24.4862  26.89708]
-0.02	 -0.99	-0.03	-0.02	268_H	[ 1.478875 26.111875 26.08175 ]
-0.02	 0.16	0.03	-0.08	268_H	[-0.37619231 25.1485     27.80507692]
0.02	 0.6	-0.15	-0.05	268_H	[ 2.24726087 28.60186957 26.29352174]
-0.17	 -1.03	0.04	0.26	268_H	[-1.42633333 27.90069444 26.54905556]
-0.11	 -0.39	0.09	0.16	268_H	[ 0.54332353 29.49694118 26.93864706]
0.02	 0.31	-0.13	-0.09	269_E	[ 1.2005 24.5271 34.5536]
-0.03	 0.11	-0.09	-0.09	269_E	[-0.2665     26.34109091 34.3295    ]
-0.01	 -0.1	-0.01	-0.02	269_E	[-0.04367857 23.55292857 33.48678571]
0.19	 0.96	0.07	-0.34	269_E	[-1.20876667 23.48436667 30.24216667]
-0.06	 0.09	-0.12	-0.02	269_E	[-1.61365714 21.6688     31.82422857]
-0.25	 -0.94	-0.01	0.35	269_E	[-0.90685714 21.06709524 33.21997619]
-0.18	 -0.48	-0.05	0.17	269_E	[-2.55083333 21.04047222 30.524     ]
0.1	 0.71	-0.0	-0.2	270_K	[ 2.288    23.944    34.105625]
-0.05	 0.02	-0.09	0.01	270_K	[ 2.52368421 25.66463158 35.83510526]
0.16	 0.61	0.07	-0.29	270_K	[ 3.41514286 28.03085714 36.59914286]
0.13	 0.64	0.16	-0.36	270_K	[ 5.2679375  24.84728125 34.1380625 ]
-0.04	 -0.47	-0.03	0.1	270_K	[ 5.21441935 26.51751613 36.80745161]
-0.12	 -0.69	-0.13	0.13	270_K	[ 7.68642105 25.91992105 35.653     ]
-0.13	 -0.33	-0.15	0.12	270_K	[ 6.47611765 23.17684314 35.62458824]
-0.3	 -1.33	0.21	0.47	270_K	[ 8.95498039 23.22688235 36.3674902 ]
0.05	 0.28	-0.02	-0.12	271_L	[ 3.93744444 31.26587037 28.74181481]
0.2	 1.36	0.04	-0.31	272_R	[-0.42083333 31.75733333 32.426     ]
0.05	 0.5	-0.06	-0.16	272_R	[-1.73854545 29.91081818 34.44872727]
-0.01	 0.5	-0.04	-0.13	272_R	[-1.09445455 31.89004545 33.77359091]
-0.01	 0.28	0.04	-0.11	272_R	[-1.72292308 29.33061538 32.58169231]
0.03	 0.78	-0.04	-0.09	272_R	[ 0.08903448 30.74093103 29.93731034]
-0.16	 -0.51	0.08	0.22	272_R	[-2.78044737 29.70236842 29.49936842]
-0.09	 -0.72	-0.04	0.2	272_R	[-3.65764286 28.21207143 31.30307143]
-0.18	 -0.6	-0.02	0.21	272_R	[-3.9484 26.8226 29.9009]
-0.12	 -0.38	0.07	0.12	272_R	[-2.56329167 25.43629167 28.96675   ]
-0.16	 -0.52	0.05	0.26	272_R	[-3.38443478 25.52217391 31.88417391]
0.15	 0.85	0.01	-0.25	273_H	[-0.9186 28.2195 34.5389]
0.07	 0.44	0.01	-0.14	273_H	[-1.7727 29.4816 36.2562]
-0.09	 -0.3	-0.07	0.06	273_H	[ 0.217875   27.07884375 36.80103125]
-0.13	 0.88	-0.07	0.12	273_H	[-0.44157143 26.507      38.63585714]
-0.09	 -0.38	0.03	0.12	273_H	[ 1.42303571 28.07628571 39.61125   ]
-0.14	 -0.51	0.05	0.16	273_H	[-2.55059091 27.97734091 38.66338636]
-0.22	 -1.03	0.08	0.31	273_H	[-0.11572973 27.88721622 41.67154054]
-0.21	 -0.78	0.06	0.3	273_H	[-2.47008 28.0936  41.03376]
0.12	 1.63	0.08	-0.33	274_A	[ 2.43166667 29.09422222 37.69711111]
0.15	 1.21	-0.02	-0.19	274_A	[ 2.87194118 30.47129412 38.89741176]
0.09	 0.76	0.01	-0.22	274_A	[ 4.86977778 29.9392963  37.51996296]
0.16	 0.75	0.1	-0.31	275_E	[ 2.4513125 35.6811875 36.0116875]
0.06	 0.35	-0.12	-0.09	275_E	[-0.544875 35.348    35.058125]
-0.15	 -0.25	-0.05	0.19	275_E	[ 0.36434375 36.57803125 36.75034375]
-0.06	 -0.37	-0.04	0.06	275_E	[ 0.28508333 34.98741667 33.44879167]
-0.04	 -0.29	0.01	-0.0	275_E	[ 2.8203  36.1941  33.40995]
-0.16	 -0.69	0.02	0.11	275_E	[ 1.70230769 35.86192308 31.20861538]
-0.11	 -0.33	0.0	0.1	275_E	[ 0.53655814 33.15525581 30.95297674]
-0.07	 -0.22	0.01	0.06	275_E	[ 3.0528  34.6252  29.85512]
0.16	 1.04	0.01	-0.29	276_S	[-1.1118 33.7808 34.962 ]
-0.1	 -0.16	-0.05	0.13	276_S	[-2.277      34.98386667 36.274     ]
-0.13	 -0.42	0.07	0.23	276_S	[-2.82756522 35.26117391 39.1943913 ]
-0.18	 -1.02	0.09	0.22	276_S	[-3.39867442 32.52553488 36.15297674]
-0.03	 -0.5	0.01	0.0	276_S	[-3.26711111 31.28111111 38.42196296]
-0.05	 -0.05	-0.1	0.04	277_V	[-2.02458333 34.42583333 41.379     ]
-0.03	 -0.29	-0.12	0.01	277_V	[-0.64816667 36.30958333 40.837     ]
-0.14	 -0.53	0.03	0.21	277_V	[ 0.713425 35.5778   42.6934  ]
-0.19	 -0.68	0.02	0.25	277_V	[-0.60406667 32.89566667 43.01773333]
-0.13	 -0.56	0.03	0.16	277_V	[-2.22448837 31.27469767 41.67137209]
-0.02	 0.02	-0.07	0.01	277_V	[ 1.86623913 31.5823913  41.76354348]
0.17	 1.59	0.08	-0.34	278_G	[-0.205      36.40944444 39.224     ]
-0.15	 -0.57	0.05	0.14	278_G	[ 1.95421429 37.2547619  39.12847619]
0.11	 0.99	-0.0	-0.24	278_G	[ 3.9035     36.39309091 40.25268182]
-0.22	 -0.8	0.01	0.28	278_G	[ 3.8130303  37.36512121 41.8650303 ]
-0.0	 1.2	0.05	-0.09	279_D	[ 4.02276471 34.62776471 42.27929412]
0.17	 1.22	0.42	-0.65	279_D	[ 5.59675  36.334375 38.953125]
0.14	 0.84	0.02	-0.26	279_D	[ 4.49796552 31.81565517 40.81110345]
-0.02	 -0.02	0.02	-0.01	279_D	[ 6.22566667 32.68433333 43.21683333]
0.03	 -1.47	0.05	-0.11	279_D	[ 7.14069231 34.24330769 42.74084615]
-0.19	 -0.58	-0.12	0.13	279_D	[ 5.2097619  31.12561905 42.1822381 ]
-0.09	 -0.93	-0.11	0.04	280_G	[ 6.36394444 36.65344444 41.86661111]
-0.15	 -0.71	-0.0	0.24	280_G	[ 7.35845652 37.63086957 39.4926087 ]
-0.15	 -1.0	-0.03	0.19	280_G	[ 9.65522222 37.29733333 40.99455556]
-0.03	 -0.06	-0.07	0.05	280_G	[10.14945833 36.50622917 38.31877083]
0.03	 0.37	-0.03	-0.04	281_E	[ 8.74746667 35.93073333 42.10873333]
-0.07	 -0.25	-0.1	0.08	281_E	[11.54282609 35.55269565 40.82891304]
-0.01	 0.23	0.02	-0.08	281_E	[12.1032037  32.66975926 38.95437037]
-0.19	 -0.95	0.03	0.26	281_E	[11.45314706 34.5735     42.74932353]
-0.03	 0.33	0.01	-0.08	281_E	[ 8.737      33.09595833 43.71179167]
0.05	 0.27	-0.1	-0.08	281_E	[11.1203871  31.38735484 43.13522581]
-0.24	 -1.0	0.07	0.38	281_E	[11.7368     32.11731111 44.75204444]
0.01	 0.31	-0.12	-0.07	281_E	[11.18661111 29.57077778 42.72466667]
0.18	 1.48	0.21	-0.48	282_R	[10.43605882 30.49188235 38.05252941]
0.19	 1.38	0.21	-0.46	282_R	[ 9.63386667 30.1182     36.8472    ]
0.1	 0.62	-0.06	-0.25	282_R	[ 6.81346154 30.24334615 38.86065385]
-0.01	 0.07	-0.41	0.08	282_R	[ 9.877875   29.25921875 39.28190625]
-0.13	 -0.76	0.05	0.18	282_R	[ 7.17197297 28.60727027 40.70556757]
-0.1	 -0.22	-0.03	0.07	282_R	[ 9.62354545 28.07713636 41.61577273]
-0.12	 -0.06	-0.01	0.14	282_R	[ 7.65415385 27.389      43.35146154]
-0.21	 -0.64	0.07	0.28	282_R	[ 6.88204762 29.60566667 44.45795238]
-0.24	 -1.08	0.14	0.39	282_R	[ 9.5712  27.85266 44.8189 ]
0.06	 0.59	-0.07	-0.13	283_V	[ 7.73090476 36.13961905 36.28209524]
-0.03	 -0.06	-0.02	0.04	283_V	[ 6.35495652 36.65908696 34.34404348]
0.1	 0.87	0.02	-0.18	283_V	[ 4.67092857 35.92607143 36.79496429]
0.22	 1.4	0.34	-0.58	284_S	[ 9.57366667 35.73786667 36.113     ]
0.12	 0.7	0.03	-0.24	284_S	[10.34716667 35.25311111 32.16922222]
0.07	 0.79	-0.03	-0.13	284_S	[12.92272727 33.15981818 32.99418182]
-0.04	 -1.1	-0.12	-0.0	284_S	[11.92125 33.48675 31.2865 ]
-0.18	 -0.66	0.03	0.22	284_S	[12.38442553 35.58265957 34.57008511]
-0.24	 -0.61	-0.0	0.28	284_S	[10.58612766 37.22982979 34.14195745]
0.17	 0.68	-0.01	-0.23	285_R	[12.39711765 33.15405882 35.48670588]
0.03	 0.89	-0.04	-0.07	285_R	[13.7145625 31.5174375 33.356125 ]
0.05	 0.71	0.1	-0.17	285_R	[12.32686667 30.61203333 36.3039    ]
-0.04	 -0.32	0.01	-0.03	285_R	[14.77961905 29.63338095 34.5067619 ]
-0.01	 0.35	-0.1	-0.06	285_R	[13.28453191 27.75804255 35.9857234 ]
0.06	 0.4	0.09	-0.21	285_R	[13.54115  29.769025 37.848975]
-0.01	 0.2	-0.11	-0.04	285_R	[13.058      28.19909677 39.04893548]
-0.27	 -1.2	0.01	0.48	285_R	[13.17354 26.3371  38.61674]
-0.19	 -0.51	-0.09	0.28	285_R	[13.68814754 29.03157377 40.4714918 ]
0.09	 0.65	-0.12	-0.16	286_S	[ 9.82615625 28.0019375  33.89171875]
0.22	 1.36	0.14	-0.39	286_S	[ 8.01638462 27.54626923 31.27411538]
0.16	 1.76	0.17	-0.43	286_S	[ 7.1384     27.63966667 33.29393333]
-0.02	 0.52	-0.17	-0.08	286_S	[ 7.90412821 28.74192308 36.36492308]
0.22	 1.73	0.06	-0.34	287_R	[10.03355556 32.34555556 27.92566667]
0.23	 1.32	0.16	-0.43	287_R	[ 8.3009  30.8962  27.29605]
0.14	 0.5	-0.06	-0.16	287_R	[10.06936364 33.933      30.30372727]
-0.09	 -0.42	-0.23	0.12	287_R	[ 8.28548649 33.19689189 28.01994595]
-0.2	 -1.03	0.15	0.25	287_R	[ 8.29853659 35.56280488 28.45295122]
-0.01	 -0.2	0.01	0.0	287_R	[ 5.65171429 35.08580952 28.86214286]
-0.11	 -0.3	-0.03	0.16	287_R	[ 6.34792308 37.45069231 29.74553846]
-0.11	 -0.44	0.02	0.1	287_R	[ 7.932      37.27381395 31.57634884]
-0.08	 -0.5	0.0	0.12	287_R	[ 4.47523333 37.0097     31.19486667]
0.13	 0.79	0.05	-0.28	288_E	[11.16788889 32.81488889 29.60533333]
-0.02	 -0.07	-0.09	-0.03	288_E	[11.75033333 32.07695238 28.14266667]
0.23	 1.61	0.27	-0.51	288_E	[13.0284     30.13233333 26.82426667]
-0.03	 -0.42	-0.07	-0.02	288_E	[13.35329167 32.51358333 30.58395833]
-0.12	 -0.53	-0.03	0.16	288_E	[14.857775 31.622825 28.108075]
-0.01	 -0.2	-0.06	-0.0	288_E	[15.92286364 30.77536364 30.96931818]
-0.03	 0.39	-0.08	-0.09	288_E	[15.7382093  29.16413953 31.66383721]
-0.27	 -0.92	0.14	0.39	288_E	[17.37525641 31.02005128 29.51092308]
0.14	 0.72	-0.07	-0.19	289_K	[13.29422222 26.40394444 28.77133333]
0.17	 1.59	0.11	-0.41	289_K	[10.12809091 25.11636364 29.24554545]
0.09	 0.84	0.03	-0.23	289_K	[11.02917391 24.87808696 28.00026087]
-0.02	 0.01	-0.16	0.01	289_K	[10.81061905 25.76369048 31.1652619 ]
0.17	 0.91	0.07	-0.29	289_K	[14.2669375 26.5221875 30.4805   ]
-0.15	 -0.81	0.05	0.2	289_K	[12.611425 25.323975 33.182775]
-0.12	 -0.31	-0.07	0.12	289_K	[14.94669048 25.97304762 34.38542857]
-0.24	 -0.86	0.1	0.42	289_K	[16.22062 25.82586 32.0978 ]
0.06	 0.29	0.04	-0.21	290_H	[ 6.691      29.83155556 26.078     ]
-0.13	 -0.22	-0.07	0.04	290_H	[ 4.28932353 29.17420588 24.9685    ]
0.12	 0.71	0.04	-0.25	290_H	[ 3.91225926 26.21277778 24.77844444]
0.16	 1.45	0.18	-0.46	291_A	[ 8.6412381  29.67557143 23.73038095]
0.16	 0.95	0.0	-0.24	291_A	[12.241  29.4092 23.6662]
0.01	 0.43	-0.08	-0.05	291_A	[10.56322222 28.60196296 22.12277778]
-0.16	 -0.58	-0.18	0.28	291_A	[10.36108108 31.20354054 24.91102703]
0.1	 0.55	-0.07	-0.19	292_L	[13.18041176 27.72852941 22.88882353]
0.15	 1.82	0.1	-0.37	292_L	[13.5794     24.35606667 24.57      ]
0.07	 0.83	-0.03	-0.19	292_L	[13.87471429 25.604      22.5375    ]
-0.07	 0.12	-0.32	0.05	292_L	[14.78954762 25.77142857 25.20966667]
0.12	 1.08	-0.08	-0.2	292_L	[14.10266667 29.71175    25.66408333]
-0.12	 -0.41	-0.01	0.15	292_L	[16.4983913  27.78447826 27.23617391]
-0.21	 -1.16	0.04	0.38	292_L	[15.83527143 28.86487143 24.03272857]
0.14	 1.28	0.01	-0.26	293_L	[12.49209091 24.59727273 25.96972727]
0.13	 1.22	0.03	-0.23	293_L	[12.50427273 23.11363636 24.916     ]
-0.02	 -0.11	-0.14	0.03	293_L	[11.24421429 23.24407143 26.99457143]
-0.01	 0.14	-0.03	-0.06	293_L	[11.11066667 20.02319048 25.45121429]
-0.09	 -0.28	-0.01	0.06	293_L	[ 9.64461765 21.27229412 28.06973529]
0.14	 0.89	0.09	-0.35	294_E	[ 6.47076923 26.48176923 20.354     ]
0.0	 0.55	-0.07	-0.18	294_E	[ 5.79427273 29.01890909 20.46459091]
-0.12	 -0.32	-0.06	0.23	294_E	[ 7.03438889 29.77301852 22.00812963]
-0.14	 -0.53	-0.02	0.18	294_E	[ 4.214      28.01714894 21.69817021]
0.16	 0.99	-0.02	-0.26	295_G	[ 9.26672727 27.60290909 20.80127273]
-0.11	 -0.6	0.01	0.14	295_G	[10.94682 27.08006 19.41804]
-0.02	 0.32	0.04	-0.06	295_G	[13.0742  25.07385 18.9971 ]
-0.05	 -0.24	-0.25	0.05	295_G	[11.8555     25.22216667 17.11966667]
0.19	 1.16	0.01	-0.29	296_R	[13.3005     25.00516667 20.67466667]
-0.02	 0.34	-0.2	-0.03	296_R	[13.84778947 22.97252632 18.88836842]
0.15	 1.04	0.1	-0.3	296_R	[12.66457692 20.36796154 18.57753846]
0.06	 0.39	0.0	-0.14	296_R	[14.0849375 20.54525   20.6275   ]
-0.15	 -0.69	-0.05	0.16	296_R	[15.30275    23.29361111 20.75677778]
0.1	 0.36	-0.04	-0.15	296_R	[14.6511  21.75175 23.26695]
-0.11	 -0.33	0.16	-0.04	296_R	[16.42489655 23.60865517 22.749     ]
-0.13	 -0.32	-0.04	0.12	296_R	[17.28975 22.139   23.6825 ]
-0.2	 -0.86	-0.06	0.38	296_R	[16.80977586 20.6492069  24.73667241]
-0.3	 -1.3	0.23	0.49	296_R	[19.06911765 22.9754902  23.88286275]
0.11	 0.71	0.07	-0.24	297_T	[ 5.86397222 21.40191667 19.46997222]
0.05	 0.22	-0.05	-0.16	298_K	[ 6.94292593 22.19374074 16.50859259]
0.05	 0.04	-0.12	-0.07	298_K	[ 9.336375 24.286    14.562125]
-0.02	 0.17	-0.1	-0.04	298_K	[ 8.35762963 22.76511111 13.71507407]
-0.03	 -0.23	-0.05	0.08	298_K	[ 8.308      25.55964516 15.86551613]
-0.05	 -0.06	-0.09	0.01	298_K	[ 5.82914634 24.20134146 17.77590244]
-0.11	 -0.43	-0.05	0.12	298_K	[ 6.68846341 27.19658537 16.82039024]
-0.14	 -0.61	-0.04	0.21	298_K	[ 4.26825581 26.13490698 18.17272093]
-0.24	 -1.07	0.14	0.4	298_K	[ 4.3435     28.63427778 17.215     ]
0.12	 0.58	-0.06	-0.2	299_E	[10.81992857 24.5345     15.5495    ]
0.17	 0.66	0.02	-0.27	299_E	[10.94033333 23.70213333 13.64906667]
0.17	 1.23	0.13	-0.4	299_E	[13.2594 20.3458 14.5302]
-0.02	 -0.03	-0.1	-0.06	299_E	[13.36369444 23.57969444 16.26152778]
-0.18	 -1.05	0.07	0.23	299_E	[15.02973529 22.24423529 14.71417647]
-0.07	 -0.47	-0.07	0.05	299_E	[14.47176 24.55084 13.05468]
-0.22	 -0.76	0.07	0.32	299_E	[12.9306   25.207325 13.53125 ]
-0.14	 -0.35	-0.15	0.28	299_E	[14.91404348 23.22006522 11.56932609]
0.09	 0.7	-0.02	-0.21	300_L	[12.92727273 20.359      15.97763636]
0.11	 0.71	0.03	-0.19	300_L	[12.92417647 18.63364706 15.04529412]
0.02	 0.31	0.06	-0.19	300_L	[12.38934783 18.59482609 17.94752174]
0.05	 0.39	-0.04	-0.12	300_L	[13.46879412 16.13264706 16.17991176]
0.21	 1.22	-0.01	-0.24	300_L	[12.613      16.81809091 18.78390909]
0.07	 0.46	-0.02	-0.15	301_G	[ 6.69975    19.00302778 14.23163889]
-0.05	 -1.57	0.05	0.0	301_G	[ 6.92092308 20.08215385 12.32523077]
-0.03	 -0.22	-0.06	-0.04	301_G	[ 6.60612 18.2764  11.29436]
0.1	 0.43	-0.03	-0.15	302_Y	[ 7.83542857 21.45242857 12.47542857]
0.14	 0.6	-0.01	-0.2	302_Y	[ 7.389      20.7865     10.52841667]
-0.06	 -0.34	-0.07	0.03	302_Y	[ 9.52503846 23.02123077 11.57961538]
-0.07	 -0.11	0.06	-0.08	302_Y	[ 9.61477778 23.955       9.32388889]
-0.05	 -0.2	-0.05	0.05	302_Y	[ 7.59948 22.81644  9.06752]
-0.02	 -0.14	-0.1	-0.01	302_Y	[11.99577419 23.44041935  9.75796774]
-0.05	 0.13	0.01	-0.03	302_Y	[ 8.03232432 22.92421622  6.41502703]
-0.17	 -0.8	0.05	0.14	302_Y	[11.80043478 23.91091304  7.37804348]
-0.1	 -0.24	0.05	0.01	302_Y	[ 9.92766667 24.3575      6.93058333]
-0.19	 -0.52	0.04	0.27	302_Y	[10.31704348 23.00217391  4.71771739]
0.15	 1.56	0.28	-0.53	303_T	[13.24814286 17.66971429  9.40071429]
0.19	 1.38	0.22	-0.47	303_T	[12.77469231 16.5055      8.63642308]
0.13	 1.92	0.13	-0.39	303_T	[13.441  17.6251 13.6435]
-0.04	 0.01	-0.09	-0.0	303_T	[14.39342593 19.5467963  11.91716667]
-0.09	 -0.18	-0.12	0.09	303_T	[14.77024 16.38878 11.72906]
0.16	 1.55	0.24	-0.49	304_V	[ 7.0674     15.92793333 13.07446667]
-0.04	 0.21	0.03	0.11	304_V	[ 6.43253226 14.03122581 11.29582258]
0.17	 1.38	0.24	-0.49	305_K	[ 6.79444444 16.68877778 10.15588889]
0.03	 0.27	-0.15	-0.1	305_K	[ 6.12565217 15.846       8.12830435]
0.25	 1.48	0.27	-0.52	305_K	[ 6.34995 16.0093   5.52905]
-0.1	 -0.41	-0.07	0.08	305_K	[ 5.81155 18.0799   9.1742 ]
-0.09	 -0.16	-0.12	0.07	305_K	[ 5.30666667 17.89792593  6.27288889]
-0.06	 -0.25	0.01	0.02	305_K	[ 5.35816667 20.32241667  8.61930556]
-0.12	 -0.36	-0.04	0.05	305_K	[ 5.20869565 21.10678261  5.2195    ]
-0.25	 -1.08	0.15	0.41	305_K	[ 3.73881667 22.47828333  6.96491667]
0.13	 1.63	0.17	-0.44	306_K	[10.72466667 17.71516667  3.9775    ]
0.07	 0.81	-0.09	-0.16	306_K	[12.6024     15.58653333  5.34033333]
-0.03	 0.07	-0.07	-0.11	306_K	[11.34875    16.34629167  3.625875  ]
-0.04	 0.07	-0.03	-0.04	306_K	[12.73947059 17.70567647  5.86452941]
0.06	 1.25	-0.01	-0.15	306_K	[11.18413333 20.07206667  4.4078    ]
-0.16	 -0.55	0.03	0.22	306_K	[13.52767647 20.80238235  5.21520588]
-0.06	 0.13	-0.03	-0.05	306_K	[14.13464 19.06908  8.21704]
-0.14	 -0.46	-0.03	0.3	306_K	[14.87930189 21.70758491  8.33018868]
0.18	 1.6	0.25	-0.52	307_H	[12.88166667 14.23008333  5.36008333]
0.11	 1.39	0.06	-0.32	307_H	[12.82306667 12.6888      8.18586667]
0.13	 0.97	0.09	-0.33	307_H	[12.86968182 12.31059091 10.40786364]
-0.1	 -0.17	-0.08	0.07	307_H	[14.26896364 12.71758182  6.48330909]
-0.12	 -0.51	-0.05	0.14	307_H	[15.41643182 13.87890909  9.87115909]
-0.14	 -0.52	0.08	0.31	307_H	[16.17883333 13.26005556  8.25538889]
0.14	 1.25	0.39	-0.63	308_L	[ 6.22421739 13.62317391  7.89013043]
0.06	 0.31	-0.06	-0.09	308_L	[ 5.08914286 13.18092857  3.90985714]
0.08	 0.52	-0.0	-0.19	308_L	[ 4.09869697 10.39472727  4.77275758]
-0.12	 -0.24	-0.05	0.12	308_L	[ 3.98852    13.50274667  6.56726667]
0.06	 0.5	-0.03	-0.16	309_Q	[ 6.5243913  14.27634783  2.03804348]
0.06	 0.04	-0.12	-0.07	309_Q	[ 9.683875 15.15775   0.565625]
-0.02	 -0.45	-0.07	0.02	309_Q	[ 8.44742857 13.61257143 -0.54510714]
-0.15	 -0.81	0.05	0.16	309_Q	[ 8.90365 16.5572   1.25265]
-0.13	 -0.98	-0.06	0.18	309_Q	[ 6.05151613 16.4106129   2.66651613]
-0.09	 -0.39	-0.06	0.13	309_Q	[ 7.44354545 18.71572727  1.40127273]
-0.18	 -0.42	-0.0	0.23	309_Q	[ 5.70892105 19.354       2.93126316]
-0.07	 0.04	-0.04	0.04	309_Q	[ 9.00435088 19.47650877  3.11194737]
0.15	 1.08	0.04	-0.28	310_D	[11.041      15.11875     1.90091667]
-0.04	 0.09	-0.05	0.02	310_D	[11.49765217 13.55030435  0.03517391]
0.15	 1.64	0.23	-0.5	310_D	[11.2269 12.0863 -1.0693]
-0.04	 -0.17	-0.02	-0.01	310_D	[13.269      14.14924138  3.16382759]
-0.13	 -0.62	0.04	0.07	310_D	[14.76882353 13.21847059  2.60335294]
-0.11	 -0.14	0.06	0.07	310_D	[14.46465789 12.60952632  0.07360526]
-0.1	 0.13	-0.12	0.05	310_D	[14.77332432 11.51554054  3.55172973]
0.14	 1.58	0.08	-0.33	311_L	[12.76027778 10.06444444  4.814     ]
0.12	 0.59	0.03	-0.26	311_L	[12.03732143  9.34421429  6.87610714]
0.13	 0.62	-0.03	-0.22	311_L	[13.33407692  8.22230769  5.13976923]
0.11	 0.81	0.07	-0.4	312_S	[ 6.24533333 10.85733333 -1.8785    ]
0.03	 0.27	-0.05	-0.06	312_S	[ 5.46894444 11.47502778  1.44588889]
-0.16	 -0.28	1.01	0.34	312_S	[ 4.64635294  9.85978431 -0.28637255]
0.19	 0.68	-0.11	-0.14	313_G	[ 7.093      11.96316667 -1.43616667]
-0.04	 0.01	-0.01	-0.07	313_G	[ 8.67109804 12.02921569 -2.85023529]
0.19	 1.55	0.26	-0.51	313_G	[ 8.74086667 10.6142     -5.16626667]
0.14	 1.79	0.05	-0.26	314_R	[12.59272727  8.54427273 -4.21218182]
0.19	 1.03	0.22	-0.5	314_R	[11.4785  6.018  -2.086 ]
-0.0	 0.3	-0.07	-0.09	314_R	[11.92356  6.17904 -4.02796]
0.04	 0.03	0.01	-0.09	314_R	[13.2511   7.15355 -1.82015]
-0.03	 -0.33	-0.13	-0.03	314_R	[14.212375   10.31566667 -2.99070833]
-0.21	 -1.0	0.1	0.32	314_R	[15.86936842  9.40265789 -1.73173684]
0.04	 -0.05	-0.07	-0.07	314_R	[15.84577778 10.44655556  0.50055556]
-0.04	 0.01	0.03	0.0	314_R	[16.28561538  8.941       1.47323077]
-0.08	 -0.33	0.03	0.07	314_R	[15.40954054  6.75178378  0.42310811]
-0.04	 0.08	-0.11	-0.05	314_R	[15.15263158  9.63636842  3.25742105]
0.17	 0.9	-0.01	-0.15	315_I	[10.66786667  5.01446667 -1.8852    ]
0.18	 1.41	0.19	-0.47	315_I	[ 5.54261364  6.39979545 -1.33640909]
0.11	 0.56	0.05	-0.31	315_I	[10.89258974  3.31802564 -1.68897436]
0.13	 1.19	0.21	-0.47	316_S	[ 5.20422222  6.15633333 -5.09894444]
0.15	 0.16	-0.05	-0.15	316_S	[ 7.303     8.473625 -7.301125]
0.14	 0.55	0.04	-0.26	316_S	[ 6.39758333  7.433      -7.95958333]
-0.15	 -0.64	-0.09	0.19	316_S	[ 5.69951282  9.14717949 -5.81774359]
-0.31	 0.21	-0.04	0.14	316_S	[ 4.95589655  8.24153448 -3.39568966]
0.03	 0.47	-0.09	-0.12	317_R	[ 8.66888462  7.91130769 -8.82396154]
-0.02	 0.0	-0.12	-0.05	317_R	[11.9075    6.504125 -7.7415  ]
-0.12	 -0.33	0.02	0.09	317_R	[10.6437      5.82476667 -9.64233333]
-0.09	 -0.55	-0.02	0.05	317_R	[11.98871875  8.528125   -7.56784375]
-0.1	 -0.49	-0.0	0.15	317_R	[ 9.33829412 10.39126471 -7.90241176]
-0.21	 -1.11	0.1	0.33	317_R	[11.89667442 11.65806977 -8.38376744]
-0.05	 -0.1	0.02	0.07	317_R	[13.25785185 10.60014815 -5.95085185]
-0.18	 -0.93	-0.01	0.23	317_R	[12.91972727 12.97736364 -5.89718182]
-0.19	 -0.82	0.09	0.26	317_R	[10.4573913  13.26843478 -5.464     ]
-0.13	 -0.34	0.04	0.14	317_R	[12.87792105 12.29492105 -3.40544737]
0.14	 1.07	0.03	-0.23	318_A	[11.7865  6.1512 -6.3374]
-0.07	 -0.38	-0.06	0.12	318_A	[11.90056522  3.9433913  -7.67965217]
-0.07	 -0.0	3.39	0.16	318_A	[ 9.77215686  1.74952941 -8.21129412]
-0.09	 -0.58	-0.01	0.07	318_A	[12.144775  3.372925 -5.156275]
0.08	 0.68	-0.08	-0.19	319_R	[ 7.02414286  0.97961905 -7.41161905]
0.16	 1.42	0.0	-0.3	319_R	[  8.33842857   2.90228571 -10.16614286]
-0.18	 -0.46	0.06	0.25	319_R	[ 6.32910526  1.79557895 -9.93776316]
0.14	 0.87	0.06	-0.24	319_R	[ 4.734       2.03409091 -7.20290909]
0.16	 1.84	0.07	-0.33	319_R	[ 5.25325     0.98283333 -6.06775   ]
0.16	 1.02	0.05	-0.35	319_R	[ 4.7373   4.6492  -3.45255]
0.1	 0.73	0.06	-0.27	319_R	[ 3.56645833  4.33395833 -4.47179167]
0.05	 -1.1	-0.0	-0.11	319_R	[ 3.30241667  1.33716667 -6.18466667]
0.08	 0.69	-0.09	-0.18	319_R	[ 3.31836842 -0.21252632 -5.10336842]
-0.15	 -0.49	-0.02	0.19	319_R	[ 1.16348333  1.69371667 -4.94436667]
0.03	 0.08	-0.09	-0.04	320_H	[  5.816        3.64423077 -11.52553846]
-0.15	 -0.44	-0.02	0.17	320_H	[  8.36156818   5.40236364 -11.58252273]
-0.28	 -1.03	0.17	0.42	320_H	[  6.88141026   5.78187179 -13.19023077]
-0.15	 -0.62	0.05	0.17	320_H	[  5.30931429   6.81       -10.62091429]
-0.09	 -0.2	-0.05	0.15	320_H	[  3.296875   6.331875 -10.175125]
-0.18	 -0.61	0.02	0.25	320_H	[  3.36861905   4.00342857 -10.8972381 ]
-0.03	 0.07	-0.03	-0.01	320_H	[ 3.94667442  6.48090698 -7.36004651]
-0.16	 -0.85	0.01	0.23	320_H	[ 2.12825     3.31278846 -8.75088462]
-0.15	 -0.42	0.0	0.24	320_H	[ 2.15872222  5.22988889 -7.12283333]
