-0.22	 -0.87	-0.02	0.37	12_L	[26.51443636 36.25681818 16.92283636]
0.17	 1.53	0.29	-0.54	12_L	[24.38533333 36.28304167 17.69820833]
0.15	 1.36	0.2	-0.49	12_L	[25.6699375 33.41575   17.858    ]
-0.16	 -0.42	-0.11	0.22	12_L	[26.54464 32.90616 18.17282]
0.1	 0.89	-0.0	-0.27	12_L	[26.05588571 32.95674286 15.17662857]
-0.07	 -0.6	-0.08	0.1	12_L	[25.61333333 36.103      13.64453333]
0.06	 0.65	0.02	-0.2	12_L	[26.12688462 34.52980769 12.36642308]
0.04	 0.67	-0.01	-0.11	12_L	[23.17856667 37.09163333 14.29773333]
-0.04	 0.33	-0.03	0.06	13_K	[25.19588889 31.93044444 20.39588889]
0.12	 0.97	-0.08	-0.22	13_K	[21.73041667 31.54508333 20.45608333]
0.17	 0.73	0.06	-0.33	13_K	[20.607875   31.34129167 19.24116667]
-0.06	 0.02	-0.07	-0.02	13_K	[22.89062963 32.15044444 21.73581481]
-0.04	 0.14	-0.03	-0.01	13_K	[25.10875556 34.73646667 20.82688889]
-0.14	 -0.45	-0.11	0.18	13_K	[22.86982759 34.05827586 23.61165517]
-0.19	 -0.99	0.04	0.26	13_K	[25.49484444 36.01775556 23.07124444]
-0.18	 -0.71	0.06	0.28	13_K	[23.4578871  36.76958065 24.78903226]
0.0	 0.2	-0.11	-0.03	14_I	[24.35220833 30.180625   19.71325   ]
-0.05	 -0.3	-0.23	0.03	14_I	[22.72611111 29.58144444 20.97177778]
-0.11	 -0.6	-0.01	0.12	14_I	[23.67394286 26.70008571 20.38371429]
0.21	 0.33	0.02	-0.24	14_I	[24.77853846 28.25530769 18.26346154]
0.05	 0.89	-0.06	-0.21	14_I	[24.80289474 30.52089474 16.75615789]
0.05	 0.74	-0.06	-0.19	14_I	[25.24448611 28.75676389 14.27495833]
0.09	 0.58	-0.03	-0.2	15_D	[20.5428     29.40896667 20.2173    ]
-0.09	 -0.42	-0.05	0.11	15_D	[21.7275     27.35544444 22.50422222]
0.1	 1.85	-0.02	-0.18	15_D	[22.20109091 24.96054545 21.04172727]
-0.18	 -1.04	0.05	0.24	15_D	[19.51252273 28.16206818 22.93245455]
0.07	 0.75	0.07	-0.28	15_D	[18.16238462 28.1275     21.23169231]
-1.59	 -0.21	0.42	0.51	15_D	[17.277125   29.05201563 21.04482812]
-0.0	 -0.09	-0.17	-0.05	16_Q	[20.4847 25.2619 22.9217]
-0.04	 -0.19	-0.1	-0.06	16_Q	[21.67147059 22.81894118 21.14117647]
0.04	 -0.02	-0.1	-0.06	16_Q	[18.18871429 21.95042857 21.39685714]
-0.06	 0.13	-0.03	0.02	16_Q	[19.35872727 21.2915     19.84595455]
-0.13	 -0.69	-0.1	0.14	16_Q	[19.41302857 22.29908571 22.92285714]
-0.19	 -0.94	-0.03	0.22	16_Q	[22.07621951 23.04792683 23.63017073]
-0.12	 -0.63	-0.08	0.14	16_Q	[20.8613  22.13505 25.48515]
-0.28	 -1.09	0.16	0.41	16_Q	[20.001      20.71023684 25.32618421]
-0.28	 -1.12	0.17	0.44	16_Q	[21.82939286 22.92133929 26.75660714]
0.02	 0.51	-0.07	-0.1	17_K	[17.65235294 24.164      22.12576471]
-0.12	 -0.93	0.02	0.1	17_K	[16.37933333 22.30555556 20.32366667]
0.16	 1.14	0.0	-0.22	17_K	[16.336      21.95729412 17.94776471]
-0.1	 -0.59	-0.03	0.12	17_K	[15.45862069 24.74255172 21.71703448]
-0.03	 -0.25	0.01	0.06	17_K	[14.07786364 23.11304545 19.44845455]
-0.11	 -0.44	0.01	0.14	17_K	[13.94890244 26.09285366 20.51326829]
-0.2	 -0.69	-0.1	0.15	17_K	[12.04719512 25.23597561 18.47319512]
-0.2	 -0.97	0.19	0.44	17_K	[10.98568571 26.62851429 19.75917143]
0.23	 1.36	0.13	-0.38	18_I	[16.4538     28.09533333 18.6982    ]
0.07	 0.75	-0.03	-0.23	18_I	[14.8661   27.9849   16.708125]
0.08	 1.35	0.01	-0.33	19_R	[21.52528571 20.34214286 16.894     ]
0.11	 0.84	-0.02	-0.19	19_R	[21.98172 20.84504 15.12396]
0.07	 0.27	-0.1	-0.14	19_R	[22.52076923 23.11053846 19.35826923]
-0.23	 -1.19	0.06	0.3	19_R	[23.46461111 21.15686111 18.22413889]
-0.07	 -0.22	-0.13	0.12	19_R	[24.64607895 22.06557895 15.52997368]
-0.0	 0.22	-0.05	-0.03	19_R	[24.82535 24.0396  18.3871 ]
-0.13	 -0.55	-0.04	0.14	19_R	[26.89175    23.79966667 16.95666667]
0.02	 0.03	-0.06	-0.06	19_R	[26.72797222 24.33891667 14.94880556]
-0.2	 -0.52	0.04	0.27	19_R	[26.54419512 26.26363415 17.36734146]
0.13	 1.25	0.09	-0.35	20_G	[20.74718182 20.96872727 18.37972727]
-0.14	 -0.93	0.03	0.2	20_G	[19.07668889 19.6178     17.60111111]
-0.03	 0.21	-0.02	0.02	20_G	[16.88930769 19.96669231 16.39515385]
-0.02	 -0.03	-0.04	-0.04	20_G	[17.87859259 18.42640741 14.97166667]
0.09	 1.05	0.0	-0.21	21_Q	[15.55291304 20.70530435 13.86813043]
0.14	 2.01	0.18	-0.43	21_Q	[14.66125  21.8915   13.362875]
0.0	 -0.13	-0.02	0.02	21_Q	[14.10792593 21.97948148 15.6262963 ]
0.14	 0.99	0.1	-0.31	21_Q	[13.88878947 26.55063158 14.38773684]
-0.06	 -0.16	-0.03	0.01	21_Q	[12.43962162 24.23391892 16.226     ]
0.13	 1.12	0.03	-0.31	22_M	[22.47604545 22.42577273 12.45863636]
0.24	 1.48	0.29	-0.54	22_M	[23.8016     23.30186667 13.19213333]
0.01	 0.5	-0.06	-0.09	23_P	[20.79315385 19.56253846  8.77388462]
0.17	 1.58	0.08	-0.37	23_P	[19.11975  16.812125 10.290375]
-0.12	 -0.44	-0.0	0.15	23_P	[18.55395455 17.59336364  8.24354545]
-0.2	 -1.08	0.07	0.29	23_P	[21.56935556 17.46871111 10.72833333]
-0.11	 -0.33	-0.01	0.16	23_P	[20.66712821 17.62823077 13.27646154]
-0.02	 -0.02	-0.05	-0.06	23_P	[22.08445 20.36355 12.46545]
0.15	 1.06	-0.04	-0.21	24_E	[16.21675 17.18125  8.80175]
0.15	 0.83	-0.06	-0.21	24_E	[16.32375  18.327875  7.813625]
-0.06	 0.12	-0.12	0.05	24_E	[14.05394286 18.67911429  8.4032    ]
-0.06	 -0.23	-0.05	0.04	24_E	[14.63941935 18.82725806 11.62983871]
-0.11	 -0.23	-0.04	0.06	24_E	[16.37933333 17.20973333 13.41673333]
-0.06	 -0.45	-0.11	0.06	24_E	[16.66097143 15.46697143 11.54374286]
-0.28	 -0.84	0.12	0.4	24_E	[15.46009677 15.28232258  9.93774194]
-0.3	 -1.1	0.21	0.47	24_E	[16.54855  14.233975 12.756525]
0.11	 1.3	0.01	-0.25	25_R	[13.73404167 21.21629167 10.963125  ]
0.02	 0.45	0.04	-0.15	25_R	[11.99533333 22.51963636 11.71339394]
0.14	 1.55	-0.08	-0.21	25_R	[10.44028571 23.57071429 11.29142857]
0.04	 0.34	-0.02	-0.19	25_R	[11.61794444 26.72122222 12.75508333]
-0.19	 -0.61	-0.03	0.29	25_R	[10.44959259 23.57485185 13.52816667]
0.21	 1.67	0.18	-0.45	26_G	[17.50022222 19.63        6.658     ]
-0.09	 -0.33	-0.04	0.05	26_G	[18.46885106 20.84040426  5.15708511]
0.03	 0.77	-0.02	-0.14	26_G	[20.6538125 21.4749375  6.4949375]
-0.02	 0.06	-0.05	0.04	26_G	[20.58507692 22.78292308  4.22815385]
0.17	 1.74	0.06	-0.34	27_W	[22.12171429 21.93785714  7.12014286]
0.06	 0.33	-0.06	-0.15	27_W	[22.39089189 21.60943243  9.27740541]
0.15	 0.87	0.04	-0.29	27_W	[20.50293333 28.8754      4.7382    ]
0.19	 1.1	0.04	-0.3	27_W	[18.7405     29.9005      4.33533333]
0.18	 0.87	-0.09	-0.17	28_T	[24.69045455 22.17372727  8.86254545]
-0.02	 0.31	-0.06	-0.1	28_T	[26.87404878 23.2044878   7.6275122 ]
0.06	 0.21	-0.07	-0.1	28_T	[26.46976471 24.49764706  5.20358824]
-0.19	 -0.94	0.03	0.26	28_T	[24.76722388 21.88895522  5.64750746]
0.19	 0.98	0.14	-0.39	29_E	[26.33613333 27.37786667 11.62586667]
0.22	 1.48	0.32	-0.57	29_E	[28.68818182 27.75636364  9.90690909]
0.2	 1.19	0.07	-0.34	29_E	[26.14145455 28.68959091 10.98495455]
-0.13	 -0.27	-0.22	0.12	29_E	[28.62826667 26.36644444 11.16068889]
-0.08	 -0.33	-0.01	0.02	29_E	[27.86178788 24.88306061 13.24348485]
-0.04	 0.13	0.06	-0.06	29_E	[27.48652381 22.18661905 11.65966667]
-0.19	 -0.57	-0.01	0.27	29_E	[28.474      22.62403922 10.18954902]
-0.1	 0.14	-0.13	0.1	29_E	[25.50775    22.21779545 11.98011364]
0.21	 1.62	0.18	-0.46	30_D	[28.23692857 25.02485714  8.46978571]
0.17	 0.79	0.12	-0.35	30_D	[28.97010526 29.13373684  6.97889474]
-0.02	 0.02	-0.11	-0.04	30_D	[28.53336842 26.75176316  5.24023684]
-0.12	 -0.52	-0.18	0.14	30_D	[30.20345946 26.29372973  6.90691892]
-0.31	 -1.17	0.24	0.5	30_D	[31.3486   25.648125  5.621075]
-0.2	 -0.59	-0.07	0.22	30_D	[30.59487805 27.23914634  8.57753659]
0.1	 0.44	0.05	-0.27	31_D	[24.493      28.78847368  4.24821053]
0.18	 1.3	-0.05	-0.25	31_D	[23.89763636 30.32281818  4.49372727]
0.14	 1.05	0.04	-0.26	31_D	[22.56561111 28.02555556  4.44027778]
0.09	 1.78	0.01	-0.3	31_D	[23.4738     25.50646667  3.58893333]
-0.2	 -0.75	-0.03	0.29	31_D	[24.65368889 26.11968889  3.23904444]
0.01	 -0.74	0.01	-0.09	31_D	[23.06161538 23.96546154  4.10761538]
0.28	 1.42	0.34	-0.58	32_I	[24.69685714 29.51242857 11.55847619]
0.17	 1.2	0.16	-0.43	33_K	[26.49535294 33.79205882  9.80376471]
0.11	 0.79	0.01	-0.25	33_K	[28.29765 33.1862   6.91625]
-0.06	 -0.55	-0.11	-0.05	33_K	[27.30247059 34.99917647  8.16005882]
-0.05	 -0.31	-0.07	0.1	33_K	[28.95747222 31.83466667  8.38919444]
-0.1	 0.16	-0.23	0.02	33_K	[29.02479167 29.65070833 10.608375  ]
-0.11	 -0.25	0.02	0.13	33_K	[28.25    33.25925 11.57905]
-0.01	 0.16	-0.12	-0.04	33_K	[27.31781818 31.14923636 13.5168    ]
-0.28	 -1.06	0.21	0.41	33_K	[29.90608163 30.57114286 13.3185102 ]
0.14	 1.37	0.17	-0.45	34_N	[27.9505     33.5855      4.99571429]
0.16	 1.26	0.45	-0.67	34_N	[26.65071429 34.63028571  3.44257143]
-0.04	 -0.09	-0.06	0.04	34_N	[26.08492308 31.98753846  3.17566667]
-0.01	 0.26	0.05	-0.11	34_N	[28.59366667 30.81133333  4.25347619]
-0.22	 -0.78	0.1	0.33	34_N	[29.56034884 32.21283721  3.82693023]
-0.13	 -0.2	-0.05	0.13	34_N	[28.36858696 29.187       3.85063043]
0.17	 1.45	0.11	-0.39	35_T	[24.1        32.51581818  3.71381818]
0.13	 1.51	0.13	-0.42	35_T	[22.42164286 33.33542857  3.56528571]
0.15	 1.1	0.13	-0.45	35_T	[21.51289189 36.48245946  4.35886486]
-0.09	 -0.24	-0.02	0.05	35_T	[21.61223684 31.20228947  4.04376316]
0.1	 0.51	-0.05	-0.23	35_T	[20.14748 33.52276  3.99412]
0.16	 -0.01	0.02	-0.15	36_V	[24.549      39.48364706  7.77605882]
0.17	 1.29	0.12	-0.37	36_V	[25.53013333 35.43306667  9.73406667]
-0.04	 -0.35	-0.06	0.06	36_V	[24.24522449 37.85369388 10.94057143]
0.12	 0.99	0.04	-0.29	37_S	[26.289  36.6315  8.3355]
-0.07	 -0.25	-0.11	0.09	37_S	[26.77683333 38.58783333  7.479625  ]
0.14	 1.26	0.09	-0.34	37_S	[26.68638889 38.60772222  4.47405556]
-0.24	 -1.0	0.08	0.33	37_S	[26.90815152 40.10033333  4.44154545]
-0.19	 -0.87	0.1	0.23	37_S	[28.76297872 37.17674468  6.26442553]
-0.09	 0.02	-0.13	0.03	37_S	[28.11740476 35.37545238  4.28207143]
-0.05	 0.01	-0.14	0.01	38_N	[25.64829412 38.88694118  2.02458824]
0.12	 1.1	0.16	-0.36	38_N	[23.336      40.07916667  3.17255556]
-0.27	 -0.81	0.01	0.38	38_N	[23.26117143 40.67648571  2.10857143]
-0.12	 -0.61	-0.22	0.27	38_N	[22.60189189 37.73378378  2.36240541]
-0.2	 -0.79	-0.05	0.22	38_N	[24.1997 36.3107  0.4835]
-0.17	 -0.73	0.07	0.27	38_N	[26.24868182 36.18934091  1.30688636]
-0.13	 -0.21	-0.05	0.13	38_N	[23.55348 34.34284  2.12008]
-0.11	 -0.5	0.04	0.03	39_G	[23.41442222 41.85042222  5.18551111]
0.6	 0.63	-0.33	0.17	39_G	[21.0691875 41.8136875  4.037375 ]
0.18	 1.64	0.16	-0.43	39_G	[20.591      38.604       4.32915789]
-0.01	 -0.32	-0.1	-0.03	40_A	[21.52492 42.76328  6.4442 ]
0.22	 1.24	0.0	-0.28	40_A	[17.18577778 43.34488889  5.59422222]
-0.19	 -0.69	0.14	0.13	40_A	[18.86391892 43.22116216  3.93294595]
-0.15	 -0.56	-0.02	0.15	40_A	[19.05325    43.74903846  7.91113462]
-0.08	 0.66	-0.09	0.09	41_T	[16.3545 42.4385  3.194 ]
0.13	 0.92	-0.04	-0.26	41_T	[15.52528571 43.25295238  4.37990476]
0.01	 -0.03	-0.07	-0.03	41_T	[14.10929412 41.86470588  2.75347059]
0.06	 0.1	-0.06	-0.03	41_T	[15.64329412 40.00664706  2.24282353]
-0.1	 -0.28	-0.04	0.16	41_T	[18.66234848 39.61327273  2.22160606]
0.22	 1.52	0.27	-0.52	42_G	[15.75345 43.35115  8.5321 ]
0.02	 0.47	-0.03	-0.07	43_T	[11.72441176 44.26635294 11.88958824]
0.07	 0.47	-0.03	-0.16	43_T	[10.03091667 45.0285     10.51529167]
-0.08	 -0.19	-0.02	0.07	43_T	[14.08133333 45.33209804 10.40119608]
0.11	 0.54	0.0	-0.23	44_S	[10.80778947 43.30505263 14.10047368]
0.11	 0.92	0.01	-0.25	44_S	[ 9.486175 37.42025  13.15975 ]
0.14	 1.4	0.27	-0.53	45_F	[ 9.969      38.78188235 17.35011765]
-0.09	 -0.06	-0.13	0.08	45_F	[ 9.1512  38.03954 16.57426]
0.1	 0.57	-0.1	-0.13	45_F	[ 7.347375  40.5725625 16.7774375]
0.1	 0.64	-0.13	-0.12	45_F	[ 7.19172727 42.77645455 17.43381818]
0.0	 -0.5	-0.06	-0.05	45_F	[ 7.14464286 41.31360714 18.58978571]
-0.01	 0.25	-0.0	-0.15	45_F	[ 9.16661111 44.32238889 17.42811111]
-0.02	 0.24	0.08	-0.1	45_F	[ 7.27346154 42.57611538 21.21426923]
-0.11	 -0.45	0.06	0.07	45_F	[ 9.55044737 45.23594737 19.54615789]
-0.16	 -0.9	-0.01	0.24	45_F	[ 8.60516 44.58944 21.20092]
-0.02	 0.21	-0.19	-0.02	46_D	[10.26376923 37.12953846 18.35438462]
0.06	 0.72	0.04	-0.38	46_D	[12.40572727 37.16286364 17.98168182]
0.12	 2.68	0.01	-0.29	46_D	[11.836625 36.01875  18.940875]
0.1	 0.63	0.05	-0.22	46_D	[10.55603846 35.47153846 20.10661538]
0.04	 0.24	-0.06	-0.15	47_K	[ 8.461625 37.348    19.541625]
-0.12	 -0.43	-0.0	0.11	47_K	[ 6.756625 35.811375 20.8805  ]
-0.08	 -0.45	-0.01	0.02	47_K	[ 6.4593871  39.36016129 19.85990323]
0.01	 0.32	0.11	-0.14	47_K	[ 5.67126087 39.70667391 22.97391304]
-0.09	 -0.55	0.02	0.05	47_K	[ 4.39165 37.29775 21.65155]
-0.16	 -0.56	-0.04	0.22	47_K	[ 3.60314894 38.74634043 24.05831915]
-0.2	 -0.92	0.13	0.33	47_K	[ 2.61355814 36.31265116 23.61995349]
0.16	 1.29	0.07	-0.3	48_R	[ 6.29470588 34.84482353 23.34858824]
0.12	 1.49	0.07	-0.27	48_R	[ 6.93521053 37.34289474 25.212     ]
0.07	 0.67	-0.11	-0.19	48_R	[ 8.22889474 37.52168421 26.78994737]
-0.03	 -0.01	-0.06	0.03	48_R	[ 8.34158824 33.30344118 21.77355882]
-0.08	 -0.17	0.06	0.08	48_R	[10.13887097 31.90512903 21.97412903]
0.12	 0.45	-0.09	-0.19	48_R	[11.94533333 33.71691667 20.34491667]
0.02	 0.58	-0.03	-0.28	48_R	[13.22180769 32.53976923 20.45026923]
-0.17	 -0.64	-0.07	0.29	48_R	[13.22756522 31.27178261 22.76797826]
0.08	 0.46	-0.04	-0.18	48_R	[15.06224138 33.07624138 21.61396552]
0.17	 1.3	0.1	-0.35	49_S	[ 5.45677778 34.38744444 24.78533333]
0.07	 0.29	-0.04	-0.1	49_S	[ 5.83364706 36.851      26.70741176]
0.0	 0.28	-0.11	-0.05	49_S	[ 4.07843478 34.17069565 27.45213043]
-0.17	 -0.59	-0.0	0.17	49_S	[ 3.19948571 35.723      26.31677143]
0.02	 0.45	-0.04	-0.04	50_P	[ 7.19966667 34.10379167 32.88854167]
-0.16	 -0.7	0.04	0.18	50_P	[ 7.46881818 36.93756818 31.56920455]
-0.1	 0.03	0.01	0.11	50_P	[ 6.35465625 36.9985     29.42928125]
0.13	 1.42	-0.12	-0.2	51_K	[ 5.68344444 29.35444444 27.71755556]
-0.11	 -0.56	-0.07	0.09	51_K	[ 6.87639394 28.05775758 28.95042424]
-0.05	 -0.27	0.03	0.03	51_K	[ 4.73225  30.001725 29.26275 ]
-0.18	 -0.86	0.08	0.26	51_K	[ 4.09069048 29.63630952 32.17804762]
-0.11	 -0.55	0.07	0.18	51_K	[ 4.70111111 31.98686111 33.11077778]
-0.18	 -0.95	0.08	0.23	51_K	[ 2.577      32.51654286 30.78577143]
-0.14	 -0.52	0.02	0.18	51_K	[ 3.7098     34.81706667 31.3283    ]
0.1	 0.71	-0.18	-0.06	52_K	[ 7.65233333 28.53966667 26.20616667]
0.15	 1.56	0.19	-0.42	52_K	[ 8.671      28.22771429 27.04457143]
-0.13	 -0.46	-0.01	0.15	52_K	[10.14918421 29.04381579 25.30923684]
0.14	 0.88	-0.09	-0.18	52_K	[ 8.3584 30.426  23.9682]
0.08	 0.34	-0.15	-0.11	52_K	[ 5.583575 31.857225 25.142025]
-0.15	 -0.6	-0.09	0.16	52_K	[ 6.396425 29.50375  24.2942  ]
-0.26	 -1.14	-0.0	0.36	52_K	[ 3.97357778 30.58295556 23.85204444]
-0.29	 -1.27	0.21	0.47	52_K	[ 3.86161111 28.1562037  23.0105    ]
0.11	 -0.66	-0.09	-0.07	53_T	[12.35233333 29.17458333 27.407     ]
0.09	 -0.16	-0.16	-0.14	53_T	[13.53316667 29.448      28.79583333]
0.11	 0.75	0.04	-0.27	53_T	[13.6915 30.8576 30.2748]
0.0	 0.43	-0.09	-0.05	53_T	[13.55072727 31.99027273 28.16727273]
0.14	 1.02	0.02	-0.24	53_T	[12.71657895 31.16       25.71647368]
0.11	 1.53	0.01	-0.27	54_P	[13.92857143 27.02057143 30.60392857]
-0.17	 -0.67	0.06	0.27	54_P	[14.06493103 27.30537931 28.97141379]
-0.1	 -0.18	-0.08	0.05	54_P	[11.09044118 25.61511765 31.77641176]
-0.2	 -1.03	0.12	0.28	54_P	[10.4386     25.50584444 29.3524    ]
-0.02	 -0.36	-0.11	-0.0	54_P	[10.47320833 27.219125   27.783125  ]
0.1	 1.14	0.14	-0.46	55_P	[12.1461 26.3382 33.597 ]
0.14	 1.36	0.16	-0.43	55_P	[15.44163636 28.52409091 35.00354545]
-0.11	 -0.42	0.08	0.14	55_P	[13.74232143 29.25125    35.90625   ]
-0.18	 -0.87	0.0	0.26	55_P	[14.16241667 25.98547917 34.66591667]
-0.16	 -0.6	0.05	0.26	55_P	[16.97145455 26.64334091 33.62704545]
-0.16	 -0.63	-0.01	0.18	55_P	[15.88284444 26.61784444 31.11173333]
0.19	 1.46	0.3	-0.55	56_D	[15.1474375 29.7483125 31.7750625]
-0.03	 0.04	-0.07	0.05	56_D	[14.749      31.67818182 35.33845455]
-0.07	 -0.16	0.06	0.06	56_D	[13.20745161 33.26396774 35.12580645]
0.07	 0.79	-0.06	-0.14	56_D	[15.47084444 32.65317778 32.39171111]
-0.08	 0.06	-0.15	0.07	56_D	[17.87273684 31.65336842 33.44194737]
-0.2	 -0.58	0.02	0.29	56_D	[17.3601087  30.49354348 34.98847826]
-0.24	 -0.75	0.03	0.34	56_D	[17.82574468 30.62485106 31.87193617]
-0.02	 -0.06	0.06	-0.06	57_Y	[10.63633333 35.42381481 33.296     ]
-0.04	 -0.35	-0.01	0.0	57_Y	[ 9.458      32.82130769 34.22784615]
-0.1	 -0.05	-0.09	0.12	57_Y	[ 8.6595 31.04   34.5385]
0.01	 0.27	-0.07	-0.32	57_Y	[ 7.68785 30.63625 33.2605 ]
-0.07	 -0.35	0.07	0.04	57_Y	[10.12606061 30.3719697  35.74172727]
-0.01	 -0.16	-0.09	-0.08	57_Y	[ 7.6393 28.3544 32.2127]
-0.14	 -0.74	-0.01	0.18	57_Y	[10.21965714 27.90274286 35.86111429]
-0.11	 -0.16	0.02	-0.02	57_Y	[ 8.18475    28.42083333 34.66575   ]
-0.24	 -0.83	0.14	0.3	57_Y	[ 9.22743902 26.02304878 34.00760976]
0.18	 1.53	0.21	-0.46	58_L	[13.39085714 33.57752381 30.54690476]
0.03	 0.44	-0.09	-0.09	58_L	[12.11027273 37.13990909 32.189     ]
-0.16	 -0.35	0.06	0.16	58_L	[10.9989375  38.00878125 30.2490625 ]
0.07	 0.36	0.01	-0.14	58_L	[14.32485294 36.24411765 30.39211765]
0.13	 1.67	-0.05	-0.24	58_L	[15.376  34.2836 31.301 ]
-0.23	 -0.95	-0.01	0.35	58_L	[16.92435821 36.09889552 31.45031343]
-0.15	 -0.79	0.02	0.23	58_L	[14.57533333 36.76762319 33.95807246]
0.15	 1.38	0.07	-0.35	59_G	[ 9.61166667 37.38161905 28.29290476]
0.14	 2.08	0.09	-0.35	59_G	[11.26918182 38.67945455 27.49781818]
0.11	 0.45	-0.13	-0.12	59_G	[13.70711111 37.78711111 27.64203704]
0.16	 1.12	0.04	-0.27	60_R	[12.36423529 39.44535294 26.20388235]
0.16	 1.04	0.31	-0.58	60_R	[ 7.85861538 38.62069231 24.64723077]
0.06	 -0.1	-0.02	-0.13	60_R	[16.7006087  36.044      26.08321739]
0.05	 0.63	-0.16	-0.11	60_R	[14.9692   34.995975 28.045375]
-0.15	 -0.34	0.04	0.12	60_R	[16.15928261 33.1118913  25.749     ]
0.12	 0.33	-0.0	-0.19	61_N	[12.168375  41.1363125 25.2850625]
0.1	 1.74	0.18	-0.45	61_N	[12.054875 42.56275  24.695625]
-0.07	 0.08	-0.04	0.02	61_N	[11.53135417 44.21122917 23.2939375 ]
-0.15	 -0.71	0.06	0.1	61_N	[ 9.4724375  43.21165625 24.8623125 ]
-0.2	 -0.79	-0.02	0.24	61_N	[ 7.96945455 42.64236364 26.63109091]
-0.1	 -0.13	-0.04	0.09	61_N	[ 6.93978 41.11256 24.89012]
-0.14	 -0.44	0.01	0.15	61_N	[ 9.01383019 40.49788679 27.26849057]
0.04	 0.29	-0.02	-0.11	62_D	[14.458      43.02557143 23.88880952]
0.15	 1.54	0.31	-0.56	63_P	[11.767    44.078375 16.489875]
-0.12	 -0.5	-0.09	0.09	63_P	[13.78072093 45.26351163 16.35369767]
-0.19	 -0.72	0.1	0.24	63_P	[13.29077083 46.583375   18.67710417]
-0.05	 0.05	-0.03	0.04	63_P	[14.27634286 45.015      20.60342857]
0.15	 0.83	0.07	-0.32	64_A	[14.00639286 43.34125    13.42864286]
0.17	 1.32	0.28	-0.49	64_A	[12.82274074 38.10355556 16.08544444]
0.18	 1.48	0.2	-0.47	65_T	[18.87295238 41.00166667 13.0667619 ]
-0.04	 -0.04	-0.13	0.05	65_T	[17.49939474 43.4795     12.38457895]
0.05	 0.34	-0.03	-0.15	65_T	[17.99080952 42.94609524 10.31171429]
0.07	 0.44	-0.02	-0.12	67_Y	[22.34096296 40.82966667  9.16477778]
0.17	 1.54	0.2	-0.46	67_Y	[21.4271875 38.3371875 12.1553125]
0.1	 2.05	0.03	-0.32	67_Y	[22.0394 39.0358 11.5964]
-0.22	 -0.2	0.03	0.18	67_Y	[21.03692453 41.01788679 11.80124528]
0.16	 0.88	-0.32	-0.01	68_G	[19.73204762 36.77019048  4.19566667]
-0.02	 -0.43	-0.0	-0.01	68_G	[18.55715385 34.77788462  2.76223077]
0.02	 0.16	-0.08	-0.07	68_G	[17.61384615 35.63953846  1.63461538]
-0.01	 0.45	-0.08	-0.11	68_G	[15.99485185 37.32566667  1.79059259]
0.15	 2.01	0.09	-0.32	69_S	[14.19144444 36.42288889  1.14611111]
-0.17	 -0.66	0.02	0.21	69_S	[15.0592093  34.95953488 -0.66827907]
-0.1	 -0.41	-0.1	0.14	69_S	[16.242      32.60347727 -0.05240909]
0.02	 0.12	-0.14	-0.07	70_P	[10.2348 31.1154  0.8595]
-0.06	 -0.03	-0.06	0.01	70_P	[12.58823077 30.86325641 -0.08348718]
-0.15	 -0.49	0.07	0.13	70_P	[ 9.31640541 33.00475676  0.44356757]
-0.12	 -0.6	-0.02	0.15	70_P	[ 9.88139024 36.10319512  0.17143902]
-0.11	 -0.35	0.05	0.06	70_P	[12.38490323 35.73067742 -0.19403226]
0.2	 1.42	0.13	-0.35	71_G	[ 9.5546 30.7889  2.3593]
-0.09	 -0.32	-0.19	0.09	71_G	[10.62864286 28.51260714  2.04525   ]
0.16	 1.67	0.1	-0.37	71_G	[12.7532 27.9454  1.7666]
0.2	 0.91	0.16	-0.38	71_G	[12.52953846 26.86746154  2.79380769]
0.11	 1.3	0.08	-0.28	72_K	[17.64815385 31.83373077  3.10723077]
0.07	 0.39	0.0	-0.13	72_K	[17.43277273 29.85004545  1.78768182]
-0.1	 -0.43	-0.01	0.12	72_K	[16.55783721 29.17376744 -0.37569767]
-0.19	 -1.04	0.06	0.27	72_K	[16.60471111 26.47686667 -1.03388889]
-0.15	 -0.34	0.04	0.19	72_K	[13.99093939 26.93643939 -0.63586364]
0.16	 1.48	0.19	-0.44	73_Y	[ 8.4108  30.9286   9.05815]
0.09	 1.42	0.26	-0.52	75_V	[12.544 34.444 13.564]
0.08	 0.24	-0.02	-0.19	75_V	[12.273125   36.54366667 14.19933333]
0.14	 1.36	-0.02	-0.23	75_V	[11.52675862 35.05768966 12.13427586]
0.24	 1.5	0.22	-0.48	76_V	[19.33425   39.1430625 14.023875 ]
0.0	 0.42	-0.1	-0.1	76_V	[20.7865     38.54476471 15.16411765]
0.19	 1.0	0.02	-0.27	77_N	[20.4015625 40.0606875 17.77025  ]
0.06	 0.14	-0.01	-0.07	78_D	[19.53572727 41.61645455 16.57740909]
0.07	 0.67	0.04	-0.26	78_D	[19.51615385 43.00415385 18.85030769]
-0.3	 -0.54	-0.0	0.28	78_D	[21.05772727 42.73470455 18.79343182]
-0.04	 -0.06	-0.06	0.02	78_D	[17.568125   44.62671875 17.83446875]
-0.11	 -0.71	-0.02	0.15	78_D	[18.763      44.07766667 15.30483333]
-1.57	 0.63	-0.01	0.03	78_D	[18.69361538 41.60580769 14.52338462]
-0.09	 -0.46	0.03	0.12	78_D	[16.47913158 44.91284211 15.11702632]
0.19	 1.47	0.17	-0.42	79_R	[17.444      43.40892308 20.05146154]
-0.06	 -0.43	-0.08	0.09	79_R	[19.7638125 43.8091875 21.1074375]
0.18	 1.34	0.41	-0.62	79_R	[21.477125 41.089875 20.492125]
-0.19	 -0.46	0.02	0.23	79_R	[21.94144444 41.69930556 22.36047222]
-0.09	 -0.72	-0.09	0.03	79_R	[17.49047826 43.78221739 21.9806087 ]
-0.12	 -0.44	0.08	0.09	79_R	[19.83375862 42.93975862 24.35275862]
-0.21	 -0.98	0.1	0.28	79_R	[17.71521053 44.04421053 25.25521053]
0.11	 0.68	-0.18	0.03	79_R	[15.71916667 42.722      25.75566667]
-0.07	 -0.32	0.01	0.07	79_R	[16.1423125 41.7984375 26.8321875]
-0.19	 -0.96	0.05	0.28	79_R	[18.4256  40.70714 27.13934]
0.03	 0.09	0.0	-0.11	79_R	[15.37047619 39.45919048 26.26738095]
0.06	 0.05	-0.09	-0.12	80_T	[21.43735 39.30995 23.63385]
-0.0	 -0.03	-0.17	-0.03	80_T	[22.6735     39.23333333 21.3615    ]
0.04	 0.19	0.05	-0.21	80_T	[23.32676471 37.87958824 21.75447059]
0.14	 0.81	-0.05	-0.21	80_T	[20.582875  36.92375   24.0146875]
-0.01	 0.25	-0.0	-0.08	80_T	[18.99488235 38.21461765 25.10776471]
0.1	 1.18	0.05	-0.31	81_G	[21.74838462 40.00515385 19.98930769]
-0.07	 -0.19	-0.05	0.03	81_G	[22.88780488 38.09290244 18.46556098]
0.06	 1.1	-0.17	-0.09	82_E	[17.97063889 33.01880556 20.44752778]
-0.03	 -0.05	-0.09	0.07	82_E	[20.02062069 32.8927931  22.23868966]
0.11	 0.37	0.26	-0.13	82_E	[18.41875862 34.10589655 23.39696552]
-0.18	 -0.54	-0.05	0.2	82_E	[18.722925 33.785575 24.71045 ]
0.2	 1.42	0.4	-0.63	83_V	[19.414      32.11409091 18.941     ]
0.12	 0.8	0.04	-0.3	83_V	[17.48286207 30.98501724 18.70139655]
0.08	 0.38	-0.36	-0.01	84_T	[14.59220833 32.10170833 18.843875  ]
0.14	 1.46	0.19	-0.45	84_T	[14.859125 30.482375 17.5045  ]
-0.17	 -0.51	0.08	0.33	84_T	[12.69955814 30.7912093  16.88762791]
-0.01	 0.26	-0.07	-0.09	84_T	[12.75544828 34.17017241 18.03196552]
0.08	 0.36	0.07	-0.28	84_T	[13.1696129  35.45625806 16.14509677]
0.17	 1.26	0.36	-0.6	84_T	[15.726625  33.5228125 19.4394375]
0.15	 1.18	-0.05	-0.19	85_Q	[13.376      29.09070588 14.51817647]
0.1	 0.59	0.02	-0.28	85_Q	[11.85293939 32.47042424 14.48457576]
0.03	 0.82	-0.04	-0.1	85_Q	[11.00214286 29.27296429 13.23210714]
0.09	 1.37	-0.01	-0.25	85_Q	[ 9.65862857 31.83       12.071     ]
0.13	 2.14	0.09	-0.35	85_Q	[ 8.94878571 30.909      10.669     ]
-0.21	 -0.58	-0.12	0.25	85_Q	[ 9.19479167 31.82402083 13.82825   ]
0.18	 1.4	0.41	-0.64	86_I	[13.69985714 28.05242857 13.29871429]
0.19	 1.37	0.35	-0.58	88_D	[10.804  23.1365  9.3055]
-0.11	 -0.2	-0.05	0.08	88_D	[10.71425455 21.03003636  8.03836364]
0.19	 1.34	0.09	-0.36	89_K	[13.20934783 25.07134783  2.60678261]
0.13	 1.37	0.17	-0.39	89_K	[14.47390476 22.67085714  2.86952381]
-0.15	 -0.13	-0.19	0.15	89_K	[13.61036 23.45108  1.13542]
0.07	 0.17	-0.04	-0.09	89_K	[16.39945833 23.914875    2.356625  ]
0.09	 0.5	-0.09	-0.17	89_K	[18.08512121 26.90154545  2.44478788]
0.04	 0.37	-0.01	-0.12	89_K	[18.43658333 24.23008333  3.03816667]
-0.1	 -0.47	-0.02	0.13	89_K	[20.60356818 26.16088636  2.92481818]
-0.04	 0.11	-0.12	0.03	90_T	[14.07675 20.41295  2.02545]
0.15	 1.03	0.02	-0.26	90_T	[11.35972222 20.57727778  2.61083333]
-0.25	 -0.7	-0.06	0.25	90_T	[11.02496875 19.203875    1.93584375]
-0.22	 -0.94	0.05	0.29	90_T	[13.51084211 18.22389474  3.52084211]
-0.07	 -0.36	-0.03	0.08	90_T	[12.06685185 18.94759259  5.65281481]
-0.09	 -0.31	0.02	0.08	90_T	[15.72639216 19.15572549  4.7592549 ]
0.06	 1.12	-0.02	-0.2	91_D	[ 8.975      20.45415789  3.11736842]
0.13	 1.55	0.21	-0.48	91_D	[11.0232 23.7482  1.2775]
0.06	 0.62	-0.04	-0.18	91_D	[10.25497143 25.14637143  2.15171429]
0.02	 0.03	-0.04	-0.07	91_D	[ 8.95482759 21.40793103  5.45513793]
-0.18	 -0.72	-0.01	0.24	91_D	[ 6.82378571 21.22314286  4.51085714]
-0.07	 -0.39	-0.02	0.08	91_D	[ 6.14689286 21.92525     2.54153571]
-0.12	 -0.51	-0.04	0.17	91_D	[ 6.30838636 23.25181818  5.68388636]
0.18	 1.42	0.18	-0.45	92_P	[10.75   22.6434  0.4598]
-0.15	 -0.43	-0.1	0.18	92_P	[10.03075 24.45385 -0.5053 ]
0.07	 0.79	0.04	-0.23	92_P	[ 7.575      25.14877778  0.26327778]
-0.27	 -0.83	0.1	0.37	92_P	[ 7.33697297 26.24840541 -0.76664865]
-0.23	 -1.05	0.08	0.33	92_P	[ 9.05522727 23.17752273 -2.44615909]
-0.19	 -0.91	0.1	0.27	92_P	[ 7.51984783 21.20441304 -1.38041304]
-0.12	 -0.54	0.01	0.08	92_P	[ 9.30282353 20.73661765  0.21976471]
0.07	 0.75	-0.13	-0.18	93_G	[ 6.03875  22.903     0.493375]
-0.21	 -1.05	0.02	0.26	93_G	[ 4.72947619 24.81683333  0.61078571]
0.11	 0.29	-0.04	-0.18	93_G	[ 5.27935294 25.52835294  2.22835294]
-0.11	 -0.48	-0.02	0.1	93_G	[ 3.96352778 26.03183333  3.24008333]
0.14	 1.26	0.12	-0.39	94_W	[ 7.660625 26.687     2.002125]
0.2	 0.87	0.02	-0.26	94_W	[ 5.98641667 25.83108333  5.46883333]
-0.07	 0.26	-0.02	0.01	94_W	[ 6.64607317 29.01292683  2.58331707]
0.14	 2.24	0.15	-0.4	94_W	[ 8.79629412 26.89247059  2.85864706]
0.14	 0.79	0.04	-0.26	94_W	[ 6.96958333 27.33266667  7.42066667]
0.2	 1.53	0.3	-0.54	94_W	[ 8.13588889 29.76722222  8.38533333]
0.09	 0.93	0.07	-0.32	94_W	[ 7.54983333 28.24808333  8.50141667]
0.05	 0.54	0.0	-0.19	94_W	[ 7.70581818 24.53263636  7.3059697 ]
-0.04	 0.21	-0.1	-0.03	94_W	[ 8.66119444 28.29847222 10.17316667]
-0.11	 -0.33	0.02	0.06	94_W	[ 8.2234186  24.4204186   9.30830233]
-0.13	 -0.64	-0.01	0.23	94_W	[ 8.33530769 26.0215     10.94884615]
0.07	 0.22	-0.01	-0.09	95_V	[ 5.45371429 27.51121429  6.23292857]
0.1	 0.79	-0.06	-0.11	95_V	[ 4.41863636 30.27972727  3.55763636]
-0.06	 0.26	-0.05	-0.04	95_V	[ 5.75227907 30.07055814  7.98053488]
-0.08	 -0.31	-0.05	0.12	95_V	[ 3.19488235 28.85917647  6.64741176]
-0.24	 -1.31	0.11	0.35	95_V	[ 2.18030769 31.43332692  5.44978846]
-0.2	 -0.91	0.05	0.28	95_V	[ 2.09009091 28.18990909  4.15259091]
0.1	 0.49	0.04	-0.2	96_D	[ 5.339875  32.0000625  4.4703125]
0.1	 1.61	0.19	-0.47	96_D	[ 4.9718 32.102   8.615 ]
-0.08	 -0.45	-0.13	0.0	96_D	[ 3.96824324 33.36864865  7.40421622]
0.04	 0.04	-0.01	-0.07	96_D	[ 6.67823077 34.6435      5.30161538]
0.02	 0.03	-0.16	-0.03	96_D	[ 7.48213333 32.16973333  3.18966667]
0.18	 1.5	0.13	-0.39	96_D	[ 8.67041667 31.22983333  3.06341667]
0.04	 -0.24	0.0	-0.05	96_D	[ 7.96986667 34.50246667  2.68653333]
0.15	 1.5	0.11	-0.36	97_D	[ 7.037      31.7775      9.19166667]
-0.06	 -0.12	-0.09	0.07	97_D	[ 5.21304348 32.63747826 10.14713043]
0.16	 0.68	0.02	-0.22	97_D	[ 5.82947619 36.21961905  7.56042857]
0.13	 1.13	0.09	-0.33	97_D	[ 8.07915152 33.0519697  11.12142424]
-0.02	 -0.01	-0.1	-0.05	97_D	[ 7.00194286 34.54862857 12.52714286]
-0.05	 0.17	-0.06	0.0	97_D	[ 4.96235 35.294   12.85595]
-0.27	 -0.79	0.11	0.3	97_D	[ 7.16457143 33.48832143 13.61282143]
0.01	 -0.04	-0.05	-0.07	98_S	[ 3.439625 34.278375 10.544375]
-0.17	 -0.47	-0.1	0.14	98_S	[ 3.12557143 36.148       8.14885714]
0.12	 1.34	0.11	-0.35	98_S	[ 3.72841176 37.93952941  9.63835294]
-0.24	 -0.68	-0.04	0.27	98_S	[ 3.39494286 39.12354286  9.09002857]
-0.24	 -1.31	0.14	0.39	98_S	[ 1.16235556 36.07762222  9.82411111]
-0.25	 -0.96	0.13	0.37	98_S	[ 1.96988571 36.11954286 12.19317143]
0.03	 0.21	-0.14	-0.06	99_R	[ 4.05455556 39.33372222 11.61288889]
0.18	 1.49	0.09	-0.36	99_R	[ 5.37266667 40.56022222 10.19044444]
0.16	 1.25	0.15	-0.4	99_R	[ 5.836      41.39823077 10.88715385]
-0.08	 0.01	-0.08	0.05	99_R	[ 5.79136667 37.53123333 13.7187    ]
0.01	 0.16	-0.07	0.0	99_R	[ 6.44145455 39.28681818 15.35136364]
-0.11	 -0.66	0.02	0.14	99_R	[ 4.64720833 40.85710417 13.7465    ]
-0.13	 -0.58	-0.06	0.18	99_R	[ 5.57407692 42.237      15.66034615]
-0.02	 0.37	-0.11	-0.05	99_R	[ 5.39225    43.55908333 13.39325   ]
0.11	 0.68	0.03	-0.27	99_R	[ 8.38945833 43.67141667 12.32620833]
-0.15	 -0.57	-0.04	0.23	99_R	[ 7.12334615 44.53619231 14.797     ]
-0.02	 0.26	0.01	-0.06	100_I	[ 6.29685106 39.55004255  6.92031915]
0.2	 1.65	0.12	-0.39	100_I	[ 7.92631818 37.14404545  6.63359091]
0.2	 1.39	0.22	-0.47	100_I	[ 9.67626087 35.95247826 10.87491304]
-0.0	 0.31	-0.07	-0.08	101_Q	[ 7.31155 42.36405  5.8969 ]
0.03	 0.79	0.02	-0.09	101_Q	[ 8.10092308 44.43615385  6.521     ]
-0.13	 -0.34	-0.06	0.08	101_Q	[ 5.70591667 42.60891667  8.55429167]
-0.01	 0.09	-0.03	-0.02	101_Q	[ 6.6859  44.90545  9.7372 ]
-0.15	 -0.37	-0.02	0.18	101_Q	[ 5.52710417 44.59291667 10.949125  ]
-0.18	 -0.67	0.07	0.22	101_Q	[ 7.04057778 46.34093333  8.52402222]
0.1	 -0.33	0.11	-0.18	102_W	[ 8.20161538 41.692       4.45753846]
0.0	 0.08	-0.12	-0.1	102_W	[10.781875 43.21275   1.877875]
-0.1	 -0.26	0.07	0.09	102_W	[ 9.42659574 44.53208511  3.77042553]
-0.17	 -0.61	0.03	0.18	102_W	[10.10313333 41.36306667  1.8159    ]
0.03	 1.26	-0.04	-0.08	102_W	[10.3253 38.847   1.4498]
-0.18	 -0.64	-0.04	0.26	102_W	[ 8.02852632 39.23360526  2.80542105]
0.09	 0.93	0.03	-0.28	102_W	[11.33306667 38.31946667  1.60693333]
0.08	 0.36	-0.01	-0.13	102_W	[ 8.22853333 37.1457      4.01026667]
0.09	 0.01	-0.01	-0.13	102_W	[13.14740909 38.95572727  2.22381818]
0.14	 2.12	0.11	-0.38	102_W	[13.7816 37.4994  2.2232]
0.17	 0.91	-0.11	-0.14	103_G	[12.5338 42.8169  2.2208]
-0.17	 -0.8	0.03	0.21	103_G	[12.64167442 45.01053488  2.08839535]
-0.22	 -0.98	-0.03	0.2	103_G	[12.49825  47.2085    3.179125]
-0.21	 -0.82	0.08	0.31	103_G	[14.72760526 46.39531579  3.45363158]
0.05	 0.03	-0.03	-0.11	104_N	[11.2603 46.6812  4.2351]
-0.1	 -0.59	-0.06	0.14	104_N	[13.2578 48.3178  5.3189]
-0.13	 -0.73	-0.0	0.2	104_N	[14.69681579 47.16868421  7.41318421]
0.06	 0.84	0.03	-0.23	104_N	[15.30464286 44.71925     6.44639286]
-0.17	 -1.19	0.08	0.19	104_N	[11.30374 48.27624  6.84068]
0.12	 0.89	-0.04	-0.17	104_N	[10.26340909 46.49368182  7.171     ]
-0.21	 -0.57	0.0	0.24	104_N	[ 9.86888462 47.33446154  9.17053846]
