-0.11	 -0.16	-0.07	0.13	67_Q	[-23.04975     -8.42988636 -24.064     ]
0.09	 1.35	0.06	-0.32	67_Q	[-22.06277778  -6.21244444 -24.26533333]
0.15	 2.75	-0.01	-0.23	67_Q	[-26.29122222  -6.499      -25.98611111]
-0.02	 -0.09	0.0	-0.03	67_Q	[-26.13168571  -4.6124     -24.59254286]
0.06	 0.79	-0.08	-0.12	67_Q	[-22.871   -7.1686 -26.2975]
0.06	 0.91	-0.09	-0.12	67_Q	[-23.91016667  -4.45891667 -26.52616667]
-0.14	 -0.26	-0.02	0.14	67_Q	[-23.43280952  -5.07066667 -28.59585714]
-0.32	 -1.01	0.18	0.42	67_Q	[-23.15748387  -6.514      -29.34067742]
-0.12	 -0.33	0.0	0.19	67_Q	[-22.96410714  -3.21410714 -28.82310714]
0.2	 1.29	0.14	-0.38	67_Q	[-22.82        -4.82313333 -24.18776667]
-0.16	 -0.44	-0.01	0.15	67_Q	[-22.09152  -6.90084 -26.61556]
-0.23	 -0.21	-0.16	0.32	67_Q	[-25.14110526  -7.42378947 -26.83815789]
-0.11	 0.1	-0.06	0.1	67_Q	[-25.43028571  -4.58566667 -26.69819048]
-0.38	 -0.3	-0.15	0.28	67_Q	[-22.61025  -4.0235  -25.6865 ]
-0.26	 -0.82	0.12	0.42	67_Q	[-23.28270833  -2.53025    -27.83708333]
-0.28	 -1.0	0.26	0.53	67_Q	[-22.71496296  -3.63981481 -30.23518519]
0.06	 1.26	0.23	-0.52	68_N	[-27.7555   -6.425   -25.14425]
0.16	 1.2	0.16	-0.42	68_N	[-29.89104348  -7.87130435 -21.66843478]
-0.02	 -0.18	-0.02	-0.18	68_N	[-29.16629412  -7.97452941 -25.22247059]
-0.12	 -0.95	-0.04	0.18	68_N	[-27.8043 -10.4272 -24.9028]
-0.14	 -0.53	-0.04	0.18	68_N	[-26.50393103 -10.65986207 -23.13658621]
-0.08	 -0.2	-0.12	0.13	68_N	[-29.79241379 -10.54648276 -23.30344828]
0.14	 0.61	-0.04	-0.17	68_N	[-25.94235714  -8.79135714 -25.07221429]
0.09	 0.84	-0.16	-0.05	68_N	[-28.3095      -5.66533333 -24.65483333]
-0.11	 0.04	2.86	0.39	68_N	[-30.131875    -7.75083333 -23.87675   ]
-0.18	 -0.66	0.06	0.28	68_N	[-28.01546154  -8.02596154 -25.85188462]
-0.23	 -0.66	-0.08	0.54	68_N	[-29.15423333 -11.4274     -22.69553333]
-0.18	 -0.29	0.38	0.5	68_N	[-30.68676667  -9.7567     -23.6009    ]
0.11	 1.31	0.09	-0.32	69_N	[-26.10045455 -10.52236364 -19.18363636]
-0.06	 -0.3	-0.11	0.08	69_N	[-24.42       -10.49863636 -20.88136364]
0.05	 1.26	0.04	-0.16	69_N	[-23.2766   -9.14184 -21.85856]
-0.09	 -0.57	0.0	0.08	69_N	[-23.88976923 -11.21376923 -19.45392308]
0.07	 0.58	0.04	-0.2	69_N	[-27.13626667 -10.30413333 -20.70693333]
-0.1	 -0.11	-0.03	0.15	69_N	[-22.01932143 -10.28946429 -19.42217857]
0.06	 0.52	-0.06	-0.11	69_N	[-24.54407692 -11.30192308 -18.32646154]
0.14	 1.06	0.01	-0.3	70_I	[-24.90126087  -2.86513043 -22.0403913 ]
-0.1	 -0.34	-0.19	0.17	70_I	[-19.7065   -6.43545 -21.3489 ]
0.24	 1.42	0.37	-0.6	70_I	[-23.281       -3.92782353 -22.35517647]
-0.07	 -0.09	0.01	0.09	70_I	[-20.35671053  -7.56573684 -20.65676316]
0.0	 -0.37	-0.11	-0.04	70_I	[-20.62204167  -5.57520833 -22.80879167]
0.06	 0.41	0.03	-0.24	70_I	[-18.89211111  -4.84162963 -19.91688889]
0.06	 0.16	0.02	-0.2	72_Y	[-22.5010625   4.391875  -19.588875 ]
0.07	 0.3	-0.04	-0.18	72_Y	[-24.49862963   4.57755556 -18.50648148]
-0.06	 0.18	0.03	0.02	72_Y	[-21.69684615   2.81230769 -21.77646154]
-0.04	 -0.1	0.03	-0.08	72_Y	[-20.526    1.398  -22.4236]
-0.09	 -1.06	-0.02	0.11	72_Y	[-21.96623077   0.70930769 -23.04769231]
0.03	 -0.18	0.18	-0.32	72_Y	[-19.16016667   1.20238889 -22.064     ]
-0.07	 -0.39	-0.0	0.02	72_Y	[-20.82988889  -0.93938889 -23.65622222]
0.13	 0.53	-0.08	-0.1	72_Y	[-18.4335       0.2115     -22.67033333]
0.08	 0.6	-0.08	-0.14	72_Y	[-19.04813333  -0.88846667 -23.5654    ]
0.22	 1.4	0.16	-0.42	72_Y	[-18.221875   -3.0903125 -21.358125 ]
0.01	 0.19	0.01	-0.14	72_Y	[-22.88663158   2.96805263 -21.55057895]
0.0	 0.27	-0.15	0.05	72_Y	[-20.27211111   3.43733333 -20.50830556]
-0.02	 0.34	0.04	-0.25	72_Y	[-23.31446667   0.09566667 -22.9472    ]
-0.02	 0.17	-0.21	-0.04	72_Y	[-22.39772414  -2.27875862 -23.15572414]
0.04	 0.34	-0.17	-0.05	72_Y	[-19.8302   -3.65396 -23.54396]
0.08	 1.67	0.01	-0.33	73_F	[-22.336    5.4108 -18.7636]
0.02	 0.18	-0.19	-0.04	73_F	[-21.20833333   6.07373333 -18.976     ]
0.15	 1.14	0.12	-0.35	73_F	[-19.31042308   5.38965385 -19.02280769]
0.06	 0.49	0.06	-0.17	73_F	[-23.67257692   5.92734615 -16.92261538]
0.09	 1.52	0.16	-0.45	74_D	[-22.1685       6.95283333 -18.428     ]
0.12	 1.79	0.14	-0.41	74_D	[-19.22416667  10.07116667 -18.59933333]
-0.08	 -0.04	-0.03	-0.0	74_D	[-21.504       10.02212903 -19.32319355]
-0.22	 -0.59	0.11	0.25	74_D	[-21.023675   8.463475 -20.2808  ]
-0.21	 -0.58	0.02	0.27	74_D	[-23.02811429  10.9556     -19.43742857]
0.04	 0.39	0.01	-0.21	74_D	[-22.88058621   7.89765517 -17.09351724]
0.12	 1.16	0.15	-0.42	74_D	[-18.85527273   8.96590909 -19.02118182]
-0.02	 0.56	-0.02	-0.1	74_D	[-19.81824  11.37084 -17.361  ]
0.06	 0.74	-0.02	-0.26	75_L	[-19.39657692  11.93784615 -14.45615385]
0.09	 1.42	0.02	-0.22	75_L	[-16.04811111  10.59022222 -17.17922222]
-0.02	 0.22	-0.07	-0.1	75_L	[-13.5108  12.4984 -14.6555]
-0.11	 -0.73	-0.06	0.12	75_L	[-16.74365217  13.67721739 -13.49913043]
0.02	 0.6	0.02	-0.21	75_L	[-17.34341176   9.77035294 -18.01770588]
0.19	 1.53	0.3	-0.55	75_L	[-15.4915       8.53478571 -14.43957143]
0.14	 0.89	-0.02	-0.22	75_L	[-15.11658333  10.18675    -17.269     ]
-0.11	 -0.47	-0.08	0.06	75_L	[-17.51127778  11.60188889 -16.53077778]
0.03	 0.47	-0.01	-0.17	75_L	[-14.63604  10.38788 -13.1394 ]
-0.21	 -0.99	0.01	0.24	75_L	[-13.24103846  12.46803846 -13.66296154]
0.05	 0.67	0.11	-0.42	75_L	[-13.41425   10.1175   -14.204125]
-0.1	 -0.01	-0.04	0.14	75_L	[-14.34466667  12.46881481 -16.35685185]
-0.18	 -0.34	-0.07	0.3	75_L	[-15.18157895  13.71457895 -12.67057895]
-0.17	 -0.84	0.16	0.26	75_L	[-16.7156   13.55175 -15.1412 ]
0.11	 0.63	-0.13	-0.08	75_L	[-18.0905    12.955625 -13.2405  ]
-0.08	 -0.18	-0.03	0.04	76_D	[-21.1786      11.57703333 -10.8921    ]
-0.01	 0.02	-0.03	-0.11	76_D	[-18.74        12.47655556 -10.30133333]
-0.02	 0.63	-0.02	-0.11	76_D	[-16.47165385  10.93976923  -9.35438462]
-0.12	 -0.27	-0.15	0.1	76_D	[-15.33057692   9.49934615 -10.10330769]
-0.18	 -0.4	0.13	0.25	76_D	[-15.67748571  12.65982857 -10.4528    ]
0.17	 0.84	0.08	-0.29	76_D	[-16.246        8.46142105 -12.53331579]
-0.04	 -1.21	0.02	0.16	76_D	[-18.84441667  12.61375    -11.62733333]
-0.22	 -0.58	0.01	0.27	76_D	[-19.05233333  11.99133333  -9.49377778]
0.05	 2.37	0.06	-0.29	77_K	[-21.88644444  12.38477778 -13.21933333]
0.12	 0.85	-0.01	-0.23	77_K	[-23.82777273  10.27209091 -15.96854545]
-0.02	 0.22	-0.11	0.07	77_K	[-22.946       13.68492857 -14.708     ]
0.03	 0.89	-0.01	-0.14	77_K	[-22.91641667  13.71925    -17.70916667]
0.13	 0.79	-0.06	-0.13	77_K	[-23.17626316   9.99626316 -11.15736842]
-0.09	 -0.1	-0.02	0.06	77_K	[-23.57857692  11.41834615 -12.98684615]
0.12	 2.3	0.03	-0.27	77_K	[-21.05133333  12.18133333 -13.40733333]
0.08	 0.85	0.09	-0.37	77_K	[-23.182   10.1004 -16.9574]
-0.08	 -0.16	-0.27	0.11	77_K	[-24.94547368  11.24336842 -15.26868421]
-0.2	 -0.64	0.09	0.37	77_K	[-23.97664  13.67308 -14.72352]
-0.09	 -0.3	-0.01	0.11	77_K	[-21.22426923  13.30942308 -15.28007692]
-0.39	 -0.85	0.26	0.52	77_K	[-22.81155  14.81315 -17.2221 ]
-0.12	 -0.22	-0.09	0.1	77_K	[-21.57926667  12.83866667 -18.06866667]
-0.21	 -0.33	0.05	0.23	77_K	[-24.30310714  12.71092857 -17.57614286]
0.04	 1.1	-0.04	-0.17	78_Y	[-26.574875   6.88625  -10.801625]
0.15	 -0.12	-0.1	-0.13	78_Y	[-27.2315     5.312375 -10.30025 ]
0.07	 1.1	-0.02	-0.26	78_Y	[-23.81126316   8.114       -8.18394737]
0.09	 1.52	-0.04	-0.22	78_Y	[-22.77888889   9.51655556  -8.26055556]
0.15	 1.4	0.11	-0.36	78_Y	[-18.42014286   9.46307143  -7.48485714]
0.12	 0.9	0.03	-0.24	78_Y	[-25.00524   8.79404 -11.9118 ]
0.01	 -0.13	-0.02	-0.01	78_Y	[-25.6871    5.8007   -9.15115]
-0.1	 -0.19	0.06	0.31	78_Y	[-24.51196296   8.51248148  -9.04707407]
-0.16	 -0.38	0.01	0.17	78_Y	[-22.1536087   10.19256522  -7.76717391]
-0.05	 -0.12	-0.08	0.02	78_Y	[-19.69752174  10.5636087   -7.78895652]
0.09	 1.51	-0.04	-0.28	79_D	[-26.38428571   7.826      -11.42228571]
0.09	 1.73	-0.07	-0.13	79_D	[-27.73066667   7.10233333 -11.26333333]
0.26	 1.04	0.16	-0.41	79_D	[-26.33336   5.88588 -16.357  ]
-0.05	 0.45	-0.02	0.03	79_D	[-29.51263636   8.07645455 -12.58836364]
0.04	 0.51	-0.03	-0.15	79_D	[-27.5525       8.77503125 -14.7851875 ]
0.03	 0.46	-0.06	-0.04	79_D	[-25.79202703   8.19618919 -15.76881081]
-0.26	 -0.68	0.09	0.36	79_D	[-27.6324359   10.56615385 -14.40225641]
-0.03	 -0.62	-0.09	0.08	79_D	[-28.649        5.83158824 -11.369     ]
-0.21	 -0.25	-0.2	0.29	79_D	[-29.97147059   7.76264706 -14.00723529]
-0.15	 -0.56	0.06	0.26	79_D	[-28.102        8.74434615 -11.76769231]
0.17	 1.5	0.38	-0.61	80_I	[-29.5725     6.925125 -16.4685  ]
-0.11	 -0.18	-0.05	0.1	80_I	[-31.47297674   6.01376744 -16.27816279]
0.07	 1.58	0.05	-0.3	80_I	[-31.571375   2.70925  -12.9965  ]
0.11	 1.26	0.37	-0.61	80_I	[-32.536    3.2696 -16.2284]
0.1	 -0.21	0.06	-0.12	80_I	[-30.35422222   5.22555556 -13.21016667]
-0.02	 0.44	-0.06	-0.05	80_I	[-32.33605556   3.74927778 -14.69372222]
0.05	 -0.26	0.08	-0.19	80_I	[-30.84269231   2.98976923 -12.39584615]
0.15	 0.96	0.05	-0.33	80_I	[-32.4635       3.36077273 -17.53268182]
0.14	 1.49	0.28	-0.54	81_R	[-32.13677778   4.81966667 -18.45522222]
0.03	 0.3	-0.05	-0.1	81_R	[-27.6463    7.98175 -19.6407 ]
-0.12	 0.02	-0.1	0.06	81_R	[-27.0133125   7.7228125 -22.75175  ]
0.09	 1.55	0.33	-0.57	81_R	[-28.2596   7.5776 -23.8346]
-0.08	 -0.34	-0.11	-0.07	81_R	[-29.31953846   8.40930769 -24.09376923]
-0.07	 -0.37	0.03	0.05	81_R	[-30.340875   9.638    -22.002375]
0.12	 1.03	0.09	-0.25	81_R	[-31.39552941   7.33929412 -24.62352941]
-0.01	 0.24	-0.01	-0.14	81_R	[-29.96504348   7.27743478 -17.941     ]
0.1	 0.9	-0.03	-0.24	81_R	[-26.5392    5.65375 -18.8175 ]
0.02	 0.43	-0.04	-0.04	81_R	[-29.60926667   8.65313333 -19.7958    ]
-0.21	 -0.17	-0.2	0.57	81_R	[-26.97743333   7.88923333 -18.98496667]
-0.2	 -0.8	0.16	0.3	81_R	[-27.27126316   8.90357895 -22.38105263]
-0.09	 -0.03	-0.0	0.04	81_R	[-26.44282609   6.32121739 -22.10478261]
-0.24	 -0.91	0.09	0.39	81_R	[-28.785       10.08573333 -21.64      ]
-0.22	 -0.89	0.04	0.39	81_R	[-31.29407143   9.88246429 -22.49757143]
-0.17	 -1.14	0.03	0.35	81_R	[-32.21347368   8.21431579 -24.13678947]
0.09	 0.47	-0.17	-0.08	82_S	[-32.3565   6.5996 -19.1913]
0.09	 0.85	0.57	-0.9	82_S	[-33.3342   6.2716 -19.6208]
0.14	 1.51	0.06	-0.34	82_S	[-32.9514   4.6408 -23.7146]
-0.04	 -0.47	-0.09	0.05	82_S	[-33.935       2.9750625 -22.8860625]
0.06	 0.37	-0.08	-0.17	82_S	[-34.32411111   5.72377778 -21.9525    ]
-0.23	 -0.55	0.04	0.24	82_S	[-34.30368966   7.36206897 -20.48165517]
0.03	 -0.42	-0.05	-0.07	82_S	[-31.825        7.85554545 -20.23072727]
0.01	 -0.09	-0.16	0.04	82_S	[-33.64155556   4.99116667 -19.63883333]
-0.13	 -0.55	0.05	0.16	82_S	[-33.98481481   5.85140741 -23.19122222]
-0.3	 -0.72	0.21	0.51	82_S	[-34.79462963   8.36185185 -21.62292593]
0.13	 1.67	0.21	-0.46	83_D	[-32.29713333   1.3754     -23.601     ]
-0.1	 -0.14	-0.13	0.07	83_D	[-30.35504878   0.29712195 -24.00865854]
0.04	 0.4	-0.22	-0.05	83_D	[-28.19607692   3.49469231 -24.66469231]
-0.2	 0.35	-0.02	0.09	83_D	[-29.86753846   4.54123077 -26.38469231]
-0.18	 -0.64	0.09	0.27	83_D	[-28.15806667   6.20093333 -25.6016    ]
-0.19	 -0.77	-0.01	0.25	83_D	[-31.57813793   5.62303448 -25.6157931 ]
-0.12	 -0.17	-0.04	0.14	83_D	[-31.97478947   3.03489474 -24.76578947]
0.12	 0.99	-0.03	-0.25	83_D	[-27.44682353   4.21852941 -23.55829412]
-0.11	 -0.53	-0.03	0.09	83_D	[-28.72236667   2.4782     -24.8852    ]
0.09	 0.53	-0.0	-0.26	84_F	[-27.87066667  -0.70273333 -22.49793333]
0.08	 0.78	-0.12	-0.13	84_F	[-26.10536364   4.06972727 -22.34190909]
-0.05	 -0.03	0.02	-0.06	84_F	[-26.397875     0.35025    -23.03833333]
-0.03	 -0.01	-0.04	-0.1	84_F	[-25.779625   2.336    -23.10925 ]
0.21	 1.3	0.39	-0.61	84_F	[-29.307625  -0.77     -22.509625]
0.14	 0.71	0.03	-0.38	84_F	[-28.1768  -1.4756 -22.243 ]
0.03	 0.42	-0.05	-0.12	84_F	[-25.3183913    4.51217391 -20.93665217]
-0.04	 -0.21	-0.02	0.05	84_F	[-25.14816667  -0.90966667 -22.64805556]
-0.12	 -0.16	-0.04	0.38	84_F	[-23.99092857   2.32114286 -22.73635714]
-0.0	 -0.25	0.01	-0.06	85_A	[-35.93711111   2.11448148 -20.33337037]
-0.12	 -1.22	-0.18	0.16	85_A	[-36.80257143   1.42466667 -19.28880952]
-0.03	 0.27	-0.09	-0.08	85_A	[-34.31345   3.2867  -18.8693 ]
-0.06	 -0.32	-0.05	0.06	85_A	[-35.40705   2.05385 -21.8657 ]
0.11	 0.79	0.13	-0.34	86_Q	[-36.195       -0.2555     -21.63316667]
0.08	 1.84	-0.04	-0.2	86_Q	[-36.39633333  -0.70066667 -22.522     ]
0.19	 1.34	0.07	-0.32	86_Q	[-35.93975     -4.91141667 -22.50141667]
0.04	 0.34	-0.04	-0.12	86_Q	[-35.39608333  -0.76541667 -25.0025    ]
0.0	 0.29	-0.12	0.0	86_Q	[-36.00064286  -3.68878571 -25.01642857]
-0.13	 -0.62	-0.08	0.16	86_Q	[-35.35263158  -2.66247368 -26.86068421]
-0.48	 -1.2	0.26	0.52	86_Q	[-36.55652941  -1.63623529 -27.28252941]
-0.14	 -0.3	-0.01	0.21	86_Q	[-33.86477778  -3.52618519 -27.18688889]
0.13	 0.74	-0.1	-0.18	86_Q	[-34.2763    0.63255 -23.24485]
0.04	 0.22	-0.11	-0.04	86_Q	[-37.06594737  -2.14115789 -22.37563158]
-0.17	 -0.31	-0.07	0.18	86_Q	[-36.32566667  -0.59977778 -24.32362963]
-0.03	 0.33	-0.12	-0.04	86_Q	[-33.27075     -0.96754167 -24.56908333]
-0.04	 0.32	-0.17	-0.09	86_Q	[-34.30741667  -4.754      -24.1575    ]
-0.18	 -0.46	0.08	0.28	86_Q	[-36.62536364  -3.77145455 -24.32940909]
-0.13	 -0.12	-0.07	0.26	86_Q	[-33.13374359  -3.85602564 -25.83125641]
-0.28	 -0.94	0.26	0.53	86_Q	[-34.086       -2.94385714 -28.47160714]
0.09	 1.54	0.21	-0.49	87_M	[-31.687875  -4.083    -23.69275 ]
0.12	 1.56	0.2	-0.51	87_M	[-31.59981818  -6.71963636 -21.27563636]
0.09	 1.21	-0.07	-0.19	87_M	[-31.36883333  -3.58516667 -23.71216667]
0.06	 1.53	-0.15	-0.08	87_M	[-29.00233333  -3.215      -23.32866667]
0.07	 0.8	0.01	-0.28	87_M	[-27.30504348  -2.92552174 -22.59791304]
0.17	 1.2	0.24	-0.51	87_M	[-32.26935294  -2.10852941 -23.76352941]
-0.02	 0.35	-0.27	-0.03	87_M	[-32.5436129   -5.61703226 -23.03122581]
-0.04	 0.05	-0.17	-0.03	87_M	[-30.2372963  -2.4412963 -23.3222963]
0.14	 1.23	0.22	-0.48	87_M	[-30.65558824  -6.34447059 -22.11058824]
-0.06	 -0.32	-0.02	0.08	87_M	[-29.53186957  -4.70986957 -23.94304348]
0.16	 1.18	0.43	-0.72	89_D	[-38.188     -5.274125 -17.895   ]
0.09	 -0.41	-0.09	-0.16	89_D	[-37.8102  -6.6866 -20.2312]
0.09	 0.47	-0.17	-0.12	89_D	[-38.82843478  -6.7706087  -18.34308696]
0.05	 0.5	0.08	-0.25	89_D	[-38.02257143  -4.50757143 -20.22552381]
0.03	 0.32	-0.05	-0.17	89_D	[-38.97905556  -2.9385     -18.09844444]
-0.41	 -0.04	0.06	0.08	89_D	[-38.50272727  -1.11056818 -20.16213636]
0.21	 1.1	0.08	-0.34	89_D	[-38.074       -4.67215385 -17.06346154]
0.05	 0.47	-0.17	-0.05	89_D	[-37.04564286  -4.20221429 -21.75264286]
-0.25	 -0.62	-0.03	0.34	89_D	[-38.81417391  -5.0833913  -19.84765217]
0.06	 1.28	0.0	-0.19	90_A	[-36.63777778  -6.42011111 -21.34666667]
0.11	 1.84	-0.05	-0.19	90_A	[-36.79866667  -7.25066667 -21.541     ]
0.1	 1.08	-0.0	-0.23	90_A	[-33.70366667  -9.6744     -19.76993333]
0.05	 0.54	-0.1	-0.11	90_A	[-35.58741667 -10.75029167 -19.804     ]
-0.11	 -0.36	0.04	0.13	90_A	[-34.04232143  -8.60560714 -22.19007143]
-0.09	 0.22	-0.12	0.1	90_A	[-37.48061905  -8.57690476 -20.93104762]
-0.24	 -0.92	0.19	0.43	90_A	[-34.85752381  -9.74771429 -22.04195238]
-0.09	 -0.43	0.01	0.19	90_A	[-35.35821429  -7.03564286 -22.96032143]
-0.01	 0.5	19.17	0.39	90_A	[-32.73436364  -7.81381818 -21.74063636]
0.13	 1.46	0.07	-0.34	91_H	[-32.10066667  -9.75755556 -18.86344444]
0.11	 0.6	0.01	-0.21	91_H	[-31.27783333 -11.01833333 -17.87033333]
0.05	 0.41	-0.21	-0.09	91_H	[-31.26465385  -8.68511538 -20.26796154]
-0.1	 -0.21	-0.38	0.24	91_H	[-29.87573684 -10.72542105 -19.56178947]
0.05	 0.88	-0.29	-0.06	91_H	[-30.13814286  -9.46071429 -20.68128571]
0.04	 0.79	0.06	-0.23	91_H	[-33.2625     -11.07261111 -17.98972222]
0.05	 0.78	-0.06	-0.12	91_H	[-28.09519231 -11.07796154 -18.72042308]
0.08	 1.03	-0.0	-0.28	93_N	[-39.00177778  -9.68388889 -20.49711111]
-0.03	 0.27	-0.02	-0.03	93_N	[-40.43085 -11.2112  -19.73495]
-0.05	 0.09	-0.02	-0.02	93_N	[-40.86571111 -12.33226667 -18.65297778]
-0.09	 -0.07	-0.02	0.01	93_N	[-41.8236      -9.69866667 -20.15743333]
0.07	 0.47	-0.17	-0.13	93_N	[-39.54004762  -7.94742857 -19.439     ]
0.04	 0.45	-0.04	-0.11	93_N	[-37.8070625 -10.9498125 -19.6715   ]
-0.26	 -0.78	0.08	0.5	93_N	[-42.42603125 -10.694875   -20.3818125 ]
-0.28	 -1.0	0.13	0.35	93_N	[-40.86790476  -8.67838095 -20.59633333]
0.09	 1.45	0.09	-0.34	94_F	[-37.98655556 -12.22088889 -18.663     ]
0.07	 1.34	0.17	-0.39	94_F	[-37.925125 -12.929875 -18.500125]
0.03	 1.6	-0.17	-0.06	94_F	[-33.98071429 -12.64757143 -18.18271429]
-0.07	 -0.68	-0.1	0.11	94_F	[-33.6155     -14.29016667 -18.29833333]
-0.1	 -0.63	-0.02	0.1	94_F	[-34.34485714 -15.47614286 -18.9845    ]
0.06	 0.55	0.09	-0.3	94_F	[-32.86984 -13.61536 -17.2194 ]
-0.17	 -0.8	-0.04	0.16	94_F	[-33.77792857 -17.12135714 -18.60092857]
-0.44	 0.52	0.01	-0.34	94_F	[-31.85367857 -15.9005     -16.45332143]
-0.11	 -0.02	-0.01	0.08	94_F	[-32.20545 -17.39515 -16.85205]
0.04	 0.19	-0.03	0.13	94_F	[-38.43694118 -13.93652941 -18.05841176]
-0.09	 -0.4	-0.01	0.06	94_F	[-35.69628571 -12.9165     -19.12703571]
0.1	 0.9	0.25	-0.43	94_F	[-33.62871429 -12.37514286 -17.54928571]
-0.09	 -0.3	0.12	0.25	94_F	[-36.51933333 -15.91322222 -18.68516667]
-0.06	 0.1	0.01	0.14	94_F	[-34.97771875 -18.50809375 -17.6808125 ]
-0.01	 -0.11	-0.14	0.05	94_F	[-32.623      -18.53908333 -16.63558333]
0.04	 1.1	0.22	-0.5	96_R	[-41.45175 -12.18    -11.42125]
0.14	 1.39	0.01	-0.25	96_R	[-42.17022222 -13.22766667 -13.77922222]
-0.07	 0.01	0.09	-0.05	96_R	[-41.86502857 -14.31348571 -11.65545714]
0.11	 0.93	0.06	-0.34	96_R	[-41.947375  -11.57425   -13.6579375]
0.04	 0.71	0.04	-0.28	96_R	[-41.917   -10.44575 -11.3945 ]
-0.0	 0.18	-0.06	0.01	96_R	[-42.97166667  -7.56233333 -12.8555    ]
-0.13	 -0.03	-0.11	0.14	96_R	[-43.5084  -8.2302 -14.1934]
-0.06	 -0.52	0.0	0.01	96_R	[-42.68529412  -7.04523529 -15.03264706]
0.02	 0.55	0.06	-0.11	96_R	[-41.390875  -5.828125 -14.97825 ]
-0.13	 0.91	0.08	0.09	96_R	[-42.90838462  -7.69038462 -17.16223077]
0.08	 0.35	-0.01	-0.15	96_R	[-40.13256 -11.95124 -10.5612 ]
-0.11	 -0.56	-0.09	0.17	96_R	[-42.62777273 -11.44745455 -13.08818182]
0.05	 0.14	0.0	-0.18	96_R	[-41.1025625 -10.0240625 -10.5988125]
-0.18	 -0.5	0.08	0.32	96_R	[-43.2336087   -9.02756522 -11.898     ]
0.1	 1.04	0.18	-0.62	96_R	[-42.39714286  -6.84585714 -12.33957143]
-0.13	 -0.9	0.14	0.16	96_R	[-43.08423529 -10.05182353 -14.94929412]
-0.2	 0.1	-0.04	-0.11	96_R	[-40.126       -5.95057692 -16.23926923]
-0.08	 -0.24	-0.07	0.16	96_R	[-42.87919444  -9.54783333 -17.04733333]
-0.11	 -0.55	0.02	0.18	96_R	[-41.62575  -7.33175 -17.86605]
0.07	 1.24	0.39	-0.66	97_S	[-42.179      -13.90471429 -14.80742857]
-0.16	 -0.25	0.04	0.16	97_S	[-41.12785294 -18.11611765 -14.09058824]
0.01	 0.31	0.05	-0.12	97_S	[-40.5954  -15.34315 -17.48495]
-0.17	 -0.16	-0.04	0.16	97_S	[-42.09771429 -13.67514286 -16.69142857]
-0.11	 -0.32	-0.05	0.18	97_S	[-42.57784615 -15.25003846 -14.29588462]
0.04	 0.14	-0.07	-0.07	97_S	[-39.08590909 -15.53009091 -17.39609091]
-0.54	 -0.17	0.18	0.28	97_S	[-41.3285     -16.80588462 -16.67534615]
0.09	 0.75	0.04	-0.28	97_S	[-41.62583333 -12.20094444 -16.18366667]
0.1	 1.71	0.16	-0.41	98_N	[-39.31654545 -18.21563636 -15.98154545]
-0.04	 -0.06	-0.09	-0.01	98_N	[-38.184   -17.41075 -17.1974 ]
-0.0	 0.21	-0.13	-0.01	98_N	[-37.61237931 -20.01365517 -15.64844828]
0.1	 0.87	-0.01	-0.21	98_N	[-38.96368421 -19.09921053 -12.88552632]
0.19	 1.47	0.31	-0.56	98_N	[-36.97516667 -19.52591667 -12.57841667]
-0.3	 -0.73	0.11	0.44	98_N	[-37.83296552 -19.74762069 -16.91365517]
-0.09	 -0.41	-0.08	0.25	98_N	[-37.39255 -20.48795 -14.1012 ]
0.14	 1.36	-0.01	-0.24	99_P	[-37.71809091 -18.637       -7.40672727]
-0.06	 -0.22	-0.04	0.04	99_P	[-36.95615625 -16.37965625  -6.6600625 ]
-0.13	 -0.47	-0.06	0.13	99_P	[-40.3122 -16.9606  -7.1652]
-0.07	 -0.06	0.01	0.03	99_P	[-41.76826316 -17.20157895  -9.69442105]
-0.04	 -0.25	-0.07	-0.0	99_P	[-40.8757 -18.7951 -11.529 ]
-0.22	 -0.89	0.05	0.28	99_P	[-39.61666667 -18.26761111  -7.50844444]
-0.12	 -0.11	-0.05	0.15	99_P	[-39.76358065 -15.46132258  -7.54151613]
-0.37	 -1.03	0.31	0.6	99_P	[-42.05994118 -18.14588235  -9.17888235]
-0.08	 0.08	-0.04	-0.02	99_P	[-41.18586957 -15.38308696  -9.99952174]
-0.06	 -0.05	-0.03	0.06	99_P	[-39.4296 -19.4493 -10.307 ]
0.07	 0.35	0.09	-0.25	99_P	[-41.338  -17.3909 -11.8587]
0.05	 1.48	-0.07	-0.19	100_S	[-37.1594 -19.389   -7.4972]
0.14	 1.44	0.14	-0.38	100_S	[-33.8844     -18.62533333  -8.56453333]
-0.15	 -0.47	-0.06	0.11	100_S	[-32.84044118 -19.04494118  -7.54941176]
-0.03	 0.33	0.21	-0.34	100_S	[-36.05695455 -21.22768182  -8.79459091]
0.06	 0.61	-0.07	-0.1	100_S	[-35.93302941 -20.64082353 -10.88085294]
-0.23	 -0.77	-0.02	0.28	100_S	[-35.91411765 -18.99229412  -6.68247059]
-0.22	 -0.12	0.03	0.3	100_S	[-34.51820833 -21.48929167  -8.13933333]
-0.21	 -0.41	-0.06	0.31	100_S	[-37.40510345 -20.81441379  -8.28617241]
-0.26	 -0.62	-0.03	0.35	100_S	[-35.8548     -21.93546667 -11.12646667]
0.1	 1.64	0.22	-0.46	101_Y	[-33.10092308 -19.74176923 -11.49807692]
0.08	 1.38	0.1	-0.38	101_Y	[-33.50275  -20.307625 -12.044   ]
0.05	 0.68	0.12	-0.35	101_Y	[-31.03986842 -18.56676316 -13.35386842]
0.01	 0.23	-0.19	-0.04	101_Y	[-34.28814815 -20.97466667 -13.85055556]
-0.04	 -0.84	-0.06	0.03	101_Y	[-31.02709375 -20.14046875 -14.1186875 ]
0.03	 0.4	-0.06	-0.07	101_Y	[-32.75076 -20.75376 -14.6962 ]
-0.23	 -1.46	0.1	0.35	101_Y	[-33.03145161 -22.25741935 -15.51987097]
-0.03	 0.01	-0.13	-0.0	101_Y	[-31.69630769 -18.85007692 -10.01492308]
0.05	 0.43	0.02	-0.09	101_Y	[-29.9063  -18.07655 -12.58645]
-0.13	 -0.03	-0.08	0.05	101_Y	[-35.451   -21.15095 -14.2764 ]
-0.41	 -0.84	-0.04	0.5	101_Y	[-29.97635294 -20.63723529 -14.51241176]
-0.34	 -1.36	0.32	0.57	101_Y	[-31.17565 -22.283   -15.6686 ]
0.19	 1.38	0.39	-0.63	102_K	[-27.83285714 -14.02657143  -8.98835714]
0.07	 0.8	-0.11	-0.2	102_K	[-28.19255263 -15.72960526 -10.45723684]
0.02	 0.64	0.01	-0.19	102_K	[-28.28670588 -15.05064706  -7.42494118]
0.09	 1.15	0.25	-0.48	102_K	[-31.68014286 -16.532       -6.64171429]
-0.02	 0.3	-0.09	-0.01	102_K	[-28.93923077 -16.46892308  -5.21276923]
-0.05	 -0.01	-0.15	0.07	102_K	[-32.16066667 -17.00226667  -4.66386667]
0.0	 -2.68	-0.01	-0.12	102_K	[-30.37033333 -17.69533333  -2.63511111]
0.02	 0.27	0.12	-0.22	102_K	[-30.45809091 -17.47104545  -9.70459091]
-0.14	 -0.55	1.57	0.4	102_K	[-28.88277273 -16.62322727  -7.98581818]
0.02	 0.67	-0.25	-0.11	102_K	[-28.79297222 -13.71955556  -6.73977778]
0.12	 1.05	0.13	-0.36	102_K	[-32.07933333 -16.99751515  -6.89872727]
-0.14	 -1.02	0.17	0.01	102_K	[-29.20761538 -17.46115385  -5.79073077]
-0.19	 -0.04	0.52	0.3	102_K	[-29.639   -14.55976  -4.86808]
-0.09	 0.01	-0.32	0.14	102_K	[-32.45668182 -15.59745455  -3.60318182]
-0.2	 -0.68	-0.26	0.28	102_K	[-31.99159259 -18.06492593  -5.23755556]
-0.36	 -0.85	0.26	0.53	102_K	[-31.096   -17.8586   -2.12575]
-0.25	 -0.69	0.21	0.37	102_K	[-29.28278261 -18.38052174  -3.71121739]
-0.28	 -0.32	0.11	0.37	102_K	[-29.7686087  -16.10669565  -2.51886957]
0.03	 0.53	0.03	-0.2	104_T	[-25.23171875 -13.8015      -8.761625  ]
0.12	 1.49	0.07	-0.32	104_T	[-22.701      -11.88771429  -7.24542857]
-0.06	 0.08	-0.52	0.23	104_T	[-25.78852381 -13.277       -7.51561905]
0.03	 0.54	-0.03	-0.2	104_T	[-21.40396552 -12.03244828  -8.45044828]
0.09	 0.9	0.05	-0.27	106_E	[-17.92972222  -9.80394444 -11.7735    ]
-0.06	 -0.02	0.16	-0.21	106_E	[-18.8285      -9.94810526 -13.89705263]
-0.05	 0.42	-0.01	-0.16	106_E	[-19.14281081 -11.97610811 -10.81594595]
0.13	 0.76	0.14	-0.43	108_H	[-16.53325  -7.3382  -12.9593 ]
0.06	 0.53	-0.03	-0.12	108_H	[-15.32047826  -7.35191304 -13.11943478]
0.11	 0.62	-0.03	-0.23	108_H	[-17.70647368  -7.27736842 -14.28836842]
0.16	 0.76	0.05	-0.29	109_A	[-12.14992593  -0.36996296 -13.64774074]
0.16	 1.27	0.12	-0.4	109_A	[-13.65907692   4.41007692 -10.89592308]
0.17	 1.5	0.24	-0.5	110_D	[-10.59175    1.651875 -13.18975 ]
0.19	 1.54	0.25	-0.49	110_D	[-12.09434783   4.67221739 -11.27769565]
0.04	 0.39	0.05	-0.16	110_D	[-13.06027273   6.06890909 -13.42409091]
0.06	 0.74	0.06	-0.24	110_D	[-13.46361111   7.62361111 -14.4575    ]
0.13	 0.92	0.07	-0.29	110_D	[-11.89961905   6.91795238 -13.116     ]
0.11	 0.87	0.08	-0.34	110_D	[-14.24773333   4.7638     -12.8878    ]
0.15	 0.86	0.07	-0.28	110_D	[-11.23605556   1.34488889 -14.74661111]
0.19	 1.34	0.13	-0.4	111_E	[ -9.743125   2.078625 -14.188125]
0.08	 0.31	0.01	-0.16	111_E	[ -6.3484    5.28795 -11.02015]
0.06	 1.38	-0.09	-0.19	111_E	[ -6.500375   1.567375 -13.22225 ]
0.12	 1.74	0.21	-0.47	111_E	[ -5.75583333   4.4515     -12.89966667]
0.01	 0.05	-0.03	-0.04	111_E	[ -5.15095238   3.7077619  -15.006     ]
0.04	 0.58	0.01	-0.07	111_E	[ -4.70085714   5.75121429 -15.60164286]
-0.14	 -0.17	-0.16	0.19	111_E	[ -4.74212195   2.2677561  -15.06890244]
0.07	 0.36	-0.13	-0.16	111_E	[ -5.65695652   2.83747826 -12.50873913]
-0.11	 -0.09	7.15	0.29	111_E	[ -7.95518519   1.77855556 -14.23418519]
0.04	 0.82	-0.05	-0.1	111_E	[ -6.20438889   6.03961111 -13.67038889]
0.09	 0.33	-0.09	-0.16	112_R	[-9.79445455  8.57154545 -9.89127273]
0.01	 -0.19	-0.22	-0.02	112_R	[-11.6704       6.76254286  -9.87217143]
0.06	 0.93	-0.11	-0.04	112_R	[ -9.78628571   9.14678571 -11.6955    ]
0.07	 0.58	-0.17	0.06	112_R	[ -7.871        9.928      -12.90733333]
-0.12	 0.71	-0.09	0.04	112_R	[ -8.299625  10.795125 -14.689625]
0.11	 1.17	-0.14	-0.2	112_R	[-11.2422   9.111  -13.6296]
0.06	 1.1	-0.01	-0.25	112_R	[-11.84486957   9.62852174 -14.22356522]
0.02	 -0.26	-0.05	-0.09	112_R	[-10.86053571  11.2635     -16.60617857]
0.15	 1.22	0.12	-0.39	112_R	[-13.28209091   9.28509091 -14.66054545]
0.02	 0.14	0.08	-0.16	112_R	[ -6.8587    7.48965 -11.7403 ]
-0.03	 0.16	-0.04	0.04	112_R	[-10.92846667   8.65773333 -12.36906667]
-0.2	 -0.61	-0.06	0.26	112_R	[ -8.73082609   9.65917391 -11.46691304]
-0.17	 -0.5	0.13	0.18	112_R	[ -6.93436364   8.93095455 -13.45518182]
-0.18	 -0.32	-0.01	0.24	112_R	[ -9.72130435  10.8736087  -13.73669565]
0.02	 -0.42	-0.06	0.01	112_R	[ -7.79776471   9.81494118 -15.68141176]
-0.19	 -0.98	0.08	0.34	112_R	[ -9.69761111  11.63177778 -15.81077778]
-0.14	 -0.12	-0.15	0.2	112_R	[-12.01046154  11.537      -17.24684615]
0.17	 1.53	0.08	-0.35	112_R	[-13.66436364  10.281      -17.33627273]
-0.06	 -0.07	-0.21	0.02	113_G	[-8.42428571  8.723      -9.35385714]
-0.0	 0.16	-0.07	-0.1	113_G	[-9.05136364  7.99577273 -7.43609091]
0.08	 1.11	-0.01	-0.24	113_G	[-6.80216667  7.52833333 -6.641     ]
-0.06	 -0.46	-0.04	0.06	113_G	[-5.85864286  6.10992857 -7.62096429]
-0.09	 -0.28	-0.04	0.08	113_G	[-6.86904167  7.72108333 -9.37720833]
-0.23	 -0.7	0.13	0.47	113_G	[-8.55086364  8.47881818 -6.82663636]
0.07	 0.43	-0.11	-0.17	113_G	[-10.65228571   7.56528571  -7.81028571]
0.09	 1.14	0.3	-0.6	114_T	[-8.82866667  6.84222222 -5.24777778]
0.06	 0.42	-0.17	-0.05	114_T	[-6.59833333  5.22133333 -2.252     ]
-0.1	 -0.25	-0.07	0.12	114_T	[-8.94042857  6.6185     -2.76321429]
-0.18	 -1.42	-0.02	0.23	114_T	[-5.70404348  7.0133913  -3.83269565]
0.1	 1.32	0.04	-0.27	114_T	[-9.96477273  6.56186364 -5.27731818]
0.15	 1.53	0.27	-0.53	114_T	[-5.71421429  4.25914286 -6.24914286]
-0.02	 0.19	0.03	-0.1	114_T	[-6.5731   4.12945 -2.61715]
-0.22	 -0.35	-0.07	0.21	114_T	[-8.50561905  4.91285714 -1.56161905]
-0.24	 -0.87	0.2	0.49	114_T	[-5.92463636  6.87304545 -2.59577273]
-0.17	 -0.51	0.08	0.17	114_T	[-4.90745833  5.480625   -4.818875  ]
-0.09	 -0.02	-0.01	0.16	114_T	[-7.1915      7.63094444 -4.84444444]
0.09	 0.96	0.05	-0.28	115_P	[-10.16895455  -0.95386364  -3.48009091]
0.16	 1.49	0.06	-0.34	115_P	[-10.96278571  -1.23078571  -4.75671429]
-0.02	 0.06	-0.04	0.12	115_P	[-7.97833333 -1.45755556 -4.03977778]
-0.03	 -0.05	-0.01	-0.0	115_P	[-5.44828571 -0.01280952 -5.40885714]
-0.04	 0.5	0.04	-0.12	115_P	[-5.12908333  2.74416667 -4.20625   ]
-0.13	 -0.1	-0.11	0.12	115_P	[-7.352     -0.619     -2.7778125]
-0.06	 -0.11	-0.33	0.1	115_P	[-7.61771429 -2.04221429 -4.947     ]
-0.25	 -0.63	0.2	0.45	115_P	[-5.0035     -0.17536364 -4.26663636]
-0.0	 -0.16	-0.04	-0.02	115_P	[-5.98435294 -0.041      -6.91323529]
-0.11	 -0.54	0.01	0.12	115_P	[-6.08205263  1.99657895 -2.94384211]
-0.17	 -0.41	-0.14	0.2	115_P	[-5.1281  2.9762 -5.5496]
0.09	 0.56	-0.1	-0.12	116_E	[-12.25414286   2.67085714  -0.39971429]
-0.01	 0.09	-0.07	-0.04	116_E	[-13.84755   1.47115  -1.139  ]
-0.04	 0.41	-0.03	-0.06	116_E	[-10.57885714   1.90135714   0.67607143]
-0.03	 0.31	-0.07	-0.01	116_E	[-8.41993333 -0.4846      0.509     ]
-0.11	 -0.38	-0.09	0.04	116_E	[-10.654875    -1.97703125  -0.09865625]
-0.36	 -1.21	0.27	0.53	116_E	[-9.48054545 -3.37730303  0.704     ]
-0.21	 -0.93	0.06	0.26	116_E	[-12.28544444  -1.72062963   0.30918519]
0.14	 0.46	0.01	-0.25	116_E	[-8.11091667  1.78566667 -1.68766667]
0.2	 1.7	0.09	-0.37	116_E	[-10.807       -1.14655556  -2.387     ]
-0.21	 -0.59	-0.14	0.28	116_E	[-9.47773684  2.58610526 -0.09647368]
-0.09	 0.16	-0.03	0.23	116_E	[-11.57694118   0.91511765   0.84811765]
-0.07	 0.06	-0.07	-0.03	116_E	[-8.37340909 -1.0665     -1.39890909]
-0.33	 -0.73	0.15	0.43	116_E	[-8.35729412 -0.20864706  1.29864706]
0.02	 0.4	-0.13	-0.06	117_Y	[-11.28266667   3.74366667  -0.68222222]
0.12	 1.52	-0.02	-0.23	117_Y	[-12.09933333   4.16366667  -0.62666667]
-0.01	 0.5	-0.02	-0.14	117_Y	[-11.095    6.9436  -2.589 ]
-0.02	 0.11	0.08	-0.12	117_Y	[-12.75446154   7.99946154  -2.478     ]
-0.05	 -0.08	0.02	-0.05	117_Y	[-14.18821739   6.99904348  -1.119     ]
-0.09	 -0.17	0.01	-0.03	117_Y	[-12.37425   7.67425  -4.399  ]
-0.03	 0.29	-0.03	-0.07	117_Y	[-15.84354545   7.74590909  -1.35842424]
-0.1	 -0.57	0.04	0.05	117_Y	[-14.00068421   8.72721053  -4.57310526]
-0.11	 -0.68	-0.04	0.15	117_Y	[-14.7377   9.2481  -2.9046]
-0.18	 -0.98	0.03	0.26	117_Y	[-16.73472222   9.53216667  -3.90533333]
0.14	 1.24	0.02	-0.28	117_Y	[-10.15522222   4.21111111  -1.18311111]
-0.0	 -0.08	-0.1	0.03	117_Y	[-13.93485714   4.13704762  -0.99909524]
-0.11	 -0.36	-0.05	0.17	117_Y	[-11.31707407   6.02266667  -0.87262963]
0.1	 0.74	-0.0	-0.25	117_Y	[-10.80733333   6.59783333  -3.699     ]
-0.27	 -0.62	0.13	0.54	117_Y	[-14.082375    6.5004375   0.0553125]
0.35	 0.42	-0.28	-0.13	117_Y	[-11.67366667   6.88133333  -5.19122222]
-0.32	 -0.7	-0.06	0.42	117_Y	[-16.51904545   7.64868182  -0.92245455]
-0.01	 -0.58	-0.03	0.02	117_Y	[-14.65726667   8.3882      -5.72966667]
-0.08	 0.01	0.01	0.04	117_Y	[-17.874        8.10219355  -2.54651613]
0.08	 0.54	0.1	-0.35	118_N	[-12.11192308   6.98838462  -6.8585    ]
0.17	 2.31	0.11	-0.38	119_I	[-11.92608333  -1.761       -2.82708333]
-0.01	 -0.16	-0.06	-0.04	119_I	[-17.11527778  -1.74744444  -1.86338889]
-0.08	 -0.4	-0.06	0.02	119_I	[-13.80730769  -4.22876923  -3.91653846]
0.1	 0.8	0.06	-0.28	119_I	[-15.289        0.59877273  -1.85304545]
-0.06	 0.23	-0.23	-0.08	119_I	[-13.50291304  -1.97752174  -1.65286957]
-0.42	 -1.04	-0.02	0.48	119_I	[-16.46286667  -2.09806667  -1.35213333]
0.06	 0.58	-0.02	-0.18	119_I	[-17.50665217   0.17595652  -2.10386957]
0.12	 1.32	0.08	-0.37	119_I	[-16.6997  -3.2955  -3.4184]
-0.04	 0.34	-0.06	-0.03	119_I	[-12.24886364  -3.29988636  -4.39334091]
-0.05	 -0.27	-0.01	0.02	119_I	[-15.00635  -3.8074   -3.08665]
0.09	 1.29	0.05	-0.26	120_S	[-17.7818   1.6464  -2.4184]
-0.05	 0.16	-0.3	0.13	120_S	[-18.14434615   4.35126923  -1.89546154]
0.12	 1.22	0.04	-0.3	120_S	[-19.05831579   1.79026316  -2.59894737]
-0.07	 -0.13	-0.09	0.14	120_S	[-19.48366667   4.41806667  -2.661     ]
-0.01	 -0.13	0.04	-0.0	120_S	[-16.86927778   3.36930556  -1.70641667]
0.11	 1.15	0.09	-0.36	121_L	[-13.7756087    6.40069565  -9.51934783]
0.02	 0.23	-0.14	-0.03	121_L	[-14.1077619    7.55690476  -7.93933333]
-0.01	 0.14	-0.11	-0.03	121_L	[-15.05632143   6.38664286 -10.33825   ]
0.08	 0.62	0.0	-0.23	121_L	[-16.66833333   8.70255556  -7.35403704]
0.11	 1.48	0.13	-0.4	123_E	[-23.792        1.06681818  -4.933     ]
0.07	 1.89	-0.04	-0.22	123_E	[-21.6385     1.739625  -3.691625]
0.02	 0.67	-0.1	-0.08	123_E	[-20.77914286  -1.32595238  -1.60509524]
-0.22	 -0.42	-0.09	0.32	123_E	[-20.59611628   0.44846512  -1.44253488]
-0.17	 -0.26	0.02	0.17	123_E	[-19.9242    -2.916575  -1.699925]
0.13	 0.85	0.05	-0.31	123_E	[-20.66826316   2.01457895  -3.50789474]
-0.01	 0.13	-0.09	-0.06	123_E	[-22.94387097   0.38903226  -3.9063871 ]
0.08	 0.91	0.48	-0.81	124_R	[-24.971    3.6996  -6.7912]
0.08	 0.06	-0.02	-0.11	124_R	[-26.0955625   3.247      -7.7791875]
0.07	 0.97	0.01	-0.24	124_R	[-24.69642857   4.36914286  -6.78014286]
-0.02	 0.25	-0.06	-0.03	124_R	[-23.49507692   4.68707692  -4.50069231]
0.02	 0.84	0.0	-0.15	124_R	[-23.15452381   6.90785714  -5.46942857]
0.11	 1.42	0.03	-0.26	124_R	[-21.009      5.636625  -3.701375]
0.03	 0.03	-0.03	-0.06	124_R	[-20.39535294   7.11429412  -3.44788235]
-0.05	 -0.92	-0.06	0.07	124_R	[-20.88657895   9.05184211  -4.28573684]
0.17	 1.73	0.13	-0.39	124_R	[-18.83866667   6.66416667  -3.21183333]
0.01	 0.47	-0.15	-0.05	124_R	[-24.60584615   2.67557692  -5.50776923]
0.13	 0.85	0.04	-0.23	124_R	[-24.3989375   5.4728125  -7.3415625]
-0.21	 -0.8	0.07	0.35	124_R	[-24.5175       4.85177273  -4.99545455]
-0.0	 -0.01	-0.09	0.01	124_R	[-21.98571429   3.59514286  -4.04503571]
-0.27	 -1.04	0.09	0.37	124_R	[-23.2370625   6.9683125  -4.1503125]
-0.12	 -0.16	-0.05	0.14	124_R	[-22.25205   8.90615  -5.2162 ]
-0.16	 -0.27	0.04	0.12	124_R	[-19.77296552   9.75524138  -5.11172414]
0.13	 1.76	0.2	-0.46	124_R	[-18.007875    8.7300625  -5.5244375]
0.19	 1.44	0.28	-0.54	125_R	[-15.92773333   4.9352     -11.8156    ]
0.18	 1.18	0.05	-0.3	125_R	[-16.57457143   6.33619048 -12.39480952]
0.04	 0.66	0.0	-0.16	127_N	[-25.6314   1.1114  -4.6199]
-0.18	 -0.7	-0.05	0.19	127_N	[-27.36927273   1.06554545  -3.48190909]
-0.12	 -0.16	0.07	0.14	127_N	[-28.986375   2.1299    -4.874   ]
-0.08	 -0.06	0.11	0.05	127_N	[-28.39275    -1.220875   -2.8964375]
0.05	 0.51	0.05	-0.15	127_N	[-25.48931818  -0.53422727  -4.18713636]
0.04	 0.51	-0.09	-0.15	127_N	[-26.79458824   2.00723529  -5.85194118]
-0.1	 -0.15	-0.1	0.13	127_N	[-29.81191176  -0.912       -3.03882353]
0.03	 -0.16	-0.03	-0.08	127_N	[-27.74183333  -2.38441667  -3.61491667]
0.14	 1.66	0.12	-0.37	128_A	[-27.700125   2.054125  -7.51075 ]
0.08	 1.93	0.08	-0.31	128_A	[-28.478125   2.2935    -7.714   ]
0.15	 1.98	0.04	-0.24	128_A	[-31.47914286   1.63792857 -10.62892857]
-0.03	 -0.58	-0.16	0.04	128_A	[-28.74566667   4.01533333 -10.1455    ]
-0.04	 0.25	-0.08	-0.06	128_A	[-29.85572727   2.39436364  -8.46522727]
0.1	 -0.33	0.0	-0.14	128_A	[-29.63993333   3.44146667 -11.06626667]
0.07	 0.16	0.1	-0.19	128_A	[-27.63728571   3.83790476  -9.24828571]
0.07	 1.21	-0.1	-0.15	130_K	[-28.72444444  -4.06666667  -3.70911111]
0.09	 1.01	-0.02	-0.27	130_K	[-31.20332  -4.107    -2.87688]
-0.03	 0.87	-0.02	-0.2	130_K	[-29.66475  -6.40875  -2.7245 ]
0.01	 0.34	-0.22	-0.08	130_K	[-28.234       -5.099       -4.07866667]
0.12	 1.04	0.38	-0.55	130_K	[-30.59075   -2.518875  -3.633625]
-0.24	 -0.52	-0.11	0.32	130_K	[-30.61903448  -4.37375862  -2.34741379]
-0.12	 -0.23	-0.02	0.13	130_K	[-30.69258824  -7.04317647  -2.25741176]
0.04	 -0.3	-0.04	-0.03	130_K	[-28.908       -6.81653846  -3.61569231]
0.07	 0.61	-0.09	-0.09	131_M	[-34.513        1.168       -9.45071429]
0.03	 0.27	-0.03	-0.15	131_M	[-36.048        0.1105      -8.32204545]
-0.07	 0.38	-0.05	-0.02	131_M	[-33.13053846   2.03576923  -8.20923077]
0.14	 1.14	0.01	-0.33	131_M	[-30.81188889   2.10833333  -6.44633333]
0.01	 -0.02	-0.03	-0.07	131_M	[-32.1363      -0.28073333  -3.3391    ]
-0.13	 -0.83	-0.04	0.19	131_M	[-35.17512   0.71336  -3.9804 ]
-0.06	 -0.68	-0.05	0.15	131_M	[-32.05285714   2.04121429  -8.50978571]
-0.07	 -0.36	-0.03	0.16	131_M	[-34.29140909   1.90477273  -7.07154545]
-0.15	 -0.21	0.06	-0.06	131_M	[-32.01842308   2.32019231  -5.24288462]
-0.11	 -0.54	0.11	0.13	131_M	[-35.20396429  -0.61375     -3.25442857]
-0.29	 -1.14	0.26	0.48	131_M	[-34.30241176   2.20964706  -3.93405882]
-0.04	 0.09	-0.13	0.11	131_M	[-35.76742105  -0.07731579  -5.63842105]
0.05	 1.0	-0.01	-0.16	132_Y	[-33.378        1.21722222 -10.34188889]
0.05	 1.21	-0.06	-0.18	132_Y	[-33.96766667   1.338      -11.00366667]
0.2	 1.52	0.27	-0.53	132_Y	[-37.3305   -0.44825 -12.148  ]
0.01	 0.3	-0.11	-0.05	132_Y	[-35.724875   1.5695   -13.655375]
-0.0	 0.29	-0.06	-0.09	132_Y	[-36.53547059   1.89588235 -15.19835294]
0.18	 1.55	-0.02	-0.28	132_Y	[-36.94714286   1.45642857 -17.77642857]
-0.02	 -0.47	-0.02	0.06	132_Y	[-35.63125      0.85654167 -11.57591667]
0.09	 0.95	0.04	-0.21	132_Y	[-32.82255556   1.7915     -12.17555556]
-0.09	 -0.11	-0.0	0.17	132_Y	[-33.92416667   2.727      -13.78522222]
-0.03	 0.25	-0.02	0.02	132_Y	[-35.271        2.58310811 -16.66043243]
0.06	 1.04	-0.0	-0.21	134_Q	[-38.3762  -1.5839  -7.3497]
-0.11	 -0.31	0.03	0.05	134_Q	[-39.88148  -3.77896  -7.48672]
0.11	 1.49	0.12	-0.38	134_Q	[-36.74235714  -1.64914286  -6.68642857]
0.08	 1.14	-0.1	-0.18	134_Q	[-35.635      -2.5356875  -3.8099375]
-0.12	 -0.43	-0.06	0.22	134_Q	[-36.60275758  -4.38936364  -3.63966667]
-0.01	 0.2	-0.07	-0.01	134_Q	[-37.29233333  -2.96646667  -5.7256    ]
-0.01	 0.37	-0.07	-0.0	134_Q	[-33.76236667  -3.47236667  -2.68426667]
0.12	 1.1	-0.05	-0.18	135_G	[-37.41716667  -0.90683333  -7.85683333]
-0.06	 -0.61	-0.1	0.06	135_G	[-38.98175     0.096875   -8.9288125]
0.13	 1.35	0.03	-0.3	135_G	[-40.145       -1.19777778 -10.68366667]
-0.19	 -0.41	0.06	0.28	135_G	[-41.4742973   -1.23818919 -10.85575676]
-0.25	 -0.6	0.07	0.35	135_G	[-40.05025  -0.6856   -8.3078 ]
-0.14	 -0.43	0.02	0.14	135_G	[-38.3193913    0.37256522 -10.3053913 ]
0.1	 1.47	0.2	-0.54	136_K	[-41.17066667  -4.07516667 -13.349     ]
-0.04	 0.21	-0.06	0.03	136_K	[-41.96138462  -4.42607692 -11.68492308]
0.05	 0.47	-0.15	0.06	136_K	[-41.87805556  -5.77166667 -12.96322222]
0.13	 1.24	0.35	-0.51	136_K	[-39.39914286  -4.04485714 -15.44628571]
0.01	 0.39	0.1	-0.26	136_K	[-41.17810526  -2.23752632 -14.71626316]
0.0	 0.08	0.01	-0.14	136_K	[-39.666        0.48866667 -14.19361905]
0.08	 0.83	0.41	-0.71	136_K	[-39.405875   0.52075  -17.509   ]
-0.12	 -0.47	-0.04	0.07	136_K	[-41.53355556  -3.42411111 -12.95777778]
0.14	 1.02	0.04	-0.32	136_K	[-40.72033333  -4.40775    -14.333     ]
0.18	 1.46	0.2	-0.46	136_K	[-38.70916667  -3.89133333 -15.95938889]
-0.22	 -0.43	-0.07	0.22	136_K	[-40.56665217  -2.97934783 -15.72921739]
-0.01	 -0.25	-0.1	0.15	136_K	[-41.43828571  -1.415      -13.44328571]
-0.21	 -0.83	0.02	0.37	136_K	[-40.74824   0.53292 -14.62676]
0.02	 0.22	0.01	-0.13	136_K	[-38.11640741   0.31837037 -13.54755556]
-0.06	 -0.15	-0.05	0.08	136_K	[-38.49696154   1.14069231 -17.01115385]
-0.2	 -0.45	0.01	0.31	136_K	[-40.32203846  -0.44230769 -17.42215385]
0.09	 0.52	-0.22	0.01	137_G	[-41.67257143  -3.885      -10.07557143]
-0.06	 -0.66	-0.07	0.04	137_G	[-42.49392857  -5.87085714  -9.60771429]
0.14	 1.23	0.01	-0.22	137_G	[-40.13    -6.4263  -7.6479]
-0.16	 -0.23	-0.08	0.18	137_G	[-41.18358333  -8.7025      -8.46244444]
0.1	 1.07	0.02	-0.28	137_G	[-41.1608  -3.6023  -9.2479]
-0.22	 -0.53	0.11	0.38	137_G	[-41.92440909  -5.44581818  -8.26322727]
-0.07	 -0.18	0.05	0.13	137_G	[-42.65216667  -6.74605556 -10.67361111]
0.14	 1.5	0.05	-0.32	138_V	[-39.510375  -7.583625  -6.927125]
0.12	 0.51	0.0	-0.18	138_V	[-38.2665      -6.33366667  -6.23720833]
0.16	 1.35	0.26	-0.51	138_V	[-39.286      -10.00885714  -9.35528571]
0.1	 1.37	-0.01	-0.27	139_S	[-39.51585714  -9.16442857  -6.20157143]
0.05	 0.84	-0.12	-0.06	139_S	[-38.93033333 -11.48933333  -4.5585    ]
0.0	 -0.16	0.0	-0.03	139_S	[-37.87370588 -10.532       -2.90723529]
0.14	 0.95	0.02	-0.25	139_S	[-38.90963636 -10.89318182  -7.79472727]
-0.13	 -0.59	-0.05	0.18	139_S	[-39.08405882  -8.49341176  -5.26194118]
-0.3	 -0.63	0.04	0.38	139_S	[-39.61025 -11.04015  -5.36115]
-0.16	 -0.49	0.06	0.22	139_S	[-37.92973913 -12.52752174  -3.52482609]
0.1	 1.53	0.02	-0.27	140_A	[-33.293       -9.08936364  -1.71836364]
0.09	 -0.16	-0.02	-0.11	140_A	[-32.07254545  -8.78763636  -2.315     ]
-0.06	 -0.13	-0.02	0.1	140_A	[-35.017625    -7.03508333  -1.343625  ]
0.05	 0.29	0.04	-0.12	140_A	[-37.29129167  -8.07054167  -3.39604167]
-0.05	 -0.89	-0.01	0.13	140_A	[-33.28952174  -6.41765217  -1.64573913]
-0.01	 -0.11	-0.06	-0.01	140_A	[-35.93127778  -5.88122222  -2.18127778]
-0.16	 -0.37	-0.05	0.13	140_A	[-35.53563158  -8.35557895  -1.01652632]
0.03	 0.13	1.66	-1.63	141_D	[-32.3038 -12.761   -2.3186]
0.11	 0.92	0.03	-0.28	141_D	[-33.21395833 -12.84633333  -4.12016667]
0.07	 0.68	-0.01	-0.16	141_D	[-32.32019565 -13.71769565  -3.96443478]
-0.04	 0.57	0.03	-0.05	141_D	[-34.26113333 -13.6222      -1.7794    ]
-0.05	 -0.33	-0.01	0.0	141_D	[-34.5805     -11.49534375  -0.148     ]
-0.32	 -1.22	0.26	0.52	141_D	[-33.20811765 -12.43873529   0.81205882]
-0.15	 -0.72	0.01	0.24	141_D	[-36.12620513 -10.84484615  -0.39951282]
-0.03	 0.15	-0.11	0.02	141_D	[-32.16726923 -11.10946154  -2.05057692]
-0.04	 -0.39	-0.06	0.03	141_D	[-36.07105263 -13.19521053  -2.51436842]
-0.19	 -0.82	-0.05	0.1	141_D	[-33.385125   -13.945625    -1.63029167]
0.14	 1.04	0.07	-0.37	142_Q	[-30.56042857 -12.39514286  -6.21935714]
0.08	 0.5	0.0	-0.24	142_Q	[-35.181      -14.46036364  -5.82654545]
0.1	 0.64	0.17	-0.46	142_Q	[-38.5226     -13.78093333  -7.44653333]
0.08	 0.36	0.05	-0.19	142_Q	[-34.24416667 -15.32466667  -6.59008333]
0.08	 0.65	-0.08	-0.13	142_Q	[-36.13073684 -13.74531579  -5.47057895]
-0.01	 0.67	-0.18	-0.02	142_Q	[-38.19730435 -13.388       -6.67591304]
0.08	 0.58	0.07	-0.25	142_Q	[-39.17617391 -13.277       -9.14452174]
0.1	 1.31	0.21	-0.48	143_I	[-30.76481818 -11.84945455  -5.62718182]
0.07	 0.88	-0.07	-0.17	143_I	[-29.807      -11.18433333  -5.247     ]
0.01	 0.38	-0.11	-0.01	143_I	[-29.85379167  -9.62466667  -3.6205    ]
-0.13	 -0.69	-0.05	0.06	144_S	[-25.97315385 -11.63415385  -4.12546154]
0.11	 0.79	0.05	-0.25	144_S	[-26.66677778 -12.64055556  -6.48944444]
-0.02	 0.42	-0.08	0.03	144_S	[-27.43761111  -8.77883333  -3.66011111]
-0.07	 -0.45	0.05	0.07	144_S	[-24.81678261 -10.28747826  -4.00704348]
-0.54	 -0.16	0.6	0.28	144_S	[-27.43541935 -11.77512903  -4.6323871 ]
-0.01	 -0.46	-0.0	0.01	144_S	[-24.13615 -11.94435  -5.9158 ]
-0.05	 0.01	0.04	0.02	145_I	[-22.86993333  -7.45373333  -3.50806667]
-0.09	 0.24	-0.14	0.07	145_I	[-24.814125  -5.415375  -3.0565  ]
0.14	 1.24	0.03	-0.29	145_I	[-23.14544118  -3.43361765  -3.72732353]
-0.0	 -0.11	0.02	-0.06	145_I	[-25.88321053  -7.38221053  -3.84105263]
-0.03	 -0.2	-0.13	0.06	145_I	[-26.24203448  -4.28051724  -3.7547931 ]
-0.06	 -0.53	-0.04	0.09	145_I	[-23.81566667  -5.65275     -3.02333333]
0.17	 1.48	0.26	-0.52	145_I	[-27.3499375  -5.8975     -4.5818125]
-0.14	 -0.53	-0.1	0.14	145_I	[-23.3052381   -2.863       -2.79666667]
0.02	 0.21	0.0	-0.14	146_V	[-17.52422727  -8.96336364  -5.31722727]
-0.03	 0.18	-0.06	0.01	146_V	[-21.53324 -10.62436  -4.89928]
0.0	 -0.83	0.04	-0.14	146_V	[-20.86907143  -6.56764286  -4.06585714]
-0.02	 -0.43	0.01	-0.04	146_V	[-17.63580952 -10.40852381  -6.07214286]
-0.16	 -0.57	0.01	0.22	146_V	[-18.40315  -8.28125  -4.217  ]
-0.12	 -0.66	0.03	0.09	146_V	[-20.23866667 -11.233375    -6.29541667]
-0.2	 -1.16	0.07	0.27	146_V	[-20.72470588  -9.45311765  -3.75911765]
0.02	 0.53	-0.07	-0.07	147_S	[-16.35344118  -5.72041176  -4.89732353]
0.06	 0.47	-0.02	-0.19	147_S	[-19.63353571  -5.05307143  -4.19792857]
0.14	 1.26	0.16	-0.4	147_S	[-18.13208333  -3.31858333  -3.66575   ]
0.11	 0.75	0.09	-0.25	148_Y	[-14.9095     -7.9005625  -6.84     ]
0.17	 0.54	0.03	-0.29	148_Y	[-16.50763636  -8.67009091 -11.0595    ]
-0.07	 -0.32	-0.14	0.12	148_Y	[-14.86325    -9.6229375  -6.816    ]
0.1	 1.32	0.08	-0.32	148_Y	[-16.09513043 -10.488       -9.58434783]
-0.21	 -0.73	-0.05	0.26	148_Y	[-16.35011538 -11.56688462  -8.19665385]
0.12	 0.59	-0.08	-0.17	148_Y	[-13.580875    -5.580875    -6.53809375]
-0.02	 -0.07	0.15	0.13	148_Y	[-12.5325      -7.59108333  -7.785625  ]
-0.18	 -0.37	0.08	0.23	148_Y	[-13.78704167 -10.62433333  -8.002875  ]
-0.02	 0.22	1.97	0.51	148_Y	[-18.35748387 -11.50670968  -8.52690323]
0.05	 0.98	0.23	-0.52	150_K	[-10.4088  -0.9358 -11.9474]
0.12	 1.19	0.25	-0.51	150_K	[-10.37472727  -2.20636364 -12.33363636]
-0.08	 -0.04	-0.22	0.03	150_K	[ -8.27806667  -2.00406667 -11.20744444]
-0.05	 0.05	-0.09	0.0	150_K	[ -6.41291667   0.27966667 -10.26975   ]
0.08	 0.05	0.07	-0.3	150_K	[-5.349       3.61533333 -9.36641667]
0.21	 1.1	0.24	-0.47	150_K	[-11.44973913  -1.38486957 -12.34291304]
0.12	 0.71	-0.03	-0.21	150_K	[ -9.34636   0.39492 -12.04496]
0.15	 1.08	0.17	-0.43	150_K	[-7.85738462 -1.12830769 -8.84269231]
-0.05	 -0.41	-0.01	0.11	150_K	[-6.22964  0.1384  -8.78996]
0.03	 0.24	-0.05	-0.08	150_K	[ -6.77072222   0.95427778 -11.38838889]
-0.19	 -0.51	0.03	0.26	150_K	[ -4.94061538   2.66557692 -10.38634615]
0.1	 1.36	-0.0	-0.23	150_K	[-5.8916  4.5828 -9.4704]
-0.05	 -0.16	-0.01	-0.02	150_K	[-5.26113043  2.68013043 -7.80030435]
0.1	 1.6	0.2	-0.45	151_E	[ -8.20928571  -4.50385714 -11.637     ]
-0.13	 -0.15	-0.05	0.13	151_E	[ -8.23442857  -6.37588571 -11.13577143]
0.04	 0.39	-0.12	-0.19	151_E	[-10.79216667  -6.93191667  -8.37433333]
0.11	 1.09	0.24	-0.57	151_E	[-11.22925     -4.78591667  -6.32016667]
-0.07	 -0.01	-0.09	-0.03	151_E	[-7.837      -3.34833333 -6.72558333]
-0.3	 -1.07	0.22	0.45	151_E	[-6.88134483 -4.90689655 -7.20693103]
0.09	 0.53	-0.03	-0.24	151_E	[-8.53388095 -2.19004762 -6.17066667]
-0.0	 0.56	-0.14	-0.01	151_E	[-7.70878571 -3.96921429 -9.62785714]
-0.16	 -0.19	-0.09	0.17	151_E	[-9.11994737 -6.77547368 -8.38526316]
-0.26	 -0.66	-0.54	0.77	151_E	[-10.40968  -5.58344  -6.07064]
0.05	 0.68	0.01	-0.24	152_K	[-10.703       -6.96833333 -14.36783333]
0.09	 1.06	0.22	-0.5	152_K	[-11.02514286  -6.817      -14.89328571]
0.17	 1.5	0.24	-0.5	152_K	[-12.3575   -6.55325 -15.293  ]
0.03	 0.42	-0.05	-0.13	152_K	[-11.16716667  -8.308       -9.81783333]
0.06	 1.21	-0.04	-0.21	152_K	[-11.685  -9.576 -10.058]
-0.0	 0.32	0.02	-0.19	152_K	[-11.21847619 -10.39595238 -12.50309524]
0.03	 -2.05	-0.02	-0.14	152_K	[-12.08990909 -12.23845455 -12.14954545]
-0.02	 -0.75	-0.07	-0.05	152_K	[-10.15106667  -7.19326667 -13.90793333]
-0.01	 -0.39	-0.22	0.07	152_K	[-12.71048148  -7.58162963 -14.28281481]
-0.03	 -0.05	-0.05	-0.07	152_K	[-10.0018      -8.25313333 -11.4418    ]
0.13	 1.33	0.33	-0.56	152_K	[-11.52611111  -7.71033333  -9.27866667]
0.12	 0.67	-0.01	-0.18	152_K	[-12.49071429 -10.05342857  -9.69828571]
0.06	 0.54	-0.03	-0.14	152_K	[-14.28376  -9.53636 -12.08544]
-0.21	 -0.46	-0.05	0.23	152_K	[-11.18734783  -9.87791304 -13.55865217]
-0.19	 -0.36	0.04	0.26	152_K	[-10.51992308 -10.55696154 -10.95992308]
-0.41	 -1.04	0.31	0.6	152_K	[-11.49357895 -12.92126316 -12.07578947]
-0.22	 -0.4	-0.27	0.32	152_K	[-13.65768 -11.7218  -10.81304]
-0.38	 -1.17	0.31	0.58	152_K	[-13.12094737 -11.90378947 -13.58757895]
0.23	 1.0	0.25	-0.5	153_P	[-11.26479167  -2.51333333 -14.262     ]
-0.08	 -0.16	-0.0	0.04	153_P	[-10.4965814   -6.33018605 -17.06567442]
0.09	 1.53	0.15	-0.37	153_P	[ -8.25142857  -1.81735714 -16.89742857]
0.01	 -0.17	-0.06	-0.02	153_P	[ -7.3041  -3.799  -14.9969]
-0.02	 0.28	-0.06	-0.05	153_P	[ -7.74525   -4.326625 -13.234375]
-0.07	 0.34	3.17	0.16	153_P	[ -9.6293    -1.301225 -15.499775]
-0.04	 0.08	-0.12	-0.05	153_P	[ -7.79168966  -4.9307931  -16.7952069 ]
-0.17	 -0.42	-0.14	0.21	153_P	[ -6.93307143  -2.93307143 -15.10360714]
-0.09	 -0.28	0.05	0.09	153_P	[ -8.46246154  -5.84630769 -14.19253846]
0.11	 1.06	0.17	-0.42	153_P	[ -8.94576923  -2.80188462 -13.23596154]
0.16	 0.53	-0.01	-0.21	154_A	[ -9.6547  -5.1017 -19.4288]
-0.18	 -0.71	0.01	0.28	154_A	[-10.96388889  -6.23866667 -21.08394444]
0.02	 0.42	-0.04	-0.1	154_A	[-15.07390909  -4.57077273 -20.02118182]
-0.04	 0.08	0.03	-0.02	154_A	[-12.9717619   -6.4557619  -18.73061905]
-0.17	 -0.05	-0.07	0.17	154_A	[-14.21089474  -5.00810526 -21.43121053]
0.03	 0.37	-0.07	-0.11	154_A	[-15.480875   -4.6826875 -19.079125 ]
0.07	 2.01	0.02	-0.32	155_V	[ -8.785375  -4.477625 -20.25825 ]
0.14	 1.19	0.16	-0.43	155_V	[ -8.53522222  -3.92222222 -19.19205556]
0.15	 1.36	0.09	-0.36	155_V	[ -8.212       -0.82409091 -18.52336364]
-0.03	 0.03	0.0	-0.05	155_V	[ -9.07361111  -1.466      -24.38022222]
-0.1	 -1.24	-0.14	0.09	155_V	[-11.84494118  -3.88082353 -23.985     ]
-0.09	 -0.99	-0.13	0.01	155_V	[ -8.91947059  -4.89652941 -21.30747059]
-0.09	 -0.27	0.01	0.08	155_V	[-10.07746429  -0.38539286 -24.09753571]
-0.08	 -0.49	0.09	0.13	155_V	[ -8.47304348  -2.90547826 -24.03956522]
-0.06	 0.01	0.09	0.05	155_V	[-12.19241667  -1.981375   -24.376125  ]
-0.18	 -0.73	0.11	0.34	155_V	[-10.48305556  -4.58555556 -23.75905556]
0.15	 1.33	0.07	-0.32	155_V	[-12.87226667  -4.29993333 -22.70086667]
0.05	 0.2	-0.1	-0.03	156_L	[ -4.60725   -0.854125 -22.135125]
-0.07	 -0.51	0.01	0.05	156_L	[ -6.454375    -0.683625   -23.24754167]
0.07	 0.84	-0.04	-0.15	156_L	[ -3.54833333  -2.47491667 -21.38766667]
0.06	 0.47	-0.09	0.09	156_L	[ -5.30333333  -5.45933333 -18.94466667]
-0.15	 -0.9	-0.0	0.23	156_L	[ -2.87630769  -5.31061538 -20.18146154]
-0.02	 0.25	-0.01	-0.06	156_L	[ -4.64376667  -3.65963333 -17.3274    ]
0.0	 0.31	-0.11	0.01	156_L	[ -6.89729412  -3.78982353 -22.16358824]
0.16	 0.8	0.02	-0.25	156_L	[ -6.7561   -1.06855 -18.56345]
-0.11	 -0.45	-0.1	0.19	156_L	[ -4.5376087   -3.28673913 -22.12195652]
-0.04	 -0.14	-0.05	0.1	156_L	[ -3.40575  -1.68815 -20.3321 ]
-0.04	 0.11	-0.09	0.06	156_L	[ -6.67722581  -4.699      -19.57270968]
-0.24	 -0.88	0.14	0.37	156_L	[ -3.67456  -6.07036 -18.92056]
-0.17	 -0.75	0.24	0.3	156_L	[ -3.99456522  -5.24073913 -21.48543478]
-0.23	 -1.02	0.18	0.39	156_L	[ -2.15473684  -3.84894737 -19.63831579]
-0.13	 -0.68	-0.09	0.23	156_L	[ -5.18434615  -4.81569231 -17.02515385]
-0.28	 -1.21	0.19	0.35	156_L	[ -3.41994444  -2.70761111 -17.67566667]
0.03	 0.1	0.03	-0.18	156_L	[ -6.08916667  -2.19141667 -17.38383333]
0.09	 1.02	-0.13	-0.14	157_G	[ -3.863875   0.286625 -20.293125]
0.03	 0.26	0.0	-0.21	157_G	[ -4.74416667   1.29441667 -22.60566667]
0.08	 0.78	-0.02	-0.2	157_G	[ -6.82074194   1.67677419 -18.5796129 ]
-0.01	 0.31	-0.22	-0.03	157_G	[ -4.67588235   0.06208824 -18.82635294]
-0.12	 -0.32	-0.05	0.14	157_G	[ -3.59803846   1.40115385 -21.5085    ]
0.0	 -0.22	-0.01	-0.05	157_G	[ -6.18293333   2.2358     -22.88893333]
0.17	 0.79	-0.02	-0.24	158_H	[ -4.42233333   6.42244444 -21.54188889]
-0.13	 -0.53	-0.02	0.17	158_H	[ -5.21210345   8.37703448 -20.15048276]
-0.0	 0.96	-0.02	-0.08	158_H	[ -2.63145455   6.73863636 -19.12454545]
-0.08	 0.11	-0.06	0.13	158_H	[ -1.93328571   5.42942857 -17.80642857]
0.07	 0.89	-0.02	-0.14	158_H	[ -3.07175      4.85766667 -16.42208333]
-0.16	 -0.53	-0.07	0.21	158_H	[ -0.95927273   3.88636364 -19.4135    ]
-0.07	 -0.22	-0.08	0.09	158_H	[ -2.51853846   2.47041026 -16.80566667]
0.02	 0.71	-0.07	-0.12	158_H	[ -1.96988   2.03176 -18.903  ]
0.0	 0.08	-0.05	-0.06	158_H	[ -4.59971429   4.20896429 -22.25307143]
-0.15	 -0.39	0.02	0.2	158_H	[ -2.46194737   6.02078947 -20.44152632]
-0.07	 -0.4	0.02	0.15	158_H	[ -3.71029412   6.91647059 -17.86117647]
-0.2	 -0.73	0.15	0.41	158_H	[ -1.31495455   3.89977273 -20.709     ]
-0.29	 -1.1	0.13	0.48	158_H	[ -2.4          1.73944444 -15.93461111]
-0.45	 -1.07	0.35	0.62	158_H	[ -0.40389474   1.75910526 -18.51315789]
-0.11	 -0.5	-0.13	0.11	159_D	[ -6.4893   8.7429 -23.9924]
-0.06	 -0.2	-0.01	-0.09	159_D	[ -6.75352941   6.07617647 -24.40347059]
-0.01	 0.18	-0.08	-0.07	159_D	[ -7.01229412   4.11882353 -23.79194118]
-0.22	 -0.81	0.1	0.34	159_D	[ -7.2606     6.544775 -26.0746  ]
0.01	 0.39	0.0	-0.13	159_D	[ -7.52962963   8.85351852 -21.00444444]
-0.12	 -0.91	0.0	0.17	159_D	[ -7.99265217   8.81747826 -24.09708696]
-0.12	 -0.36	0.05	0.19	159_D	[ -5.39625926   7.73685185 -23.1912963 ]
0.11	 1.31	0.07	-0.3	160_E	[ -9.6394       8.81013333 -20.81493333]
0.13	 1.3	0.01	-0.31	160_E	[-12.661375   7.146875 -24.193375]
-0.09	 0.26	-0.1	0.13	160_E	[-11.41783333  10.499      -22.84366667]
-0.08	 -0.21	-0.11	0.04	160_E	[-14.14515385   9.51753846 -22.83184615]
-0.11	 0.65	-0.01	0.12	160_E	[-14.12418182  10.30672727 -20.26363636]
0.07	 0.49	-0.05	-0.17	160_E	[-12.63826087   9.88047826 -19.15795652]
-0.08	 0.24	0.02	-0.05	160_E	[-15.94092857   9.02028571 -20.40625   ]
-0.08	 -0.06	-0.14	0.03	160_E	[ -9.69573684   9.33789474 -22.99768421]
-0.16	 -0.61	0.14	0.18	160_E	[-11.54542105  10.46731579 -21.41557895]
-0.12	 -0.17	0.13	0.11	160_E	[-11.71403846   9.24261538 -24.00696154]
-0.33	 -0.82	0.22	0.52	160_E	[-14.11505263  10.47852632 -22.79436842]
0.0	 0.02	-0.06	0.04	160_E	[-14.28496154   7.74896154 -23.39557692]
0.03	 0.28	-0.11	-0.06	161_A	[-11.5609   7.0552 -24.9401]
0.07	 1.26	0.13	-0.34	161_A	[-12.347875   4.659625 -25.40075 ]
-0.01	 0.44	-0.18	-0.16	161_A	[-10.67566667   2.15577778 -24.07133333]
0.04	 0.06	-0.08	-0.07	161_A	[-12.69272727   2.16854545 -24.11709091]
-0.11	 -0.58	-0.03	0.13	161_A	[-10.09553846   4.01942308 -26.30269231]
0.04	 0.16	-0.11	-0.05	161_A	[-10.10266667   7.36546667 -24.896     ]
-0.16	 -0.1	-0.06	0.23	161_A	[-13.05452381   5.248      -25.20209524]
-0.21	 -0.85	0.17	0.4	161_A	[-11.12891667   3.268375   -26.39845833]
-0.21	 -0.85	0.13	0.34	161_A	[-10.53740909   5.88972727 -26.78195455]
0.03	 0.07	-0.09	0.02	161_A	[ -8.76873333   3.85493333 -25.13893333]
0.11	 1.38	0.04	-0.3	162_A	[ -9.59088889   2.72033333 -23.83666667]
0.1	 0.71	0.32	-0.18	162_A	[ -9.835        1.68016667 -23.3245    ]
0.09	 0.29	-0.04	-0.17	162_A	[ -8.33882609   1.8546087  -23.17434783]
0.1	 1.8	0.12	-0.44	163_Y	[ -9.5916   8.5984 -19.185 ]
0.09	 1.45	0.01	-0.26	163_Y	[ -8.757        8.60763636 -19.14236364]
0.02	 0.06	-0.05	-0.07	163_Y	[ -6.07396154   7.5575     -16.35207692]
0.13	 0.91	0.04	-0.22	163_Y	[-10.53795   9.0392  -18.91195]
0.24	 1.26	0.23	-0.48	163_Y	[ -8.12546429   3.13810714 -16.95582143]
-0.02	 -0.43	-0.02	-0.03	163_Y	[ -8.23785714   9.18342857 -17.86771429]
0.1	 1.04	0.09	-0.22	163_Y	[ -4.7522   6.5398 -16.6848]
0.06	 0.79	0.01	-0.19	164_S	[-16.76125   2.42675 -22.09825]
0.17	 1.06	0.07	-0.37	164_S	[-18.08481481   3.42707407 -20.39596296]
-0.03	 0.51	0.07	-0.18	164_S	[-16.50921053   5.56578947 -22.64494737]
-0.06	 0.01	-0.0	0.12	164_S	[-15.24458065   4.30525806 -23.7       ]
-0.14	 -0.14	-0.05	0.27	164_S	[-17.462875     4.7896875  -21.80521875]
0.01	 0.39	0.02	-0.07	164_S	[-16.31116667   6.99566667 -21.91266667]
0.16	 1.35	0.13	-0.41	164_S	[-14.06566667   6.02977778 -23.84622222]
0.1	 1.0	0.2	-0.47	165_K	[-15.403        1.993      -22.74633333]
0.06	 1.05	0.1	-0.36	165_K	[-15.82225      1.23716667 -22.88575   ]
0.22	 1.52	0.3	-0.54	165_K	[-16.50647368  -2.28663158 -20.57178947]
0.12	 0.63	0.13	-0.38	165_K	[-13.45216667  -1.06283333 -24.0195    ]
0.06	 0.21	-0.09	-0.13	165_K	[-15.62216667  -0.89275    -24.42833333]
-0.08	 0.09	-0.19	0.05	165_K	[-15.49678571  -3.95471429 -23.89135714]
0.04	 -2.11	-0.07	-0.09	165_K	[-17.63181818  -3.42436364 -25.07545455]
0.11	 1.4	0.05	-0.24	165_K	[-16.956625   0.911    -22.483125]
0.05	 0.33	-0.06	-0.13	165_K	[-13.61160714   0.39439286 -23.71382143]
0.03	 0.27	-0.37	-0.05	165_K	[-13.40542857  -1.44642857 -24.21714286]
0.09	 1.29	0.04	-0.19	165_K	[-17.4171  -0.5767 -23.7935]
-0.13	 -0.53	-0.01	0.15	165_K	[-15.14260714  -0.83728571 -24.90614286]
-0.13	 0.15	-0.03	0.13	165_K	[-14.69803125  -3.6409375  -24.47371875]
0.39	 0.55	-0.32	0.07	165_K	[-16.7377      -3.8474     -22.42603333]
-0.29	 -0.75	0.25	0.39	165_K	[-17.39788462  -4.17653846 -25.48457692]
-0.14	 -0.16	-0.31	0.17	165_K	[-19.00825     -2.64316667 -24.64308333]
-0.25	 -0.31	0.43	0.06	165_K	[-17.17173913  -1.82443478 -25.88582609]
0.05	 0.59	-0.06	-0.17	166_N	[ -9.165875   0.281875 -17.587125]
0.15	 1.47	0.35	-0.6	166_N	[-11.71661538  -0.08276923 -15.50138462]
0.15	 0.83	0.17	-0.36	166_N	[ -8.83573333  -0.17486667 -18.13313333]
0.09	 0.5	-0.28	-0.07	166_N	[ -9.72141935   1.13754839 -16.80454839]
0.15	 1.16	0.27	-0.46	167_R	[-15.75275    5.797125 -13.892125]
0.13	 1.39	0.17	-0.49	167_R	[-17.18146667   8.40853333 -19.73626667]
0.08	 0.92	-0.04	-0.24	167_R	[-15.45977273   6.82227273 -14.18540909]
-0.05	 0.23	-0.24	-0.01	167_R	[-18.07562069   7.28034483 -19.90375862]
0.08	 1.19	0.13	-0.4	168_R	[-17.42872727  -3.69709091 -18.68627273]
0.13	 1.23	0.09	-0.41	168_R	[-16.5036  -4.2248 -18.5486]
0.08	 0.79	-0.02	-0.25	168_R	[-14.34084615  -6.58092308 -15.825     ]
0.16	 1.2	0.13	-0.38	168_R	[-17.17658333  -2.97266667 -19.174     ]
0.05	 0.44	-0.19	-0.09	168_R	[-17.3801   -5.21335 -18.1128 ]
-0.13	 -0.5	-0.1	0.17	168_R	[-15.58223333  -6.58993333 -16.55456667]
0.09	 1.63	-0.02	-0.2	168_R	[-13.36566667  -6.375      -16.17925   ]
0.11	 1.32	0.06	-0.37	170_V	[-20.791   -8.6137 -18.6671]
-0.08	 -0.07	-0.08	0.07	170_V	[-20.09517241  -9.15696552 -17.22051724]
0.06	 0.34	-0.04	-0.07	170_V	[-18.86409091  -6.92124242 -17.22724242]
0.16	 1.62	0.09	-0.36	171_L	[-25.98515 -11.27035 -17.39245]
0.02	 0.52	0.14	-0.25	172_V	[-21.33340909 -12.52895455 -16.13563636]
0.12	 0.6	-0.04	-0.15	172_V	[-24.9515     -12.80641667 -16.67391667]
0.08	 0.49	-0.03	-0.16	172_V	[-22.83723529 -14.51152941 -15.01488235]
-0.13	 -0.43	-0.1	0.19	172_V	[-20.41519048 -12.07619048 -15.37019048]
-0.06	 -0.15	-0.06	0.09	172_V	[-22.86053846 -12.72111538 -17.03738462]
0.18	 1.51	0.26	-0.51	172_V	[-20.30307143 -12.46607143 -13.46714286]
0.16	 1.21	0.1	-0.38	173_Y	[-26.75052381 -17.20480952 -12.62652381]
-0.16	 -0.5	0.02	0.17	173_Y	[-25.06855882 -17.65432353 -14.81291176]
-0.05	 -0.08	-0.05	-0.02	173_Y	[-28.58638462 -17.04446154 -15.18453846]
0.04	 0.56	-0.02	-0.22	173_Y	[-29.67413333 -15.95913333 -15.48513333]
0.14	 1.42	0.43	-0.65	173_Y	[-30.3701 -16.308  -14.7721]
-0.09	 -0.6	-0.0	0.02	173_Y	[-29.14953846 -14.52838462 -16.96      ]
0.0	 0.29	-0.12	-0.04	173_Y	[-30.15291667 -13.231      -17.23145833]
0.11	 1.65	0.07	-0.34	173_Y	[-31.18725  -12.602125 -16.89025 ]
0.18	 1.74	0.23	-0.47	173_Y	[-32.0162 -11.964  -16.7715]
0.04	 -0.37	-0.07	-0.01	173_Y	[-25.0566     -14.92866667 -15.99486667]
-0.18	 -1.11	0.16	0.21	173_Y	[-27.18206667 -16.3418     -16.32346667]
-0.11	 0.39	-0.17	-0.06	173_Y	[-28.595      -17.28225806 -13.79587097]
-0.03	 -0.21	-0.06	0.15	173_Y	[-27.092   -13.48025 -17.15905]
0.06	 0.43	-0.11	-0.23	173_Y	[-28.72225 -12.359   -17.889  ]
0.07	 0.89	0.02	-0.27	174_L	[-22.47433333 -18.522      -12.045     ]
-0.2	 -0.92	0.08	0.28	174_L	[-24.22452381 -19.49816667 -11.29730952]
-0.25	 -0.64	1.08	0.47	174_L	[-26.17863158 -18.62671053 -10.62439474]
0.06	 0.89	-0.06	-0.13	174_L	[-22.62788889 -17.22766667  -9.39277778]
-0.09	 -0.45	-0.04	0.16	174_L	[-20.82734783 -14.64317391  -9.36847826]
-0.07	 -0.89	-0.0	0.09	174_L	[-20.53471429 -15.80292857 -13.2575    ]
0.23	 2.25	0.14	-0.39	174_L	[-25.8649375 -15.6219375 -10.5589375]
-0.1	 0.52	-0.05	0.11	174_L	[-22.7966     -18.24213333 -13.19086667]
-0.06	 -0.08	0.02	0.06	174_L	[-24.0943125 -16.3755625  -9.4998125]
-0.18	 -0.56	0.06	0.16	174_L	[-21.94872222 -18.17261111 -10.60383333]
0.02	 0.22	-0.22	-0.16	174_L	[-20.15341667 -13.379      -10.347125  ]
0.03	 -0.79	-0.09	0.04	174_L	[-22.47245455 -14.53418182  -8.60518182]
-0.22	 -0.95	0.07	0.32	174_L	[-20.46078261 -15.906       -9.62417391]
-0.09	 0.0	0.02	-0.02	174_L	[-20.3236 -14.3321 -13.277 ]
-0.15	 -0.64	0.2	0.24	174_L	[-20.15728 -16.8184  -11.99432]
-0.02	 -0.3	0.0	0.01	174_L	[-22.19953333 -16.30893333 -14.12046667]
