-0.16	 -0.71	0.04	0.21	1_Q	[ 34.328      -25.28339474   5.50742105]
-0.18	 -0.82	0.09	0.23	1_Q	[ 33.916      -22.84346429   4.52792857]
-0.12	 -0.59	-0.05	0.14	1_Q	[ 34.26427273 -22.93745455   2.35818182]
-0.03	 -0.18	-0.16	-0.0	1_Q	[ 33.63792857 -24.56         2.15671429]
-0.2	 -1.01	0.06	0.26	1_Q	[ 35.98       -21.62313514   5.18181081]
-0.19	 -0.91	0.1	0.21	1_Q	[ 37.36764444 -23.05391111   6.637     ]
0.01	 -0.09	-0.04	-0.06	1_Q	[ 38.43216667 -24.10383333   5.13225   ]
0.09	 0.98	-0.01	-0.22	1_Q	[ 38.8756 -26.0335   4.767 ]
-0.18	 -0.65	0.01	0.23	1_Q	[ 40.17745902 -23.69159016   5.07437705]
-0.08	 -0.28	0.06	0.05	2_G	[ 36.76145 -22.29165   2.34795]
-0.2	 -1.13	0.11	0.33	2_G	[ 36.24961364 -23.024        0.24422727]
-0.05	 -0.03	-0.16	0.04	2_G	[ 37.31641667 -24.675       -0.77483333]
0.07	 0.18	0.04	-0.2	2_G	[ 35.42414286 -25.65228571  -0.53385714]
0.0	 0.06	-0.04	-0.17	3_Q	[ 38.7833  -23.73825   1.30395]
-0.02	 0.25	-0.03	-0.11	3_Q	[ 39.664      -26.17752381  -0.34428571]
0.1	 0.94	-0.07	-0.21	3_Q	[ 39.52794118 -28.68264706   2.52741176]
0.01	 -0.95	-0.03	-0.08	3_Q	[ 39.6073125 -28.755375    0.27275  ]
-0.05	 -0.17	-0.1	0.02	3_Q	[ 40.70085714 -26.78010714   2.65135714]
-0.11	 -0.22	-0.12	0.09	3_Q	[ 41.10912195 -24.02273171   1.67941463]
-0.11	 -0.56	-0.15	0.15	3_Q	[ 42.74221429 -25.01085714   1.73939286]
-0.26	 -1.01	0.13	0.35	3_Q	[ 43.69207143 -26.22397619   2.2432381 ]
-0.3	 -1.27	0.22	0.47	3_Q	[ 43.83203922 -23.7754902    0.31862745]
0.16	 1.1	0.08	-0.31	4_A	[ 38.79133333 -27.29833333   3.86955556]
0.1	 1.21	0.0	-0.25	4_A	[ 38.66866667 -28.749        4.05591667]
0.1	 0.19	-0.14	-0.11	4_A	[ 34.6926 -28.8353   3.5271]
0.01	 0.11	-0.0	-0.12	4_A	[ 35.24004545 -30.71263636   2.73136364]
-0.1	 -0.11	-0.03	0.06	4_A	[ 36.23142105 -27.95101754   5.19363158]
0.08	 1.06	0.05	-0.35	5_A	[ 34.223625 -27.75375    3.210375]
-0.05	 -0.01	-0.15	0.01	5_A	[ 33.16418182 -28.86836364   2.22990909]
0.04	 0.3	-0.11	-0.07	5_A	[ 34.02081818 -26.91154545  -1.15872727]
-0.01	 0.12	-0.06	-0.11	5_A	[ 32.65691667 -28.72433333  -1.4165    ]
-0.17	 -0.89	0.07	0.26	5_A	[ 32.48534921 -26.84039683   1.18242857]
0.12	 1.36	0.19	-0.47	6_A	[ 35.2666 -26.543   -1.146 ]
-0.04	 0.35	-0.06	-0.04	6_A	[ 35.28057143 -27.58047619  -2.83433333]
0.11	 0.42	-0.02	-0.17	6_A	[ 37.46330769 -29.977       -3.39246154]
0.14	 1.16	-0.01	-0.23	6_A	[ 35.88308333 -29.95816667  -4.1585    ]
-0.17	 -0.94	0.04	0.24	6_A	[ 37.71466667 -27.25857895  -2.89905263]
0.13	 1.1	-0.03	-0.2	7_R	[ 38.86890909 -29.75163636  -1.53718182]
-0.08	 -0.28	-0.11	0.07	7_R	[ 38.62227778 -32.06694444  -2.31216667]
0.15	 0.55	-0.12	-0.11	7_R	[ 36.63825 -33.40925   0.50725]
0.01	 0.44	0.04	-0.11	7_R	[ 36.95310526 -34.12373684  -1.66015789]
-0.13	 -0.8	-0.02	0.2	7_R	[ 39.56813333 -32.47506667  -0.07835556]
0.13	 0.99	-0.03	-0.22	7_R	[ 37.773  -31.8051   1.6631]
-0.21	 -1.07	0.06	0.28	7_R	[ 39.92252632 -32.24834211   2.44776316]
0.07	 0.66	0.03	-0.2	7_R	[ 38.20095455 -30.98318182   3.80668182]
-0.08	 -0.11	-0.03	0.09	7_R	[ 39.38842308 -31.63430769   4.94280769]
-0.25	 -1.18	0.12	0.4	7_R	[ 40.70861818 -32.93865455   5.45378182]
-0.27	 -0.86	0.11	0.33	7_R	[ 38.53993617 -30.70857447   6.47585106]
-0.03	 0.22	0.05	-0.03	8_A	[ 34.16146154 -33.43953846   0.59588462]
0.15	 0.97	-0.06	-0.15	8_A	[ 33.14133333 -34.7125      -1.19683333]
-0.18	 -1.12	-0.03	0.25	8_A	[ 32.52441667 -31.78045833   1.2471875 ]
0.17	 1.59	0.25	-0.5	9_A	[ 32.07045455 -30.82127273  -1.25136364]
-0.02	 0.29	-0.08	-0.05	9_A	[ 31.283      -31.11505882  -3.53658824]
0.03	 0.42	-0.05	-0.06	9_A	[ 32.9625    -31.647875   -6.0555625]
0.05	 -0.29	-0.06	-0.07	9_A	[ 31.83015 -32.9147   -6.14405]
-0.21	 -1.14	0.1	0.29	9_A	[ 32.52028 -29.17314  -4.26362]
0.04	 0.57	-0.08	-0.13	10_A	[ 34.79930769 -30.60069231  -5.36223077]
-0.08	 0.09	-0.18	0.04	10_A	[ 34.98465385 -32.33469231  -7.15323077]
0.05	 1.0	0.05	-0.22	10_A	[ 36.46622222 -35.35766667  -6.05966667]
-0.02	 0.26	-0.04	-0.09	10_A	[ 35.44609524 -35.12738095  -7.59195238]
-0.14	 -0.78	-0.01	0.22	10_A	[ 37.43331343 -32.28671642  -5.35131343]
0.07	 0.71	-0.02	-0.22	11_A	[ 36.29128571 -36.69338095  -4.66933333]
0.04	 1.29	-0.06	-0.06	11_A	[ 33.1485 -37.5999  -2.9219]
-0.02	 0.04	-0.11	-0.05	11_A	[ 34.1601875 -38.9089375  -4.3015625]
-0.14	 -0.67	0.01	0.21	11_A	[ 36.008375   -36.52060938  -2.29825   ]
0.1	 0.87	0.05	-0.26	12_D	[ 32.54308333 -35.91283333  -2.21066667]
0.05	 0.32	-0.1	-0.11	12_D	[ 30.58482609 -37.04817391  -3.09330435]
0.18	 1.61	0.35	-0.6	12_D	[ 29.91483333 -38.17175     -4.49508333]
-0.11	 0.03	-0.19	0.08	12_D	[ 29.19446429 -34.28078571  -4.53939286]
-0.05	 0.2	-0.0	-0.04	12_D	[ 29.6027 -34.4544  -2.2518]
-0.26	 -0.54	-0.04	0.36	12_D	[ 30.0725625  -35.24933333  -0.99752083]
-0.12	 -0.13	-0.02	0.09	12_D	[ 30.350625   -32.375875    -1.67590625]
0.16	 1.8	0.19	-0.45	13_L	[ 30.4621875 -34.7645     -6.480375 ]
0.1	 1.65	0.32	-0.57	13_L	[ 30.22328571 -34.938       -7.32457143]
0.15	 0.79	-0.18	-0.1	13_L	[ 33.593    -37.04575   -9.531375]
-0.06	 -0.29	-0.01	0.07	13_L	[ 31.72779167 -38.32495833  -9.79070833]
0.08	 1.3	0.06	-0.33	13_L	[ 32.04462069 -34.21558621  -8.17310345]
-0.08	 -0.05	-0.08	0.08	13_L	[ 33.01294118 -35.52794118 -10.50841176]
-0.55	 -0.54	0.12	0.24	13_L	[ 29.9598     -34.84906154 -10.09003077]
-0.19	 -1.09	0.07	0.32	13_L	[ 33.36665278 -32.93793056 -10.23506944]
0.08	 0.76	0.01	-0.24	14_A	[ 34.523  -36.5877  -8.6221]
-0.14	 -0.44	-0.02	0.19	14_A	[ 34.64872222 -38.74805556  -9.34177778]
0.1	 0.41	-0.05	-0.14	14_A	[ 33.69568421 -40.29063158  -7.19131579]
-0.23	 -0.88	0.06	0.29	14_A	[ 34.28743182 -41.56402273  -7.802     ]
-0.17	 -0.88	0.03	0.24	14_A	[ 36.52522857 -38.33057143  -7.06705714]
-0.12	 -0.56	-0.03	0.12	15_A	[ 32.75693333 -41.96486667  -5.7524    ]
-0.02	 -0.33	-0.09	0.06	15_A	[ 30.94761538 -41.81553846  -7.83823077]
-0.13	 -0.38	-0.08	0.22	15_A	[ 29.24248936 -41.70706383  -5.9962766 ]
-0.17	 -0.71	0.06	0.25	15_A	[ 31.60281967 -40.53790164  -3.77963934]
0.1	 1.39	0.11	-0.35	16_G	[ 31.43711111 -40.48933333  -8.66744444]
-0.19	 -0.62	0.05	0.19	16_G	[ 29.13740541 -40.07648649  -9.46572973]
0.07	 0.56	-0.05	-0.17	16_G	[ 27.70203846 -39.28053846  -7.90965385]
-0.18	 -0.38	-0.1	0.23	16_G	[ 26.67195556 -38.32664444  -9.34828889]
0.14	 1.3	0.13	-0.4	17_Q	[ 26.73220588 -35.50588235  -7.79655882]
0.06	 0.81	-0.12	-0.16	17_Q	[ 27.91122 -34.47792  -7.00196]
0.01	 0.21	-0.06	-0.11	17_Q	[ 27.24817391 -36.83082609  -4.36063043]
-0.15	 -0.57	-0.12	0.22	17_Q	[ 26.494      -39.21185714  -3.97122449]
-0.19	 -0.59	-0.05	0.21	17_Q	[ 24.19627273 -39.85945455  -3.82281818]
-0.19	 -0.59	0.07	0.29	17_Q	[ 23.74347727 -39.31034091  -6.04597727]
-0.24	 -0.85	0.13	0.38	17_Q	[ 23.21989583 -37.48808333  -3.6283125 ]
0.12	 1.18	-0.02	-0.23	18_D	[ 24.50806667 -37.38606667  -7.78873333]
0.11	 1.73	-0.08	-0.23	18_D	[ 26.09   -35.1652  -9.5912]
0.14	 1.35	0.06	-0.31	18_D	[ 23.59978261 -34.15856522  -6.853     ]
-0.14	 0.17	-0.19	0.13	18_D	[ 22.89428205 -35.2405641   -5.85861538]
-0.11	 -0.38	0.0	0.1	18_D	[ 23.86385106 -35.84391489  -9.711     ]
-0.05	 -0.33	-0.01	0.01	18_D	[ 24.21661538 -33.69942308 -10.89753846]
-0.75	 -0.03	0.27	0.2	18_D	[ 25.90315909 -33.31115909 -10.24388636]
-0.29	 -0.86	0.03	0.41	18_D	[ 22.78804444 -33.70511111 -11.39028889]
-0.08	 -0.54	-0.09	0.09	19_D	[ 23.391      -32.08066667  -5.0106    ]
0.16	 0.94	0.02	-0.27	19_D	[ 21.1221 -33.3701  -6.8766]
-0.06	 -0.25	-0.03	0.0	19_D	[ 21.50888636 -31.40325     -8.35109091]
-0.08	 -0.08	-0.11	0.06	19_D	[ 23.47945455 -29.88352727  -6.66952727]
-0.02	 0.07	0.01	-0.03	19_D	[ 26.3441     -31.23056667  -6.94343333]
-0.23	 -0.35	0.03	0.22	19_D	[ 26.50656098 -32.27868293  -5.80290244]
-0.31	 -0.87	0.08	0.41	19_D	[ 26.33570455 -30.03538636  -8.17995455]
-0.04	 -0.17	-0.12	0.08	20_E	[ 21.5108  -31.8225   -4.50675]
0.13	 0.7	-0.14	-0.18	20_E	[ 19.17371429 -31.67085714  -7.28114286]
0.08	 0.4	-0.03	-0.2	20_E	[ 21.01177778 -29.79322222  -4.43266667]
-1.41	 -0.19	-0.17	0.01	20_E	[ 19.05347222 -30.47305556  -2.53655556]
-0.18	 -0.7	-0.1	0.2	20_E	[ 19.13665854 -33.2654878   -4.87331707]
-0.04	 -0.41	-0.11	0.05	20_E	[ 16.90992857 -31.20009524  -5.86911905]
-0.15	 -0.57	-0.08	0.16	20_E	[ 15.93403704 -33.41366667  -5.49559259]
-0.27	 -1.04	0.16	0.43	20_E	[ 16.20889744 -34.75830769  -6.52033333]
-0.34	 -1.15	0.21	0.55	20_E	[ 14.50322857 -32.6992      -4.9356    ]
0.12	 1.29	0.43	-0.66	21_P	[ 21.32685714 -29.42714286  -5.35971429]
-0.07	 -0.12	-0.02	0.05	21_P	[ 20.67918182 -27.90704545  -3.69409091]
-0.0	 -0.16	-0.16	-0.07	21_P	[ 17.67358333 -26.251       -3.96841667]
-0.12	 -0.5	-0.06	0.22	21_P	[ 16.60791667 -28.75908333  -4.19122222]
-0.21	 -0.77	0.06	0.23	21_P	[ 19.39866667 -25.81724444  -5.20475556]
-0.2	 -0.91	0.05	0.28	21_P	[ 21.21727083 -27.26616667  -7.11897917]
-0.15	 -0.51	0.0	0.18	21_P	[ 18.88203448 -28.99886207  -7.51275862]
0.05	 0.76	-0.03	-0.2	22_R	[ 19.38641379 -26.80537931  -2.33506897]
-0.07	 0.04	-0.18	0.06	22_R	[ 16.28951852 -25.91974074  -1.95040741]
-0.05	 0.19	-0.15	0.06	22_R	[ 17.59469231 -24.658       -1.95415385]
-0.12	 -0.47	-0.05	0.15	22_R	[ 19.42718605 -24.70467442  -0.57634884]
-0.11	 -0.56	-0.02	0.11	22_R	[ 16.24654286 -28.5064      -0.39302857]
0.12	 0.73	0.04	-0.2	22_R	[ 19.31566667 -28.81556667  -0.23266667]
-0.21	 -0.96	0.01	0.25	22_R	[ 16.90826667 -29.3113       1.89336667]
0.08	 0.59	0.16	-0.33	22_R	[ 19.31883333 -28.46576667   2.66273333]
-0.05	 -0.21	-0.07	0.05	22_R	[ 19.59053846 -30.60780769   2.03053846]
-0.31	 -0.93	0.11	0.36	22_R	[ 18.81418367 -32.18197959   1.42273469]
-0.25	 -0.98	0.15	0.38	22_R	[ 21.36673585 -30.73116981   2.92626415]
0.07	 0.86	-0.1	-0.12	23_I	[ 15.70671429 -25.75435714   0.32371429]
0.06	 -0.7	-0.06	-0.1	23_I	[ 17.92314286 -22.64785714   0.59514286]
-0.11	 -0.28	-0.1	0.1	23_I	[ 16.53236842 -25.87178947   3.3945    ]
-0.0	 0.87	-0.09	-0.03	23_I	[ 14.9335     -24.39616667   1.71      ]
-0.14	 -0.74	-0.02	0.2	23_I	[ 15.860075 -22.0615    -0.805025]
-0.22	 -1.11	0.09	0.3	23_I	[ 15.85796078 -21.49843137   2.73003922]
-0.25	 -1.24	0.11	0.39	23_I	[ 13.38783562 -22.91347945  -0.37026027]
0.07	 0.62	-0.02	-0.14	24_L	[ 19.50953846 -23.48919231   2.41811538]
0.19	 1.39	-0.07	-0.2	24_L	[ 18.77316667 -26.21566667   4.40516667]
0.04	 0.55	-0.11	-0.14	24_L	[ 19.28338462 -22.68169231   5.82530769]
-0.1	 -0.09	-0.06	0.13	24_L	[ 17.09791837 -22.57571429   5.5695102 ]
-0.11	 -0.62	-0.07	0.12	24_L	[ 20.80020833 -23.10833333   4.489875  ]
-0.13	 -0.38	-0.24	0.18	24_L	[ 21.79490476 -25.82209524   5.57071429]
-0.05	 -0.24	-0.08	0.06	24_L	[ 21.56561667 -26.86798333   2.97426667]
-0.29	 -0.94	-0.44	0.58	24_L	[ 23.5176087  -24.15665217   3.85743478]
0.13	 0.65	0.02	-0.2	25_E	[ 18.72854167 -25.81166667   6.361     ]
0.1	 2.23	-0.05	-0.29	25_E	[ 18.07966667 -22.36811111   7.59633333]
0.09	 0.83	0.09	-0.31	25_E	[ 20.01233333 -23.85673333   8.5904    ]
-0.1	 -0.41	-0.15	0.12	25_E	[ 21.0788     -24.99824444   8.73922222]
-0.08	 -0.2	0.02	0.0	25_E	[ 18.3927  -26.0899    9.17415]
-0.06	 -0.26	-0.1	0.06	25_E	[ 15.37085 -25.0561    7.3268 ]
-0.1	 -0.35	0.04	-0.02	25_E	[ 15.22575 -27.19945   9.19025]
-0.19	 -0.64	0.03	0.25	25_E	[ 16.32026471 -27.02776471  10.65852941]
-0.22	 -0.84	0.1	0.3	25_E	[ 13.44455 -26.4744    9.33985]
-0.01	 -0.79	-0.1	-0.02	26_A	[ 19.09446154 -22.16407692   7.93546154]
0.14	 0.85	-0.08	-0.18	26_A	[ 21.35133333 -22.0904       9.00366667]
0.13	 1.8	-0.05	-0.23	26_A	[ 20.4582 -25.246   11.2906]
0.07	 0.81	0.03	-0.19	26_A	[ 18.86879167 -25.120125    11.99025   ]
0.22	 0.82	0.04	-0.31	26_A	[ 19.66633333 -19.98404762   9.43804762]
0.07	 1.48	0.05	-0.36	27_P	[ 21.588  -25.1286  10.8446]
-0.1	 -0.58	-0.08	0.13	27_P	[ 21.3483913  -25.84452174  12.6993913 ]
0.16	 1.43	0.13	-0.44	27_P	[ 22.22394444 -22.02177778  14.90505556]
-0.23	 -1.09	0.02	0.33	27_P	[ 23.80590244 -25.16636585  13.64195122]
-0.0	 0.42	-0.24	0.05	27_P	[ 24.77088889 -23.04077778  12.81511111]
-0.08	 0.12	-0.06	0.06	27_P	[ 23.205625   -23.81253125  10.1096875 ]
-0.03	 -0.5	-0.03	0.01	28_A	[ 20.36717857 -25.72814286  15.05192857]
0.14	 1.19	0.3	-0.58	28_A	[ 21.046      -24.32271429  18.54785714]
0.0	 0.32	-0.05	-0.12	28_A	[ 22.44915556 -23.3678      17.10433333]
-0.23	 -1.05	0.08	0.32	28_A	[ 19.07137705 -25.76808197  17.63498361]
-0.02	 0.03	-0.01	-0.03	29_P	[ 20.65040541 -23.07505405  20.66540541]
0.05	 0.51	0.06	-0.19	29_P	[ 17.52804 -21.28052  20.00188]
0.02	 -0.09	-0.02	-0.05	29_P	[ 17.65078261 -22.85208696  18.1726087 ]
0.22	 1.49	0.29	-0.53	30_D	[ 23.18541176 -21.09511765  17.99041176]
0.03	 0.18	-0.11	-0.01	30_D	[ 23.11833333 -22.63593333  21.8778    ]
-0.17	 -0.77	0.01	0.21	30_D	[ 24.58057576 -23.61363636  20.50945455]
-0.01	 1.31	-0.1	-0.09	30_D	[ 25.82762069 -22.32593103  18.99206897]
0.11	 1.21	0.07	-0.27	30_D	[ 25.71128 -20.49508  17.63948]
-0.19	 -0.65	-0.11	0.3	30_D	[ 27.2100625  -23.11516667  18.51485417]
0.01	 0.29	0.03	-0.17	31_A	[ 24.97224138 -21.19706897  23.21168966]
-0.01	 0.34	-0.08	-0.07	31_A	[ 26.171      -19.43676271  25.14747458]
0.19	 1.69	0.14	-0.4	32_R	[ 27.54657143 -20.90464286  21.84092857]
0.09	 0.59	-0.05	-0.23	32_R	[ 28.95331579 -21.54615789  20.09052632]
0.1	 0.99	0.08	-0.29	32_R	[ 30.80236364 -21.81781818  20.34590909]
0.03	 0.2	-0.03	-0.04	32_R	[ 29.41592857 -21.3215      22.57792857]
0.14	 1.28	0.21	-0.47	32_R	[ 33.0165     -20.94392857  24.89328571]
-0.21	 -0.88	-0.02	0.31	32_R	[ 32.15402326 -22.62381395  23.38734884]
-0.03	 0.11	-0.12	-0.0	32_R	[ 34.80675862 -21.08837931  23.46965517]
0.21	 1.52	0.12	-0.4	33_R	[ 26.43066667 -18.88225     16.75258333]
0.14	 0.84	0.05	-0.29	33_R	[ 24.99138462 -18.94384615  16.70684615]
0.22	 1.24	0.21	-0.48	33_R	[ 24.75892857 -18.59921429  15.64957143]
0.14	 1.02	0.16	-0.42	33_R	[ 22.74356 -20.07148  16.16384]
0.18	 1.06	0.02	-0.2	33_R	[ 22.17375  -20.851375  14.736875]
0.21	 1.61	0.2	-0.44	38_D	[24.88616667 -3.1281      5.45626667]
0.14	 0.81	-0.01	-0.24	39_P	[23.83435484  2.89629032 11.61283871]
0.1	 1.4	-0.12	-0.19	39_P	[25.92771429  2.14709524 10.83633333]
0.04	 0.78	0.0	-0.18	40_A	[25.44716667  3.44525     4.63502778]
0.13	 0.86	-0.08	-0.22	40_A	[24.155      -0.23055556  4.64538889]
0.18	 1.21	0.11	-0.36	41_H	[26.92994444  2.81844444  8.85838889]
-0.02	 -0.0	-0.17	-0.03	41_H	[25.84158333  5.33322222  9.06613889]
-0.06	 -0.38	0.0	0.09	41_H	[24.80676923  6.87823077  5.87273077]
-0.17	 -0.53	-0.06	0.15	41_H	[27.12741379  6.2297931   6.25865517]
-0.14	 -0.12	-0.05	0.16	41_H	[29.294       5.912       6.43877778]
-0.16	 -0.48	-0.01	0.21	41_H	[28.6908      5.54834286  8.78468571]
-0.06	 0.15	0.03	0.04	41_H	[29.26340625  3.6129375   5.27575   ]
-0.1	 -0.27	0.03	0.17	41_H	[30.3832381   4.16969841  9.12209524]
-0.04	 -0.07	0.02	0.07	41_H	[31.48733333  2.97916667  7.2105    ]
0.22	 1.74	0.24	-0.5	42_F	[23.97717647  4.36464706  9.47005882]
0.04	 0.16	0.0	-0.14	42_F	[22.57816667  6.83566667  5.374     ]
-0.07	 -0.12	0.04	0.03	42_F	[20.33805882  6.835       5.41029412]
-0.08	 -0.15	-0.01	0.08	42_F	[21.68348  8.2418   7.52248]
-0.03	 0.16	0.07	-0.16	42_F	[22.2912  9.0419  9.4739]
0.11	 0.54	0.01	-0.23	42_F	[22.396875    6.74721875 10.1924375 ]
-0.16	 -0.73	-0.0	0.16	42_F	[24.42108824  9.14279412  8.38979412]
0.03	 0.19	-0.03	-0.09	42_F	[23.00163415  7.34160976 11.89539024]
-0.26	 -1.37	0.11	0.37	42_F	[25.40975   9.618525 10.22145 ]
-0.18	 -0.96	0.04	0.25	42_F	[24.34093878  8.68622449 12.15671429]
-0.02	 0.29	-0.04	-0.01	43_A	[22.19062069  5.20693103  3.797     ]
-0.17	 -0.8	-0.02	0.21	43_A	[22.57848837  2.44297674  2.751     ]
-0.05	 -0.11	-0.13	-0.02	44_A	[19.42157692  4.1805      2.83723077]
0.09	 1.25	0.09	-0.36	44_A	[18.14453846  5.22715385  4.71023077]
0.13	 0.78	-0.14	-0.2	44_A	[15.11717391  2.03573913  4.27228261]
-0.02	 0.13	-0.07	-0.07	44_A	[16.89381967  4.51708197  2.67493443]
0.22	 1.37	0.2	-0.46	45_V	[19.27525  1.649    2.4555 ]
0.07	 0.98	-0.05	-0.2	45_V	[19.9015 -2.1791  3.4242]
0.07	 0.18	-0.03	-0.11	45_V	[21.4319375 -0.5735     3.555625 ]
-0.09	 -0.25	-0.11	0.09	45_V	[17.81217647 -2.65894118  2.70605882]
-0.27	 -0.46	0.25	0.34	45_V	[15.82766129 -0.51040323  1.95683871]
-0.24	 -1.3	0.07	0.36	45_V	[19.15148214 -0.83460714  0.80855357]
0.11	 1.06	0.22	-0.48	46_T	[19.46325  -2.940875  4.120625]
0.1	 0.66	0.01	-0.27	46_T	[21.89809091 -2.35818182  5.2975    ]
0.03	 0.55	-0.13	-0.25	46_T	[21.04011111 -3.67722222  4.67205556]
0.09	 0.74	-0.01	-0.24	46_T	[18.95114815 -4.52322222  4.55955556]
0.19	 1.44	0.18	-0.44	47_Q	[22.94266667 -3.76866667  5.93516667]
0.02	 0.3	-0.09	-0.07	47_Q	[21.73125 -5.02355  4.0253 ]
-0.01	 0.73	0.11	-0.19	47_Q	[23.20638462 -6.563       2.93184615]
-0.01	 -0.06	-0.06	-0.05	47_Q	[24.68791837 -5.23897959  3.04810204]
-0.21	 -0.59	0.0	0.26	47_Q	[22.66282927 -8.01863415  2.05619512]
0.14	 1.55	0.12	-0.35	49_F	[ 27.50547619 -11.4182381    6.2217619 ]
-0.05	 -0.17	-0.11	0.01	49_F	[27.30891667 -9.54158333  4.801875  ]
0.1	 1.03	0.02	-0.26	49_F	[26.23933333 -7.63377778  4.57038889]
0.16	 1.19	0.25	-0.48	52_D	[ 27.05254839 -19.23625806  15.29012903]
0.19	 1.35	-0.21	-0.07	52_D	[ 27.013  -20.384   14.2908]
-0.01	 0.72	-0.49	-0.02	52_D	[ 27.95370833 -21.659       15.61629167]
0.24	 1.09	0.12	-0.38	52_D	[ 29.92004348 -22.06182609  16.21134783]
-0.09	 -0.06	-0.16	0.17	52_D	[ 28.26011111 -22.54490741  13.46625926]
0.07	 0.25	0.01	-0.14	54_E	[ 35.52635714 -22.11985714  15.93771429]
-0.02	 0.27	-0.04	-0.06	54_E	[ 31.2236  -22.597    17.84616]
-0.18	 -0.96	0.05	0.27	54_E	[ 33.354825 -23.950775  17.7448  ]
-0.24	 -0.88	-0.04	0.24	54_E	[ 34.497      -23.69653846  19.85953846]
-0.03	 0.24	-0.12	-0.04	54_E	[ 33.34569565 -22.77091304  20.95013043]
-0.05	 -0.02	0.03	-0.01	54_E	[ 35.91782979 -21.88897872  19.43489362]
-0.05	 -0.14	-0.05	0.02	55_A	[ 34.55036364 -22.53031818  13.9575    ]
0.12	 1.16	0.35	-0.58	55_A	[ 35.5682 -21.0386  13.2164]
-0.1	 -0.42	-0.03	0.13	55_A	[ 35.12295238 -20.80783333  11.45707143]
-0.12	 -0.34	-0.05	0.16	55_A	[ 32.102      -23.07048387  12.5493871 ]
0.21	 1.77	0.21	-0.46	56_G	[ 35.46677778 -17.53538889  11.66905556]
0.18	 1.34	0.04	-0.32	56_G	[ 33.401375 -19.55325    9.888   ]
-0.04	 -0.16	0.02	0.02	56_G	[ 33.90922727 -17.42447727   9.45245455]
0.01	 -0.04	-0.22	-0.01	57_R	[ 31.9249375 -18.4413125   8.4095   ]
0.11	 0.72	0.05	-0.28	57_R	[ 30.98391667 -20.99205556  10.10819444]
-0.12	 -0.74	0.03	0.16	57_R	[ 30.547      -19.86966667   7.04277778]
-0.16	 -0.71	-0.11	0.24	57_R	[ 29.83391429 -22.55848571   8.79888571]
-0.2	 -0.85	0.05	0.3	57_R	[ 30.46115385 -22.04473077   6.06642308]
-0.05	 0.08	-0.11	0.03	57_R	[ 28.41596552 -21.92744828   5.88382759]
-0.15	 -0.68	-0.48	0.41	57_R	[ 26.40264912 -22.52808772   6.7045614 ]
-0.28	 -1.01	0.09	0.48	57_R	[ 28.45854545 -22.66687273   4.10667273]
0.14	 0.8	0.06	-0.25	58_V	[ 30.4295     -16.86618182   7.87013636]
0.12	 1.28	0.2	-0.46	58_V	[ 25.93536364 -17.32072727   6.93272727]
-0.01	 -0.05	-0.04	-0.04	58_V	[ 27.16689286 -18.81485714   6.58839286]
-0.15	 -0.47	-0.03	0.18	58_V	[ 28.506125  -15.9423125   6.077875 ]
-0.02	 0.1	-0.05	-0.04	58_V	[ 25.9972973  -14.90654054   6.06051351]
-0.03	 -0.42	-0.03	0.06	58_V	[ 29.66539394 -13.73257576   6.72706061]
0.05	 0.47	-0.23	-0.07	59_I	[ 24.9945     -19.87658333   7.681     ]
-0.06	 -0.33	-0.08	0.07	59_I	[ 24.15738462 -18.46576923   6.95430769]
-0.03	 0.33	-0.02	0.02	59_I	[ 22.06686111 -19.79805556   8.34819444]
0.2	 1.29	-0.05	-0.23	59_I	[ 24.5418     -21.03186667   9.30633333]
0.11	 0.65	-0.05	-0.21	59_I	[ 26.83189474 -21.55402632  10.77655263]
0.12	 0.77	0.07	-0.3	59_I	[ 24.89807317 -20.45543902  13.76687805]
0.12	 1.14	0.06	-0.27	60_G	[ 24.63111111 -16.96766667   6.93577778]
-0.09	 -0.26	-0.02	0.07	60_G	[ 22.07829167 -17.011875     6.67458333]
0.11	 1.01	-0.02	-0.16	60_G	[ 23.22128571 -15.38885714   6.28371429]
0.06	 -1.0	0.04	-0.1	61_M	[ 20.76958333 -15.008        6.20958333]
0.07	 0.45	-0.06	-0.18	61_M	[ 19.49461538 -11.96653846   5.79138462]
-0.05	 -0.28	0.03	0.06	61_M	[ 18.054      -13.7825       6.82311111]
-0.01	 -0.07	0.01	-0.0	61_M	[ 20.98358621 -12.16672414   5.21251724]
0.13	 1.01	-0.0	-0.15	61_M	[ 23.41657143 -14.10264286   5.33014286]
-0.16	 -0.77	0.07	0.25	61_M	[ 24.53732 -12.2084    3.57856]
0.03	 0.26	-0.03	-0.14	61_M	[23.27864706 -9.62705882  3.79888235]
-0.0	 0.53	-0.08	-0.06	62_I	[ 17.18252174 -11.20691304   6.73130435]
0.14	 0.77	0.01	-0.28	62_I	[19.09561111 -9.87716667  5.59438889]
0.14	 0.72	0.01	-0.24	62_I	[ 15.90011111 -12.56666667   8.27633333]
0.13	 1.5	0.25	-0.51	62_I	[ 15.65625  -10.426125   8.122   ]
-0.05	 0.01	-0.08	0.04	63_D	[16.34536842 -9.66763158  6.19689474]
0.11	 1.04	-0.15	-0.15	63_D	[15.2228 -6.116   5.4294]
0.04	 0.14	-0.04	-0.12	63_D	[14.17543333 -7.23326667  7.36783333]
-0.09	 -0.26	-0.03	0.1	63_D	[15.97165789 -6.64186842  4.29907895]
-0.1	 -0.18	-0.07	0.08	63_D	[17.90626923 -7.90796154  3.02338462]
-0.0	 0.03	-0.03	-0.07	63_D	[19.68708333 -7.78414583  3.359     ]
-0.28	 -1.09	0.21	0.46	63_D	[16.71451282 -8.87292308  2.22228205]
0.12	 1.01	0.07	-0.34	64_G	[14.464     -4.75025    6.5468125]
0.05	 0.7	-0.07	-0.1	64_G	[14.48394444 -3.23972222  5.8595    ]
0.1	 0.6	-0.11	-0.15	64_G	[16.58428571 -3.35578571  4.6205    ]
0.14	 0.95	-0.04	-0.27	65_G	[14.54329167 -0.69445833  5.1595    ]
0.2	 1.25	0.33	-0.41	66_F	[15.61405882  5.46794118  6.10888235]
0.02	 0.26	-0.19	-0.08	66_F	[17.32358333  5.75475     5.815     ]
0.13	 1.92	-0.13	-0.16	66_F	[15.1154  6.679   6.8808]
-0.03	 0.13	-0.06	-0.03	66_F	[18.577   7.1611  6.6313]
-0.04	 -0.16	-0.12	0.05	66_F	[15.16812121  8.02578788  8.38245455]
-0.09	 -0.49	0.07	0.1	66_F	[17.73931111  8.25264444  8.62684444]
0.23	 1.39	0.22	-0.47	67_L	[22.32919048  4.34495238 12.07433333]
0.1	 0.75	-0.01	-0.2	67_L	[19.10567647  7.71494118 11.97279412]
0.18	 0.83	0.07	-0.28	70_P	[18.78572727 -4.87412121 19.99921212]
0.21	 1.23	0.18	-0.45	70_P	[20.80236364 -4.32709091 18.4015    ]
0.18	 1.31	-0.04	-0.23	71_V	[18.10466667 -7.47833333 20.58691667]
0.07	 0.22	0.01	-0.11	71_V	[16.03593939 -6.36636364 22.42566667]
0.11	 0.8	0.1	-0.28	72_V	[17.39278947 -9.05536842 21.59878947]
-0.04	 -0.02	-0.1	-0.02	72_V	[ 17.64016279 -11.1977907   23.5087907 ]
0.2	 1.24	0.01	-0.3	72_V	[ 19.5750625 -10.6573125  21.777625 ]
0.19	 1.31	0.18	-0.46	72_V	[ 19.86991667 -12.17858333  22.33458333]
0.06	 0.72	-0.08	-0.18	73_A	[ 15.29064286 -12.40864286  24.313     ]
0.03	 0.67	-0.1	-0.18	73_A	[ 13.12940741 -14.10266667  23.79333333]
0.03	 -0.1	-0.03	-0.09	74_D	[ 16.18740909 -13.43895455  25.49418182]
0.03	 0.16	0.02	-0.1	74_D	[ 17.26219355 -14.81222581  27.90683871]
0.01	 0.56	-0.17	-0.08	74_D	[ 18.7012     -11.92353333  26.9018    ]
-0.06	 0.19	-0.09	0.01	74_D	[ 20.04682353 -12.12244118  25.91655882]
0.01	 0.29	-0.07	-0.1	74_D	[ 18.13010714 -11.91258929  28.74707143]
0.17	 0.7	-0.03	-0.23	75_D	[ 15.66292857 -15.74907143  25.98721429]
0.01	 0.14	0.03	-0.08	75_D	[ 15.95244118 -20.40594118  23.74355882]
-0.04	 0.08	0.01	-0.06	75_D	[ 15.72338298 -18.28857447  27.20140426]
-0.09	 -0.16	0.03	0.04	75_D	[ 13.36975   -17.063375   25.7418125]
0.04	 0.63	0.05	-0.2	75_D	[ 13.8345   -16.03675   24.709875]
-0.2	 -0.77	0.07	0.29	75_D	[ 12.78183721 -19.25153488  25.43788372]
0.11	 0.79	-0.06	-0.19	76_G	[ 15.79146154 -20.20084615  21.336     ]
0.06	 0.4	-0.05	-0.11	76_G	[ 15.48147059 -20.407       19.35647059]
-0.01	 0.06	0.05	-0.1	77_S	[ 13.54290909 -19.84604545  20.17118182]
-0.08	 0.0	0.03	0.04	77_S	[ 11.41608571 -18.24288571  18.24197143]
-0.2	 -1.17	0.07	0.27	77_S	[ 11.678      -19.51656757  21.78486486]
-0.04	 0.09	-0.06	-0.07	77_S	[ 11.52968 -17.07392  23.09004]
0.09	 1.43	-0.03	-0.2	78_F	[ 10.8885   -15.846375  17.25475 ]
-0.06	 -0.31	-0.06	0.09	78_F	[  9.85380952 -15.7307619   20.24852381]
0.19	 1.46	0.31	-0.56	78_F	[  9.64592857 -12.04571429  19.38478571]
-0.02	 -0.03	-0.07	-0.03	78_F	[  9.8014  -14.26576  22.16244]
0.07	 1.25	0.01	-0.29	78_F	[  9.2196     -12.49913333  20.3646    ]
0.19	 1.24	0.28	-0.53	84_T	[13.36265625  1.73421875  5.81903125]
0.07	 0.37	-0.16	-0.04	85_V	[12.0853   1.68505  4.6258 ]
0.11	 1.37	0.14	-0.4	85_V	[7.78468421 2.33384211 4.22721053]
0.23	 1.48	0.42	-0.64	85_V	[7.2273 2.8998 4.806 ]
-0.11	 -0.16	-0.15	0.13	85_V	[10.19342857  0.02785714  3.17721429]
-0.12	 -0.29	0.27	0.19	85_V	[11.65665306 -1.53457143  4.64383673]
-0.1	 -0.08	0.01	0.08	85_V	[ 7.92937209 -0.68472093  4.64762791]
0.18	 0.76	-0.14	-0.15	86_F	[10.99253846  2.15023077  2.75215385]
0.14	 1.3	0.33	-0.61	86_F	[7.654125 3.134625 3.38525 ]
-0.09	 -0.47	-0.15	-0.03	86_F	[7.79053846 2.34223077 2.38830769]
-0.07	 0.13	-0.06	0.01	86_F	[9.77248571 1.88094286 0.94934286]
0.17	 1.25	-0.05	-0.26	86_F	[9.19172727 8.34836364 3.60036364]
0.19	 1.22	0.15	-0.42	86_F	[13.06496296  3.75888889  4.42414815]
-0.04	 -0.31	-0.06	0.07	86_F	[9.92653125 8.452625   5.353     ]
0.15	 0.93	0.08	-0.3	86_F	[13.82754839  6.28025806  5.08354839]
-0.01	 -0.56	-0.05	-0.03	86_F	[12.22227586  7.76048276  7.10255172]
0.13	 0.95	-0.1	-0.07	87_S	[6.51666667 3.21716667 1.79883333]
-0.09	 0.03	-0.08	0.08	87_S	[ 7.09765  2.01805 -0.33625]
-0.09	 -0.01	0.06	0.08	87_S	[ 8.53534483  2.3547931  -2.83275862]
-0.12	 -0.51	-0.08	0.14	87_S	[ 4.87071429  3.749875   -0.69926786]
0.01	 -0.43	-0.02	-0.07	87_S	[ 5.6324      6.0856     -1.44766667]
0.16	 1.33	0.37	-0.65	88_R	[10.063       3.56528571 -3.686     ]
0.13	 0.85	0.11	-0.31	88_R	[12.6745      7.05666667 -2.88470833]
0.18	 1.69	0.25	-0.51	88_R	[ 9.94518182  7.08551515 -3.85024242]
-0.05	 -0.42	-0.04	0.03	88_R	[ 7.25005556  6.83241667 -4.22611111]
-0.09	 -0.12	-0.15	0.09	88_R	[ 9.60169048  4.75980952 -5.65319048]
-0.16	 -0.81	-0.05	0.21	88_R	[ 7.12270968  5.70716129 -6.83177419]
-0.08	 -0.31	-0.08	0.05	88_R	[ 6.42892  3.98292 -5.767  ]
-0.22	 -0.78	-0.04	0.3	88_R	[ 6.29287805  2.40480488 -4.61458537]
-0.28	 -1.33	0.23	0.49	88_R	[ 4.90262745  3.94382353 -7.18594118]
0.11	 0.03	-0.04	-0.1	89_I	[11.0591  2.8531 -1.9171]
-0.08	 -0.49	-0.05	0.03	89_I	[12.848       2.70823529 -0.423     ]
0.09	 0.37	0.04	-0.22	89_I	[13.575       3.38059524  1.79859524]
0.04	 -1.56	-0.03	-0.04	89_I	[14.61372727  5.76181818 -2.82845455]
-0.15	 -0.9	-0.0	0.2	89_I	[14.71648889  2.79786667 -3.3912    ]
-0.36	 -0.78	0.04	0.23	89_I	[16.3045      4.10144231 -1.242     ]
-0.21	 -0.74	0.07	0.22	89_I	[12.79006349  3.8215873  -4.99234921]
0.18	 1.7	0.16	-0.43	90_A	[13.581875  7.204375 -1.351375]
0.18	 1.51	0.12	-0.4	90_A	[14.3055      6.53672222  2.77272222]
0.11	 1.1	0.11	-0.38	90_A	[13.2505    9.440375  0.06275 ]
-0.15	 -0.43	0.0	0.16	90_A	[12.854775  9.267725  2.714825]
-0.18	 -0.79	-0.02	0.23	90_A	[15.64846032  7.90765079  0.75792063]
0.02	 0.67	-0.06	-0.06	91_R	[9.96313043 9.51608696 2.13278261]
-0.18	 -0.97	-0.03	0.22	91_R	[10.96647059 11.10626471  0.02373529]
0.08	 0.9	-0.0	-0.25	91_R	[10.94702632  9.40539474 -1.90194737]
-0.18	 -0.92	0.01	0.26	91_R	[11.13779167 11.78810417 -2.89447917]
-0.12	 -0.69	-0.03	0.18	91_R	[13.0703125  10.25703125 -3.96253125]
-0.05	 0.31	0.16	-0.17	91_R	[12.1203125  9.8703125 -5.067    ]
-0.21	 -0.63	0.05	0.22	91_R	[ 9.63192683  9.52078049 -5.49790244]
-0.28	 -0.79	0.09	0.36	91_R	[12.64886441  8.78932203 -6.10183051]
-0.16	 -0.55	-0.13	0.17	92_G	[ 8.00629412 10.14        0.41664706]
-0.07	 -0.21	-0.01	0.06	92_G	[ 6.61554762  8.7765     -0.78633333]
-0.1	 -0.53	-0.04	0.16	92_G	[5.0355     9.21741667 1.37408333]
-0.08	 -0.14	0.0	0.12	92_G	[6.79693182 9.14645455 3.36659091]
0.03	 1.31	-0.09	-0.1	93_E	[4.35036364 7.54336364 0.76736364]
-0.06	 0.55	-0.05	0.07	93_E	[3.92405882 8.05652941 3.545     ]
0.1	 0.7	0.06	-0.31	93_E	[5.70002857 3.8632     3.53177143]
-0.04	 0.0	0.01	-0.06	93_E	[3.10831429 6.14785714 1.65945714]
-0.02	 0.04	0.08	-0.08	93_E	[2.56985106 5.24795745 4.35461702]
-0.13	 -0.43	-0.28	0.19	93_E	[1.59403226 4.41541935 2.48841935]
-0.26	 -0.97	0.24	0.44	93_E	[0.39117949 5.38369231 1.49723077]
-0.26	 -0.7	0.06	0.35	93_E	[1.59846667 2.99175556 3.44971111]
0.02	 -0.12	-0.03	0.02	94_R	[4.8488125 7.316125  5.502375 ]
0.01	 0.17	-0.04	-0.08	94_R	[4.01658333 4.691      7.42741667]
0.02	 -0.22	-0.02	-0.04	94_R	[6.45243333 7.6604     6.9513    ]
0.02	 0.21	-0.04	-0.08	94_R	[8.77828571 8.3228     8.82391429]
-0.15	 -0.44	0.06	0.2	94_R	[ 9.48868182  9.30831818 11.58843182]
0.15	 1.67	0.13	-0.4	95_T	[4.63592857 3.23585714 8.81935714]
0.07	 0.77	-0.02	-0.21	95_T	[5.99227778 1.35094444 5.20783333]
-0.1	 -0.06	-0.11	0.04	95_T	[3.67854545 1.80595455 5.73320455]
-0.06	 -0.19	-0.01	0.07	95_T	[ 4.59064103 -1.01494872  7.19966667]
0.17	 1.56	0.21	-0.46	96_D	[ 5.13230769  2.94484615 10.21915385]
0.15	 0.91	0.04	-0.31	97_Y	[ 5.01204167 -3.04058333  9.93233333]
0.1	 1.2	-0.07	-0.18	97_Y	[ 6.58230769 -3.26530769  8.51484615]
0.15	 1.02	0.04	-0.24	97_Y	[ 7.41672727 -2.13154545  7.51527273]
0.08	 0.8	0.05	-0.25	97_Y	[ 7.56946154 -4.79261538  8.28153846]
0.12	 1.42	0.08	-0.33	97_Y	[ 8.448625 -2.90475   7.217875]
0.06	 0.19	-0.06	-0.11	97_Y	[ 8.997375  -5.4214375  7.778    ]
0.0	 -0.11	-0.04	-0.05	97_Y	[ 9.44042857 -3.39042857  6.75121429]
0.07	 0.43	-0.0	-0.14	97_Y	[11.96583871 -4.21848387  7.04077419]
0.09	 0.04	-0.04	-0.1	99_E	[ 9.32118182 -7.50172727  7.53890909]
0.02	 0.32	0.02	-0.11	99_E	[11.50272414 -7.54234483  7.82455172]
-0.03	 0.21	-0.07	-0.02	99_E	[ 9.3296087  -9.70369565  7.42534783]
0.03	 0.39	-0.04	-0.18	100_V	[  8.63247692 -13.52253846  16.96583077]
0.18	 0.93	0.01	-0.3	100_V	[  6.73361111 -11.308       17.14805556]
0.16	 1.83	0.21	-0.45	101_F	[ 10.49830769 -15.50253846  14.595     ]
0.15	 1.85	0.22	-0.47	101_F	[ 11.11918182 -15.40509091  15.45263636]
0.02	 -0.52	-0.03	-0.05	101_F	[ 13.05751515 -11.23448485   7.91481818]
0.17	 1.06	0.1	-0.36	101_F	[13.6380625 -9.346      8.241625 ]
0.07	 0.48	-0.03	-0.21	102_D	[ 11.09854839 -17.38812903  14.74690323]
-0.02	 0.07	-0.09	-0.07	102_D	[ 10.25448276 -18.78951724  12.63455172]
-0.13	 -1.0	-0.12	0.1	102_D	[ 11.69866667 -20.78908333  14.16975   ]
0.08	 0.88	0.02	-0.24	102_D	[ 13.09915 -21.7964   13.13885]
-0.2	 -0.73	0.09	0.31	102_D	[ 10.44609756 -21.29053659  12.49734146]
0.12	 0.67	0.01	-0.16	103_P	[ 15.16704762 -20.49319048  17.22690476]
0.02	 -0.23	-0.01	-0.16	103_P	[ 13.19567647 -19.85982353  16.00852941]
0.2	 0.91	0.11	-0.34	104_V	[ 17.47470833 -20.853375     8.96004167]
-0.01	 0.75	-0.06	-0.07	104_V	[ 14.40593333 -22.54393333  14.00153333]
-0.02	 0.08	0.01	-0.04	104_V	[ 14.91415  -24.758425  12.265075]
-0.03	 0.21	0.01	-0.05	104_V	[ 16.3274878  -23.63156098  14.99814634]
0.03	 1.18	-0.06	-0.26	105_T	[ 15.43429167 -21.56025      7.85595833]
0.12	 1.19	0.06	-0.29	105_T	[ 16.4364     -19.4964       8.28266667]
-0.2	 -0.78	-0.02	0.29	105_T	[ 14.64207407 -19.46637037   6.70996296]
0.02	 0.47	0.03	-0.13	105_T	[ 13.19971429 -21.52728571   7.41735714]
0.17	 1.12	0.08	-0.31	105_T	[ 10.96777778 -20.04338889   9.75972222]
-0.12	 -0.33	-0.1	0.1	105_T	[ 12.10726316 -22.97482456   9.22970175]
0.21	 0.37	0.02	-0.23	106_L	[ 13.92911111 -16.74055556   6.87744444]
0.03	 0.2	0.04	-0.15	106_L	[ 13.52175758 -14.4480303    7.47833333]
0.0	 0.08	-0.03	-0.07	106_L	[ 16.2841     -16.301        7.43996667]
0.05	 0.13	0.0	-0.09	106_L	[ 18.74202381 -17.40316667   7.77007143]
0.16	 1.58	0.23	-0.5	107_L	[ 11.82225  -15.557125   6.497   ]
0.17	 1.74	0.19	-0.43	107_L	[  9.58422222 -16.98988889  10.49588889]
-0.01	 0.06	-0.09	-0.04	107_L	[  9.54984615 -17.8975       8.46711538]
0.13	 0.47	0.0	-0.21	107_L	[ 12.39075  -19.545625   6.06625 ]
-0.19	 -1.11	0.1	0.35	107_L	[  9.71437097 -20.21256452   6.1893871 ]
-0.2	 -1.09	0.02	0.26	107_L	[ 10.95422222 -17.37190476   4.73698413]
0.12	 1.4	0.14	-0.38	108_P	[  7.407      -14.87486667  10.12313333]
-0.15	 -0.43	0.01	0.18	108_P	[  7.030225 -15.714525   9.148175]
0.01	 0.48	-0.02	-0.12	108_P	[  7.39936111 -12.10444444   8.64552778]
-0.14	 -0.71	0.02	0.15	108_P	[ 10.08212821 -12.30110256   6.55474359]
-0.1	 -0.14	-0.09	0.1	108_P	[  9.48961111 -14.81508333   6.31863889]
0.0	 0.24	-0.08	-0.07	109_T	[  5.7936875 -16.123875   11.975    ]
-0.01	 -0.23	-0.15	0.03	109_T	[  5.10353846 -13.95507692  10.913     ]
-0.12	 -0.54	0.03	0.17	109_T	[  3.73034483 -14.65751724  12.60065517]
0.14	 1.69	0.12	-0.37	109_T	[  9.01406667 -15.86093333  14.35713333]
-0.13	 -0.33	-0.04	0.1	109_T	[  7.86825581 -17.38665116  12.91048837]
-0.17	 -1.0	-0.06	0.22	109_T	[  6.40266667 -15.97430952  15.53319048]
0.11	 1.67	0.14	-0.37	110_A	[  5.9876 -12.6091  10.7954]
-0.08	 -0.11	-0.03	0.03	110_A	[  3.53011111 -12.08011111  12.44344444]
0.17	 1.03	0.11	-0.34	110_A	[  5.82561538 -11.19446154  10.43530769]
0.23	 1.36	0.21	-0.46	110_A	[  4.56917949 -11.62435897  15.23151282]
0.01	 0.11	-0.04	-0.12	111_D	[  3.52284211 -10.20036842  11.90931579]
0.21	 1.51	0.27	-0.52	111_D	[ 3.324      -5.84014286 10.86614286]
-0.15	 -0.65	0.02	0.21	111_D	[ 2.20833333 -7.68284615 11.40866667]
-0.1	 -0.47	0.02	0.09	111_D	[ 4.16076316 -9.21565789  9.15781579]
-0.19	 -0.81	-0.05	0.23	111_D	[ 4.57185714 -7.35364286  7.56207143]
-0.06	 -0.01	-0.0	0.07	111_D	[ 4.7593  -5.50465  8.9337 ]
-0.12	 -0.44	0.03	0.14	111_D	[ 6.56165789 -7.96684211  7.39807895]
0.1	 0.82	-0.03	-0.11	112_I	[ 1.70577778 -6.19066667 13.41866667]
0.12	 1.06	0.02	-0.27	112_I	[ 2.13107692 -8.22161538 14.29803846]
0.07	 0.05	-0.03	-0.12	112_I	[ 0.969      -4.87419048 15.31414286]
-0.01	 -0.4	-0.12	-0.02	113_E	[ 1.71609677 -4.07035484 12.11196774]
0.15	 1.42	0.08	-0.31	113_E	[ 3.43063636 -3.09463636 10.782     ]
0.11	 0.32	0.12	-0.22	113_E	[ 0.79447619 -1.95409524 14.73371429]
-0.13	 -0.59	0.02	0.14	113_E	[ 0.58015152 -1.92233333 11.58527273]
-0.05	 0.13	-0.01	0.02	113_E	[ 2.102      -1.61896429  9.12517857]
-0.02	 0.17	-0.03	-0.02	113_E	[0.91977273 0.88322727 8.89609091]
-0.2	 -0.88	0.01	0.38	113_E	[-0.60395745  0.47076596 10.29961702]
-0.06	 0.39	-0.06	-0.01	113_E	[2.00274419 2.42439535 9.98265116]
0.23	 1.48	0.16	-0.43	114_L	[ 3.8884375  2.9761875 11.731375 ]
0.07	 0.64	-0.2	-0.08	115_P	[ 0.38115  2.86215 12.2097 ]
0.15	 0.65	0.07	-0.25	115_P	[ 1.76903704  5.08651852 16.31214815]
-0.19	 -0.9	-0.08	0.25	115_P	[-1.37985366  3.6392439  14.28470732]
-0.09	 -0.18	-0.06	0.11	115_P	[-0.82208108  2.996      16.81948649]
0.05	 0.24	0.02	-0.13	115_P	[-0.0815      0.66419231 14.50642308]
-0.06	 -0.19	-0.12	-0.02	116_D	[ 1.05405556  4.69455556 12.12338889]
-0.12	 -0.5	-0.03	0.08	116_D	[ 1.48330435  7.44834783 11.93704348]
-0.06	 -0.08	-0.14	0.04	116_D	[ 3.024875  7.700625 11.753125]
-0.13	 -0.56	0.02	0.14	116_D	[ 3.63435714  8.695      14.10960714]
-0.11	 -0.52	-0.06	0.14	116_D	[ 1.31220588  8.30088235 14.78323529]
-0.1	 -0.13	-0.03	0.11	116_D	[-1.03126316  8.29757895 14.17526316]
-0.25	 -0.99	0.15	0.41	116_D	[-1.51211429  7.36231429 12.82045714]
-0.27	 -0.89	0.11	0.44	116_D	[-1.203975  7.52515  15.862625]
0.09	 0.31	-0.03	-0.12	117_A	[ 3.63678947  4.92705263 11.66610526]
0.12	 1.37	0.39	-0.63	117_A	[ 5.203       4.66014286 11.23728571]
-0.07	 -0.87	-0.05	0.08	117_A	[ 6.80183333  8.7082     13.9633    ]
-0.03	 -0.06	-0.12	-0.03	117_A	[ 5.11516  6.82692 10.59132]
-0.0	 0.41	-0.11	-0.07	118_P	[ 6.4088      8.16506667 16.45613333]
0.18	 1.92	0.04	-0.26	118_P	[ 8.241       7.88742857 15.75971429]
0.08	 0.73	0.08	-0.33	118_P	[ 8.98989286  8.00114286 17.78203571]
0.07	 0.43	-0.14	-0.1	118_P	[ 4.29588889  6.81207407 17.36455556]
0.27	 1.42	0.13	-0.42	118_P	[ 3.634       4.33335294 17.71647059]
0.13	 1.48	0.03	-0.33	119_R	[10.4234  7.6912 17.0234]
0.02	 -0.14	-0.04	-0.1	119_R	[10.39697059  8.05073529 14.82594118]
0.11	 0.57	0.08	-0.28	120_F	[11.7564  8.1588 17.3296]
0.06	 0.56	0.03	-0.18	120_F	[13.62926923 10.01315385 17.62923077]
-0.04	 -0.08	-0.06	0.02	120_F	[16.09333333 11.55646667 18.08223333]
0.12	 0.67	-0.0	-0.24	120_F	[17.46057143  9.13285714 21.55228571]
-0.05	 -0.1	-0.08	0.02	120_F	[17.13448571 11.12014286 20.33494286]
0.11	 0.79	0.09	-0.25	121_L	[13.7801875  8.7763125 14.9679375]
0.13	 1.24	0.6	-0.79	121_L	[17.34371429  8.49842857 13.07542857]
-0.14	 -0.21	0.07	0.2	121_L	[17.18445455  9.80754545 14.8049697 ]
-0.05	 0.27	-0.1	0.01	121_L	[15.4195      8.9450625  12.45315625]
0.14	 2.52	-0.03	-0.19	121_L	[12.80116667  8.38383333 13.41483333]
-0.03	 -0.07	0.07	-0.07	121_L	[12.62787755  8.58281633 10.86116327]
0.02	 1.46	-0.07	-0.09	122_V	[19.47564286  8.67785714 15.06107143]
0.12	 1.71	0.25	-0.5	122_V	[20.58381818  7.53636364 13.89236364]
-0.03	 -0.05	-0.02	-0.01	122_V	[19.87262791  9.31786047 18.36681395]
-0.03	 -0.22	-0.12	0.0	123_G	[21.6357037   7.89196296 15.53177778]
0.04	 0.55	-0.08	-0.16	123_G	[23.42683929  5.75510714 15.01814286]
0.18	 1.44	0.22	-0.48	125_Y	[24.2554375  6.64125   19.4355625]
0.09	 0.8	-0.02	-0.16	125_Y	[20.70415152  7.95312121 22.09775758]
-0.17	 -0.19	-0.05	0.17	125_Y	[23.14253659  8.64658537 20.05914634]
0.16	 1.36	0.3	-0.58	126_P	[20.05218182 -3.02581818 23.65772727]
0.13	 0.77	0.04	-0.24	126_P	[18.54262069 -3.10165517 22.74244828]
-0.05	 0.19	0.01	-0.03	126_P	[21.76782979 -3.24597872 21.93557447]
0.02	 0.76	-0.17	-0.17	126_P	[23.883975 -2.57165  21.860975]
0.19	 1.16	0.1	-0.37	126_P	[23.64944444 -0.10492593 23.55285185]
0.14	 0.72	-0.02	-0.25	127_W	[22.92585714 -1.57192857 25.18535714]
0.07	 0.34	-0.06	-0.05	127_W	[22.78455556 -3.55437037 26.20696296]
-0.11	 -0.28	-0.02	0.08	127_W	[20.92336585 -5.17273171 26.07719512]
0.12	 0.62	-0.05	-0.21	127_W	[16.97978049 -4.81056098 26.43534146]
-0.11	 -0.22	0.01	0.11	127_W	[18.86907317 -6.25490244 27.06409756]
0.2	 1.13	0.07	-0.29	128_M	[18.42482143  7.85221429 23.55546429]
0.22	 1.49	0.06	-0.33	129_T	[16.67127778 -3.61427778 23.48755556]
0.17	 1.6	0.02	-0.31	130_S	[15.6209375 -4.753375  24.5775625]
0.13	 1.12	-0.0	-0.23	131_L	[14.74821053 -6.25657895 25.39415789]
0.17	 0.96	0.1	-0.33	131_L	[14.52604545 -6.93772727 27.7155    ]
-0.19	 0.61	-0.21	-0.08	131_L	[13.6903     -9.06096667 25.68636667]
0.15	 1.55	0.12	-0.41	131_L	[ 12.4774 -10.5652  24.966 ]
0.08	 0.51	-0.03	-0.18	131_L	[ 14.27905405 -10.32708108  23.84924324]
0.21	 0.89	0.15	-0.36	132_T	[ 12.40927273 -10.40954545  27.47036364]
0.18	 1.22	0.23	-0.48	132_T	[ 7.18272727 -8.34577273 29.10859091]
0.13	 1.21	0.11	-0.38	133_P	[ 13.39286667 -11.4894      29.30133333]
0.08	 0.82	-0.02	-0.19	133_P	[ 11.77223529 -12.27729412  30.15147059]
-0.22	 -0.88	-0.03	0.29	133_P	[ 12.63782927 -13.418       29.8577561 ]
-0.13	 -0.56	-0.08	0.25	133_P	[ 13.87154839 -11.38983871  32.385     ]
0.03	 -0.02	0.02	-0.15	133_P	[12.15078947 -9.98960526 33.43973684]
0.13	 1.28	0.18	-0.4	134_D	[  9.66827778 -11.70355556  31.71838889]
-0.13	 -0.67	-0.0	0.18	134_D	[  9.80677778 -14.27027778  30.53727778]
0.03	 0.19	-0.2	-0.03	134_D	[ 10.81744444 -14.26711111  28.19644444]
-0.13	 -0.42	0.04	0.2	134_D	[  8.60781081 -15.11613514  27.68659459]
-0.12	 -0.45	-0.04	0.13	134_D	[  7.59475    -13.61391667  31.08055556]
0.21	 1.55	0.29	-0.55	134_D	[ 6.85553333 -9.70826667 29.24466667]
-0.08	 0.1	-0.11	0.04	134_D	[  5.49366667 -11.4032619   30.22616667]
0.03	 0.48	-0.06	-0.11	135_G	[ 11.06302174 -12.80082609  25.68902174]
0.16	 1.1	-0.02	-0.21	135_G	[  8.33158333 -13.77958333  25.03316667]
0.07	 0.4	-0.07	-0.08	135_G	[  7.7955     -12.99588889  23.23333333]
0.12	 1.92	0.09	-0.33	136_K	[  5.56895833 -12.52208333  23.94833333]
0.25	 1.47	0.18	-0.44	136_K	[ 3.73007692 -9.75415385 25.19461538]
0.08	 0.43	-0.07	-0.15	136_K	[  4.12128125 -11.0664375   26.64328125]
0.08	 0.37	-0.05	-0.09	136_K	[  5.80277273 -14.44140909  25.60131818]
-0.12	 -0.58	-0.1	0.08	136_K	[  3.55471429 -13.05880952  28.37833333]
-0.1	 -0.31	-0.07	0.11	136_K	[  5.2466383  -15.54923404  28.29029787]
-0.24	 -0.89	0.12	0.36	136_K	[  2.84045098 -15.98562745  28.76364706]
0.17	 1.45	0.27	-0.53	137_T	[ 6.11054545 -7.48463636 28.33036364]
-0.12	 -0.06	-0.24	0.14	137_T	[ 4.45233333 -7.67763158 27.03217544]
0.18	 1.24	0.17	-0.43	137_T	[ 4.54493548 -5.51270968 26.99377419]
0.18	 0.83	0.1	-0.33	141_Y	[12.68437037 11.49162963 24.9797037 ]
0.18	 1.5	0.11	-0.38	142_Q	[ 8.95675     9.32633333 18.84766667]
-0.04	 0.21	-0.04	-0.07	142_Q	[ 4.89504762  8.56352381 19.07919048]
0.01	 0.03	-0.04	-0.08	142_Q	[ 4.86593548 10.21158065 21.5896129 ]
0.17	 1.26	0.09	-0.34	143_F	[10.83164  9.1636  19.29568]
0.09	 0.51	-0.0	-0.18	143_F	[10.88065957 13.4497234  22.57078723]
0.16	 0.93	0.09	-0.34	143_F	[11.88876923 11.24730769 19.12638462]
0.17	 1.21	0.13	-0.36	143_F	[14.68553333 12.0849     22.91806667]
-0.0	 0.34	-0.11	-0.06	143_F	[13.21668421 12.92252632 18.49284211]
-0.11	 -0.16	-0.15	0.1	143_F	[15.48636585 13.8564878  22.77629268]
-0.17	 -0.89	0.03	0.26	143_F	[13.901875 15.13095  19.488725]
-0.18	 -0.89	0.12	0.26	143_F	[15.16447826 15.24095652 21.2583913 ]
0.1	 0.25	0.1	-0.25	144_S	[ 9.8836 11.2199 18.7221]
0.16	 1.28	-0.08	-0.22	144_S	[ 9.67271429 14.78128571 20.53871429]
0.07	 0.71	-0.08	-0.16	144_S	[ 7.622875 13.112875 17.502375]
-0.2	 -0.58	-0.05	0.16	144_S	[ 7.63109524 10.83571429 17.86747619]
-0.12	 -0.38	-0.05	0.06	144_S	[10.54172549 14.00431373 18.15788235]
-0.2	 -0.74	0.12	0.32	144_S	[ 8.91720455 15.45354545 17.35356818]
0.01	 0.33	-0.11	-0.11	145_P	[ 7.99007692 16.08292308 19.72038462]
0.09	 0.43	0.03	-0.27	145_P	[ 7.4426  15.5139  21.65525]
-0.26	 -0.92	0.08	0.37	145_P	[ 6.83416216 16.76978378 22.16162162]
-0.18	 -0.65	0.1	0.19	145_P	[ 5.46197778 16.06475556 19.13013333]
-0.18	 -0.6	0.04	0.25	145_P	[ 3.84911765 14.10178431 19.94703922]
-0.13	 -0.47	-0.04	0.17	145_P	[ 5.09608571 12.45302857 18.33965714]
0.02	 0.37	-0.12	-0.11	146_A	[ 8.24904762 15.0902381  23.82861905]
0.17	 1.32	0.36	-0.6	146_A	[ 6.0231 11.0573 23.484 ]
-0.16	 -0.68	0.21	0.23	146_A	[ 5.25671053 13.75246053 24.30573684]
0.16	 0.9	-0.05	-0.24	147_P	[ 5.75609302 10.97030233 26.29818605]
0.19	 1.06	0.1	-0.35	147_P	[11.2887619  12.09366667 26.11104762]
0.11	 1.08	0.04	-0.25	147_P	[ 9.0069     13.32443333 27.92006667]
-0.11	 -0.26	-0.08	0.06	147_P	[ 9.03625581 14.12346512 25.98297674]
0.15	 0.69	0.09	-0.33	148_A	[ 4.64697059  8.70258824 23.91276471]
0.06	 0.65	-0.04	-0.16	151_V	[ 2.51638889 -3.39455556 26.29572222]
0.2	 1.45	0.19	-0.45	151_V	[ 2.2819  -0.43405 27.62735]
0.15	 1.38	0.1	-0.38	153_D	[ 2.87252174 -6.40221739 24.11004348]
0.07	 0.58	-0.12	-0.09	153_D	[ 1.21241667 -7.08016667 24.24425   ]
-0.03	 -0.26	-0.04	0.07	153_D	[ 0.45111111 -8.49644444 24.43188889]
-0.03	 -0.2	-0.23	0.06	153_D	[  1.67977273 -10.34763636  24.3925    ]
-0.05	 0.09	0.07	-0.06	153_D	[-1.18202273 -9.34872727 22.92713636]
0.16	 0.81	0.08	-0.31	154_L	[  4.9695     -12.12241667  21.81241667]
0.05	 0.47	-0.0	-0.15	154_L	[  4.59554286 -12.2728      18.90357143]
0.02	 0.12	-0.11	-0.12	154_L	[  6.9137     -11.53473333  20.5211    ]
0.2	 1.44	0.21	-0.46	154_L	[  8.43682353 -11.16929412  19.80370588]
0.05	 0.65	-0.02	-0.19	155_E	[  3.41958621 -13.5747931   21.52482759]
0.08	 0.96	-0.1	-0.14	155_E	[ -0.09954545 -13.51236364  21.90290909]
-0.11	 -0.2	-0.04	0.11	155_E	[  0.523      -14.246       19.70964706]
0.12	 1.07	0.03	-0.3	155_E	[  1.75102778 -12.48433333  23.89236111]
-0.12	 -0.53	-0.05	0.13	155_E	[  2.59334783 -15.1091087   23.03117391]
-0.13	 -0.53	0.0	0.12	155_E	[  0.3921875 -15.3799375  24.324625 ]
-0.17	 -0.42	0.02	0.23	155_E	[  0.878      -13.83381818  25.84979545]
-0.16	 -0.33	0.14	0.16	155_E	[  2.37284615 -16.53051282  25.34974359]
0.18	 1.07	-0.04	-0.18	156_G	[ -0.37522222 -11.98166667  22.42211111]
-0.21	 -1.0	0.08	0.27	156_G	[ -1.90719444 -12.01269444  20.33358333]
0.13	 1.18	0.07	-0.29	156_G	[ -1.39115 -10.32385  19.3487 ]
-0.23	 -0.74	-0.02	0.28	156_G	[ -2.49656667 -10.07893333  18.43256667]
-0.08	 -0.65	0.02	0.08	157_K	[-0.55158621 -8.28634483 15.74389655]
0.02	 -0.03	-0.1	-0.03	157_K	[  0.28842424 -10.91333333  15.52966667]
-0.11	 -0.62	0.05	0.14	157_K	[  0.63293182 -13.25706818  15.64615909]
-0.13	 -0.95	0.0	0.13	157_K	[  2.25753125 -14.94896875  14.71196875]
-0.06	 0.21	-0.05	0.02	157_K	[  3.64745614 -14.59475439  17.23078947]
0.16	 1.45	0.02	-0.25	158_A	[-0.4562 -5.7019 16.6672]
-0.08	 -0.33	-0.01	0.07	158_A	[-2.37783871 -6.65274194 19.07348387]
0.13	 1.4	0.01	-0.15	159_F	[-0.68215385 -3.85092308 17.47246154]
-0.02	 0.03	0.06	-0.02	159_F	[-2.268      -2.61110526 19.87084211]
0.12	 0.41	-0.02	-0.14	159_F	[-0.22285714 -2.0262381  17.10547619]
-0.01	 0.27	-0.07	0.01	159_F	[-1.38847826  0.3426087  18.66582609]
-0.07	 -0.22	-0.04	0.02	159_F	[-0.59444118  2.64573529 19.97155882]
0.21	 0.77	0.04	-0.3	159_F	[ 1.82795  3.3054  18.8751 ]
0.18	 1.81	0.01	-0.29	160_K	[-2.6595  -2.35925 22.19425]
0.15	 1.64	0.11	-0.46	160_K	[-2.02342857 -1.067      24.23014286]
-0.16	 -0.54	-0.02	0.22	160_K	[-2.75334884 -0.17297674 22.73304651]
0.06	 0.09	-0.09	-0.09	160_K	[-0.62835 -2.16825 25.2032 ]
0.11	 0.65	-0.04	-0.21	160_K	[ 0.83366667 -4.81690476 24.7212381 ]
-0.12	 -0.47	0.07	0.13	160_K	[-1.69067391 -4.54136957 25.16547826]
-0.18	 -1.08	0.02	0.26	160_K	[-3.59670732 -4.64709756 23.2842439 ]
-0.13	 -0.32	-0.02	0.15	160_K	[-2.86689744 -7.187      22.81910256]
0.03	 2.54	-0.06	-0.08	161_R	[-1.23318182  2.30318182 22.35990909]
-0.14	 -0.82	-0.02	0.16	161_R	[-2.12972  2.47996 24.79984]
0.02	 0.27	-0.04	-0.17	161_R	[-0.61957143 -0.28634286 26.24934286]
-0.11	 -0.48	-0.14	0.12	161_R	[-2.6120625   1.63796875 27.3918125 ]
0.08	 0.5	-0.05	-0.16	161_R	[-0.35357576 -0.08384848 28.47536364]
0.04	 0.47	-0.02	-0.1	161_R	[-1.214       4.03302778 29.18491667]
0.17	 1.66	0.18	-0.45	161_R	[-0.11805882 -0.47817647 30.32070588]
0.15	 0.18	0.07	-0.25	162_M	[-0.03741176  3.93417647 23.17747059]
-0.0	 0.34	-0.02	-0.09	162_M	[ 0.41194872  5.65833333 26.40694872]
-0.01	 0.02	-0.07	0.05	162_M	[ 1.64891429  6.75422857 23.89457143]
-0.14	 -0.62	-0.0	0.13	162_M	[ 1.83023684  6.10336842 21.28102632]
0.17	 1.02	0.08	-0.33	162_M	[ 3.27831579  5.03242105 19.62852632]
0.18	 1.29	0.14	-0.39	163_L	[ 1.59705  5.4468  28.5507 ]
0.19	 0.88	-0.11	-0.21	164_D	[ 2.04692308  7.01007692 29.25915385]
0.06	 0.65	0.03	-0.24	164_D	[ 4.8201875  9.7398125 30.8980625]
0.04	 0.28	-0.14	-0.07	164_D	[ 3.9883125  8.3185625 31.58925  ]
-0.08	 0.03	-0.39	0.2	164_D	[ 2.3019322   9.70081356 29.77911864]
-0.03	 0.23	0.07	-0.05	164_D	[ 1.28    9.8074 27.2908]
-0.13	 0.02	0.1	0.38	164_D	[ 2.76788679 10.33330189 26.25366038]
-0.28	 -0.48	-0.24	0.27	164_D	[ 0.31886364  8.6545     28.32763636]
0.15	 1.42	0.32	-0.59	165_V	[ 5.957875  9.491625 31.584   ]
0.03	 0.38	-0.03	-0.06	165_V	[ 6.47192857 10.4895     31.59207143]
-0.1	 -0.21	0.03	0.05	165_V	[ 6.36233333 11.69029167 29.36854167]
0.08	 1.66	-0.08	-0.17	166_P	[ 7.3895 11.2875 32.2525]
0.01	 0.31	-0.03	-0.09	166_P	[ 8.38986957 13.02469565 31.16682609]
-0.18	 -0.85	0.01	0.19	166_P	[ 9.42155556 12.70938889 33.75744444]
0.15	 0.98	0.06	-0.27	166_P	[ 8.566      10.534      34.74966667]
0.05	 1.02	-0.1	-0.11	166_P	[ 7.339      10.34045455 33.16918182]
0.19	 0.76	0.04	-0.25	167_D	[11.68009091 13.50481818 32.24636364]
0.2	 1.41	0.22	-0.47	167_D	[12.65621739 13.16756522 28.15495652]
0.13	 1.58	0.22	-0.48	167_D	[13.0724 13.0808 32.0373]
0.15	 1.44	0.02	-0.23	167_D	[14.320375  13.54275   32.1118125]
0.04	 0.22	-0.11	-0.08	167_D	[13.51820513 15.37910256 30.15058974]
-0.05	 -0.17	0.03	0.02	167_D	[11.10308 15.99668 29.75884]
-0.2	 -0.16	-0.06	0.28	167_D	[10.91666667 15.65569231 28.05610256]
-0.27	 -1.05	0.06	0.4	167_D	[10.46971429 15.96391429 31.40291429]
0.17	 1.7	0.14	-0.37	168_C	[12.73955556 11.85633333 33.54672222]
0.06	 0.27	-0.03	-0.16	169_Y	[18.58285714  8.73260714 27.19978571]
-0.08	 -0.24	-0.04	0.15	169_Y	[18.2785   10.526875 26.359375]
0.01	 0.07	0.11	-0.08	169_Y	[18.25688 11.05116 28.80868]
0.03	 0.14	0.05	-0.19	169_Y	[16.92723333 10.53366667 24.39216667]
-0.0	 0.15	-0.07	-0.01	169_Y	[17.45324138 13.4792069  28.08275862]
0.06	 0.84	-0.04	-0.16	169_Y	[15.5745     12.341      24.69933333]
0.09	 0.77	0.1	-0.26	169_Y	[15.36225926 12.845      26.21303704]
-0.16	 -0.01	-0.04	0.15	169_Y	[15.07101818 14.28441818 26.52450909]
0.11	 0.92	-0.04	-0.21	170_H	[20.06263636  7.10395455 28.24713636]
0.06	 0.04	-0.06	-0.16	170_H	[21.1925641   6.91776923 25.82066667]
0.06	 0.11	-0.19	-0.05	174_T	[14.49666667 -7.04053333 34.75686667]
0.19	 1.31	0.35	-0.59	174_T	[12.71123529 -7.18217647 35.45582353]
-0.18	 -0.63	0.03	0.25	174_T	[12.46247059 -8.37341176 36.16697059]
-0.01	 0.43	-0.12	-0.13	174_T	[14.20447368 -5.65347368 37.26594737]
0.16	 0.66	0.1	-0.33	174_T	[11.82436364 -4.30509091 37.78586364]
0.12	 1.58	0.16	-0.42	174_T	[16.05816667 -4.88016667 36.21791667]
0.18	 2.45	0.03	-0.25	175_A	[10.309375 -9.194    35.199125]
-0.11	 -0.37	0.01	0.12	175_A	[ 9.10806122 -7.22108163 37.12187755]
0.12	 1.42	0.21	-0.48	176_P	[ 6.41307692 -8.54761538 30.92784615]
0.17	 1.6	-0.08	-0.22	176_P	[ 4.48714286 -7.04657143 32.61157143]
-0.09	 0.28	-0.02	-0.14	176_P	[ 5.24763158 -6.52852632 30.5625    ]
-0.09	 -0.47	-0.05	0.17	176_P	[ 4.88334091 -9.01777273 33.17988636]
-0.15	 -0.51	0.02	0.18	176_P	[  6.6798125  -11.30778125  33.6455    ]
-0.09	 -0.39	0.05	0.07	176_P	[  8.10808571 -10.05594286  34.75917143]
-0.0	 0.21	-0.06	-0.05	177_D	[ 3.06609091 -4.95766667 33.66090909]
-0.06	 -0.39	-0.02	0.01	177_D	[ 4.272      -5.83561111 36.52922222]
-0.03	 -0.13	-0.02	0.05	177_D	[ 5.81967742 -6.40664516 36.72935484]
-0.13	 -0.33	-0.02	0.21	177_D	[ 3.25180435 -4.04180435 36.8668913 ]
0.16	 1.54	-0.16	-0.11	178_T	[ 9.1182 -4.3556 37.498 ]
0.05	 0.26	0.04	-0.18	178_T	[ 7.16345455 -2.99157576 37.8119697 ]
0.09	 0.5	-0.01	-0.19	178_T	[10.14333333 -2.95470833 38.4235    ]
0.2	 1.13	0.11	-0.37	180_F	[14.10769231  1.98615385 40.34738462]
0.11	 0.62	0.06	-0.26	182_H	[20.03130303  8.78357576 30.33251515]
-0.06	 0.07	-0.12	0.09	182_H	[22.17553846 10.34273077 31.69767308]
0.2	 1.4	0.15	-0.42	183_C	[18.59109091 11.41631818 31.23459091]
0.19	 1.12	0.14	-0.4	183_C	[20.2954  12.38805 33.3164 ]
0.19	 0.13	0.05	-0.28	183_C	[14.73827273 12.45504545 34.52881818]
0.17	 1.47	0.36	-0.6	184_R	[15.92383333 13.59225    32.93008333]
-0.04	 0.07	-0.18	0.06	184_R	[18.88464 13.39436 30.91292]
0.08	 1.36	0.26	-0.49	184_R	[19.9526 13.5278 32.6484]
-0.13	 -0.33	0.01	0.15	184_R	[20.36259091 15.24504545 33.27911364]
0.04	 0.47	-0.0	-0.17	184_R	[16.28557143 15.41360714 31.49110714]
-0.05	 -0.39	-0.13	0.02	184_R	[18.43179545 16.47206818 30.91715909]
-0.17	 -0.48	-0.22	0.26	184_R	[15.98070732 17.34758537 30.33560976]
-0.17	 -0.51	0.22	0.25	184_R	[17.40673913 17.46586957 28.57969565]
-0.1	 -0.56	-0.1	0.1	184_R	[18.36563636 19.14945455 29.2815    ]
-0.25	 -1.01	0.11	0.38	184_R	[18.75846154 20.32338462 30.78184615]
-0.3	 -1.28	0.23	0.49	184_R	[19.4745  19.51458 27.76328]
0.06	 0.69	-0.03	-0.27	185_D	[16.66469565 15.00134783 34.05634783]
-0.12	 -0.33	-0.08	0.15	185_D	[18.52729412 16.54305882 35.14670588]
-0.0	 0.33	-0.17	-0.01	185_D	[20.66022222 15.27166667 35.577     ]
-0.06	 -0.32	0.0	0.08	185_D	[20.2152     15.60293333 37.68406667]
-0.18	 -1.18	0.02	0.25	185_D	[16.66525  16.212775 36.7867  ]
0.11	 -0.1	0.06	-0.23	185_D	[15.52915 14.0854  36.8044 ]
-0.16	 -0.53	-0.03	0.2	185_D	[14.93452381 13.97269048 38.37997619]
0.17	 1.03	0.06	-0.31	186_G	[21.79609524 13.62133333 36.15461905]
0.25	 1.1	0.12	-0.36	187_S	[16.3904  11.76275 39.81295]
0.16	 1.1	0.01	-0.29	190_K	[12.23122222  3.5485     40.15772222]
0.14	 1.33	0.02	-0.26	190_K	[10.39036957  2.08543478 41.37591304]
-0.03	 0.01	-0.29	0.06	190_K	[ 8.44325714 -0.43191429 40.20934286]
-0.06	 -0.31	0.02	0.05	190_K	[10.11555102 -1.59930612 41.84793878]
-0.09	 0.33	-0.13	-0.03	192_A	[ 4.75918033 -0.51255738 38.48616393]
0.14	 0.51	0.06	-0.32	193_F	[ 2.101875   -2.3641875  35.62034375]
0.03	 0.46	-0.11	-0.11	193_F	[ 1.86860714 -1.52932143 29.88464286]
0.03	 0.27	-0.03	-0.09	193_F	[ 3.30535135 -3.84205405 30.24894595]
0.17	 1.38	0.19	-0.47	194_G	[ 0.13426667 -1.63346667 31.36613333]
-0.09	 -0.19	-0.04	0.05	194_G	[-0.26410638 -3.42040426 32.85442553]
-0.14	 -0.21	-0.0	0.08	194_G	[-1.1205     -2.59058333 35.7275    ]
-0.18	 -0.72	0.09	0.26	194_G	[-3.09903448 -2.58906897 34.85213793]
0.19	 0.76	-0.01	-0.23	195_T	[-2.69000e-02 -1.71420e+00  3.61412e+01]
-0.09	 -0.47	-0.11	0.05	195_T	[-2.414040e+00  2.376000e-02  3.662336e+01]
0.17	 1.54	0.04	-0.34	195_T	[-2.99675   1.844875 35.508   ]
-0.02	 -0.05	-0.1	0.08	195_T	[ 0.988      -0.29578571 37.6255    ]
-0.17	 -0.63	0.03	0.2	195_T	[-1.22145     2.7159     37.92633333]
-0.04	 0.16	-0.04	-0.0	196_E	[-4.2198125  0.7554375 34.8183125]
0.05	 0.48	-0.13	-0.05	196_E	[-5.76075  1.89825 32.86   ]
-0.1	 -0.29	0.04	0.09	196_E	[-4.86221622  2.41221622 30.49745946]
-0.22	 -1.27	0.12	0.32	196_E	[-5.96337931 -0.3372069  33.06986207]
-0.18	 -0.7	0.07	0.25	196_E	[-5.05355556 -2.49441667 32.14125   ]
-0.18	 -1.04	-0.04	0.24	196_E	[-4.60178571 -2.31142857 29.68128571]
-0.09	 -0.17	0.02	0.1	196_E	[-4.49761765 -0.27326471 29.20782353]
-0.15	 -0.39	0.05	0.18	196_E	[-2.46769048 -2.63388095 30.18235714]
-0.02	 -0.02	-0.02	0.04	197_G	[-4.2134   2.84315 34.47395]
-0.23	 -1.04	0.09	0.3	197_G	[-5.00551163  4.70416279 32.95311628]
-0.04	 -0.24	-0.13	-0.03	197_G	[-3.11555  5.40895 31.3437 ]
0.05	 0.49	0.03	-0.24	197_G	[-2.24357143  4.61638095 30.7622381 ]
0.03	 -0.1	-0.2	-0.02	198_T	[-3.33085714  6.08195238 33.87752381]
0.12	 1.58	0.13	-0.41	198_T	[-0.7566  5.6894 31.3917]
0.05	 0.65	0.06	-0.19	198_T	[-1.63704762  4.67647619 35.70271429]
-0.07	 -0.21	-0.08	0.08	198_T	[ 0.43282353  7.96264706 34.19076471]
-0.22	 -0.76	0.06	0.28	198_T	[-2.05307692  7.83058974 35.1434359 ]
-0.2	 -0.76	-0.12	0.27	198_T	[-1.02769333  8.55738667 31.8814    ]
0.14	 1.1	0.36	-0.59	199_P	[ 1.0005      4.62116667 37.23216667]
-0.03	 0.07	-0.07	-0.04	199_P	[ 1.66012195  6.35895122 36.05909756]
0.17	 0.72	0.02	-0.26	199_P	[ 2.550375    6.72795833 32.58145833]
0.04	 0.64	-0.27	-0.11	199_P	[ 1.07733333  6.031      31.08856667]
-0.04	 0.68	-0.0	-0.12	200_E	[ 1.94735  5.14395 38.24625]
0.01	 0.34	-0.14	-0.1	200_E	[ 1.91928  2.54852 39.28804]
-0.15	 -0.86	0.05	0.21	200_E	[ 3.10546341  4.31441463 41.05680488]
-0.03	 0.26	0.07	-0.19	200_E	[ 4.60822222  2.27896296 41.45537037]
0.08	 0.52	-0.2	-0.03	200_E	[ 6.73120588  1.82323529 40.94647059]
-0.26	 -0.94	0.13	0.43	200_E	[ 3.49083721  1.34765116 42.05206977]
0.06	 0.03	0.03	-0.12	201_I	[ 4.32222222  6.64827778 38.39405556]
-0.1	 -0.24	0.01	0.1	201_I	[ 6.70721429  7.91780952 39.90842857]
-0.09	 -0.37	-0.04	0.09	201_I	[ 5.72013333  8.50946667 36.8598    ]
0.18	 1.31	-0.11	-0.11	201_I	[ 4.46616667  7.50133333 35.962     ]
0.12	 0.07	0.03	-0.2	201_I	[ 7.98772727  9.32154545 36.76477273]
-0.03	 -0.14	-0.0	-0.01	201_I	[ 5.3544186   8.62753488 33.97248837]
0.04	 -0.24	0.01	-0.17	202_T	[ 8.7181875  7.8994375 41.18175  ]
0.26	 1.36	0.51	-0.71	202_T	[12.58259091  5.34272727 40.31509091]
0.16	 1.48	-0.09	-0.2	202_T	[ 9.1422  3.7538 41.992 ]
-0.03	 -0.28	0.03	-0.01	202_T	[ 7.39225   4.856125 41.8917  ]
-0.2	 -0.66	-0.04	0.18	202_T	[10.57619403  5.27755224 43.04295522]
0.09	 0.14	-0.0	-0.13	203_H	[10.63610526  8.67294737 41.72489474]
-0.1	 -0.38	0.01	0.12	203_H	[12.94642105  7.74023684 43.29021053]
-0.09	 -0.63	0.07	0.07	203_H	[13.0375     10.97357692 40.92888462]
-0.06	 0.16	-0.18	0.15	203_H	[12.874  11.9044 39.601 ]
-0.12	 -0.58	0.01	0.16	203_H	[10.02054545 10.76590909 39.3599697 ]
-0.03	 -0.07	-0.03	-0.06	203_H	[12.48113333 12.32766667 36.55813333]
-0.08	 -0.15	-0.05	0.07	203_H	[10.01896 11.43812 37.09744]
-0.04	 -0.06	-0.15	0.01	204_T	[15.3493  6.4428 43.4842]
0.08	 0.18	-0.06	-0.13	204_T	[15.92983333  8.44575    44.0265    ]
0.05	 -0.89	0.07	-0.13	204_T	[15.68324 10.55684 42.04876]
0.23	 1.61	0.12	-0.36	204_T	[17.2496  5.0911 43.0837]
0.03	 0.27	-0.03	-0.12	204_T	[15.12844118  4.30791176 41.64079412]
-0.09	 -0.22	-0.09	0.09	205_E	[17.24889474 10.99821053 43.58726316]
-0.13	 -0.75	0.02	0.16	205_E	[19.55537931 10.84317241 45.02068966]
-0.22	 -1.18	0.11	0.32	205_E	[18.31631429  9.09734286 46.47094286]
-0.12	 -0.12	0.03	0.14	205_E	[19.592625   6.654625  46.5701875]
-0.12	 -0.43	-0.04	0.16	205_E	[21.42240426  7.33746809 45.31276596]
-0.07	 -0.08	-0.0	-0.01	205_E	[17.99834211  5.98355263 45.05836842]
0.04	 0.14	-0.14	-0.07	206_V	[18.761     12.1915625 42.683125 ]
-0.07	 -0.3	0.07	0.03	206_V	[22.46368293 11.24204878 43.03946341]
-0.15	 -1.06	-0.0	0.17	206_V	[20.95442857 13.80664286 42.53935714]
-0.06	 -0.17	-0.05	0.06	206_V	[22.48744737 14.38686842 40.33765789]
-0.14	 -0.45	0.01	0.16	206_V	[18.50198214 14.26019643 40.93025   ]
-0.04	 0.04	-0.05	0.01	207_F	[23.65426316  9.24110526 42.41605263]
-0.06	 -0.75	-0.08	0.1	207_F	[25.21088889 10.55588889 41.47733333]
-0.01	 -0.16	0.02	0.06	207_F	[26.30186364  8.88422727 40.93195455]
0.04	 0.25	-0.1	-0.12	207_F	[23.691       7.02630769 41.76557692]
0.15	 1.19	0.01	-0.33	207_F	[24.95983333  5.65941667 39.244125  ]
0.16	 1.26	0.12	-0.36	208_H	[24.61433333 11.99825    40.59083333]
0.1	 0.67	-0.11	-0.19	208_H	[26.9309375 11.3623125 40.093125 ]
0.09	 0.04	-0.04	-0.13	208_H	[25.47945455 13.45745455 40.03109091]
0.09	 0.69	-0.03	-0.24	208_H	[23.67656522 14.04756522 37.7173913 ]
0.1	 0.87	-0.02	-0.24	208_H	[24.55783333 13.62733333 35.34491667]
0.0	 0.49	-0.05	-0.09	208_H	[23.75929545 11.91409091 33.85172727]
0.09	 1.31	0.27	-0.52	209_P	[26.45966667 13.87066667 40.08966667]
-0.11	 0.0	-0.16	0.08	209_P	[25.38547826 15.25852174 39.43221739]
0.11	 0.8	-0.01	-0.31	209_P	[24.723      15.14630769 37.25130769]
-0.17	 -0.79	0.05	0.23	209_P	[28.0157027  16.68072973 39.49791892]
-0.11	 -0.48	-0.0	0.09	209_P	[30.22145455 14.67669697 39.18839394]
-0.08	 -0.46	0.04	0.07	209_P	[28.2316     12.74713333 40.12716667]
-0.09	 -0.05	-0.1	0.11	210_E	[25.45838095 16.93666667 37.70852381]
-0.12	 -0.44	-0.13	0.09	210_E	[24.65447619 16.10861905 35.19085714]
0.15	 1.58	0.24	-0.49	210_E	[25.9373 15.5295 34.2232]
0.01	 0.17	-0.14	-0.02	210_E	[26.33785 17.23    32.6399 ]
-0.18	 -0.93	-0.01	0.22	210_E	[25.24822857 18.96405714 36.84028571]
-0.21	 -1.04	0.08	0.31	210_E	[23.49110811 19.38327027 34.80505405]
-0.14	 -0.76	-0.07	0.14	210_E	[25.15431818 20.86304545 33.83136364]
-0.19	 -0.55	0.06	0.27	210_E	[26.94957143 20.67931429 33.59754286]
-0.3	 -1.1	0.19	0.46	210_E	[23.939275 21.74355  33.06665 ]
0.22	 1.56	0.13	-0.37	211_D	[28.01192308 17.88853846 36.533     ]
0.13	 1.6	0.04	-0.33	211_D	[28.45616667 18.50975    33.02925   ]
-0.06	 -0.02	-0.0	0.01	211_D	[31.69078947 15.69065789 33.73939474]
-0.12	 -0.54	-0.13	0.15	211_D	[29.60953488 19.18944186 34.49225581]
-0.09	 -0.35	-0.09	0.07	211_D	[30.79284615 18.25561538 36.59415385]
-0.13	 -0.34	-0.08	0.12	211_D	[31.17064286 16.356      37.23714286]
-0.29	 -1.0	0.2	0.46	211_D	[32.45147619 19.10404762 36.09235714]
0.15	 1.1	-0.15	-0.14	212_E	[31.30771429 13.44657143 33.768     ]
0.12	 0.65	0.03	-0.25	212_E	[26.42375 13.37275 32.98975]
-0.02	 0.42	-0.03	-0.12	212_E	[31.6956383  12.17212766 35.55589362]
0.13	 1.45	0.2	-0.46	212_E	[32.21818182 10.23472727 36.619     ]
0.18	 1.81	0.22	-0.47	212_E	[29.627125  10.461625  38.7566875]
-0.13	 -0.44	-0.13	0.19	212_E	[31.88667647 11.75035294 38.42623529]
0.14	 0.78	0.14	-0.34	213_F	[30.82511111 12.35303704 32.07140741]
0.01	 1.19	0.02	-0.18	213_F	[27.38427273 11.82272727 29.99354545]
0.11	 1.0	0.01	-0.27	213_F	[29.48203333 12.3372     29.3136    ]
0.01	 0.56	-0.08	-0.18	213_F	[29.3665     14.32655556 27.92227778]
-0.09	 -0.59	-0.01	0.11	213_F	[27.34947059 14.36279412 29.59929412]
0.09	 0.54	0.07	-0.23	213_F	[31.44509091 14.91487879 29.14615152]
-0.18	 -0.82	0.0	0.27	213_F	[27.24169697 16.77715152 29.75784848]
-0.03	 0.17	-0.13	0.06	213_F	[31.28404255 16.91457447 29.46951064]
-0.15	 -0.59	-0.0	0.17	213_F	[29.30468293 17.80190244 29.83997561]
0.06	 -0.16	-0.07	-0.13	214_L	[26.53163636 10.80927273 31.09845455]
-0.13	 -0.01	-0.13	0.07	214_L	[25.98804762  9.18352381 28.52502381]
0.17	 1.24	0.11	-0.39	214_L	[24.84163636  8.80345455 31.36551515]
0.05	 0.82	-0.16	-0.13	215_I	[27.7393913   8.026      26.25452174]
0.24	 0.77	0.08	-0.34	215_I	[24.3312   7.0364  27.32736]
0.21	 0.96	0.08	-0.32	215_I	[28.87855556  5.50977778 25.26694444]
0.17	 0.88	-0.0	-0.29	215_I	[31.2700303   7.05490909 26.76381818]
0.15	 1.01	0.0	-0.21	216_N	[27.20669231  6.33684615 24.44007692]
0.13	 1.07	0.06	-0.33	216_N	[26.55363636  6.431      23.04363636]
0.12	 0.96	0.06	-0.34	216_N	[25.55613333  8.602      25.0204    ]
-0.11	 -0.23	0.03	0.11	216_N	[23.42511628  8.74513953 24.54044186]
-0.21	 -0.51	-0.36	0.42	216_N	[26.21033824  8.98704412 22.48252941]
0.24	 1.63	0.29	-0.54	217_H	[24.679       0.83291667 24.68391667]
0.12	 1.48	0.16	-0.43	217_H	[26.2746 -0.0766 25.9238]
0.16	 0.9	0.14	-0.39	217_H	[28.159875   -0.093875   26.07003125]
0.08	 0.65	-0.09	-0.17	217_H	[26.57684848  0.11351515 23.99972727]
0.08	 0.85	0.08	-0.3	217_H	[28.18989286  4.42975    22.99142857]
0.03	 0.71	-0.07	-0.17	217_H	[26.95467742  5.40777419 21.02245161]
0.18	 1.76	0.12	-0.37	218_P	[26.77327273 -1.41418182 27.31981818]
0.07	 0.39	0.04	-0.18	218_P	[24.72296875 -0.89334375 26.20153125]
-0.02	 -0.18	-0.05	0.03	219_A	[25.89294444 -3.32388889 27.6965    ]
0.09	 0.39	-0.01	-0.14	219_A	[26.6739     -4.83646667 29.17266667]
0.11	 0.66	-0.04	-0.17	220_Y	[23.83793333 -4.8356     28.74393333]
0.13	 0.91	0.06	-0.24	220_Y	[24.42494444 -6.291      30.61094444]
-0.03	 0.23	0.06	-0.08	220_Y	[21.62046875 -6.85625    29.14803125]
0.21	 0.92	0.15	-0.39	220_Y	[16.73860606 -6.19218182 34.60087879]
0.17	 1.63	0.2	-0.47	221_S	[24.5135     -7.05083333 31.34083333]
-0.05	 -0.03	-0.21	-0.0	221_S	[22.90771429 -8.81685714 30.50552381]
0.02	 0.49	-0.09	-0.13	221_S	[25.0395     -8.55895833 31.403     ]
0.13	 0.86	0.02	-0.28	221_S	[ 23.7587619  -10.55909524  31.10952381]
0.07	 0.44	-0.05	-0.11	222_Q	[20.69061111 -9.32894444 30.81677778]
0.12	 1.74	0.16	-0.43	222_Q	[ 17.6307 -11.1043  32.9078]
-0.06	 -0.16	-0.06	0.1	222_Q	[17.34257576 -9.36921212 34.48015152]
0.05	 0.4	-0.08	-0.18	222_Q	[18.61896875 -8.7229375  29.7304375 ]
0.12	 0.79	-0.07	-0.21	222_Q	[15.89810526 -9.40544737 32.51947368]
0.1	 0.98	-0.05	-0.22	222_Q	[16.39933333 -7.93266667 29.0286    ]
0.25	 1.44	0.35	-0.58	222_Q	[15.45893333 -6.65226667 29.06713333]
-0.06	 0.1	-0.13	-0.0	222_Q	[ 15.60523529 -10.43423529  28.98037255]
0.24	 1.62	0.22	-0.47	223_K	[ 20.22710526 -11.16094737  31.45621053]
-0.08	 -0.3	-0.08	0.07	223_K	[ 18.13038462 -12.26830769  34.31230769]
0.16	 0.89	-0.09	-0.16	223_K	[ 18.83955556 -11.17966667  36.00411111]
-0.19	 -0.57	0.14	0.22	223_K	[ 20.04436585 -12.71346341  36.60187805]
0.02	 0.35	-0.06	-0.1	223_K	[ 20.18673333 -14.31826667  34.37946667]
0.06	 0.4	0.08	-0.18	223_K	[ 18.62292308 -12.98236538  31.58042308]
0.05	 -0.08	0.0	-0.07	223_K	[ 19.90025   -15.73025    33.2339375]
-0.04	 -0.07	0.05	-0.0	223_K	[ 17.70915217 -15.80484783  30.55941304]
-0.04	 -0.05	-0.07	0.02	223_K	[ 19.66817949 -17.99976923  31.5854359 ]
-0.05	 -0.16	-0.08	-0.02	224_A	[ 21.88938095 -11.56957143  37.40495238]
0.03	 0.58	-0.25	-0.02	224_A	[20.22164286 -9.8455     38.39471429]
0.14	 0.58	0.03	-0.15	224_A	[22.23022222 -8.76888889 39.25894444]
0.01	 -0.11	-0.05	-0.06	224_A	[ 24.04196429 -10.79178571  37.23292857]
0.08	 1.5	0.05	-0.22	225_G	[19.05985 -9.24765 37.26935]
0.09	 0.31	-0.02	-0.17	225_G	[18.20282759 -6.94293103 36.76089655]
0.17	 1.36	-0.08	-0.19	226_R	[26.3614 -6.5404 41.2042]
-0.0	 -0.07	0.01	-0.02	226_R	[24.84523256 -7.64448837 40.29830233]
-0.03	 0.24	-0.07	-0.02	226_R	[28.08035714 -7.45483929 40.43526786]
0.18	 1.04	0.05	-0.31	229_W	[22.82897059  6.73511765 29.56711765]
0.25	 1.7	0.1	-0.35	231_T	[31.939375  10.3671875 32.6665   ]
0.21	 1.32	0.42	-0.64	231_T	[32.9881   9.2994  34.63825]
0.18	 1.49	0.15	-0.42	232_Y	[32.51795238 10.451      31.05038095]
0.25	 1.23	0.16	-0.41	232_Y	[34.02566667  8.68496667 27.54153333]
0.05	 0.25	0.12	-0.44	232_Y	[33.56026471 11.93897059 29.83079412]
0.23	 1.08	0.06	-0.31	232_Y	[32.38207692  9.295      26.49315385]
0.09	 0.35	-0.04	-0.2	232_Y	[33.55125806 13.93525806 27.1753871 ]
0.01	 0.27	-0.14	-0.07	232_Y	[29.63616216 10.09083784 26.26845946]
0.15	 0.72	0.02	-0.26	232_Y	[30.44706667 14.3956     26.53333333]
0.09	 1.13	0.1	-0.39	232_Y	[29.3717 12.9963 26.685 ]
-0.13	 -0.49	0.06	0.25	232_Y	[29.20578947 12.68478947 24.9084386 ]
0.12	 0.81	-0.38	0.54	233_T	[34.3763125 10.5079375 31.3515625]
0.17	 1.27	0.09	-0.37	233_T	[38.47652941  9.48764706 31.00558824]
0.21	 1.39	0.22	-0.46	233_T	[39.26833333  8.193375   31.86304167]
0.1	 0.76	0.03	-0.26	233_T	[37.98633333  9.53661905 33.80957143]
-0.1	 -0.11	-0.15	-0.04	233_T	[34.86605556 10.05241667 33.76338889]
-0.15	 -0.73	-0.07	0.16	233_T	[37.19658571 11.74064286 32.32782857]
0.12	 0.99	0.06	-0.35	235_K	[34.17648387  8.61967742 36.23941935]
0.02	 0.36	-0.1	-0.08	235_K	[35.02162857  7.4434     39.46405714]
-0.17	 -0.99	0.02	0.21	235_K	[33.87658824  9.81014706 38.84423529]
-0.07	 -0.49	0.02	0.07	235_K	[31.6749375   8.7440625  40.37815625]
0.16	 1.15	0.03	-0.32	237_H	[28.70918182  3.24281818 39.44836364]
0.22	 1.17	0.05	-0.32	237_H	[26.49242105  4.02584211 38.32510526]
-0.02	 0.11	-0.13	0.02	237_H	[27.14959375  5.9859375  39.8054375 ]
0.01	 -0.1	-0.06	-0.08	237_H	[28.70042424  8.40184848 39.94924242]
0.18	 0.95	0.07	-0.33	238_Q	[26.86694737  2.15131579 39.38284211]
0.18	 1.45	0.15	-0.39	238_Q	[25.574375    1.72870833 40.82516667]
0.14	 1.4	0.12	-0.39	238_Q	[29.287875  -3.0095625 40.4010625]
0.25	 1.3	0.09	-0.35	238_Q	[29.21384211 -4.72647368 39.82831579]
0.15	 0.82	-0.0	-0.25	238_Q	[30.63395238 -1.79338095 40.63519048]
0.22	 1.25	0.15	-0.41	239_I	[24.52532  3.05356 39.08828]
0.17	 1.1	0.46	-0.68	240_D	[19.18177778 -4.42611111 41.88488889]
0.18	 1.06	0.13	-0.41	240_D	[19.43395238 -3.39390476 42.65133333]
0.11	 0.72	0.12	-0.34	240_D	[21.77225806 -5.61016129 42.43025806]
0.15	 0.55	0.02	-0.22	240_D	[21.9166875 -7.4955    41.1385625]
-0.06	 -0.36	-0.05	0.03	240_D	[21.82302083 -5.31864583 43.99960417]
0.16	 1.32	0.15	-0.4	241_L	[16.78276923 -5.92223077 38.62869231]
0.04	 0.22	-0.02	-0.16	241_L	[15.07521053 -5.76347368 39.56342105]
0.18	 1.01	0.23	-0.49	241_L	[16.77388235 -4.87905882 37.46782353]
-0.0	 0.26	-0.06	-0.04	242_S	[17.18231818 -8.05790909 39.63731818]
0.13	 -0.37	-0.12	-0.14	242_S	[16.3248     -7.69146667 42.0948    ]
-0.2	 -0.74	0.14	0.33	242_S	[15.75215  -8.963025 42.41835 ]
-0.12	 -0.49	-0.06	0.14	242_S	[19.02607692 -9.33105128 40.85358974]
-0.13	 -0.27	-0.03	0.11	242_S	[19.40317949 -7.84876923 43.2244359 ]
0.14	 0.84	0.01	-0.31	243_S	[18.04256 -5.55136 42.96032]
-0.1	 -0.28	-0.04	0.04	243_S	[15.48088889 -7.58616667 44.43316667]
0.06	 0.44	0.07	-0.27	243_S	[13.8298 -5.9333 43.2492]
-0.26	 -0.72	0.1	0.33	243_S	[12.67734211 -5.92592105 44.11542105]
-0.22	 -0.88	0.05	0.25	243_S	[15.69109804 -5.5765098  45.70090196]
-0.14	 -0.12	-0.11	0.01	243_S	[16.95655556 -3.64322222 44.72048148]
0.08	 0.61	0.16	-0.25	244_G	[14.15914286 -6.48414286 41.39514286]
-0.08	 -0.32	-0.1	0.06	244_G	[12.25666038 -4.26471698 41.05069811]
0.15	 1.38	0.21	-0.49	244_G	[11.924375 -2.8295   42.962875]
0.13	 1.43	0.17	-0.41	245_D	[17.08942105 -1.07394737 44.41826316]
0.17	 1.66	0.18	-0.45	245_D	[17.94       -2.60022222 43.8695    ]
-0.09	 -0.19	-0.06	0.03	245_D	[14.64288235 -0.97801961 44.99896078]
-0.18	 -0.83	-0.03	0.24	245_D	[12.77635714  0.57957143 45.33264286]
-0.22	 -0.31	0.0	0.05	245_D	[12.34944118  1.10308824 42.99494118]
-0.21	 -0.53	0.06	0.28	245_D	[11.71932558 -1.52613953 45.00795349]
0.18	 1.07	0.01	-0.29	246_A	[15.62148  1.33544 42.25812]
0.18	 1.58	0.06	-0.33	246_A	[18.385      -0.397      44.68766667]
-0.06	 0.04	0.02	-0.02	246_A	[18.02282051  2.00984615 44.32676923]
0.18	 1.78	-0.04	-0.27	246_A	[16.64357143  2.56557143 42.57428571]
-0.0	 0.66	-0.08	-0.04	247_K	[20.19283333  1.09091667 45.36525   ]
-0.06	 0.33	0.0	-0.1	247_K	[19.65770968 -1.96251613 45.05783871]
-0.1	 -0.48	0.01	0.12	247_K	[21.77058333 -0.30554167 46.82616667]
-0.15	 -0.5	0.02	0.15	247_K	[21.17375862 -3.48965517 46.79827586]
-0.2	 -0.8	0.01	0.25	247_K	[23.710075 -2.05115  48.06105 ]
-0.25	 -0.93	0.04	0.37	247_K	[23.85907018 -4.59577193 47.5424386 ]
0.15	 0.34	-0.03	-0.15	248_F	[22.33271429  1.99092857 45.33507143]
-0.09	 -0.28	-0.05	0.12	248_F	[25.50171739  1.8058913  45.74367391]
-0.13	 -0.33	-0.05	0.12	248_F	[24.3732      4.18       43.77255556]
0.21	 1.37	0.01	-0.29	248_F	[22.58246154  6.00084615 43.369     ]
0.09	 0.55	-0.08	-0.21	248_F	[24.28196552  4.448      40.93755172]
0.07	 0.07	-0.04	-0.12	248_F	[20.8505      4.24568182 44.83313636]
0.18	 1.8	-0.03	-0.28	249_L	[26.72111111 -0.27855556 45.52577778]
0.17	 1.77	-0.04	-0.21	249_L	[28.0835    2.148375 45.0185  ]
-0.01	 0.03	-0.03	-0.08	249_L	[27.8725122   2.70839024 42.50863415]
0.13	 0.75	0.02	-0.27	249_L	[28.79582609 -1.72704348 42.25747826]
-0.13	 -0.71	-0.06	0.18	249_L	[27.59021053 -3.23657895 44.21568421]
0.06	 0.4	-0.03	-0.17	249_L	[25.26988571 -2.79202857 45.16714286]
-0.01	 0.25	-0.04	-0.06	249_L	[26.5116087  -4.50445652 42.25193478]
-0.02	 -0.07	-0.1	0.03	250_P	[30.0638      2.97713333 44.50333333]
0.21	 1.03	0.11	-0.35	250_P	[31.1998  -0.4376  42.10216]
-0.15	 -0.66	-0.02	0.31	250_P	[32.39064286  0.92766071 44.86301786]
-0.22	 -1.06	0.11	0.35	250_P	[30.22618367  0.4464898  46.88687755]
-0.11	 -0.34	-0.06	0.13	250_P	[29.05171053 -1.1255     45.34439474]
-0.04	 -0.47	-0.09	0.09	251_A	[31.13316667  4.05472222 43.06733333]
0.21	 1.38	0.44	-0.66	251_A	[30.05686667  3.11713333 40.8204    ]
0.17	 1.5	0.19	-0.46	251_A	[33.6115  1.7085 42.6515]
-0.14	 -0.33	-0.02	0.16	251_A	[34.6182381   4.00864286 41.96566667]
-0.07	 -0.22	-0.11	0.04	251_A	[31.03882979  5.33842553 41.26195745]
0.0	 0.35	-0.09	-0.08	252_V	[36.3356875  1.607     40.9828125]
0.19	 1.24	0.16	-0.43	252_V	[35.96094737  4.46478947 39.52663158]
0.1	 1.49	0.33	-0.6	252_V	[37.054       0.211      39.86644444]
0.06	 0.52	-0.15	-0.09	252_V	[34.49930909 -0.76849091 41.91078182]
-0.1	 -1.2	-0.1	0.1	253_E	[37.43921429  2.32121429 39.99278571]
0.05	 0.51	-0.01	-0.16	253_E	[39.35844231  0.54694231 37.58575   ]
-0.09	 -0.29	-0.07	0.12	253_E	[39.16179487  4.37571795 39.48707692]
0.11	 1.04	-0.12	-0.14	253_E	[38.842   8.3328 37.637 ]
-0.11	 -0.26	0.08	0.13	253_E	[37.99548889  7.34988889 39.22553333]
0.06	 0.41	0.05	-0.17	253_E	[37.60444  8.33556 36.33956]
0.16	 1.28	0.12	-0.39	254_A	[41.03728571  1.32414286 35.87257143]
0.11	 0.85	0.12	-0.19	254_A	[40.82083333 -0.25473333 34.99573333]
0.08	 1.84	0.01	-0.25	255_L	[42.473    2.01955 36.0369 ]
0.09	 0.49	-0.1	-0.12	255_L	[41.998       3.38416667 37.23566667]
0.11	 1.3	0.1	-0.32	256_T	[43.6375    1.445375 35.642   ]
-0.05	 0.08	0.02	-0.0	256_T	[44.30915789  3.32621053 37.51226316]
-0.07	 -0.69	-0.08	0.09	256_T	[47.27168182  2.9065     36.917     ]
0.09	 0.91	-0.01	-0.16	256_T	[47.9731875  2.56875   34.4151875]
-0.13	 -0.57	-0.05	0.2	256_T	[45.91006557  0.41022951 36.28127869]
0.05	 0.42	-0.04	-0.17	257_E	[45.43715789  4.72426316 38.22136842]
0.07	 0.62	-0.04	-0.15	257_E	[48.251       8.03890909 37.23636364]
0.01	 0.13	-0.01	-0.12	257_E	[46.28616667  9.130625   36.48454167]
-0.14	 -0.78	0.01	0.22	257_E	[47.37696774  7.11990323 39.14574194]
-0.18	 -0.9	0.07	0.24	257_E	[45.70259091  6.18870455 40.71597727]
-0.21	 -0.86	-0.05	0.23	257_E	[44.79938462  8.28269231 41.46969231]
-0.19	 -0.61	0.13	0.19	257_E	[44.59088235  9.35135294 39.35711765]
-0.24	 -0.74	0.15	0.33	257_E	[42.998       7.17794444 41.10247222]
0.01	 0.74	-0.11	-0.1	258_A	[48.33466667  5.77166667 37.30661111]
0.02	 0.4	-0.04	-0.07	258_A	[49.92542857  7.68504762 35.4257619 ]
0.18	 0.84	-0.05	-0.19	258_A	[49.64909091  6.05718182 32.49354545]
-0.2	 -0.93	0.02	0.33	258_A	[50.47069863  5.03889041 35.29756164]
0.11	 1.05	0.01	-0.29	259_E	[48.93633333  4.88916667 32.891     ]
0.14	 1.56	0.13	-0.37	259_E	[48.55185714  5.66519048 31.32304762]
0.02	 0.15	-0.05	-0.06	259_E	[48.04786111  3.06338889 31.48286111]
-0.03	 -0.11	-0.0	0.01	259_E	[47.4288  0.5138 31.8619]
0.14	 1.7	0.06	-0.31	260_R	[43.30411111  9.49       31.98733333]
0.11	 1.08	0.02	-0.23	260_R	[45.32691667 10.50483333 34.51875   ]
-0.1	 -0.16	0.05	0.1	260_R	[44.83113158 11.32826316 31.89842105]
-0.03	 -0.25	-0.01	-0.04	260_R	[43.5502963   9.797      34.96748148]
0.06	 0.55	-0.01	-0.14	260_R	[41.46882353  8.75794118 32.50229412]
-0.08	 0.66	-0.18	0.06	260_R	[40.15790323  9.30312903 34.36993548]
-0.12	 -0.07	-0.09	0.09	260_R	[41.41346939  9.169      37.6484898 ]
0.05	 0.85	-0.07	-0.17	260_R	[41.9403125  5.945625  38.7473125]
0.12	 1.42	0.12	-0.43	261_A	[46.3436 10.173  35.0058]
-0.09	 0.57	-0.03	0.04	261_A	[47.17986364 11.88636364 34.04086364]
0.14	 0.91	-0.1	-0.19	261_A	[50.094375 11.05175  32.451125]
-0.17	 -0.59	0.06	0.29	261_A	[48.45406977 12.50365116 31.1955814 ]
-0.19	 -0.78	0.03	0.23	261_A	[49.39957407 10.64114815 35.03603704]
-0.06	 -0.18	-0.1	0.05	262_D	[49.91370588 10.87035294 29.59      ]
-0.02	 -0.16	-0.07	0.07	262_D	[48.2046     11.40986667 28.62453333]
-0.05	 0.1	0.0	-0.03	262_D	[48.32672  9.97448 26.86288]
0.15	 1.34	0.02	-0.3	262_D	[49.84052632  7.91552632 28.93284211]
-0.06	 -0.06	-0.07	0.02	262_D	[51.23637838  7.82556757 30.48810811]
-0.12	 -0.28	-0.02	0.14	262_D	[51.49165306  9.05285714 32.04702041]
-0.27	 -0.86	0.11	0.37	262_D	[52.04238636  7.48377273 28.92670455]
0.09	 1.23	0.04	-0.35	263_G	[46.80675    11.69833333 29.868     ]
-0.13	 -0.31	-0.11	0.12	263_G	[45.03222807 11.20301754 28.26719298]
0.17	 2.15	0.1	-0.36	263_G	[45.09884615 10.32492308 25.76969231]
0.17	 0.99	0.08	-0.32	264_W	[41.85094118  8.72061765 30.24252941]
0.08	 0.34	-0.04	-0.15	264_W	[49.11753125  5.4521875  28.70484375]
0.13	 1.42	0.11	-0.39	264_W	[48.1844  3.466  28.9038]
-0.07	 -0.49	-0.17	0.1	264_W	[48.62585714  2.5502449  26.93208163]
0.18	 1.09	0.09	-0.37	264_W	[47.5783871   2.16745161 25.12045161]
0.07	 0.36	0.01	-0.22	265_R	[40.748875  10.3729375 28.89575  ]
0.16	 1.42	-0.09	-0.22	265_R	[41.3058 11.7766 27.161 ]
-0.03	 -0.37	0.0	-0.02	265_R	[40.20467742 12.57554839 28.75341935]
0.12	 1.42	-0.16	-0.16	265_R	[39.0908 12.0762 30.2752]
0.17	 0.84	0.04	-0.3	265_R	[35.94163158 12.90810526 28.51526316]
-0.14	 -0.62	-0.1	0.16	265_R	[38.12265217 14.27013043 29.8975    ]
0.23	 1.34	0.2	-0.45	266_P	[35.47678125  7.9163125  25.59021875]
0.23	 1.34	0.22	-0.49	266_P	[34.47821053  6.50205263 27.56610526]
0.25	 1.42	0.24	-0.49	268_G	[32.55242857  3.85509524 18.40914286]
0.09	 0.47	-0.05	-0.19	268_G	[31.06291667  5.47983333 20.72529167]
0.17	 1.35	0.24	-0.5	269_W	[29.62323077  4.12407692 20.43984615]
0.21	 1.46	0.22	-0.48	269_W	[29.86486667  3.86833333 21.9604    ]
0.15	 0.97	0.07	-0.31	269_W	[30.88360714  2.14932143 16.88225   ]
0.15	 1.36	0.04	-0.26	269_W	[29.88480556  5.19188889 18.04083333]
0.19	 1.53	0.43	-0.65	269_W	[25.49455556  4.66444444 15.52544444]
-0.01	 0.34	-0.1	-0.07	269_W	[28.38151351  6.76686486 17.70564865]
-0.07	 0.22	-0.21	0.03	269_W	[25.81818868  6.36920755 17.17628302]
0.11	 1.36	0.07	-0.36	270_Q	[29.077625  -0.607875  23.7950625]
0.23	 1.49	0.38	-0.61	270_Q	[29.96023077 -0.75561538 24.56738462]
0.09	 -0.03	-0.06	-0.21	270_Q	[28.8397  -2.40035 23.1109 ]
0.21	 1.04	0.06	-0.31	270_Q	[26.443125  -1.43075   22.2758125]
-0.06	 -0.2	-0.17	0.03	270_Q	[26.10818182 -4.10115152 22.15363636]
-0.01	 0.42	-0.12	-0.08	271_Q	[31.62554902  5.99241176 23.60272549]
0.19	 1.28	0.08	-0.32	271_Q	[33.63322727  6.05031818 25.82409091]
0.08	 0.39	0.03	-0.21	272_V	[29.29315686 -2.90460784 25.94037255]
0.06	 0.26	-0.16	-0.1	273_A	[29.42242857 -6.32880952 26.7432381 ]
0.17	 0.7	-0.01	-0.31	273_A	[30.09809091 -8.05468182 27.14904545]
0.04	 -0.23	-0.09	-0.09	274_Y	[28.57853846 -7.24176923 29.093     ]
0.08	 0.63	0.07	-0.28	274_Y	[28.15925    -9.21233333 29.63361111]
0.14	 0.97	0.03	-0.22	274_Y	[26.823625   -6.59708333 31.18933333]
0.15	 1.25	0.15	-0.48	274_Y	[26.60209091 -8.10390909 31.58481818]
0.17	 0.43	0.11	-0.32	274_Y	[ 27.03279412 -10.09667647  37.26611765]
-0.03	 0.11	-0.01	-0.04	276_R	[ 27.6666  -12.78932  36.82584]
0.01	 0.24	-0.01	-0.11	276_R	[ 25.26048148 -13.28788889  35.83503704]
0.11	 1.1	0.24	-0.5	276_R	[ 23.11030769 -13.11246154  35.48923077]
-0.09	 -0.31	-0.11	0.07	276_R	[ 22.6505  -14.54225  35.116  ]
0.03	 -0.37	-0.11	-0.04	276_R	[ 25.12746667 -16.10326667  34.543     ]
0.07	 0.29	-0.12	-0.12	276_R	[ 25.56819048 -16.94252381  32.3162381 ]
-0.19	 -0.53	0.08	0.19	276_R	[ 22.89542 -17.23026  33.48588]
-0.06	 -0.5	-0.03	0.03	277_A	[ 27.68147826 -16.04043478  35.6353913 ]
0.04	 0.33	-0.06	-0.08	277_A	[ 30.79338462 -16.75776923  35.97338462]
-0.19	 -1.24	0.03	0.24	277_A	[ 29.92304 -15.1678   37.5526 ]
-0.03	 -0.19	-0.1	0.15	277_A	[ 29.21614754 -17.75257377  33.6917377 ]
-0.01	 0.07	-0.11	-0.01	278_L	[ 32.95304545 -15.45836364  36.64604545]
0.15	 0.02	-0.04	-0.17	278_L	[ 32.079      -13.711       37.80655556]
-0.1	 0.1	3.82	0.37	278_L	[ 33.99425532 -12.18668085  37.66268085]
0.15	 2.16	0.05	-0.31	278_L	[ 34.84081818 -14.67345455  35.81436364]
0.17	 1.41	0.07	-0.36	278_L	[ 36.19362162 -15.99037838  32.49616216]
-0.12	 -0.45	-0.0	0.17	278_L	[ 34.19655224 -17.43234328  34.29362687]
0.19	 1.3	0.21	-0.47	279_D	[ 34.00945714 -10.02502857  38.13831429]
0.06	 -0.05	-0.05	-0.06	279_D	[ 30.28252 -11.94324  38.72596]
0.09	 -0.0	-0.03	-0.12	279_D	[ 28.8134 -10.2163  39.0461]
0.0	 0.2	-0.04	-0.05	279_D	[ 30.26469565 -10.19504348  40.88265217]
0.16	 1.44	0.27	-0.53	280_R	[ 35.55714286 -10.23978571  36.678     ]
0.13	 1.07	-0.15	-0.14	280_R	[ 36.45457143 -11.32790476  36.50347619]
0.13	 1.16	0.43	-0.62	280_R	[ 38.347625 -13.8415    34.148875]
-0.14	 -0.33	-0.09	0.19	280_R	[ 37.78586538 -14.02765385  35.59340385]
0.09	 0.63	-0.01	-0.22	280_R	[ 39.23338983 -13.37533898  32.74291525]
0.16	 0.96	0.09	-0.34	286_D	[42.34927778  5.19188889 21.03327778]
0.14	 -0.61	0.01	-0.21	286_D	[43.69178571  4.72678571 20.41842857]
0.11	 0.8	0.04	-0.29	286_D	[46.55941026  4.22510256 22.22128205]
0.1	 0.81	0.05	-0.32	286_D	[43.09652632  3.25542105 19.37421053]
-0.08	 0.03	-0.17	0.03	287_Q	[45.4198  9.73   22.9432]
-0.04	 0.2	0.11	-0.01	287_Q	[44.25874419  7.72983721 21.39190698]
-0.07	 -0.2	-0.03	-0.01	287_Q	[46.69576923  8.33966667 23.55358974]
0.12	 1.58	-0.03	-0.25	287_Q	[47.2415    5.777625 23.279   ]
-0.08	 -0.47	-0.12	0.07	287_Q	[48.77781818  7.067      23.43754545]
-0.17	 -0.53	0.05	0.19	287_Q	[49.398       8.65270588 25.08247059]
-0.16	 -0.45	0.01	0.18	287_Q	[49.51126667  5.45416667 24.84175   ]
0.08	 0.6	0.02	-0.26	288_R	[44.8798 10.2917 24.022 ]
-0.04	 -0.1	-0.03	-0.06	288_R	[43.40028571 10.63066667 21.62709524]
-0.06	 -0.27	-0.05	0.11	288_R	[44.27490909 11.83227273 23.34981818]
0.01	 0.25	-0.01	-0.11	288_R	[43.06697436 11.8474359  25.78579487]
0.01	 0.22	-0.11	-0.07	288_R	[41.315    9.40635 20.95265]
0.19	 1.2	0.18	-0.43	288_R	[40.96488235  7.06647059 21.21182353]
0.21	 0.39	-0.01	-0.21	288_R	[40.64375     6.01108333 20.02666667]
-0.02	 -0.41	-0.09	0.05	289_D	[43.10766667 12.30113333 21.6198    ]
-0.07	 -0.56	-0.09	0.07	289_D	[43.21126667 14.2506     23.88426667]
-0.12	 -0.49	0.05	0.12	289_D	[42.57568571 14.8986     21.15557143]
-0.1	 -0.21	0.05	0.03	289_D	[41.35136842 16.69773684 21.10910526]
-0.2	 -0.62	0.07	0.26	289_D	[41.4697619  17.4482381  23.46988095]
-0.03	 -0.18	-0.0	0.02	289_D	[39.36992 16.73364 21.07052]
0.16	 1.02	0.07	-0.27	290_E	[41.17945 14.2785  25.79425]
0.23	 1.38	0.45	-0.66	290_E	[35.62658333 13.971625   25.643125  ]
-0.01	 -0.22	-0.02	-0.03	290_E	[39.98348387 16.4353871  26.266     ]
0.1	 0.62	-0.06	-0.22	290_E	[36.74863333 15.26636667 27.12433333]
-0.03	 0.33	-0.06	-0.05	290_E	[38.04463636 17.51463636 28.48009091]
-0.25	 -1.0	0.08	0.35	290_E	[38.91489744 18.5485641  27.57689744]
-0.17	 -0.23	-0.02	0.19	290_E	[35.80190244 17.48982927 28.16102439]
-0.05	 0.42	-0.0	-0.02	291_W	[35.66027778 14.20169444 19.61252778]
-0.04	 0.03	0.03	-0.01	291_W	[36.01839474 16.51118421 21.11902632]
-0.05	 0.26	-0.07	0.07	291_W	[34.916      18.11366667 22.28933333]
-0.09	 -0.58	-0.02	0.16	291_W	[37.35065  18.78965  23.231225]
-0.02	 0.51	-0.01	-0.05	291_W	[33.8685 17.7247 22.785 ]
-0.12	 -0.22	0.01	0.17	291_W	[35.84096552 19.82393103 25.15896552]
-0.07	 0.44	-0.06	0.09	291_W	[33.98511111 19.19911111 23.813     ]
0.11	 0.81	0.07	-0.23	291_W	[33.70093548 15.74925806 24.12122581]
-0.2	 -0.9	-0.05	0.28	291_W	[33.35443243 19.18248649 26.36551351]
-0.01	 0.16	0.01	-0.08	291_W	[31.97553488 16.16681395 25.21148837]
-0.09	 -0.14	-0.15	0.06	291_W	[31.96722414 17.55789655 26.55760345]
0.15	 0.95	0.02	-0.24	292_R	[36.47035294 11.75517647 18.92629412]
0.12	 1.16	0.1	-0.3	292_R	[35.995   10.57175 19.23575]
0.14	 0.59	0.04	-0.23	292_R	[39.910875  10.639375  19.2318125]
-0.05	 0.02	-0.0	-0.06	292_R	[41.02258065 12.68106452 19.37832258]
-0.06	 0.12	0.03	-0.0	292_R	[39.32397297 15.078      18.65302703]
-0.05	 -0.21	0.06	0.09	292_R	[39.97105556 12.44127778 16.88272222]
0.01	 0.03	-0.0	-0.04	292_R	[38.18244 13.50976 16.20508]
-0.27	 -1.09	0.04	0.39	292_R	[37.14053704 14.96305556 15.91444444]
-0.29	 -1.18	0.12	0.39	292_R	[38.46893182 12.32647727 14.42054545]
0.18	 1.62	0.13	-0.39	293_H	[34.90742857 11.539      20.41292857]
0.23	 1.55	0.27	-0.53	293_H	[32.83214286  7.61933333 21.8552381 ]
0.1	 0.82	-0.02	-0.26	293_H	[33.69671429  9.27177143 24.53711429]
0.02	 0.38	-0.08	-0.07	293_H	[31.24951613  9.85803226 22.76054839]
-0.02	 -0.36	0.01	-0.05	293_H	[32.51159184 13.3527551  21.35408163]
-0.1	 0.04	-0.25	0.07	293_H	[30.54688889 12.228      21.21202778]
0.13	 1.1	0.06	-0.3	294_K	[34.42991667 10.0995     19.16770833]
0.15	 0.98	-0.11	-0.12	294_K	[34.49175   8.198375 16.854375]
-0.11	 -0.09	-0.1	-0.02	294_K	[33.59514286  5.77588571 16.99437143]
-0.09	 -0.49	0.08	0.03	294_K	[32.21784615  8.77982051 17.63694872]
0.11	 0.85	0.02	-0.25	294_K	[31.11189474  8.66978947 20.04297368]
-0.13	 -0.28	-0.09	0.07	294_K	[30.20302632  9.84455263 17.48686842]
-0.11	 0.1	-0.34	0.08	294_K	[28.58425  9.6322  20.01285]
-0.27	 -0.99	0.06	0.47	294_K	[27.92636842 11.07492982 18.46780702]
0.02	 0.39	-0.03	-0.15	295_T	[36.14604167  6.58283333 16.159625  ]
-0.1	 -0.57	-0.06	0.15	295_T	[39.01978947  7.24536842 16.57763158]
0.07	 -0.09	0.07	-0.16	295_T	[39.77134783  8.29817391 18.93256522]
-0.08	 -0.35	-0.05	0.08	295_T	[37.33001695  9.66638983 16.49689831]
0.02	 0.18	-0.09	-0.04	296_A	[37.98988235  4.81976471 15.876     ]
0.06	 0.34	-0.03	-0.13	296_A	[40.89862791  4.20288372 18.019     ]
0.04	 0.16	-0.06	-0.07	296_A	[38.31184211  2.75805263 14.67673684]
0.22	 1.26	0.21	-0.47	298_R	[45.637375   -2.46679167 20.80925   ]
0.11	 0.71	-0.06	-0.18	298_R	[45.58271429 -1.18666667 18.87095238]
0.18	 1.32	0.2	-0.47	298_R	[43.6708      1.02688571 17.32551429]
-0.08	 -0.51	-0.08	0.13	298_R	[46.08912195  0.63317073 17.24765854]
-0.06	 -0.08	-0.29	0.03	298_R	[44.7368   3.22308 17.3602 ]
-0.04	 0.33	-0.02	-0.02	298_R	[47.059375  3.58325  18.15625 ]
-0.18	 -0.57	-0.02	0.25	298_R	[48.39336667  2.487      19.03156667]
-0.22	 -0.78	0.05	0.26	298_R	[46.54134783  5.24204348 19.1083913 ]
0.18	 1.56	0.22	-0.48	299_F	[47.40644444 -3.066      24.95966667]
0.16	 1.0	0.01	-0.23	299_F	[47.338625   2.1943125 22.4355625]
-0.01	 0.23	-0.15	-0.01	299_F	[48.5836875  -1.60159375 24.63959375]
-0.04	 -0.17	-0.03	0.04	299_F	[ 4.82115397e+01 -2.50634921e-02  2.22984127e+01]
0.23	 1.12	0.15	-0.39	302_V	[ 39.65166667 -10.14354545  31.55075758]
0.16	 1.17	0.08	-0.32	303_L	[39.24159091 -2.77972727 36.34990909]
0.12	 1.29	0.18	-0.5	303_L	[38.34063636 -1.48318182 36.22918182]
0.18	 1.49	0.17	-0.43	303_L	[39.28494118 -1.87858824 35.03217647]
0.09	 1.01	-0.31	-0.07	304_D	[35.6210625  -9.76190625 39.03009375]
-0.04	 0.02	1.59	0.14	304_D	[ 37.21830159 -10.22926984  40.73812698]
0.29	 1.61	0.16	-0.42	305_A	[31.1758 -6.6194 40.2767]
0.08	 0.58	0.0	-0.18	305_A	[31.62623077 -4.08588462 40.74315385]
0.03	 0.55	0.03	-0.11	306_K	[31.71304762 -6.13704762 42.083     ]
0.15	 0.36	0.09	-0.34	306_K	[34.70727273 -5.89163636 44.55936364]
-0.15	 -0.49	0.16	0.32	306_K	[33.63158696 -3.70847826 43.82876087]
-0.08	 -0.42	-0.12	0.13	306_K	[33.56194118 -7.32023529 44.51017647]
-0.16	 -0.49	-0.08	0.16	306_K	[31.12427586 -8.05713793 43.22434483]
-0.15	 -0.9	0.07	0.25	306_K	[ 32.51751163 -10.15981395  44.19390698]
0.07	 0.93	-0.07	-0.21	306_K	[ 33.89639024 -10.6487561   41.39619512]
-0.26	 -1.02	0.09	0.35	306_K	[ 33.33873333 -12.49886667  42.42628333]
-0.1	 -0.49	-0.17	0.05	307_T	[36.2493125 -4.0965625 44.4804375]
0.15	 1.42	0.05	-0.32	307_T	[36.009      -2.72       43.24877778]
-0.21	 -0.74	0.13	0.27	307_T	[38.11009091 -2.29560606 43.19090909]
-0.09	 -0.19	-0.03	0.05	307_T	[38.94134783 -5.24443478 43.92373913]
-0.09	 -0.57	0.05	0.15	307_T	[37.3806087  -7.68576812 44.43811594]
0.08	 0.32	0.02	-0.22	308_G	[37.82746154 -0.89738462 40.15619231]
0.03	 -0.02	-0.21	0.03	308_G	[39.68733333 -2.46588889 41.41177778]
-0.08	 0.11	-0.08	0.04	308_G	[40.06446512 -1.80972093 38.83972093]
-0.01	 0.42	0.04	-0.07	309_E	[41.01021053 -4.14842105 41.30205263]
-0.04	 -0.13	0.04	-0.08	309_E	[40.75055556 -6.28022222 42.50611111]
-0.13	 -0.69	0.02	0.15	309_E	[43.31411538 -6.13076923 40.95465385]
-0.08	 -0.2	-0.02	0.06	309_E	[42.69695 -8.592   42.0334 ]
-0.15	 -0.38	-0.18	0.23	309_E	[40.65411905 -9.16040476 42.0602381 ]
-0.2	 -0.69	0.07	0.32	309_E	[43.86853191 -9.18191489 40.72329787]
0.07	 0.21	-0.09	-0.09	310_R	[42.91627778 -4.02616667 38.76377778]
0.17	 1.54	0.35	-0.59	310_R	[41.130125 -3.417375 36.868625]
-0.08	 -0.01	0.02	0.01	310_R	[44.33708108 -6.93532432 37.48502703]
-0.06	 -0.15	-0.2	0.08	310_R	[43.01988889 -2.59912963 36.52151852]
-0.09	 -0.36	-0.04	0.08	310_R	[45.518025 -4.045175 35.047275]
0.15	 1.01	0.05	-0.33	310_R	[45.26346154 -4.15415385 32.80784615]
0.17	 1.48	0.36	-0.59	310_R	[41.882      -2.0336087  34.72030435]
0.16	 1.61	0.15	-0.43	310_R	[43.7942 -0.989  35.3022]
0.05	 0.23	0.04	-0.1	310_R	[46.32992857 -1.60535714 33.003     ]
0.11	 1.38	0.07	-0.3	310_R	[4.30644706e+01 2.44117647e-02 3.49140588e+01]
0.08	 0.47	-0.15	-0.06	311_L	[43.46163636 -9.28336364 36.46263636]
0.11	 1.48	0.01	-0.27	311_L	[44.29841176 -8.13676471 34.40741176]
-0.24	 -0.96	0.1	0.37	311_L	[44.77058824 -9.8415     34.49758824]
0.09	 0.47	-0.04	-0.12	311_L	[ 41.34396154 -10.40657692  34.35361538]
0.0	 -0.01	-0.12	-0.13	311_L	[ 38.88496774 -11.22658065  36.60096774]
-0.1	 -0.36	0.02	0.04	311_L	[ 41.44459091 -10.36825     38.38638636]
-0.03	 -0.42	-0.04	-0.0	312_A	[45.39419048 -7.63585714 32.7297619 ]
0.15	 1.06	0.04	-0.28	312_A	[45.23985714 -5.68464286 32.17314286]
-0.02	 0.0	-0.1	-0.04	312_A	[43.54094545 -9.94276364 31.09723636]
0.04	 0.23	-0.01	-0.07	313_K	[45.80211111 -7.3915     30.27855556]
-0.11	 -0.31	-0.02	0.18	313_K	[47.00155814 -6.54646512 27.49553488]
-0.05	 0.09	-0.04	0.03	313_K	[46.73064286 -4.24339286 30.56275   ]
0.04	 0.26	-0.06	-0.07	313_K	[47.59521429 -3.36835714 27.08678571]
-0.11	 -0.63	0.04	0.13	313_K	[48.27567347 -1.17730612 28.77114286]
0.17	 1.36	0.11	-0.37	313_K	[47.58466667  1.1866     29.42926667]
0.11	 0.73	-0.13	-0.13	314_F	[45.84690909 -7.99554545 25.49754545]
0.2	 1.21	0.46	-0.68	314_F	[46.57585714 -4.81364286 25.51264286]
0.15	 1.05	0.15	-0.4	314_F	[44.43594118 -8.72970588 24.19670588]
0.01	 0.13	0.0	-0.16	314_F	[45.3338  -9.3492  26.97748]
0.03	 0.07	-0.04	-0.05	314_F	[ 44.81368182 -10.92686364  28.535     ]
0.22	 1.62	0.12	-0.39	314_F	[ 41.44236842 -10.70605263  29.41647368]
0.06	 0.36	0.02	-0.2	315_E	[46.21652632 -7.37973684 23.85431579]
-0.05	 0.1	-0.1	-0.02	315_E	[46.27145283 -7.697      20.71384906]
-0.08	 -0.29	-0.05	0.04	315_E	[48.05696667 -5.47603333 24.00456667]
-0.03	 0.31	-0.16	0.0	315_E	[48.05641463 -3.86078049 20.72180488]
-0.1	 -0.41	-0.0	0.05	315_E	[50.39410345 -4.37810345 21.768     ]
-0.27	 -0.89	0.14	0.43	315_E	[50.67397619 -6.14904762 20.9662619 ]
-0.26	 -0.81	0.07	0.39	315_E	[50.89071053 -3.61381579 23.05339474]
0.15	 1.67	-0.05	-0.23	316_M	[46.0106 -6.8776 18.1748]
0.1	 0.27	-0.01	-0.14	316_M	[44.72824138 -7.96755172 17.40510345]
0.19	 1.37	0.06	-0.34	317_G	[45.96627778 -3.78938889 19.26416667]
-0.1	 -0.7	-0.08	0.2	317_G	[46.6789661  -4.86389831 17.00667797]
0.06	 1.08	-0.09	-0.16	317_G	[45.42233333 -3.72791667 15.7075    ]
-0.2	 -0.74	0.07	0.3	317_G	[45.92208333 -3.97716667 14.11675   ]
0.05	 0.34	-0.0	-0.13	318_H	[43.12221429 -3.26192857 13.30635714]
0.16	 0.68	0.05	-0.29	318_H	[43.93466667 -1.62806667 15.3458    ]
-0.14	 -0.56	-0.05	0.14	318_H	[43.83980769 -5.41553846 11.88557692]
0.05	 0.49	0.02	-0.23	318_H	[44.011      -8.72369444 13.86388889]
-0.13	 -0.58	0.05	0.15	318_H	[44.25354545 -7.59987879 12.41542424]
0.1	 0.16	-0.08	-0.14	319_E	[42.01257895 -1.95089474 13.31710526]
0.23	 1.39	0.05	-0.33	319_E	[38.28433333 -0.30125    13.59191667]
-0.07	 -0.27	-0.04	0.05	319_E	[40.30674194  0.11125806 13.12887097]
0.0	 -0.38	-0.01	0.0	319_E	[43.45619048  0.35109524 14.28447619]
-0.02	 -0.06	-0.05	-0.03	319_E	[42.37661765  2.79279412 14.57070588]
-0.17	 -0.53	0.03	0.22	319_E	[40.78424242  3.77951515 14.23866667]
-0.24	 -0.91	0.09	0.4	319_E	[44.10316667  3.21088889 14.07922222]
0.19	 1.2	0.08	-0.32	321_D	[32.23347059  1.19141176 15.81641176]
0.08	 1.59	-0.04	-0.23	321_D	[33.84338462  1.99276923 14.16915385]
-0.03	 0.1	-0.02	-0.04	321_D	[34.47529412  3.12005882 15.50956863]
0.1	 0.39	0.01	-0.2	321_D	[36.25746429  0.96932143 13.41482143]
0.17	 0.96	0.08	-0.35	323_I	[29.43996667 -4.90543333 23.40663333]
-0.0	 0.19	-0.1	-0.1	324_N	[28.73738889 -6.82361111 24.56177778]
0.08	 0.29	-0.09	-0.12	324_N	[28.25272727 -9.2360303  25.49945455]
-0.07	 -0.38	0.02	0.09	324_N	[26.40970968 -7.25283871 23.33493548]
0.2	 1.43	0.3	-0.55	325_V	[ 30.16961538 -10.13030769  26.92973077]
0.04	 0.42	-0.09	-0.2	327_Q	[ 26.7845     -17.81214286  27.748     ]
-0.04	 0.11	3.67	0.08	327_Q	[ 26.77992683 -17.62595122  30.1732439 ]
0.19	 1.48	0.22	-0.48	327_Q	[ 25.94913636 -16.39590909  27.09340909]
0.15	 0.68	0.11	-0.32	327_Q	[ 25.21154167 -12.783875    27.17620833]
0.25	 1.28	-0.0	-0.3	327_Q	[ 25.61642857 -11.77342857  29.39971429]
0.01	 0.11	-0.06	-0.05	327_Q	[ 27.31008824 -10.76767647  28.12888235]
-0.09	 -0.42	-0.18	0.05	328_D	[ 28.17405263 -19.60057895  29.30431579]
0.15	 1.13	0.01	-0.28	328_D	[ 29.47572727 -18.70381818  30.90790909]
-0.07	 -0.2	0.03	0.0	328_D	[ 28.93472973 -20.67497297  27.36016216]
0.1	 1.51	0.13	-0.42	328_D	[ 31.32314286 -20.78542857  26.898     ]
0.02	 -0.35	-0.07	-0.08	328_D	[ 30.80380556 -21.09155556  25.48555556]
-0.02	 0.2	-0.1	-0.02	329_E	[ 30.17654545 -20.60413636  30.34690909]
0.02	 0.85	-0.36	-0.1	329_E	[ 31.48724138 -19.4627931   31.9982069 ]
0.13	 0.84	-0.08	-0.15	329_E	[ 34.22266667 -21.513       30.90333333]
-0.02	 0.03	-0.11	-0.05	329_E	[ 34.87053846 -19.45853846  31.43002564]
-0.14	 -0.63	-0.04	0.15	329_E	[ 31.9013125  -22.63090625  30.1256875 ]
-0.21	 -0.89	-0.05	0.3	329_E	[ 32.75066667 -21.70783333  32.94704762]
-0.13	 -0.67	-0.07	0.16	329_E	[ 30.86807692 -23.74519231  33.056     ]
-0.23	 -0.78	0.09	0.38	329_E	[ 29.58004082 -22.78491837  32.99083673]
-0.3	 -1.07	0.21	0.47	329_E	[ 31.86726829 -25.00126829  32.90734146]
0.07	 0.79	0.04	-0.25	330_K	[ 32.7628  -21.07744  27.7418 ]
0.2	 1.09	0.18	-0.44	330_K	[ 35.4767931  -19.59682759  25.41365517]
-0.11	 -0.35	-0.12	0.18	330_K	[ 35.1106875  -22.12964583  28.10004167]
-0.15	 -0.86	0.05	0.21	330_K	[ 37.617      -21.57781579  26.93531579]
-0.1	 -0.3	-0.04	0.08	330_K	[ 38.11891304 -19.82326087  29.8088913 ]
-0.03	 -0.25	-0.08	0.02	330_K	[ 39.98196 -19.4834   27.76576]
0.23	 1.51	0.22	-0.48	331_P	[ 35.92809524 -17.41538095  29.94061905]
0.14	 0.53	0.01	-0.26	332_L	[ 36.42728571 -18.88482857  22.26005714]
0.14	 0.72	0.04	-0.31	337_S	[38.2157037  -1.27359259 11.88596296]
0.15	 1.67	-0.13	-0.15	338_T	[33.7064  0.909   9.1586]
0.17	 0.84	0.09	-0.34	338_T	[33.2938  -0.10555  8.01775]
0.05	 0.73	-0.06	-0.17	338_T	[33.16323077  1.76403846 12.631     ]
0.15	 1.5	0.07	-0.32	338_T	[31.87825     1.05141667 13.99383333]
-0.05	 0.13	-0.08	-0.06	338_T	[32.03482  2.0927  10.53886]
0.03	 0.32	-0.1	-0.07	339_G	[35.96968421  0.86194737 11.17210526]
-0.16	 -0.89	0.06	0.24	339_G	[36.52007843  1.1212549   9.09568627]
0.05	 0.37	-0.2	-0.01	339_G	[38.44166667 -0.18466667  8.39116667]
-0.15	 -0.36	-0.02	0.16	339_G	[37.294375   -0.64053125  6.6206875 ]
-0.02	 0.52	-0.07	0.03	340_D	[38.29207143 -2.96578571  7.00814286]
0.16	 1.66	0.07	-0.31	340_D	[36.496      -3.11788889  6.30877778]
-0.01	 -0.08	-0.0	-0.02	340_D	[36.46096429 -5.16396429  6.27835714]
0.09	 0.76	-0.04	-0.12	340_D	[38.96133333 -5.0415      8.21266667]
-0.06	 -0.35	-0.12	0.03	340_D	[40.23095455 -3.31436364  9.37768182]
-0.2	 -0.71	0.08	0.3	340_D	[40.05776316 -1.60313158  8.81439474]
-0.01	 0.14	-0.08	-0.05	340_D	[41.2880625  -3.32246875 11.05478125]
0.14	 1.25	0.17	-0.43	341_K	[34.19533333 -5.23913333  5.475     ]
-0.07	 -0.07	-0.1	0.05	341_K	[34.25387805 -3.32097561  4.3434878 ]
-0.07	 -0.16	-0.16	0.04	341_K	[34.50862069 -0.31603448  5.42931034]
-0.25	 -1.0	0.14	0.41	341_K	[33.73692727 -0.66363636  2.89690909]
0.07	 0.38	0.0	-0.12	342_T	[38.22215 -7.0637   8.0526 ]
0.08	 0.19	-0.07	-0.12	342_T	[38.54645 -9.2347   9.1027 ]
0.02	 0.08	-0.02	-0.04	344_Y	[41.06508 -9.12596 11.13472]
0.02	 0.11	0.02	-0.09	344_Y	[40.71664286 -6.51192857 10.0725    ]
0.19	 1.37	0.06	-0.31	346_H	[43.7812  -9.59805 19.15945]
0.1	 0.74	-0.05	-0.22	347_D	[ 42.28383333 -17.41183333  23.20808333]
-0.07	 -0.32	0.05	-0.04	347_D	[ 41.12727778 -18.40827778  24.39677778]
-0.01	 0.11	-0.02	-0.08	347_D	[ 38.80319444 -18.53786111  24.57894444]
0.06	 -0.01	0.03	-0.06	347_D	[ 42.13647059 -17.89370588  26.62      ]
0.21	 1.06	0.14	-0.4	348_A	[ 39.60451852 -11.91859259  29.57677778]
0.17	 1.29	0.38	-0.62	349_E	[ 40.4042 -13.6331  30.1079]
0.19	 0.83	-0.12	-0.12	349_E	[ 43.539125 -15.279625  29.10625 ]
-0.05	 0.24	-0.11	0.01	349_E	[ 42.63135  -13.2918    29.966875]
0.11	 0.72	-0.05	-0.17	349_E	[ 42.15528571 -17.4655      28.24707143]
-0.14	 -0.65	-0.01	0.17	349_E	[ 41.9778913  -17.49515217  30.42136957]
-0.08	 -0.19	0.06	0.03	349_E	[ 40.02544444 -17.20894444  32.20138889]
0.07	 -0.46	-0.24	0.03	349_E	[ 37.997      -16.70081818  31.4800303 ]
-0.17	 -0.3	-0.02	0.2	349_E	[ 40.99729545 -15.24238636  32.76797727]
-0.05	 -0.37	-0.06	0.05	350_S	[ 44.94273333 -13.99533333  28.04633333]
-0.08	 -0.28	0.02	0.1	350_S	[ 45.95273684 -12.64905263  25.57081579]
-0.13	 -0.73	0.03	0.2	350_S	[ 45.27907843 -16.08901961  26.44988235]
0.01	 0.16	-0.11	-0.02	350_S	[ 43.9715     -17.22825     24.55616667]
0.1	 1.8	0.22	-0.48	351_G	[ 44.5503 -10.6316  24.358 ]
0.0	 0.13	-0.07	-0.09	351_G	[ 44.89228571 -11.03578571  23.45035714]
0.12	 0.61	0.06	-0.26	351_G	[ 44.46551613 -10.16848387  21.72983871]
-0.08	 -0.29	0.0	0.08	352_E	[ 45.86835714 -13.14878571  21.81342857]
-0.02	 -0.51	-0.1	-0.02	352_E	[ 46.10529412 -14.89758824  23.07964706]
-0.14	 -0.57	-0.05	0.14	352_E	[ 46.40704167 -15.31695833  19.89408333]
-0.12	 -0.28	-0.18	0.07	352_E	[ 46.11164516 -17.54370968  21.11877419]
-0.16	 -0.42	0.02	0.2	352_E	[ 44.74271739 -18.56291304  20.85832609]
-0.3	 -1.02	0.23	0.49	352_E	[ 47.879175 -17.67025   21.20805 ]
0.08	 0.33	0.01	-0.12	353_E	[ 44.74983333 -12.50938889  19.24733333]
-0.09	 -0.09	-0.0	0.03	353_E	[ 44.2062381  -15.76411905  17.1832619 ]
-0.03	 -0.33	-0.08	0.02	353_E	[ 44.54436667 -12.1444      16.82263333]
0.13	 1.49	0.23	-0.5	353_E	[ 42.739  -14.198   15.0705]
-0.07	 -0.28	-0.1	-0.0	353_E	[ 43.8131  -12.42075  14.1022 ]
-0.09	 -0.43	0.0	0.14	353_E	[ 44.27582759 -10.47789655  14.44975862]
-0.05	 -0.18	0.05	0.06	353_E	[ 42.49129167 -12.56347917  12.78789583]
0.03	 -0.02	-0.11	-0.08	354_L	[ 42.48466667 -17.76538095  17.07185714]
0.01	 -0.11	-0.08	-0.07	354_L	[ 42.13466667 -16.16261905  14.85761905]
-0.19	 -0.87	0.12	0.33	354_L	[ 41.29067742 -18.78525806  14.83783871]
0.16	 0.83	0.14	-0.42	354_L	[ 40.525625 -19.0025    17.165625]
-0.17	 -0.61	-0.15	0.25	354_L	[ 41.61133333 -19.11719048  19.11019048]
0.08	 1.3	-0.03	-0.21	354_L	[ 42.29751724 -17.96144828  20.69596552]
-0.01	 0.31	-0.02	-0.08	354_L	[ 39.03502439 -19.11560976  20.75339024]
-0.0	 0.35	-0.04	-0.03	355_R	[ 40.59814286 -16.10404762  13.08638095]
0.19	 1.49	0.01	-0.26	355_R	[ 40.45133333 -14.45066667  12.396     ]
-0.05	 -0.18	-0.07	0.05	355_R	[ 37.95548718 -18.37035897  12.56774359]
0.15	 1.48	0.07	-0.36	355_R	[ 36.927  -19.9764  13.2658]
0.02	 -0.34	-0.01	-0.1	355_R	[ 37.42629032 -20.61874194  14.58709677]
-0.14	 -0.38	0.01	0.16	355_R	[ 38.40561538 -21.14802564  17.41189744]
0.06	 0.08	-0.04	-0.13	356_S	[ 38.95041667 -15.5665      11.63541667]
0.18	 1.61	-0.07	-0.21	356_S	[ 37.1806 -12.968    9.0346]
-0.07	 -0.18	-0.07	0.01	356_S	[ 36.71885417 -15.16983333   9.909625  ]
0.1	 0.56	-0.02	-0.25	356_S	[ 39.26175862 -11.31637931  10.16648276]
-0.18	 -0.52	0.01	0.26	356_S	[ 39.96230952 -13.15071429  10.03252381]
-0.01	 -0.07	-0.07	-0.09	357_V	[ 34.60713636 -14.06772727   8.56204545]
0.07	 0.5	0.02	-0.14	357_V	[ 32.2604     -14.05963333   8.09853333]
0.11	 1.04	0.19	-0.43	357_V	[ 33.8552 -15.3754   9.3418]
0.12	 0.74	-0.03	-0.26	358_N	[ 35.86075676 -12.06437838   7.63154054]
0.13	 0.28	0.02	-0.17	358_N	[ 32.57143478 -11.44547826   6.05286957]
-0.01	 0.07	-0.09	-0.0	358_N	[37.15031429 -8.97122857  6.14245714]
-0.14	 -0.52	-0.02	0.14	358_N	[ 37.62828571 -11.75471429   5.91657143]
-0.11	 -0.54	-0.04	0.16	358_N	[ 35.36623529 -12.41852941   5.01488235]
-0.23	 -0.75	0.09	0.31	358_N	[ 38.10384314 -10.62939216   4.06203922]
0.14	 0.75	0.05	-0.29	359_Q	[34.88794444 -7.2355      5.17172222]
-0.07	 -0.2	-0.18	0.04	359_Q	[32.9775     -6.6005      4.09259091]
0.08	 0.41	-0.05	-0.14	359_Q	[30.90654545 -7.039       4.04818182]
-0.08	 -0.27	0.02	0.05	359_Q	[29.83653333 -9.6618      4.6813    ]
-0.05	 -0.14	-0.07	-0.0	359_Q	[32.10921429 -9.73496429  3.16278571]
-0.2	 -0.92	0.06	0.25	359_Q	[34.49968571 -8.29714286  1.85851429]
-0.05	 -0.11	-0.01	0.02	359_Q	[ 34.33135 -10.69325   1.31585]
-0.3	 -0.95	0.18	0.45	359_Q	[ 32.94154286 -11.19857143   0.48737143]
-0.22	 -0.77	0.07	0.31	359_Q	[ 35.98738095 -11.62821429   1.37742857]
0.23	 1.12	0.1	-0.38	360_L	[ 29.95375   -11.1404375   6.8220625]
0.11	 0.72	-0.01	-0.2	361_G	[29.09942105 -6.77778947  4.45436842]
0.02	 0.44	-0.02	-0.12	361_G	[27.57813793 -5.03        3.66013793]
0.08	 0.58	-0.17	-0.04	361_G	[29.0675     -3.63883333  3.06175   ]
0.03	 -0.09	0.04	-0.12	361_G	[30.87108824 -3.88364706  3.70626471]
0.09	 0.47	-0.21	-0.09	362_H	[30.57       -1.33654545  3.28863636]
0.1	 0.64	0.03	-0.24	362_H	[31.46261765  0.73905882  6.07367647]
-0.06	 -0.22	-0.17	0.07	362_H	[28.77874194  0.97445161  3.7446129 ]
0.06	 -0.9	0.03	-0.08	362_H	[26.80708333  0.53533333  2.7645    ]
-0.15	 -0.45	0.01	0.21	362_H	[28.76116667 -0.90255556  1.30686111]
-0.01	 0.43	-0.19	0.01	362_H	[25.16137931 -1.276       3.26524138]
-0.23	 -1.6	0.15	0.38	362_H	[27.01644231 -2.00571154  0.15851923]
-0.16	 -0.27	-0.17	0.2	362_H	[25.44394286 -2.97071429  1.72851429]
0.23	 1.24	0.19	-0.45	363_G	[28.31808824  1.57958824 10.08844118]
0.18	 1.06	0.12	-0.36	365_Q	[30.17821739  1.61991304 14.25908696]
0.1	 0.52	0.07	-0.23	365_Q	[28.016   2.6834 12.0916]
-0.11	 -0.34	-0.01	0.18	365_Q	[28.75254762  3.87369048 13.89271429]
0.04	 0.09	-0.04	-0.14	365_Q	[25.43771429  3.47348571 13.84331429]
0.23	 1.37	0.36	-0.6	366_V	[22.65347368 -3.86715789 18.89842105]
0.23	 1.26	0.17	-0.41	367_I	[24.99684615 -5.89188462 20.75630769]
0.13	 0.96	-0.01	-0.26	368_T	[24.03146667 -8.05113333 21.46953333]
-0.18	 0.77	0.06	-0.1	368_T	[22.39531579 -5.99613158 19.68592105]
-0.08	 -0.44	-0.02	0.07	368_T	[21.09240476 -8.47069048 21.48635714]
0.14	 2.42	0.08	-0.31	369_T	[24.18153846 -9.74046154 22.52861538]
0.12	 1.37	0.33	-0.59	369_T	[ 24.03816667 -12.1545      24.376     ]
-0.06	 0.22	-0.16	0.01	369_T	[ 22.04097297 -11.54737838  23.80210811]
0.1	 0.74	0.0	-0.2	369_T	[ 25.5625625  -11.2159375   24.63609375]
0.2	 1.51	0.29	-0.53	370_A	[ 20.54671429 -12.93592857  23.80114286]
0.14	 1.5	0.18	-0.44	370_A	[ 23.8873 -13.2138  25.3397]
0.27	 1.41	0.37	-0.61	370_A	[ 24.93323077 -16.47546154  25.56557692]
0.16	 1.31	0.04	-0.29	371_D	[ 22.62164286 -13.04435714  26.19471429]
0.04	 0.23	-0.03	-0.13	371_D	[ 21.76514815 -12.71414815  28.50292593]
0.19	 1.31	0.21	-0.46	371_D	[ 23.83224138 -16.59727586  30.0497931 ]
0.08	 0.73	-0.05	-0.17	371_D	[ 22.87707143 -11.99795238  30.28954762]
0.05	 0.78	-0.23	-0.12	372_M	[ 23.71726316 -17.65118421  27.42747368]
0.1	 1.17	0.44	-0.71	372_M	[ 23.0022 -19.1986  27.5068]
0.0	 0.26	-0.11	-0.15	372_M	[ 21.99325    -20.73541667  27.64191667]
-0.19	 -0.44	3.12	0.36	372_M	[ 22.56989744 -19.42107692  29.64707692]
0.04	 0.28	-0.05	-0.03	372_M	[ 22.58525    -20.10296429  26.15014286]
0.08	 0.66	-0.02	-0.16	372_M	[ 21.99652941 -21.26082353  23.68041176]
-0.04	 -0.16	-0.09	0.01	372_M	[ 19.2027381  -21.57504762  23.85319048]
-0.16	 -0.74	0.03	0.19	373_G	[ 19.88509091 -21.44002273  29.16431818]
-0.1	 -0.37	0.1	-0.05	373_G	[ 17.31352381 -20.76004762  29.38561905]
-0.16	 -0.53	0.05	0.21	373_G	[ 17.39310638 -21.91419149  27.32538298]
-0.17	 -0.49	-0.17	0.22	373_G	[ 16.76483333 -19.11945833  29.13795833]
