-0.29	 -1.29	0.14	0.44	109_D	[13.06404255 -0.69012766 42.82429787]
-0.2	 -0.76	0.08	0.23	109_D	[14.56886957  1.14304348 43.90117391]
0.03	 0.69	0.01	-0.17	109_D	[13.13842857  2.20446429 42.07564286]
-1.89	 -0.44	-0.17	0.26	109_D	[11.41868421  2.25942105 41.92160526]
-0.18	 -0.71	0.05	0.2	109_D	[15.79290909  0.48110606 41.31940909]
0.02	 0.31	-0.15	-0.08	110_C	[15.21633333  3.43238095 41.97861905]
0.16	 1.42	0.06	-0.35	110_C	[11.87146154  4.72953846 42.03176923]
0.23	 1.35	0.41	-0.63	110_C	[11.41959091  3.58586364 39.78972727]
-0.01	 0.17	-0.06	-0.01	110_C	[14.88990323  5.5326129  42.27045161]
0.16	 1.96	0.18	-0.4	111_S	[15.56442857  3.83621429 39.59371429]
0.16	 0.68	0.03	-0.24	111_S	[14.33126667  4.799      36.47593333]
0.14	 0.75	-0.15	-0.12	111_S	[13.587875  1.25425  36.055625]
-0.19	 -0.64	0.04	0.22	111_S	[12.99144828  2.94427586 34.59775862]
-0.16	 -0.82	0.02	0.22	111_S	[16.30437037  2.70674074 36.92881481]
-0.2	 -0.5	0.02	0.26	111_S	[15.3464    0.6262   37.722225]
0.13	 0.92	-0.0	-0.27	112_Q	[12.81721053  1.19536842 38.51005263]
-0.15	 -0.46	0.0	0.21	112_Q	[11.70355556  0.53233333 36.05733333]
0.15	 1.1	0.18	-0.41	112_Q	[ 9.73882353  2.45276471 35.67535294]
-0.14	 -0.37	-0.07	0.22	112_Q	[ 8.82315909  2.00256818 35.06811364]
-0.16	 -0.57	0.01	0.21	112_Q	[10.05557333  0.8606     38.43538667]
0.16	 0.75	-0.07	-0.23	113_Y	[ 7.6204      4.6366     35.33093333]
0.15	 1.64	0.15	-0.42	113_Y	[10.62484615  3.96238462 33.60969231]
0.02	 0.39	-0.07	-0.14	113_Y	[12.06002174  5.62434783 34.34871739]
0.0	 0.51	-0.02	-0.1	113_Y	[ 6.633       4.44115625 37.34696875]
-0.11	 -0.46	-0.05	0.15	113_Y	[ 6.06996875  4.016625   39.412625  ]
-1.12	 0.25	-0.02	-0.17	113_Y	[ 9.27754545  5.26293182 41.28961364]
-0.09	 -0.55	-0.11	0.12	113_Y	[ 8.002375  3.6905   40.7495  ]
-0.19	 -0.5	0.13	0.27	113_Y	[ 6.48790909  5.27940909 42.17890909]
0.2	 1.31	0.11	-0.38	114_E	[ 7.94386667  4.73233333 33.64446667]
0.16	 1.56	0.1	-0.41	114_E	[11.17922222  5.43222222 32.087     ]
0.08	 0.79	0.03	-0.15	114_E	[ 8.21722222  7.53916667 30.27483333]
-0.11	 -0.28	-0.07	0.06	114_E	[ 7.33917143  4.87334286 30.69154286]
-0.07	 -0.21	0.01	0.02	114_E	[ 9.76684615  4.06946154 29.99657692]
-0.23	 -0.73	0.08	0.34	114_E	[10.45535135  5.11043243 28.79054054]
-0.19	 -0.54	-0.07	0.35	114_E	[ 9.64732653  2.84742857 31.29006122]
0.14	 1.45	0.24	-0.49	115_P	[12.1476  7.9676 33.4645]
0.18	 1.51	0.34	-0.57	115_P	[12.74863636  9.00290909 33.73381818]
0.1	 0.83	0.03	-0.21	115_P	[ 8.98322222 10.04925926 30.23422222]
0.1	 1.19	-0.24	-0.39	115_P	[13.39070968 10.91690323 30.83283871]
-0.2	 -0.86	0.01	0.24	115_P	[14.05083333  8.67064286 31.01252381]
-0.11	 -0.57	-0.09	0.1	115_P	[12.17602273  7.18738636 30.74440909]
0.26	 1.42	0.18	-0.43	116_I	[11.30095455 12.28281818 29.27468182]
-0.03	 0.13	-0.15	-0.06	117_P	[ 9.03252174 12.02308696 27.99513043]
0.17	 1.36	-0.02	-0.27	117_P	[ 7.4894 11.6526 27.5158]
0.17	 0.5	0.1	-0.3	117_P	[ 6.27658333 10.92583333 28.639375  ]
0.05	 0.36	-0.24	-0.08	118_G	[ 9.83326316 13.29363158 26.19973684]
0.15	 1.8	0.16	-0.43	118_G	[10.11085714 14.72628571 25.011     ]
0.1	 0.26	-0.07	-0.18	119_S	[14.72078571 12.55967857 29.90846429]
0.15	 1.84	0.11	-0.38	120_Q	[18.012      14.7585     26.58133333]
0.17	 1.36	0.17	-0.42	120_Q	[16.688      15.53053333 23.7978    ]
0.07	 0.65	-0.04	-0.21	120_Q	[18.37385294 15.92364706 25.21711765]
-0.14	 -0.65	0.01	0.15	120_Q	[16.83022727 12.92418182 26.14927273]
-0.16	 -0.83	-0.0	0.16	120_Q	[15.12717073 12.93029268 23.60226829]
-0.15	 -0.76	-0.1	0.25	120_Q	[13.02769231 12.35784615 24.13815385]
-0.03	 0.59	-0.6	0.17	120_Q	[11.84158824 14.08270588 23.89835294]
-0.13	 -0.27	0.05	0.24	120_Q	[12.89397778 11.9294     26.89608889]
0.19	 1.21	0.19	-0.44	121_K	[15.65102632 20.54681579 22.93842105]
0.15	 0.96	0.05	-0.27	121_K	[13.156   19.08245 22.5981 ]
0.1	 0.61	-0.0	-0.15	121_K	[12.4588     16.25088571 21.91651429]
0.13	 0.75	-0.01	-0.23	121_K	[15.36872414 17.223      21.65151724]
-0.12	 -0.47	-0.06	0.16	121_K	[13.46667241 16.06224138 20.02412069]
-0.2	 -0.87	0.06	0.28	121_K	[16.10708163 16.46759184 18.83977551]
0.17	 1.5	0.19	-0.47	123_A	[19.68991667 16.46691667 26.92575   ]
0.03	 0.54	-0.02	-0.14	124_L	[18.21402381 17.39383333 20.90254762]
-0.09	 -0.27	0.0	0.09	124_L	[20.45441176 16.59294118 22.4285    ]
0.14	 0.83	0.04	-0.29	126_Y	[14.11977419 28.4513871  16.42803226]
0.09	 0.65	0.05	-0.27	127_N	[22.52386667 25.79683333 17.29563333]
0.05	 0.66	-0.07	-0.18	127_N	[24.78719444 26.93080556 16.35816667]
-0.02	 0.52	-0.03	-0.04	128_I	[18.04208929 32.42675    15.61      ]
0.04	 0.41	-0.05	-0.12	128_I	[17.42968421 32.87242105 18.19484211]
0.23	 1.5	0.08	-0.35	128_I	[17.169      33.43653333 19.90233333]
-0.05	 -0.13	0.0	0.03	128_I	[20.0661  35.40092 18.82746]
0.07	 0.79	-0.16	-0.13	129_L	[20.46107143 33.22764286 13.35064286]
0.14	 1.62	0.13	-0.42	129_L	[22.104125 31.030375 12.102375]
-0.17	 -0.35	-0.04	0.2	129_L	[19.59452381 31.40690476 11.73583333]
0.0	 0.46	-0.09	-0.07	129_L	[23.31433333 31.69190909 13.09718182]
-0.07	 -0.25	-0.01	0.04	129_L	[25.16367857 33.82675    13.54485714]
-0.12	 -0.63	-0.01	0.17	129_L	[21.62386538 35.34215385 14.75825   ]
0.09	 0.79	-0.17	-0.16	130_T	[20.25833333 29.12546667 11.0414    ]
0.11	 1.47	0.24	-0.49	130_T	[18.91641667 28.94333333 11.3095    ]
0.14	 1.42	0.43	-0.64	130_T	[18.5664 28.3358 10.9692]
0.16	 1.19	-0.01	-0.21	130_T	[22.51793333 26.06946667 14.35006667]
-0.11	 -0.45	-0.07	0.17	130_T	[23.44278125 28.23196875 11.97025   ]
0.19	 1.55	0.2	-0.45	131_Q	[14.65440909 26.40254545 14.755     ]
0.16	 1.1	0.1	-0.34	131_Q	[15.34744444 29.62915556 14.75891111]
0.16	 1.93	0.17	-0.42	131_Q	[17.61157895 29.22742105 11.10510526]
0.05	 0.07	-0.05	-0.15	131_Q	[15.06859524 30.15545238 11.96597619]
0.03	 0.53	-0.05	-0.14	131_Q	[13.94712308 31.60106154 13.65798462]
-0.21	 -0.27	-0.26	0.23	131_Q	[15.10537143 30.25562857 10.11977143]
0.13	 0.45	0.01	-0.17	132_E	[18.39752941 22.43311765 14.25088235]
0.1	 0.66	-0.01	-0.22	132_E	[21.35152941 24.32523529 15.07764706]
-0.09	 -0.63	-0.16	0.09	132_E	[20.83965 22.54075 12.8831 ]
-0.13	 -0.62	0.01	0.15	132_E	[18.86545455 22.59372727 11.58906061]
-0.2	 -0.92	0.13	0.31	132_E	[22.40880645 23.83796774 12.11890323]
0.19	 1.28	0.15	-0.39	133_D	[18.58107143 21.81835714 16.23071429]
0.16	 1.26	0.22	-0.46	133_D	[21.37345 22.5146  17.9763 ]
-0.09	 -0.36	-0.02	0.13	133_D	[21.34876316 22.08044737 16.53463158]
-0.03	 -0.52	-0.01	-0.03	133_D	[18.29742857 19.90667857 18.16142857]
0.22	 1.05	0.23	-0.45	133_D	[16.16294737 21.58352632 20.98752632]
-0.02	 0.3	-0.18	-0.05	133_D	[15.63809756 19.89117073 19.16639024]
-0.14	 -0.46	-0.25	0.08	134_A	[23.57626087 21.63252174 18.14530435]
-0.02	 0.16	-0.11	-0.02	134_A	[22.73835 19.5838  19.0644 ]
0.14	 0.27	0.04	-0.21	134_A	[21.25673684 19.08389474 19.98221053]
0.18	 0.49	0.03	-0.27	134_A	[23.76176 24.06612 18.83192]
0.16	 0.79	0.05	-0.34	135_Q	[24.71591667 20.16741667 19.20416667]
-0.02	 -0.14	-0.1	-0.02	135_Q	[23.31628571 17.59728571 21.20614286]
-0.01	 -0.11	-0.11	-0.07	135_Q	[25.83255556 17.24583333 22.41311111]
-0.14	 -0.71	0.03	0.16	135_Q	[25.18305263 17.44194737 19.64689474]
-0.2	 -0.7	-0.04	0.22	135_Q	[27.6302 16.4676 19.7223]
-0.0	 -0.39	0.05	-0.04	135_Q	[28.7177     17.71513333 21.02453333]
-0.18	 -0.95	0.06	0.28	135_Q	[27.51585185 17.93375926 17.79581481]
0.1	 1.04	0.06	-0.25	136_S	[23.9572381  16.9022381  23.50295238]
0.06	 0.47	-0.1	-0.13	136_S	[23.23956 16.02652 26.27072]
-0.18	 -0.51	-0.0	0.24	136_S	[21.66625  15.708125 25.124275]
0.21	 1.02	0.21	-0.45	138_Y	[22.12086957 16.31378261 28.64491304]
0.2	 1.09	0.13	-0.39	138_Y	[19.14295833 26.082375   33.152375  ]
0.15	 1.54	0.03	-0.28	139_D	[23.30261111 14.97438889 30.12355556]
0.02	 0.79	-0.06	-0.06	139_D	[24.8708     13.5666     31.13166667]
-0.14	 -0.7	-0.17	0.13	139_D	[23.08831579 12.26973684 31.27710526]
-0.03	 -0.11	-0.46	0.28	139_D	[25.26936508 13.00773016 33.13642857]
0.07	 0.62	0.03	-0.18	140_A	[21.24136842 14.04573684 29.87094737]
0.17	 1.73	-0.08	-0.21	140_A	[18.29085714 12.17271429 30.54585714]
0.12	 0.53	0.02	-0.24	140_A	[16.86463636 12.18915152 31.72363636]
-0.03	 0.3	-0.1	-0.02	140_A	[18.88522807 13.878      28.69659649]
0.12	 1.87	-0.04	-0.29	141_S	[20.644      12.54522222 30.35744444]
0.14	 1.67	0.08	-0.37	141_S	[18.2063 10.5219 32.1086]
0.14	 0.89	0.02	-0.26	141_S	[22.28883333 10.83375    33.61541667]
-0.08	 -0.28	0.05	0.11	141_S	[20.93608333  9.15670833 34.8515    ]
-0.12	 -0.4	-0.04	0.13	141_S	[21.45509091 10.0304     31.57509091]
-0.28	 -0.8	0.09	0.39	141_S	[19.38308889  9.42064444 30.61468889]
0.11	 0.94	-0.05	-0.19	142_Y	[22.60563158 11.10642105 35.53915789]
-0.07	 0.16	0.01	0.04	142_Y	[24.70263333 11.87683333 36.80983333]
-0.12	 -0.27	-0.01	0.14	142_Y	[25.60257895 11.88165789 38.87081579]
0.16	 0.89	0.08	-0.35	142_Y	[24.2723125 16.052     39.8246875]
-0.16	 -0.56	0.0	0.14	142_Y	[25.33013158 13.85113158 41.11571053]
0.15	 -0.93	0.05	-0.23	143_Y	[21.40594444 10.37205556 37.68338889]
0.19	 1.76	0.2	-0.45	143_Y	[18.0124     12.02626667 39.55553333]
0.14	 1.05	0.03	-0.29	143_Y	[18.76448387 13.3543871  41.07858065]
0.02	 -0.11	-0.04	-0.06	143_Y	[19.41778947  8.92447368 39.62584211]
0.2	 1.39	0.26	-0.52	143_Y	[16.64295238 11.67728571 38.92019048]
-0.11	 -0.33	-0.02	0.1	143_Y	[19.25372222  8.08966667 36.99144444]
-0.12	 -0.53	-0.02	0.19	143_Y	[18.01870833  7.93366667 34.69479167]
0.1	 0.82	0.04	-0.26	143_Y	[15.9549  7.9912 35.7209]
0.02	 0.57	-0.01	-0.2	143_Y	[15.55256897  9.4692069  33.52918966]
0.07	 0.16	-0.04	-0.06	144_G	[22.06138889 10.33505556 39.98338889]
0.13	 0.78	0.01	-0.22	144_G	[23.06551613 12.66351613 41.58825806]
-0.05	 -0.36	-0.03	-0.06	144_G	[23.55121429 11.24621429 42.87114286]
-0.1	 -0.06	-0.07	0.01	144_G	[22.60531707 12.60082927 44.13717073]
-0.02	 -0.23	0.03	-0.01	145_G	[21.11664706  9.44435294 42.08347059]
-0.2	 -0.98	0.08	0.29	145_G	[21.46797727  8.86831818 44.46038636]
0.01	 0.51	-0.04	-0.08	145_G	[19.833       9.87630769 44.90384615]
-0.25	 -1.0	0.09	0.36	145_G	[19.109625  9.2367   46.33525 ]
-0.11	 -0.96	-0.16	0.04	146_Q	[16.78854545 10.60836364 45.74272727]
0.18	 1.08	0.0	-0.26	146_Q	[17.00542857  8.895      43.61071429]
0.13	 1.44	0.07	-0.31	146_Q	[16.30751724 11.4477931  41.39427586]
0.13	 0.67	-0.02	-0.18	146_Q	[16.8593 13.1021 44.1614]
-0.13	 -0.53	0.01	0.16	146_Q	[18.62735135 13.10978378 46.45759459]
-0.21	 -0.54	-0.04	0.22	146_Q	[19.3399 15.286  46.1517]
-0.15	 -0.04	-0.07	0.08	146_Q	[18.68679487 15.5604359  43.71302564]
-0.18	 -0.54	0.03	0.21	146_Q	[21.40835714 14.80811905 45.3007619 ]
0.02	 -0.16	-0.02	-0.05	147_C	[15.24865217 10.56321739 44.99891304]
0.14	 2.11	-0.02	-0.23	147_C	[13.6376 11.7724 44.7338]
-0.17	 -0.55	0.12	0.2	147_C	[11.74440625 10.61159375 44.679625  ]
-0.13	 -0.76	0.01	0.15	147_C	[14.38066667  7.79994872 44.58948718]
-0.05	 -0.1	-0.03	0.08	147_C	[11.42428571  7.0942     43.5278    ]
0.24	 1.34	0.37	-0.61	148_E	[14.38521053 12.21063158 41.43994737]
-0.03	 0.16	-0.11	0.02	148_E	[11.03678571 12.64371429 43.74264286]
0.0	 0.3	-0.02	-0.09	148_E	[11.07021429 14.68410714 42.42560714]
-0.11	 -0.34	0.0	0.13	148_E	[14.0405     14.46911765 43.48994118]
0.03	 0.12	-0.12	-0.07	149_T	[ 9.326      12.10435294 42.81070588]
0.14	 1.86	0.19	-0.45	149_T	[ 6.016      12.03361538 41.205     ]
-0.11	 -0.37	0.03	0.13	149_T	[ 7.45012195 13.95882927 41.61673171]
-0.07	 -0.33	-0.06	0.08	149_T	[ 6.86955556  9.96668519 42.37507407]
0.15	 0.79	-0.06	-0.2	149_T	[ 9.34005  8.8892  42.48255]
0.1	 0.26	-0.11	-0.06	150_V	[ 5.353      14.69688889 40.02888889]
-0.01	 -0.03	-0.02	-0.07	150_V	[ 4.15904 16.21956 37.80824]
0.11	 0.47	0.03	-0.21	150_V	[ 7.6726  16.23204 39.13516]
0.06	 0.39	-0.01	-0.17	151_Y	[ 3.79731034 13.32793103 40.45551724]
-0.0	 -0.3	-0.03	-0.05	151_Y	[ 1.36819444 14.98455556 37.54386111]
-0.07	 -0.17	0.04	0.06	151_Y	[ 1.35686111 13.09355556 41.56966667]
-0.09	 0.21	-0.07	0.08	151_Y	[-0.308      12.74366667 41.98216667]
-0.13	 -0.99	0.07	0.13	151_Y	[-1.1139375  14.21084375 40.42346875]
-0.03	 0.21	-0.09	0.0	151_Y	[-0.56645455 11.266      42.28636364]
-0.18	 -0.91	-0.07	0.22	151_Y	[-3.19342424 13.77412121 39.96890909]
-0.0	 -0.04	0.0	-0.06	151_Y	[-2.24882353 10.76464706 41.999     ]
-0.14	 -0.67	-0.05	0.14	151_Y	[-3.3005   12.007    41.625125]
-0.04	 0.19	0.03	-0.06	151_Y	[-5.02438095 11.44016667 39.76961905]
0.14	 2.01	0.2	-0.46	152_N	[-0.119     14.3868125 35.67325  ]
0.18	 1.0	0.13	-0.36	152_N	[-1.55976316 10.04573684 34.78313158]
0.19	 0.8	0.04	-0.3	152_N	[ 0.19372727 10.51945455 32.80440909]
0.12	 0.85	-0.03	-0.21	153_G	[-1.88092308 14.32680769 36.7505    ]
0.1	 1.29	0.01	-0.33	153_G	[-2.9958 14.0254 37.6042]
0.12	 -0.06	-0.08	-0.14	153_G	[-3.5401 14.598  36.706 ]
-0.03	 0.07	-0.05	-0.08	153_G	[-5.63708889 13.82064444 36.1232    ]
0.09	 0.61	-0.12	-0.11	154_E	[-5.59622222 14.52944444 33.41844444]
0.14	 0.65	-0.0	-0.12	154_E	[-5.6485     12.73035714 33.054     ]
-0.02	 -0.03	0.06	-0.01	154_E	[-5.28183333 13.96914286 30.62790476]
0.17	 1.33	0.44	-0.66	154_E	[-4.66636364 16.10118182 32.04627273]
0.15	 1.19	0.03	-0.26	154_E	[-1.51147368 16.13578947 35.10726316]
0.08	 0.84	-0.08	-0.18	154_E	[-3.98505 17.02095 35.5616 ]
-0.14	 -0.2	-0.08	0.11	154_E	[-5.57014706 16.97667647 33.816     ]
-0.1	 -0.39	0.01	0.12	154_E	[-3.20910638 18.75608511 35.53817021]
0.09	 0.89	-0.05	-0.16	155_W	[-5.39255556 11.31644444 30.34066667]
0.13	 0.98	0.07	-0.33	155_W	[-4.49346875  9.64459375 31.63515625]
-0.1	 -0.04	-0.11	-0.01	155_W	[-4.41827083  7.97341667 30.534125  ]
0.08	 0.21	-0.05	-0.14	155_W	[-2.11068  9.93924 31.16296]
0.02	 -0.39	-0.03	-0.02	155_W	[ 0.4316087   9.83782609 29.92578261]
0.21	 1.47	0.37	-0.6	155_W	[ 0.45984 14.50736 27.53188]
0.2	 1.01	0.06	-0.32	155_W	[ 2.76870588  9.88770588 28.69152941]
0.13	 0.62	-0.08	-0.18	156_R	[-6.46329167 10.739875   32.71366667]
0.16	 1.58	0.04	-0.33	156_R	[-6.572875  7.77     30.238875]
-0.05	 0.32	-0.07	-0.04	156_R	[-8.14815686  8.88333333 30.66901961]
0.2	 1.47	0.23	-0.48	156_R	[-3.87915  8.77955 34.54805]
0.25	 1.42	0.39	-0.61	156_R	[-6.35572727  8.34190909 38.22345455]
0.19	 1.77	0.2	-0.44	156_R	[-6.84655556 11.27961111 34.969     ]
0.12	 1.48	0.08	-0.37	156_R	[-6.8024 11.9686 38.7632]
-0.09	 -0.32	-0.04	0.08	156_R	[-8.04487805 10.28202439 39.09921951]
-0.11	 -0.29	-0.08	0.08	156_R	[-7.9676383  13.05414894 36.90357447]
0.12	 0.73	0.07	-0.28	157_E	[-11.23138095   4.73385714  33.54409524]
-0.04	 -0.25	-0.03	0.05	157_E	[-9.478525  3.86795  31.586875]
-0.2	 -0.9	-0.0	0.28	157_E	[-7.07413889  3.1935     30.16297222]
-0.07	 0.07	-0.07	-0.04	157_E	[-7.31661538  5.17835897 28.89938462]
-0.28	 -0.71	-0.02	0.29	157_E	[-9.24247059  6.00323529 28.45820588]
-0.28	 -1.05	0.2	0.47	157_E	[-6.24732558  4.57013953 27.67795349]
0.06	 -0.39	0.0	-0.19	158_L	[-10.74545455   7.21663636  30.13518182]
0.16	 1.21	0.02	-0.29	158_L	[-13.51788235   5.84723529  31.57188235]
-0.17	 -0.24	0.02	0.19	158_L	[-13.01811364   5.25022727  30.42347727]
-0.04	 -0.04	-0.07	-0.02	158_L	[-12.37760976   9.21946341  30.72246341]
0.17	 1.53	0.2	-0.45	158_L	[-14.93808333   8.16266667  31.053     ]
0.1	 0.68	0.05	-0.28	158_L	[-13.70609756  10.97143902  33.84280488]
-0.19	 -0.74	-0.01	0.22	158_L	[-14.57540741  11.05485185  30.80531481]
-0.13	 -0.42	-0.26	0.07	159_R	[-14.82526316   4.25394737  31.38115789]
0.14	 1.1	0.02	-0.28	159_R	[-16.09393333   6.45046667  31.15013333]
-0.06	 -0.07	0.03	-0.02	159_R	[-14.48014583   3.35829167  33.95539583]
-0.03	 -0.19	-0.06	-0.03	160_Y	[-17.00419048   4.10519048  31.38514286]
0.14	 0.53	-0.02	-0.25	160_Y	[-18.538        3.01329412  33.39517647]
-0.17	 -0.47	0.07	0.22	160_Y	[-19.99048571   2.69145714  31.13111429]
-0.1	 -0.13	-0.06	0.09	160_Y	[-18.48928571   5.86211429  29.66205714]
0.09	 0.92	-0.11	-0.05	160_Y	[-19.91757143   7.821       29.73928571]
0.1	 1.04	0.12	-0.34	160_Y	[-20.76428571   8.54507143  30.42135714]
-0.13	 -0.81	0.06	0.17	160_Y	[-21.11481818   5.70754545  28.68027273]
0.01	 -0.24	-0.02	-0.1	160_Y	[-22.34339286   9.09778571  31.80207143]
-0.17	 -0.84	0.02	0.24	160_Y	[-22.99130769   6.55934615  28.26926923]
-0.07	 -0.5	0.01	-0.06	160_Y	[-22.521        8.52266667  29.5445    ]
-0.04	 -0.06	0.03	-0.01	160_Y	[-25.2206129    7.69951613  29.62464516]
0.03	 -0.24	0.03	-0.11	161_D	[-20.8020625   1.965      33.6675   ]
0.06	 0.52	-0.03	-0.24	161_D	[-20.06695   2.279    36.1372 ]
-0.17	 -0.7	-0.02	0.23	161_D	[-21.59478571   0.87871429  35.84421429]
-0.03	 0.16	0.04	-0.05	161_D	[-23.75135135   0.85132432  35.06759459]
-0.05	 -0.03	0.02	0.03	161_D	[-22.06074419   2.05713953  37.82283721]
0.06	 -0.94	-0.05	-0.06	162_S	[-22.70838462   2.17661538  32.06384615]
0.1	 1.1	-0.12	-0.15	162_S	[-26.82971429   2.76928571  31.64628571]
0.06	 0.37	0.03	-0.13	162_S	[-27.65429167   4.95775     32.36875   ]
-0.1	 -0.34	-0.03	0.1	162_S	[-24.20846154   2.83475     29.85259615]
-0.23	 -0.64	0.08	0.32	162_S	[-26.40236111   4.14566667  29.32086111]
0.17	 1.04	0.02	-0.31	163_T	[-25.3693125   1.6166875  32.3603125]
-0.06	 -0.35	-0.03	0.05	163_T	[-28.15086667   2.16026667  33.29      ]
-0.2	 -0.53	0.15	0.23	163_T	[-28.78417143   4.00017143  35.3332    ]
-0.07	 -0.19	-0.22	0.06	163_T	[-25.27555556  -0.08622222  34.81088889]
-0.23	 -0.86	0.06	0.36	163_T	[-26.62226087  -0.2533913   33.005     ]
-0.19	 -0.98	0.09	0.29	163_T	[-27.78289831   0.21564407  35.97074576]
-0.1	 -0.16	-0.11	0.1	164_C	[-27.61492308   4.97761538  37.17      ]
0.08	 0.7	0.03	-0.19	164_C	[-27.30636364   6.38118182  36.26363636]
-0.1	 -0.36	0.07	0.14	164_C	[-25.47221212   7.4099697   37.81163636]
-0.1	 -0.54	-0.11	0.07	164_C	[-24.91256   5.15092  38.96932]
-0.19	 -0.81	0.05	0.24	164_C	[-25.71357746   2.28880282  39.01909859]
0.19	 1.4	0.17	-0.44	165_E	[-22.74078571   9.08621429  34.20371429]
-0.16	 -0.79	0.01	0.17	165_E	[-23.86815789   9.69247368  35.87210526]
-0.17	 -0.97	0.07	0.15	165_E	[-26.6284    9.48604  35.20844]
-0.2	 -0.68	0.02	0.26	165_E	[-28.21560526   8.29323684  34.16518421]
-0.15	 -0.35	-0.01	0.16	165_E	[-27.416625    9.7510625  31.909625 ]
-0.1	 -0.44	-0.01	0.11	165_E	[-25.22546667   9.7951      32.15233333]
-0.22	 -0.77	0.02	0.3	165_E	[-28.04394872   7.73764103  31.10520513]
0.02	 0.58	-0.03	-0.12	166_R	[-22.29493333   8.46506667  37.2836    ]
0.13	 0.67	0.01	-0.22	166_R	[-22.58730769   6.57123077  38.48315385]
-0.01	 -0.3	-0.01	0.0	166_R	[-20.03440909   7.975       38.45309091]
-0.15	 -0.73	-0.07	0.2	166_R	[-21.54832432   5.24372973  39.87245946]
-0.13	 -0.8	0.08	0.23	166_R	[-19.2474    6.26492  40.94876]
-0.11	 -0.33	-0.03	0.16	166_R	[-19.06907692   3.77515385  41.09384615]
-0.09	 -0.32	-0.15	0.16	166_R	[-18.72302857   2.74817143  39.03017143]
-0.21	 -0.99	0.09	0.32	166_R	[-16.92315385   4.75173077  41.43513462]
0.06	 -0.16	-0.1	-0.07	167_L	[-20.28175     9.6015     36.0510625]
-0.12	 -0.38	0.05	0.16	167_L	[-17.55537209  10.46437209  36.41918605]
-0.05	 0.01	-0.04	0.0	167_L	[-20.15785294  10.40320588  33.91352941]
0.15	 0.88	-0.0	-0.22	167_L	[-16.67130769  11.40961538  33.46692308]
-0.02	 0.24	-0.03	-0.05	167_L	[-17.69488571   9.04988571  30.49634286]
-0.21	 -1.09	0.06	0.32	167_L	[-18.58388406  12.12601449  31.72731884]
0.05	 0.28	-0.04	-0.15	168_Y	[-15.209    9.6078  36.9329]
-0.03	 -0.21	-0.0	0.05	168_Y	[-16.51165385   7.72280769  38.92219231]
0.03	 0.84	-0.08	-0.1	168_Y	[-14.501        5.11227778  39.01794444]
0.18	 1.35	0.39	-0.62	168_Y	[-18.58         2.68153846  36.93853846]
-0.11	 -0.4	-0.03	0.09	168_Y	[-14.5997     2.842275  37.59065 ]
0.09	 1.36	-0.11	-0.19	168_Y	[-16.8422   2.098   38.099 ]
-0.23	 -0.65	0.01	0.3	168_Y	[-17.099        1.49144898  35.93285714]
0.03	 0.16	-0.01	-0.13	169_Y	[-13.75005556   8.17216667  38.36172222]
0.16	 1.45	0.36	-0.62	169_Y	[-11.83495455   5.28668182  36.85904545]
-0.15	 -0.35	-0.11	0.21	169_Y	[-11.61723529   5.24573529  38.87602941]
-0.02	 -0.18	-0.06	-0.0	169_Y	[-10.81994595   8.65316216  38.80802703]
-0.08	 -0.62	0.01	0.12	169_Y	[-12.15561111  11.21966667  37.79269444]
-0.16	 -0.65	-0.0	0.23	169_Y	[-11.86907895  13.047       36.28021053]
0.07	 0.34	-0.06	-0.17	169_Y	[-9.4555     11.0856875  33.52184375]
0.11	 1.45	0.23	-0.49	169_Y	[-10.7811  12.4053  34.5528]
-0.24	 -0.95	0.03	0.37	169_Y	[-10.88747826  13.08352174  33.65391304]
-0.12	 -0.27	-0.08	0.17	170_G	[-10.21448571   3.87637143  35.98105714]
0.09	 1.47	0.02	-0.24	170_G	[-9.10666667  6.08708333 38.6265    ]
0.14	 0.79	0.05	-0.29	170_G	[-7.5345      7.1995     38.27122222]
-0.02	 0.19	-0.12	-0.03	171_D	[-8.42748485  3.587      38.17321212]
0.08	 0.37	-0.06	-0.11	171_D	[-7.21666667  5.7318     39.50026667]
0.07	 0.2	-0.07	-0.09	171_D	[-6.01328571  2.65514286 37.5495    ]
-0.15	 -0.36	0.08	0.12	171_D	[-3.9227      3.01076667 39.09303333]
-0.22	 -0.97	-0.02	0.32	171_D	[-7.75511111  2.89166667 40.22475   ]
-0.14	 -0.65	-0.05	0.18	171_D	[-6.35240741  4.23414815 41.79640741]
-0.06	 -0.26	-0.11	0.06	171_D	[-4.91196875  5.1491875  41.58640625]
-0.31	 -1.1	0.24	0.5	171_D	[-7.21338462  3.50084615 42.98830769]
-0.05	 0.0	-0.05	-0.05	172_D	[-3.31430769  3.35203846 36.8735    ]
-0.0	 -0.27	-0.09	-0.04	172_D	[-2.16890909  4.46081818 36.00754545]
-0.04	 0.13	-0.07	-0.03	172_D	[-2.39591429  6.11028571 34.43008571]
-0.18	 -0.75	0.1	0.24	172_D	[-4.76845238  2.74340476 34.7747381 ]
0.01	 -0.08	-0.17	0.02	172_D	[-6.34008333  3.32925    33.23791667]
0.13	 0.89	0.06	-0.29	172_D	[-7.6165    3.820625 34.79975 ]
0.01	 0.28	-0.01	-0.1	172_D	[-4.96472727  5.15445455 32.05333333]
0.18	 1.51	0.26	-0.52	173_E	[-2.34964286  8.181      35.63128571]
0.12	 1.13	0.02	-0.31	173_E	[-0.66118182  5.64354545 36.402     ]
-0.01	 0.09	-0.02	0.0	173_E	[-0.49427586  5.34689655 38.4937931 ]
0.07	 0.43	-0.03	-0.15	173_E	[-5.07855172  7.72868966 39.81331034]
0.11	 0.68	-0.2	0.01	173_E	[-2.711       5.98433333 42.02716667]
-0.07	 -0.16	-0.01	0.08	173_E	[-2.49697619  7.88614286 42.34545238]
-0.09	 -0.2	-0.02	0.06	173_E	[-1.31942857  5.37125    40.78796429]
0.15	 1.77	0.12	-0.39	174_K	[-0.85111111  7.83633333 35.18544444]
0.02	 0.79	-0.0	-0.18	174_K	[ 1.39235294  6.01270588 37.25411765]
-0.02	 0.19	-0.16	-0.03	174_K	[ 0.44605   7.380275 34.2398  ]
-0.14	 -0.71	-0.0	0.18	174_K	[ 2.53620588  5.25226471 35.10958824]
-0.17	 -0.8	0.06	0.17	174_K	[ 2.16244  6.28636 32.3204 ]
-0.06	 -0.21	-0.03	0.02	174_K	[ 5.14539474  4.86552632 33.72647368]
-0.1	 -0.36	1.06	0.21	174_K	[ 5.00513158  6.0425     30.81623684]
0.17	 0.96	0.04	-0.28	175_Y	[ 3.89255  6.2572  37.60495]
0.11	 1.23	0.17	-0.43	175_Y	[ 5.4177  5.9656 35.9753]
0.15	 1.07	0.19	-0.42	175_Y	[ 4.99638889  8.06372222 41.64038889]
-0.01	 -0.14	-0.15	0.01	175_Y	[ 3.4096      6.11262857 40.68105714]
0.15	 1.74	0.05	-0.32	175_Y	[ 4.64053333 10.36453333 41.60946667]
-0.14	 -0.27	0.07	0.07	175_Y	[ 1.82025641  6.54682051 42.08858974]
-0.1	 -0.07	-0.05	0.01	175_Y	[ 3.312      10.11196296 42.58585185]
-0.17	 -0.79	-0.05	0.19	175_Y	[ 2.75322222  8.57033333 43.40033333]
-0.17	 -0.63	0.05	0.21	175_Y	[ 0.47018919  9.00264865 43.45032432]
-0.35	 0.78	-0.18	-0.12	176_F	[ 5.62351724  9.098      30.23944828]
0.1	 0.39	-0.01	-0.24	176_F	[ 3.0103  8.971  31.3553]
0.17	 1.57	0.21	-0.47	177_R	[12.62533333  8.43761905 35.34280952]
0.17	 1.17	-0.01	-0.25	177_R	[14.11908333  7.21358333 36.572125  ]
-0.04	 -0.29	-0.1	-0.02	177_R	[16.77723404  6.15806383 38.34453191]
-0.03	 -0.07	0.03	-0.02	177_R	[17.35791176  7.75597059 41.31508824]
0.13	 0.8	-0.0	-0.26	178_K	[14.72184783 13.667      39.61158696]
-0.03	 -0.03	-0.03	-0.01	178_K	[10.1534186  17.477      40.50530233]
-0.08	 0.12	-0.05	-0.01	178_K	[13.44930435 17.28421739 40.89630435]
0.15	 1.58	0.03	-0.33	179_P	[15.58041667 15.65958333 38.87833333]
0.12	 1.28	0.26	-0.51	179_P	[15.36455556 16.39222222 38.84988889]
0.15	 1.19	0.08	-0.34	180_Y	[17.36873333 13.87666667 38.8514    ]
-0.02	 -0.48	-0.06	-0.06	180_Y	[17.21033333 16.09436364 39.68878788]
0.16	 0.95	-0.01	-0.27	180_Y	[17.131      19.20086364 39.51472727]
0.15	 1.42	0.08	-0.38	180_Y	[19.07809091 15.088      40.95018182]
0.2	 1.58	-0.09	-0.21	180_Y	[18.993125 16.54525  41.687875]
-0.01	 -0.02	-0.01	-0.09	180_Y	[21.76509302 16.95260465 42.63213953]
0.18	 1.42	0.17	-0.42	180_Y	[23.91626667 18.0368     39.3858    ]
0.01	 0.47	-0.11	-0.01	180_Y	[23.697    17.711625 40.90925 ]
-0.06	 -0.58	-0.03	-0.0	180_Y	[23.42771429 19.36419048 42.2807619 ]
0.19	 1.12	0.01	-0.29	182_F	[14.99422222 18.64433333 39.362     ]
0.11	 0.16	0.02	-0.23	183_L	[14.70675  21.014    40.143875]
-0.04	 0.06	-0.06	-0.01	183_L	[11.6792     20.84656667 41.10253333]
-0.19	 -0.74	0.02	0.27	183_L	[13.81295455 23.61274242 42.14621212]
-0.04	 0.04	-0.06	-0.02	183_L	[13.65887692 26.15836923 40.47676923]
0.2	 1.34	-0.0	-0.3	184_K	[ 9.308625 19.975625 39.076125]
0.13	 1.26	0.06	-0.34	184_K	[ 8.32671429 22.13192857 36.22628571]
-0.1	 -0.36	-0.23	0.2	184_K	[ 8.21321053 21.64097368 38.84431579]
0.02	 0.09	-0.0	-0.11	184_K	[ 8.76370833 24.11454167 37.3545    ]
0.07	 0.61	0.07	-0.26	184_K	[10.36354054 24.75191892 40.99040541]
-0.21	 -0.94	-0.0	0.26	184_K	[ 7.56802273 25.13997727 40.16372727]
-0.27	 -1.08	0.07	0.45	184_K	[ 8.73206557 26.1927541  42.1087377 ]
0.13	 0.93	0.03	-0.28	185_Y	[ 8.21426923 19.15757692 38.12719231]
0.13	 1.49	0.19	-0.45	185_Y	[ 7.28642857 21.37664286 36.11164286]
0.02	 0.45	-0.27	-0.07	185_Y	[ 6.33238889 20.80488889 37.10983333]
-0.03	 -0.07	-0.15	0.05	185_Y	[ 5.52711111 18.61633333 37.82225926]
0.12	 1.62	0.15	-0.43	186_H	[ 5.885625 21.513375 35.842875]
0.2	 0.95	-0.05	-0.27	186_H	[ 3.68155 18.86405 36.93815]
-0.08	 -0.15	-0.07	0.08	186_H	[ 3.975875 22.028475 36.5829  ]
-0.13	 -0.51	-0.05	0.15	186_H	[ 2.228   22.494   37.39525]
0.04	 -0.66	0.02	-0.11	186_H	[ 1.218      23.37683333 35.35783333]
-0.19	 -0.91	0.09	0.22	186_H	[ 1.48648837 19.89160465 37.85897674]
-0.13	 -0.39	-0.0	0.17	186_H	[-1.17318421 21.81381579 36.21444737]
-0.2	 -0.58	-0.06	0.25	186_H	[-0.8028     20.29163333 37.55326667]
0.15	 0.89	-0.03	-0.2	187_F	[ 2.36277778 17.44044444 35.59738889]
0.16	 1.23	0.13	-0.36	187_F	[-0.47941176 18.48247059 35.41229412]
0.17	 0.65	0.13	-0.35	187_F	[ 0.67281818 16.53009091 34.993     ]
0.18	 1.31	0.32	-0.57	187_F	[ 2.85516667 15.99025    35.83458333]
-0.07	 -0.3	-0.05	0.06	188_E	[-1.91089474 23.10081579 30.61065789]
0.15	 1.29	-0.14	-0.12	188_E	[-0.8474 24.6312 32.0956]
-0.05	 0.05	-0.02	0.06	188_E	[-1.19384615 23.36676923 33.70074359]
0.16	 0.8	-0.01	-0.23	189_A	[-3.16109091 20.639      32.96954545]
0.16	 1.51	0.02	-0.25	189_A	[-5.20628571 17.64635714 31.25771429]
0.02	 0.37	-0.07	-0.06	189_A	[-4.24484848 21.40521212 28.95475758]
-0.21	 -0.97	0.08	0.29	189_A	[-6.30042857 20.28715873 32.06547619]
0.14	 0.59	0.04	-0.26	190_L	[-5.4320625 17.2981875 29.583375 ]
0.13	 1.03	0.31	-0.59	190_L	[-3.93777778 20.04511111 27.06455556]
0.01	 0.35	-0.13	-0.08	190_L	[-6.64275  18.020625 25.894125]
-0.18	 -0.48	0.03	0.23	190_L	[-7.531625   18.661625   28.19565625]
-0.11	 -0.5	-0.06	0.08	190_L	[-5.14081081 16.58840541 26.37162162]
-0.19	 0.26	-0.02	-0.12	190_L	[-3.78492593 14.19951852 26.26357407]
0.09	 0.47	-0.08	-0.14	190_L	[-1.71134146 16.14487805 26.01304878]
0.2	 0.86	0.08	-0.31	191_A	[-4.78197297 20.0942973  25.73448649]
-0.07	 -0.14	-0.1	0.09	191_A	[-8.0703125 19.608125  25.5271875]
0.04	 0.3	0.01	-0.18	191_A	[-5.81775 20.08275 23.3792 ]
0.2	 0.66	0.02	-0.28	191_A	[-4.89741667 21.57970833 24.00991667]
-0.23	 -1.11	-0.01	0.31	191_A	[-7.72967797 22.44015254 26.80862712]
-0.11	 -0.46	-0.07	0.08	192_D	[-8.6343  20.51505 23.80485]
0.16	 1.12	0.13	-0.37	192_D	[-6.6698125 20.5045625 21.6086875]
-0.09	 -0.24	0.08	0.08	192_D	[-9.1885814  24.00406977 23.03444186]
-0.15	 -0.7	-0.02	0.18	192_D	[-9.59712195 20.5042439  21.54587805]
-0.29	 -0.5	-0.11	0.15	192_D	[-10.37085714  22.85442857  19.76521429]
0.06	 0.27	0.46	-0.47	192_D	[-9.81227273 23.43954545 19.37481818]
-0.13	 -0.43	0.03	0.21	192_D	[-10.35632558  21.13969767  18.44339535]
-0.06	 -0.27	-0.1	0.1	193_T	[-7.40342105 25.87636842 22.938     ]
-0.08	 -1.63	-0.06	0.09	193_T	[-8.65188889 26.50522222 21.34977778]
-0.16	 -0.61	0.04	0.22	193_T	[-6.97751111 27.81788889 20.22748889]
-0.14	 -0.76	0.03	0.2	193_T	[-4.64478947 26.76005263 21.773     ]
0.05	 -0.77	-0.02	-0.15	193_T	[-4.14115789 26.04884211 19.85531579]
-0.13	 -0.3	0.01	0.13	193_T	[-4.58467857 24.74216071 23.74876786]
0.1	 0.72	-0.05	-0.14	194_G	[-9.47688889 25.116      20.25777778]
-0.14	 -0.62	0.02	0.27	194_G	[-9.64926087 25.9538913  18.44808696]
0.0	 -0.01	-0.05	-0.09	194_G	[-7.9518     27.3422     16.82826667]
0.01	 -1.07	-0.08	-0.06	194_G	[-5.73235 26.8238  17.4119 ]
-0.01	 -0.1	-0.07	-0.02	195_I	[-9.5022381  25.22571429 16.38961905]
0.17	 1.05	0.21	-0.44	195_I	[-8.17965217 26.39086957 13.11747826]
-0.17	 -0.63	-0.01	0.26	195_I	[-9.55253488 26.60893023 13.49865116]
-0.06	 -0.21	-0.15	0.01	195_I	[-9.48811765 23.28741176 13.91505882]
0.12	 0.55	0.08	-0.26	195_I	[-9.423      22.429      15.49733333]
0.11	 0.23	2.86	0.06	195_I	[-8.12882353 22.90058824 11.86220588]
0.06	 0.77	-0.08	-0.17	195_I	[-9.25031818 20.54372727 15.53631818]
-0.04	 0.25	-0.11	-0.01	196_S	[-8.02052381 28.81028571 12.95738095]
-0.0	 -0.02	-0.13	-0.01	196_S	[-4.9885625  29.87025    12.18708333]
-0.19	 -0.66	-0.01	0.22	196_S	[-5.58105  29.04155  14.939575]
0.02	 -0.14	0.04	-0.09	197_S	[-8.65933333 28.3302     10.70153333]
-0.06	 -0.2	0.02	0.08	197_S	[-7.97665116 30.71725581  8.73951163]
-0.04	 0.01	0.02	0.0	197_S	[-9.80073333 27.6309      7.98666667]
0.01	 0.32	-0.26	0.01	197_S	[-9.44330508 25.36210169  9.24023729]
0.12	 0.74	-0.03	-0.1	198_E	[-6.603      31.90191667  6.62283333]
0.1	 0.73	-0.02	-0.13	198_E	[-4.366      32.62227273  6.11363636]
-0.08	 -0.27	0.0	0.06	198_E	[-5.193      32.28444828  8.70486207]
0.15	 1.3	0.17	-0.38	198_E	[-3.21195833 31.75820833  9.61225   ]
-0.15	 -0.52	-0.16	0.21	198_E	[-3.71386842 32.45797368 10.52328947]
0.12	 0.56	-0.01	-0.18	199_F	[-6.26586667 32.33726667  4.7128    ]
0.06	 0.6	-0.23	-0.05	199_F	[-5.65608333 32.79508333  0.75816667]
-0.11	 -0.18	0.01	0.08	199_F	[-4.91793023 33.62151163  3.0955814 ]
0.0	 0.12	-0.06	-0.07	199_F	[-7.70784783 31.29206522  1.33784783]
-0.01	 0.05	-0.06	-0.01	199_F	[-8.79293333 31.80066667  4.93946667]
0.0	 -0.08	-0.08	0.02	199_F	[-10.47475     30.24095833   5.77545833]
0.08	 0.57	-0.02	-0.15	199_F	[-10.67306897  27.24827586   4.93993103]
0.16	 0.86	-0.0	-0.27	200_Y	[-5.17855556 30.97722222  0.311     ]
0.15	 1.17	-0.02	-0.21	200_Y	[-3.3075     34.30628571  0.54157143]
0.07	 0.27	-0.09	-0.13	200_Y	[-4.82042857 32.54852381 -0.7587619 ]
0.13	 1.36	0.03	-0.25	200_Y	[-4.3769375 30.8624375 -1.5589375]
0.06	 0.55	-0.07	-0.04	200_Y	[-1.81258824 34.85329412  2.68723529]
-0.06	 -0.26	-0.18	0.17	200_Y	[-1.52770588 34.65361765  5.33041176]
0.13	 1.05	0.09	-0.35	200_Y	[-2.80417647 33.16994118  5.75623529]
0.13	 1.1	0.06	-0.3	200_Y	[-1.75217647 33.64135294  7.22558824]
0.2	 1.13	0.12	-0.38	201_D	[-2.61261905 35.06252381 -0.97180952]
0.11	 1.15	0.05	-0.29	201_D	[-4.4884     32.36726667 -3.09053333]
0.08	 1.1	0.51	-0.77	201_D	[-1.7238 34.5482 -4.9482]
-0.05	 0.09	-0.13	-0.0	201_D	[-1.79648148 32.76977778 -5.90396296]
-0.06	 -0.07	-0.08	0.03	201_D	[-3.11110256 35.45748718 -4.43653846]
-0.06	 -0.07	-0.01	0.04	201_D	[-5.02733333 35.51381818 -3.33666667]
-0.26	 -0.78	-0.01	0.4	201_D	[-5.13052632 35.80257895 -1.44063158]
-0.25	 -1.05	0.38	0.65	201_D	[-6.07882609 35.44382609 -4.79047826]
0.1	 0.87	-0.19	-0.28	202_N	[ 1.03527273 31.96890909 -5.10890909]
-0.08	 0.16	4.17	0.13	202_N	[ 1.10208929 34.09928571 -5.27210714]
-0.05	 -0.06	-0.3	0.09	202_N	[ 2.930125 36.135875 -3.9565  ]
-0.11	 -0.3	0.04	0.15	202_N	[ 0.57515217 37.24071739 -3.67182609]
0.17	 0.93	0.07	-0.34	203_A	[ 2.74507407 31.62492593 -4.39837037]
0.22	 1.01	0.14	-0.39	203_A	[ 6.287125   29.983875   -2.47558333]
0.13	 2.08	0.08	-0.34	204_N	[ 6.59018182 35.1         0.12654545]
0.18	 1.01	0.07	-0.31	204_N	[ 4.3538 37.0293  0.6963]
0.01	 0.96	-0.11	-0.07	204_N	[ 5.88006667 36.18566667  1.68433333]
-0.05	 -0.32	-0.08	0.06	204_N	[ 5.08002632 36.84847368 -1.49676316]
0.08	 0.76	-0.07	-0.14	204_N	[ 5.604875   35.1915     -3.54470833]
0.12	 0.81	-0.0	-0.21	204_N	[ 7.4173125 33.618875  -3.4351875]
-0.26	 -0.98	0.02	0.4	204_N	[ 6.74108621 36.64125862 -4.07786207]
0.14	 0.6	-0.01	-0.22	205_D	[ 1.937  37.1362  2.3437]
0.14	 0.16	0.09	-0.24	205_D	[ 1.22318182 36.05659091  3.99345455]
0.03	 0.29	-0.02	-0.15	205_D	[-0.73456667 36.039       0.93686667]
-0.14	 -0.66	-0.01	0.15	205_D	[ 0.37113333 38.3568      0.81886667]
-0.11	 -0.35	-0.04	0.18	205_D	[ 2.30662791 38.40546512 -0.19404651]
-0.18	 -0.68	-0.04	0.25	205_D	[-1.2536     37.63577143 -1.13251429]
0.12	 1.3	0.46	-0.69	207_L	[ 7.476875 34.8695    3.4635  ]
0.06	 0.53	-0.04	-0.12	207_L	[ 7.91222727 34.07309091  2.10468182]
-0.02	 0.13	-0.31	0.11	207_L	[ 8.35442308 32.19508974 -0.64564103]
-0.0	 0.19	-0.24	0.01	207_L	[ 9.38840909 30.51425     1.68320455]
0.12	 1.45	0.19	-0.45	208_S	[ 6.7031 35.4901  3.0489]
-0.01	 0.7	-0.06	-0.04	208_S	[ 6.819      36.89638095  4.70014286]
0.17	 1.54	0.01	-0.31	208_S	[ 3.9329 37.5219  6.6456]
0.14	 0.45	0.01	-0.2	208_S	[ 6.16235714 37.52707143  6.82178571]
-0.07	 -0.18	-0.11	0.08	208_S	[ 4.35734375 37.79421875  3.16759375]
-0.29	 -0.77	-0.02	0.44	208_S	[ 4.4032381  38.83485714  4.96792857]
0.11	 1.31	0.04	-0.29	209_K	[ 2.64109091 36.62127273  5.63736364]
0.11	 0.47	0.01	-0.18	209_K	[ 2.6677619  36.88338095  7.7192381 ]
0.17	 1.42	0.25	-0.52	209_K	[ 3.08909091 32.88490909  9.38163636]
0.01	 0.16	-0.1	-0.0	209_K	[ 0.6004  35.85765  6.644  ]
0.14	 1.26	0.11	-0.4	209_K	[ 1.10854348 32.9803913   8.14626087]
-0.1	 -0.27	-0.05	0.12	209_K	[ 0.2445     36.12166667  9.17252778]
-0.14	 -0.58	0.01	0.16	209_K	[-1.20640909 34.94784091 10.69084091]
0.15	 1.0	0.23	-0.37	209_K	[ 0.13310714 32.17725    10.72557143]
0.02	 0.35	-0.19	-0.04	210_V	[ 4.2408  31.8298   9.24745]
0.15	 0.52	0.04	-0.26	210_V	[ 6.821   31.9422  10.81745]
0.16	 1.46	0.09	-0.34	210_V	[ 6.68184 29.97904  9.119  ]
0.11	 1.23	-0.07	-0.3	210_V	[ 3.62122727 30.36515909  8.24713636]
0.07	 0.53	-0.11	-0.09	211_K	[ 8.7718 37.1343  9.0231]
0.03	 0.43	-0.04	-0.16	211_K	[ 9.72028 36.58068 10.53436]
-0.05	 -0.21	0.03	0.04	211_K	[ 9.61148571 35.9424      7.68842857]
-0.04	 -0.03	-0.28	0.2	211_K	[10.82882759 33.05417241  6.46551724]
-0.13	 -0.55	0.14	0.18	211_K	[10.06845833 34.95672222  4.59106944]
0.12	 0.79	0.06	-0.23	212_K	[ 7.1575 37.4603  8.2964]
0.06	 0.06	0.03	-0.12	212_K	[ 7.28005882 38.61229412 10.40205882]
-0.14	 -0.32	-0.14	0.15	212_K	[ 4.92259091 38.52713636  8.48822727]
-0.02	 -0.07	-0.03	-0.04	212_K	[ 3.15761111 38.05891667 11.06      ]
-0.03	 -0.03	0.11	-0.11	212_K	[ 5.53422222 39.96902778 11.4825    ]
-0.21	 -0.7	-0.07	0.23	212_K	[ 3.29562712 40.09340678 12.52245763]
-0.29	 -1.17	0.15	0.47	212_K	[ 4.42744444 42.20387037 12.7877037 ]
0.09	 0.71	0.14	-0.34	213_D	[ 7.46458824 32.47788235 13.23052941]
-0.05	 0.14	-0.07	0.01	213_D	[ 6.44215 32.93525 15.41835]
-0.06	 0.06	-0.09	0.04	213_D	[ 4.5290625  32.37171875 13.01346875]
-0.1	 -0.58	-0.1	0.13	213_D	[ 2.70486667 33.55933333 14.02206667]
0.02	 0.33	0.01	-0.08	213_D	[ 2.30677143 35.64297143 12.90437143]
-0.02	 0.46	-0.06	-0.08	213_D	[ 1.86217857 32.11930357 11.839125  ]
0.14	 1.42	0.4	-0.64	214_K	[ 8.72028571 32.30528571 13.78542857]
0.15	 0.67	0.04	-0.28	214_K	[10.6795   36.12875  12.778125]
-0.0	 0.17	-0.04	-0.01	214_K	[11.53732258 35.67706452 15.06874194]
0.03	 0.3	0.04	-0.16	214_K	[11.49018182 33.84124242 12.59457576]
-0.01	 0.31	-0.1	-0.07	214_K	[10.43907843 31.33390196 12.91858824]
0.06	 0.79	-0.02	-0.18	214_K	[11.84079412 32.2495     10.36394118]
-0.06	 -0.07	-0.17	0.02	214_K	[10.33173171 29.65463415 10.44702439]
0.04	 0.55	-0.02	-0.18	214_K	[10.96802564 30.24771795  7.42758974]
-0.02	 -0.16	-0.12	0.03	215_S	[10.35323077 37.89676923 15.66984615]
0.03	 0.56	-0.06	-0.04	215_S	[ 6.97314286 38.87314286 15.76714286]
-0.08	 -0.04	0.05	0.02	215_S	[ 8.63504444 38.45833333 17.45615556]
-0.1	 -0.19	-0.07	0.05	215_S	[ 8.24621818 39.59021818 13.80016364]
-0.19	 -0.72	0.05	0.27	215_S	[10.258325 38.6107   12.1869  ]
0.11	 0.92	0.09	-0.36	216_D	[ 6.04757143 38.19842857 14.53692857]
-0.08	 -0.58	0.02	0.08	216_D	[ 5.55578261 37.78752174 17.06908696]
0.12	 1.4	0.12	-0.35	216_D	[ 6.47942105 34.93052632 17.98531579]
-0.13	 -0.08	-0.16	0.15	216_D	[ 6.25611111 35.10006667 19.5936    ]
-0.13	 -0.5	0.03	0.14	216_D	[ 4.08815789 36.09185965 16.15194737]
0.19	 1.21	-0.14	-0.14	217_S	[ 6.81866667 32.81916667 17.48733333]
0.13	 1.15	-0.02	-0.24	217_S	[ 8.35416667 34.56905556 20.35144444]
0.16	 1.32	0.37	-0.61	217_S	[ 8.79147059 33.72758824 21.08041176]
0.05	 0.65	-0.11	-0.13	217_S	[ 8.11155 31.7321  15.89855]
0.01	 0.35	-0.08	-0.14	217_S	[ 9.83688 30.57048 16.5724 ]
0.05	 0.82	0.7	-1.14	218_F	[ 9.32777778 35.01866667 20.87522222]
0.03	 0.85	-0.12	-0.16	218_F	[10.15792593 36.9847037  20.70907407]
-0.16	 -0.67	0.0	0.13	218_F	[ 9.86410256 38.30471795 19.54158974]
-0.06	 -0.18	0.03	0.03	218_F	[12.45207692 36.49307692 19.01776923]
-0.11	 -0.11	-0.1	0.11	218_F	[13.9715     34.854      18.21733333]
0.08	 0.26	-0.08	-0.17	218_F	[14.59784211 34.26010526 20.20442105]
-0.02	 0.27	-0.09	0.02	218_F	[13.10442857 34.59885714 16.80621429]
0.18	 1.33	0.05	-0.3	218_F	[15.04485714 32.97657143 18.33471429]
0.13	 0.85	0.07	-0.27	218_F	[12.65889286 31.89932143 15.86623214]
0.13	 0.44	0.05	-0.3	218_F	[14.71839024 31.12804878 17.01339024]
0.0	 0.72	-0.09	0.22	219_G	[ 9.4266  35.62656 22.06248]
-0.11	 -0.53	0.0	0.16	219_G	[ 9.87037255 38.35443137 22.97645098]
0.13	 1.48	0.27	-0.52	219_G	[10.6604 37.7622 25.1164]
0.23	 1.12	0.14	-0.41	219_G	[13.60207692 36.46984615 22.54776923]
-0.05	 0.01	-0.07	-0.02	220_V	[11.12696 39.37032 24.61744]
0.18	 1.42	0.14	-0.4	220_V	[11.454      38.81615385 26.87561538]
-0.17	 -0.74	0.01	0.23	220_V	[11.96165789 41.52147368 26.39971053]
-0.1	 -0.37	-0.0	0.14	220_V	[13.654      41.50326667 24.21633333]
-0.03	 -0.07	0.01	-0.07	220_V	[16.20666667 40.88897917 25.362875  ]
-0.19	 -0.7	-0.06	0.28	220_V	[14.6223871  39.60872581 22.41022581]
-0.03	 0.51	-0.04	-0.03	221_T	[13.35105556 41.8605     28.43677778]
0.15	 1.17	0.13	-0.43	221_T	[15.21955556 41.82388889 28.26511111]
-0.16	 -0.74	-0.05	0.22	221_T	[12.74633333 40.94866667 31.2915    ]
0.02	 0.45	0.0	-0.14	221_T	[13.39983673 38.28965306 31.00395918]
-0.27	 -1.13	0.05	0.36	221_T	[10.587      39.91092982 29.62268421]
0.05	 0.31	-0.13	-0.05	222_I	[14.8508125 42.273     30.0890625]
-0.07	 -0.04	-0.33	0.01	222_I	[15.507    40.05675  32.369125]
-0.2	 -1.03	-0.0	0.27	222_I	[15.46708571 42.0286     32.95448571]
-0.09	 -0.53	-0.04	0.13	222_I	[16.86588889 43.70911111 30.53011111]
-0.14	 -0.82	0.04	0.2	222_I	[17.25935714 43.38292857 28.01496429]
-0.09	 -0.62	0.02	0.12	222_I	[19.60713158 43.70218421 30.95157895]
-0.12	 -0.69	0.04	0.18	222_I	[19.84736735 42.39014286 27.4487551 ]
0.06	 0.58	-0.06	-0.23	223_G	[16.57911111 39.11727778 32.10694444]
-0.14	 -0.65	-0.01	0.19	223_G	[17.65465854 39.2857561  34.26982927]
0.12	 1.13	-0.02	-0.23	223_G	[18.16653846 41.58723077 35.08303846]
0.01	 0.16	0.0	-0.08	223_G	[19.33051724 43.18013793 33.99858621]
-0.14	 -0.66	-0.18	0.12	224_I	[17.75603704 40.69059259 36.52511111]
-0.09	 -0.14	-0.2	0.1	224_I	[18.03369565 43.4476087  35.80473913]
-0.07	 -0.05	0.03	0.0	224_I	[20.611      41.84255556 37.29146296]
-0.3	 -0.91	0.05	0.47	224_I	[21.136      43.83886364 37.36840909]
-0.27	 -1.41	0.19	0.44	224_I	[17.21998413 42.95204762 38.44936508]
-0.4	 -1.01	0.25	0.49	228_G	[24.72573214 40.83369643 33.66423214]
-0.06	 -0.18	-0.06	0.01	228_G	[22.30573077 41.73148077 34.22984615]
0.1	 0.26	0.01	-0.19	228_G	[23.35691667 39.52375    31.63775   ]
-0.07	 -0.04	-0.07	0.1	228_G	[22.18890909 41.65186364 30.59627273]
0.02	 0.38	-0.05	-0.12	229_S	[21.71088462 38.76034615 33.69765385]
0.0	 0.26	-0.26	-0.05	229_S	[23.24908333 37.99216667 30.91716667]
0.16	 0.92	0.01	-0.29	229_S	[18.36703704 37.46881481 31.93148148]
0.08	 0.62	0.02	-0.22	229_S	[22.06933333 36.49972917 32.22720833]
0.09	 0.72	0.02	-0.2	230_P	[19.68841935 38.44841935 25.86277419]
-0.19	 -0.77	0.01	0.26	230_P	[21.77316216 39.44886486 26.39386486]
-0.02	 0.33	-0.05	0.0	230_P	[22.83646154 38.67538462 28.83002564]
0.13	 1.34	-0.0	-0.25	231_L	[16.15678571 36.80746429 31.35321429]
0.08	 0.45	-0.08	-0.15	231_L	[15.95531034 32.85565517 32.20493103]
-0.1	 -0.23	-0.07	0.1	231_L	[13.43909836 35.0794918  31.82752459]
0.21	 1.55	0.3	-0.55	232_L	[14.82091667 34.9485     22.68008333]
0.17	 0.9	-0.06	-0.23	232_L	[15.97231818 36.73886364 22.85086364]
0.06	 0.16	-0.05	-0.13	232_L	[18.49653846 37.39165385 24.26503846]
-0.08	 -0.33	-0.16	0.1	232_L	[17.71628889 35.77148889 21.66655556]
0.16	 1.17	0.3	-0.52	233_V	[ 9.44992593 34.27292593 22.66459259]
0.16	 1.16	-0.14	-0.13	233_V	[ 9.7704 36.271  25.443 ]
-0.09	 -0.28	-0.03	0.06	233_V	[ 8.75558182 34.03230909 25.84352727]
0.05	 0.34	0.02	-0.19	233_V	[10.835375   36.09585417 27.57685417]
0.21	 1.64	0.17	-0.41	234_G	[ 8.58735 30.92165 24.8231 ]
0.09	 1.15	0.46	-0.71	235_V	[ 5.126      30.536      19.42714286]
0.08	 0.52	-0.02	-0.16	235_V	[ 6.26003125 31.39109375 18.57359375]
0.12	 0.97	-0.23	-0.09	235_V	[ 5.63114286 33.77671429 21.08714286]
-0.17	 -0.84	-0.01	0.2	235_V	[ 3.81525926 31.58881481 21.52592593]
-0.1	 -0.29	-0.16	0.12	235_V	[ 6.425525  32.9405875 23.5496125]
0.02	 0.77	-0.03	-0.09	236_G	[ 4.58093103 28.58941379 18.4612069 ]
-0.02	 -0.14	-0.06	0.01	236_G	[ 7.19142857 28.327      16.46961905]
0.19	 2.02	-0.01	-0.24	237_V	[ 9.72372727 28.21318182 16.999     ]
0.17	 1.15	0.03	-0.27	237_V	[11.84548 28.23056 17.40856]
0.04	 0.71	0.04	-0.2	238_S	[10.16930769 26.84492308 15.88269231]
0.08	 0.67	0.52	-0.13	238_S	[11.012275 21.6165   15.810325]
-0.04	 0.27	-0.15	-0.03	238_S	[ 8.66548649 25.39762162 13.97410811]
-0.06	 0.17	-0.12	0.05	238_S	[11.20777419 26.41754839 13.25906452]
0.24	 1.55	0.21	-0.46	239_H	[12.95345455 25.80686364 15.76613636]
0.16	 2.25	0.01	-0.24	239_H	[13.529375 21.430625 15.199125]
-0.0	 0.0	-0.04	0.05	239_H	[15.8256129  21.2726129  15.28890323]
-0.12	 -0.04	0.7	0.29	239_H	[13.28683333 21.077      17.56772222]
-0.01	 0.1	-0.43	-0.01	239_H	[12.63861111 21.43516667 19.19311111]
0.09	 0.63	-0.09	-0.08	239_H	[14.40783333 21.85866667 20.31883333]
0.11	 1.33	0.17	-0.47	239_H	[11.33317143 21.82325714 19.26208571]
0.12	 0.78	0.07	-0.31	239_H	[13.97386667 22.3519     21.78466667]
0.06	 0.52	-0.06	-0.1	240_S	[15.977      22.22278571 12.55542857]
0.12	 0.6	-0.02	-0.24	240_S	[13.69546667 26.65226667 12.06386667]
-0.07	 -0.1	-0.02	0.07	240_S	[13.36188462 21.33323077 11.60751923]
0.1	 0.49	-0.08	-0.1	241_Q	[15.98014286 23.17661905 10.26795238]
0.15	 1.56	0.14	-0.39	241_Q	[14.07525 27.19425  9.882  ]
0.08	 0.64	-0.12	-0.11	241_Q	[14.32436735 27.34753061  7.69461224]
0.17	 1.07	-0.0	-0.27	241_Q	[17.05907143 25.87339286  8.69832143]
0.12	 0.83	0.05	-0.24	241_Q	[18.19664286 24.0395      9.47071429]
0.06	 0.47	-0.25	0.05	241_Q	[19.5759 25.2838  7.9436]
-0.11	 -0.24	0.0	0.13	241_Q	[19.30338462 27.66890385  8.61853846]
-0.14	 -0.49	0.06	0.17	241_Q	[21.14767568 24.9477027   9.33243243]
0.17	 1.26	0.04	-0.28	242_D	[14.4155     23.31235714  8.79828571]
0.07	 0.54	-0.01	-0.23	242_D	[11.7313125  23.1771875   8.14659375]
0.14	 1.13	0.13	-0.47	242_D	[11.88712 27.74412  7.43864]
0.14	 0.72	0.01	-0.26	242_D	[11.82538889 27.0515      9.99666667]
0.22	 1.23	0.24	-0.46	242_D	[ 9.72185714 24.39545714 10.70008571]
0.06	 0.57	-0.14	-0.14	242_D	[ 9.94791667 27.1305     10.84420833]
0.12	 1.01	0.07	-0.31	243_T	[13.72061538 22.84238462  6.83684615]
0.1	 0.61	-0.05	-0.22	243_T	[15.28033333 25.29438095  3.59980952]
0.19	 1.04	-0.05	-0.19	243_T	[15.2448 22.2087  2.932 ]
0.19	 1.21	0.17	-0.43	243_T	[14.69625    24.87566667  2.30758333]
-0.06	 0.02	-0.02	-0.03	243_T	[16.74769565 23.21691304  3.77395652]
-0.19	 -0.21	-0.03	0.26	243_T	[16.08447368 22.19781579  6.60368421]
-0.14	 -0.44	-0.03	0.18	243_T	[17.66711111 25.08809722  5.53156944]
0.09	 0.65	-0.1	-0.16	244_S	[14.378      21.41877778  5.09677778]
-0.07	 -0.22	0.02	0.04	244_S	[13.51227273 20.72113636  2.42759091]
0.11	 0.59	0.04	-0.21	244_S	[11.56564286 20.94978571  1.426     ]
-0.2	 -0.8	0.07	0.23	244_S	[12.68977778 19.91805556  5.01914815]
-0.23	 -0.85	0.04	0.34	244_S	[10.4927027  19.49432432  3.98827027]
0.17	 1.18	0.08	-0.37	245_F	[11.15121429 22.30878571  5.72407143]
0.26	 1.29	0.1	-0.38	245_F	[ 8.80093333 21.6088      3.3686    ]
0.11	 0.95	-0.0	-0.26	245_F	[ 8.86961765 22.57214706  6.3015    ]
0.18	 1.5	0.01	-0.3	246_L	[12.70475 26.9675   0.26925]
0.05	 0.61	-0.02	-0.24	246_L	[10.83675758 27.46351515 -0.225     ]
0.01	 0.15	-0.09	-0.12	246_L	[12.9234186  27.52523256  1.96765116]
-0.2	 -0.59	0.09	0.36	246_L	[13.20495238 29.33884524  4.39959524]
0.19	 1.04	0.1	-0.4	246_L	[10.74521212 30.22193939  4.17675758]
0.14	 1.68	0.1	-0.34	247_N	[13.25025 24.98725 -2.25175]
0.03	 0.25	-0.12	-0.09	247_N	[11.8824 21.9894 -1.7333]
0.01	 -0.17	-0.05	-0.07	247_N	[11.73017241 23.48965517 -3.3162069 ]
-0.09	 -0.49	-0.02	0.11	247_N	[13.95080645 22.33816129 -0.83377419]
-0.02	 0.06	-0.01	-0.0	247_N	[15.28847368 24.57868421 -0.78063158]
-0.21	 -0.82	-0.11	0.32	247_N	[14.90536364 26.06981818 -1.06481818]
-0.21	 -0.46	-0.02	0.34	247_N	[16.4456 23.4014  0.422 ]
0.11	 0.84	0.03	-0.25	248_E	[11.29327273 21.56127273 -0.44890909]
0.05	 -0.41	0.02	-0.15	248_E	[ 9.95525   21.0281875 -2.0905   ]
0.02	 0.33	-0.18	-0.04	248_E	[ 8.92303125 20.60890625  1.2806875 ]
0.13	 1.42	0.19	-0.46	248_E	[ 7.329      20.17128571  1.35128571]
-0.11	 -0.36	-0.16	0.1	248_E	[8.22314286e+00 1.88720714e+01 1.00000000e-03]
-0.05	 0.09	0.03	0.04	248_E	[ 7.50032353 18.54664706 -2.01305882]
-0.08	 -0.28	-0.02	0.08	248_E	[ 6.14247368 18.36773684  0.78707895]
0.14	 0.39	0.04	-0.31	249_L	[ 7.301375  28.0151875 -2.207875 ]
0.16	 1.1	0.05	-0.33	249_L	[ 7.81888889 28.12066667 -0.14794444]
0.19	 1.56	0.28	-0.53	249_L	[ 6.3148125 28.8729375 -1.031125 ]
0.17	 1.2	0.12	-0.37	250_N	[ 9.1385 27.5682 -1.5289]
0.14	 0.95	0.02	-0.31	250_N	[ 8.7368125 28.5025625 -3.1029375]
0.07	 -0.08	0.04	-0.18	250_N	[10.94783333 25.95066667 -5.29833333]
-0.08	 0.11	-0.03	-0.01	250_N	[ 9.48715152 27.43115152 -6.8680303 ]
0.0	 0.36	-0.12	-0.08	250_N	[11.71545946 27.18962162 -2.72462162]
-0.2	 -0.66	-0.04	0.23	250_N	[12.61575    29.0405     -3.63191667]
-0.22	 -0.79	0.14	0.33	250_N	[12.09140476 28.8977619  -5.62666667]
-0.17	 -0.29	-0.37	0.29	250_N	[10.38235938 30.35854687 -3.1746875 ]
0.15	 3.07	0.04	-0.26	251_K	[10.59522222 24.40011111 -5.17611111]
-0.08	 -0.14	-0.05	0.09	251_K	[ 9.58963636 24.40763636 -7.22609091]
0.15	 1.04	0.04	-0.31	251_K	[ 7.6081 26.3168 -7.7969]
-0.06	 -0.21	-0.05	0.09	251_K	[ 6.67481081 24.44675676 -8.56672973]
0.06	 0.32	-0.01	-0.13	251_K	[ 7.98663158 22.20921053 -7.24047368]
-0.12	 -0.27	-0.06	0.07	251_K	[10.6965     22.13922727 -5.24831818]
-0.2	 -1.14	0.13	0.31	251_K	[10.11690698 20.20604651 -5.982     ]
-0.19	 -1.0	0.04	0.23	251_K	[ 7.70948485 19.15606061 -6.24421212]
-0.04	 -0.52	-0.12	-0.02	251_K	[ 7.96768182 18.93577273 -3.60990909]
0.22	 1.37	0.38	-0.61	252_Y	[ 3.12231579 29.454      -5.73115789]
0.15	 1.33	0.09	-0.35	252_Y	[ 4.39309091 23.18145455 -7.96963636]
0.01	 0.26	-0.04	-0.07	252_Y	[ 3.85053659 21.02236585 -7.25517073]
-0.06	 0.29	0.04	-0.06	252_Y	[ 4.5899697  18.72618182 -4.86378788]
0.17	 1.4	0.31	-0.53	253_N	[ 6.85441176 27.86482353 -7.52852941]
0.16	 1.12	0.05	-0.35	253_N	[ 4.33642857 30.62064286 -5.80671429]
0.07	 0.52	0.26	-0.56	253_N	[ 5.628      30.71371429 -8.08909524]
-0.19	 -0.45	-0.13	0.14	253_N	[ 7.07540741 29.91192593 -8.98744444]
0.08	 0.8	-0.14	-0.22	253_N	[ 8.1294902  30.27756863 -5.0585098 ]
0.05	 0.38	-0.02	-0.63	253_N	[ 6.79148649 32.44932432 -6.0062973 ]
0.03	 0.38	-0.16	-0.05	253_N	[ 5.00992105 33.10934211 -5.51918421]
-0.28	 -0.95	0.06	0.39	253_N	[ 7.72741176 32.82166667 -7.58541176]
0.12	 0.81	-0.13	-0.19	254_E	[ 3.83292308 30.97815385 -7.16046154]
-0.04	 -0.16	-0.31	0.51	254_E	[ 4.81036364 31.31072727 -9.68604545]
-0.04	 -0.23	0.27	-0.5	254_E	[ 3.30735 31.7035  -8.1528 ]
0.05	 0.86	-0.1	-0.14	254_E	[ 1.55658974 30.93564103 -7.22879487]
0.02	 -0.33	0.04	-0.09	254_E	[  3.34693333  29.2786     -11.78793333]
-0.03	 0.09	-0.01	-0.12	254_E	[ 6.42210714 28.06653571 -9.93160714]
-0.08	 0.0	-0.2	0.08	254_E	[  5.36071875  27.33503125 -11.93446875]
-0.03	 -0.04	-0.08	-0.01	254_E	[  4.00352632  25.65576316 -12.1315    ]
-0.28	 -1.16	0.21	0.48	254_E	[  6.69468293  27.78497561 -12.87909756]
-0.13	 -0.3	-0.08	0.09	255_K	[  2.96940909  31.706      -10.862     ]
-0.1	 -0.18	5.55	0.34	255_K	[ 0.47565385 32.58342308 -8.90088462]
0.04	 0.56	-0.08	-0.06	255_K	[ -1.16185714  30.86614286 -11.84385714]
-0.01	 0.17	-0.11	0.0	255_K	[-2.50480435 31.15386957 -9.43156522]
-0.23	 -1.13	0.1	0.35	255_K	[  0.48036111  33.24380556 -11.84018056]
0.03	 0.98	-0.04	-0.12	256_K	[  0.76246667  29.942      -12.1074    ]
-0.05	 -0.42	-0.02	0.03	256_K	[ -2.060625    28.92554167 -11.56158333]
0.22	 0.79	0.1	-0.36	256_K	[ -3.30075     26.91929167 -10.847125  ]
-0.06	 -0.28	-0.03	0.03	256_K	[  0.778625    27.79990625 -12.90034375]
-0.03	 -0.0	-0.0	-0.12	256_K	[ -2.17457895  25.78673684 -12.23205263]
-0.14	 -0.68	0.04	0.17	256_K	[  0.07948571  25.54505714 -13.86282857]
-0.17	 -0.52	-0.06	0.17	256_K	[ -0.2057619   22.80128571 -13.12928571]
-0.23	 -0.81	0.09	0.28	256_K	[  2.11655102  23.05591837 -13.1204898 ]
0.16	 1.34	0.29	-0.55	257_F	[-0.19168421 31.15173684 -6.61852632]
0.16	 1.08	0.01	-0.24	257_F	[ 4.2401875 24.558625  -9.4635   ]
0.06	 0.5	-0.01	-0.17	257_F	[ 2.4416     22.84313333 -9.85966667]
0.13	 0.79	-0.06	-0.21	258_I	[-4.93285 29.8827  -3.03205]
0.06	 0.47	-0.17	-0.11	258_I	[-4.54310638 31.41195745 -5.97397872]
0.06	 0.27	0.07	-0.19	258_I	[-6.83322449 28.81428571 -3.72022449]
0.23	 1.36	0.42	-0.64	259_F	[-4.67418182 27.80036364 -0.97409091]
0.09	 0.85	-0.09	-0.17	259_F	[-4.88276 29.02028 -0.36576]
0.21	 1.46	0.34	-0.58	259_F	[ 1.96529412 30.00205882 -4.79429412]
0.19	 1.24	0.32	-0.57	260_T	[-6.20903448 27.76772414 -0.20355172]
0.17	 1.19	0.13	-0.4	261_R	[ 1.37509677 30.40609677  9.23141935]
0.07	 0.73	-0.07	-0.17	261_R	[-1.18965714 29.68922857 11.38085714]
-0.0	 0.4	-0.14	-0.07	261_R	[ 2.14643137 29.08307843 11.29964706]
0.23	 1.14	0.14	-0.42	262_I	[-7.5383125  22.96021875  9.429625  ]
0.23	 1.34	0.34	-0.58	263_F	[-4.373375  26.8044375 15.1965   ]
0.19	 1.37	0.35	-0.59	263_F	[-2.41928571 28.38992857 12.25592857]
0.11	 1.93	0.12	-0.4	263_F	[-0.0505   28.489125 13.036375]
0.08	 1.26	0.36	-0.6	263_F	[ 0.610625 28.273375 13.416875]
-0.04	 0.1	-0.08	-0.03	263_F	[-1.98669048 28.42535714 14.50964286]
-0.01	 0.2	-0.01	-0.12	263_F	[ 2.30324138 27.35489655 14.06924138]
-0.12	 -0.86	0.02	0.17	263_F	[-0.84391892 28.27962162 16.59202703]
-0.07	 -0.27	-0.04	-0.0	263_F	[ 1.69417647 27.91791176 16.67652941]
0.13	 1.28	0.06	-0.32	264_T	[-3.288875 25.939625 16.681875]
0.2	 1.7	0.12	-0.36	264_T	[-4.2528 25.6274 18.1128]
0.17	 1.97	0.11	-0.34	265_K	[-2.3346     25.7278     18.29306667]
0.14	 0.92	0.01	-0.27	265_K	[-0.56158333 24.56491667 21.90391667]
0.05	 0.14	-0.06	-0.14	265_K	[-2.18823529 25.12682353 21.59435294]
0.02	 0.19	-0.13	0.02	265_K	[-1.17675 26.4804  19.51165]
0.21	 1.5	0.28	-0.53	265_K	[ 0.59458333 25.16358333 21.91375   ]
-0.09	 -0.42	-0.06	0.08	265_K	[ 0.73284 27.2549  20.9485 ]
0.21	 1.08	0.23	-0.46	265_K	[ 2.79369231 27.576      18.98546154]
-0.01	 0.31	-0.06	-0.04	265_K	[ 2.5626129  28.73687097 22.0643871 ]
0.13	 1.2	0.16	-0.43	266_V	[-1.66834615 23.39857692 23.18115385]
0.12	 0.8	0.04	-0.26	266_V	[-2.6319403  19.81955224 23.84310448]
0.13	 1.09	-0.0	-0.22	266_V	[-3.94338462 19.8755     21.1965    ]
-0.03	 0.37	-0.3	0.03	267_Q	[-1.04146667 23.13886667 24.69006667]
0.12	 0.55	0.04	-0.23	267_Q	[-1.76972222 21.05827778 27.29388889]
0.09	 -0.55	-0.06	-0.11	267_Q	[-0.1865     23.47683333 27.50666667]
0.02	 0.16	0.04	-0.15	267_Q	[ 0.48936364 25.14463636 24.50187879]
-0.17	 -0.76	-0.03	0.24	267_Q	[ 0.77038462 26.86776923 26.25415385]
-0.04	 0.03	0.07	-0.0	267_Q	[ 1.026125   26.00471875 28.3115625 ]
-0.03	 -0.12	0.08	-0.05	267_Q	[ 2.1917037  27.40785185 25.54796296]
0.17	 1.05	0.1	-0.38	268_T	[ 0.35078947 16.46013158 25.30378947]
0.05	 0.47	-0.14	-0.08	270_H	[ 6.777  23.9265 33.9369]
0.11	 0.98	0.06	-0.23	270_H	[ 6.12225   22.626     34.7258125]
-0.06	 -0.08	0.03	0.08	270_H	[ 5.39647826 25.21706522 32.83241304]
-0.11	 0.47	-0.07	0.13	270_H	[ 4.00228571 26.37342857 31.93114286]
-0.06	 -0.27	0.04	-0.01	270_H	[ 2.24868 24.907   33.6462 ]
-0.01	 0.46	-0.05	-0.1	270_H	[ 3.7823125 26.48875   29.94275  ]
-0.17	 -0.58	0.03	0.2	270_H	[ 0.70031579 26.05710526 31.41963158]
-0.03	 0.94	-0.22	0.03	270_H	[ 1.91375  26.70025  29.695125]
0.09	 0.43	0.25	-0.24	271_F	[ 7.67414286 24.74528571 33.078     ]
0.14	 1.3	0.05	-0.31	271_F	[ 8.312875  23.1335625 34.8583125]
0.03	 0.45	-0.1	-0.19	271_F	[ 8.68175 24.6997  34.1373 ]
0.08	 0.21	0.07	-0.07	271_F	[ 9.28213636 25.81363636 33.17645455]
0.26	 1.04	-0.04	-0.25	272_K	[ 9.74018182 25.44509091 36.23227273]
-0.01	 0.34	-0.0	-0.13	272_K	[13.1616087  27.59613043 36.47569565]
-0.13	 -0.61	-0.09	0.21	272_K	[10.47244828 27.85444828 37.13768966]
0.11	 1.48	0.15	-0.52	273_M	[16.7822 25.6322 35.3184]
0.14	 1.18	-0.01	-0.2	273_M	[15.73433333 26.472375   36.36270833]
0.15	 1.08	0.1	-0.33	273_M	[17.08873913 25.71930435 34.05986957]
0.17	 1.65	0.21	-0.46	274_R	[16.5246     24.36933333 39.55906667]
0.14	 1.48	0.18	-0.44	274_R	[17.7672 26.4162 36.7911]
0.09	 -0.31	-0.02	-0.16	274_R	[18.9444  25.96972 35.72688]
0.09	 0.31	-0.07	-0.2	274_R	[17.60094118 22.29988235 39.82611765]
0.15	 0.99	0.05	-0.28	274_R	[19.62371429 23.07692857 40.96135714]
-0.08	 -0.33	-0.16	0.05	274_R	[18.33961538 21.53869231 41.537     ]
-0.14	 -0.16	-0.16	0.12	274_R	[18.476875   18.89429167 41.78716667]
-0.18	 -0.79	0.1	0.3	274_R	[19.87590741 21.20418519 43.36524074]
0.09	 0.94	0.02	-0.18	275_K	[17.78336842 25.48289474 39.72231579]
0.02	 0.45	0.01	-0.13	275_K	[19.80654167 27.67425    37.23491667]
0.15	 0.89	0.15	-0.44	275_K	[21.20004762 29.11809524 38.4692381 ]
-0.16	 -0.56	-0.08	0.16	275_K	[18.97548718 28.56053846 40.11251282]
-0.17	 -0.67	-0.01	0.24	275_K	[16.53125373 28.47068657 38.88489552]
0.09	 0.34	0.13	-0.36	276_D	[20.04292857 25.12978571 40.39914286]
0.16	 1.31	0.05	-0.34	276_D	[22.66433333 24.51733333 42.47944444]
0.1	 0.31	-0.05	-0.16	276_D	[21.3795     23.65233333 41.79688889]
-0.11	 -0.74	-0.01	0.1	276_D	[22.34902632 26.51431579 42.31457895]
-0.22	 -1.08	-0.03	0.24	276_D	[23.34542857 28.87514286 42.43892857]
-0.05	 -0.11	-0.02	0.01	276_D	[24.20507407 28.97048148 40.76251852]
-0.21	 -0.67	0.04	0.25	276_D	[21.29785714 29.33259524 41.76414286]
0.21	 0.82	0.14	-0.36	277_D	[25.24355556 25.1975     40.95972222]
0.19	 1.51	0.21	-0.45	277_D	[24.88865 19.5539  39.6175 ]
-0.02	 0.23	-0.2	-0.0	277_D	[24.03196552 21.45241379 42.7532069 ]
-0.06	 -0.52	-0.02	0.09	277_D	[25.92703846 23.01842308 43.47007692]
-0.18	 -0.58	0.02	0.17	277_D	[27.4384   22.659675 43.1523  ]
-0.18	 -0.62	0.07	0.26	277_D	[24.51688 24.11694 44.067  ]
0.25	 1.58	0.18	-0.44	278_I	[27.41685714 20.67757143 36.288     ]
0.17	 1.09	0.1	-0.35	278_I	[21.57733333 26.49672222 35.09383333]
0.2	 1.18	0.42	-0.63	279_M	[27.2345  18.776   36.25575]
0.19	 1.7	0.21	-0.48	279_M	[25.38431579 18.22373684 38.16694737]
0.15	 1.36	0.05	-0.35	279_M	[25.9456 14.3328 35.3829]
-0.02	 0.15	1.5	0.07	279_M	[27.98767692 15.96795385 36.02824615]
-0.13	 -0.6	-0.06	0.16	279_M	[27.62706452 15.82282258 39.00559677]
0.18	 1.16	0.16	-0.39	280_L	[27.60415385 19.39342308 34.69911538]
0.19	 1.92	0.11	-0.36	280_L	[27.19227273 15.53213636 32.88631818]
0.21	 1.85	0.23	-0.48	280_L	[28.45792857 20.98442857 33.9245    ]
0.17	 1.58	0.05	-0.3	281_D	[25.7246875 14.837125  29.6705   ]
0.08	 0.95	-0.01	-0.13	281_D	[24.53258333 15.64791667 28.26308333]
-0.04	 0.06	-0.17	0.03	281_D	[25.5925 15.2778 26.1563]
-0.13	 -0.42	0.04	0.16	281_D	[26.93808 14.24336 26.93112]
0.05	 0.28	0.02	-0.13	281_D	[26.95486957 16.58434783 24.69065217]
0.06	 0.51	-0.27	-0.02	282_E	[27.51971875 14.18884375 30.71140625]
0.15	 1.52	0.02	-0.28	282_E	[30.48853846 14.53653846 30.88523077]
0.04	 0.28	-0.12	-0.05	282_E	[31.064875 13.476875 27.785875]
0.03	 0.38	-0.11	-0.06	282_E	[32.2916087  14.63330435 28.60508696]
-0.24	 -1.23	0.07	0.45	282_E	[29.73932813 12.38107812 29.90804688]
-0.03	 0.82	-0.14	0.01	283_G	[29.62044444 13.50844444 27.00844444]
-0.11	 -0.59	0.03	0.15	283_G	[30.289      15.04086667 25.19555556]
0.19	 0.67	0.05	-0.26	283_G	[32.4065625 16.7391875 24.8919375]
0.14	 0.56	0.05	-0.27	285_L	[34.53174194 19.79516129 30.86706452]
0.06	 0.18	-0.14	-0.06	285_L	[32.91851724 16.94906897 31.60224138]
-0.12	 -0.22	-0.21	0.12	285_L	[30.43657971 16.07336232 33.50818841]
0.13	 0.75	-0.0	-0.25	285_L	[31.21797872 19.19331915 33.53168085]
0.19	 1.42	0.21	-0.46	286_Q	[33.85285714 16.46114286 29.61421429]
0.14	 1.67	0.13	-0.38	286_Q	[35.06555556 16.05022222 29.25155556]
-0.05	 -0.05	-0.15	0.01	286_Q	[33.9966     15.26657143 26.81382857]
-0.12	 -0.72	0.03	0.16	286_Q	[35.9900303  14.81178788 25.52942424]
-0.13	 -0.47	0.02	0.05	286_Q	[37.7445     13.8875     26.76958333]
-0.17	 -0.44	0.08	0.2	286_Q	[36.62965789 14.17394737 29.11731579]
-0.11	 -0.17	-0.0	0.09	286_Q	[39.27704651 15.75018605 27.90716279]
0.19	 1.22	0.24	-0.49	287_S	[35.12235714 17.64721429 24.9385    ]
0.14	 1.29	0.1	-0.32	287_S	[35.692   19.93325 23.74375]
0.19	 0.96	0.09	-0.3	287_S	[36.14804 22.18176 24.30808]
0.04	 0.77	-0.01	-0.09	287_S	[33.50344444 21.05916667 22.96561111]
-0.13	 0.05	-0.08	0.08	287_S	[33.50561111 18.58802778 23.17302778]
0.14	 1.74	0.06	-0.36	288_L	[36.64   22.8271 30.23  ]
0.08	 2.21	0.15	-0.43	288_L	[34.603125 21.78425  30.59075 ]
0.11	 1.24	0.02	-0.25	288_L	[35.43195833 23.56333333 30.94129167]
0.13	 0.6	0.07	-0.24	288_L	[33.738625   22.37133333 31.96579167]
0.14	 0.99	-0.03	-0.24	289_M	[35.78881818 21.31681818 30.323     ]
0.0	 0.08	-0.04	-0.1	289_M	[37.3271 21.6362 30.6661]
0.14	 0.79	-0.02	-0.19	289_M	[40.00618182 19.66463636 28.30890909]
-0.13	 -0.38	0.0	0.1	289_M	[40.74831034 21.88241379 29.20313793]
0.16	 1.96	0.11	-0.37	289_M	[38.21504348 18.86365217 29.64369565]
-0.14	 -0.63	-0.02	0.17	289_M	[39.31521569 19.63211765 31.39390196]
-0.22	 -1.0	0.07	0.31	289_M	[39.4762549  16.60101961 31.77519608]
-0.16	 -0.79	-0.0	0.19	289_M	[36.18888136 16.65966102 31.97730508]
-0.03	 0.1	-0.12	-0.02	290_E	[40.91255556 20.40255556 26.50555556]
0.16	 1.29	0.11	-0.35	290_E	[39.44044828 22.61503448 24.69375862]
-0.05	 -0.23	0.02	0.02	290_E	[41.20129412 22.74194118 24.09061765]
-0.15	 -0.05	-0.16	0.04	290_E	[39.02951852 20.25096296 23.64474074]
-0.1	 -0.45	0.05	0.1	290_E	[40.40539474 18.20378947 25.68986842]
-0.2	 -0.96	-0.01	0.23	290_E	[39.63807692 17.36546154 23.154     ]
-0.16	 -0.58	-0.03	0.19	290_E	[37.11921053 18.00031579 23.15518421]
-0.2	 -0.7	0.06	0.26	290_E	[39.08817241 15.55837931 24.46962069]
0.12	 1.13	-0.05	-0.24	291_L	[41.6234 24.1543 26.008 ]
0.04	 0.33	0.02	-0.15	291_L	[41.39405 24.74265 27.9983 ]
0.2	 1.03	0.07	-0.29	291_L	[36.71762069 24.38231034 23.06010345]
-0.02	 0.12	-0.08	-0.02	292_P	[42.93917857 25.75089286 26.26107143]
-0.05	 -0.0	-0.04	-0.04	292_P	[43.46996429 26.38846429 23.89114286]
0.1	 0.46	0.04	-0.21	292_P	[42.69205 27.71895 22.3451 ]
0.14	 0.92	0.04	-0.26	292_P	[41.45916667 25.21258333 22.88766667]
0.14	 0.53	-0.03	-0.25	293_D	[43.734      27.03136364 27.59227273]
0.18	 1.75	0.21	-0.46	293_D	[40.84918182 29.85586364 29.61418182]
0.08	 0.5	-0.13	-0.07	293_D	[44.0866 31.2791 28.6732]
0.02	 0.23	-0.14	0.06	293_D	[41.788625   32.44478125 28.70759375]
-0.19	 -0.44	-0.24	0.24	293_D	[43.60592857 29.68080952 30.28597619]
-0.08	 -0.15	-0.06	0.04	293_D	[43.04985294 27.24197059 30.29929412]
-0.05	 0.09	-0.1	-0.02	293_D	[41.35479412 26.9725     30.53935294]
-0.3	 -1.14	0.19	0.46	293_D	[44.59185366 26.98121951 31.19009756]
0.08	 1.55	-0.08	-0.09	294_Q	[44.89028571 30.616      27.96728571]
-0.1	 -0.32	-0.09	0.11	294_Q	[44.32657895 32.74515789 26.67636842]
0.12	 1.36	0.27	-0.52	294_Q	[43.8854 33.0594 23.9474]
-0.15	 -1.01	0.06	0.23	294_Q	[45.95913333 31.99162222 25.27886667]
-0.11	 -0.23	-0.06	0.05	294_Q	[45.45641667 29.86808333 23.16094444]
-0.12	 -0.5	-0.06	0.13	294_Q	[47.27138462 29.29215385 25.45884615]
-0.09	 -0.27	-0.05	0.1	294_Q	[45.64097059 28.18541176 27.24173529]
-0.23	 -0.87	0.13	0.33	294_Q	[46.47909615 27.21828846 24.22036538]
-0.01	 0.17	-0.05	-0.07	295_Y	[42.49991304 33.83382609 25.44721739]
-0.06	 -0.21	-0.03	0.1	295_Y	[43.31755 33.08765 21.8393 ]
-0.03	 -0.65	-0.0	-0.03	295_Y	[41.47647619 35.60133333 24.36128571]
0.0	 -0.74	-0.02	-0.09	295_Y	[40.9975     35.64654167 21.27429167]
-0.05	 0.26	-0.11	0.03	295_Y	[38.63096875 36.45       19.8178125 ]
0.14	 0.84	0.06	-0.29	295_Y	[35.89282609 36.94547826 20.23965217]
0.22	 0.33	-0.03	-0.21	296_N	[41.60130769 32.88661538 19.68784615]
0.08	 0.62	-0.05	-0.16	296_N	[42.89926316 29.65978947 21.06010526]
0.01	 -0.09	-0.12	-0.09	296_N	[41.91411111 29.68561111 18.25355556]
-0.04	 0.16	-0.05	-0.03	296_N	[40.83448 28.82976 17.29724]
-0.24	 -0.99	0.09	0.4	296_N	[43.27682456 30.73033333 18.06926316]
0.05	 0.71	0.0	-0.14	297_Y	[40.13552174 32.79265217 18.2836087 ]
0.03	 0.04	-0.04	-0.03	297_Y	[38.02545  34.614725 16.92605 ]
-0.12	 -0.62	-0.04	0.14	297_Y	[36.802      33.28930769 14.70257692]
-0.15	 -0.55	0.04	0.14	297_Y	[34.62705714 32.73094286 14.19431429]
0.12	 1.66	0.17	-0.43	297_Y	[33.234875 34.95375  14.819375]
0.01	 -0.02	0.0	-0.05	297_Y	[31.97888235 33.5975     14.85261765]
-0.01	 0.14	-0.03	-0.05	298_G	[39.25153333 31.17026667 16.31426667]
-0.15	 -0.64	0.03	0.19	298_G	[37.98131707 29.44734146 15.27456098]
-0.05	 0.32	-0.12	0.01	298_G	[38.60194737 27.11747368 16.75752632]
-0.03	 -0.31	-0.01	-0.05	298_G	[36.12108 26.91088 16.16716]
0.12	 1.5	0.12	-0.39	299_M	[39.471125 27.248125 17.54    ]
0.18	 1.55	0.19	-0.45	299_M	[37.87091667 25.79175    17.8255    ]
0.24	 0.93	0.13	-0.35	299_M	[35.90345 25.07165 20.4286 ]
-0.03	 0.18	-0.01	-0.11	299_M	[41.61334375 26.44440625 19.9479375 ]
-0.19	 -1.01	0.04	0.27	299_M	[40.29552727 24.51267273 18.29103636]
-0.17	 -0.15	-0.12	0.16	299_M	[39.37908197 23.3127377  20.88983607]
0.13	 1.53	0.35	-0.59	301_A	[32.7565     27.65133333 15.81366667]
0.05	 0.32	-0.05	-0.11	301_A	[33.26731111 29.71284444 15.38013333]
0.12	 1.77	0.15	-0.37	302_K	[33.3973 27.2161 15.9606]
0.14	 0.4	0.02	-0.23	302_K	[33.434      25.77161538 15.79384615]
-0.05	 -0.31	-0.07	-0.03	302_K	[35.90019048 24.7672381  16.7097619 ]
-0.08	 -0.15	-0.08	0.06	302_K	[35.15824324 23.19916216 18.3742973 ]
-0.1	 -0.51	-0.02	0.11	302_K	[33.23755172 23.23941379 15.15834483]
-0.21	 -0.99	0.06	0.3	302_K	[34.91189362 20.89231915 16.14759574]
-0.21	 -0.94	0.1	0.28	302_K	[32.3442     20.14855556 15.51822222]
0.16	 1.31	0.16	-0.43	303_F	[34.02911111 24.44922222 20.22188889]
0.13	 0.86	0.03	-0.25	303_F	[32.63094444 23.34461111 20.87261111]
0.15	 1.68	0.06	-0.29	303_F	[34.14783333 24.56483333 22.06725   ]
0.15	 1.13	0.07	-0.32	303_F	[33.49627273 23.11095455 23.20554545]
0.3	 1.1	0.36	-0.57	304_I	[25.93314286 25.65214286 18.58866667]
0.15	 1.96	0.05	-0.32	305_N	[26.826  25.5714 16.1593]
0.14	 1.86	0.12	-0.38	305_N	[28.6466 22.8538 16.3918]
-0.15	 -0.1	-0.04	0.13	305_N	[26.3844878  23.41939024 17.19234146]
-0.06	 -0.21	-0.01	0.0	305_N	[29.353     24.1393125 15.2838125]
-0.17	 -0.76	-0.02	0.24	305_N	[28.79263636 26.07390909 13.66872727]
-0.04	 -0.2	0.07	0.02	305_N	[27.59868 27.1008  14.434  ]
-0.12	 -0.32	0.04	0.16	305_N	[31.0021087  27.18280435 14.0898913 ]
0.18	 1.38	-0.01	-0.29	306_D	[27.69542857 21.16       17.98535714]
0.17	 1.44	0.11	-0.35	306_D	[26.07411111 21.14611111 18.93472222]
0.11	 -0.04	-0.01	-0.22	306_D	[30.55840909 19.52727273 18.99863636]
-0.06	 0.15	-0.18	0.04	306_D	[29.66393939 20.85327273 16.81169697]
-0.02	 0.05	-0.14	0.02	306_D	[32.37647619 20.73478571 19.75104762]
0.17	 1.57	0.2	-0.46	307_Y	[28.22105882 17.96394118 23.52411765]
0.18	 1.63	0.28	-0.53	307_Y	[31.77311111 21.57094444 22.03294444]
0.02	 0.44	-0.03	-0.13	307_Y	[30.53091176 18.30347059 22.52782353]
0.17	 1.68	0.21	-0.47	308_G	[24.37464706 25.86852941 19.23235294]
0.18	 1.79	0.1	-0.37	310_H	[21.20016667 35.12591667 21.74825   ]
0.09	 0.69	0.07	-0.32	310_H	[21.78981818 34.8580303  23.78160606]
0.2	 1.5	0.09	-0.34	311_Y	[20.764125 27.382625 32.905   ]
0.22	 0.61	0.17	-0.37	311_Y	[21.69478261 29.32926087 33.50991304]
0.11	 0.91	-0.04	-0.27	313_T	[16.944    27.229    33.136375]
0.12	 1.64	-0.06	-0.28	313_T	[14.17971429 28.58942857 33.08014286]
0.11	 0.69	0.03	-0.28	313_T	[14.91888 27.27884 33.97652]
-0.09	 -0.16	0.06	0.07	313_T	[15.72582143 29.47657143 33.07653571]
0.16	 1.02	0.02	-0.29	313_T	[14.52872222 30.62438889 32.01833333]
0.03	 -0.18	0.05	-0.1	313_T	[18.19882353 29.42305882 32.96358824]
0.14	 1.65	0.14	-0.42	314_S	[10.80957143 28.72357143 29.85714286]
0.03	 0.38	-0.13	-0.06	314_S	[11.30394444 28.11080556 33.38652778]
-0.03	 0.1	-0.07	-0.04	314_S	[11.09379545 29.32822727 31.95795455]
0.06	 0.68	-0.06	-0.16	315_G	[ 9.27758333 27.03258333 30.78633333]
0.04	 0.35	0.01	-0.11	315_G	[ 9.2514     27.707      28.69543333]
0.02	 0.26	0.01	-0.18	315_G	[ 7.59133333 26.67133333 28.86426667]
0.16	 0.77	0.1	-0.29	315_G	[ 7.30177778 25.6225     31.05833333]
0.03	 0.34	0.05	-0.12	316_S	[ 5.32271875 26.8311875  28.3979375 ]
0.2	 1.63	0.15	-0.42	320_I	[ 4.07126667 23.8142     13.92153333]
0.08	 0.54	0.03	-0.23	320_I	[ 4.8964  25.68355 15.7484 ]
0.07	 0.15	-0.1	-0.11	322_E	[ 3.87434286 25.57697143 11.8234    ]
0.18	 2.01	-0.11	-0.14	323_Y	[ 1.01848387 15.69064516  6.87996774]
0.13	 0.56	0.08	-0.28	323_Y	[ 0.95824 14.94264  9.51996]
0.11	 1.92	-0.06	-0.26	328_D	[ -3.96042857  21.16457143 -10.22871429]
0.02	 0.48	-0.02	-0.2	328_D	[ -3.48807143  22.74364286 -11.847     ]
0.03	 0.37	-0.17	-0.05	328_D	[ -4.25958824  24.10570588 -12.65758824]
-0.06	 0.17	-0.06	0.05	328_D	[ -2.10625714  22.35577143 -12.09334286]
0.13	 0.75	-0.01	-0.23	329_K	[ -4.62186957  28.88452174 -10.17252174]
0.09	 0.49	-0.01	-0.19	329_K	[ -7.1800625  29.4735    -10.792125 ]
-0.05	 0.16	-0.03	-0.0	329_K	[-5.46448387 31.15174194 -9.58441935]
-0.08	 -0.19	0.13	0.27	329_K	[-7.80509804 31.72723529 -7.81311765]
-0.32	 -1.07	0.33	0.62	329_K	[-7.18644068 33.51122034 -9.43257627]
0.1	 0.56	-0.17	-0.11	330_A	[ -5.5716      27.49206667 -11.58513333]
0.05	 0.44	-0.09	-0.15	330_A	[ -8.00624138  27.68917241 -12.70982759]
0.09	 0.81	-0.12	-0.13	330_A	[ -8.17393333  24.09393333 -13.94066667]
-0.01	 -0.69	-0.14	-0.05	330_A	[ -9.65527273  25.37454545 -13.76204545]
-0.22	 -1.09	0.14	0.35	330_A	[ -5.72551613  26.19874194 -13.96896774]
0.14	 1.03	0.06	-0.32	331_K	[ -6.41476923  23.40015385 -13.05523077]
0.04	 0.53	-0.03	-0.11	331_K	[ -8.24       22.1430625 -13.3171875]
0.03	 0.26	-0.09	-0.17	331_K	[ -5.57197059  21.14476471 -11.19847059]
-0.11	 -0.39	2.36	0.32	331_K	[ -7.48782432  19.27463514 -11.69139189]
0.04	 0.03	0.01	-0.1	332_M	[-10.33708696  28.39782609  -6.25973913]
0.13	 0.47	0.05	-0.23	333_E	[-13.61315789  26.05552632  -9.60715789]
-0.11	 -0.71	-0.08	0.09	333_E	[-13.835375  25.83125  -12.4     ]
-0.1	 -0.42	-0.07	0.12	333_E	[-15.100875    25.04808333 -11.37391667]
-0.13	 -0.55	-0.0	0.13	333_E	[-12.47424  27.25508 -12.39652]
-0.07	 -0.3	-0.01	0.09	333_E	[-12.23054167  28.40570833  -9.53058333]
-0.02	 -0.04	0.01	-0.05	333_E	[-10.59017391  29.84804348 -11.51543478]
-0.22	 -0.69	0.09	0.3	333_E	[-10.45639024  29.27092683 -13.03939024]
-0.06	 0.01	-0.03	-0.0	333_E	[-9.82285  30.641125 -9.969875]
0.17	 0.69	-0.09	-0.13	334_S	[-12.104   25.2353 -13.5797]
-0.06	 -0.41	-0.13	0.03	334_S	[-13.74643478  23.634      -14.17708696]
0.21	 1.78	-0.06	-0.23	334_S	[-13.32285714  20.62142857 -13.31714286]
-0.17	 -0.54	0.08	0.25	334_S	[-15.24557895  21.55036842 -13.02242105]
-0.13	 -0.36	-0.09	0.11	334_S	[-11.228       21.14261765 -13.90611765]
-0.24	 -0.75	0.15	0.33	334_S	[-10.898       23.34430233 -15.40725581]
0.2	 1.2	-0.1	-0.16	335_L	[-14.7923  19.608  -11.3325]
0.02	 0.54	0.04	-0.15	335_L	[-16.13066667  20.48255556 -10.63877778]
-0.11	 -0.41	-0.01	0.07	335_L	[-16.7654   20.16975  -8.89575]
0.19	 1.35	0.38	-0.61	335_L	[ -9.69971429  18.235      -10.08364286]
-0.09	 -0.18	-0.02	0.06	335_L	[-12.04517143  17.92157143 -11.30052857]
-0.09	 -0.4	0.05	0.08	336_G	[-16.87545098  23.86272549  -9.56609804]
0.08	 0.66	-0.01	-0.19	336_G	[-16.59377273  24.01740909  -7.48004545]
-0.2	 -0.69	0.0	0.35	336_G	[-17.73280952  23.79940476  -6.50392857]
0.15	 1.33	-0.08	-0.24	337_I	[-15.45314286  25.82957143  -6.19742857]
0.07	 -0.08	-0.01	-0.13	337_I	[-13.80386207  26.27148276  -7.01203448]
0.01	 0.24	-0.0	-0.09	337_I	[-16.15419565  20.66834783  -5.09536957]
0.13	 0.84	-0.06	-0.27	338_T	[-12.84507692  27.43830769  -4.79861538]
-0.1	 -0.24	-0.13	0.12	338_T	[-13.54073913  28.35530435  -2.04208696]
0.01	 0.39	-0.06	-0.07	338_T	[-15.19363158  27.02073684  -0.78947368]
-0.18	 -0.83	0.09	0.23	338_T	[-15.84677465  27.72319718  -4.0045493 ]
0.17	 0.99	0.14	-0.36	339_S	[-11.69813636  27.98440909  -2.19168182]
0.05	 0.39	-0.09	-0.16	339_S	[-8.17471795 28.45607692 -1.63817949]
-0.09	 -0.11	-0.16	0.06	339_S	[-9.483      29.67180769 -0.67638462]
0.16	 1.5	0.2	-0.46	340_R	[-11.78675     25.96758333   3.32891667]
0.12	 0.55	-0.01	-0.23	340_R	[-14.37385714  24.599        2.35835714]
0.2	 1.23	0.17	-0.42	340_R	[-12.4202      24.80586667   3.7568    ]
-0.11	 -0.3	-0.27	0.2	340_R	[-14.03386842  26.69473684   2.50131579]
0.05	 0.41	-0.1	-0.1	340_R	[-13.68136364  28.61509091   0.57472727]
-0.18	 -0.71	0.04	0.23	340_R	[-13.88834043  29.17621277   3.75580851]
-0.17	 -0.73	0.05	0.21	340_R	[-12.848    31.28735   4.3172 ]
-0.12	 -0.32	-0.04	0.14	340_R	[-13.27691667  32.05191667   2.05275   ]
-0.1	 -0.43	0.03	0.13	340_R	[-11.95663415  30.74358537   0.35065854]
-0.2	 -0.92	0.09	0.3	340_R	[-11.26843396  33.13103774   2.8514717 ]
0.17	 1.02	0.14	-0.4	341_D	[-14.932     25.175375   1.16175 ]
0.01	 0.06	-0.17	-0.02	341_D	[-14.92847368  22.73347368   1.45836842]
0.12	 1.79	0.17	-0.43	341_D	[-14.19881818  20.89509091  -0.24245455]
0.12	 0.99	0.01	-0.21	341_D	[-14.03733333  20.55641667   1.52279167]
0.04	 0.47	0.02	-0.18	341_D	[-15.39110526  21.65589474  -1.46221053]
-0.03	 0.06	0.04	-0.03	341_D	[-16.73977273  23.28886364  -1.87322727]
-0.19	 -0.73	0.06	0.29	341_D	[-16.81410638  24.52455319  -0.07361702]
-0.06	 -0.01	-0.06	0.02	341_D	[-16.93121429  24.3985      -3.34296429]
0.18	 1.38	0.05	-0.31	343_T	[-10.7293125  24.689       4.2811875]
0.14	 0.92	0.06	-0.3	343_T	[-9.84477143 24.1392      6.00425714]
0.11	 1.15	0.39	-0.63	344_T	[-11.53471429  23.16028571   5.28885714]
0.14	 2.03	0.3	-0.55	344_T	[-11.79033333  22.70673333   5.98113333]
0.08	 1.6	0.23	-0.51	344_T	[-14.17742857  18.93171429   4.65528571]
0.16	 1.07	0.06	-0.25	344_T	[-13.68316667  18.46377778   6.32405556]
0.01	 0.28	-0.12	-0.07	344_T	[-14.9215625  22.4168125   3.502375 ]
-0.12	 -0.82	-0.1	0.15	344_T	[-13.83122222  23.98466667   5.58486111]
-0.14	 -0.75	0.01	0.21	344_T	[-15.73757627  20.94684746   5.37732203]
0.15	 1.07	0.13	-0.39	345_C	[-13.98909091  19.665        2.95654545]
0.01	 -0.02	-0.1	-0.07	345_C	[-13.61377273  17.46531818   3.84913636]
0.1	 0.34	0.02	-0.23	345_C	[-11.64622222  15.1442963    4.16318519]
0.12	 1.76	-0.04	-0.13	345_C	[-14.13775     18.16875      1.15041667]
0.2	 1.57	0.11	-0.4	345_C	[-11.86315385  14.72923077   2.26384615]
-0.04	 -0.02	0.02	0.02	348_G	[-13.25231707  15.97104878   7.98365854]
-0.08	 -0.11	-0.02	0.05	348_G	[-12.45846154  14.10746154   6.71761538]
-0.11	 -0.37	0.02	0.17	348_G	[-12.02817241  13.28631034   9.12196552]
0.12	 1.42	-0.18	-0.06	349_S	[-11.6192  14.3776   5.5092]
-0.08	 -0.27	-0.06	0.06	349_S	[-10.56423333  12.4763       6.2374    ]
0.1	 1.18	0.23	-0.52	349_S	[-8.43469231 12.74876923  7.44938462]
-0.09	 -0.16	-0.25	0.17	349_S	[-8.1324  11.64744  8.35606]
0.15	 1.16	0.05	-0.33	349_S	[-8.69691429 12.66097143  5.39142857]
0.2	 1.45	0.2	-0.45	349_S	[-6.39604545 13.82040909  5.36159091]
0.13	 1.25	0.19	-0.47	350_L	[-8.59946154 12.29307692 10.98284615]
0.12	 1.15	0.04	-0.43	350_L	[-7.9738  13.5974  13.66456]
0.11	 0.95	0.04	-0.33	350_L	[-5.32781818 13.33484848  8.05318182]
0.11	 0.83	-0.07	-0.14	351_G	[-9.851   12.57275 10.39675]
-0.15	 -0.52	1.53	0.32	351_G	[-10.35226415  13.002       12.48496226]
0.07	 1.12	0.08	-0.29	351_G	[-11.39781818  14.91872727  12.36572727]
-0.13	 -0.29	-0.13	0.19	351_G	[-11.36591489  15.26459574  14.43095745]
0.15	 1.64	-0.03	-0.23	352_I	[-10.37        17.55146154  14.39030769]
0.12	 0.82	0.01	-0.24	352_I	[-13.19725   16.169125  12.538375]
0.06	 0.26	0.08	-0.17	352_I	[-13.71889474  17.05210526  10.78568421]
0.03	 0.32	-0.08	-0.13	352_I	[-10.37956897  20.84848276  12.82806897]
0.21	 1.44	0.2	-0.47	352_I	[-7.94776 20.90496 10.63172]
0.08	 -0.53	-0.05	-0.12	353_Q	[-12.5720625  18.2001875  14.607125 ]
-0.03	 0.11	-0.03	-0.02	353_Q	[-14.76555  17.00395  12.82895]
0.08	 0.79	-0.18	-0.1	353_Q	[-16.05683333  20.451       14.33758333]
-0.08	 -0.22	0.01	0.04	353_Q	[-13.77097143  21.10534286  13.74214286]
-0.27	 -1.29	0.08	0.42	353_Q	[-15.36598437  17.65140625  15.35217188]
-0.03	 -0.25	-0.04	-0.02	354_Y	[-16.42334783  18.88613043  12.15465217]
0.06	 0.52	-0.15	-0.09	354_Y	[-15.77591667  22.65708333  12.40075   ]
-0.19	 -1.03	0.03	0.27	354_Y	[-18.26271429  21.45179592  12.29873469]
-0.32	 -1.1	0.21	0.49	354_Y	[-17.76715   23.00035   13.491625]
-0.12	 -0.36	-0.13	0.13	354_Y	[-16.87596  21.22104   9.58098]
0.11	 0.41	-0.03	-0.12	354_Y	[-14.559    18.98225   8.74185]
-0.08	 -0.45	-0.0	0.12	354_Y	[-14.76617949  23.39205128   9.79707692]
-0.1	 0.05	-0.25	0.16	354_Y	[-12.390525  23.352075   9.570225]
0.13	 1.67	0.07	-0.35	354_Y	[-11.1228  22.175   10.381 ]
0.18	 0.96	2.0	-0.28	354_Y	[-10.16458065  22.50390323   8.84643548]
-0.2	 -0.78	0.05	0.3	367_D	[-18.75264  13.87724  -3.48144]
-0.13	 -0.33	-0.07	0.13	367_D	[-18.07922222  11.65311111  -5.15727778]
0.07	 0.47	-0.0	-0.18	367_D	[-15.64428571  12.84078571  -6.43671429]
-0.06	 -1.16	-0.13	-0.02	367_D	[-15.61590909  11.17545455  -5.10981818]
-0.2	 -0.79	0.05	0.27	367_D	[-18.54095714  13.55452857  -7.10981429]
0.14	 0.87	-0.01	-0.23	368_H	[-16.86326316  15.58468421  -4.94573684]
0.19	 1.35	0.34	-0.58	368_H	[-14.38766667  13.61911111  -6.61544444]
0.15	 1.76	0.06	-0.25	368_H	[-15.357       17.23083333  -4.66283333]
0.03	 0.53	-0.08	-0.12	368_H	[-13.62145714  14.77128571  -8.12397143]
-0.01	 -0.0	-0.08	0.02	368_H	[-16.77856667  17.52643333  -6.9266    ]
-0.21	 -0.7	-0.03	0.29	368_H	[-15.24523077  15.49779487 -10.01076923]
-0.05	 -0.03	0.01	0.06	368_H	[-16.38606452  17.51906452  -9.67632258]
0.17	 1.08	0.1	-0.32	369_C	[-15.897125   15.854125   -3.0056875]
0.1	 1.51	0.24	-0.5	369_C	[-14.266       12.665        0.44657143]
0.19	 1.07	0.12	-0.35	369_C	[-12.55910526  12.78742105   0.61805263]
-0.11	 -0.63	-0.06	0.19	369_C	[-16.08034286  15.92685714  -0.61062857]
-0.16	 -0.94	-0.02	0.23	369_C	[-14.74677778  14.90494444   1.97338889]
0.13	 0.77	0.07	-0.25	370_K	[-16.41042857  13.26242857  -1.17792857]
-0.04	 -0.3	-0.1	0.06	370_K	[-14.87084375  11.24921875   0.10921875]
0.02	 -0.02	-0.1	-0.04	370_K	[-14.34985714   9.25357143  -2.95      ]
-0.21	 -0.47	0.04	0.23	370_K	[-12.85096154   9.01638462  -1.06753846]
-0.2	 -0.97	0.07	0.31	370_K	[-16.9906      10.14853333  -1.7987    ]
0.14	 1.25	0.06	-0.31	371_K	[-14.779       10.22809091  -4.07236364]
-0.11	 -0.22	-0.06	0.13	371_K	[-12.61095   9.1693   -4.0957 ]
-0.02	 0.13	0.01	-0.03	371_K	[-9.88071053  9.733      -3.29921053]
-0.14	 -0.68	0.06	0.16	371_K	[-12.80667347  10.92610204  -6.35520408]
0.1	 1.74	0.15	-0.43	372_F	[-9.4106  9.9304 -0.9928]
0.17	 0.97	0.11	-0.35	372_F	[-7.92252174 10.14126087 -0.75117391]
-0.14	 -0.68	-0.03	0.17	373_G	[-10.88158696   9.81404348   1.07356522]
-0.03	 0.02	-0.07	-0.01	373_G	[-9.85221053 10.91021053  3.59073684]
0.06	 -0.17	0.02	-0.17	373_G	[-10.74054545  12.87286364   2.62077273]
-0.2	 -0.65	-0.04	0.2	374_G	[-7.99880952  9.35428571  2.12852381]
-0.11	 -0.24	-0.24	0.21	374_G	[-6.9344     10.64508889  4.15711111]
0.14	 1.6	-0.03	-0.25	374_G	[-4.96828571 10.02671429  2.693     ]
0.1	 1.12	-0.04	-0.21	374_G	[-4.40065217 12.13069565  3.78295652]
0.16	 1.38	0.15	-0.43	375_G	[-6.708125 10.069     0.5015  ]
0.11	 1.42	0.26	-0.51	375_G	[-3.3468 11.1882  1.8788]
0.05	 0.49	-0.0	-0.14	375_G	[-2.02747059 12.15873529  0.54173529]
0.16	 0.92	0.01	-0.26	376_K	[-5.67235294  9.37770588  0.249     ]
-0.15	 0.46	0.36	0.33	376_K	[-2.36841379  9.60155172  1.70475862]
0.11	 1.96	0.11	-0.41	376_K	[-1.964       7.06928571 -0.85942857]
-0.13	 -0.21	0.04	0.17	376_K	[-0.59053333  8.83282222 -0.86686667]
-0.34	 -0.74	0.07	0.32	376_K	[-3.78226316  7.52561842  1.34321053]
0.2	 1.55	0.19	-0.45	377_T	[-4.35441667  8.10216667 -1.75308333]
0.05	 0.49	-0.08	-0.07	377_T	[-0.84892857  8.43       -3.41257143]
0.07	 0.85	0.02	-0.16	377_T	[-2.4388      7.5604     -5.70213333]
0.05	 0.54	-0.06	-0.18	377_T	[-5.4235      7.70308333 -3.79004167]
-0.19	 -0.75	-0.07	0.24	377_T	[-2.7615082   5.83747541 -3.14829508]
0.03	 0.39	-0.01	-0.14	378_E	[-0.73428571  9.53035714 -5.33275   ]
0.17	 1.03	0.02	-0.25	378_E	[-2.44044444 11.92577778 -8.44188889]
-0.15	 -0.62	-0.01	0.14	378_E	[-0.22275    11.36867857 -8.07339286]
-0.14	 -0.38	0.03	0.12	378_E	[ 1.81       11.68964706 -5.94747059]
0.03	 0.25	0.07	-0.18	378_E	[ 1.56297297 13.643      -7.78921622]
-0.06	 -0.15	0.01	0.03	378_E	[ 1.76333333 15.35981481 -7.14151852]
-0.29	 -0.98	0.06	0.48	378_E	[ 2.313675 12.59295  -8.76585 ]
-0.02	 0.19	-0.07	-0.04	379_R	[-2.39168421  9.77852632 -7.67452632]
0.02	 0.26	-0.05	-0.04	379_R	[-4.54179167 10.94558333 -9.06233333]
0.16	 1.37	-0.13	-0.18	379_R	[-7.38642857 10.02414286 -6.878     ]
0.01	 0.35	-0.08	-0.03	379_R	[-7.42442857 11.619      -7.94367857]
-0.01	 0.07	-0.01	-0.04	379_R	[-3.65315789  8.29715789 -8.21615789]
-0.15	 -0.88	-0.01	0.22	379_R	[-6.69187234  8.7326383  -8.96491489]
-0.18	 -0.78	0.08	0.21	379_R	[-7.09244898  6.54914286 -8.61273469]
-0.15	 -0.6	-0.05	0.2	379_R	[-4.48804348  5.81013043 -9.01504348]
-0.17	 -0.76	-0.01	0.22	379_R	[-5.53645455  4.06154545 -7.85963636]
-0.2	 -0.7	0.11	0.27	379_R	[-6.35206818  5.13965909 -5.69456818]
-0.23	 -0.78	0.15	0.32	379_R	[-3.30671111  4.5456     -6.936     ]
0.12	 1.35	0.12	-0.38	380_A	[-6.42405556  8.92072222 -5.66227778]
0.06	 0.55	-0.07	-0.11	380_A	[-7.978125 10.252625 -5.38275 ]
-0.01	 0.07	0.05	-0.14	380_A	[-6.66173077  9.22161538 -2.55619231]
0.14	 0.99	0.08	-0.32	381_R	[-0.84773684 14.49842105 -0.61115789]
0.08	 1.17	-0.21	-0.1	381_R	[-0.8478 12.9342 -1.0136]
-0.03	 0.04	-0.03	-0.01	381_R	[ 0.13128571 12.72833333 -1.50609524]
-0.02	 0.24	-0.08	-0.01	381_R	[ 1.65172727 14.85006818 -2.80620455]
-0.16	 -0.5	-0.1	0.19	381_R	[ 1.1622973  11.39464865 -3.19789189]
0.18	 1.38	0.35	-0.57	382_K	[-5.49511111 17.14122222 -8.61811111]
0.09	 0.99	-0.02	-0.18	382_K	[-7.46735714 14.32592857 -9.06735714]
0.06	 0.64	0.09	-0.29	382_K	[-7.58226087 16.91584783 -9.4033913 ]
-0.09	 -0.26	-0.12	0.11	382_K	[-5.37948718 15.11669231 -9.82228205]
-0.02	 0.04	-0.07	0.01	382_K	[-2.80396429 13.99478571 -9.69103571]
-0.02	 -0.35	4.08	0.19	382_K	[-3.79892593 17.25040741 -9.78103704]
0.18	 1.72	0.16	-0.42	382_K	[-0.39724 15.77968 -8.66268]
-0.23	 -0.79	-0.04	0.33	382_K	[ -0.35310169  16.26281356 -10.70535593]
0.13	 1.67	-0.03	-0.26	383_A	[-7.8888 13.4586 -8.3784]
-0.12	 -0.29	-0.04	0.1	383_A	[-9.912      14.32417647 -8.48035294]
0.18	 1.65	0.28	-0.53	383_A	[-11.57271429  16.16835714  -8.53378571]
0.01	 0.05	0.0	-0.13	383_A	[-10.44042424  12.42478788  -6.92969697]
0.07	 0.44	0.04	-0.19	384_M	[-14.65454054  18.85997297  -2.21775676]
0.21	 1.14	0.16	-0.45	385_A	[-5.70506452 19.32864516 -8.49390323]
0.04	 0.63	-0.04	-0.19	387_E	[ 1.754      17.5424359  -5.49812821]
0.26	 1.63	0.19	-0.45	387_E	[ 1.462      19.70455556 -6.77033333]
0.11	 1.64	-0.07	-0.19	387_E	[ -1.5011  20.0586 -10.3241]
-0.07	 -0.1	-0.1	0.0	387_E	[ 0.54015686 19.74443137 -9.28519608]
0.09	 0.65	0.33	-0.03	387_E	[-3.15734286 19.74974286 -9.45282857]
0.13	 1.5	0.04	-0.33	388_D	[ 4.858625 18.2855   -2.845   ]
-0.04	 -0.01	-0.03	0.02	388_D	[ 3.51320513 16.99702564 -1.92792308]
0.2	 1.6	0.21	-0.47	389_I	[ 1.215      16.66464706 -0.19388235]
-0.09	 -0.11	0.0	0.04	389_I	[ 2.88067647 17.00988235  2.21797059]
0.04	 -0.21	-0.11	-0.06	389_I	[ 0.12894737 15.73668421  1.72889474]
0.21	 1.05	0.06	-0.32	389_I	[ 0.69178947 16.73852632  4.13568421]
0.23	 1.44	0.07	-0.32	389_I	[-1.679875  14.5441875  1.61075  ]
0.16	 1.66	0.04	-0.29	390_I	[ 4.483      18.65592308  3.00469231]
0.14	 0.49	-0.01	-0.19	390_I	[ 6.516      20.69877419  3.70751613]
0.06	 0.34	0.01	-0.21	391_S	[ 3.61355556 17.75388889  5.00459259]
0.1	 1.15	0.11	-0.37	391_S	[ 5.51230769 18.63923077  8.60546154]
-0.13	 -0.22	-0.15	0.04	391_S	[ 6.48469231 19.82241026  7.20625641]
-0.95	 -0.28	0.01	0.27	391_S	[ 3.53937778 16.41768889  6.93471111]
-0.0	 -0.28	-0.09	-0.01	391_S	[ 4.04853571 16.88489286  9.54210714]
0.17	 1.64	0.09	-0.33	392_R	[ 6.1532 19.7093  9.8929]
0.21	 0.6	0.1	-0.33	392_R	[ 5.03569565 22.63973913 12.33208696]
0.15	 0.97	0.08	-0.34	392_R	[ 5.68994118 23.21935294 10.39711765]
0.25	 1.44	0.41	-0.63	392_R	[ 6.9394  22.27355  7.76105]
0.15	 1.49	0.09	-0.37	392_R	[ 6.94814286 23.92292857  9.54878571]
0.09	 0.54	-0.11	-0.2	392_R	[ 5.6528     25.5538     10.53573333]
0.08	 0.28	-0.01	-0.17	392_R	[ 4.74933333 27.9517619   9.82842857]
-0.08	 -0.28	-0.2	0.07	392_R	[ 7.2222439  26.48778049 10.3495122 ]
0.12	 1.51	0.24	-0.5	393_V	[ 5.37154545 18.75327273 10.33309091]
0.0	 0.16	-0.04	-0.08	393_V	[ 6.3805102  17.70230612 12.59081633]
0.09	 0.96	-0.04	-0.25	393_V	[ 3.49737037 15.89351852 11.83396296]
0.16	 2.2	0.09	-0.35	393_V	[ 2.026      15.94838462 10.77446154]
0.03	 0.51	-0.01	-0.19	394_R	[ 7.316   17.95325 15.6339 ]
0.17	 1.43	0.34	-0.58	394_R	[ 8.47762963 20.2207037  16.43177778]
0.2	 1.45	0.09	-0.34	394_R	[ 6.3731  22.8171  14.18695]
-0.49	 0.37	-0.09	0.02	394_R	[ 8.99229167 19.72904167 14.75808333]
0.15	 0.5	0.05	-0.33	394_R	[ 8.04066667 22.48066667 12.20074074]
0.0	 0.59	0.02	-0.24	394_R	[ 8.98771429 20.908      11.11064286]
-0.14	 -0.54	0.01	0.19	394_R	[10.70422917 19.47677083 12.10927083]
0.07	 0.67	0.1	-0.24	394_R	[ 8.78579012 21.55485185  9.74582716]
-0.12	 -0.37	-0.05	0.12	395_G	[ 7.59583333 16.97908333 16.69541667]
0.13	 1.13	0.07	-0.25	395_G	[ 7.38161538 15.75246154 18.62930769]
-0.02	 -0.04	-0.11	-0.0	395_G	[ 6.561125 14.751125 17.285625]
0.16	 1.05	0.18	-0.42	395_G	[ 5.56304 15.58324 15.49196]
0.15	 1.52	0.07	-0.33	396_G	[ 6.73416667 13.8155     18.58841667]
0.07	 0.47	-0.07	-0.16	396_G	[ 6.09677778 13.49377778 16.29055556]
-0.02	 0.26	-0.02	-0.11	396_G	[ 6.29053659 11.56209756 17.954     ]
-0.06	 -0.07	-0.05	0.03	397_S	[ 6.09809524 11.6587619  15.01366667]
-0.02	 0.12	-0.05	0.02	397_S	[ 3.90019355 12.4113871  12.46441935]
-0.12	 -0.35	0.06	0.15	397_S	[ 5.68222222 13.92562222 13.29542222]
-0.18	 -0.69	0.01	0.21	397_S	[ 3.6816129   9.81558065 13.87719355]
-0.18	 -0.47	0.08	0.19	397_S	[ 4.18978378  9.31991892 16.33208108]
-0.25	 -0.97	0.13	0.34	409_S	[ 3.01594643 10.18539286  3.95058929]
-0.33	 -0.28	0.41	0.25	409_S	[ 0.31361111 10.61922222  3.70472222]
0.07	 0.31	-0.12	-0.01	409_S	[ 1.40114286 11.58307143  5.83614286]
-0.37	 -0.57	-0.48	0.53	409_S	[ 1.98013953 13.05160465  6.20302326]
-0.19	 -0.77	0.13	0.23	409_S	[1.11846809 8.41306383 5.64959574]
-79.52	 -0.62	-2.05	0.69	409_S	[-1.14339024  8.61643902  5.26987805]
0.15	 1.64	0.16	-0.43	410_T	[-1.20538462 11.136       5.12292308]
0.13	 0.84	0.03	-0.25	410_T	[ 0.77815385 13.29053846  7.97630769]
0.01	 0.35	0.08	-0.25	410_T	[-0.23025 11.34545  8.701  ]
-0.16	 -0.01	-0.07	0.11	410_T	[-1.54730303 10.00078788  8.65906061]
0.0	 0.12	-0.15	-0.04	410_T	[-3.59809804 12.21129412  6.40615686]
0.01	 0.51	-0.11	-0.14	410_T	[-0.88613158 13.66721053  4.41276316]
0.09	 0.96	-0.01	-0.24	411_I	[ 0.64233333 12.63533333  9.88377778]
-0.02	 0.24	-0.21	-0.01	411_I	[-1.34883333 10.22516667 10.683     ]
0.18	 1.27	0.19	-0.47	411_I	[-3.48590476 11.97419048  9.70814286]
-0.01	 -0.04	-0.05	-0.03	411_I	[ 1.01936364 11.08418182 11.73345455]
0.0	 -0.13	-0.04	-0.04	411_I	[-1.24336364  9.77436364 12.92109091]
0.11	 0.29	0.02	-0.21	411_I	[ 1.66373684 13.88257895 11.63057895]
-0.01	 0.18	-0.09	-0.04	411_I	[ 0.87491667  9.76561111 14.77605556]
0.16	 1.22	0.12	-0.36	412_T	[-3.03405263 10.38031579 11.63031579]
0.02	 0.46	-0.14	-0.08	412_T	[-7.39766667 11.56761111 13.38266667]
-0.08	 -0.24	-0.26	0.15	412_T	[-6.27681818  9.81622727 14.58704545]
-0.13	 -0.6	-0.0	0.16	412_T	[-6.02606849 10.005      11.03891781]
0.18	 1.1	0.1	-0.33	413_Y	[-5.00725926 15.4627037  17.96733333]
0.13	 0.99	0.08	-0.37	413_Y	[-8.00433333 14.94281481 15.03355556]
-0.06	 0.14	-0.19	0.06	413_Y	[-8.37444444 16.85746667 16.53284444]
0.11	 0.81	0.1	-0.36	413_Y	[-4.4805     17.44585714 18.13721429]
-0.06	 0.02	-0.05	0.02	413_Y	[-7.91115385 18.30110256 18.38633333]
0.04	 0.44	0.06	-0.16	413_Y	[-5.34452381 18.31990476 18.8557619 ]
0.13	 0.75	0.04	-0.24	413_Y	[-6.2504375 19.80075   20.0105   ]
0.12	 0.8	-0.14	-0.17	414_R	[-7.4991  13.05475 15.20925]
0.04	 0.25	-0.09	-0.07	414_R	[-6.3808  13.3682  18.86485]
0.13	 0.68	0.08	-0.28	414_R	[-5.16176471 11.86564706 20.08682353]
-0.09	 -0.25	1.79	0.16	414_R	[-8.22175    11.77339286 16.96130357]
0.07	 0.23	-0.04	-0.11	414_R	[-7.76113333 10.8519     19.52      ]
-0.24	 -1.18	0.09	0.33	414_R	[-10.38252941  11.56217647  19.00105882]
-0.22	 -0.92	0.02	0.24	414_R	[-9.28047619 10.92733333 21.26195238]
0.03	 0.6	0.02	-0.1	414_R	[-9.84513636  9.19945455 21.13931818]
-0.27	 -1.12	0.18	0.43	414_R	[-10.11766071   8.84026786  22.63566071]
-0.21	 -0.81	0.02	0.29	414_R	[-10.85827586   8.14886207  19.70382759]
0.25	 1.46	0.38	-0.61	415_S	[-5.90142857  9.90885714 16.36035714]
0.13	 0.88	0.08	-0.3	415_S	[-1.01560714  9.56953571 17.80771429]
0.02	 0.8	-0.04	-0.13	415_S	[-3.74215  8.7914  14.31355]
-0.13	 -0.33	0.02	0.13	415_S	[-1.97553659  8.19914634 15.65595122]
0.12	 1.46	0.11	-0.41	416_W	[-3.38157143 16.84328571 18.59142857]
0.11	 0.92	0.04	-0.31	416_W	[-2.69107143 17.95346429 19.69992857]
-0.03	 0.2	0.01	0.03	417_G	[-3.45551282 15.13087179 20.36758974]
-0.04	 -0.36	-0.07	0.03	417_G	[-3.34863636 12.99913636 22.25022727]
-0.13	 0.59	-0.16	0.04	417_G	[-1.84505  13.807075 23.42955 ]
0.16	 0.96	-0.12	-0.12	418_R	[-4.05377778 11.89811111 21.37511111]
0.15	 1.39	0.26	-0.51	418_R	[-2.74934783 10.72334783 23.19526087]
0.11	 0.61	-0.16	-0.11	418_R	[-0.29        9.05755556 21.54577778]
0.03	 0.14	0.09	-0.23	418_R	[-0.0776   9.86684 23.6812 ]
0.01	 0.27	0.01	-0.06	418_R	[-1.74860714  8.912      21.43135714]
-0.14	 -0.4	-0.21	0.14	418_R	[-4.753225  9.6179   22.495175]
-0.22	 -0.99	0.13	0.32	418_R	[-4.68621053  7.14171053 21.87686842]
-0.04	 -0.13	0.06	-0.04	418_R	[-3.25358333  7.37020833 19.286375  ]
-0.12	 -0.29	-0.04	0.14	418_R	[-5.5325      6.0765     19.17658333]
-0.08	 -0.08	-0.2	0.06	418_R	[-7.30366667  7.71090196 19.27470588]
-0.18	 -0.39	0.0	0.18	418_R	[-4.97077778  7.21542222 16.98082222]
-0.08	 0.21	-0.04	0.0	419_S	[ 1.82926087  9.58382609 21.31443478]
0.19	 0.99	-0.02	-0.25	419_S	[ 4.05770588 10.38076471 21.55835294]
-0.05	 -0.36	0.02	-0.03	419_S	[ 2.20867442  9.70390698 18.81253488]
0.2	 1.5	0.15	-0.42	420_L	[ 0.7408125 14.2211875 24.4835   ]
0.05	 0.97	-0.24	-0.09	420_L	[-1.680000e-02  1.557080e+01  2.330365e+01]
0.14	 1.14	0.06	-0.32	420_L	[-0.85544 17.0664  21.7826 ]
0.15	 1.59	0.2	-0.47	421_K	[ 0.95538889 13.76333333 25.98655556]
0.05	 0.36	-0.03	-0.12	421_K	[ 1.04296429  9.59121429 26.11139286]
0.14	 0.97	0.03	-0.33	421_K	[-0.87626087 13.34326087 25.89852174]
-0.03	 -0.32	0.02	-0.02	421_K	[-1.81759091  9.47545455 27.15031818]
-0.01	 0.23	-0.06	-0.11	421_K	[-3.35378723 10.96159574 25.08042553]
-0.13	 -0.31	-0.01	0.17	421_K	[-4.77875472 10.3150566  27.78333962]
0.18	 1.58	0.1	-0.39	422_Y	[ 2.722625   9.952125  24.0368125]
0.17	 1.37	0.06	-0.31	422_Y	[ 5.97075    10.15758333 26.81975   ]
0.13	 1.42	0.06	-0.36	422_Y	[ 6.797   9.5054 23.603 ]
-0.1	 -0.04	-0.04	0.03	422_Y	[ 7.85185714 10.83297959 25.08483673]
-0.15	 -0.69	0.03	0.14	422_Y	[ 5.068       8.52686047 24.16432558]
-0.27	 -0.68	0.54	0.3	422_Y	[ 4.18162667  7.88729333 26.638     ]
0.2	 1.55	-0.01	-0.27	423_N	[ 8.28085714 12.68014286 23.651     ]
0.16	 1.08	0.08	-0.34	423_N	[ 7.71377273 14.65377273 20.16859091]
0.02	 0.23	-0.08	-0.06	423_N	[ 6.33855882 10.32026471 21.36776471]
-0.05	 0.32	-0.02	-0.03	423_N	[ 8.70915 11.65485 20.4323 ]
-0.12	 -0.08	0.03	0.03	423_N	[ 9.68607143 13.06935714 21.762625  ]
-0.25	 -1.02	0.07	0.36	423_N	[ 8.8986  10.64052 19.0981 ]
0.13	 1.05	0.02	-0.27	424_P	[ 9.87494915 15.47189831 22.33227119]
0.16	 1.26	0.17	-0.43	424_P	[ 8.35015 13.9262  24.3706 ]
0.07	 0.88	-0.22	-0.16	425_V	[10.90292105 19.76386842 20.05786842]
-0.13	 0.02	0.08	0.14	425_V	[10.03387143 17.90384286 18.72872857]
0.12	 1.15	0.25	-0.52	425_V	[ 9.28223077 20.86038462 18.28180769]
0.18	 1.4	0.12	-0.36	426_V	[11.30609091 20.45054545 22.04368182]
0.1	 1.92	0.19	-0.46	426_V	[12.14057143 21.57414286 22.70728571]
0.2	 1.12	0.14	-0.42	426_V	[12.97777273 21.19204545 23.35845455]
0.16	 1.19	0.17	-0.43	428_D	[ 8.84814286 28.06271429 26.62328571]
0.04	 0.14	-0.01	-0.07	428_D	[ 6.976      28.68309375 26.00634375]
0.11	 1.47	0.21	-0.48	428_D	[ 5.68042857 29.913      24.777     ]
-0.03	 -0.4	-0.04	0.01	428_D	[ 4.1722963  28.82211111 25.36718519]
0.18	 0.88	0.09	-0.35	429_F	[ 8.9898 29.3567 25.6152]
0.07	 0.51	-0.1	-0.1	429_F	[ 9.54144444 28.63766667 26.92155556]
0.13	 1.23	0.05	-0.27	429_F	[10.19173913 30.29       26.82452174]
0.19	 1.61	-0.0	-0.28	430_E	[10.6912 29.2854 28.3812]
0.11	 0.49	0.06	-0.23	430_E	[10.45795652 31.02273913 29.09343478]
0.07	 0.26	-0.08	-0.18	430_E	[10.78186207 32.81603448 31.083     ]
-0.15	 -0.36	-0.0	0.12	430_E	[12.19303571 31.92185714 32.63953571]
-0.31	 -0.99	0.05	0.43	430_E	[ 9.59919512 33.26353659 30.75907317]
0.16	 1.08	0.18	-0.4	432_Q	[19.4146875 32.7943125 32.9281875]
0.03	 0.22	-0.12	-0.06	432_Q	[20.84003226 32.13129032 33.62367742]
-0.09	 -0.39	0.01	0.12	432_Q	[18.82572 34.52054 33.13042]
0.16	 1.09	0.24	-0.49	433_P	[24.2541  34.8527  25.25345]
0.06	 0.42	-0.1	-0.13	433_P	[23.3144898  35.94685714 26.89612245]
0.25	 0.75	0.45	-0.64	435_H	[28.37211111 35.41422222 25.66333333]
0.04	 0.36	-0.16	-0.07	435_H	[26.16       36.35817647 29.23938235]
-0.0	 0.16	-0.07	-0.12	435_H	[27.44851613 36.18548387 26.53051613]
0.19	 1.35	0.39	-0.62	436_E	[24.11322222 35.30033333 30.15088889]
0.11	 1.85	0.18	-0.43	436_E	[24.64972727 35.79745455 33.70754545]
-0.09	 0.6	-0.33	0.13	436_E	[25.11631707 36.76295122 32.11387805]
0.05	 0.31	0.0	-0.16	436_E	[23.44148276 34.10641379 34.0172069 ]
0.18	 1.14	0.07	-0.34	438_L	[30.41444828 28.37444828 36.89555172]
0.1	 1.1	-0.08	-0.19	439_R	[29.53294118 30.79411765 37.29664706]
0.06	 0.64	-0.09	-0.13	439_R	[28.42236364 28.28145455 37.98136364]
-0.12	 -0.48	0.02	0.13	439_R	[27.18762857 29.979      39.03854286]
-0.03	 0.28	0.07	-0.04	439_R	[28.08138462 32.66803846 38.01484615]
-0.15	 -0.3	0.01	0.16	439_R	[25.40374074 34.14885185 37.47096296]
0.05	 0.33	0.03	-0.19	439_R	[25.47081818 35.55445455 35.25009091]
-0.12	 -0.5	-0.05	0.15	439_R	[26.58658333 36.47733333 36.39116667]
-0.16	 -0.48	0.06	0.2	439_R	[28.86       35.83904762 37.3127619 ]
-0.09	 -0.33	-0.01	0.13	439_R	[27.25021951 37.34536585 34.29436585]
0.08	 0.55	-0.12	-0.14	440_H	[26.6825    27.6041875 39.158125 ]
0.16	 1.12	0.13	-0.36	440_H	[25.83447368 26.45415789 39.50573684]
0.16	 1.35	0.23	-0.51	440_H	[22.33223077 28.12023077 36.70792308]
0.16	 1.18	0.01	-0.28	440_H	[24.716875 30.405875 39.374125]
0.09	 0.62	-0.07	-0.16	440_H	[22.404625   29.37283333 35.593     ]
-0.16	 -0.46	-0.03	0.17	440_H	[23.04144898 31.62112245 38.34785714]
0.01	 0.67	-0.28	0.06	440_H	[22.71158333 32.16104167 35.48258333]
0.2	 1.56	0.2	-0.48	441_T	[28.6825     26.54678571 37.72192857]
0.01	 0.57	-0.1	-0.09	441_T	[28.45660784 25.16903922 39.96829412]
0.17	 1.5	0.29	-0.53	441_T	[28.62569231 21.87723077 35.88211538]
0.15	 1.34	0.13	-0.39	442_S	[29.12790476 22.47366667 41.35114286]
0.15	 1.25	0.07	-0.33	442_S	[30.64493333 20.88006667 39.90933333]
-0.24	 -0.74	0.01	0.31	442_S	[30.89795  20.815775 41.2886  ]
-0.04	 -0.01	-0.07	0.01	442_S	[27.48823913 19.56852174 40.43432609]
0.07	 0.39	-0.16	-0.11	442_S	[29.0012  19.47895 37.84205]
-0.05	 -0.18	-0.09	0.05	443_L	[33.21483333 21.08708333 39.29633333]
0.02	 0.33	-0.16	-0.05	443_L	[33.07227273 22.65518182 40.735     ]
-0.09	 -0.31	0.02	0.14	443_L	[34.7431   23.79345  39.644725]
0.08	 0.47	-0.08	-0.08	443_L	[34.27023077 21.99976923 37.02938462]
0.15	 1.1	-0.03	-0.23	443_L	[30.3372     20.66573333 36.2246    ]
0.17	 1.07	0.15	-0.34	443_L	[32.21227273 21.38390909 34.38133333]
-0.13	 -0.51	1.29	0.35	443_L	[32.58056164 19.29563014 36.7549589 ]
-0.12	 -0.49	-0.05	0.12	444_G	[31.38697143 24.79365714 41.30685714]
-0.03	 -0.1	-0.07	0.05	444_G	[31.19663636 26.97       39.66245455]
0.2	 0.82	0.14	-0.4	444_G	[31.093      26.8115     38.09027778]
0.07	 1.53	-0.13	-0.06	445_P	[32.283      28.226      40.50766667]
0.03	 0.45	-0.02	-0.13	445_P	[32.81472414 29.24755172 39.14555172]
0.11	 0.7	0.07	-0.32	445_P	[35.92835714 29.55257143 38.044     ]
-0.11	 -0.33	0.05	0.11	445_P	[36.26825641 26.86802564 38.43879487]
-0.19	 -0.79	0.03	0.16	445_P	[35.82986364 29.67970455 40.41702273]
-0.24	 -1.28	0.14	0.37	445_P	[34.85234783 28.90978261 42.57597826]
-0.16	 -0.85	-0.01	0.19	445_P	[33.52148 26.91528 42.12502]
0.04	 0.5	-0.17	-0.04	446_L	[36.431      28.06881818 36.09309091]
0.21	 1.42	0.11	-0.36	446_L	[36.47853846 29.072      34.059     ]
0.01	 0.07	-0.11	0.01	446_L	[36.40273684 25.99650877 33.60863158]
0.03	 -0.04	0.01	0.02	446_L	[35.08116667 24.07186667 35.4535    ]
-0.05	 -0.03	-0.0	-0.04	447_E	[36.66915 30.00985 36.25885]
0.13	 1.42	-0.05	-0.17	447_E	[37.119375 33.7045   34.741375]
-0.09	 -0.06	0.05	0.02	447_E	[35.9472619  33.00238095 36.89745238]
-0.16	 -0.5	-0.15	0.17	447_E	[34.41666667 32.521      38.48516667]
0.03	 0.01	0.04	-0.15	447_E	[31.60286667 31.78313333 37.65      ]
0.21	 1.51	0.12	-0.39	447_E	[31.99817647 30.05858824 37.11094118]
-0.14	 -0.34	-0.06	0.11	447_E	[31.63009677 33.95754839 37.38141935]
-0.04	 -0.25	-0.03	-0.07	448_A	[37.81433333 31.28620833 34.22266667]
0.07	 0.29	-0.14	-0.1	448_A	[37.93166667 34.23041667 32.72254167]
0.24	 1.3	0.39	-0.65	448_A	[39.37981818 30.88709091 30.46818182]
0.19	 1.26	0.06	-0.33	448_A	[38.2315625 33.8775    30.062625 ]
-9.02	 -0.59	0.02	0.19	448_A	[40.19012941 32.28072941 32.27408235]
0.07	 0.96	0.08	-0.28	449_K	[37.77783333 29.786375   31.79291667]
0.12	 2.05	0.1	-0.37	449_K	[37.2955  28.45625 31.7765 ]
0.15	 0.82	0.03	-0.3	449_K	[38.94169565 28.60604348 30.28286957]
0.13	 1.21	-0.04	-0.23	449_K	[37.46025926 25.857      31.52462963]
-0.17	 -0.6	-0.18	0.2	449_K	[39.08094118 26.01788235 31.66411765]
-0.06	 0.18	-0.07	0.03	449_K	[39.19654167 23.98535417 30.75610417]
0.08	 0.69	0.01	-0.22	450_R	[32.49843333 35.46486667 35.44413333]
0.05	 0.5	0.04	-0.09	450_R	[30.78148148 37.19892593 34.298     ]
0.18	 1.01	0.03	-0.28	451_Q	[36.49685714 36.16342857 27.63964286]
0.03	 0.15	-0.09	-0.11	451_Q	[34.55462963 37.05974074 27.69940741]
0.01	 0.23	0.01	-0.08	451_Q	[35.94770732 36.57314634 30.31378049]
0.07	 0.75	-0.05	-0.12	451_Q	[35.00614286 37.04514286 33.47021429]
-0.11	 -0.46	0.01	0.15	451_Q	[35.77515152 35.96612121 34.9600303 ]
-0.23	 -0.93	0.02	0.35	451_Q	[36.27764407 38.42242373 32.79494915]
0.11	 1.24	0.38	-0.61	452_N	[39.43157143 33.23842857 28.86642857]
0.01	 0.14	-0.02	-0.05	452_N	[39.03764444 34.86488889 27.49684444]
0.16	 1.21	0.12	-0.4	452_N	[39.971      32.79025    28.89941667]
0.22	 1.29	0.34	-0.58	454_R	[29.2795     36.59990909 24.92431818]
0.17	 1.58	0.16	-0.43	454_R	[32.4018 37.4573 27.4629]
0.14	 1.27	-0.08	-0.19	454_R	[30.62463636 38.17081818 26.70927273]
-0.13	 -0.5	-0.14	0.14	454_R	[29.00878378 38.89424324 28.21754054]
-0.02	 -0.19	-0.01	-0.02	454_R	[32.10823077 38.6485     29.08596154]
-0.12	 -0.52	-0.03	0.16	454_R	[30.52884615 40.137      30.41253846]
-0.11	 -0.65	0.05	0.13	454_R	[28.91205128 38.72892308 31.85625641]
-0.12	 -0.31	0.04	0.15	454_R	[32.49107317 39.28931707 31.89039024]
0.1	 1.1	0.09	-0.34	455_R	[33.12633333 37.618      26.18588889]
0.02	 0.34	-0.07	-0.15	455_R	[33.16863636 38.6675     24.43472727]
0.09	 0.97	0.02	-0.22	455_R	[33.49247826 38.24752174 21.23543478]
-0.15	 -0.4	-0.03	0.15	455_R	[34.84788889 38.40133333 25.63144444]
-0.13	 -0.61	-0.01	0.12	455_R	[35.37503226 38.95912903 23.05874194]
-0.05	 -0.27	-0.04	0.04	455_R	[37.21809091 37.93736364 25.58548485]
-0.05	 -1.01	0.02	0.02	455_R	[37.70570833 38.986375   22.24741667]
-0.11	 -0.45	-0.04	0.13	455_R	[39.41683333 39.86941667 24.05933333]
-0.16	 -0.68	0.04	0.22	455_R	[40.36961905 37.88616667 25.13283333]
-0.22	 -0.79	0.12	0.3	455_R	[40.6627069  39.15908621 22.09872414]
0.11	 1.22	0.02	-0.34	457_L	[27.66558824 36.77441176 22.08729412]
0.12	 1.08	0.23	-0.36	457_L	[28.29852632 35.51626316 24.03568421]
0.14	 1.17	-0.04	-0.22	457_L	[26.9033 35.8715 22.5912]
0.08	 0.09	-0.06	-0.17	457_L	[25.43455172 34.91565517 23.93786207]
0.01	 -0.04	-0.1	-0.02	458_D	[27.84084211 38.52726316 21.12136842]
0.06	 0.38	-0.12	-0.12	458_D	[30.8196 39.9949 19.7408]
-0.03	 0.2	-0.06	-0.08	458_D	[28.40968571 39.89437143 18.66422857]
-0.16	 -0.49	0.01	0.2	458_D	[30.90963636 40.34259091 21.70554545]
-0.14	 -0.51	0.0	0.14	458_D	[29.1644375 40.7869375 23.2554375]
-0.12	 -0.24	-0.17	0.21	458_D	[28.22918868 38.63733962 23.98584906]
-0.15	 -0.5	0.06	0.18	458_D	[31.12425 40.349   24.6468 ]
0.15	 0.67	-0.03	-0.2	459_Q	[31.888125 39.223    20.0055  ]
0.04	 -0.2	-0.05	-0.02	459_Q	[31.34146667 39.61726667 17.58866667]
0.2	 1.09	0.12	-0.36	459_Q	[30.48105263 36.72221053 14.93857895]
0.03	 0.14	0.01	-0.1	459_Q	[33.5571875 38.4325    18.824    ]
0.11	 0.78	0.03	-0.23	459_Q	[32.79385714 37.99667857 15.47625   ]
-0.08	 -0.34	-0.11	0.1	459_Q	[34.64785714 38.80771429 14.99842857]
-0.14	 -0.35	0.0	0.21	459_Q	[35.92581633 38.23497959 17.27302041]
-0.13	 -0.21	-0.06	0.22	459_Q	[35.1854902  36.80656863 14.31201961]
0.2	 1.07	-0.04	-0.2	460_Y	[29.7259 34.5932 15.211 ]
-0.01	 0.33	-0.0	-0.14	460_Y	[27.62502778 35.15352778 14.5705    ]
0.01	 0.29	-0.07	-0.11	460_Y	[29.97158824 32.20994118 15.03452941]
0.01	 -0.11	0.07	-0.11	460_Y	[28.84997143 30.85408571 14.55965714]
-0.05	 0.09	-0.23	0.05	460_Y	[27.00922222 31.21611111 14.29222222]
0.03	 0.17	-0.14	-0.07	460_Y	[25.97302941 29.29305882 14.20864706]
0.16	 1.61	0.28	-0.53	461_L	[26.06841667 37.03141667 14.82283333]
-0.12	 -0.01	-0.06	0.06	461_L	[24.18671795 37.72089744 15.5495641 ]
0.03	 0.19	-0.1	-0.02	461_L	[24.90663889 37.98597222 18.95175   ]
-0.05	 -0.47	-0.02	0.06	461_L	[24.12647059 36.38745098 21.24062745]
0.19	 1.26	0.09	-0.32	461_L	[23.05092857 36.05185714 17.54      ]
0.05	 0.24	-0.17	-0.06	462_M	[28.5665  41.0365  16.17775]
-0.15	 -0.65	0.05	0.24	462_M	[26.159      41.84891667 15.6239375 ]
-0.21	 -0.71	0.03	0.31	462_M	[25.32236842 40.92497368 17.79342105]
-0.15	 -0.58	0.07	0.11	462_M	[26.55861111 39.53322222 13.56922222]
-0.14	 -0.54	0.0	0.16	462_M	[28.34146667 38.3115     12.95426667]
-0.12	 -0.63	0.07	0.14	462_M	[30.25322917 41.00810417 14.27152083]
-0.19	 -0.97	0.04	0.29	462_M	[31.56985507 38.914      12.48849275]
