-0.08	 -0.37	-0.07	0.09	17_P	[69.7729697  62.33254545  8.61936364]
-0.02	 0.46	-0.03	-0.05	17_P	[71.96433333 63.157       8.90366667]
0.23	 1.36	0.45	-0.67	17_P	[68.10645455 62.81763636 10.37963636]
-0.13	 -0.54	0.03	0.13	17_P	[71.06964103 66.33469231  8.80892308]
-0.18	 -1.04	0.08	0.29	17_P	[69.5882093  66.33723256  7.05323256]
-0.22	 -1.33	0.09	0.34	17_P	[68.99811364 63.77420455  6.48431818]
0.16	 1.76	0.11	-0.37	18_P	[71.8375     62.80707143 13.78071429]
0.16	 1.28	0.31	-0.55	18_P	[69.7984  65.1653  15.31305]
0.19	 1.19	0.47	-0.68	18_P	[69.84833333 63.8772     15.5       ]
-0.24	 -0.46	-0.05	0.22	18_P	[71.84155102 65.49602041 14.51020408]
-0.21	 -1.13	0.12	0.34	18_P	[73.7425625  65.91908333 12.840375  ]
-0.11	 -0.15	-0.05	0.06	18_P	[72.94551282 65.21553846 10.666     ]
0.12	 1.02	0.01	-0.23	19_R	[69.90816667 66.83       12.23733333]
0.14	 1.67	0.11	-0.41	19_R	[66.13955556 68.42633333 12.07733333]
-0.1	 -0.73	-0.06	0.13	19_R	[67.75488571 67.85534286 10.80694286]
-0.04	 0.01	-0.03	-0.0	19_R	[67.91340678 68.04172881 14.86662712]
0.05	 0.35	-0.13	-0.08	20_I	[64.8532  68.03768 10.47636]
0.22	 1.07	0.48	-0.7	20_I	[64.1031 68.5064 11.7018]
0.07	 0.03	-0.09	-0.11	20_I	[64.05877273 65.41177273  8.50263636]
0.17	 1.48	0.11	-0.39	20_I	[65.9465 62.5965 10.2756]
-0.06	 0.18	-0.11	0.01	20_I	[66.58702439 64.53802439  8.63080488]
-0.03	 -0.07	-0.02	-0.04	20_I	[63.2536875 62.184625   9.3499375]
0.03	 0.04	-0.04	-0.05	21_L	[63.37584615 67.51446154  8.68323077]
0.16	 1.42	0.41	-0.64	21_L	[59.33861538 67.67307692  8.30130769]
0.0	 0.13	-0.08	-0.12	21_L	[60.78643243 66.31021622  7.64659459]
-0.11	 -0.91	-0.04	0.09	21_L	[60.66566667 68.94172222  7.8985    ]
-0.11	 -0.32	-0.06	0.15	21_L	[63.71665 70.0634   8.9509 ]
-0.23	 -1.19	0.12	0.34	21_L	[61.71190625 71.921875    7.89279688]
-0.02	 -0.02	-0.03	0.01	21_L	[62.4659375  71.2565     11.26234375]
0.19	 1.58	0.28	-0.53	23_E	[53.6485     65.60158333  6.381     ]
0.08	 0.4	-0.03	-0.13	23_E	[57.32983871 67.74058065  6.7183871 ]
-0.1	 -0.23	-0.03	0.08	23_E	[55.81544444 68.40888889  4.64461111]
-0.22	 -0.53	0.06	0.26	23_E	[55.20443902 69.99887805  5.29126829]
-0.22	 -0.58	-0.01	0.25	23_E	[54.62319149 66.85612766  4.54757447]
0.1	 0.54	0.05	-0.28	25_L	[48.0112  66.33548  9.7692 ]
0.14	 1.23	-0.03	-0.28	25_L	[46.634      64.81306667 10.20593333]
0.12	 1.02	-0.03	-0.26	25_L	[46.55640909 62.59509091 10.68036364]
-0.0	 0.17	-0.13	-0.04	25_L	[47.14533333 63.825125    8.966125  ]
-0.08	 -0.2	0.0	0.08	25_L	[48.26348276 65.022       7.17817241]
0.01	 0.46	-0.0	-0.16	25_L	[51.19224324 65.67175676  6.45127027]
-0.1	 -0.35	-0.05	0.1	25_L	[49.15288679 62.69220755  5.75726415]
0.14	 1.68	0.21	-0.47	26_L	[45.13254545 62.96681818 11.84363636]
-0.0	 0.08	-0.07	-0.04	26_L	[44.50029032 64.72403226 10.81606452]
0.25	 1.46	0.22	-0.48	26_L	[46.7690625 67.8413125 12.7821875]
0.07	 0.68	-0.07	-0.19	26_L	[47.5102     68.92836667 15.35193333]
-0.05	 -0.03	-0.03	0.06	27_P	[43.003      62.73517647 12.09364706]
0.08	 1.33	0.01	-0.18	27_P	[41.74094444 64.65205556 14.36105556]
-0.24	 -0.86	0.12	0.38	27_P	[40.42888571 64.21094286 13.04974286]
-0.06	 -0.21	-0.09	0.0	27_P	[42.2894186  61.52260465 14.58837209]
0.18	 0.81	-0.02	-0.24	27_P	[42.54825    63.37041667 16.35875   ]
0.15	 1.46	0.33	-0.58	28_N	[42.004375 65.60125  15.490625]
-0.07	 -0.02	-0.23	0.03	28_N	[40.14926087 66.93552174 14.61691304]
-0.08	 -0.56	-0.03	0.13	28_N	[40.481      66.97963636 11.97881818]
-0.04	 0.14	-0.03	-0.03	28_N	[41.00834043 69.3442766  12.67974468]
0.11	 1.17	0.08	-0.34	28_N	[41.3188 66.4672 16.102 ]
0.17	 1.71	0.08	-0.34	28_N	[42.96033333 69.83691667 14.35191667]
0.03	 0.43	-0.01	-0.17	28_N	[44.72832143 68.82842857 13.36146429]
0.19	 1.16	0.06	-0.32	28_N	[45.0387     69.3681     16.89356667]
0.02	 0.44	-0.15	-0.06	29_G	[41.87790909 65.78618182 11.12127273]
-0.19	 -0.95	0.04	0.27	29_G	[42.119325 67.492875  9.668975]
-0.04	 -0.13	-0.08	0.0	29_G	[44.6105     68.79943182 10.47570455]
-0.28	 -0.9	-0.05	0.39	29_G	[44.686      69.04005128  8.52689744]
0.04	 0.39	0.05	-0.15	31_I	[47.12950769 69.33403077 10.55432308]
0.16	 1.51	-0.02	-0.28	31_I	[48.49271429 67.84428571  9.29942857]
0.2	 1.49	0.18	-0.44	31_I	[51.05783333 70.90388889 10.23927778]
-0.07	 -0.03	-0.12	-0.03	31_I	[49.85176923 72.17133333 11.09351282]
-0.06	 0.32	-0.13	-0.04	31_I	[48.56067742 68.65806452  8.01664516]
-0.24	 -1.22	0.1	0.32	31_I	[49.57028571 71.87389796  7.63806122]
-0.08	 -0.22	-0.03	0.07	31_I	[51.56479104 69.50459701  5.97991045]
0.16	 1.02	0.08	-0.35	32_V	[52.56222727 71.7975     11.41568182]
0.2	 1.02	0.11	-0.37	32_V	[49.21307407 70.28562963 13.68377778]
0.12	 0.63	-0.25	-0.05	33_T	[54.18683333 72.00816667 11.36625   ]
0.16	 1.27	0.08	-0.3	33_T	[58.25592308 71.07284615 12.09461538]
-0.04	 0.02	-0.11	0.02	33_T	[56.51502703 71.94551351 13.90878378]
-0.16	 -0.73	0.05	0.22	33_T	[56.4867619  72.60566667 10.70709524]
-0.09	 -0.35	0.04	0.09	33_T	[54.66105405 71.56278378  8.72632432]
-0.05	 -0.24	-0.07	-0.0	33_T	[58.20957447 71.10814894  8.88265957]
0.09	 0.54	-0.09	-0.23	34_L	[58.40085714 70.38835714 14.2775    ]
0.18	 1.3	0.18	-0.44	34_L	[59.69315385 70.08538462 12.80984615]
0.13	 1.53	0.32	-0.57	34_L	[58.82777778 66.49944444 17.40611111]
0.0	 0.15	-0.04	-0.11	34_L	[57.74351786 69.39571429 17.673625  ]
0.2	 1.25	0.39	-0.61	34_L	[58.69261111 65.66905556 17.33805556]
0.01	 0.46	-0.03	-0.09	35_E	[60.19541667 69.96754167 14.73316667]
0.15	 1.47	0.24	-0.5	35_E	[63.736      67.47457143 16.25742857]
-0.09	 -0.15	1.09	0.28	35_E	[61.37494118 67.41835294 17.17915686]
-0.09	 -0.36	-0.03	0.1	35_E	[62.31351429 70.62757143 15.10708571]
0.07	 1.05	-0.06	-0.13	35_E	[64.61366667 68.456      16.13116667]
-0.03	 0.39	-0.12	-0.01	35_E	[65.262625 71.3475   15.181125]
-0.26	 -0.88	0.1	0.39	35_E	[65.64053333 70.69148889 16.65073333]
-0.15	 -0.38	-0.05	0.17	35_E	[65.51867273 70.87463636 13.23181818]
0.0	 -0.14	-0.1	-0.07	36_C	[62.82331579 65.034      16.94484211]
0.16	 1.17	0.07	-0.3	36_C	[64.6818     66.3164     16.18386667]
0.14	 2.03	0.16	-0.42	36_C	[62.09875    63.16708333 16.74108333]
0.12	 0.68	-0.07	-0.24	36_C	[60.20995238 64.52085714 16.78142857]
0.08	 0.58	0.07	-0.24	37_L	[64.96462963 64.9187037  17.11614815]
0.14	 1.29	0.43	-0.64	37_L	[66.97758333 61.25458333 18.637     ]
-0.06	 -0.01	-0.04	-0.0	37_L	[65.59604348 64.60491304 18.81552174]
-0.16	 -0.59	-0.0	0.26	37_L	[66.859625  63.0915625 20.531175 ]
-0.15	 -0.31	-0.0	0.13	37_L	[68.70713433 65.29802985 17.96546269]
0.06	 0.52	-0.03	-0.17	38_R	[66.65446667 60.65624444 11.43551111]
0.01	 0.29	-0.09	-0.11	38_R	[69.61079545 59.15831818 11.65404545]
0.05	 0.33	-0.15	-0.09	38_R	[71.8345     60.368125   13.72716667]
-0.03	 0.36	0.05	-0.09	38_R	[72.63089474 59.86363158 11.52684211]
-0.23	 -0.81	0.03	0.35	38_R	[72.09655102 59.52167347  9.82516327]
-0.17	 -0.49	0.04	0.24	38_R	[73.97140625 61.138      11.9614375 ]
0.07	 0.6	-0.14	-0.1	39_E	[66.6028 58.4471 18.927 ]
0.09	 0.32	0.05	-0.21	39_E	[65.62052174 56.31347826 19.03865217]
-0.03	 0.17	-0.02	-0.04	39_E	[68.53272973 58.11856757 18.42402703]
-0.07	 -0.19	-0.14	0.1	39_E	[70.41842105 57.86934211 16.30460526]
-0.09	 -0.32	-0.03	0.13	39_E	[71.46533333 60.41588889 16.60444444]
-0.2	 -0.61	0.04	0.24	39_E	[70.146725 61.0709   18.840475]
0.02	 0.19	-0.1	-0.05	39_E	[70.69748276 62.30948276 15.90062069]
0.13	 1.37	0.14	-0.4	40_A	[66.29072222 60.08772222 18.61661111]
-0.02	 -0.03	-0.09	-0.01	40_A	[64.50213636 58.99409091 19.92581818]
0.04	 0.34	-0.07	-0.12	40_A	[63.18743902 61.65229268 19.03226829]
0.22	 1.45	0.01	-0.3	41_T	[63.32981818 57.47636364 20.68272727]
0.17	 1.46	0.36	-0.6	41_T	[60.759      54.30466667 21.756     ]
0.04	 0.44	-0.17	-0.01	41_T	[61.3095 56.1155 22.8051]
-0.11	 -0.47	-0.03	0.15	41_T	[63.19614815 54.85033333 21.45953704]
0.15	 1.38	-0.03	-0.25	43_I	[57.53375  58.288125 23.739625]
0.13	 1.12	0.02	-0.26	43_I	[55.09626923 59.09342308 23.31115385]
0.07	 1.06	0.23	-0.46	43_I	[56.92071429 53.938      22.71414286]
-0.12	 -0.53	-0.15	0.14	43_I	[55.53270833 57.17254167 24.3315    ]
-0.04	 0.22	-0.15	0.02	43_I	[58.69467797 55.0280339  23.56540678]
-0.2	 -1.03	0.11	0.32	43_I	[55.52975714 54.67135714 24.8973    ]
0.05	 0.49	-0.17	-0.06	44_T	[58.17016667 59.77311111 23.89183333]
0.25	 1.44	0.2	-0.46	44_T	[58.6194     62.61753333 22.97186667]
-0.15	 -0.71	-0.1	0.22	44_T	[59.9524375 60.9294375 23.87475  ]
-0.03	 0.48	-0.12	-0.06	44_T	[61.18814286 61.98042857 21.45188095]
-0.1	 -0.45	0.06	0.1	44_T	[61.73208163 58.67938776 23.12734694]
0.23	 1.08	0.09	-0.35	45_I	[60.23840741 62.46174074 18.16781481]
0.13	 0.74	-0.07	-0.22	46_K	[50.22941667 55.79525    21.54941667]
0.04	 0.14	-0.11	-0.14	46_K	[52.053      57.46243182 23.15802273]
0.1	 0.77	-0.01	-0.24	47_H	[56.68645714 61.88068571 24.36077143]
0.08	 1.47	-0.4	0.0	47_H	[56.26683333 62.68758333 25.19425   ]
-0.09	 -0.33	-0.05	0.14	47_H	[56.84306522 62.32058696 26.10613043]
0.1	 0.67	-0.19	-0.09	47_H	[53.31421739 65.1376087  25.39269565]
-0.21	 -1.07	0.07	0.31	47_H	[56.04682979 63.16995745 28.33882979]
-0.13	 -0.53	-0.1	0.1	47_H	[53.82407407 64.21585185 27.3827037 ]
0.14	 2.39	0.05	-0.29	48_E	[56.72081818 67.39781818 22.15218182]
0.19	 0.43	0.1	-0.25	48_E	[55.79776471 68.46429412 20.82352941]
-0.07	 0.82	-0.31	0.06	48_E	[58.40995652 66.98482609 19.88356522]
-0.04	 0.49	0.38	-0.18	48_E	[59.48784375 64.6806875  19.505125  ]
-0.03	 0.24	-0.05	-0.04	48_E	[59.825      65.27072973 22.52132432]
-0.03	 -0.0	-0.16	0.13	48_E	[58.62841667 66.09697917 23.83716667]
-0.28	 -1.01	0.14	0.41	48_E	[61.5365641  65.49587179 21.90466667]
0.19	 1.48	0.27	-0.52	50_F	[51.1287 66.0672 23.7882]
0.15	 0.7	0.07	-0.29	50_F	[48.90339286 67.81803571 22.59485714]
0.1	 0.65	-0.03	-0.23	50_F	[49.20948 64.75708 23.27996]
0.17	 0.73	0.01	-0.21	50_F	[47.39616667 65.11204167 21.948125  ]
0.2	 1.42	0.34	-0.58	51_K	[52.23904167 66.29420833 23.91391667]
0.2	 0.99	-0.04	-0.23	51_K	[52.160625 69.899375 24.48675 ]
0.08	 0.19	0.03	-0.15	51_K	[53.56022222 71.37444444 22.28511111]
-0.01	 -0.24	-0.03	-0.09	51_K	[51.91796296 72.03607407 22.85318519]
-0.06	 -0.41	-0.01	0.08	51_K	[54.7015     69.64621429 23.71267857]
-0.0	 0.12	-0.06	-0.13	51_K	[53.16797674 67.79102326 25.78927907]
-0.05	 -0.23	-0.02	0.05	51_K	[56.53385714 68.53907143 24.76139286]
-0.16	 -0.76	0.05	0.25	51_K	[55.57758333 67.709      27.77955556]
-0.15	 -0.4	0.0	0.25	51_K	[57.99936364 66.36658182 27.09456364]
0.12	 0.59	-0.12	-0.19	52_E	[54.624      70.13072727 21.52981818]
0.15	 0.79	-0.07	-0.24	52_E	[54.25538462 71.78253846 21.10823077]
0.21	 1.25	0.09	-0.39	52_E	[55.50984615 69.94661538 19.83815385]
-0.08	 0.33	-0.26	0.06	52_E	[56.91622222 71.84566667 17.77933333]
-0.15	 -0.38	0.01	0.14	52_E	[56.33469444 72.26705556 19.81769444]
-0.06	 0.17	0.05	-0.03	52_E	[55.80519565 73.50915217 17.13230435]
0.21	 1.14	0.22	-0.46	53_A	[46.6605     71.02438235 18.1645    ]
0.22	 1.49	0.17	-0.45	53_A	[47.48563158 69.10052632 19.63557895]
0.08	 0.66	-0.1	-0.13	54_R	[49.37333333 74.6365     22.51583333]
-0.12	 -0.33	0.07	0.04	54_R	[46.85916 75.18208 21.88788]
0.02	 0.05	-0.0	-0.02	54_R	[48.92297143 73.119      23.74911429]
0.04	 0.61	-0.05	-0.14	54_R	[47.06521875 70.48140625 23.497     ]
-0.19	 -0.94	-0.03	0.27	54_R	[47.82918605 71.73388372 25.93344186]
0.03	 0.26	0.01	-0.1	54_R	[50.36042105 70.42847368 25.48694737]
-0.02	 -0.16	-0.05	0.03	54_R	[48.90609091 68.90331818 26.33186364]
-0.27	 -1.22	0.16	0.42	54_R	[47.34536 68.53682 27.42944]
-28.16	 -0.06	0.18	0.24	54_R	[50.56095455 67.32672727 26.16586364]
-0.14	 -0.28	-0.06	0.14	55_K	[49.38030769 76.37692308 21.01853846]
0.07	 0.27	0.06	-0.2	55_K	[47.674      76.12254545 19.47745455]
-0.16	 -0.54	-0.02	0.21	55_K	[49.12908696 76.84828261 17.44278261]
-0.02	 -0.54	-0.02	-0.03	55_K	[51.48063158 76.47631579 18.74894737]
-0.08	 -0.33	-0.04	0.08	55_K	[52.01151282 75.59782051 21.6875641 ]
0.09	 0.28	-0.03	-0.11	55_K	[53.84055556 75.72155556 18.89255556]
-0.15	 -0.54	-0.03	0.17	55_K	[55.00448148 74.89733333 21.79940741]
-0.29	 -1.13	0.17	0.44	55_K	[55.76233333 77.14255556 20.654     ]
0.16	 1.48	0.2	-0.47	56_Y	[47.597      76.05266667 16.39973333]
0.01	 -0.12	-0.1	-0.04	56_Y	[46.008875  76.024625  17.6956875]
0.12	 0.82	-0.01	-0.23	56_Y	[45.2        75.01809524 19.31438095]
0.07	 0.04	-0.13	-0.08	56_Y	[47.55688462 71.85426923 15.87211538]
-0.07	 -0.02	-0.12	0.03	56_Y	[48.84541026 74.09594872 13.80620513]
-0.15	 -0.34	0.04	0.17	56_Y	[50.92403125 74.98340625 13.3439375 ]
0.12	 0.86	-0.01	-0.23	56_Y	[52.53255556 74.92166667 16.86794444]
-0.05	 0.32	-0.06	0.03	56_Y	[51.72108333 75.55608333 15.49758333]
-0.08	 -0.06	0.03	0.04	56_Y	[53.77678 74.06186 13.89542]
0.09	 2.31	-0.01	-0.23	57_P	[45.14916667 76.40516667 16.65633333]
-0.05	 -0.04	-0.07	0.07	57_P	[43.27985714 75.67547619 17.5017619 ]
0.06	 0.69	-0.06	-0.17	57_P	[44.09184 71.7274  15.85762]
-0.12	 -0.59	-0.1	0.15	57_P	[42.30442222 75.31333333 14.67873333]
-0.27	 -1.39	0.16	0.4	57_P	[44.42190909 76.89215909 13.99845455]
-0.12	 -0.94	-0.11	0.12	57_P	[46.28181579 75.36897368 14.53176316]
0.18	 0.96	0.07	-0.28	58_L	[41.67364706 74.60758824 17.68988235]
0.14	 1.82	0.22	-0.47	58_L	[41.82457143 70.9765     14.4845    ]
0.08	 0.03	-0.18	-0.04	58_L	[37.983  71.5372 15.07  ]
-0.1	 -0.53	0.01	0.16	58_L	[38.48588406 73.55614493 16.37513043]
-0.16	 -0.63	0.05	0.2	58_L	[39.86709375 72.3470625  13.334375  ]
-0.03	 0.14	-0.09	-0.07	59_H	[43.3666     68.89953333 22.57133333]
0.26	 1.34	0.25	-0.51	59_H	[46.0221 70.1295 21.1218]
0.12	 1.01	-0.02	-0.25	59_H	[43.166625  74.6025625 20.0355625]
-0.02	 0.14	-0.12	-0.01	59_H	[44.43617143 72.15382857 23.95714286]
-0.17	 -0.79	0.01	0.23	59_H	[43.30730233 75.53102326 22.18869767]
-0.13	 -0.51	0.11	0.14	59_H	[43.91544118 74.00741176 24.05002941]
-0.02	 0.27	-0.02	-0.05	60_Q	[41.13343478 69.48147826 23.40843478]
0.14	 1.66	0.12	-0.4	60_Q	[39.22358333 68.68791667 22.27483333]
-0.2	 -0.58	-0.03	0.25	60_Q	[38.92889189 67.73351351 22.91551351]
-0.15	 -0.67	0.12	0.11	60_Q	[39.21528205 71.13194872 23.39887179]
-0.1	 -0.23	-0.08	0.1	60_Q	[37.8622619  71.80888095 20.68604762]
-0.21	 -0.79	-0.05	0.22	60_Q	[38.5767 74.1918 20.9216]
-0.01	 0.02	-0.0	-0.08	60_Q	[40.10855172 74.15251724 19.57727586]
-0.18	 -0.62	0.04	0.21	60_Q	[39.99131818 74.44713636 22.83388636]
0.05	 0.36	-0.14	-0.04	61_L	[37.92590909 66.76190909 20.39227273]
0.15	 0.73	-0.11	-0.21	61_L	[39.327      65.51054545 21.28381818]
-0.04	 -0.04	-0.06	-0.01	61_L	[39.69629268 64.71968293 18.99241463]
-0.01	 -0.1	-0.08	-0.07	61_L	[38.67395652 66.69621739 17.4366087 ]
0.22	 1.54	0.16	-0.41	61_L	[38.06669231 70.70007692 18.30376923]
-0.13	 -0.61	-0.02	0.16	61_L	[37.38322 68.90966 15.91154]
-0.21	 -1.0	0.15	0.29	61_L	[36.07319672 68.71231148 19.16404918]
0.17	 1.55	0.23	-0.49	62_L	[40.31308333 64.89975    22.30366667]
-0.1	 -0.12	0.03	0.01	62_L	[41.581      65.43841667 23.45220833]
0.15	 0.43	-0.01	-0.16	62_L	[44.4370625 65.9509375 22.0440625]
0.15	 0.22	0.03	-0.24	62_L	[46.11182609 67.5293913  20.85108696]
0.19	 1.08	0.18	-0.44	62_L	[42.44603333 64.9988     17.41436667]
-0.06	 0.75	-0.16	-0.0	63_Q	[41.48833333 63.08655556 24.28655556]
-0.02	 -0.02	-0.17	0.03	63_Q	[43.21522222 63.43033333 24.49022222]
0.11	 -0.07	0.07	-0.21	63_Q	[45.10988889 63.76183333 23.10444444]
0.08	 0.34	-0.21	-0.04	63_Q	[41.23078571 59.79928571 23.873     ]
0.0	 0.31	-0.25	-0.0	63_Q	[39.77148077 59.89630769 21.14603846]
-0.09	 -0.16	-0.12	0.11	63_Q	[38.71364706 61.40776471 23.059     ]
-0.25	 -0.89	0.2	0.33	63_Q	[39.13935897 61.36658974 24.53571795]
-0.19	 -0.63	0.0	0.26	63_Q	[38.01849206 62.67973016 21.89668254]
-0.02	 0.11	-0.02	-0.06	64_D	[42.5883  60.938   24.98585]
-0.04	 -0.57	-0.08	0.03	64_D	[45.25035714 62.51664286 25.23842857]
-0.14	 -0.61	-0.06	0.18	64_D	[44.09712195 59.80604878 26.57017073]
-0.14	 -0.34	-0.04	0.15	64_D	[46.01066667 59.06933333 27.92533333]
-0.23	 -0.65	0.04	0.36	64_D	[47.16897727 61.33690909 27.67518182]
-0.05	 -0.35	-0.04	-0.02	64_D	[47.85216667 58.62494444 27.02594444]
0.15	 0.79	0.1	-0.3	65_E	[47.53122727 62.2485     24.20677273]
0.16	 1.51	0.28	-0.54	65_E	[48.76271429 62.58571429 23.743     ]
0.09	 0.22	-0.01	-0.14	65_E	[50.02215 59.62685 25.47805]
-0.06	 -0.03	-0.12	0.08	65_E	[51.17526316 61.63257895 26.38526316]
-0.07	 0.34	0.06	-0.0	65_E	[50.72590909 63.58995455 25.03977273]
-0.03	 0.14	-0.02	-0.04	65_E	[53.12110256 60.74892308 25.43174359]
0.16	 0.99	-0.06	-0.2	66_S	[49.31836364 55.74145455 23.05745455]
0.16	 0.59	0.09	-0.29	66_S	[45.70609091 55.62618182 24.09309091]
-0.52	 -0.21	0.06	0.14	66_S	[47.42475  54.447775 22.284   ]
-0.17	 -0.8	0.07	0.23	66_S	[48.72195918 56.00008163 25.57440816]
-0.16	 -0.38	0.02	0.21	66_S	[46.035      56.57707143 26.18378571]
-0.11	 -0.03	-0.05	0.1	67_S	[44.3        55.10770588 22.50947059]
0.17	 0.72	0.07	-0.29	67_S	[46.2205     54.62385714 20.11364286]
0.06	 0.17	-0.0	-0.14	67_S	[44.09325926 54.63040741 19.67466667]
0.03	 0.69	0.01	-0.24	67_S	[41.95715385 56.83042308 21.55826923]
-0.11	 -0.2	0.02	0.1	67_S	[42.78793478 57.36326087 23.77763043]
0.22	 1.52	0.31	-0.55	68_Y	[49.28989474 55.16452632 20.25994737]
0.14	 0.79	-0.03	-0.23	68_Y	[41.97627273 59.98172727 17.22286364]
0.09	 0.22	-0.01	-0.21	68_Y	[41.50362857 62.08505714 18.7834    ]
0.1	 1.28	0.03	-0.24	69_I	[46.86105 52.9908  18.3799 ]
0.0	 0.21	-0.1	-0.07	69_I	[49.29123913 52.61069565 19.30336957]
0.15	 1.81	0.18	-0.43	71_V	[50.93935294 57.10994118  7.44870588]
0.18	 1.39	0.36	-0.61	71_V	[51.23216667 58.12941667  7.49258333]
0.15	 1.6	0.22	-0.47	71_V	[47.71158333 56.13991667  8.83875   ]
-0.02	 0.19	-0.25	-0.02	71_V	[48.70014754 54.7262623   7.16191803]
0.08	 0.69	-0.04	-0.16	71_V	[47.0923125 54.25475    9.4538125]
0.18	 0.79	0.07	-0.3	72_S	[51.97066667 56.75106667  5.89226667]
0.21	 1.8	0.19	-0.44	72_S	[51.54171429 54.87785714  5.303     ]
0.21	 1.48	0.11	-0.36	73_V	[54.86475   57.3694375  1.7828125]
-0.03	 0.08	-0.09	-0.03	73_V	[54.37034694 54.96726531  0.17326531]
-0.1	 0.05	-0.06	0.08	73_V	[51.96749254 56.06164179  2.5299403 ]
0.17	 1.36	0.11	-0.37	74_T	[57.5375     54.14495455 -0.20459091]
0.19	 0.99	0.09	-0.32	74_T	[57.31542105 49.07068421  2.81178947]
0.04	 0.15	-0.06	-0.13	74_T	[57.253      49.81590909  5.25639394]
0.13	 1.49	0.36	-0.61	75_Q	[60.83111111 54.14444444 -0.87322222]
0.15	 1.39	0.15	-0.41	75_Q	[60.10104167 52.284125   -0.84720833]
-0.17	 -0.45	-0.28	0.38	75_Q	[60.0337551  52.53897959 -2.10187755]
0.02	 0.58	-0.04	-0.14	75_Q	[62.2205     52.87270833 -0.41308333]
0.05	 0.43	-0.15	-0.08	75_Q	[62.20072727 55.78872727  0.5815    ]
-0.08	 -0.44	-0.07	0.12	75_Q	[64.13718182 55.76363636  1.54972727]
-0.25	 -0.86	0.15	0.4	75_Q	[64.95544737 54.21028947  0.14223684]
-0.11	 -0.47	0.02	0.16	75_Q	[64.97827273 54.38947727  3.28718182]
-0.08	 -0.1	-0.11	0.07	76_E	[59.3826875 49.6535    -2.1575   ]
0.04	 0.45	-0.07	-0.11	76_E	[57.826   50.454   -2.67875]
-0.1	 -0.16	-0.06	0.02	76_E	[56.42648276 48.44968966 -2.16989655]
-0.1	 -0.31	-0.09	0.06	76_E	[58.40037037 47.49255556  0.24077778]
-0.16	 -0.69	0.08	0.23	76_E	[60.77542857 47.63993878 -0.30102041]
-0.11	 -0.3	-0.16	0.09	76_E	[61.72406667 47.39426667  2.00213333]
0.01	 0.03	0.03	-0.06	76_E	[60.257125   48.87540625  3.51853125]
0.01	 -0.79	-0.07	-0.06	76_E	[62.45725 48.99805  0.26525]
0.1	 1.08	0.08	-0.35	77_A	[57.44836364 52.57663636 -1.51772727]
0.03	 0.15	-0.12	-0.12	77_A	[55.40110526 53.12831579 -1.37726316]
-0.12	 -0.36	-0.01	0.14	77_A	[52.77165909 51.20240909 -0.93402273]
-0.24	 -1.21	0.1	0.33	77_A	[55.08853333 51.50621667 -3.324     ]
0.19	 1.66	-0.09	-0.22	78_E	[52.00355556 49.78355556  0.72088889]
0.14	 1.46	0.16	-0.41	78_E	[52.49625   52.2868125  1.6845   ]
-0.08	 -0.12	-0.08	0.05	78_E	[53.90002941 48.32811765  3.36423529]
-0.13	 -0.68	0.02	0.13	78_E	[55.60173333 46.88686667  1.64713333]
-0.04	 0.16	-0.0	0.01	78_E	[53.54864286 46.82085714 -0.25510714]
-0.24	 -0.77	0.07	0.35	78_E	[ 5.19625946e+01  4.76223514e+01 -2.36216216e-02]
-0.24	 -0.88	0.06	0.36	78_E	[54.78644186 46.05144186 -1.11090698]
-0.02	 -0.12	-0.19	-0.02	79_R	[51.21822222 50.34414815  2.26255556]
0.15	 1.38	0.34	-0.57	79_R	[51.60388889 52.81766667  2.51544444]
0.19	 1.46	0.04	-0.32	79_R	[50.129875 50.886875  6.42025 ]
-0.14	 -0.27	0.02	0.13	79_R	[51.17559091 49.21615909  5.66904545]
-0.06	 -0.22	-0.06	0.1	79_R	[49.55347368 51.68289474  2.81252632]
0.06	 0.88	0.03	-0.2	79_R	[49.34858333 52.67408333  5.44375   ]
-0.17	 -0.6	-0.07	0.2	79_R	[48.00728205 53.23592308  3.392     ]
-0.01	 0.27	-0.03	0.01	79_R	[47.00905263 53.50963158  5.33921053]
-0.09	 -0.33	-0.07	0.13	79_R	[46.16681481 54.57822222  4.13733333]
-0.25	 -1.22	0.11	0.39	79_R	[46.00757407 55.08742593  2.20588889]
-0.2	 -0.88	-0.79	0.79	79_R	[45.05677586 55.5957069   5.32960345]
0.07	 0.24	-0.09	-0.07	80_E	[52.21281818 49.11090909  7.80536364]
0.19	 1.2	0.25	-0.51	80_E	[50.19205882 51.25570588  7.87364706]
0.09	 0.67	0.03	-0.23	80_E	[54.22894737 49.42426316  6.29310526]
-0.06	 -0.32	-0.04	0.04	80_E	[53.49314286 48.51907143  9.115     ]
-0.19	 -1.15	-0.01	0.24	80_E	[55.70946154 47.81915385  8.00692308]
0.0	 -0.28	0.01	-0.06	80_E	[57.35976923 49.05976923  7.77003846]
-0.14	 -0.26	0.04	0.19	80_E	[55.85532432 47.89381081 10.1317027 ]
-0.01	 0.32	-0.16	-0.03	81_E	[50.61925   49.6269375  9.076125 ]
0.03	 0.17	0.07	-0.09	81_E	[52.24737838 48.63113514 12.07745946]
0.03	 0.18	-0.05	-0.07	81_E	[49.29116667 48.73441667 11.29083333]
-0.07	 -0.05	-0.05	0.0	81_E	[47.98934483 51.18055172  9.24465517]
-0.08	 -0.11	-0.07	0.18	81_E	[45.8634     50.70846667 10.2652    ]
0.06	 0.42	-0.06	-0.14	81_E	[45.21643478 50.67426087 12.49891304]
-0.21	 -0.75	0.12	0.31	81_E	[46.50144681 48.58931915 10.76389362]
0.12	 1.09	-0.05	-0.19	82_F	[54.77721429 50.19035714 13.79017857]
0.16	 1.49	0.31	-0.55	82_F	[56.02578261 50.25482609 12.65691304]
0.16	 0.57	-0.11	-0.09	83_F	[53.1244 48.5909 14.9056]
0.02	 0.19	-0.1	-0.06	83_F	[53.7523 47.7466 18.1361]
-0.08	 -0.09	0.02	0.08	83_F	[52.62831111 50.03691111 19.54375556]
-0.14	 -0.64	0.03	0.17	83_F	[51.56094444 47.36533333 17.17872222]
-0.06	 -0.02	0.04	-0.06	83_F	[49.14177778 47.081      16.66011111]
-0.11	 -0.49	0.0	0.16	83_F	[49.11588889 48.82448148 18.33592593]
-0.08	 -0.17	0.04	0.02	83_F	[49.92436364 47.22754545 14.53230303]
-0.1	 -0.31	0.01	0.13	83_F	[46.95458065 49.02890323 17.48825806]
-0.13	 -0.44	-0.05	0.18	83_F	[47.8956  47.4412  13.72816]
-0.1	 -0.11	0.01	0.08	83_F	[46.14157692 48.42507692 14.97973077]
-0.0	 0.09	-0.19	-0.08	84_D	[54.61604545 48.39277273 16.32031818]
-0.03	 0.45	-0.1	0.0	84_D	[55.13846154 48.46038462 19.33      ]
0.24	 1.42	0.37	-0.6	84_D	[56.42838462 50.35657692 15.48919231]
-0.19	 -0.89	0.0	0.21	84_D	[56.17841379 47.16968966 16.90789655]
-0.15	 -0.38	-0.03	0.15	84_D	[57.12076923 46.727      19.22169231]
-0.01	 0.0	-0.03	-0.03	84_D	[57.66395 48.3244  20.41155]
-0.16	 -0.47	0.09	0.21	84_D	[59.1128     46.51197778 17.93791111]
0.06	 -0.05	0.02	-0.18	85_E	[55.93035 50.74585 20.393  ]
0.13	 0.81	0.08	-0.39	85_E	[57.46542105 52.68836842 21.59778947]
0.1	 0.21	0.02	-0.17	85_E	[55.2085     52.52672727 21.24045455]
0.14	 1.01	-0.15	-0.17	85_E	[53.557      52.05271429 20.45414286]
0.21	 1.63	0.11	-0.4	85_E	[52.15188889 52.48988889 19.80555556]
-0.08	 -0.06	-0.05	0.05	85_E	[52.35210638 54.02953191 21.52059574]
0.1	 1.37	0.3	-0.55	86_T	[57.39142857 51.12671429 21.178     ]
0.14	 1.12	0.09	-0.34	86_T	[60.2444375 52.8468125 21.884    ]
0.16	 1.55	-0.12	-0.18	86_T	[61.86014286 50.244      18.98085714]
-0.0	 -0.13	0.03	-0.04	86_T	[63.06628571 51.78509524 19.538     ]
-0.14	 -0.55	-0.07	0.18	86_T	[61.67766667 50.63179167 21.71595833]
-0.08	 -0.07	0.01	0.09	86_T	[60.7670625  48.571375   20.18334375]
-0.2	 -0.98	-0.01	0.37	86_T	[59.07161765 50.10513235 22.89502941]
0.07	 0.33	-0.04	-0.12	87_R	[62.45967857 50.80335714 16.97210714]
0.14	 1.51	0.2	-0.47	87_R	[62.0673 50.7427 14.7168]
-0.07	 -0.43	-0.05	0.05	87_R	[61.1288125  48.83765625 16.1960625 ]
-0.04	 0.02	-0.04	-0.06	87_R	[58.35431429 48.49862857 14.59028571]
-0.02	 -0.07	-0.02	-0.03	87_R	[61.39319231 48.83996154 13.24538462]
-0.11	 -0.32	-0.04	0.14	87_R	[59.64958333 47.522      12.07566667]
-0.14	 -0.08	-0.14	-0.03	87_R	[57.33951515 48.45924242 12.07060606]
-0.06	 0.01	0.03	0.02	87_R	[60.45023913 48.78058696 10.1706087 ]
0.15	 1.67	0.14	-0.42	88_R	[64.0099 51.7908 16.1472]
0.01	 0.06	-0.09	-0.03	88_R	[65.01052174 52.42786957 17.95117391]
-0.12	 -0.53	-0.0	0.18	88_R	[67.00819444 53.40477778 18.38016667]
0.11	 1.21	-0.11	-0.03	88_R	[67.82966667 51.867      16.459     ]
-0.03	 0.68	0.04	-0.08	88_R	[69.1739  52.81045 16.0074 ]
-0.14	 -0.59	0.05	0.2	88_R	[69.95664286 54.49648214 17.146375  ]
-0.17	 -0.8	-0.01	0.22	88_R	[69.83755102 53.06942857 14.24512245]
0.12	 1.61	0.03	-0.33	89_L	[63.6558 57.877  10.86  ]
0.1	 0.79	0.01	-0.17	89_L	[62.554875   56.58765625  9.689375  ]
0.12	 0.91	-0.03	-0.2	89_L	[63.62838462 59.76580769 11.40676923]
0.18	 0.91	0.13	-0.36	89_L	[60.83789286 60.31667857 10.172     ]
0.02	 0.02	-0.02	-0.06	90_C	[65.20112903 57.41493548 10.63851613]
0.14	 1.44	0.17	-0.46	90_C	[65.344      54.64016667  9.85277778]
-0.22	 -0.46	-0.15	0.23	90_C	[65.8458     54.2594      8.85182222]
-0.11	 -0.2	-0.01	0.1	90_C	[67.93589655 56.47106897 10.88406897]
0.05	 0.3	0.0	-0.17	90_C	[68.95323529 56.08002941 13.44826471]
0.07	 0.29	-0.03	-0.12	91_D	[65.59791667 51.62545833  9.93975   ]
-0.12	 0.08	-0.16	0.1	91_D	[63.38148 49.82624  9.93912]
-0.04	 -0.12	-0.03	-0.02	91_D	[64.1405     50.27492105 12.68055263]
-0.13	 -0.77	0.03	0.1	91_D	[67.0184375 50.5049375 12.8574375]
-0.08	 0.1	0.03	0.05	91_D	[67.73963636 52.454      11.965     ]
-0.09	 -0.33	0.07	0.13	91_D	[66.06364865 50.73794595 14.99121622]
0.17	 1.39	0.43	-0.65	92_L	[61.38441667 50.68383333  8.45808333]
0.17	 0.79	0.02	-0.27	92_L	[59.89729167 50.66983333  7.70525   ]
0.16	 0.86	0.09	-0.34	93_R	[62.82127778 54.5775      8.08255556]
0.09	 0.41	-0.04	-0.19	93_R	[63.71745 53.6953   6.0718 ]
0.15	 1.71	0.01	-0.23	93_R	[60.8802     50.4908      5.57673333]
-0.06	 -0.21	-0.09	-0.02	93_R	[63.76633333 50.82768889  6.99962222]
-0.2	 -1.06	0.06	0.25	93_R	[63.97710256 49.03215385  5.61125641]
0.06	 0.2	-0.01	-0.07	93_R	[65.41957143 51.13142857  3.97457143]
-0.11	 -0.32	-0.05	0.13	93_R	[66.00933333 49.418       3.28308333]
-0.19	 -0.72	0.05	0.23	93_R	[64.42276 47.66436  2.9464 ]
-0.17	 -0.62	0.07	0.25	93_R	[65.198      50.38074286  1.03048571]
0.15	 0.14	0.04	-0.21	94_L	[62.20182353 55.67994118  6.17323529]
-0.02	 -0.04	0.02	-0.03	94_L	[62.21313158 57.51286842  3.64465789]
0.02	 0.06	0.01	-0.1	94_L	[61.05462963 58.05318519  6.53914815]
0.08	 1.24	-0.03	-0.31	94_L	[61.22085714 57.05242857  8.58285714]
0.14	 0.83	0.02	-0.25	94_L	[60.62634783 58.742       8.59030435]
0.1	 1.28	0.29	-0.55	95_F	[61.21642857 59.27271429  3.01814286]
-0.08	 -0.09	-0.04	0.05	95_F	[61.350525 59.344075  1.139125]
0.08	 0.6	-0.06	-0.13	95_F	[57.409      56.13085714 -0.87892857]
0.0	 0.28	-0.11	-0.09	95_F	[60.0519   55.978525 -1.26525 ]
-0.02	 0.31	-0.07	-0.05	95_F	[56.33363636 58.39051515 -0.15378788]
-0.17	 -1.09	0.0	0.33	95_F	[60.15902128 57.48959574 -2.89680851]
-0.2	 -0.61	-0.01	0.22	95_F	[56.9995641  59.65051282 -2.35689744]
-0.22	 -1.1	0.12	0.26	95_F	[58.62368293 58.78746341 -3.68231707]
0.16	 1.25	0.15	-0.41	96_Q	[60.74826316 60.76394737  2.87526316]
0.13	 0.79	-0.06	-0.23	96_Q	[60.64554545 60.16290909  4.81918182]
0.17	 1.17	0.08	-0.31	96_Q	[56.56793333 60.9274      1.562     ]
-0.1	 -0.73	-0.09	0.07	96_Q	[57.65317647 63.33611765  2.64491176]
-0.0	 0.21	-0.05	-0.01	96_Q	[58.58508696 62.53447826  0.26973913]
-0.08	 -0.17	-0.04	0.01	96_Q	[59.93618182 61.6059697  -0.52124242]
-0.28	 -1.22	0.16	0.44	96_Q	[57.78802 63.9263  -0.6622 ]
0.08	 1.01	0.08	-0.28	97_P	[60.70428571 60.77914286  5.55557143]
0.15	 0.96	-0.01	-0.26	97_P	[60.28217647 60.83652941  7.34288235]
0.17	 1.31	0.08	-0.37	97_P	[57.31916667 63.267       5.07275   ]
0.12	 0.86	0.04	-0.27	97_P	[57.82380645 64.73725806  6.11074194]
0.04	 0.28	0.02	-0.2	97_P	[61.23313333 62.07093333  7.68756667]
-0.17	 -0.82	-0.01	0.21	97_P	[61.34755556 64.56384444  5.57353333]
-0.13	 -0.56	-0.04	0.11	97_P	[60.76693617 63.01857447  3.69448936]
0.07	 0.77	-0.05	-0.19	98_F	[54.71744444 63.90851852  5.55618519]
-0.0	 0.89	0.04	-0.12	98_F	[53.16376923 62.83576923  5.01230769]
0.11	 1.1	0.06	-0.27	98_F	[52.20133333 62.55333333  5.29983333]
-0.07	 0.25	-0.05	-0.03	98_F	[55.01552941 62.26417647  3.44641176]
-0.03	 -0.09	-0.0	-0.05	98_F	[51.36355556 59.59669444  5.26722222]
-0.0	 -0.1	0.07	-0.08	98_F	[54.57674074 59.8452963   2.43618519]
-0.15	 -0.42	-0.03	0.07	98_F	[52.46056 59.71164  3.14528]
0.11	 0.67	0.01	-0.24	100_K	[49.23218519 58.86322222  7.42514815]
0.15	 0.92	0.09	-0.38	100_K	[46.27321429 61.09471429  9.78457143]
-0.02	 0.35	-0.55	0.27	100_K	[46.64727027 58.29889189  7.38881081]
-0.14	 -0.47	-0.16	0.2	100_K	[45.77610526 61.08784211  6.955     ]
-0.27	 -0.88	0.04	0.38	100_K	[43.83301818 60.16043636  8.29605455]
0.08	 0.87	-0.02	-0.24	101_V	[45.0863     60.54476667 11.82443333]
0.1	 0.87	-0.07	-0.14	102_I	[43.62508333 58.74725    13.31083333]
-0.04	 0.13	-0.07	0.03	102_I	[43.2315     56.625      12.21421429]
-0.01	 -0.05	0.04	-0.09	102_I	[44.93945238 57.49383333 10.103     ]
-0.07	 -0.25	-0.04	0.06	102_I	[44.55011905 53.77909524 10.96478571]
0.02	 0.23	-0.06	-0.13	103_E	[42.63722222 58.14383333 14.63583333]
-0.04	 0.02	0.0	0.03	103_E	[41.40193548 55.1        13.66241935]
0.0	 -0.11	-0.01	-0.08	103_E	[40.68932143 57.27421429 16.059     ]
0.09	 0.67	-0.02	-0.17	103_E	[41.41029167 54.829125   18.8275    ]
-0.02	 0.57	-0.15	-0.1	103_E	[39.12159259 56.17822222 18.16622222]
-0.18	 -0.51	-0.11	0.36	103_E	[39.57582 56.27244 20.24432]
-0.18	 -0.66	-0.04	0.33	103_E	[39.14453488 58.23786047 18.15072093]
0.08	 0.86	-0.09	-0.23	104_P	[43.03222222 52.40994444 13.03105556]
0.15	 1.38	0.07	-0.38	104_P	[41.53       51.57326667 14.229     ]
-0.25	 -0.6	0.04	0.29	104_P	[41.23191429 50.62234286 13.4634    ]
-0.06	 -0.16	-0.16	0.04	104_P	[43.68928205 50.34312821 15.52233333]
0.04	 0.31	-0.06	0.03	104_P	[45.18516667 51.60333333 17.51633333]
0.05	 0.35	0.02	-0.15	104_P	[43.85284615 53.22503846 17.95661538]
0.16	 0.62	0.02	-0.21	105_V	[41.51018182 52.35518182 17.09927273]
-0.12	 0.04	-0.15	0.12	105_V	[39.36975    52.70495833 17.32583333]
-0.24	 -1.18	0.05	0.3	105_V	[38.57822222 49.80216667 15.67883333]
-0.24	 -0.9	0.15	0.34	105_V	[40.32723256 49.49065116 17.12388372]
-0.23	 -1.13	0.09	0.35	105_V	[38.15085965 53.03080702 14.85863158]
