-0.17	 -0.66	0.01	0.22	-4_G	[-25.30368421   6.01757895  29.06921053]
-0.2	 -1.0	0.11	0.27	-4_G	[-24.590775   7.09285   31.377525]
-0.05	 -0.03	-0.03	0.01	-4_G	[-24.61053333   9.69266667  31.2958    ]
-0.11	 -0.34	0.05	0.15	-4_G	[-25.68457692   9.63526923  28.89007692]
0.11	 1.1	-0.14	-0.03	-3_P	[-23.56266667   9.91233333  31.769     ]
-0.1	 -0.32	-0.0	0.11	-3_P	[-23.62872  11.63316  30.76708]
0.15	 1.73	0.08	-0.38	-3_P	[-21.432875  12.44525   28.5685  ]
-0.21	 -0.61	0.04	0.28	-3_P	[-23.45116279  12.64504651  27.90309302]
-0.22	 -1.02	0.04	0.34	-3_P	[-20.83615789  12.02889474  30.84960526]
-0.13	 -0.35	0.03	0.14	-3_P	[-19.73655102   9.61387755  30.33881633]
-0.18	 -1.02	0.0	0.21	-3_P	[-21.8587027    8.19343243  31.85159459]
0.04	 0.14	-0.11	-0.08	-2_L	[-22.09973333  11.91346667  25.46726667]
-0.04	 -0.16	-0.11	0.07	-2_L	[-24.22263636  11.32763636  25.78972727]
-0.13	 -0.57	0.06	0.16	-2_L	[-23.51843333  10.44223333  23.51616667]
0.13	 1.59	0.18	-0.45	-2_L	[-21.12181818  11.09327273  24.45781818]
0.05	 0.95	0.01	-0.16	-2_L	[-19.06975     9.6458125  27.6258125]
-0.05	 0.11	-0.1	-0.01	-2_L	[-17.64253659   9.62256098  25.08056098]
-0.19	 -1.06	0.06	0.28	-2_L	[-19.04118841  12.31089855  26.03753623]
0.14	 2.52	-0.01	-0.2	-1_G	[-24.94883333  10.44666667  26.74216667]
-0.13	 -0.68	0.01	0.14	-1_G	[-26.037        8.73780435  25.53786957]
0.17	 1.13	-0.02	-0.22	-1_G	[-24.92183333   7.86441667  23.42225   ]
-0.06	 -0.53	-0.03	0.08	0_S	[-26.38477778   6.33683333  24.87005556]
0.08	 0.16	-0.08	-0.13	0_S	[-24.73271429   4.35647619  25.88742857]
0.14	 1.48	0.22	-0.49	0_S	[-24.4869   3.245   22.1621]
0.21	 0.91	0.09	-0.34	0_S	[-23.2155625   3.1095625  24.2700625]
-0.23	 -1.12	0.06	0.31	0_S	[-27.18926531   4.23532653  24.46579592]
-0.24	 -0.82	0.04	0.34	0_S	[-25.89273171   2.26126829  23.53102439]
-0.02	 -0.1	-0.1	-0.1	1_M	[-25.547        5.83279167  21.75808333]
-0.02	 -0.42	-0.15	0.04	1_M	[-24.4137    3.87345  20.57315]
0.21	 1.37	0.16	-0.42	1_M	[-22.07276923   4.03207692  19.70384615]
-0.06	 -0.28	-0.04	-0.04	1_M	[-25.48119512   6.46329268  19.56390244]
0.0	 -0.29	-0.08	-0.01	1_M	[-23.82414286   4.44061905  18.16847619]
-0.16	 -0.57	-0.07	0.14	1_M	[-25.23831579   6.45336842  16.17757895]
-0.28	 -1.44	0.19	0.45	1_M	[-27.24109524   4.951       17.46888889]
0.19	 1.16	0.11	-0.33	2_A	[-23.491125    8.03275    21.5243125]
-0.05	 -0.04	-0.04	0.0	2_A	[-21.25217647   9.98280392  21.70407843]
0.17	 1.6	0.15	-0.43	3_E	[-18.42133333   5.90058333  25.62066667]
0.14	 1.33	0.07	-0.33	3_E	[-19.93054545   2.78872727  24.91936364]
0.17	 0.97	0.1	-0.35	3_E	[-17.77543478   4.65295652  25.20143478]
-0.04	 -0.1	0.03	-0.06	3_E	[-21.31630435   3.74465217  25.84604348]
-0.11	 -0.35	-0.04	0.1	3_E	[-19.62074286   6.0472      27.56171429]
-0.01	 0.3	0.02	-0.16	3_E	[-21.20994444   6.458       29.32755556]
-0.08	 -0.04	-0.04	0.11	3_E	[-22.99274194   4.75045161  28.31112903]
0.12	 0.79	-0.2	-0.1	4_S	[-21.07475    2.6975    24.383625]
0.04	 -0.12	-0.15	0.01	4_S	[-19.9498125   1.200875   23.4721875]
0.05	 0.84	-0.04	-0.16	4_S	[-19.24261538   1.92238462  20.00561538]
-0.06	 -0.05	-0.18	0.02	4_S	[-18.3095    0.74945  21.18455]
-0.18	 -0.92	0.05	0.27	4_S	[-21.46306061   1.31312121  20.75663636]
-0.19	 -0.27	-0.02	0.18	4_S	[-22.94910638   1.36097872  22.85604255]
0.06	 0.53	-0.16	-0.04	5_E	[-17.83927273   3.12672727  18.69259091]
0.17	 0.95	0.18	-0.43	5_E	[-15.70059091   3.86163636  18.54818182]
0.09	 0.51	-0.1	-0.09	5_E	[-17.43915385   5.85715385  17.94623077]
-0.08	 -0.56	-0.01	0.11	5_E	[-19.91115789   4.23821053  17.65544737]
0.11	 0.62	0.11	-0.33	5_E	[-18.86556522   7.09917391  16.67569565]
0.16	 0.79	0.04	-0.3	5_E	[-19.57339286   8.633       17.31410714]
-0.01	 0.51	-0.03	-0.01	5_E	[-21.35076923   5.64519231  15.77280769]
0.21	 1.2	0.25	-0.51	6_L	[-13.7081   4.0258  24.4407]
0.11	 1.52	0.12	-0.42	6_L	[-16.35158333   5.14391667  25.03166667]
-0.03	 -0.58	-0.21	-0.0	6_L	[-14.13480769   5.32926923  25.19907692]
0.16	 0.86	0.04	-0.31	6_L	[-12.45845455   7.44706061  23.97790909]
-0.08	 -0.14	0.06	0.08	6_L	[-15.33584211   7.63425     25.87213158]
0.19	 1.25	0.08	-0.36	7_M	[-14.17576   2.28304  25.03724]
0.04	 0.44	-0.12	-0.1	7_M	[-14.95236364  -0.53836364  23.13263636]
-0.01	 -0.21	-0.17	-0.01	7_M	[-13.7406    0.15235  24.34035]
-0.1	 -0.53	-0.06	0.12	7_M	[-16.89970588  -0.05235294  24.05441176]
-0.09	 -0.23	-0.28	0.11	7_M	[-17.62577778   2.62897222  25.95322222]
-0.24	 -1.11	0.02	0.34	7_M	[-15.49092157   1.71827451  27.59172549]
-0.24	 -1.27	0.14	0.35	7_M	[-16.6539589   -0.92864384  27.42817808]
0.14	 0.72	-0.01	-0.23	8_H	[-16.386    0.0751  22.0018]
0.08	 0.1	0.03	-0.13	8_H	[-14.90091667  -1.019       21.26683333]
0.0	 0.39	-0.14	-0.08	8_H	[-16.89460714   0.6625      19.33046429]
0.01	 -0.0	-0.05	0.0	8_H	[-16.1955   -1.46375  19.407  ]
-0.13	 -1.03	0.06	0.15	8_H	[-17.24782759  -0.39358621  17.17768966]
-0.03	 0.13	-0.11	-0.02	8_H	[-13.83219355  -2.47796774  19.13567742]
-0.19	 -0.54	-0.08	0.31	8_H	[-16.63661364  -2.50620455  15.80565909]
0.01	 0.86	0.02	-0.16	8_H	[-14.38990476  -3.7807619   16.84490476]
0.13	 1.38	0.39	-0.62	9_I	[-14.456625   4.12975   17.60475 ]
0.09	 0.72	0.03	-0.3	9_I	[-14.75952778   6.08794444  17.08183333]
-0.01	 -0.02	-0.14	-0.08	10_H	[-12.06954839   2.77693548  24.94493548]
-0.17	 0.38	-0.07	0.13	10_H	[-10.88271429   2.27014286  26.52571429]
-0.08	 0.47	-0.01	-0.04	10_H	[-9.77639394  4.85878788 25.98312121]
-0.01	 0.18	0.01	-0.08	10_H	[-9.80839286  0.32910714 26.481     ]
-0.14	 -0.45	-0.04	0.15	10_H	[-8.48        3.50481818 28.16290909]
0.07	 1.07	0.02	-0.14	10_H	[-7.591    1.37455 28.0311 ]
0.15	 1.79	0.11	-0.35	11_S	[-11.305       -0.18054545  24.11645455]
0.14	 1.88	0.09	-0.32	11_S	[-10.52736364  -1.17918182  24.30772727]
-0.04	 0.04	0.06	-0.06	11_S	[-12.4804      -2.35286667  22.31573333]
-0.05	 0.02	-0.02	-0.02	11_S	[-11.4648      -3.87894286  21.70162857]
0.24	 1.25	0.39	-0.62	12_L	[-11.40313636  -2.42277273  18.59436364]
0.17	 1.63	0.23	-0.49	14_E	[-6.36216667 -3.92091667 25.11516667]
0.14	 1.14	0.06	-0.27	14_E	[-7.37131579 -2.79557895 26.81      ]
0.11	 0.97	0.05	-0.3	14_E	[-7.9048125 -0.8475625 27.90025  ]
-0.12	 -0.16	-0.05	0.13	14_E	[-9.269      -2.70092308 26.13778846]
0.11	 0.94	0.02	-0.24	15_H	[-4.91193333 -5.92326667 21.85266667]
0.15	 -0.63	0.06	-0.22	15_H	[-3.49544444 -6.23266667 20.11244444]
0.07	 0.44	-0.08	-0.13	15_H	[-5.6587 -6.372  20.1441]
-0.02	 0.23	0.01	-0.06	15_H	[-6.88953846 -6.71761538 20.92307692]
-0.0	 0.63	-0.13	-0.16	15_H	[-8.61440909 -6.86318182 19.60254545]
-0.01	 0.42	-0.02	-0.11	15_H	[-7.01845946 -5.64162162 23.84554054]
-0.18	 -0.79	0.06	0.24	15_H	[-10.47182051  -6.6774359   21.80512821]
-0.16	 -0.23	-0.07	0.23	15_H	[-9.21834483 -5.79589655 23.94865517]
0.15	 1.25	-0.03	-0.23	18_Q	[-0.47372727 -7.48109091 22.01209091]
0.21	 1.49	0.32	-0.56	18_Q	[ 1.356      -7.98322222 21.532     ]
0.06	 0.46	0.01	-0.21	18_Q	[-2.03103846 -6.89276923 23.32065385]
0.06	 0.84	-0.83	0.34	18_Q	[-2.91981818 -6.99181818 26.17963636]
-0.08	 0.08	-0.31	0.12	18_Q	[-4.51522727 -6.78468182 24.53093182]
-0.02	 0.14	0.01	-0.12	18_Q	[-4.27386047 -4.81951163 26.89565116]
0.15	 0.79	0.02	-0.24	19_Y	[-1.6611 -6.6621 20.7859]
-0.08	 -0.39	-0.11	-0.03	19_Y	[ 0.42642105 -7.81626316 20.23589474]
0.03	 0.19	-0.09	-0.13	19_Y	[ 2.79985714 -7.32214286 17.94185714]
0.09	 0.65	0.01	-0.21	19_Y	[-2.2049375 -7.243125  18.717125 ]
-0.09	 -0.42	-0.01	0.09	19_Y	[-0.65330303 -9.1010303  17.55033333]
-0.17	 -0.83	0.05	0.22	19_Y	[-0.03285714 -9.76111905 15.51430952]
0.2	 1.76	0.17	-0.44	19_Y	[ 2.16075 -6.76725 15.6195 ]
0.05	 0.57	-0.12	-0.14	19_Y	[ 0.49135294 -7.88991176 14.05232353]
-0.19	 -0.38	0.06	0.23	19_Y	[ 1.28580435 -9.00017391 12.81943478]
0.04	 0.45	-0.34	0.06	20_V	[ 5.53615152 -4.87309091 18.28884848]
0.2	 0.98	0.14	-0.41	20_V	[ 4.60268 -2.3886  16.92508]
0.11	 1.08	-0.07	-0.16	21_L	[ 6.2275     -3.99758333 21.2955    ]
0.09	 2.68	-0.03	-0.18	21_L	[ 6.422   -5.68825 21.10725]
-60.55	 -0.67	0.69	0.36	21_L	[ 6.35717778 -6.04973333 22.96357778]
0.12	 0.64	0.04	-0.19	21_L	[ 4.66590909 -4.60809091 24.37627273]
0.17	 1.22	0.12	-0.31	21_L	[ 4.03671429 -3.05835714 25.73507143]
0.16	 0.92	-0.0	-0.27	21_L	[ 6.66514634 -2.8435122  23.15458537]
-0.01	 0.26	-0.08	-0.03	22_Q	[ 2.84757895 -9.06057895 21.06357895]
0.12	 1.43	0.01	-0.25	22_Q	[ 3.89480952 -8.67371429 23.61271429]
-0.1	 -0.4	-0.06	0.1	22_Q	[ 4.7209   -9.90845  24.181225]
-0.12	 -0.39	-0.12	0.07	22_Q	[ 5.846875  -9.651625  21.7800625]
0.0	 0.2	-0.04	-0.06	22_Q	[ 5.52021875 -8.08959375 19.1860625 ]
-0.12	 -0.27	-0.05	0.08	22_Q	[ 7.35344828 -9.09782759 19.6547931 ]
-0.26	 -1.29	0.15	0.43	22_Q	[  8.14647368 -10.20760526  20.48136842]
-0.25	 -0.98	0.15	0.4	22_Q	[ 7.86636364 -8.71352727 17.64392727]
0.08	 0.55	-0.01	-0.18	23_V	[ 3.24841667 -7.9595     26.03608333]
0.12	 0.58	-0.08	-0.17	23_V	[  2.1655     -11.08583333  23.555     ]
-0.03	 -0.07	-0.17	-0.01	23_V	[ 0.05939216 -9.83096078 23.27052941]
-0.01	 0.2	-0.23	-0.0	23_V	[-0.28747297 -8.24622973 26.95193243]
0.03	 -0.33	-0.01	-0.05	23_V	[ 3.13696552 -5.88986207 26.19010345]
-0.06	 -0.29	-0.04	0.04	24_P	[  1.59458333 -12.84125     24.15408333]
0.12	 1.35	0.24	-0.49	24_P	[ -1.22794737 -11.96657895  25.49710526]
0.11	 0.8	0.04	-0.27	24_P	[ -0.943      -11.60727778  26.65002778]
-0.17	 -0.62	0.04	0.2	24_P	[  1.30930952 -13.47004762  27.02538095]
-0.24	 -1.27	0.08	0.38	24_P	[  3.78706383 -12.56442553  27.09025532]
-0.11	 -0.46	-0.05	0.06	24_P	[  3.48318605 -10.41316279  26.65037209]
0.01	 -0.33	-0.06	0.01	25_A	[ -0.30826667 -13.3168      23.11506667]
0.18	 0.89	-0.01	-0.24	25_A	[ -2.34355556 -11.25877778  24.23355556]
0.06	 1.01	-0.16	-0.08	25_A	[ -2.4102 -15.2222  23.0557]
-0.11	 -0.19	0.02	0.09	25_A	[ -1.56       -15.52443182  25.06734091]
-0.14	 -0.48	-0.0	0.2	25_A	[ -3.00404286 -12.77142857  21.96325714]
0.07	 0.51	-0.07	-0.13	26_F	[ -3.57682353 -16.85905882  26.07064706]
-0.07	 0.23	0.03	0.05	26_F	[ -7.52563333 -16.2716      25.22873333]
-0.12	 -0.37	-0.02	0.14	26_F	[ -5.26383784 -15.36148649  27.47002703]
-0.1	 -0.16	-0.09	0.12	26_F	[ -6.03416667 -13.38783333  27.90566667]
-0.11	 -0.45	0.1	-0.09	26_F	[ -3.90955  -13.0542    28.177775]
-0.09	 -0.19	-0.01	0.07	26_F	[ -7.15389474 -12.97889474  26.13078947]
-0.17	 -0.95	-0.05	0.31	26_F	[ -3.44127586 -10.89010345  28.3437931 ]
-0.16	 -0.72	-0.16	0.25	26_F	[ -6.30381818 -10.84281818  25.17147727]
-0.14	 -0.11	-0.42	0.24	26_F	[-4.32944118 -9.53757353 26.26695588]
0.09	 0.3	-0.02	-0.18	27_E	[ -4.150375   -16.4505      22.82104167]
-0.15	 -0.55	-0.02	0.19	27_E	[ -5.5522  -17.50175  21.28145]
0.04	 0.52	-0.02	-0.23	27_E	[ -7.90657143 -16.92685714  22.1115    ]
-0.17	 -0.69	-0.02	0.23	27_E	[ -9.13417949 -17.40997436  21.92066667]
-0.12	 -0.67	-0.03	0.13	27_E	[ -7.35144737 -19.44578947  22.82026316]
-0.19	 -0.93	0.09	0.27	27_E	[ -5.07443478 -20.48028261  22.67380435]
-0.11	 -0.29	0.06	0.03	27_E	[ -4.30284211 -20.43052632  25.31047368]
-0.22	 -0.65	0.07	0.33	27_E	[ -5.53145455 -19.37157576  26.25642424]
-0.24	 -0.8	0.02	0.36	27_E	[ -2.90097674 -19.58462791  24.51706977]
0.17	 1.39	0.01	-0.24	28_S	[ -6.03723077 -14.98084615  21.39946154]
-0.07	 -0.16	-0.02	0.14	28_S	[ -9.28407692 -14.978       23.05415385]
0.18	 1.26	0.15	-0.42	28_S	[ -9.58116667 -16.24116667  19.76333333]
-0.12	 -0.35	-0.02	0.15	28_S	[ -7.63594118 -15.45611765  19.12367647]
-0.1	 -0.36	0.03	0.1	28_S	[ -8.66048718 -12.62746154  22.83615385]
-0.06	 -0.01	-0.04	0.01	28_S	[ -6.68592683 -12.28931707  21.10268293]
-0.0	 0.07	-0.08	-0.05	29_A	[-10.56095833 -14.0745      21.02591667]
-0.02	 -0.13	-0.07	-0.01	29_A	[ -9.76891667 -14.66291667  17.38241667]
0.14	 1.02	-0.01	-0.25	29_A	[-10.36615 -12.56275  18.45615]
-0.21	 -0.75	0.04	0.26	29_A	[-12.53848276 -11.85203448  18.76989655]
-0.22	 -1.05	0.03	0.33	29_A	[-11.98646053 -15.33285526  18.63025   ]
-0.06	 -0.08	-0.11	0.15	30_P	[-9.77848148 -9.914      18.80585185]
0.08	 1.47	0.18	-0.46	30_P	[-12.92457143 -11.24114286  16.80857143]
-0.06	 -0.14	-0.05	0.1	30_P	[-11.47090476 -11.8192381   15.17809524]
-0.01	 -0.06	-0.13	-0.07	30_P	[-8.4068125 -8.9873125 18.029375 ]
-0.05	 -0.06	-0.01	-0.03	30_P	[ -7.37948936 -11.30378723  15.71078723]
-0.12	 -0.19	-0.07	0.06	30_P	[ -7.84538889 -12.74997222  17.64558333]
0.04	 -0.81	-0.02	-0.13	31_S	[-12.06664706  -9.15235294  17.89570588]
-0.12	 -0.51	-0.11	0.14	31_S	[-13.8508  -10.13625  15.86185]
0.16	 1.44	0.09	-0.36	31_S	[-11.4701875 -10.323      13.30175  ]
-0.19	 -0.83	0.02	0.24	31_S	[-14.37571429  -7.34338776  16.27814286]
0.24	 1.13	-0.08	-0.2	31_S	[-13.04146154  -5.32946154  16.92730769]
-0.07	 -0.11	-0.11	0.05	32_Q	[-14.00481481  -9.21855556  13.1352963 ]
0.11	 0.99	0.05	-0.23	32_Q	[-11.96890909 -10.24927273  11.76372727]
-0.1	 -0.26	0.04	0.09	32_Q	[-14.483       -8.94964286  11.209     ]
0.15	 1.42	0.04	-0.33	32_Q	[-13.0226 -10.3342   9.3926]
-0.03	 -0.16	-0.06	0.06	32_Q	[-14.20323077 -10.24730769   8.57784615]
-0.22	 -0.76	0.11	0.3	32_Q	[-16.07732353  -8.71497059   8.68373529]
-0.1	 -0.77	0.0	0.12	32_Q	[-14.11581818  -9.21342424   6.26954545]
0.16	 2.05	0.1	-0.33	33_A	[-14.03914286  -6.19421429  13.06492857]
0.1	 0.73	-0.01	-0.22	33_A	[-14.52334286  -3.939       13.67268571]
0.2	 1.4	0.35	-0.59	34_C	[-8.403      -7.17384211 17.99605263]
0.03	 0.51	-0.11	-0.16	34_C	[-11.095825  -5.411     18.654   ]
0.14	 1.49	0.31	-0.56	35_R	[-5.72676923 -8.71684615 13.15769231]
0.1	 0.58	-0.02	-0.21	35_R	[-5.0505625 -8.1899375 11.7523125]
-0.06	 -0.1	-0.07	0.05	35_R	[ -6.17315385 -10.28741026  12.18738462]
-0.2	 -0.61	0.01	0.26	35_R	[ -7.77144444 -12.38971111  11.63855556]
-0.04	 -0.16	-0.03	0.03	35_R	[-10.11277419 -11.62529032  11.27564516]
-0.1	 0.34	0.04	0.06	35_R	[ -9.38033333 -11.8465       8.38733333]
-0.36	 0.31	-0.19	0.06	35_R	[ -7.35837255 -10.00911765   8.17264706]
-0.08	 -0.27	0.08	0.08	35_R	[-11.34341379 -11.24231034   8.84803448]
0.18	 0.8	0.1	-0.35	36_V	[-7.04911538 -6.65303846  8.43523077]
0.16	 1.18	0.03	-0.28	36_V	[-7.99475    -5.29414286  6.70167857]
0.13	 1.96	0.03	-0.35	36_V	[-8.09185714 -6.92157143  7.58628571]
0.14	 1.37	0.04	-0.36	38_Q	[-1.64661905 -6.66766667 11.98280952]
0.14	 0.44	0.07	-0.26	38_Q	[-3.34585714 -7.7357619  13.62414286]
0.12	 1.93	0.06	-0.3	38_Q	[-3.434   -8.007   17.44175]
-0.07	 0.22	-0.06	0.01	38_Q	[-4.48486047 -9.12890698 15.74560465]
-0.0	 0.17	-0.04	-0.12	38_Q	[-5.88476316 -7.4295     18.24476316]
0.14	 0.96	0.08	-0.33	39_R	[-3.44476923 -7.286      11.33515385]
-0.05	 0.31	0.02	0.11	39_R	[-1.4073  -6.8688  10.10855]
0.09	 1.47	0.28	-0.53	39_R	[-1.93714286 -4.71871429  7.16771429]
0.02	 0.47	-0.06	-0.17	39_R	[-0.39717647 -5.02385294  8.23561765]
0.01	 0.3	-0.17	-0.1	39_R	[-4.53641463 -7.41353659  8.71407317]
-0.1	 -0.48	-0.17	0.09	39_R	[-2.54215556 -6.53328889  6.70124444]
-0.15	 -0.7	-0.03	0.18	39_R	[-2.46078431 -9.29970588  7.04456863]
-0.33	 -0.21	-0.44	0.22	39_R	[-5.20751724 -8.87386207  6.31951724]
-0.13	 -0.51	-0.02	0.14	39_R	[-3.95016 -9.51408  4.8706 ]
-0.28	 -1.38	0.19	0.45	39_R	[ -2.36321277 -10.42674468   3.96074468]
-0.26	 -0.9	-0.01	0.41	39_R	[-5.66872 -9.6257   3.83082]
0.17	 0.82	0.02	-0.26	40_V	[-2.38877778 -3.36227778  6.61472222]
-0.01	 -0.17	-0.05	-0.08	40_V	[-3.53421429 -0.00828571  5.90738095]
-0.02	 -0.07	-0.07	0.01	40_V	[-5.22702632 -3.89002632  5.99263158]
0.17	 1.49	0.27	-0.53	42_F	[ 0.45464286 -5.99157143 11.60778571]
-0.06	 0.18	-0.09	-0.02	42_F	[ 2.29467568 -6.18389189 10.41451351]
0.03	 0.31	-0.05	-0.08	42_F	[ 4.66519737 -4.40197368 14.44935526]
-0.17	 -0.44	-0.11	0.19	42_F	[ 4.54892593 -7.69233333 11.446     ]
-0.13	 -0.65	0.04	0.2	42_F	[ 5.42697727 -6.69788636 13.33595455]
0.16	 1.42	0.21	-0.43	43_S	[ 1.66657143 -4.29157143  8.83664286]
0.17	 1.48	0.04	-0.3	43_S	[ 3.54315 -3.55305  7.9323 ]
0.11	 0.9	0.05	-0.26	43_S	[ 2.24785714 -0.28292857  6.05692857]
-0.05	 -0.27	-0.22	0.07	43_S	[ 4.11896 -0.65012  6.12088]
-0.24	 -1.08	0.07	0.35	43_S	[ 2.06345  -3.57805   5.977175]
-0.07	 -0.12	-0.03	0.04	43_S	[-0.17359259 -1.89437037  5.91251852]
0.19	 1.66	0.13	-0.41	44_V	[2.10241667 1.22291667 6.20575   ]
0.07	 0.69	-0.0	-0.17	44_V	[1.53942857 4.35317857 7.44510714]
-0.06	 -0.14	-0.03	0.01	44_V	[-0.7342931   2.2642069   6.52748276]
0.24	 1.62	0.2	-0.44	45_Q	[ 5.12104167 -0.81220833 13.03525   ]
0.14	 0.87	0.06	-0.38	45_Q	[ 4.76865 -1.14385 15.00895]
0.08	 0.68	-0.04	-0.22	45_Q	[ 5.6584     -0.9704     15.87713333]
0.13	 2.2	0.08	-0.3	46_K	[ 8.53854545 -0.37090909 10.12527273]
0.09	 0.72	-0.05	-0.15	46_K	[8.0742     0.40073333 6.9388    ]
-0.01	 0.22	-0.15	-0.04	46_K	[9.25666667 0.55852381 8.37666667]
-0.09	 -0.38	-0.02	0.07	46_K	[ 7.35563636 -2.01390909  7.97978788]
0.06	 0.54	-0.21	-0.05	46_K	[ 6.77565854 -2.18482927 11.49336585]
-0.15	 -0.87	0.06	0.18	46_K	[ 8.05071111 -4.33051111  9.94346667]
-0.07	 0.01	-0.2	0.06	46_K	[ 5.04367857 -4.554       8.04767857]
-0.25	 -1.19	0.14	0.4	46_K	[ 6.5522449  -6.69220408  8.74604082]
0.15	 1.08	0.04	-0.26	47_E	[6.20791667 0.21766667 6.45183333]
0.03	 0.79	-0.03	-0.1	47_E	[7.89485 2.1051  5.4968 ]
-0.05	 -0.16	-0.09	0.07	47_E	[5.4325625 1.3521875 4.8063125]
0.08	 0.39	0.0	-0.17	47_E	[5.15642857 4.32330952 5.25719048]
-0.13	 -0.66	-0.03	0.14	47_E	[4.56244828 3.73303448 3.20865517]
-0.19	 -0.34	0.05	0.27	47_E	[3.06614894 2.5086383  3.88329787]
-0.27	 -0.94	0.09	0.37	47_E	[5.31221053 4.59223684 1.96207895]
0.18	 2.11	0.09	-0.35	48_V	[6.049   5.90985 7.409  ]
0.31	 1.39	0.04	-0.31	48_V	[ 5.36891667  8.05716667 11.55233333]
0.03	 0.11	-0.04	-0.09	48_V	[3.47923077 6.41548077 9.68911538]
0.12	 1.14	0.46	-0.7	49_E	[11.0035    4.3275   11.943875]
0.06	 0.44	-0.14	-0.07	49_E	[11.6519  2.565  10.1383]
0.05	 0.54	-0.07	-0.15	49_E	[12.7543      4.21896667 10.56486667]
-0.05	 -0.47	-0.02	0.05	49_E	[10.40925     1.88967857 11.81478571]
0.07	 0.71	-0.03	-0.11	49_E	[ 9.52282353  3.39852941 14.16988235]
-0.09	 -0.66	-0.01	0.05	49_E	[ 9.9095  1.1759 14.4159]
0.13	 -0.57	0.02	-0.19	49_E	[ 8.69178947  2.02747368 16.05857895]
0.02	 0.4	-0.07	-0.09	49_E	[ 8.36931707 -0.69136585 12.69678049]
0.11	 1.5	0.04	-0.26	50_K	[10.78491667  1.80483333  8.90858333]
-0.14	 -0.24	-0.12	0.1	50_K	[12.88685  2.83235  7.78975]
-0.03	 0.18	-0.04	0.0	50_K	[13.4785625  5.460875   6.646125 ]
-0.09	 0.14	-0.1	0.07	50_K	[10.66808696  1.24608696  6.73291304]
-0.03	 -0.35	-0.08	0.03	50_K	[12.90096875  3.2125625   4.86646875]
-0.16	 -0.67	-0.06	0.17	50_K	[10.95867442  1.17797674  4.51216279]
-0.26	 -1.2	-0.01	0.36	50_K	[12.62880488  2.51526829  2.45639024]
-0.29	 -1.33	0.21	0.47	50_K	[13.01090741  0.13435185  1.90446296]
0.02	 -0.38	-0.09	-0.04	51_N	[11.24629412  6.88411765  4.67276471]
-0.05	 -0.01	0.03	0.08	51_N	[11.79128  9.38638  6.47996]
-0.07	 -0.12	-0.13	0.05	51_N	[8.6905625 8.3776875 4.955625 ]
-0.2	 -0.85	-0.02	0.21	51_N	[9.2607 7.0542 3.1715]
-0.05	 0.1	-0.02	0.02	51_N	[9.24746341 4.65829268 3.50795122]
-0.15	 -0.22	0.04	0.11	51_N	[6.85338776 6.79489796 4.01430612]
0.03	 1.01	-0.01	-0.07	52_L	[ 9.12105882 10.89358824  8.06276471]
-0.05	 -0.11	0.03	0.01	52_L	[7.188625  8.7210625 7.450875 ]
-0.09	 -0.32	-0.07	0.13	52_L	[ 7.25746667 10.61341333 10.54133333]
0.17	 1.77	0.13	-0.37	53_K	[13.5996  7.7652  8.231 ]
0.2	 1.45	0.15	-0.39	53_K	[13.624       6.21089474 12.03684211]
-0.02	 0.14	-0.14	-0.01	53_K	[15.51441667  6.50983333  8.61008333]
0.03	 0.45	-0.04	-0.12	53_K	[15.79807692  5.46230769 11.15557692]
-0.25	 -0.87	-0.07	0.28	53_K	[16.265       3.96897561  9.14673171]
-0.23	 -1.09	0.1	0.34	53_K	[18.00497727  2.97838636 11.14529545]
-0.17	 -0.69	0.13	0.23	53_K	[19.2625      5.09906522 11.20547826]
0.09	 0.19	0.0	-0.17	54_S	[15.28233333  8.64316667  9.00194444]
0.0	 -0.08	-0.05	-0.03	54_S	[17.403       9.04866667 10.76961905]
0.15	 0.75	0.03	-0.29	54_S	[15.47594118 12.75094118 10.93011765]
0.03	 0.33	-0.04	-0.13	54_S	[17.04178947 11.97336842 12.78957895]
-0.26	 -1.28	0.15	0.39	54_S	[17.58630233 10.98983721  8.90593023]
-0.11	 -0.14	-0.07	0.13	54_S	[15.00465957 11.68185106  8.20995745]
-0.01	 -0.29	-0.19	-0.0	55_Y	[14.2085     13.529      12.91164286]
0.17	 0.88	0.09	-0.3	55_Y	[13.55794444 12.98472222 14.99055556]
0.05	 0.28	-0.08	-0.12	55_Y	[11.00006061 12.49263636 12.6120303 ]
-0.09	 0.0	-0.1	0.11	55_Y	[10.693      13.73433333 11.27583333]
0.03	 0.2	-0.18	-0.05	55_Y	[10.01833333 12.71893333 10.14786667]
-0.11	 -0.55	0.06	0.05	55_Y	[12.677      14.80567391 11.2935    ]
-0.1	 -0.22	-0.13	0.08	55_Y	[11.16652083 12.571625    7.986875  ]
-0.2	 -1.32	0.04	0.28	55_Y	[12.84768889 16.08522222  9.64115556]
-0.11	 -0.4	-0.15	0.13	55_Y	[12.1558  14.79065  8.43945]
-0.34	 -1.1	0.24	0.5	55_Y	[11.91310811 15.79310811  6.92324324]
0.19	 1.5	0.21	-0.47	56_L	[14.14366667  6.94966667 15.82575   ]
0.06	 0.22	-0.01	-0.21	56_L	[12.19993333  6.6322     15.07404444]
0.11	 0.93	0.02	-0.2	56_L	[10.76980769  5.45303846 13.32380769]
0.23	 1.27	0.15	-0.42	56_L	[ 9.11866667 10.18123333 13.50903333]
0.17	 0.63	0.01	-0.23	57_D	[16.93916667  6.94558333 16.48591667]
0.1	 1.74	0.14	-0.44	57_D	[18.47828571  9.97328571 16.202     ]
-0.07	 -0.02	-0.08	0.12	57_D	[17.86054167  9.27297917 18.10858333]
-0.05	 -0.21	-0.05	0.01	57_D	[18.49984615  8.96782051 14.51558974]
-0.13	 -0.45	0.01	0.14	57_D	[18.48093333  5.989      14.7168    ]
-0.05	 -0.07	0.04	-0.01	57_D	[16.13365909  5.62111364 14.43568182]
-0.12	 -0.53	-0.06	0.14	57_D	[18.96532258  6.81422581 12.67122581]
0.16	 1.34	-0.01	-0.27	58_D	[14.402625 13.40375  17.39675 ]
-0.03	 -0.11	-0.04	0.04	58_D	[14.94151724 13.94034483 18.98631034]
-0.07	 -0.34	0.03	0.01	58_D	[16.14791176 13.90770588 16.2865    ]
-0.14	 -0.5	-0.15	0.15	58_D	[18.67409091 13.35672727 15.98077273]
-0.15	 -0.52	0.01	0.16	58_D	[19.16035849 12.57730189 17.37607547]
-0.21	 -0.61	0.11	0.3	58_D	[18.40144186 13.6484186  14.35486047]
0.06	 0.56	-0.02	-0.19	59_F	[12.0724     12.72466667 19.5976    ]
0.2	 0.54	0.11	-0.35	59_F	[15.54997222  9.12638889 20.77180556]
0.15	 1.42	0.2	-0.47	59_F	[10.7312 12.525  19.5612]
0.01	 0.44	-0.07	-0.06	59_F	[12.13411111 13.18951852 17.55607407]
-0.16	 -0.75	0.02	0.22	59_F	[10.68460606 13.8090303  16.06369697]
0.02	 -0.05	-0.1	-0.08	59_F	[ 8.44873585 12.85745283 15.98115094]
0.12	 0.27	-0.0	-0.18	60_H	[12.55918182 12.87763636 21.58431818]
0.14	 1.42	0.23	-0.5	60_H	[14.29375   9.913375 24.472625]
0.21	 1.37	0.32	-0.56	60_H	[13.49226316 10.11168421 25.23421053]
0.09	 0.49	0.04	-0.22	60_H	[11.77425    12.77935714 24.7485    ]
-0.14	 -0.45	-0.2	0.24	60_H	[14.34108511 12.41119149 24.61789362]
-0.14	 -1.03	-0.05	0.16	60_H	[16.51525  13.12525  24.253625]
-0.08	 0.19	-0.1	0.09	60_H	[16.76543478 10.65726087 23.29769565]
-0.16	 -0.7	0.04	0.23	60_H	[15.68465116 14.6495814  22.30534884]
-0.17	 -0.64	-0.06	0.29	60_H	[18.34797917 11.7269375  21.45716667]
-0.18	 -0.43	-0.02	0.18	60_H	[17.91155556 14.01374074 20.78218519]
0.16	 1.54	0.17	-0.45	62_E	[12.589875  7.759375 28.87225 ]
-0.02	 0.2	0.0	-0.04	62_E	[11.06211765  7.87035294 30.74088235]
-0.06	 -0.08	-0.1	0.06	62_E	[13.54608475 10.17262712 27.93471186]
-0.21	 -1.13	0.07	0.28	62_E	[12.83002703 11.40586486 30.58910811]
-0.1	 -0.27	-0.03	0.12	62_E	[11.8275     13.28857143 29.19042857]
0.07	 0.01	-0.01	-0.09	62_E	[11.41084615 13.05438462 27.48853846]
-0.18	 -0.4	0.05	0.25	62_E	[10.2206     13.09903333 30.8172    ]
0.15	 1.45	-0.04	-0.28	63_S	[ 7.7956  7.8786 31.0468]
-0.13	 -0.84	-0.01	0.19	63_S	[ 8.18414634 10.11873171 31.79553659]
0.04	 0.38	-0.06	-0.07	63_S	[ 7.54207143 12.69271429 30.6535    ]
0.11	 0.89	0.01	-0.22	64_I	[ 6.06847826  8.30891304 30.98013043]
0.04	 0.22	-0.08	-0.02	64_I	[ 3.28538095  9.2597619  31.41466667]
0.13	 1.45	0.07	-0.37	64_I	[ 5.6739  6.596  31.0104]
0.08	 0.74	-0.1	-0.18	64_I	[ 1.1743    9.476975 29.806775]
-0.07	 -0.13	-0.07	0.01	64_I	[ 4.11073469  6.05483673 32.08102041]
0.19	 0.81	0.04	-0.29	65_D	[ 4.87       10.92585714 31.20071429]
0.12	 1.74	0.14	-0.38	65_D	[ 2.42523077 13.40376923 29.037     ]
0.15	 1.42	0.27	-0.55	65_D	[ 5.69314286 14.516      28.97242857]
0.2	 1.23	0.12	-0.37	65_D	[ 2.99346667 14.48806667 27.91606667]
-0.09	 -0.23	-0.11	0.06	65_D	[ 4.95980435 14.10458696 30.49617391]
-0.12	 -0.62	-0.02	0.12	65_D	[ 2.95931034 13.36275862 31.85486207]
-0.1	 0.14	-0.21	0.17	65_D	[ 1.61787273 12.2198     30.75581818]
-0.3	 -1.03	0.21	0.47	65_D	[ 3.71212195 13.91339024 33.34307317]
0.16	 1.42	0.15	-0.41	66_T	[ 6.26983333 14.419      28.58908333]
-0.05	 0.13	-0.07	0.05	66_T	[ 8.28843243 14.45008108 28.10551351]
-0.01	 -0.02	0.01	-0.02	66_T	[ 8.74351351 14.52221622 25.19945946]
0.15	 1.46	0.19	-0.47	68_R	[ 0.907375 15.213    24.915125]
0.15	 0.35	0.01	-0.28	68_R	[ 1.49476923 13.94715385 27.48615385]
0.06	 0.2	-0.13	-0.1	68_R	[ 0.22922727 14.77177273 26.19177273]
-0.01	 0.02	-0.04	-0.06	68_R	[-0.4182     12.74144444 28.59653333]
-0.06	 -0.13	-0.12	0.03	68_R	[-2.59134211 14.21052632 26.84339474]
-0.07	 0.05	-0.03	0.07	68_R	[-3.39933333 13.29953333 28.44526667]
-0.15	 -0.42	-0.03	0.22	68_R	[-3.68587755 10.96738776 28.74789796]
-0.27	 -1.19	0.13	0.45	68_R	[-5.11650909 13.46536364 27.918     ]
0.07	 0.35	-0.03	-0.13	69_I	[ 1.72226087 16.37343478 24.40608696]
0.23	 1.76	0.18	-0.41	69_I	[ 2.15307692 17.55246154 22.20638462]
0.19	 1.48	0.18	-0.46	69_I	[ 6.264  15.8425 25.457 ]
-0.08	 -0.3	-0.06	0.1	69_I	[ 2.8523   16.889075 26.731975]
-0.05	 -0.29	-0.01	-0.02	69_I	[ 5.2032069  18.12896552 23.86248276]
-0.19	 -0.7	-0.05	0.26	69_I	[ 5.53945714 17.37392857 27.79455714]
0.15	 1.46	0.09	-0.32	70_I	[ 5.4558125 15.9929375 20.091625 ]
0.21	 1.35	0.31	-0.55	70_I	[ 4.663      15.62053846 18.56961538]
-0.06	 -0.11	-0.1	0.06	70_I	[ 7.38881818 15.43857576 21.94618182]
0.08	 0.36	-0.01	-0.19	70_I	[ 6.93688 14.26612 18.86992]
0.04	 0.4	-0.02	-0.13	70_I	[ 9.625975 13.40105  20.9324  ]
0.16	 1.15	0.22	-0.46	71_F	[-2.43523077 12.54976923 21.97415385]
0.2	 1.6	0.12	-0.38	71_F	[-3.49777778 12.21683333 21.36572222]
0.16	 1.48	0.46	-0.67	72_N	[-2.1209 15.9943 19.3665]
0.21	 1.65	0.27	-0.53	72_N	[ 0.26742857 18.60114286 20.10664286]
0.18	 0.91	0.1	-0.35	72_N	[-2.12317391 16.82504348 18.2676087 ]
-0.22	 0.08	-0.22	0.04	72_N	[-0.88872093 17.7405814  21.36730233]
-0.22	 -1.25	-0.02	0.24	72_N	[-2.48363636 16.76790909 23.19872727]
-0.09	 -0.36	0.04	0.1	72_N	[-3.54424 15.54284 21.30074]
0.02	 0.16	-0.02	-0.1	72_N	[-1.82371429 14.62626531 23.98308163]
0.15	 1.21	0.38	-0.64	73_Q	[ 2.17872727 19.83254545 17.91381818]
0.14	 0.88	-0.02	-0.23	73_Q	[ 3.68970588 17.81705882 16.42288235]
0.19	 1.07	0.05	-0.33	73_Q	[ 1.91259091 19.93631818 16.29672727]
-0.11	 -0.55	-0.16	0.12	73_Q	[ 4.07633333 18.69418182 17.96106061]
-0.09	 -0.19	-0.15	0.05	73_Q	[ 2.37526667 20.14777778 20.15106667]
-0.15	 -0.3	-0.01	0.11	73_Q	[ 5.23330769 20.81346154 19.97976923]
-0.15	 -0.42	0.07	0.15	73_Q	[ 6.18488636 18.83163636 20.62354545]
-0.23	 -0.94	0.08	0.33	73_Q	[ 4.45665385 21.07598077 22.42159615]
0.16	 0.84	-0.17	-0.12	74_V	[ 3.62447059 16.48505882 14.66576471]
0.2	 -0.05	0.04	-0.29	74_V	[ 1.79466667 15.46366667 12.78916667]
-0.06	 -0.18	-0.02	0.04	74_V	[ 3.07786 13.09828 13.47722]
-0.11	 -0.43	-0.05	0.07	74_V	[ 5.53238298 14.82497872 15.83753191]
0.12	 1.05	-0.02	-0.26	75_M	[-3.60641667 16.444      15.60716667]
0.18	 1.67	0.19	-0.43	75_M	[-3.89721429 16.53671429 14.30135714]
0.23	 1.16	0.13	-0.39	75_M	[ 0.3897619  10.6217619  13.81590476]
0.1	 1.24	0.25	-0.56	76_E	[-2.96671429 17.08442857 16.39728571]
-0.03	 -0.06	-0.03	-0.04	76_E	[-3.26262069 18.51437931 14.74689655]
0.19	 1.34	0.1	-0.36	76_E	[-0.610125  20.946625  13.4940625]
-0.01	 0.09	-0.2	0.03	76_E	[-2.66627778 20.48994444 13.11872222]
-0.06	 -0.3	-0.06	0.06	76_E	[-1.13111111 21.0975     15.413     ]
-0.14	 -0.26	0.01	0.13	76_E	[-2.88662162 19.35102703 17.51364865]
0.01	 0.22	0.02	-0.11	76_E	[-1.16832143 21.14089286 18.82385714]
-0.85	 -0.48	0.01	0.27	76_E	[ 0.30111628 21.87681395 17.71404651]
-0.33	 -0.82	0.19	0.48	76_E	[-2.24715385 21.21594872 19.88876923]
0.12	 1.24	0.37	-0.62	77_K	[ 1.18755556 20.20866667 10.91522222]
0.03	 0.07	-0.1	-0.04	77_K	[ 1.31957143 17.371      10.36885714]
-0.07	 -0.07	0.01	0.04	77_K	[ 0.16748276 19.02551724  9.30310345]
-0.09	 -0.41	-0.05	0.09	77_K	[ 2.69235135 18.11054054 11.77259459]
-0.08	 -0.38	-0.1	0.11	77_K	[ 4.02114286 19.53860714 14.11696429]
0.05	 0.48	-0.04	-0.11	77_K	[ 2.07901754 21.58440351 12.16459649]
-0.27	 -0.87	0.06	0.36	77_K	[ 3.87382979 21.97431915 14.57276596]
-0.25	 -0.9	0.05	0.39	77_K	[ 3.24433929 24.10576786 13.17641071]
0.13	 0.88	0.14	-0.36	78_E	[ 1.167      16.14236364 11.56645455]
-0.09	 -0.43	-0.02	0.11	78_E	[ 0.1835   15.671875  9.446625]
0.03	 0.23	-0.03	-0.11	78_E	[-2.14327027 16.69902703  7.85548649]
-0.01	 0.16	-0.04	-0.04	78_E	[ 0.67270588 14.19605882 11.14329412]
-0.03	 0.19	0.0	-0.04	78_E	[-1.49163333 13.40586667  8.58363333]
-0.14	 -0.5	-0.04	0.14	78_E	[-0.11272727 11.62154545 10.10854545]
0.1	 0.37	0.05	-0.22	78_E	[-0.14685714 11.28114286 12.00764286]
0.02	 0.44	0.03	-0.13	78_E	[-1.71982143 10.95596429  8.57707143]
0.13	 0.49	0.1	-0.3	79_F	[-4.36514286 18.98214286 12.21328571]
-0.08	 -0.32	-0.06	0.09	79_F	[-6.52184 19.50652 10.84528]
-0.03	 0.12	-0.08	0.03	79_F	[-6.04920513 16.90184615 12.20992308]
-0.13	 0.28	0.05	-0.08	79_F	[-6.31885 14.6024  13.06135]
0.11	 0.59	0.31	-0.57	79_F	[-6.100875 13.81725  13.020375]
0.11	 0.48	-0.02	-0.22	79_F	[-7.52142308 15.03557692 10.767     ]
0.17	 1.48	0.39	-0.62	79_F	[-6.3620625 12.89      13.01825  ]
0.07	 0.9	0.42	-0.61	79_F	[-7.1752 13.135  12.1461]
0.1	 1.42	0.37	-0.6	79_F	[-6.95385714 12.66971429 12.50028571]
0.05	 0.34	-0.08	-0.06	80_E	[-4.26495238 21.47466667 11.18061905]
0.1	 0.75	0.0	-0.23	80_E	[-4.22326667 21.99086667  8.7352    ]
-0.23	 -0.75	0.04	0.31	80_E	[-5.60623684 22.72576316  9.12560526]
0.02	 0.51	-0.1	-0.12	80_E	[-2.13703448 20.92303448  8.28717241]
-0.11	 -0.23	-0.04	0.08	80_E	[-2.04335135 23.04683784 10.92275676]
-0.02	 0.3	0.01	-0.11	80_E	[1.51470588e-02 2.29139118e+01 9.65608824e+00]
-0.32	 -0.94	0.11	0.41	80_E	[ 0.04124324 22.69027027  8.06937838]
-0.16	 -0.29	0.03	0.2	80_E	[ 0.50647059 24.34164706 10.80831373]
0.16	 1.17	0.15	-0.43	81_D	[-3.20690909 20.13563636  7.52977273]
-0.08	 -0.17	-0.04	0.04	81_D	[-5.03705 22.092    6.45855]
-0.0	 -0.26	-0.05	-0.04	81_D	[-7.55788889 21.64766667  7.39811111]
-0.12	 -0.47	0.03	0.18	81_D	[-8.03016216 20.73702703  5.28637838]
-0.19	 -0.79	0.02	0.25	81_D	[-4.171475 20.567975  4.713275]
0.09	 0.04	-0.08	-0.14	81_D	[-3.15536364 18.55990909  6.59554545]
-0.11	 -0.51	-0.0	0.09	81_D	[-3.42360606 17.65651515  4.41787879]
-0.16	 -0.69	-0.0	0.19	82_G	[-8.96033333 19.59508889  8.99215556]
0.15	 0.86	0.02	-0.26	82_G	[-9.0377037  17.54203704  8.11903704]
-0.18	 -0.51	-0.05	0.23	82_G	[-10.857525  17.5047     7.642775]
0.08	 -0.35	-0.03	-0.07	83_I	[-10.0473  16.098    5.255 ]
-0.09	 -0.44	-0.02	0.09	83_I	[-9.18268421 17.59213158  3.74573684]
-0.06	 -0.34	-0.01	0.03	83_I	[-8.4184878  14.02053659  3.3957561 ]
-0.18	 -0.98	0.07	0.26	83_I	[-6.66564286 17.54364286  2.11276786]
0.11	 0.03	0.02	-0.16	84_I	[-11.05529412  14.55888235   6.58923529]
0.02	 -0.0	-0.0	-0.07	84_I	[-11.4079375  12.3958125   4.9540625]
0.17	 1.21	-0.04	-0.23	84_I	[-12.017       14.10966667   7.91411111]
0.14	 0.91	0.05	-0.29	84_I	[-9.9951875  15.05471875  9.86653125]
-0.11	 -0.43	-0.03	0.11	84_I	[-12.0957551   15.02873469  10.93889796]
-0.1	 -0.21	0.06	0.07	85_N	[-10.0042973    9.29354054   3.71737838]
-0.12	 -0.26	-0.05	0.12	85_N	[-7.58866667  8.74675     3.23566667]
0.01	 0.56	-0.05	-0.15	85_N	[-6.07654545  8.70740909  4.332     ]
-0.13	 -0.5	0.05	0.2	85_N	[-6.98004444 11.24457778  2.89828889]
0.11	 0.61	-0.04	-0.21	86_W	[-10.26535714   7.06421429   4.879     ]
0.15	 1.39	0.37	-0.61	86_W	[-10.42481818   5.53036364   4.49354545]
0.0	 0.04	-0.0	-0.09	86_W	[-12.74917647   4.88326471   4.46841176]
0.1	 0.61	0.01	-0.17	86_W	[-14.54768421   4.71978947   5.35747368]
0.07	 0.76	-0.15	-0.13	87_G	[-7.99245  6.25565  4.41555]
-0.11	 -0.31	-0.03	0.14	87_G	[-5.49195652  5.14193478  4.89982609]
-0.04	 0.21	-0.04	-0.04	87_G	[-3.87057895  7.57547368  6.02605263]
0.1	 0.55	-0.04	-0.16	87_G	[-3.1938125  5.3889375  7.1610625]
0.13	 1.28	0.0	-0.32	88_R	[-4.84557143  8.77242857  5.62642857]
0.13	 2.37	0.0	-0.31	88_R	[-3.49155556  8.87055556  6.96422222]
-0.02	 -0.03	-0.04	0.01	88_R	[-3.804      10.49848387  6.237     ]
0.12	 1.55	0.22	-0.47	88_R	[-3.3102 12.4701  7.365 ]
-0.06	 0.01	-0.03	-0.05	88_R	[-3.91753846 12.67476923  5.46657692]
0.03	 0.42	-0.18	0.0	88_R	[-2.95633333 14.34258333  6.42308333]
-0.11	 -0.29	0.1	0.11	88_R	[-3.78286667 14.92873333  4.05497778]
0.15	 1.31	0.07	-0.32	90_V	[-4.12960714  3.24575     7.53403571]
0.19	 1.5	0.29	-0.54	90_V	[-3.15025   2.149     7.633875]
0.11	 1.13	0.26	-0.52	90_V	[-5.11292308  2.23784615  7.12792308]
0.2	 1.07	0.17	-0.43	91_T	[ 0.56530556  7.62930556 12.45408333]
0.02	 0.19	-0.09	-0.04	91_T	[ 0.2293913   8.40543478 10.24434783]
-0.07	 -0.34	-0.07	0.09	91_T	[-0.79752542  7.30137288  7.72154237]
0.12	 0.9	-0.0	-0.2	95_F	[ 2.29229412  8.17529412 13.44288235]
0.16	 1.67	0.08	-0.3	95_F	[ 2.457      10.16644444 14.211     ]
0.1	 0.24	-0.01	-0.14	95_F	[ 4.41826316  8.92626316 13.25178947]
0.09	 0.25	-0.26	-0.03	95_F	[ 6.26034783 10.40982609 13.98921739]
0.17	 1.59	0.15	-0.41	95_F	[ 5.86909091 11.90590909 15.13      ]
0.25	 2.05	0.22	-0.46	98_V	[ 8.3728125  3.576875  17.944125 ]
0.13	 0.74	0.03	-0.29	98_V	[ 8.93816129  5.05819355 16.21551613]
0.13	 1.39	0.18	-0.45	101_K	[ 9.27183333 -0.18633333 21.544     ]
0.15	 1.37	0.08	-0.27	101_K	[10.94361538  2.23307692 20.48784615]
0.05	 0.37	-0.05	-0.13	101_K	[10.89673684  0.39389474 22.09684211]
0.01	 0.22	-0.16	-0.07	101_K	[ 9.51712121  1.40666667 18.97612121]
-0.01	 0.29	-0.05	-0.11	101_K	[ 7.78537931 -1.69193103 20.12648276]
0.05	 0.79	-0.33	-0.0	101_K	[ 6.88827778 -2.3905     17.73388889]
-0.19	 -0.93	-0.02	0.29	101_K	[ 9.58468889 -1.42571111 17.35931111]
-0.14	 -0.36	0.02	0.25	101_K	[ 8.41986275 -1.64027451 15.04876471]
0.17	 2.1	0.19	-0.45	102_K	[ 9.84025     4.35958333 18.546     ]
-0.02	 0.3	-0.04	-0.04	102_K	[11.62656757  4.5322973  18.30181081]
-0.0	 0.23	-0.19	-0.03	102_K	[14.9602      6.02923636 18.29643636]
0.2	 1.61	0.17	-0.44	104_K	[12.94333333 -1.00777778 25.77794444]
0.13	 0.85	0.03	-0.28	104_K	[ 8.82957576 -2.54918182 26.31454545]
-0.05	 0.15	-0.19	0.07	104_K	[ 9.58612 -2.49994 23.36726]
-0.21	 -0.91	0.44	0.38	104_K	[10.51860526 -4.79894737 25.20547368]
-0.22	 -0.86	0.14	0.32	104_K	[12.73810714 -4.03833929 24.07921429]
0.17	 1.58	0.28	-0.53	105_Q	[11.88575  0.09925 23.332  ]
-0.12	 -0.94	-0.19	0.09	105_Q	[13.5517619  -0.128      24.01009524]
-0.06	 0.24	-0.04	-0.02	105_Q	[15.88140541  1.41078378 25.68221622]
-0.08	 -0.21	0.03	0.03	105_Q	[13.24034783  1.04382609 21.92469565]
-0.11	 -0.74	0.05	0.13	105_Q	[16.04442857  2.58054286 22.95277143]
-0.18	 -0.87	-0.0	0.22	105_Q	[16.31972727  3.83163636 21.05154545]
-0.13	 -0.33	0.11	0.17	105_Q	[14.43551515  2.80157576 19.87433333]
0.02	 0.56	0.11	-0.2	105_Q	[15.77933333  5.63538889 21.88533333]
0.09	 0.68	-0.06	-0.23	106_E	[15.86555556  3.99038889 26.28516667]
0.18	 1.38	-0.05	-0.23	106_E	[13.58225   4.9115   29.029875]
-0.14	 -0.73	0.07	0.13	106_E	[15.42265854  3.71870732 29.19595122]
0.13	 1.01	0.02	-0.25	106_E	[13.21770833  6.434125   28.21695833]
0.05	 0.67	-0.1	-0.16	106_E	[15.33153659  7.5372439  24.91119512]
-0.06	 0.07	-0.28	0.12	106_E	[16.01693548  7.67458065 23.03412903]
-0.3	 -0.89	0.08	0.41	106_E	[16.41557143  6.75877143 26.34868571]
-0.04	 0.06	-0.15	0.04	107_Q	[13.4473125  3.2724375 30.770625 ]
0.17	 1.24	0.03	-0.26	107_Q	[14.80388889  1.59277778 30.60166667]
-0.09	 -0.35	-0.01	0.14	107_Q	[13.30966667  0.34969444 31.79344444]
0.07	 0.44	-0.03	-0.11	107_Q	[11.12590909  2.14127273 31.63163636]
0.01	 0.01	0.03	-0.08	107_Q	[11.73403333  4.76913333 30.6716    ]
-0.1	 -1.17	-0.03	0.09	107_Q	[ 9.4037  3.0836 32.0065]
0.1	 0.46	0.01	-0.21	107_Q	[ 7.43405405  2.87454054 30.9537027 ]
-0.1	 -0.15	-0.06	0.16	107_Q	[ 8.38404  5.74206 31.72548]
0.12	 1.72	0.1	-0.31	108_I	[14.519      -1.23663158 27.02857895]
-0.04	 0.43	-0.08	-0.07	108_I	[12.7543125  -3.45759375 27.52546875]
0.01	 0.6	-0.06	-0.05	108_I	[14.54426316 -1.85947368 31.19642105]
-0.13	 -0.81	0.01	0.23	108_I	[16.91126316 -0.29110526 30.48463158]
-0.25	 -1.17	0.06	0.35	108_I	[15.67382456 -3.70931579 29.51026316]
-0.16	 -0.76	0.01	0.25	108_I	[17.39864516 -0.18746774 27.80493548]
0.11	 1.65	0.08	-0.37	109_A	[12.85414286 -1.95071429 31.38228571]
0.05	 0.37	-0.05	-0.12	109_A	[10.24678947 -3.43952632 28.65268421]
0.13	 1.18	0.35	-0.59	109_A	[ 9.010125 -2.10375  32.10275 ]
-0.02	 0.17	-0.06	0.01	109_A	[ 9.88974286 -0.14808571 31.99677143]
-0.21	 -0.99	0.05	0.29	109_A	[11.08502985 -3.94264179 31.67983582]
0.15	 -0.21	0.06	-0.24	110_L	[ 8.46158824 -2.96994118 29.28982353]
0.17	 1.2	0.39	-0.63	110_L	[ 7.8261  0.2289 31.4943]
0.06	 0.81	-0.1	-0.11	110_L	[ 6.65246154 -2.05646154 32.01807692]
-0.2	 -0.96	-0.0	0.3	110_L	[ 7.0875625  -3.55909375 31.83934375]
0.06	 -0.15	0.07	-0.19	110_L	[ 5.805125   -2.234      28.93879167]
0.13	 1.55	0.15	-0.43	110_L	[ 7.5428 -1.8776 27.263 ]
0.1	 0.56	0.01	-0.22	110_L	[ 5.61446154 -2.09238462 26.67996154]
0.09	 0.51	-0.11	-0.15	111_D	[ 6.65513636  0.15831818 32.49104545]
-0.09	 -0.28	-0.21	0.06	111_D	[ 5.17672222 -3.22177778 33.06561111]
0.13	 0.93	-0.0	-0.24	111_D	[ 3.807   -2.67055 30.77165]
-0.2	 -0.87	0.07	0.23	111_D	[ 5.04670732 -1.54912195 35.17907317]
-0.07	 0.39	0.05	-0.03	111_D	[ 4.59766667  0.76283333 34.71827778]
-0.02	 -0.74	-0.12	-0.01	111_D	[ 4.8495  1.9555 32.7813]
-0.25	 -0.98	0.1	0.32	111_D	[ 3.70359459  0.91905405 36.03697297]
0.01	 0.25	-0.08	-0.16	112_V	[ 2.599875   -3.11346875 33.10565625]
-0.14	 -0.58	-0.04	0.16	112_V	[ 0.21066667 -3.0926     34.20233333]
-0.12	 -0.52	-0.0	0.08	112_V	[-2.049      -3.28917391 32.54732609]
-0.2	 -0.97	0.09	0.28	112_V	[ 0.79591071 -5.59532143 32.67776786]
0.03	 0.8	-0.02	-0.14	113_S	[ 0.96047619 -0.65533333 34.28909524]
0.04	 0.42	-0.05	-0.09	113_S	[-1.14510714  0.91339286 33.13628571]
0.21	 1.5	0.23	-0.49	113_S	[-1.47541667  2.72483333 32.01191667]
-0.16	 -0.7	0.04	0.19	113_S	[ 0.30468182  2.10659091 35.07415909]
-0.0	 -0.36	-0.01	-0.01	113_S	[ 2.739    3.2432  34.20605]
0.25	 1.17	0.14	-0.41	114_A	[ 5.22558333  3.01091667 30.826625  ]
0.14	 1.32	0.05	-0.29	115_Y	[ 3.0645     -2.93338462 28.16142308]
0.01	 0.03	-0.02	-0.05	115_Y	[ 2.07982143 -4.72717857 29.21546429]
0.17	 1.47	0.06	-0.31	115_Y	[-2.9267  -3.54915 29.1589 ]
-0.07	 0.0	-0.04	-0.01	115_Y	[-0.90293182 -5.93077273 29.50809091]
0.09	 0.75	-0.01	-0.18	116_K	[-3.5937  3.6381 30.2   ]
0.17	 0.92	0.12	-0.35	116_K	[-5.26617857  2.84746429 28.58385714]
-0.0	 -0.07	-0.11	0.0	116_K	[-3.77702632  1.61505263 31.12755263]
0.17	 1.98	0.08	-0.33	116_K	[-2.6        -0.55322222 32.19066667]
-0.15	 -0.7	-0.05	0.15	116_K	[-4.57835714 -1.85642857 31.76554762]
0.03	 0.56	0.06	-0.21	116_K	[-5.89479487 -0.69320513 29.47879487]
-0.18	 -0.82	0.07	0.31	116_K	[-7.07857407 -2.768      29.90118519]
-0.01	 0.25	-0.13	-0.06	117_Q	[-3.41007143  5.83114286 29.71392857]
0.04	 0.26	-0.07	-0.19	117_Q	[-3.2954375  7.6235625 28.107    ]
0.14	 1.06	0.0	-0.21	117_Q	[-1.30025    7.3950625 29.441375 ]
-0.16	 -0.8	0.03	0.15	117_Q	[-2.41061111  5.283      31.98313889]
-0.21	 -0.85	-0.04	0.22	117_Q	[-1.184   6.8083 33.623 ]
-0.12	 -0.39	-0.04	0.26	117_Q	[ 0.17928571  8.22490476 32.22738095]
-0.08	 -0.45	-0.0	0.11	117_Q	[ 0.5145    5.4163   34.148325]
0.13	 0.93	0.1	-0.37	120_S	[-6.37146154  8.49884615 26.76615385]
-0.05	 -0.21	-0.01	-0.0	120_S	[-5.76        6.14975    28.70454167]
-0.12	 -0.34	-0.03	0.14	120_S	[-8.00804082  7.05889796 28.03338776]
0.11	 0.84	-0.09	-0.21	121_F	[-4.62223529  8.67058824 27.06635294]
0.05	 0.26	-0.25	-0.11	121_F	[-5.4565     10.21586364 25.85913636]
0.13	 0.19	0.05	-0.21	121_F	[-5.283   11.0373  22.95715]
0.04	 0.4	-0.14	-0.13	121_F	[-4.00405128 11.16246154 25.5725641 ]
0.24	 0.59	0.13	-0.39	121_F	[-1.03866667  9.31190476 27.84709524]
0.16	 1.45	0.3	-0.54	121_F	[-2.4655 11.3055 23.3178]
0.25	 1.5	0.35	-0.59	123_A	[-10.10812   6.02044  24.04732]
0.2	 1.42	0.17	-0.43	124_E	[-11.15269231  10.294       23.29538462]
0.02	 0.2	-0.09	-0.04	124_E	[-8.64557143 12.37114286 22.41228571]
-0.01	 0.52	-0.21	-0.05	124_E	[-10.81583333  12.07066667  22.325875  ]
-0.09	 -0.51	-0.08	0.1	124_E	[-8.72013793 11.7037931  24.5147931 ]
-0.08	 -0.23	-0.07	0.05	124_E	[-8.4422381   9.94357143 26.78290476]
0.02	 0.23	0.05	-0.09	124_E	[-11.25989655   9.69786207  26.24772414]
-0.29	 -1.04	0.07	0.45	124_E	[-11.57576923  11.25235897  26.12853846]
-0.14	 0.23	0.04	0.01	124_E	[-11.31604878   7.93768293  26.2647561 ]
0.14	 0.69	0.05	-0.26	125_F	[-7.2524 11.8236 22.4355]
0.05	 -0.95	0.06	-0.15	125_F	[-8.224875 13.12375  21.094875]
0.14	 0.77	0.04	-0.25	125_F	[-5.377125  12.528     21.0910625]
0.03	 0.27	-0.2	0.01	125_F	[-6.06858824 14.71988235 20.13570588]
0.16	 1.3	0.22	-0.49	125_F	[-6.83017391 13.23195652 14.70921739]
-0.02	 -0.2	-0.04	-0.03	125_F	[-4.68443902 15.98146341 17.8032439 ]
0.06	 0.7	-0.07	-0.21	125_F	[-5.84344828 15.39382759 15.27144828]
0.08	 1.56	0.17	-0.46	127_M	[-14.42928571  11.94285714  20.12985714]
0.02	 0.19	-0.06	-0.09	127_M	[-15.1505      11.87023077  18.24696154]
0.16	 1.92	0.06	-0.29	127_M	[-12.72285714  10.21342857  21.963     ]
-0.01	 -0.06	-0.05	-0.06	127_M	[-15.08964516  10.32022581  21.72519355]
0.23	 1.17	0.28	-0.51	127_M	[-16.71764   7.92164  18.07836]
0.0	 0.06	0.0	-0.06	127_M	[-17.88415556   9.90804444  19.97446667]
0.12	 0.96	0.07	-0.31	128_N	[-12.74722222  11.86122222  21.21133333]
-0.01	 -0.21	-0.12	-0.01	128_N	[-13.96331579  13.21505263  20.26647368]
0.16	 1.37	0.2	-0.46	128_N	[-11.61628571  15.822       18.45471429]
-0.15	 -0.56	0.02	0.21	128_N	[-13.67128205  15.18017949  17.62148718]
-0.02	 0.06	-0.02	-0.05	128_N	[-11.11704545  13.87995455  21.57590909]
-0.02	 0.25	-0.03	-0.01	128_N	[-12.3275      15.65896429  21.03592857]
-0.29	 -1.0	0.11	0.39	128_N	[-14.09114286  15.93708571  20.96908571]
-0.24	 -1.01	0.07	0.36	128_N	[-10.98676271  16.62352542  21.88625424]
-0.02	 0.07	-0.18	-0.03	129_N	[-11.77142857  15.84778571  16.05078571]
0.07	 0.47	0.01	-0.26	129_N	[-13.50573684  13.61631579  15.16594737]
-0.07	 -0.54	-0.01	0.05	129_N	[-12.10997297  14.74532432  13.67032432]
-0.03	 0.44	0.06	0.02	129_N	[-8.81503704 14.761      14.92311111]
0.07	 0.52	-0.01	-0.25	129_N	[-9.94985714 16.18460714 17.62146429]
-0.26	 -0.81	0.1	0.38	129_N	[-8.80990476 17.14059524 16.42842857]
-0.02	 0.13	-0.02	-0.08	129_N	[-8.54112 15.62672 19.31568]
0.15	 0.03	0.01	-0.29	130_T	[-13.93409091  12.60236364  13.33254545]
0.14	 1.17	0.1	-0.39	130_T	[-14.5193  12.4134  14.1193]
0.15	 0.81	0.13	-0.39	130_T	[-8.87172973 12.85210811 13.04524324]
0.2	 1.32	0.05	-0.34	131_G	[-14.54361538  12.36730769  15.98161538]
0.2	 1.01	0.12	-0.36	131_G	[-16.133        8.94029032  16.45825806]
0.02	 0.13	-0.17	-0.02	131_G	[-17.8848   10.1794   16.26972]
0.16	 0.98	0.12	-0.4	131_G	[-18.368        8.89041026  15.20602564]
-0.06	 -0.18	-0.15	-0.04	132_E	[-16.45513793  12.33793103  15.35655172]
0.06	 0.51	0.11	-0.37	132_E	[-18.86546154  11.35030769  15.38453846]
-0.2	 -0.88	0.09	0.24	132_E	[-17.95773529  14.06435294  14.42441176]
-0.11	 -0.55	0.02	0.12	132_E	[-19.87184848  14.84230303  13.34445455]
-0.12	 -0.47	0.04	0.02	132_E	[-21.903375   13.54875    14.6650625]
-0.11	 -0.15	-0.11	0.11	132_E	[-20.86952381  11.87035714  15.82733333]
-0.07	 -0.11	0.01	0.06	132_E	[-22.52263158  12.55407895  12.91647368]
0.05	 0.59	-0.01	-0.17	133_W	[-16.39818182  12.98845455  12.22518182]
0.13	 1.61	-0.01	-0.28	133_W	[-16.6778  13.038   10.4414]
0.11	 0.34	0.01	-0.23	133_W	[-15.1352963   13.0722963   10.68114815]
-0.07	 -0.39	-0.05	0.1	133_W	[-14.781375  13.310775   7.49775 ]
-0.04	 -0.37	-0.03	0.07	133_W	[-14.38525     11.84953571   5.5045    ]
-0.08	 -0.26	-0.1	0.1	133_W	[-13.36552381   9.45271429   4.67628571]
0.08	 1.0	0.03	-0.28	133_W	[-13.28976   7.47464   5.28312]
0.18	 1.37	0.46	-0.67	134_I	[-15.046        6.95385714  14.75835714]
0.06	 0.16	-0.12	-0.07	134_I	[-16.29336842   5.50557895  14.17034211]
0.22	 1.46	0.17	-0.45	135_R	[-18.33911111   7.24566667  13.907     ]
0.04	 0.63	-0.14	-0.13	135_R	[-19.72016129   6.181       13.20196774]
0.11	 1.67	-0.05	-0.24	135_R	[-22.1074   8.2098  10.9156]
-0.1	 -0.37	-0.05	0.07	135_R	[-21.57825714   6.19934286  10.2606    ]
-0.08	 -0.19	-0.05	0.03	135_R	[-22.52016667   7.40335714  12.819     ]
-0.09	 -0.14	-0.02	0.16	135_R	[-23.77819231   9.05473077  13.58492308]
0.2	 1.53	0.24	-0.5	135_R	[-20.80327778   9.33633333  15.6075    ]
0.13	 1.22	-0.08	-0.23	135_R	[-21.70315385  10.19792308  16.84153846]
-0.16	 -0.46	0.07	0.2	135_R	[-24.40555556  10.41038889  16.36101852]
-0.05	 -0.16	-0.14	0.02	135_R	[-22.70030556   9.57516667  18.62202778]
-0.01	 0.17	-0.02	-0.04	136_Q	[-21.98472727   8.99581818   9.49577273]
0.19	 1.06	-0.05	-0.25	136_Q	[-21.36425    7.27675    7.975875]
-0.2	 -0.62	0.08	0.27	136_Q	[-20.918675   8.442475   6.245125]
-0.07	 -0.26	-0.06	0.03	136_Q	[-20.34477273  10.97504545   7.25568182]
-0.08	 -0.64	0.03	0.12	136_Q	[-22.08538889  11.37227778   9.64227778]
-0.11	 -0.29	-0.05	0.14	136_Q	[-20.43058333  13.60225      8.26591667]
-0.03	 0.1	-0.02	0.01	136_Q	[-18.40783721  13.53960465   9.32295349]
-0.2	 -1.16	0.09	0.3	136_Q	[-21.49427273  14.588       10.26804545]
-0.06	 0.02	-0.04	-0.08	137_N	[-18.84564286   6.67607143   5.51985714]
-0.03	 -0.14	-0.04	0.01	137_N	[-19.32066667   5.24806667   5.941     ]
0.05	 -0.56	0.04	-0.07	137_N	[-17.38331579   4.27036842   5.73673684]
0.14	 0.67	-0.04	-0.2	137_N	[-16.2231875   6.7423125   5.3844375]
0.08	 1.86	-0.15	-0.12	137_N	[-18.4508   9.4636   5.4136]
-0.19	 -0.73	0.07	0.3	137_N	[-16.83865909   8.78736364   4.35479545]
0.05	 0.59	-0.0	-0.13	137_N	[-17.59765517  10.87117241   6.36758621]
0.07	 0.7	-0.05	-0.16	138_G	[-20.73457143   5.68342857   7.51321429]
-0.07	 -0.5	-0.04	0.11	138_G	[-20.72314634   3.34241463   7.38639024]
-0.01	 -1.08	-0.09	0.01	138_G	[-20.52084615   3.42730769  10.089     ]
-0.0	 -0.01	0.06	-0.11	138_G	[-19.89784   1.16016  10.11388]
0.13	 1.77	0.13	-0.37	139_G	[-19.8313   4.4367  10.9446]
-0.06	 -0.56	-0.02	0.08	139_G	[-18.71317857   3.43378571  12.299     ]
0.02	 0.02	-0.01	-0.07	140_W	[-17.90566667   1.02844444  12.41772222]
0.21	 1.22	0.15	-0.41	140_W	[-16.15544444  -1.14196296  13.68533333]
0.07	 0.27	-0.04	-0.09	140_W	[-16.11126316   2.04634211  15.49776316]
0.21	 1.07	0.09	-0.33	140_W	[-14.6879    3.85995  16.08755]
0.02	 0.64	-0.21	-0.1	141_E	[-17.40661111  -1.55066667  12.15813889]
0.15	 1.8	0.06	-0.33	141_E	[-16.4815  -3.5872  11.5886]
0.15	 0.95	-0.11	-0.15	141_E	[-19.801375  -3.051375   8.74075 ]
-0.02	 -0.19	-0.02	-0.01	141_E	[-18.14232258  -4.25154839   7.73806452]
-0.23	 -0.97	0.08	0.35	141_E	[-19.28787143  -3.48564286  11.36607143]
0.12	 1.52	0.09	-0.4	142_D	[-19.627       -0.94955556   9.78833333]
0.15	 1.07	0.11	-0.35	142_D	[-19.87681818  -2.60627273   6.99445455]
0.13	 1.77	0.19	-0.45	142_D	[-19.2612   1.2535   5.8472]
-0.01	 -0.13	-0.11	0.08	142_D	[-18.42183333   0.77516667   4.64483333]
-0.09	 -0.4	-0.06	0.02	142_D	[-21.07977778  -0.35448148   8.589     ]
0.03	 0.33	-0.08	-0.04	142_D	[-21.41166667  -0.57566667   5.96374074]
-0.04	 0.13	-0.02	-0.01	142_D	[-20.95885  -0.03275   4.36145]
-0.27	 -0.92	0.07	0.43	142_D	[-22.90493333   0.06386667   6.66428889]
0.01	 0.74	0.12	-0.2	143_G	[-17.10228571   2.18338095   5.39709524]
0.09	 0.49	0.12	-0.24	143_G	[-14.9655       1.43109091   4.43463636]
0.05	 0.44	-0.08	-0.11	145_I	[-15.76325  -5.57085   6.31945]
0.03	 -0.0	-0.12	-0.1	145_I	[-15.91791892  -5.593       10.60097297]
0.2	 1.8	0.19	-0.45	146_K	[-15.2814      -4.28533333   3.62073333]
-0.01	 0.04	-0.12	-0.06	146_K	[-14.92375  -0.517     2.0235 ]
-0.04	 0.06	-0.03	0.01	146_K	[-13.88965385  -1.9495       0.60592308]
-0.01	 0.0	0.04	-0.06	146_K	[-16.32705714  -1.39942857   2.47085714]
-0.07	 -0.02	-0.11	-0.0	146_K	[-17.46544828  -3.99493103   3.96089655]
-0.13	 -0.72	-0.03	0.15	146_K	[-18.86994872  -1.81974359   1.97405128]
-0.21	 -0.97	0.01	0.27	146_K	[-20.19823529  -3.97652941   3.99797059]
-0.29	 -1.14	0.16	0.44	146_K	[-21.89927083  -2.50027083   2.551375  ]
0.13	 1.06	-0.01	-0.24	147_K	[-14.530375   0.24575    3.07325 ]
-0.0	 0.82	-0.02	-0.04	147_K	[-13.24027778   0.40072222   1.86477778]
-0.09	 -0.26	-0.07	0.06	147_K	[-10.18560465  -0.94497674   0.8934186 ]
0.18	 -0.19	-0.01	-0.18	147_K	[-13.29611111   2.10766667   3.63744444]
0.16	 1.42	0.4	-0.64	147_K	[-9.1473  1.2452  2.3933]
-0.1	 -0.53	-0.06	0.12	147_K	[-11.74017647   2.68897059   1.50308824]
-0.07	 -0.06	-0.15	0.05	147_K	[-8.9516129   3.75403226  2.29116129]
-0.29	 -1.34	0.21	0.47	147_K	[-9.84435849  4.59845283 -0.04790566]
0.14	 0.43	-0.06	-0.13	148_F	[-8.50657143 -1.99557143  2.19542857]
0.16	 1.59	0.06	-0.31	148_F	[-9.14322222 -3.32822222  1.59822222]
-0.1	 -0.16	-0.03	0.15	148_F	[-7.83782353 -4.55423529  3.25505882]
0.05	 0.35	0.05	-0.11	148_F	[-6.95510526 -0.65231579  3.39334211]
-0.12	 -0.33	-0.11	0.14	148_F	[-5.94123256  1.60009302  4.02425581]
0.18	 1.26	0.07	-0.35	148_F	[-6.5438   3.05184  5.05564]
0.06	 0.47	-0.16	-0.06	149_E	[-9.71228571 -6.67928571  2.31335714]
0.2	 1.62	-0.03	-0.24	149_E	[-11.369125  -7.435875   1.733125]
0.07	 0.56	-0.02	-0.17	149_E	[-14.02911111  -6.62707407   3.43537037]
0.22	 0.83	0.02	-0.33	149_E	[-8.95957143 -6.44242857  5.00292857]
-0.14	 -0.72	-0.11	0.2	149_E	[-10.58356757  -8.678        3.59372973]
-0.08	 -0.33	0.06	-0.02	149_E	[ -9.83473684 -10.35484211   5.64815789]
-0.05	 0.77	-0.12	0.01	149_E	[-11.5442     -10.33133333   6.19373333]
-0.1	 0.26	-0.36	-0.03	149_E	[-7.85722727 -8.76463636  5.80013636]
-0.06	 0.61	-0.22	-0.04	150_P	[-15.038       -5.05015789   1.43068421]
-0.17	 -0.82	0.01	0.24	150_P	[-13.392       -7.91248571  -0.19817143]
-0.26	 -1.0	0.18	0.44	150_P	[-15.33002381  -7.88271429   0.52769048]
-0.17	 -0.69	0.04	0.28	150_P	[-14.28812821  -4.39905128  -1.06205128]
-0.19	 -0.91	0.08	0.29	150_P	[-11.64802222  -4.3656      -1.4614    ]
-0.04	 0.13	-0.03	0.02	150_P	[-10.32820833  -5.27175      0.396     ]
