0.12	 1.08	-0.02	-0.24	2_S	[47.32041667 48.041      54.52241667]
0.19	 1.03	0.11	-0.36	2_S	[47.88239286 49.90746429 54.22625   ]
0.1	 0.57	-0.07	-0.21	2_S	[48.31675556 46.55044444 57.11242222]
-0.21	 -0.36	-0.0	0.27	2_S	[48.0248  48.80355 57.2981 ]
0.16	 1.37	0.19	-0.43	3_E	[51.71475    51.43566667 54.27391667]
0.14	 0.66	-0.21	-0.12	3_E	[53.86791667 49.45458333 52.98375   ]
0.08	 0.3	0.02	-0.19	3_E	[52.82095455 51.07504545 52.10754545]
-0.12	 -0.46	-0.13	0.22	3_E	[54.15534375 49.43190625 54.99153125]
-0.19	 -0.93	0.07	0.27	3_E	[53.48084444 51.0648     56.75626667]
-0.18	 -1.04	-0.04	0.24	3_E	[51.77278571 50.84928571 58.68535714]
-0.09	 -0.43	0.04	0.13	3_E	[50.627125 52.202    57.418725]
-0.06	 -0.1	0.01	0.03	3_E	[51.25427586 48.97606897 58.14489655]
0.18	 1.37	0.27	-0.52	4_K	[53.97838462 48.06976923 53.04830769]
0.09	 0.77	0.08	-0.25	4_K	[55.0901875  44.814625   53.50209375]
-0.2	 -0.79	-0.06	0.29	4_K	[56.77538889 46.1682037  53.11592593]
-0.14	 -0.86	0.01	0.23	4_K	[57.91166667 46.0045     50.33597222]
0.06	 0.57	0.02	-0.22	5_W	[44.9924  47.45864 53.61424]
0.14	 0.91	0.03	-0.28	5_W	[45.21055556 41.88151852 53.16640741]
0.06	 0.82	0.0	-0.15	5_W	[44.1135625  45.8116875  54.65296875]
0.04	 0.2	-0.02	-0.12	5_W	[43.39251613 43.11922581 53.17354839]
0.18	 1.45	0.16	-0.45	6_K	[48.10509091 53.19018182 50.31363636]
0.14	 1.45	0.3	-0.56	6_K	[51.2687 53.5218 50.3519]
0.17	 1.09	0.11	-0.33	6_K	[49.07644 53.92244 48.92928]
-0.04	 0.12	-0.08	-0.02	6_K	[50.02174286 53.43917143 51.96631429]
0.15	 1.07	0.07	-0.33	6_K	[47.29933333 52.34733333 52.97837037]
-0.13	 -0.67	0.11	0.11	6_K	[49.56168571 54.17165714 54.06554286]
-0.14	 -0.77	-0.03	0.23	6_K	[48.09395556 53.35066667 56.17504444]
-0.2	 -0.76	0.05	0.28	6_K	[46.176      54.17714815 54.59144444]
0.14	 1.17	0.03	-0.26	7_E	[51.903  52.7439 50.4531]
0.11	 1.31	0.1	-0.35	7_E	[52.93644 53.17848 48.626  ]
0.09	 0.69	-0.08	-0.16	7_E	[53.33615385 52.17476923 45.95946154]
-0.13	 -0.29	-0.11	0.13	7_E	[54.07821053 52.13663158 49.27810526]
0.09	 0.67	-0.01	-0.25	7_E	[54.24710526 50.08421053 46.76526316]
-0.07	 -0.47	-0.15	0.06	7_E	[56.05164286 50.20114286 48.90685714]
-0.02	 0.24	0.02	-0.02	7_E	[55.63673529 49.04585294 51.09158824]
-0.16	 -0.58	0.1	0.2	7_E	[56.55510256 48.63910256 47.87738462]
0.19	 1.03	-0.15	-0.14	10_E	[48.87992857 55.91435714 45.995     ]
0.07	 0.35	0.05	-0.19	10_E	[52.4765 54.8571 44.7787]
0.1	 0.39	-0.08	-0.18	10_E	[51.14935294 56.52217647 43.92182353]
0.07	 0.18	-0.02	-0.2	10_E	[52.72711765 54.35623529 46.16417647]
-0.21	 -0.37	-0.04	0.27	10_E	[50.83811364 56.78365909 46.86947727]
-0.08	 -0.3	-0.01	0.03	10_E	[53.035875 56.40075  48.865875]
-0.27	 -0.85	0.12	0.38	10_E	[54.22065789 55.77086842 48.0785    ]
-0.92	 -0.56	0.05	0.26	10_E	[51.85081132 56.27243396 50.09428302]
0.1	 0.45	-0.07	-0.16	11_T	[53.08042857 54.49671429 43.00321429]
0.27	 1.4	0.19	-0.46	11_T	[52.39833333 54.632      40.1425    ]
-0.02	 -0.19	0.06	-0.02	11_T	[53.85551163 51.42730233 44.1735814 ]
-0.09	 -0.2	-0.03	0.08	11_T	[54.08496721 51.951      40.93652459]
0.19	 1.41	0.18	-0.45	13_R	[47.89145833 56.90604167 44.79929167]
0.0	 0.14	-0.05	-0.07	13_R	[48.64965517 59.13655172 42.85686207]
-0.13	 -0.41	-0.08	0.23	13_R	[47.23257143 59.57634694 44.95761224]
0.08	 0.47	-0.04	-0.13	13_R	[44.8802     60.27773333 43.33046667]
-0.19	 -0.85	-0.02	0.21	13_R	[44.539  61.0644 45.4117]
-0.06	 -0.39	0.05	-0.01	13_R	[42.50924138 59.90675862 44.40603448]
-0.12	 -0.51	0.07	0.15	13_R	[44.95567347 59.30728571 47.35912245]
0.14	 1.39	0.24	-0.54	14_K	[50.019      57.79122222 42.74255556]
0.02	 -0.13	-0.06	-0.02	14_K	[50.13958333 59.24079167 40.89841667]
0.1	 0.64	0.1	-0.25	14_K	[51.68528571 59.43882143 38.2875    ]
-0.11	 -0.77	-0.02	0.07	14_K	[51.5709375 58.2945625 42.4898125]
0.05	 0.27	0.01	-0.12	14_K	[53.38745098 57.81503922 39.82715686]
-0.18	 -0.74	-0.1	0.24	14_K	[54.42913514 57.24237838 42.2802973 ]
-0.21	 -0.85	-0.04	0.24	14_K	[56.07274419 58.45416279 39.90883721]
-0.22	 -1.05	0.14	0.41	14_K	[57.50677612 57.49513433 41.4250597 ]
0.2	 1.14	0.1	-0.37	15_K	[52.71105556 56.21266667 37.52761111]
0.11	 1.56	0.03	-0.28	15_K	[52.41769231 54.48415385 38.65607692]
0.05	 0.81	-0.08	-0.1	15_K	[53.32938462 54.05053846 36.93080769]
0.1	 0.4	-0.0	-0.16	15_K	[52.89254545 55.24627273 32.91586364]
-0.04	 -0.15	0.0	0.0	15_K	[54.55327027 53.79094595 34.27443243]
0.1	 0.48	-0.01	-0.19	16_R	[43.49602941 59.40714706 41.31997059]
0.05	 0.34	-0.02	-0.13	16_R	[42.73881818 60.18009091 38.69595455]
0.18	 1.88	0.02	-0.32	17_E	[46.21081818 60.77181818 36.12736364]
0.03	 0.59	0.07	-0.24	17_E	[50.10771429 61.46992857 37.13878571]
-0.17	 -0.64	0.0	0.17	17_E	[48.92673333 62.67363333 35.28226667]
-0.03	 -0.19	-0.1	0.01	17_E	[49.3755  61.14025 39.29495]
-0.1	 -0.39	-0.01	0.11	17_E	[47.3685     62.857875   37.90489583]
-0.09	 -0.14	0.02	0.03	17_E	[46.31033333 63.03142857 40.19842857]
-0.08	 -0.05	0.03	0.03	17_E	[46.96022 61.62936 41.3748 ]
-0.22	 -0.65	0.05	0.3	17_E	[44.81323404 62.54708511 39.13955319]
0.12	 1.42	-0.01	-0.26	18_E	[50.9812 60.3528 36.9608]
-0.03	 0.13	-0.03	-0.07	18_E	[51.4938  61.2497  35.33295]
0.04	 -0.16	-0.07	-0.07	18_E	[50.23766667 61.83366667 33.29816667]
-0.2	 -0.75	0.06	0.24	18_E	[51.659      60.30055556 31.87525   ]
0.16	 1.25	0.08	-0.34	18_E	[52.25061905 57.89128571 33.3817619 ]
-0.16	 -0.87	-0.01	0.2	18_E	[53.72459524 60.38945238 34.67819048]
-0.04	 0.13	-0.01	-0.03	18_E	[55.13764 57.81268 35.23568]
-0.21	 -0.39	-0.08	0.28	18_E	[55.059    57.068175 33.990675]
-0.08	 0.03	-0.01	-0.0	18_E	[54.88393103 58.37486207 37.10975862]
-0.04	 0.16	-0.09	-0.02	19_R	[49.1072  61.28125 31.42715]
0.03	 0.21	-0.1	0.04	19_R	[47.67145455 62.48109091 32.49954545]
0.04	 0.01	-0.07	-0.09	19_R	[45.98926667 61.7316     34.21256667]
-0.01	 -0.28	-0.12	0.0	19_R	[48.07348276 58.41282759 30.27937931]
-0.06	 -0.27	-0.08	0.02	19_R	[50.28631818 57.66513636 31.00672727]
0.15	 0.68	0.64	-0.02	19_R	[48.125625  56.537875  30.3099375]
0.11	 0.34	0.12	-0.26	19_R	[51.14689474 56.145      31.78989474]
-0.12	 -0.37	-0.07	0.15	19_R	[49.72   55.4805 29.501 ]
-0.1	 -0.35	0.02	0.12	19_R	[50.7378  53.16484 29.93774]
-0.12	 -0.51	0.01	-0.2	19_R	[47.6026   54.236125 29.7331  ]
-0.06	 -0.11	-0.07	-0.01	20_R	[46.68742857 61.27957143 30.19246429]
-0.1	 -0.25	-0.04	0.15	20_R	[45.43782353 63.59411765 31.87382353]
0.04	 0.71	-0.11	-0.05	20_R	[43.75378947 61.65042105 31.95536842]
-0.11	 -0.24	-0.18	0.06	20_R	[42.22854839 61.43358065 31.04322581]
-0.2	 -0.93	0.06	0.27	20_R	[45.4202069  62.55303448 29.07193103]
-0.2	 -1.02	-0.01	0.24	20_R	[43.73176471 64.52602941 30.55202941]
-0.16	 -0.88	-0.04	0.22	20_R	[44.116375 64.2317   27.980075]
-0.19	 -1.04	-0.05	0.24	20_R	[42.31161538 65.60669231 29.19530769]
-0.11	 -0.33	-0.04	0.14	20_R	[41.938      65.77470833 27.28758333]
-0.27	 -1.22	0.18	0.44	20_R	[40.41163158 66.90822807 27.33810526]
-0.26	 -1.35	0.16	0.43	20_R	[42.45820408 65.21577551 25.54553061]
0.14	 1.51	-0.04	-0.27	21_I	[44.42971429 61.55528571 33.82557143]
0.16	 2.13	0.15	-0.39	21_I	[42.333125 59.12525  31.593   ]
0.15	 0.22	0.07	-0.26	21_I	[43.004     61.4363125 34.565125 ]
0.13	 0.36	0.01	-0.21	21_I	[44.13951852 60.49140741 36.34922222]
-0.05	 -0.27	-0.02	0.03	21_I	[44.10576 58.26912 30.68204]
0.11	 0.94	-0.04	-0.24	21_I	[41.84134783 57.18121739 31.50165217]
0.01	 0.34	-0.02	-0.1	21_I	[45.0451875  55.75421875 30.67275   ]
0.06	 -0.09	-0.1	-0.08	22_T	[41.13735714 61.26742857 36.60992857]
-0.11	 -0.62	-0.08	0.1	22_T	[38.26484211 61.42542105 36.11205263]
0.03	 0.03	-0.08	-0.05	22_T	[37.26425 60.76795 33.8242 ]
-0.24	 -1.11	0.13	0.35	22_T	[39.9675082  63.26662295 34.61265574]
0.07	 0.49	-0.01	-0.17	23_L	[39.49415 60.01745 37.9747 ]
-0.05	 -0.58	0.02	0.03	23_L	[37.69288889 58.99777778 39.37294444]
0.09	 0.43	0.08	-0.2	23_L	[40.76316667 58.94658333 41.049375  ]
-0.02	 -0.07	-0.07	0.01	23_L	[38.18970455 58.52897727 42.24293182]
0.15	 1.21	0.05	-0.28	24_L	[36.61552941 58.92317647 37.66458824]
-0.04	 -0.13	-0.01	0.02	24_L	[34.96240541 59.56145946 36.67262162]
0.18	 0.82	-0.06	-0.21	24_L	[33.09854545 56.66109091 34.69409091]
-0.23	 -1.3	0.13	0.36	24_L	[32.03258621 58.59863793 36.57644828]
-0.09	 -0.48	-0.04	0.1	24_L	[33.24333846 59.01093846 33.426     ]
0.18	 1.4	0.17	-0.42	25_D	[37.14575 56.2919  31.06075]
0.17	 1.12	0.08	-0.34	25_D	[39.601125   57.62054167 30.86954167]
-0.13	 -0.2	-0.23	0.09	25_D	[38.57175    59.14308333 30.49866667]
-0.13	 -0.3	-0.01	0.19	25_D	[36.53256522 59.34021739 31.13980435]
-0.07	 0.15	-0.01	0.01	25_D	[39.78341176 60.61823529 31.23052941]
0.15	 1.22	0.11	-0.39	27_S	[33.8965     52.83857143 34.43485714]
0.07	 0.11	-0.0	-0.13	27_S	[33.84227273 50.83531818 34.127     ]
0.14	 1.28	0.01	-0.26	27_S	[33.83881818 52.70954545 36.41590909]
0.07	 0.45	0.03	-0.19	27_S	[33.62946154 54.87019231 35.63034615]
0.07	 0.63	-0.24	-0.1	28_L	[33.764625 51.319875 32.3775  ]
0.17	 1.74	0.03	-0.34	28_L	[35.91142857 52.50328571 29.53528571]
-0.12	 -0.1	-0.04	0.09	28_L	[34.54313208 50.39435849 30.32003774]
0.0	 0.47	-0.07	-0.06	28_L	[35.53437838 54.05178378 29.96275676]
0.12	 1.01	0.03	-0.3	28_L	[33.11046154 55.35823077 33.47515385]
-0.14	 -0.42	-0.04	0.16	28_L	[33.42689655 56.59758621 30.58801724]
-0.21	 -1.08	0.06	0.34	28_L	[31.84355224 53.78574627 31.84156716]
0.08	 0.63	-0.17	-0.05	29_F	[37.2963 49.8552 29.2955]
0.18	 1.5	0.22	-0.49	29_F	[38.1717619  48.82304762 31.17209524]
-0.2	 -0.49	-0.01	0.28	29_F	[38.23725532 47.97929787 30.38985106]
0.2	 1.13	-0.03	-0.24	29_F	[40.319      50.32475    29.74716667]
-0.11	 -0.41	-0.07	0.09	29_F	[38.67387234 51.55314894 28.05829787]
-0.21	 -1.09	0.14	0.31	29_F	[38.99047826 53.05641304 26.46180435]
-0.04	 -0.2	-0.11	0.05	29_F	[39.566375   55.62439583 29.2555625 ]
-0.21	 -0.86	0.13	0.28	29_F	[39.39106818 55.04179545 27.08877273]
0.09	 0.67	-0.01	-0.18	30_T	[37.96675 46.36825 33.26175]
0.04	 0.41	-0.01	-0.16	30_T	[40.73936842 47.01381579 32.93165789]
0.14	 0.64	0.08	-0.3	31_N	[36.09658824 46.486      32.85135294]
0.16	 1.25	0.1	-0.36	31_N	[33.15736364 48.84190909 34.37372727]
0.18	 1.68	0.03	-0.29	31_N	[34.10994118 47.74823529 36.13347059]
-0.22	 -1.06	0.07	0.34	31_N	[32.67080645 47.64106452 36.71351613]
-0.14	 -0.53	-0.07	0.15	31_N	[33.20121622 45.85186486 34.56851351]
-0.09	 -0.18	0.11	-0.01	31_N	[32.65317647 46.36094118 31.98811765]
-0.2	 -0.46	0.03	0.31	31_N	[34.16365957 46.19810638 31.24865957]
-0.2	 -0.73	0.08	0.3	31_N	[32.00451852 48.2065     32.28477778]
0.13	 0.94	0.0	-0.27	32_I	[35.29851613 47.05083871 38.67929032]
0.09	 0.91	-0.08	-0.21	32_I	[33.529      48.81353846 39.31576923]
-0.02	 -0.33	-0.08	0.0	32_I	[32.97523077 50.80707692 37.36565385]
0.18	 1.64	0.12	-0.41	33_N	[32.46       51.63685714 38.80214286]
0.0	 0.16	-0.1	-0.04	33_N	[32.1806129  49.59816129 40.90609677]
0.01	 0.23	0.06	-0.14	33_N	[31.54661905 51.71642857 42.34214286]
-0.1	 -1.02	-0.14	0.13	33_N	[31.29836842 53.23752632 42.36552632]
-0.27	 -1.12	0.17	0.42	33_N	[30.15051923 52.02311538 40.45803846]
0.12	 1.32	-0.05	-0.15	34_P	[35.84125   56.0664375 42.857375 ]
0.14	 1.18	0.25	-0.56	34_P	[36.86375 56.12225 43.23475]
-0.08	 -0.32	0.08	0.02	34_P	[34.98086667 57.1519     40.40326667]
-0.06	 0.1	-0.08	-0.04	34_P	[33.23996154 56.48826923 38.63926923]
-0.05	 0.25	-0.04	-0.01	34_P	[32.45002564 54.04402564 39.30171795]
0.09	 0.42	-0.02	-0.17	35_S	[33.52194118 55.07811765 42.49      ]
-0.13	 -0.44	-0.03	0.12	35_S	[34.7623125 55.2433125 44.8694375]
0.19	 1.1	0.13	-0.35	35_S	[35.87728571 54.04928571 46.37978571]
-0.16	 -0.55	-0.01	0.17	35_S	[32.26402632 53.50707895 44.57389474]
-0.13	 -0.42	0.01	0.17	35_S	[33.4824  52.41372 46.40468]
0.19	 1.56	0.29	-0.54	36_K	[35.33063636 50.58609091 45.77027273]
0.06	 0.56	-0.04	-0.13	36_K	[33.78032353 49.54755882 44.56252941]
0.12	 2.15	0.12	-0.39	36_K	[33.9598 47.2153 45.4647]
0.01	 0.19	-0.09	-0.04	36_K	[33.52083871 47.0906129  41.376     ]
-0.19	 -0.64	0.03	0.28	36_K	[32.03785714 46.33773214 43.89435714]
0.01	 0.39	-0.04	-0.15	38_K	[37.17351852 56.12837037 45.29955556]
-0.02	 0.44	-0.0	-0.07	38_K	[38.12381818 56.68545455 47.61186364]
-0.21	 -0.82	0.02	0.24	38_K	[37.67903448 58.82055172 45.50417241]
-0.11	 -0.29	0.02	0.07	38_K	[40.13424138 60.27096552 44.98406897]
-0.11	 -0.4	0.09	0.19	38_K	[40.18745833 60.12097917 47.859625  ]
0.19	 1.37	0.35	-0.59	39_R	[39.44836842 52.94642105 49.84047368]
0.05	 0.5	-0.06	-0.09	39_R	[37.11848571 53.53722857 48.56851429]
-0.09	 -0.3	-0.08	0.04	39_R	[35.55054545 51.48634091 48.77831818]
0.11	 1.29	0.21	-0.47	39_R	[36.9634 51.6162 51.5144]
-0.01	 -0.01	-0.14	-0.01	39_R	[36.36592308 50.83430769 52.10246154]
0.06	 0.31	-0.02	-0.1	39_R	[37.25371429 48.49735714 53.06303571]
-0.11	 -0.54	-0.01	0.17	39_R	[34.86393333 49.02815    50.85985   ]
0.12	 0.61	0.08	-0.26	41_E	[46.80605714 55.33294286 47.21802857]
0.01	 0.07	-0.14	0.01	42_E	[45.42922222 55.94788889 49.21994444]
0.1	 0.84	0.08	-0.29	42_E	[46.58652632 53.93115789 50.17952632]
-0.05	 -0.04	-0.15	-0.04	42_E	[44.89771795 54.06874359 52.11371795]
-0.07	 -0.48	-0.05	0.09	42_E	[43.28811429 56.31777143 50.59082857]
0.14	 1.26	0.01	-0.27	42_E	[41.3015 54.69   51.0293]
-0.14	 -0.65	-0.05	0.2	42_E	[40.90654545 56.98254545 50.96472727]
-0.12	 -0.37	0.06	0.15	42_E	[39.20825    55.86903846 50.01776923]
-0.08	 -0.25	-0.04	0.07	42_E	[41.7096129  58.50290323 49.40435484]
0.17	 1.26	0.05	-0.29	43_G	[44.11916667 51.64925    52.49775   ]
0.04	 0.14	-0.02	-0.11	43_G	[45.24006667 49.81993333 52.94343333]
0.03	 0.69	-0.04	-0.14	44_D	[42.708375  49.98625   53.1866875]
-0.06	 0.03	-0.02	-0.07	44_D	[41.02716667 52.60454762 52.20690476]
-0.19	 -0.97	-0.04	0.24	44_D	[39.94285714 51.70607143 54.227     ]
-0.16	 -0.45	-0.0	0.27	44_D	[38.4225625 52.0895625 52.628375 ]
-0.07	 -0.1	0.08	0.07	44_D	[40.21685 49.45655 54.41455]
0.14	 1.03	0.14	-0.38	45_L	[42.34876923 48.01184615 52.93053846]
0.15	 1.26	0.1	-0.39	45_L	[41.238875 44.163875 51.93275 ]
0.17	 -0.71	0.11	-0.33	45_L	[40.37793333 43.63833333 51.33253333]
0.19	 1.31	0.29	-0.54	45_L	[42.1226087  44.06291304 50.47173913]
0.18	 1.4	0.28	-0.52	46_K	[41.5306     47.0706     53.64633333]
0.17	 1.37	0.05	-0.32	46_K	[40.96838462 43.54269231 53.45561538]
0.09	 1.29	-0.06	-0.27	46_K	[37.662      43.76142857 54.90328571]
-0.12	 -0.38	-0.03	0.09	46_K	[38.62380952 42.50347619 53.53685714]
-0.11	 -0.31	-0.08	0.07	46_K	[40.0498   46.7439   55.349675]
-0.16	 -1.09	-0.04	0.19	46_K	[39.02676667 44.92173333 56.76143333]
-0.04	 -0.03	-0.53	0.13	46_K	[42.2190625  43.48220833 56.26904167]
-0.2	 -0.74	-0.04	0.26	46_K	[41.22060417 42.063625   57.62722917]
-0.24	 -1.2	0.13	0.38	46_K	[39.07844231 42.79278846 58.41636538]
0.08	 0.51	-0.11	-0.08	47_G	[37.4774     45.89953333 54.27      ]
-0.13	 -0.67	0.04	0.14	47_G	[35.78858696 44.55782609 53.34186957]
0.1	 1.25	-0.09	-0.17	47_G	[35.31753333 44.63426667 51.65006667]
-0.22	 -0.38	0.0	0.26	47_G	[34.10527778 44.77030556 51.11186111]
0.14	 1.14	0.26	-0.6	48_L	[35.07057895 46.84415789 49.20873684]
-0.02	 0.08	-0.03	0.06	48_L	[33.87618421 45.54647368 47.68792105]
0.12	 0.49	0.01	-0.21	48_L	[35.4799  48.53455 47.17035]
-0.01	 0.26	-0.05	-0.01	49_D	[33.77594444 42.68972222 48.64761111]
-0.01	 -0.0	0.05	-0.13	49_D	[34.8655  41.4635  49.66255]
-0.05	 0.02	-0.08	-0.01	49_D	[36.76112 41.27832 50.43736]
0.01	 0.12	-0.1	0.0	49_D	[32.83875   43.1543125 45.95425  ]
-0.07	 0.1	-0.05	-0.02	49_D	[33.14946154 42.34030769 43.95938462]
-0.15	 -0.84	0.06	0.21	49_D	[32.70090323 40.64432258 46.56083871]
0.09	 0.16	-0.1	-0.02	50_A	[33.956      39.82066667 48.27666667]
-0.12	 0.19	-0.04	0.12	50_A	[35.62652941 38.70088235 49.49323529]
-0.12	 -0.63	0.07	0.16	50_A	[34.77398148 36.94355556 47.25961111]
-0.01	 0.19	-0.06	0.01	51_E	[37.87404348 37.8283913  49.16921739]
0.19	 1.48	-0.13	-0.17	51_E	[39.6794 39.1538 49.357 ]
-0.08	 -0.4	-0.02	0.05	51_E	[39.95447727 36.95059091 49.23238636]
-0.01	 0.1	-0.11	-0.05	51_E	[41.72516667 35.57138889 47.15888889]
-0.06	 -0.69	-0.03	0.1	51_E	[42.52615385 35.02176923 49.58476923]
0.04	 0.13	0.01	-0.1	51_E	[44.6938 35.3526 48.6225]
-0.08	 -0.32	-0.08	0.08	51_E	[42.316975 36.909975 51.220125]
0.12	 1.2	0.05	-0.24	52_V	[38.2594 35.9423 46.907 ]
0.14	 0.82	0.01	-0.26	52_V	[40.898125  35.824375  43.8270625]
0.02	 0.27	-0.06	-0.1	52_V	[40.56811538 37.17       41.91023077]
0.05	 0.41	-0.08	-0.09	52_V	[37.01308333 35.26916667 45.09320833]
-0.14	 -0.49	0.02	0.17	52_V	[37.49697917 35.059125   42.043     ]
-0.2	 -0.92	-0.0	0.33	52_V	[39.47497403 33.54827273 44.7514026 ]
0.05	 0.8	-0.13	-0.14	53_Y	[34.49835714 40.32607143 42.58635714]
-0.01	 0.25	-0.01	-0.08	53_Y	[35.85928947 39.00226316 40.91963158]
0.02	 0.17	-0.14	-0.09	53_Y	[33.32495455 39.0385     44.08909091]
-0.19	 -0.89	0.1	0.19	53_Y	[34.5282439  37.24392683 40.32843902]
-0.15	 -0.63	0.01	0.17	53_Y	[33.34479592 36.91414286 43.87616327]
-0.06	 -0.3	-0.13	0.11	53_Y	[33.54311111 36.55488889 41.70366667]
-0.29	 -0.94	0.17	0.44	53_Y	[32.39525581 35.5574186  41.19881395]
0.09	 0.42	-0.02	-0.22	54_I	[40.04119444 41.6885     49.85422222]
0.08	 1.39	0.03	-0.18	55_K	[42.44033333 38.66577778 41.10011111]
0.18	 0.39	0.09	-0.28	55_K	[44.35336842 39.24973684 40.35957895]
0.1	 0.63	0.06	-0.25	55_K	[43.55074194 37.51822581 42.88206452]
0.21	 1.3	0.1	-0.39	55_K	[42.39872727 35.94763636 45.72672727]
-0.17	 -0.76	-0.06	0.29	55_K	[44.39645652 35.3988913  44.689     ]
-0.12	 0.17	0.01	-0.01	55_K	[46.90461538 36.23246154 45.00130769]
0.09	 0.79	-0.02	-0.2	56_S	[42.46866667 39.21375    39.38666667]
0.25	 1.54	0.34	-0.58	56_S	[42.1445  40.84725 37.3725 ]
-0.12	 -0.39	-0.04	0.14	56_S	[40.04872 38.70434 39.13584]
0.02	 0.23	-0.06	-0.14	56_S	[37.6840625  40.42028125 39.3701875 ]
0.05	 0.52	-0.02	-0.19	57_Y	[35.87917391 43.91902174 40.1278913 ]
0.01	 -0.01	-0.05	-0.03	57_Y	[34.21955172 43.03627586 42.2082069 ]
0.22	 1.17	0.11	-0.38	59_K	[44.73878571 39.50807143 38.50314286]
0.2	 0.97	0.01	-0.25	59_K	[47.10828571 39.67078571 37.19571429]
-0.08	 -0.12	-0.3	0.15	59_K	[44.08627586 39.33810345 36.39758621]
-0.14	 -0.39	0.02	0.19	59_K	[45.963125   38.33446875 34.368625  ]
-0.28	 -1.1	0.15	0.44	59_K	[43.79221429 37.49735714 33.64564286]
0.13	 1.12	0.02	-0.26	60_R	[42.91705882 44.11641176 33.932     ]
0.14	 -0.2	0.05	-0.24	60_R	[43.262      46.0294     33.40313333]
0.11	 1.85	0.12	-0.37	60_R	[41.323375 44.572875 34.098625]
-0.0	 -0.13	-0.15	0.02	60_R	[41.68939024 41.95034146 35.24743902]
-0.14	 -0.7	0.02	0.18	60_R	[39.17521622 43.16310811 34.01486486]
0.01	 0.66	-0.02	-0.06	60_R	[38.72163158 41.33421053 36.39357895]
-0.15	 -0.65	-0.03	0.2	60_R	[36.734      42.39911111 35.48166667]
-0.11	 -0.56	0.09	0.12	60_R	[36.18331707 42.7345122  37.70082927]
0.01	 0.06	-0.13	-0.06	60_R	[36.240375 44.723375 35.391075]
0.17	 1.2	0.4	-0.64	62_S	[49.616  46.7949 33.1907]
0.08	 0.29	-0.0	-0.19	63_E	[48.66766667 45.17492593 32.617     ]
0.03	 0.31	-0.13	-0.1	63_E	[45.4591 46.3868 31.1812]
-0.22	 -0.6	0.06	0.32	63_E	[47.25696774 47.12212903 30.35735484]
-0.04	 -0.29	-0.05	-0.03	63_E	[45.4563871  44.27980645 31.71574194]
-0.08	 -0.11	-0.07	0.07	63_E	[48.04042857 42.84014286 32.23557143]
0.01	 -0.02	-0.0	-0.12	63_E	[45.46769048 41.344      32.66121429]
-0.08	 -0.15	-0.1	-0.0	63_E	[46.40277143 40.19565714 33.02917143]
-0.33	 -1.18	0.16	0.47	63_E	[44.50147059 42.34920588 31.22114706]
0.15	 1.13	0.1	-0.34	64_F	[44.50458333 46.78616667 32.262     ]
-0.11	 -0.33	-0.06	0.1	64_F	[44.54953846 48.52115385 30.856     ]
0.01	 0.33	-0.01	-0.04	64_F	[46.79207692 50.92723077 30.43092308]
0.05	 1.38	-0.05	-0.14	64_F	[43.07735714 48.23992857 32.13      ]
-0.04	 0.17	0.03	-0.08	64_F	[42.2135     50.21997059 30.58241176]
-0.03	 -0.08	-0.06	-0.03	64_F	[43.0355     52.82044737 29.68271053]
0.2	 0.92	0.01	-0.3	64_F	[42.48742857 54.76571429 30.73807143]
0.17	 0.19	0.05	-0.24	65_L	[49.224  50.7384 31.2183]
-0.01	 0.8	-0.02	-0.14	65_L	[49.38573913 48.2846087  31.73021739]
-0.02	 0.14	-0.03	0.01	66_E	[51.13147368 49.80884211 31.02973684]
0.18	 0.87	-0.08	-0.14	66_E	[51.574125 47.786    32.347   ]
-0.05	 0.01	-0.11	0.05	66_E	[53.81070588 47.87567647 32.78708824]
0.17	 1.76	-0.04	-0.21	66_E	[52.80521429 52.31014286 31.09307143]
-0.18	 -0.83	0.0	0.28	66_E	[53.91069048 50.90671429 30.29283333]
-0.09	 -0.2	-0.05	0.1	66_E	[55.97805 50.88595 32.10775]
-0.28	 -1.02	0.18	0.44	66_E	[56.47341463 49.185      31.37960976]
-0.12	 -0.49	-0.03	0.09	66_E	[55.5832     50.88265714 33.95594286]
0.15	 2.08	0.05	-0.3	67_L	[53.94954545 48.43436364 35.24      ]
0.14	 0.36	-0.13	-0.13	67_L	[53.77333333 46.05033333 34.32383333]
0.02	 0.11	0.07	-0.15	67_L	[51.13753846 45.86342308 33.50676923]
0.16	 1.19	0.46	-0.67	67_L	[53.00663636 48.23972727 38.39109091]
-0.01	 0.12	-0.09	0.01	67_L	[53.92716667 50.2770625  37.33991667]
0.02	 0.2	-0.14	-0.09	68_S	[54.09397368 46.68221053 36.87631579]
-0.02	 -0.01	-0.13	-0.0	68_S	[53.83953846 44.42123077 34.55638462]
-0.06	 0.13	0.06	-0.06	68_S	[55.57917391 44.87578261 36.55269565]
0.0	 0.34	-0.01	-0.08	68_S	[55.54520833 42.155625   36.499625  ]
0.18	 1.58	0.26	-0.51	69_P	[50.503625  39.988875  38.4265625]
0.04	 0.56	-0.06	-0.13	69_P	[49.5017619  40.29511905 36.16271429]
-0.15	 -0.38	0.02	0.08	69_P	[49.87533333 41.63088889 33.84511111]
-0.06	 -0.22	0.02	0.01	69_P	[52.03893939 42.91493939 34.04954545]
-0.02	 -0.01	-0.28	0.03	70_D	[51.62726316 39.11536842 39.66078947]
0.06	 0.74	-0.06	-0.16	70_D	[54.98407692 40.213      40.58153846]
0.06	 0.6	-0.0	-0.16	70_D	[52.95086667 39.4364     41.6166    ]
-0.17	 -0.82	0.06	0.25	70_D	[54.85828571 38.98777143 38.74197143]
-0.11	 -0.17	-0.01	0.11	70_D	[54.1196  38.54515 36.2624 ]
-0.24	 -0.64	0.1	0.31	70_D	[52.53768627 37.80092157 36.90305882]
-0.12	 -0.26	0.02	0.1	70_D	[53.82232353 40.03914706 35.41561765]
0.03	 0.35	-0.28	-0.02	71_E	[55.9663 41.9466 41.7451]
0.12	 0.94	0.04	-0.26	71_E	[55.02147222 44.01955556 43.54516667]
-0.04	 -0.32	-0.02	0.11	71_E	[56.45883333 44.65066667 41.533     ]
-0.16	 -0.59	0.04	0.18	71_E	[57.39171429 42.37422857 39.90857143]
-0.08	 -0.21	0.01	0.05	71_E	[58.54904348 44.72795652 39.34256522]
-0.3	 -1.08	0.16	0.42	71_E	[58.97552632 43.61510526 37.72681579]
-0.14	 -0.39	-0.1	0.24	71_E	[57.03585106 46.0327234  38.97302128]
0.05	 0.49	-0.03	-0.14	72_M	[54.1000678  47.49913559 40.94628814]
0.16	 0.69	0.09	-0.31	73_L	[50.3296  38.9129  44.74945]
-0.01	 0.19	-0.04	-0.04	73_L	[49.73656667 38.49756667 42.47633333]
-0.08	 -0.35	-0.15	0.16	73_L	[47.64638158 38.29197368 40.15268421]
0.11	 1.01	-0.1	-0.08	74_K	[51.966      39.09914286 43.35828571]
-0.05	 0.09	-0.1	0.03	74_K	[52.73506667 38.7606     45.2418    ]
0.2	 1.2	0.16	-0.39	74_K	[53.48975   39.50875   47.6118125]
-0.03	 -0.1	-0.12	-0.07	74_K	[54.68995238 39.67485714 43.03147619]
-0.16	 -0.92	0.06	0.2	74_K	[55.47613158 38.63844737 45.07197368]
-0.08	 -0.37	-0.01	0.04	74_K	[56.64964516 41.41754839 44.58141935]
-0.18	 -0.74	0.02	0.2	74_K	[57.66014583 38.835875   46.6630625 ]
-0.24	 -0.85	0.11	0.38	74_K	[59.32209091 40.83732727 47.00856364]
0.06	 0.97	0.01	-0.14	75_L	[55.01615789 44.77215789 45.56294737]
0.03	 0.44	-0.03	-0.12	75_L	[54.37735484 47.90387097 44.9793871 ]
0.07	 0.61	-0.02	-0.14	75_L	[55.94342857 45.8617619  47.2872381 ]
0.1	 0.65	0.02	-0.22	76_Y	[43.08673585 40.80016981 50.41049057]
0.16	 0.93	0.02	-0.27	77_E	[52.2075625 38.0066875 50.50425  ]
0.16	 1.06	0.09	-0.32	77_E	[50.54582609 37.74643478 52.02926087]
-0.01	 0.01	-0.02	-0.04	77_E	[51.31686207 37.90406897 47.20344828]
-0.14	 -0.47	0.03	0.14	77_E	[49.98793878 36.1772449  49.281     ]
-0.08	 -0.14	0.01	-0.03	77_E	[47.59484211 35.50284211 48.22352632]
-0.07	 -0.33	-0.03	0.02	77_E	[48.36736667 36.50273333 46.08156667]
0.01	 0.18	-0.19	-0.05	77_E	[47.04873333 35.83133333 49.8838    ]
0.09	 1.06	-0.08	-0.14	78_E	[52.90157143 39.03914286 49.47457143]
0.03	 0.32	-0.18	-0.05	78_E	[53.71136 39.49984 51.81556]
0.15	 0.27	0.08	-0.27	78_E	[53.30992857 41.65114286 53.84496429]
0.05	 -0.26	-0.02	-0.03	78_E	[55.10946154 41.76269231 51.94384615]
-0.04	 -0.16	-0.01	0.02	78_E	[55.537125   40.13184375 49.51734375]
-0.1	 -0.19	-0.1	0.04	78_E	[57.45068421 41.53284211 49.52063158]
0.06	 0.37	-0.01	-0.13	78_E	[56.77006061 43.27912121 47.64439394]
-0.06	 -0.3	-0.06	0.12	78_E	[57.29255556 43.14005556 50.78633333]
0.15	 1.36	0.12	-0.38	80_K	[46.77317647 41.02123529 54.63664706]
0.15	 1.13	0.07	-0.34	80_K	[48.5129 37.8115 55.03  ]
0.07	 0.62	-0.07	-0.17	80_K	[47.37684211 39.07042105 56.45078947]
0.18	 1.52	0.04	-0.27	80_K	[48.70233333 37.73241667 52.44533333]
-0.06	 -0.05	-0.15	0.05	80_K	[46.08190196 38.84503922 53.75627451]
0.12	 0.77	0.05	-0.25	80_K	[46.12941379 37.20655172 51.9292069 ]
-0.2	 -0.96	0.01	0.26	80_K	[44.99512245 36.17210204 53.92783673]
-0.23	 -0.92	0.11	0.37	80_K	[44.85164444 34.18966667 52.13595556]
0.05	 0.26	-0.08	-0.18	81_E	[49.79516667 37.6835     53.96891667]
0.17	 1.23	0.04	-0.3	81_E	[49.81675    37.19091667 55.33941667]
0.1	 1.36	0.03	-0.21	81_E	[53.09605882 40.01923529 56.49029412]
0.05	 0.48	-0.18	-0.15	81_E	[52.87931818 38.45577273 57.89659091]
0.05	 0.45	-0.01	-0.11	81_E	[52.87973333 38.26083333 54.5438    ]
-0.14	 -0.41	-0.09	0.13	81_E	[51.8942449  36.22822449 55.79520408]
-0.14	 -0.73	-0.06	0.19	81_E	[53.52764286 35.50267857 53.96803571]
-0.29	 -1.09	0.21	0.48	81_E	[54.2245     34.28295238 54.83316667]
-0.22	 -0.51	0.01	0.25	81_E	[53.14684211 36.312      52.33497368]
0.12	 1.29	0.08	-0.36	82_E	[52.852  40.8678 55.3808]
-0.01	 0.67	-0.01	-0.15	82_E	[53.00775    41.79420833 57.4745    ]
0.11	 0.2	0.02	-0.19	82_E	[51.83731818 42.85777273 59.62831818]
0.09	 0.28	-0.02	-0.12	82_E	[53.57053846 43.32684615 55.32923077]
-0.02	 0.1	-0.09	-0.03	82_E	[52.30484211 45.18018421 57.98136842]
0.02	 0.23	-0.08	-0.07	82_E	[54.523125 45.039875 55.496   ]
-0.14	 -0.14	0.1	0.09	82_E	[54.09269231 46.85497436 56.64735897]
0.18	 1.19	0.1	-0.35	83_V	[46.636      39.82363636 59.43618182]
0.2	 1.39	0.09	-0.33	83_V	[47.22783333 41.42016667 61.51316667]
0.0	 0.25	0.01	-0.1	83_V	[46.31794444 40.94194444 57.11733333]
-0.16	 -0.34	-0.21	0.19	83_V	[45.15344156 42.70784416 59.15376623]
0.06	 1.01	-0.15	-0.15	83_V	[46.25556863 43.75982353 56.79009804]
0.15	 1.31	-0.09	-0.12	84_A	[47.08116667 39.481      58.1975    ]
-0.06	 0.25	-0.04	-0.04	84_A	[47.47825    37.75320833 59.449625  ]
-0.03	 -0.13	-0.11	0.02	84_A	[49.87246154 36.68238462 60.63030769]
0.06	 0.06	0.02	-0.15	84_A	[48.89284211 37.20857895 62.22510526]
-0.19	 -0.55	-0.03	0.25	84_A	[49.01882 36.48446 57.76486]
0.02	 0.4	-0.12	-0.08	85_E	[51.355      37.1155     59.45016667]
-0.15	 -0.94	0.03	0.21	85_E	[52.01494118 37.13429412 61.55429412]
0.14	 1.1	0.1	-0.39	85_E	[51.75338095 39.3617619  62.68709524]
-0.08	 -0.0	-0.11	-0.01	85_E	[52.20919048 38.85980952 63.95157143]
0.05	 0.4	-0.11	-0.06	85_E	[53.30259375 39.2608125  59.64975   ]
-0.21	 -0.94	0.04	0.2	85_E	[54.78741176 38.49982353 61.84905882]
-0.11	 -0.56	-0.01	0.14	85_E	[55.9584     39.78976667 60.52506667]
-0.3	 -1.08	0.21	0.47	85_E	[56.994475 40.436425 61.804025]
-0.29	 -0.88	0.01	0.4	85_E	[55.80272222 39.672      58.78797222]
0.18	 1.39	0.13	-0.39	86_E	[51.85608333 41.37358333 61.36066667]
-0.05	 -0.12	-0.06	0.1	86_E	[51.515125  42.097875  63.5398125]
0.12	 1.95	0.06	-0.28	86_E	[49.00042857 41.32847619 63.94533333]
-0.15	 -0.82	-0.05	0.18	86_E	[49.12534375 41.9328125  65.3759375 ]
0.13	 1.05	0.05	-0.24	86_E	[49.518      43.11518182 61.71109091]
-0.24	 -1.24	-0.02	0.25	86_E	[49.9880625  44.3178125  63.86809375]
-0.14	 -0.65	-0.08	0.15	86_E	[49.52332258 45.27180645 61.98158065]
-0.33	 -1.31	0.29	0.55	86_E	[49.28376471 46.81326471 63.09767647]
0.01	 0.39	-0.21	0.01	86_E	[49.53534091 45.31063636 59.9625    ]
0.17	 1.62	0.22	-0.48	87_V	[47.29675 40.724   62.9285 ]
-0.08	 -0.46	-0.05	0.06	87_V	[46.60525  40.244375 64.53525 ]
0.0	 0.72	-0.13	-0.03	87_V	[46.92277778 38.64444444 66.572     ]
-0.22	 -0.75	0.04	0.28	87_V	[48.47592308 40.05634615 67.112     ]
-0.05	 1.0	0.06	-0.08	87_V	[47.40811111 36.53177778 63.43411111]
-0.16	 -0.89	-0.06	0.27	87_V	[45.56422222 36.86140278 65.10636111]
-0.19	 -0.88	-0.03	0.26	87_V	[45.46759259 38.88701852 61.88748148]
0.14	 0.49	-0.01	-0.27	88_E	[49.2445625 36.797875  64.5001875]
-0.02	 -0.01	-0.05	-0.02	88_E	[48.269      37.41121053 67.79368421]
-0.16	 -1.0	-0.02	0.19	88_E	[51.1446087  36.07426087 66.82573913]
-0.16	 -0.52	0.07	0.19	88_E	[51.31036585 38.59095122 67.19434146]
-0.08	 0.01	-0.06	-0.0	88_E	[48.1115641  35.00925641 66.12294872]
-0.18	 -1.0	-0.04	0.26	88_E	[48.4197561  35.17543902 68.77668293]
-0.15	 -0.77	-0.14	0.21	88_E	[47.6225    33.20925   68.2439375]
-0.29	 -1.12	0.21	0.48	88_E	[46.59878571 32.98761905 69.48678571]
-0.28	 -1.03	0.17	0.42	88_E	[48.50107895 32.15592105 67.00352632]
