-0.01	 -4.68	0.0	-0.09	1_M	[67.70533333 70.28283333 33.138     ]
0.07	 1.79	0.03	-0.27	1_M	[65.69166667 69.94566667 34.41283333]
0.15	 1.1	-0.15	-0.18	1_M	[65.627875 69.0285   34.5685  ]
0.12	 1.37	-0.0	-0.24	1_M	[66.268      67.72854167 33.7785    ]
-0.16	 -0.61	0.01	0.19	1_M	[65.08060937 73.93684375 31.77859375]
-0.11	 -1.06	-0.09	0.15	1_M	[66.79188571 72.71751429 29.43185714]
-0.14	 -0.75	0.01	0.22	1_M	[67.6024375 71.4061875 32.9471875]
-0.33	 -0.63	0.11	0.44	1_M	[67.487  69.4268 33.8415]
-0.11	 -0.06	-0.07	0.12	1_M	[67.53136842 69.152      31.24505263]
-0.03	 -0.04	-0.0	-0.02	1_M	[64.9225     71.17713636 34.27763636]
0.12	 0.98	0.1	-0.34	1_M	[66.02030769 70.04269231 29.69042308]
0.15	 1.63	-0.11	-0.2	1_M	[63.354      73.37077778 30.25022222]
0.13	 1.32	-0.04	-0.26	1_M	[64.1778 72.6424 33.3479]
-0.3	 -1.0	0.26	0.49	1_M	[67.58372727 73.86477273 29.696     ]
-0.11	 -0.24	-0.02	0.26	1_M	[67.95509091 71.39127273 30.45872727]
-0.07	 -0.07	-0.27	0.1	1_M	[66.086      71.96773333 28.38533333]
-0.01	 -0.16	0.01	-0.05	2_R	[64.5988 68.146  36.1534]
-0.01	 0.71	-0.08	-0.1	2_R	[63.71    70.021   37.36175]
-0.07	 0.03	-0.07	0.08	2_R	[62.9944 71.0906 37.5306]
-0.11	 -0.38	-0.0	0.08	2_R	[61.79838462 71.80746154 38.437     ]
-0.11	 -1.5	-0.08	0.13	2_R	[60.830375 70.557625 39.77975 ]
-0.06	 0.42	0.05	-0.04	2_R	[60.55115789 73.63568421 37.539     ]
0.04	 0.03	-0.0	-0.09	2_R	[64.21114286 66.92985714 36.7662381 ]
-0.01	 0.14	0.07	-0.16	2_R	[64.517      69.43768421 35.90026316]
-0.13	 -0.15	0.05	0.19	2_R	[63.00885185 68.85133333 38.68162963]
0.05	 0.03	0.02	0.0	2_R	[63.0048     71.55786667 36.06693333]
0.18	 1.21	0.02	-0.27	2_R	[61.166      69.06433333 39.71675   ]
-0.01	 -0.05	0.02	-0.1	2_R	[58.72853846 71.07634615 39.3575    ]
0.01	 -0.2	0.08	-0.02	2_R	[60.8608125 73.67275   36.4495625]
-0.06	 -0.14	-0.27	0.1	2_R	[59.22207407 73.36574074 38.185     ]
0.08	 0.48	-0.13	-0.1	3_H	[59.99513793 63.26355172 29.82441379]
0.05	 0.37	0.02	-0.37	3_H	[60.47538235 61.4255     30.67305882]
0.08	 0.85	-0.08	-0.17	3_H	[60.11148485 66.04984848 29.82357576]
0.15	 1.5	0.08	-0.31	3_H	[57.69133333 65.06714815 30.43111111]
-0.19	 -0.26	-0.2	0.35	3_H	[61.14666667 61.22774074 30.46162963]
0.06	 0.31	0.0	-0.17	3_H	[61.29342857 60.90514286 33.09461905]
0.08	 0.87	0.02	-0.25	4_Y	[56.03772973 71.33978378 32.08648649]
0.16	 1.38	0.3	-0.56	4_Y	[54.913625 70.542625 33.90825 ]
0.09	 1.3	0.05	-0.31	4_Y	[54.06942424 71.09857576 35.43072727]
0.07	 0.26	-0.02	-0.11	4_Y	[56.54771429 72.14480952 38.19542857]
0.1	 0.6	-0.14	-0.1	4_Y	[54.27121053 71.98363158 36.67410526]
-0.23	 -0.82	-0.21	0.48	4_Y	[53.24109375 72.83771875 37.0585625 ]
0.04	 0.44	-0.09	-0.13	4_Y	[52.67935 70.1746  36.5008 ]
0.18	 0.55	0.02	-0.21	4_Y	[56.83283333 73.76358333 37.89666667]
-0.0	 -0.25	1.09	-0.07	4_Y	[54.20673529 74.37208824 37.26097059]
0.18	 1.09	0.08	-0.33	5_D	[59.83185714 74.09371429 29.19678571]
0.09	 0.44	0.14	-0.37	5_D	[62.7131  72.97235 33.9661 ]
-0.19	 -0.49	-0.16	0.16	5_D	[60.9794     74.3052     34.13933333]
0.15	 1.46	-0.0	-0.29	5_D	[63.10528571 71.81428571 34.67014286]
0.01	 -0.17	-0.05	-0.09	5_D	[61.10029167 73.93741667 31.41979167]
0.12	 1.18	0.04	-0.28	6_C	[55.57918182 70.62081818 28.812     ]
0.06	 0.67	-0.18	-0.12	6_C	[59.92561538 67.00346154 28.40015385]
0.0	 0.59	-0.09	-0.07	6_C	[59.19992857 66.6215     26.97885714]
0.11	 1.28	0.4	-0.73	6_C	[60.766875 67.245    28.630375]
0.09	 0.99	-0.01	-0.23	6_C	[58.29405263 66.93157895 28.76331579]
0.15	 1.31	0.44	-0.66	7_K	[55.28533333 69.524      23.58966667]
-0.15	 -0.49	-0.02	0.13	7_K	[53.71825    69.82703125 25.36559375]
0.08	 0.91	0.07	-0.23	7_K	[54.925875  71.79625   23.7804375]
0.07	 1.89	-0.08	-0.13	7_K	[57.1725     72.86792857 21.4385    ]
-0.03	 0.24	-0.08	0.0	7_K	[53.9341875 73.6811875 22.189625 ]
-0.01	 -4.68	-0.0	-0.09	7_K	[55.035      74.5795     19.50416667]
0.1	 0.6	0.01	-0.18	7_K	[55.10455556 71.97816667 26.68788889]
-0.14	 -0.59	-0.13	0.14	7_K	[54.50933333 71.27604762 23.37247619]
0.06	 -0.18	-0.04	-0.08	7_K	[54.85016 73.882   25.00684]
0.09	 0.23	-0.04	-0.15	7_K	[57.80985185 74.31948148 22.372     ]
0.08	 0.67	-0.06	-0.16	7_K	[56.81240541 71.71140541 21.33367568]
-0.23	 -0.8	0.09	0.34	7_K	[53.8883913  72.79021739 21.54208696]
0.07	 0.5	-0.08	-0.13	7_K	[54.01277778 75.3667037  22.96855556]
-0.21	 -0.41	0.07	0.28	7_K	[54.23444828 75.53851724 20.11610345]
-0.21	 0.18	0.1	0.28	7_K	[56.82392857 75.34128571 20.31392857]
-0.27	 -0.71	0.04	0.4	7_K	[55.76565217 73.47230435 19.5606087 ]
0.16	 1.46	0.17	-0.42	8_N	[56.2862     65.857      27.08646667]
-0.02	 0.33	-0.08	-0.06	8_N	[55.87405263 67.73877193 22.16501754]
0.09	 0.51	0.02	-0.2	8_N	[53.75552 67.47444 24.468  ]
0.09	 0.44	0.0	-0.23	8_N	[57.51880952 65.05409524 25.5832381 ]
0.16	 1.16	0.54	-0.69	8_N	[57.7609375 66.2880625 20.9929375]
0.17	 1.24	0.09	-0.32	8_N	[59.66014286 65.4552381  24.13590476]
0.13	 1.58	0.15	-0.4	9_Y	[56.653125 66.716875 27.764   ]
0.1	 1.39	0.13	-0.36	9_Y	[56.184375 66.077625 28.89325 ]
-0.02	 0.11	-0.17	-0.0	9_Y	[52.43983784 69.42183784 28.41864865]
0.12	 1.34	0.05	-0.3	9_Y	[53.86147368 69.96989474 32.43257895]
0.16	 1.71	0.11	-0.4	9_Y	[56.008      65.34516667 29.4105    ]
0.21	 1.39	0.33	-0.57	9_Y	[57.1353 66.7618 29.6181]
0.15	 0.7	0.14	-0.34	9_Y	[54.91294737 69.84278947 30.18726316]
0.07	 -0.16	-0.03	-0.14	9_Y	[53.0571 69.9134 30.7347]
0.2	 1.33	0.18	-0.45	9_Y	[51.84544828 68.15503448 35.69451724]
-0.07	 -0.41	-0.0	0.05	10_I	[47.39946429 65.88360714 29.23317857]
-0.09	 -0.37	0.02	0.08	10_I	[50.25532143 66.76921429 25.69842857]
0.11	 0.37	0.04	-0.2	10_I	[50.14406667 68.3978     28.6756    ]
0.05	 0.54	-0.05	-0.08	10_I	[49.70355172 63.32237931 26.91041379]
-0.1	 -0.18	0.11	0.1	10_I	[47.47113043 64.44208696 28.72569565]
0.01	 0.85	-0.09	-0.05	10_I	[47.51595 66.44165 30.1978 ]
-0.18	 -1.01	0.0	0.31	10_I	[48.1778125 67.331125  27.7845   ]
-0.09	 -0.08	0.0	0.06	10_I	[50.54529412 65.12635294 24.82011765]
-0.14	 -0.77	0.17	0.22	10_I	[48.69938095 66.16380952 25.97761905]
0.03	 0.35	-0.02	-0.09	10_I	[51.39066667 67.71246667 26.37893333]
0.16	 1.29	0.09	-0.33	11_N	[47.27414286 67.71457143 34.131     ]
-0.09	 -0.23	-0.05	0.09	11_N	[46.768      66.9322381  32.59495238]
0.03	 0.95	0.14	-0.28	11_N	[48.77816667 69.253375   33.83241667]
-0.14	 -0.5	-0.04	0.2	11_N	[49.51945455 71.55781818 33.14418182]
-0.1	 0.02	-0.11	0.06	11_N	[51.5084878  70.89343902 34.28185366]
-0.08	 0.14	0.01	0.05	11_N	[50.00505882 71.33976471 30.96076471]
0.01	 0.18	-0.16	-0.07	11_N	[48.79357143 68.45042857 30.21035714]
-0.12	 -0.46	0.15	0.1	11_N	[47.8554  69.2442  31.85565]
-0.15	 -0.43	-0.22	0.25	11_N	[48.46716667 69.06536667 34.67873333]
-0.2	 -0.5	0.08	0.29	11_N	[51.62356667 71.5918     31.44596667]
-0.14	 -0.6	-0.02	0.24	11_N	[49.68383333 70.32138889 30.192     ]
0.09	 1.42	0.25	-0.53	12_L	[46.05983333 64.989      35.24183333]
-0.04	 -0.76	-0.29	0.0	12_L	[47.68722222 67.92022222 35.95044444]
-0.18	 -0.81	0.1	0.33	12_L	[45.74663889 66.76672222 36.19863889]
0.07	 1.52	0.01	-0.24	12_L	[47.37116667 60.85391667 33.60191667]
-0.09	 -0.28	-0.02	0.08	12_L	[46.43343478 63.40665217 32.17534783]
0.19	 1.31	0.36	-0.59	12_L	[50.09988889 67.43422222 35.31338889]
-0.13	 -0.45	-0.2	0.15	12_L	[45.93416667 65.67216667 34.494     ]
0.04	 0.1	0.02	-0.07	12_L	[46.89922222 63.34894444 36.51777778]
0.13	 1.51	0.2	-0.46	12_L	[48.03285714 60.48607143 32.93221429]
-0.0	 0.11	0.01	0.06	12_L	[47.20907143 61.22485714 35.38371429]
0.03	 0.5	-0.09	-0.1	12_L	[47.10427273 62.18613636 31.59345455]
-0.15	 -0.51	0.07	0.25	12_L	[45.90716667 62.88366667 33.918     ]
0.05	 0.32	-0.06	-0.05	12_L	[46.55407143 64.82507143 32.15464286]
0.14	 1.21	0.11	-0.39	13_D	[48.72666667 67.762      36.614     ]
0.08	 1.1	-0.02	-0.21	13_D	[48.11116667 68.011      37.45816667]
-0.11	 -0.37	-0.0	0.02	13_D	[48.92608333 68.53266667 38.50225   ]
-0.02	 0.42	-0.07	-0.1	13_D	[50.60244 68.10228 37.54652]
-0.06	 0.76	-0.01	0.03	13_D	[46.11575    65.75591667 39.73041667]
0.11	 0.73	0.03	-0.25	13_D	[48.29709091 64.52845455 41.41236364]
-0.08	 -0.76	-0.05	0.07	13_D	[47.44924242 62.97775758 39.95872727]
-0.19	 -0.73	-0.01	0.22	13_D	[46.82265 67.9072  38.28155]
-0.06	 -0.69	-0.01	0.11	13_D	[46.7921  66.03455 40.9037 ]
-0.11	 -0.51	0.05	0.17	13_D	[46.04435294 64.82770588 38.60264706]
0.02	 0.25	-0.12	-0.07	14_C	[48.16757143 68.54342857 40.20042857]
0.07	 0.79	0.04	-0.27	14_C	[49.204      69.2655     40.38316667]
0.17	 1.38	0.26	-0.51	14_C	[51.730875 66.796625 43.184   ]
-0.11	 -0.36	-0.12	0.12	14_C	[53.24948387 68.12874194 41.93690323]
-0.2	 -1.02	-0.11	0.22	14_C	[49.74036364 69.86481818 43.25227273]
-0.15	 -0.43	0.03	0.2	14_C	[49.22398361 66.61136066 44.16585246]
0.0	 0.47	-0.01	-0.07	14_C	[47.587875 67.9045   40.960125]
-0.09	 -0.27	0.02	0.18	14_C	[50.8303 69.4737 40.2341]
-0.19	 -0.71	0.06	0.24	14_C	[51.04052174 69.31869565 43.38534783]
-0.18	 -0.88	0.14	0.34	14_C	[48.64938095 69.68280952 42.17795238]
-0.15	 -0.11	0.04	0.24	14_C	[47.47066667 66.70614815 43.00325926]
0.08	 0.71	-0.11	-0.14	15_E	[55.1182069  63.65765517 40.4937931 ]
-0.04	 0.39	-0.09	0.02	15_E	[53.251875 64.048125 43.577125]
0.05	 1.11	-0.04	-0.21	15_E	[52.80666667 61.92933333 41.54566667]
-0.05	 0.15	-0.11	0.07	15_E	[50.79151724 61.91410345 42.85641379]
-0.28	 -1.15	0.16	0.45	15_E	[51.53455882 61.88794118 44.56076471]
-0.26	 -0.34	0.28	-0.01	15_E	[50.04363333 60.43046667 42.45      ]
0.03	 0.73	-0.15	-0.19	15_E	[54.25       65.93109091 42.16995455]
-0.11	 0.01	0.03	0.16	15_E	[53.73395238 63.02428571 42.55252381]
-0.08	 -0.16	-0.06	0.07	15_E	[52.08819048 64.90595238 43.7487619 ]
0.19	 1.4	0.14	-0.39	15_E	[49.45369231 63.90523077 42.02484615]
0.1	 0.92	0.24	-0.49	15_E	[52.7646 61.831  40.971 ]
0.05	 1.37	0.03	-0.26	16_K	[53.67321429 60.7875     37.97664286]
-0.02	 0.16	-0.05	-0.05	16_K	[51.95821429 59.302      38.87371429]
0.01	 0.2	0.16	-0.41	16_K	[49.03647059 59.30305882 38.98505882]
0.05	 0.84	0.32	-0.6	16_K	[48.90984615 60.62815385 41.22846154]
0.16	 2.47	0.06	-0.31	16_K	[53.60077778 60.62211111 37.188     ]
-0.01	 0.25	-0.1	-0.06	16_K	[53.86617391 61.58591304 39.39726087]
-0.03	 -0.16	-0.09	0.09	16_K	[52.19481818 58.99163636 37.80536364]
-0.05	 -0.43	-0.0	0.15	16_K	[52.01061538 60.00515385 40.23315385]
0.12	 0.46	0.06	-0.21	16_K	[48.09189474 61.07552632 37.62078947]
-0.16	 -0.63	0.21	-0.03	16_K	[49.22127273 58.58       39.31136364]
-0.28	 -0.58	0.03	0.24	16_K	[47.95664286 60.42810714 40.62546429]
-0.16	 -0.28	-0.49	0.47	16_K	[49.859   59.60675 41.0165 ]
-0.1	 -0.27	-0.01	0.11	18_L	[48.09312 60.81204 28.88928]
0.02	 0.86	-0.02	-0.2	18_L	[49.82117391 58.48765217 31.03617391]
-0.17	 -0.93	0.06	0.23	18_L	[47.483      60.40526087 30.48865217]
0.04	 0.14	-0.05	-0.03	18_L	[47.91188889 62.60838889 28.971     ]
-0.03	 0.3	-0.05	-0.07	18_L	[49.64515625 60.50978125 28.04709375]
-0.09	 -0.38	-0.17	0.13	18_L	[48.69314286 58.9335     32.00428571]
0.19	 0.91	0.01	-0.36	18_L	[50.93666667 57.94033333 30.72966667]
0.11	 1.16	0.05	-0.32	19_C	[57.56144444 60.72688889 28.45866667]
-0.13	 0.05	-0.0	0.26	19_C	[58.07671429 62.29637143 26.31485714]
0.17	 1.01	0.1	-0.3	19_C	[56.1895     63.97646429 28.26207143]
0.08	 0.42	-0.1	-0.15	19_C	[58.01819355 61.98954839 29.27283871]
0.13	 1.33	0.26	-0.56	20_A	[53.48057143 62.527      22.35785714]
0.02	 0.19	-0.02	-0.12	20_A	[52.46765 61.3773  22.7528 ]
0.0	 -0.05	-0.14	-0.02	20_A	[52.89848 64.87144 23.35892]
0.07	 0.49	0.02	-0.22	20_A	[51.43611111 62.38896296 25.56388889]
-0.24	 -0.6	-0.03	0.31	20_A	[52.22104348 63.82717391 22.93026087]
0.13	 1.05	0.06	-0.36	20_A	[52.31636364 66.12245455 24.56881818]
0.14	 1.36	0.11	-0.41	20_A	[54.924  64.8618 22.7416]
0.12	 2.31	-0.04	-0.22	21_L	[57.03372727 58.50318182 23.00736364]
-0.06	 -0.05	-0.04	0.01	21_L	[55.182      58.17779412 22.06561765]
0.09	 1.55	-0.01	-0.29	21_L	[58.6649 60.2157 23.4635]
0.07	 0.07	-0.06	-0.15	21_L	[59.203      63.36990909 20.495     ]
-0.05	 -0.1	0.03	-0.01	21_L	[56.03005128 63.12712821 20.49941026]
-0.07	 0.03	-0.25	-0.01	21_L	[54.50108333 60.57716667 21.38275   ]
0.04	 0.45	-0.19	-0.07	21_L	[58.70007143 60.87042857 24.19607143]
-0.09	 0.17	-0.23	0.12	21_L	[58.2809375  60.019875   22.23784375]
0.04	 0.49	0.08	-0.19	21_L	[59.45040909 64.66727273 21.01718182]
0.13	 0.73	-0.28	0.04	21_L	[59.389775 63.008025 24.048875]
-0.08	 0.02	-0.15	0.04	21_L	[59.54394444 62.08894444 20.61916667]
-0.29	 -0.37	0.17	0.08	21_L	[56.935      64.53466667 20.253     ]
-0.2	 -0.85	0.18	0.29	21_L	[56.99352381 61.20604762 20.00757143]
-0.12	 -0.04	-0.09	0.1	21_L	[54.672375   62.73454167 21.20675   ]
0.12	 1.63	0.09	-0.36	22_T	[54.113      56.67683333 23.98      ]
-0.1	 -0.25	0.01	0.11	22_T	[53.93648649 55.59456757 25.85124324]
0.05	 0.31	-0.09	0.04	22_T	[57.46333333 56.34316667 26.44716667]
-0.1	 -0.43	-0.03	0.06	22_T	[59.00156667 58.52633333 25.88256667]
-0.07	 -0.19	-0.02	0.13	22_T	[56.38231818 56.4975     24.09736364]
-0.19	 -0.68	0.03	0.28	22_T	[56.77409524 55.89938095 27.00071429]
-0.03	 0.44	-0.05	-0.16	22_T	[57.01429032 58.15303226 29.12170968]
-0.18	 -0.47	0.13	0.28	22_T	[58.85524 57.84908 27.50396]
-0.18	 -0.8	0.14	0.28	22_T	[58.67172727 57.32809091 24.69140909]
-0.0	 -0.24	-0.21	0.06	22_T	[58.77425  59.868625 25.722   ]
0.09	 0.66	-0.0	-0.19	23_K	[52.6284 55.8637 28.1713]
-0.07	 -0.08	0.13	-0.06	23_K	[50.58983333 57.13058333 28.89194444]
0.01	 0.16	-0.13	0.01	23_K	[50.76511111 56.06733333 26.11222222]
0.06	 0.37	-0.02	0.0	23_K	[49.592      58.51466667 25.093     ]
-0.02	 0.26	-0.01	-0.06	23_K	[49.54858824 56.85582353 23.72994118]
-0.11	 -0.36	-0.12	0.15	23_K	[50.08392857 57.72535714 21.13      ]
0.01	 0.63	-0.04	-0.17	23_K	[51.9595     58.67433333 21.024     ]
0.21	 1.57	0.3	-0.55	23_K	[51.33005263 60.36910526 26.68636842]
-0.07	 -0.66	0.11	0.03	23_K	[51.65041667 55.782      25.93841667]
-0.14	 -0.81	-0.11	0.18	23_K	[49.90605263 57.55794737 26.62710526]
-0.14	 0.09	-0.16	0.07	23_K	[50.348375   59.78491667 25.03220833]
-0.12	 -0.55	0.04	0.22	23_K	[51.04436 55.91904 23.6494 ]
-0.27	 -0.8	0.11	0.41	23_K	[48.84790909 57.67795455 23.89222727]
-0.2	 -0.56	0.14	0.32	23_K	[50.76446429 56.8765     20.91664286]
-0.2	 -0.86	0.15	0.4	23_K	[49.46995238 59.18657143 21.80819048]
-0.24	 -0.51	0.15	0.26	23_K	[52.48196296 59.13177778 20.55103704]
0.02	 0.32	-0.1	-0.11	23_K	[51.53658824 60.30058824 22.28164706]
0.0	 -0.16	-0.02	-0.02	23_K	[52.97605556 57.09327778 22.48177778]
-0.01	 -0.05	-0.13	0.05	24_G	[53.93157143 55.62142857 29.84335714]
0.16	 1.34	0.11	-0.41	24_G	[55.64923529 58.02470588 31.08205882]
-0.17	 -0.61	-0.01	0.2	24_G	[52.45795652 55.85904348 30.39908696]
-0.11	 -0.35	-0.03	0.18	24_G	[55.0634     56.18186667 30.20443333]
0.11	 1.14	0.23	-0.49	25_M	[52.56047368 57.18015789 31.90652632]
0.14	 1.52	0.01	-0.26	25_M	[54.52041667 59.01441667 35.50516667]
-0.17	 -0.42	-0.06	0.19	25_M	[55.75145714 57.52048571 33.92434286]
0.02	 0.56	-0.08	-0.08	25_M	[52.32614286 56.484      34.936     ]
-0.16	 -0.81	0.01	0.22	25_M	[50.28962963 57.09096296 36.84585185]
-0.08	 -0.61	-0.05	0.11	25_M	[48.17436364 58.11257576 34.88354545]
-0.14	 -0.38	-0.1	0.22	25_M	[52.96065217 56.23417391 32.78982609]
-0.03	 0.14	0.01	0.07	25_M	[51.22523529 56.82117647 33.604     ]
-0.12	 -0.08	-0.01	0.23	25_M	[53.03231579 57.43310526 35.86510526]
0.18	 1.49	0.1	-0.36	25_M	[53.09064286 59.457      36.34571429]
-0.2	 -0.82	0.14	0.39	25_M	[48.0460303  56.99657576 35.08754545]
-0.07	 -0.38	-0.12	0.07	25_M	[47.59378571 59.39378571 35.92935714]
0.04	 0.67	-0.06	-0.1	25_M	[49.47045455 57.84363636 33.16154545]
0.07	 1.26	0.3	-0.58	26_V	[55.7925   59.389375 35.534   ]
0.08	 0.81	0.09	-0.27	26_V	[55.46311111 60.44781481 36.53362963]
0.05	 0.62	0.13	-0.4	26_V	[57.58856522 59.40178261 30.89113043]
0.11	 1.65	-0.02	-0.25	26_V	[56.8854     59.08846667 35.17033333]
0.08	 1.06	0.06	-0.36	26_V	[58.216      60.55494118 30.33541176]
-0.06	 -0.08	-0.07	0.06	26_V	[58.0435     59.31876316 32.72294737]
0.11	 1.68	-0.04	-0.26	27_P	[56.52633333 60.49666667 37.37866667]
0.13	 1.19	0.11	-0.36	27_P	[55.70609091 61.23936364 38.01309091]
0.01	 0.14	-0.22	0.02	27_P	[57.86261111 61.584      39.95305556]
0.04	 0.79	-0.12	0.04	27_P	[58.39666667 59.63933333 38.11133333]
0.11	 1.32	-0.02	-0.27	27_P	[58.31625   59.9698125 35.7456875]
0.07	 1.21	0.12	-0.31	27_P	[57.46435714 62.8385     40.09064286]
-0.2	 -0.58	-0.07	0.37	27_P	[56.83886667 60.85013333 39.3057    ]
-0.0	 -0.08	0.02	-0.07	27_P	[59.39275    59.53041667 38.36691667]
-0.17	 -0.46	-0.17	0.18	27_P	[58.21948148 59.29488889 36.22022222]
0.07	 0.73	0.29	-0.67	28_I	[57.28066667 69.74483333 39.82954167]
0.12	 0.41	-0.03	-0.22	28_I	[53.1409 69.0699 38.8237]
0.16	 1.38	0.42	-0.64	28_I	[56.68925  64.001875 40.154125]
0.05	 0.19	-0.05	0.08	28_I	[55.92817647 69.26414706 39.95158824]
0.12	 0.89	0.35	-0.61	28_I	[58.27177778 69.56111111 40.22755556]
-0.05	 -1.13	-0.28	0.13	28_I	[54.03775    70.03683333 38.67233333]
0.04	 0.13	-0.03	-0.11	29_D	[59.60242857 62.67507143 41.45460714]
-0.0	 0.22	0.03	-0.09	29_D	[59.886875 65.4155   43.792875]
-0.11	 -0.21	0.03	0.04	29_D	[58.65955556 68.07722222 43.346     ]
-0.18	 -0.59	-0.06	0.24	29_D	[59.55334211 69.20021053 42.01018421]
-0.16	 -0.23	-0.02	0.17	29_D	[56.92235556 67.27437778 42.664     ]
0.06	 -0.03	0.05	-0.19	29_D	[57.39681818 64.79404545 41.10736364]
0.07	 0.61	-0.11	-0.14	29_D	[61.379375  67.4794375 40.445625 ]
-0.17	 -1.09	-0.0	0.28	29_D	[58.76982353 64.92329412 43.37658824]
-0.17	 -0.64	0.05	0.2	29_D	[61.09942105 66.38710526 43.28942105]
0.08	 1.0	-0.07	-0.2	30_G	[62.362      65.15683333 42.88483333]
-0.31	 0.56	0.02	-0.03	30_G	[62.64523529 63.69811765 43.061     ]
-0.04	 0.08	0.06	-0.09	30_G	[64.34546154 63.33676923 40.70361538]
0.09	 0.4	-0.1	-0.17	30_G	[64.4694375 62.989     38.926875 ]
-0.11	 -0.24	-0.02	0.14	30_G	[62.91569231 65.72896154 41.32123077]
-0.31	 -0.86	0.16	0.46	30_G	[63.88838889 63.86555556 42.91666667]
-0.15	 -0.55	0.01	0.24	30_G	[61.42427273 62.61327273 43.01236364]
0.06	 -0.04	-0.03	-0.14	31_E	[63.459125  61.1158125 41.848875 ]
0.14	 0.63	0.0	-0.31	31_E	[65.4825 60.4255 41.245 ]
0.08	 1.56	0.14	-0.38	31_E	[62.60290909 58.13681818 39.26963636]
-0.06	 -0.08	-0.04	-0.0	31_E	[61.10825    59.76775    40.10085714]
0.08	 0.33	-0.09	-0.15	31_E	[64.24708333 58.78       42.2495    ]
0.05	 0.66	0.02	-0.25	31_E	[64.91122727 57.33813636 39.76786364]
-0.13	 -0.58	-0.1	0.16	31_E	[64.70927586 56.00272414 41.21613793]
-0.24	 -0.89	0.11	0.32	31_E	[63.01745238 56.12245238 41.60704762]
-0.34	 -1.23	0.29	0.55	31_E	[65.95976471 54.84847059 41.01041176]
-0.2	 -0.91	-0.13	0.23	31_E	[63.37233333 61.04433333 42.90711111]
-0.08	 0.2	-0.05	0.01	31_E	[65.45313793 60.90527586 39.35113793]
-0.19	 -0.63	0.03	0.26	31_E	[64.87345833 59.11954167 42.63604167]
-0.16	 -0.81	-0.12	0.11	31_E	[62.4284     58.73566667 41.6454    ]
-0.15	 -0.14	-0.17	0.12	31_E	[64.0312381  57.52385714 38.658     ]
-0.16	 -0.53	0.02	0.29	31_E	[66.451      58.08519231 40.42942308]
-0.07	 -0.26	-0.18	0.09	32_G	[62.497      58.51133333 36.4145    ]
0.07	 0.07	0.07	-0.19	32_G	[61.08595 60.05625 34.86635]
0.13	 0.64	-0.17	-0.08	32_G	[65.18386667 59.19813333 37.92066667]
-0.17	 -0.39	0.01	0.25	32_G	[63.6495     58.86025    35.87220833]
-0.08	 -0.74	-0.06	0.17	32_G	[61.34819048 58.60657143 37.2477619 ]
0.08	 0.32	0.01	-0.17	33_S	[63.58937931 65.42051724 38.44072414]
0.06	 0.59	-0.02	-0.2	33_S	[63.79614286 64.39942857 39.76471429]
0.08	 0.97	0.26	-0.55	34_E	[65.19242857 65.59757143 35.72385714]
0.13	 0.65	0.0	-0.19	34_E	[63.93372 62.432   31.7552 ]
-0.01	 0.24	-0.05	-0.1	34_E	[67.17373333 64.64733333 34.10713333]
-0.06	 -0.18	-0.06	-0.06	34_E	[67.34975  63.329875 36.185875]
-0.23	 -1.07	-0.05	0.21	34_E	[67.02977778 61.14555556 34.36477778]
-0.03	 -0.22	0.04	-0.01	34_E	[64.66481818 61.01259091 33.81245455]
-0.18	 -0.43	0.08	0.23	34_E	[66.62921622 60.4672973  36.34986486]
0.07	 0.88	-0.01	-0.22	34_E	[65.29657143 66.50971429 35.15557143]
-0.08	 -0.19	-0.16	0.16	34_E	[67.07229412 63.133      32.92429412]
-0.23	 -0.47	-0.1	0.3	34_E	[67.17233333 65.81961905 34.40233333]
-0.29	 -0.68	0.15	0.43	34_E	[68.24961905 63.08185714 35.84528571]
-0.03	 0.17	0.0	-0.02	34_E	[65.62168966 63.91262069 37.06134483]
0.14	 1.16	0.0	-0.26	35_A	[65.60391667 63.97458333 29.84966667]
-0.16	 -0.64	-0.0	0.2	35_A	[66.84525714 63.76868571 30.49362857]
0.08	 0.58	-0.05	-0.22	35_A	[65.77766667 67.3042963  28.64511111]
0.15	 1.16	0.06	-0.28	35_A	[66.6619375 65.9325    32.2151875]
-0.07	 -0.36	-0.02	0.03	35_A	[66.61948 67.01516 30.05564]
0.08	 1.67	0.09	-0.44	36_C	[65.0742 62.2902 29.3926]
0.07	 0.38	0.05	-0.2	36_C	[66.5155     64.85394444 27.67927778]
0.13	 1.1	0.01	-0.2	36_C	[66.006    65.92075  27.073375]
-0.05	 0.1	0.05	-0.06	36_C	[63.99765 61.4368  28.7031 ]
0.01	 0.08	0.13	-0.38	36_C	[62.17239286 62.188625   25.48607143]
0.12	 0.68	0.03	-0.27	36_C	[62.638875   64.58853125 28.46578125]
-0.12	 -0.07	-0.12	0.02	36_C	[66.34638095 62.35819048 28.88680952]
-0.12	 -0.75	0.12	0.17	36_C	[64.826      60.54952941 27.49964706]
-0.07	 0.16	-0.18	0.05	36_C	[62.81582759 61.95465517 28.9262069 ]
0.08	 1.01	0.09	-0.29	37_P	[67.44814286 63.35685714 26.90814286]
0.11	 0.9	0.21	-0.5	37_P	[68.22690909 64.18609091 24.95781818]
0.11	 1.89	0.13	-0.41	37_P	[66.1862 63.9343 21.9455]
-0.13	 -0.47	0.03	0.18	37_P	[66.66139474 65.88876316 22.56      ]
-0.14	 -0.81	-0.08	0.12	37_P	[68.9238     63.2892     23.17933333]
-0.13	 -0.29	-0.04	0.12	37_P	[67.4885625 60.573875  23.8135   ]
-0.07	 -0.23	-0.16	0.09	37_P	[66.66188889 60.33066667 26.41066667]
-0.13	 -0.36	0.0	0.29	37_P	[67.8872  65.27264 25.275  ]
-0.22	 -0.91	0.12	0.35	37_P	[67.86338889 62.85972222 22.18583333]
-0.19	 -0.97	0.11	0.33	37_P	[69.42307692 62.81373077 24.60226923]
-0.06	 -0.4	-0.03	0.03	37_P	[65.67692593 61.22425926 23.03851852]
-0.31	 -0.87	0.23	0.51	37_P	[68.22755556 60.18938889 24.24155556]
0.01	 0.12	-0.06	-0.01	37_P	[65.418      60.44086667 25.67586667]
-0.22	 -0.88	0.09	0.3	37_P	[67.73326087 61.37356522 27.02604348]
0.09	 1.38	0.21	-0.52	38_N	[63.04   64.964  21.1925]
0.18	 1.1	0.12	-0.36	38_N	[62.41468182 65.71131818 23.34804545]
0.1	 0.36	0.01	-0.2	38_N	[61.71635 66.04165 21.55045]
0.13	 1.64	0.21	-0.49	38_N	[61.76977273 64.20813636 22.70913636]
0.0	 0.33	-0.08	-0.06	38_N	[62.58007692 62.56853846 20.95188462]
-0.24	 -0.7	0.09	0.31	38_N	[64.089275 62.6581   20.227   ]
-0.04	 -0.12	-0.16	-0.01	38_N	[62.17216667 60.69346667 21.823     ]
-0.15	 -0.2	-0.17	0.15	38_N	[64.230875  64.9079375 21.022875 ]
0.12	 1.18	0.0	-0.22	38_N	[61.23475  64.315625 21.439125]
-0.35	 -1.16	0.38	0.63	38_N	[62.65885714 60.12714286 20.69119048]
-0.11	 -0.06	-0.2	0.14	38_N	[61.22196875 60.86309375 23.0145625 ]
-0.1	 -0.17	-0.08	0.09	39_F	[64.52636667 68.75773333 22.65503333]
0.09	 1.06	0.16	-0.48	39_F	[65.51192308 67.53684615 27.15192308]
0.13	 1.25	0.14	-0.37	39_F	[65.12063636 69.21009091 27.96963636]
0.01	 0.25	-0.09	-0.08	39_F	[65.40161111 70.30733333 27.20205556]
0.11	 1.67	-0.02	-0.27	39_F	[65.281  71.9824 27.0842]
0.16	 0.84	0.07	-0.35	39_F	[61.8126     66.234      25.69716667]
-0.01	 -0.05	-0.13	0.05	39_F	[65.77790323 67.6403871  25.6636129 ]
0.02	 -0.04	0.02	-0.01	39_F	[65.187875 70.685375 25.218625]
0.16	 1.07	0.09	-0.34	39_F	[62.13119231 66.84353846 28.454     ]
-0.02	 0.07	-0.34	0.19	39_F	[64.756      72.92872222 26.86766667]
0.12	 0.88	0.01	-0.27	39_F	[62.61914286 73.25590476 28.8452381 ]
-0.02	 0.9	-0.01	-0.06	40_K	[62.20171429 69.62614286 20.23514286]
0.07	 1.26	-0.11	-0.13	40_K	[61.11666667 68.72266667 19.192     ]
-0.06	 0.57	-0.01	-0.13	40_K	[59.25025  70.440125 18.8595  ]
0.02	 -1.96	-0.01	-0.15	40_K	[58.03209091 68.87081818 17.89881818]
0.12	 0.43	-0.09	-0.08	40_K	[63.09671429 71.08985714 22.158     ]
0.07	 0.52	0.01	-0.18	40_K	[59.84393103 72.1317931  21.75375862]
-0.2	 -0.66	-0.05	0.21	40_K	[61.42718182 70.91963636 20.01336364]
0.04	 0.91	0.01	-0.08	40_K	[62.38361538 68.23823077 20.90053846]
-0.09	 -0.05	-0.03	0.02	40_K	[60.22766667 67.11279167 19.95195833]
0.05	 0.78	0.0	-0.18	40_K	[57.72021212 70.54354545 20.21945455]
-0.2	 -1.02	0.24	0.16	40_K	[60.13266667 69.99966667 18.1407619 ]
-0.42	 -1.09	0.3	0.59	40_K	[57.90094737 69.26894737 17.09989474]
-0.35	 -0.39	-0.08	0.45	40_K	[58.48725926 67.06503704 18.77633333]
-0.14	 -0.04	0.04	0.22	40_K	[56.9666875  68.39875    19.49615625]
0.07	 0.8	0.0	-0.23	41_P	[59.34215625 75.00809375 24.097625  ]
0.1	 0.72	-0.02	-0.22	41_P	[61.97817391 75.21117391 27.20126087]
-0.13	 -0.43	-0.04	0.11	41_P	[63.02275   75.6586875 23.8665   ]
0.03	 0.67	0.12	-0.27	41_P	[62.39389474 73.31205263 23.02231579]
0.04	 0.58	-0.1	-0.15	41_P	[61.39271429 76.5212381  25.90047619]
-0.13	 -0.12	-0.17	0.13	41_P	[63.46264 74.4906  27.27124]
-0.17	 -0.41	0.05	0.21	41_P	[61.24414286 75.45295238 23.36833333]
-0.32	 -0.88	0.24	0.5	41_P	[63.91911111 75.70033333 24.16777778]
-0.35	 -0.81	-0.13	0.31	41_P	[62.4636875 72.975625  22.137375 ]
-0.02	 0.18	0.04	0.0	41_P	[64.29817391 72.76017391 24.13178261]
0.21	 1.06	0.05	-0.34	42_A	[59.07704545 76.02940909 29.23872727]
0.05	 0.97	-0.07	-0.19	42_A	[56.10242857 72.72261905 29.36952381]
-0.08	 -0.19	-0.16	0.1	42_A	[55.44693548 74.22096774 28.66777419]
0.1	 0.7	0.0	-0.25	43_E	[54.51553333 76.98333333 28.85203333]
0.02	 0.42	-0.12	-0.06	43_E	[57.88781818 78.28745455 23.556     ]
0.06	 0.54	-0.05	-0.18	43_E	[54.91857895 78.35747368 22.05547368]
0.0	 0.3	0.01	-0.1	43_E	[53.67237143 79.05925714 22.95057143]
-0.19	 -0.38	-0.08	0.21	43_E	[55.75105405 77.81245946 21.26105405]
0.17	 0.95	0.08	-0.37	43_E	[54.92425926 75.67555556 26.13603704]
0.19	 1.45	0.23	-0.48	43_E	[58.564      77.63768421 25.79373684]
0.0	 0.22	-0.17	-0.07	43_E	[57.91354545 79.10681818 23.15090909]
0.06	 0.39	-0.02	-0.16	43_E	[57.68863158 76.81031579 23.61421053]
0.14	 1.66	0.23	-0.49	44_K	[55.5905     75.94908333 30.23966667]
0.01	 0.17	-0.18	0.02	44_K	[55.5842     73.79973333 31.6284    ]
0.08	 1.93	0.23	-0.47	44_K	[55.52425  72.9945   33.742875]
0.09	 0.79	-0.04	-0.19	44_K	[59.30017241 78.7232069  31.59168966]
0.12	 1.58	0.14	-0.41	44_K	[54.961      76.43616667 30.82533333]
0.1	 0.52	-0.0	-0.18	44_K	[58.59841463 76.22709756 32.31009756]
-0.07	 -0.28	-0.03	0.05	44_K	[54.7852963  75.291      32.09903704]
0.16	 1.47	0.25	-0.55	44_K	[56.285      73.35255556 31.00744444]
0.1	 1.48	0.15	-0.4	44_K	[55.7989 72.5596 33.4546]
0.22	 1.44	0.33	-0.57	44_K	[58.6571875 75.16925   34.2858125]
0.07	 0.6	-0.07	-0.19	44_K	[55.07736 74.03612 34.64524]
0.13	 1.23	-0.04	-0.34	45_C	[56.7234 85.3586 31.632 ]
-0.1	 0.14	0.27	0.13	45_C	[54.05       84.60911111 31.72338272]
0.15	 1.33	0.2	-0.49	45_C	[56.66268 84.67736 30.16252]
0.14	 1.25	-0.04	-0.27	45_C	[56.52054545 85.88327273 32.45045455]
0.06	 -0.07	-0.12	-0.1	46_G	[61.75985714 81.53671429 34.129     ]
-0.01	 0.25	-0.07	-0.12	46_G	[61.5477 80.4579 32.0905]
-0.02	 0.08	-0.02	0.02	46_G	[63.04111364 82.67618182 32.03363636]
0.15	 0.81	0.17	-0.35	46_G	[61.60308333 82.52758333 34.57091667]
-0.04	 -0.71	-0.04	-0.03	46_G	[60.70393333 80.2774     33.6512    ]
0.18	 1.46	0.31	-0.57	47_N	[60.751875 79.87625  30.974375]
0.17	 1.53	0.22	-0.47	47_N	[61.59928571 81.07107143 26.27028571]
0.05	 0.63	-0.11	-0.15	47_N	[63.349125 79.121    28.687375]
0.09	 1.1	-0.13	-0.0	47_N	[61.23885714 79.39514286 26.65142857]
0.05	 1.08	-0.14	-0.12	47_N	[60.92989286 78.05778571 27.95253571]
-0.11	 -0.05	-0.09	0.03	47_N	[63.13547059 79.86182353 27.45582353]
-0.07	 0.27	-0.04	0.02	47_N	[62.22077778 79.39048148 30.27833333]
0.15	 1.53	0.17	-0.42	47_N	[59.96473333 77.31753333 26.5572    ]
-0.11	 -0.22	-0.08	0.11	47_N	[61.73243243 77.052      28.526     ]
0.12	 1.02	0.07	-0.34	48_C	[62.43419231 85.66753846 29.88830769]
0.1	 1.37	0.05	-0.31	48_C	[57.58157143 85.63742857 29.74742857]
0.01	 -0.01	-0.25	0.04	48_C	[56.9316  86.10912 28.68276]
0.06	 1.37	0.29	-0.57	49_K	[63.60033333 88.6045     26.69866667]
0.14	 1.42	0.19	-0.48	49_K	[61.55185714 90.31228571 26.47471429]
-0.15	 -0.14	-0.06	0.13	49_K	[62.65943182 89.99302273 28.23729545]
0.16	 1.28	0.16	-0.42	49_K	[61.7715     89.32777778 25.042     ]
0.03	 0.79	0.03	-0.3	49_K	[64.13975 88.763   24.417  ]
0.1	 0.71	0.05	-0.31	49_K	[64.253   88.963   23.55675]
0.02	 0.05	-0.19	0.01	49_K	[65.21       87.297      21.76711111]
0.04	 0.12	0.01	-0.24	49_K	[63.76982353 87.54835294 19.70064706]
0.02	 -0.05	-0.01	-0.1	49_K	[63.649  87.0246 27.6671]
-0.09	 -0.36	-0.19	0.1	49_K	[62.4517 89.7384 24.9421]
-0.01	 -0.34	0.03	0.01	49_K	[64.68638095 87.61266667 25.1337619 ]
-0.04	 -0.27	-0.04	0.07	49_K	[63.25222727 89.68681818 22.69659091]
-0.2	 -0.53	0.02	0.32	49_K	[65.56866667 87.95970833 22.45170833]
0.11	 0.51	-0.22	-0.04	49_K	[64.652875 85.422625 21.640375]
-0.29	 -0.68	0.28	0.37	49_K	[64.74737037 86.8262963  19.80633333]
-0.04	 -0.06	0.04	0.06	49_K	[62.572375  86.4188125 19.978    ]
-0.16	 -0.55	-0.08	0.24	49_K	[64.15388235 89.17835294 20.04082353]
0.2	 1.48	0.23	-0.49	50_N	[59.59993548 89.83070968 30.44932258]
0.14	 1.15	0.38	-0.59	50_N	[61.20528571 91.06614286 31.01028571]
-0.09	 -0.12	-0.03	0.04	50_N	[59.17320455 91.51197727 25.71847727]
0.13	 0.35	-0.19	-0.09	50_N	[60.7156 91.6224 27.7944]
0.12	 1.15	-0.05	-0.25	50_N	[57.10942857 88.74632143 29.08446429]
0.0	 0.16	-0.0	-0.1	50_N	[56.9473871  90.32519355 24.37429032]
0.12	 0.43	0.06	-0.29	50_N	[55.66434783 88.99065217 27.16895652]
-0.07	 0.24	-0.04	0.06	51_F	[63.33085185 87.54933333 31.53481481]
0.07	 0.65	0.08	-0.27	51_F	[58.01129787 87.01129787 31.3233617 ]
0.17	 1.46	0.21	-0.48	51_F	[57.15817647 87.15017647 33.13588235]
0.08	 0.9	0.08	-0.25	51_F	[62.57520588 85.40985294 33.28741176]
0.03	 0.27	0.01	-0.19	51_F	[62.41645 84.12735 35.41485]
-0.07	 -0.05	-0.05	0.07	52_C	[64.56533333 90.5265     32.5875    ]
0.12	 1.2	0.02	-0.31	52_C	[62.76797727 93.02993182 33.50604545]
0.0	 0.46	0.03	-0.09	52_C	[64.19525 87.93775 34.3014 ]
-0.1	 -0.67	0.09	0.21	52_C	[65.17686364 90.94809091 33.90322727]
-0.07	 -0.05	0.07	-0.05	52_C	[63.12233333 90.74945833 31.59845833]
-0.23	 -0.72	-0.1	0.31	52_C	[63.31953333 93.5723     32.99163333]
0.03	 1.02	0.12	-0.35	53_N	[64.812   90.5105  39.31425]
0.04	 0.43	-0.12	-0.14	53_N	[65.03233333 88.84483333 39.39916667]
-0.07	 -0.15	-0.11	0.04	53_N	[63.01331034 89.51544828 40.88375862]
0.09	 1.08	0.31	-0.67	53_N	[63.80515385 92.01369231 39.10415385]
-0.14	 -0.13	0.02	-0.01	53_N	[63.59292308 93.42715385 38.81430769]
-0.14	 -0.35	-0.09	0.16	53_N	[63.27954054 94.28043243 36.9092973 ]
-0.08	 -0.41	-0.09	0.08	53_N	[65.73093548 92.59893548 37.40106452]
0.01	 0.13	-0.05	0.01	53_N	[65.575      89.61586364 35.8295    ]
-0.24	 -0.5	-0.07	0.25	53_N	[65.86127273 89.80372727 38.19827273]
-0.08	 0.09	-0.03	0.07	53_N	[62.48707407 91.61318519 39.49592593]
-0.27	 -0.89	0.25	0.54	53_N	[65.8557037  93.88051852 37.03218519]
-0.22	 -1.29	0.16	0.27	53_N	[66.28915 91.6993  38.0491 ]
0.09	 1.19	-0.13	-0.22	54_P	[63.935      88.39971429 41.66842857]
-0.13	 -0.47	0.03	0.19	54_P	[65.30667742 86.82793548 40.90948387]
-0.02	 0.17	0.0	-0.08	54_P	[63.64668182 84.12836364 37.71990909]
0.02	 0.36	-0.01	-0.15	54_P	[64.33485714 86.4055     35.80707143]
0.07	 0.68	-0.15	-0.08	54_P	[63.17333333 83.84466667 39.87277778]
-0.12	 -0.42	0.09	0.21	54_P	[64.92813043 84.80208696 38.9853913 ]
-0.12	 -0.38	-0.11	0.24	54_P	[63.413375 84.166125 36.575625]
-0.12	 -0.38	0.06	0.14	54_P	[65.60957143 87.17028571 37.23228571]
0.05	 1.95	-0.15	-0.19	54_P	[63.66577778 86.66311111 35.22355556]
0.12	 1.51	0.07	-0.33	55_D	[63.379      88.32514286 42.37828571]
0.12	 0.12	-0.14	-0.05	55_D	[64.94255556 84.99733333 43.13555556]
0.04	 -0.08	-0.08	-0.02	55_D	[63.77652381 83.70147619 41.73804762]
-0.12	 -0.54	-0.13	0.12	55_D	[62.198  88.2697 45.1601]
0.13	 1.34	0.27	-0.52	55_D	[61.140125 86.20825  46.13375 ]
-0.15	 -0.28	-0.04	0.12	55_D	[59.2672439  87.20887805 45.23239024]
-0.1	 -0.03	0.02	0.08	55_D	[64.344      87.72785185 43.20859259]
-0.13	 -0.42	0.0	0.24	55_D	[62.56270588 87.25464706 46.00605882]
-0.13	 -0.34	0.07	0.21	55_D	[61.75082609 88.70113043 43.75443478]
0.04	 -0.51	-0.09	-0.06	56_K	[65.0848 85.2912 44.821 ]
0.07	 1.1	0.31	-0.61	56_K	[65.232875 82.727625 44.958375]
0.1	 0.79	0.17	-0.44	56_K	[63.9564 82.3566 43.1242]
-0.11	 -0.16	0.1	0.1	56_K	[63.18156 80.75802 44.38458]
-0.03	 0.1	0.04	-0.12	56_K	[65.5139 82.0559 46.0237]
0.06	 1.1	0.12	-0.33	56_K	[64.562  85.1415 47.179 ]
-0.14	 -0.08	-0.09	0.16	56_K	[64.1475   84.99725  49.664875]
-0.03	 -0.07	-0.1	0.03	56_K	[64.71336364 81.27436364 48.84518182]
-0.02	 -4.68	-0.01	-0.08	56_K	[65.0735 81.677  51.419 ]
-0.0	 -0.22	-0.03	0.15	56_K	[64.366  86.1476 45.5864]
-0.25	 -0.53	0.01	0.36	56_K	[65.30933333 82.8375     44.03333333]
-0.17	 -0.35	-0.16	0.18	56_K	[64.54115385 81.247      46.64423077]
-0.15	 -1.07	0.01	0.25	56_K	[65.89038889 83.784      46.60188889]
0.01	 0.14	-0.05	-0.1	56_K	[62.698      85.47811111 47.32185185]
-0.16	 -0.77	0.09	0.22	56_K	[65.3742381  84.48185714 48.85714286]
-0.05	 -0.4	0.05	0.12	56_K	[62.907      84.80223529 49.87917647]
0.06	 0.5	0.06	-0.19	56_K	[62.91222727 80.94772727 48.15345455]
-0.17	 -0.77	-0.01	0.26	56_K	[65.57261905 81.457      48.63633333]
-0.22	 -0.5	0.14	0.32	56_K	[63.961      80.69919355 51.0416129 ]
-0.21	 -0.31	0.09	0.31	56_K	[65.382   82.9955  51.13975]
-0.17	 -0.32	-0.09	0.2	56_K	[63.03955556 82.72661111 51.76633333]
0.08	 0.94	0.15	-0.42	57_Y	[59.4934 80.493  44.2366]
0.01	 -0.5	-0.08	0.03	57_Y	[60.711   80.6635  42.41625]
-0.15	 -0.52	-0.12	0.21	57_Y	[57.90985294 81.41252941 42.45014706]
0.06	 0.89	-0.12	-0.12	57_Y	[57.875      83.17988889 45.72733333]
-0.06	 -0.11	-0.11	0.1	57_Y	[58.062      82.34716667 47.099     ]
-0.01	 0.05	-0.01	-0.06	57_Y	[59.72944444 80.81188889 47.34607407]
-0.01	 0.31	0.11	-0.18	57_Y	[59.11206452 84.4176129  47.19229032]
-0.07	 -0.28	0.01	0.03	57_Y	[59.2284  80.85532 48.9688 ]
-0.1	 -0.59	-0.06	0.12	57_Y	[59.35195 84.3206  48.961  ]
-0.12	 -0.4	-0.06	0.15	57_Y	[58.83833333 82.37022222 50.08144444]
-0.16	 -0.18	0.12	0.21	57_Y	[60.49408333 81.77908333 51.45416667]
-0.14	 -0.09	0.11	-0.06	57_Y	[60.37478571 80.233      44.53214286]
0.06	 1.1	0.05	-0.32	57_Y	[58.02042857 83.88742857 45.47442857]
-0.16	 -0.01	-0.05	0.23	57_Y	[57.92826316 81.48021053 44.76021053]
-0.16	 -0.27	0.09	0.34	57_Y	[59.9477619  79.88771429 46.46109524]
-0.23	 -0.16	-0.5	0.09	57_Y	[59.04285 85.3006  46.70355]
-0.2	 -0.5	0.06	0.3	57_Y	[60.74153571 80.05382143 49.65746429]
-0.2	 -0.42	0.08	0.33	57_Y	[60.28016667 85.16666667 49.266     ]
-0.17	 -0.51	0.09	0.28	57_Y	[60.46896154 83.74776923 51.40176923]
0.1	 0.34	-0.23	0.01	58_G	[62.00971429 81.75828571 41.96142857]
0.01	 0.06	0.01	-0.12	58_G	[61.17907692 81.36538462 40.21276923]
0.12	 1.42	0.37	-0.65	58_G	[62.50455556 82.404      41.95366667]
-0.03	 0.1	-0.02	0.01	58_G	[62.01628571 82.563      39.58371429]
0.0	 0.21	-0.22	0.03	58_G	[59.24942857 81.16517857 39.97557143]
0.11	 1.62	0.07	-0.29	59_L	[58.05821429 88.462      40.85271429]
0.09	 -0.28	-0.02	-0.13	59_L	[60.0965     88.36666667 41.99494444]
0.11	 1.13	0.27	-0.6	59_L	[58.00892857 87.51528571 43.32871429]
0.05	 0.47	-0.09	0.07	59_L	[55.905 83.745 43.523]
-0.15	 -0.62	-0.08	0.19	59_L	[54.6473  86.2517  44.14885]
0.08	 1.0	0.16	-0.4	59_L	[56.32583333 82.79425    41.95666667]
0.0	 0.12	-0.05	0.0	59_L	[56.86885185 87.87096296 42.48451852]
0.07	 0.47	-0.04	-0.19	59_L	[56.83966667 83.88792593 44.07837037]
-0.18	 -0.38	0.09	0.21	59_L	[54.1542963  84.68681481 43.65922222]
-0.16	 -0.45	0.1	0.16	59_L	[56.29659259 86.2897037  44.88151852]
-0.01	 0.85	-0.01	-0.16	59_L	[54.0334  87.35085 42.7823 ]
-0.08	 -0.67	-0.14	0.14	59_L	[54.90413636 83.09827273 41.71427273]
0.08	 1.65	0.04	-0.33	60_G	[58.512    89.29675  40.052875]
0.13	 0.73	-0.14	-0.09	60_G	[58.52666667 90.593      39.20216667]
0.16	 1.31	0.01	-0.27	60_G	[57.38647059 90.15911765 39.37435294]
0.07	 0.1	-0.01	-0.09	60_G	[60.09190909 89.76422727 40.11013636]
0.02	 -0.24	-0.08	0.0	61_T	[58.78964865 92.50894595 38.38316216]
0.07	 0.86	0.04	-0.29	61_T	[58.84066667 94.79666667 36.75733333]
-0.12	 -0.39	-0.05	0.14	61_T	[60.57421429 93.76460714 38.34489286]
0.04	 0.46	-0.04	-0.18	61_T	[60.4605     94.96214286 35.32953571]
0.13	 0.9	0.06	-0.23	61_T	[57.68864286 94.46542857 36.46892857]
0.17	 1.6	0.25	-0.5	62_C	[54.8714375 93.668     32.1054375]
0.03	 0.31	-0.01	-0.2	62_C	[55.01426667 89.54806667 32.82346667]
-0.09	 0.04	0.72	0.26	62_C	[54.50936111 90.39090278 30.97070833]
0.1	 0.59	0.35	-0.54	62_C	[57.16825  89.222875 32.00125 ]
0.04	 0.68	-0.26	-0.02	62_C	[55.35095652 88.63917391 32.77291304]
0.07	 0.86	0.02	-0.31	62_C	[53.66721739 91.54121739 33.32956522]
-0.07	 0.05	-0.03	0.02	63_T	[57.0967     94.91936667 27.61813333]
0.02	 1.0	-0.08	-0.14	63_T	[60.326      94.88333333 29.47366667]
-0.09	 -0.68	-0.0	0.02	63_T	[60.34286957 93.19817391 29.16243478]
0.12	 1.21	0.1	-0.35	63_T	[60.63826087 95.30447826 32.6003913 ]
-0.12	 0.21	-0.01	0.11	63_T	[58.82984615 95.82096154 29.65180769]
0.15	 1.34	0.17	-0.39	63_T	[60.85526667 91.987      30.18786667]
-0.18	 -0.24	-0.16	0.13	63_T	[61.26041379 94.80941379 31.27703448]
0.15	 1.1	0.35	-0.57	64_G	[55.38533333 95.07333333 27.0135    ]
-0.12	 -0.46	-0.0	0.2	64_G	[54.3286     93.8748     25.63528571]
0.1	 1.02	-0.06	-0.21	64_G	[56.31106667 92.60746667 26.2002    ]
0.21	 1.32	0.26	-0.5	64_G	[53.91934483 90.96275862 28.22593103]
0.11	 0.55	0.02	-0.21	65_L	[55.00407692 96.41976923 27.46253846]
0.13	 1.14	0.05	-0.3	65_L	[56.2529 96.9121 29.8955]
0.07	 0.39	-0.04	0.08	65_L	[50.916      93.312      29.61933333]
-0.13	 -0.64	-0.03	0.16	65_L	[48.92684848 94.79524242 29.91421212]
-0.04	 -0.49	-0.02	0.03	65_L	[50.37604167 93.54716667 26.382875  ]
0.21	 1.68	0.17	-0.41	65_L	[53.81794444 93.93616667 30.55411111]
-0.02	 0.09	-0.09	0.03	65_L	[52.9416     95.81346667 26.36866667]
0.14	 1.79	0.15	-0.39	65_L	[52.17644444 94.77194444 30.8425    ]
0.02	 0.45	-0.02	-0.16	65_L	[50.74638462 96.96430769 29.18907692]
-0.07	 0.08	-0.19	0.04	65_L	[51.92325    92.60446875 29.1365    ]
-0.18	 -0.99	0.15	0.32	65_L	[48.72921429 93.21314286 29.10839286]
-1.19	 -0.18	0.33	0.52	65_L	[50.24261538 94.675      31.34611538]
-0.23	 -0.85	0.18	0.4	65_L	[48.72668421 95.86447368 28.78215789]
-0.2	 -1.53	-0.12	0.28	65_L	[49.9204 92.5341 27.0667]
-0.18	 -0.88	0.16	0.3	65_L	[50.032      95.36418182 26.52890909]
0.14	 0.89	-0.01	-0.17	65_L	[51.96591667 93.97875    25.79008333]
-0.02	 0.67	-0.06	-0.01	66_E	[54.168125 97.6045   26.93025 ]
0.12	 1.74	-0.04	-0.21	66_E	[54.949      98.70166667 27.09366667]
-0.06	 -0.21	-0.06	0.03	66_E	[56.13842424 99.70469697 30.85890909]
0.01	 0.82	-0.08	-0.06	66_E	[ 53.6543 100.1505  26.7895]
0.02	 0.22	-0.11	-0.04	66_E	[ 55.1303 102.208   28.8222]
-0.08	 -0.18	-0.12	0.1	66_E	[ 52.79533333 102.81807407  28.40266667]
-0.2	 -0.63	0.09	0.28	66_E	[ 51.58897619 101.99588095  27.66261905]
-0.31	 -0.93	0.18	0.45	66_E	[ 53.49546341 104.40102439  28.85765854]
-0.1	 -0.1	-0.09	0.06	66_E	[52.25977273 97.72690909 27.22209091]
-0.16	 -0.33	-0.01	0.19	66_E	[55.93226087 98.79295652 28.22208696]
-0.2	 -0.52	0.03	0.28	66_E	[ 54.43748 100.28756  26.49728]
-0.09	 -0.32	-0.15	0.14	66_E	[52.00283333 99.82533333 27.74375   ]
0.0	 0.13	-0.14	0.04	66_E	[ 54.31064286 101.7645      30.65421429]
-0.24	 -0.74	0.14	0.37	66_E	[ 55.69514286 102.0262381   28.17647619]
0.18	 1.32	0.11	-0.39	67_K	[52.65002778 95.60202778 32.27908333]
0.11	 0.47	0.02	-0.23	67_K	[50.776      98.15572727 31.338     ]
-0.01	 -0.13	-0.1	0.04	67_K	[ 52.12454545 101.25090909  34.89518182]
0.04	 -0.24	-0.07	-0.11	67_K	[50.42375  99.22825  35.058875]
-0.02	 0.55	-0.06	-0.05	67_K	[ 49.76552941 102.19347059  33.859     ]
-0.02	 -2.82	-0.01	-0.12	67_K	[ 47.52188889 102.17944444  34.43988889]
0.07	 0.03	0.06	-0.24	67_K	[51.68516667 99.13833333 29.54091667]
0.12	 0.52	-0.07	-0.1	67_K	[ 53.87668421 100.62973684  32.93631579]
-0.01	 0.08	-0.1	0.02	67_K	[ 50.78180645 100.17383871  31.30574194]
-0.11	 0.38	-0.26	0.08	67_K	[51.01454167 97.50295833 33.19141667]
-0.11	 -0.67	-0.06	0.17	67_K	[52.5195    99.9893125 35.25175  ]
-0.18	 -0.64	-0.05	0.25	67_K	[ 52.12047059 101.68729412  32.90835294]
-0.15	 -0.46	-0.08	0.22	67_K	[49.26211111 99.03194444 33.46855556]
-0.33	 -0.94	0.04	0.53	67_K	[50.38726316 99.88284211 36.05621053]
-0.23	 -0.68	0.11	0.38	67_K	[ 50.120375   102.67041667  35.34316667]
-0.22	 -0.54	0.02	0.36	67_K	[ 49.79427778 102.2325      32.59988889]
-0.29	 -0.67	0.23	0.48	67_K	[ 47.50508333 103.04845833  34.25454167]
-0.19	 -0.32	0.1	0.27	67_K	[ 47.68196552 100.65358621  33.3352069 ]
-0.23	 -0.51	0.12	0.35	67_K	[ 47.85273077 101.01388462  35.81146154]
0.03	 0.59	-0.1	-0.06	68_E	[55.08336364 95.96254545 36.51      ]
-0.07	 0.1	-0.04	-0.03	68_E	[52.74497959 96.95481633 35.74571429]
0.06	 0.63	-0.08	-0.14	68_E	[56.8465   96.458375 36.07675 ]
0.11	 1.39	0.02	-0.29	68_E	[57.43545833 97.827125   32.20104167]
-0.05	 -0.12	-0.02	0.01	68_E	[59.22065217 98.1356087  34.15473913]
-0.22	 -0.75	0.02	0.27	68_E	[59.26457895 97.45315789 35.73652632]
-0.24	 -0.64	0.1	0.34	68_E	[60.13007317 97.94085366 32.44729268]
0.05	 -0.57	0.07	-0.08	68_E	[55.02      99.1540625 34.145125 ]
-0.18	 -0.42	0.0	0.25	68_E	[56.22757895 98.01063158 35.74384211]
0.15	 0.55	0.25	-0.46	68_E	[56.8536875 95.5395    35.9306875]
0.14	 1.42	0.12	-0.4	68_E	[57.27775    96.69725    31.20641667]
-0.02	 0.07	-0.32	0.1	68_E	[57.17882353 99.00888235 32.68535294]
0.09	 1.74	0.05	-0.38	69_N	[54.7424 94.8458 36.97  ]
0.05	 -0.02	-0.04	-0.11	69_N	[55.47054545 93.56804545 37.3405    ]
-0.01	 -0.05	0.02	-0.22	69_N	[52.13053333 92.4772     34.1506    ]
-0.02	 -0.23	-0.1	0.04	69_N	[50.77966667 93.02557143 36.73585714]
-0.1	 -0.08	-0.09	0.08	69_N	[50.84158065 92.65212903 38.39154839]
-0.14	 -0.21	-0.03	0.18	69_N	[49.589 94.143 35.811]
0.16	 1.37	0.24	-0.48	69_N	[54.16322222 93.64683333 33.38016667]
-0.09	 -0.25	-0.08	0.13	69_N	[53.24076471 95.01129412 37.60117647]
-0.01	 0.2	-0.21	0.07	69_N	[52.181625   93.87703125 33.67396875]
-0.07	 0.01	-0.09	0.11	69_N	[52.08915385 91.47530769 34.91292308]
-0.29	 -1.07	0.26	0.53	69_N	[48.93136 94.2768  37.0704 ]
-0.35	 -0.33	0.22	0.32	69_N	[50.14221429 94.54125    34.64382143]
0.1	 0.89	-0.1	-0.19	70_W	[53.91883333 93.35666667 38.446     ]
0.05	 1.23	0.01	-0.24	70_W	[55.5648 92.2918 38.406 ]
0.0	 0.41	0.02	-0.11	70_W	[52.38838889 89.46731481 36.49796296]
-0.04	 0.16	-0.07	-0.01	70_W	[55.682875  91.162375  40.2029375]
-0.06	 0.32	-0.07	0.07	70_W	[53.789625 90.449    41.644125]
-0.06	 0.21	-0.05	0.03	70_W	[51.56789655 91.37817241 40.61144828]
0.03	 0.59	-0.02	-0.15	70_W	[52.968625  88.7111875 40.8309375]
-0.05	 0.6	-0.05	-0.05	70_W	[50.49718182 90.29095455 40.85609091]
-0.03	 0.51	-0.05	-0.08	70_W	[51.48863333 88.7455     40.4241    ]
0.11	 1.37	0.27	-0.54	70_W	[53.72452632 87.89978947 40.31594737]
-0.11	 -0.65	-0.0	0.18	70_W	[50.40237143 87.69745714 41.62651429]
0.12	 1.23	0.2	-0.49	70_W	[52.39075   86.1355625 39.9791875]
-0.08	 -0.2	-0.27	0.1	70_W	[51.62342105 86.03573684 41.49160526]
0.11	 1.64	0.16	-0.4	70_W	[53.0368 93.2703 38.6863]
0.07	 0.68	-0.03	-0.28	70_W	[56.309  91.991  38.2304]
-0.01	 0.09	-0.03	-0.07	70_W	[55.67713636 89.48586364 40.84945455]
-0.11	 -0.45	0.06	0.26	70_W	[54.59681481 92.34048148 40.20018519]
-0.19	 -0.79	-0.01	0.26	70_W	[51.82647059 92.83217647 40.25929412]
-0.26	 -0.7	-0.02	0.38	70_W	[49.7690625  90.47478125 41.22796875]
-0.33	 -0.94	0.26	0.51	70_W	[49.31170588 87.61523529 42.04023529]
0.14	 0.95	0.02	-0.23	70_W	[53.0212381  84.62661905 41.18295238]
-0.25	 -0.3	-0.09	0.45	70_W	[50.8795     84.89980769 41.14984615]
0.06	 1.01	0.07	-0.27	71_A	[54.82829167 87.16908333 33.83595833]
0.01	 0.64	0.03	-0.16	71_A	[52.94134615 86.49892308 36.85965385]
0.1	 0.96	0.01	-0.24	71_A	[53.93322222 85.79766667 34.74188889]
-0.03	 -0.13	-0.05	-0.03	71_A	[53.83536364 88.59081818 34.09536364]
0.1	 1.26	-0.02	-0.19	72_Y	[53.408125 82.832375 40.2045  ]
0.11	 1.12	0.1	-0.34	72_Y	[52.31092308 83.4605     38.42903846]
-0.06	 -0.26	-0.05	0.06	72_Y	[53.7698     80.682      39.94453333]
-0.05	 -0.02	-0.09	-0.06	72_Y	[50.98835 82.92225 38.38905]
-0.07	 -0.35	0.04	-0.01	72_Y	[52.38366667 79.78219048 39.44433333]
-0.12	 -0.7	-0.08	0.15	72_Y	[50.87828571 80.91757143 39.39814286]
-0.15	 -0.1	0.01	0.22	72_Y	[50.10071875 79.7035625  37.21075   ]
0.17	 1.4	0.16	-0.42	72_Y	[53.59293333 84.54086667 35.63006667]
0.09	 0.58	-0.02	-0.22	72_Y	[56.289125   81.71884375 39.853875  ]
0.08	 0.39	-0.09	-0.03	72_Y	[52.0032     85.10133333 38.19286667]
-0.09	 -0.1	-0.24	0.1	72_Y	[54.9245     79.92716667 39.59616667]
-0.17	 -0.36	-0.2	0.24	72_Y	[50.23104 83.504   37.75128]
-0.14	 -0.35	-0.07	0.11	72_Y	[52.73573913 78.57595652 37.8943913 ]
-0.34	 -0.95	0.3	0.54	72_Y	[48.88885714 80.94780952 37.8472381 ]
0.11	 1.19	0.06	-0.34	73_A	[59.06945455 79.06781818 35.76      ]
0.1	 0.77	0.06	-0.26	73_A	[58.91338095 79.06504762 34.3237619 ]
-0.06	 0.27	-0.04	-0.01	73_A	[61.04186957 81.11786957 37.01186957]
-0.1	 -0.74	0.08	0.06	73_A	[60.59929167 80.10258333 36.11795833]
0.1	 0.85	0.01	-0.27	73_A	[61.51153333 82.69086667 37.26266667]
-0.02	 0.47	-0.02	-0.18	73_A	[59.67743478 80.26547826 38.33708696]
0.02	 0.06	-0.57	0.66	74_T	[53.93913514 76.86227027 35.14091892]
0.1	 1.35	0.51	-0.83	74_T	[54.5329 77.4961 37.4128]
0.0	 0.68	-0.14	-0.0	74_T	[55.60717647 78.54523529 38.87541176]
-0.05	 -0.03	-0.05	-0.03	74_T	[58.7673125  76.94578125 37.91459375]
0.17	 1.26	0.12	-0.36	74_T	[57.34061111 80.39072222 38.46394444]
0.18	 1.55	0.06	-0.35	74_T	[58.24033333 77.673      34.85675   ]
0.13	 0.93	-0.08	-0.12	74_T	[54.75109091 76.34809091 37.16536364]
-0.26	 -0.53	-0.15	0.28	74_T	[55.18396774 77.55483871 39.20148387]
-0.13	 -0.16	0.01	0.11	74_T	[57.40021739 75.71034783 38.70491304]
-0.01	 0.0	0.01	-0.1	74_T	[58.94655172 76.18110345 36.18275862]
-0.06	 -0.14	-0.18	0.12	74_T	[58.85275862 78.49868966 38.17389655]
-0.09	 -0.37	-0.0	0.08	75_C	[50.90894444 82.42775926 33.96938889]
0.16	 0.92	-0.01	-0.23	75_C	[52.15885714 78.91885714 35.52278571]
-0.1	 -0.07	-0.05	0.04	75_C	[50.09266667 82.50506667 35.61913333]
0.09	 1.92	-0.07	-0.22	76_G	[52.583  77.6814 33.3026]
0.01	 0.45	-0.12	-0.09	76_G	[52.69937037 77.42662963 31.41514815]
0.06	 0.64	-0.07	-0.18	76_G	[50.92790909 79.00154545 29.24481818]
-0.03	 0.07	-0.06	0.0	76_G	[50.86584091 80.98311364 30.70811364]
-0.13	 -0.21	0.02	0.21	76_G	[51.19245455 78.81736364 33.49772727]
0.09	 0.91	-0.06	-0.18	76_G	[53.8785 76.8851 30.9071]
-0.26	 -0.57	0.07	0.35	76_G	[51.38512 77.54892 30.89512]
0.2	 1.43	0.22	-0.48	77_A	[52.66168182 81.591      24.66272727]
0.16	 1.22	0.34	-0.63	77_A	[53.934      83.293      29.00521429]
0.2	 1.37	0.39	-0.62	77_A	[52.32585714 82.56371429 29.84978571]
0.06	 0.83	-0.03	-0.24	77_A	[54.4435   83.435375 28.488625]
0.11	 1.73	0.05	-0.35	78_S	[49.29871429 78.602      24.46085714]
-0.18	 -0.47	-0.03	0.21	78_S	[50.60579545 79.86122727 23.31493182]
0.03	 0.22	0.07	-0.24	78_S	[51.81652381 76.4527619  24.66638095]
-0.23	 -0.46	0.01	0.32	78_S	[49.52104545 76.86863636 25.3765    ]
0.15	 1.17	0.17	-0.43	78_S	[52.26853846 77.86846154 28.19638462]
-0.19	 0.05	-0.28	0.32	78_S	[52.08785 76.94365 23.6331 ]
-0.04	 -0.21	-0.08	0.02	78_S	[53.05325 76.609   26.59525]
-0.13	 -0.46	-0.09	0.21	78_S	[50.07263636 77.31763636 27.32454545]
0.06	 0.73	0.17	-0.42	79_A	[47.472      81.95033333 24.43033333]
0.02	 0.86	-0.01	-0.16	79_A	[48.80402941 82.82667647 25.87726471]
-0.21	 -0.99	-0.09	0.23	79_A	[46.94381818 83.21218182 26.09540909]
-0.15	 -0.64	-0.04	0.19	79_A	[46.7294  79.75348 26.24452]
0.08	 0.6	-0.09	-0.19	79_A	[50.0355     79.82613636 27.92459091]
-0.09	 0.06	0.04	-0.0	79_A	[48.73748 81.12624 23.77512]
-0.23	 -0.65	0.13	0.35	79_A	[46.04686957 81.35447826 25.38356522]
-0.13	 -0.24	0.05	0.2	79_A	[47.53874074 78.74033333 25.41307407]
-0.17	 -0.5	0.08	0.33	79_A	[47.60988 80.09056 27.57304]
0.2	 1.86	0.19	-0.46	80_C	[50.081  82.3224 27.7866]
0.08	 1.61	-0.03	-0.23	80_C	[49.11   83.6984 27.7052]
0.15	 1.48	-0.17	-0.14	80_C	[49.6094 83.866  23.9516]
-0.01	 0.75	-0.07	-0.16	80_C	[51.47408333 83.83697222 23.78711111]
0.06	 0.79	-0.0	-0.26	80_C	[52.282125 84.66725  28.132375]
-0.21	 -0.06	0.86	0.19	80_C	[51.44085455 87.07089091 27.95432727]
0.04	 -0.22	-0.02	-0.02	80_C	[48.7631875 84.679875  27.6555   ]
-0.22	 -0.12	-0.34	0.18	80_C	[51.14664865 83.74475676 28.92159459]
0.06	 1.08	0.26	-0.5	80_C	[53.23371429 84.40685714 27.50442857]
0.11	 1.32	0.18	-0.46	81_P	[48.5608 85.0773 23.5979]
0.16	 1.42	0.1	-0.37	81_P	[51.6165  87.30465 22.74025]
-0.25	 -0.54	-0.08	0.28	81_P	[51.50695122 87.74546341 21.54536585]
-0.08	 -0.18	-0.13	0.09	81_P	[48.22092857 88.27107143 22.36285714]
-0.09	 -0.14	-0.04	0.13	81_P	[46.391875  87.5200625 24.2825625]
-0.08	 -0.09	-0.06	0.01	81_P	[47.44955556 86.50455556 26.67377778]
-0.15	 -0.34	-0.07	0.22	81_P	[49.47476923 85.12476923 22.61911538]
-0.07	 -0.04	-0.02	0.07	81_P	[48.98322222 89.22544444 23.81403704]
-0.25	 -0.43	0.09	0.35	81_P	[48.09433333 87.56861905 21.68590476]
-0.27	 -0.94	0.2	0.47	81_P	[46.48642857 88.34771429 24.89414286]
-0.14	 -0.38	0.02	0.18	81_P	[46.88658065 85.51951613 23.82322581]
-0.05	 -0.76	0.07	0.09	81_P	[48.742625   87.69916667 26.56891667]
-0.06	 -0.27	-0.08	0.03	81_P	[47.02035714 85.40328571 26.18028571]
0.04	 0.69	0.23	-0.35	82_S	[54.1438 89.6426 23.3638]
0.18	 1.21	0.2	-0.45	82_S	[54.2114  87.68135 24.3172 ]
0.08	 -0.22	-0.05	-0.11	82_S	[55.585      88.81526087 23.15534783]
-0.04	 1.21	-0.1	-0.08	82_S	[53.22466667 90.843      23.97433333]
-0.1	 -0.08	-0.18	0.1	82_S	[51.1024   90.587275 24.98605 ]
-0.1	 -0.24	0.04	0.17	82_S	[52.7472     89.55833333 22.71966667]
0.01	 0.32	-0.31	-0.02	82_S	[53.21417241 89.32927586 26.99682759]
0.13	 0.27	0.07	-0.21	82_S	[54.255625  90.9205625 24.50575  ]
0.04	 0.5	-0.05	-0.17	82_S	[51.68463333 91.38723333 26.23976667]
-0.11	 0.04	-0.02	-0.0	83_Y	[55.48859524 85.73971429 21.95361905]
0.14	 1.17	0.32	-0.63	83_Y	[55.42992857 82.09114286 23.26114286]
0.05	 1.16	-0.03	-0.13	83_Y	[57.47516667 82.22066667 22.3405    ]
0.08	 0.55	-0.07	-0.16	83_Y	[59.75525714 79.7518     24.97974286]
0.17	 1.09	0.04	-0.33	83_Y	[55.10195652 86.34817391 26.63995652]
0.14	 1.21	0.19	-0.53	83_Y	[54.19764706 84.54641176 27.01152941]
0.1	 0.63	-0.03	-0.14	83_Y	[53.7693125 83.2438125 23.624375 ]
0.17	 2.31	0.1	-0.32	83_Y	[55.91776471 84.14405882 28.13188235]
-0.12	 -0.45	-0.16	0.18	83_Y	[55.725      82.19879167 22.47108333]
-0.03	 0.24	-0.15	-0.03	83_Y	[57.38852381 80.77095238 22.38514286]
0.08	 1.3	0.5	-0.8	84_K	[57.4416 87.2258 21.7066]
0.05	 1.3	0.1	-0.31	84_K	[59.05322222 86.65266667 20.78744444]
0.08	 0.79	-0.14	-0.03	84_K	[58.73366667 89.36133333 21.39122222]
-0.02	 0.01	-0.12	0.07	84_K	[60.26023077 88.31053846 18.73107692]
-0.0	 -4.73	-0.01	-0.08	84_K	[60.99883333 91.08233333 18.8305    ]
0.07	 -0.03	0.0	-0.11	84_K	[57.7596 84.4703 21.5819]
0.11	 1.12	0.05	-0.32	84_K	[57.365      88.39284211 22.43389474]
0.14	 1.7	0.11	-0.32	84_K	[60.9342 85.7255 21.0059]
-0.21	 -0.86	-0.1	0.29	84_K	[58.54142857 86.30680952 20.37647619]
-0.19	 -1.01	-0.23	0.34	84_K	[58.08575    89.12783333 20.92045833]
0.01	 0.08	-0.03	-0.1	84_K	[60.14990909 89.73104545 22.81531818]
-0.03	 0.1	-0.07	0.05	84_K	[61.3345  87.41475 19.11875]
-0.3	 -0.83	0.15	0.48	84_K	[59.41785714 88.55390476 18.39442857]
-0.25	 -0.31	0.12	0.27	84_K	[61.95646154 90.16484615 18.31415385]
-0.23	 -0.57	0.1	0.35	84_K	[59.89496552 91.20489655 19.66044828]
-0.08	 -0.29	-0.04	0.1	84_K	[62.19358824 90.61758824 20.91447059]
0.11	 1.6	0.05	-0.36	85_A	[63.43785714 82.60671429 22.43785714]
-0.01	 0.37	-0.03	-0.12	85_A	[62.88716129 84.13093548 21.52922581]
-0.09	 -0.29	0.01	0.09	85_A	[61.33367857 81.04671429 21.82142857]
-0.0	 0.18	-0.0	-0.09	85_A	[59.08351515 83.4939697  21.59554545]
-0.15	 -0.25	-0.02	0.16	85_A	[62.27521875 80.959875   23.53925   ]
-0.13	 -0.4	-0.12	0.16	85_A	[59.51527273 80.65040909 22.20736364]
-0.28	 -0.9	0.18	0.37	85_A	[61.27876471 82.27623529 20.78729412]
-0.09	 -0.51	-0.08	0.11	86_E	[66.12460606 84.83093939 23.69757576]
-0.18	 -0.55	-0.0	0.22	86_E	[65.66746809 82.44821277 23.50657447]
0.11	 1.54	-0.04	-0.26	86_E	[64.646125 85.24825  27.73125 ]
0.03	 -0.61	-0.08	-0.11	86_E	[65.91955556 81.91855556 26.59811111]
-0.12	 -0.53	-0.07	0.15	86_E	[66.28    83.15175 28.5615 ]
-0.11	 -0.45	-0.04	0.14	86_E	[64.48438462 83.80230769 29.73976923]
-0.24	 -0.76	0.08	0.32	86_E	[65.64184211 80.90231579 28.99339474]
0.14	 1.78	0.2	-0.46	86_E	[62.7125     81.62735714 25.5535    ]
-0.17	 -0.69	0.02	0.2	86_E	[65.66815 85.3858  26.7566 ]
0.13	 1.45	0.36	-0.59	86_E	[63.99325    85.18358333 27.997     ]
0.0	 0.04	-0.1	-0.0	86_E	[64.0819375 81.3173125 25.7234375]
-0.16	 -1.05	0.01	0.27	86_E	[66.71922222 82.38083333 26.39533333]
