-0.25	 -1.14	0.18	0.38	5_K	[ -1.128      -23.03536735  57.20865306]
-0.08	 -0.21	-0.14	0.07	5_K	[  1.159   -21.9846   56.31605]
-0.05	 -0.82	-0.14	0.01	5_K	[  0.83881818 -24.08445455  55.23081818]
-0.03	 0.05	-0.04	0.04	5_K	[  0.51646429 -26.22571429  56.48964286]
-0.12	 -0.46	-0.03	0.17	5_K	[  1.32242373 -22.51538983  59.44559322]
0.04	 0.97	0.25	-0.53	6_T	[  1.56114286 -23.10971429  55.001     ]
0.08	 0.91	-0.16	-0.06	6_T	[  1.7389 -25.738   54.1844]
0.03	 0.29	-0.04	-0.14	6_T	[  5.1950625 -25.8404375  53.5216875]
-0.01	 0.47	-0.03	-0.1	6_T	[  6.02755556 -23.82272222  54.27883333]
-0.33	 -0.75	0.19	0.37	6_T	[  3.18975714 -23.58971429  52.6864    ]
0.19	 1.42	0.24	-0.49	7_F	[  3.32546154 -32.29369231  58.08438462]
0.05	 0.35	-0.19	-0.07	7_F	[  4.62207143 -32.59428571  59.71075   ]
0.18	 1.61	0.27	-0.52	7_F	[  6.7316     -33.61266667  59.9126    ]
0.21	 1.39	0.28	-0.53	8_K	[  6.3887619  -27.42738095  54.56814286]
0.16	 2.14	-0.06	-0.23	8_K	[  8.572      -24.08771429  56.96285714]
-0.02	 -0.21	-0.03	0.01	8_K	[  9.35560606 -24.61339394  58.72727273]
-0.03	 -0.12	-0.12	-0.02	8_K	[  8.6945     -25.33460526  54.85592105]
0.1	 0.51	0.05	-0.25	8_K	[  8.20972222 -27.75488889  53.40383333]
-0.15	 -0.79	-0.02	0.19	8_K	[ 10.61785714 -26.06530952  53.28985714]
0.14	 1.1	-0.02	-0.28	8_K	[ 11.76266667 -27.93979167  53.07033333]
-0.17	 -0.58	0.03	0.2	8_K	[ 12.6015  -27.24132  51.82962]
-0.07	 -0.25	-0.13	0.05	9_Q	[  7.78005882 -23.03829412  59.02241176]
0.14	 1.07	-0.0	-0.27	9_Q	[  7.67127273 -24.748       60.69563636]
-0.13	 -0.29	0.05	0.16	9_Q	[  5.74828571 -23.57257143  61.34632653]
-0.02	 -0.01	-0.02	-0.03	9_Q	[  5.08621053 -21.64157895  58.91842105]
-0.1	 -0.52	-0.05	0.12	9_Q	[  7.19324138 -22.22834483  56.67851724]
-0.02	 -0.17	-0.12	-0.02	9_Q	[  4.71617391 -21.07330435  56.03269565]
-0.05	 -0.15	-0.04	0.02	9_Q	[  2.88479167 -21.27391667  55.79470833]
-0.27	 -1.11	0.15	0.4	9_Q	[  5.47385714 -19.52898214  56.22453571]
-0.04	 -0.06	-0.16	0.02	10_R	[  4.1969375 -25.1471875  62.2051875]
0.06	 0.24	-0.02	-0.01	10_R	[  6.76975   -26.019125   62.7348125]
-0.06	 -0.25	-0.01	-0.01	10_R	[  5.27686667 -27.1217      63.92743333]
0.08	 1.23	-0.04	-0.2	10_R	[  2.79407692 -27.35769231  62.35907692]
-0.09	 -0.37	0.02	0.1	10_R	[  2.01616667 -25.32341667  61.38941667]
-0.1	 -0.42	0.02	0.12	10_R	[  0.41206383 -27.2736383   60.6277234 ]
-0.04	 0.24	-0.11	-0.05	10_R	[  0.11209091 -27.64045455  57.94909091]
-0.2	 -0.82	-0.02	0.21	10_R	[ -0.1056 -29.3929  58.5368]
0.08	 0.64	-0.1	-0.14	10_R	[  0.76121429 -29.33446429  56.57785714]
-0.05	 0.06	0.03	0.03	10_R	[  1.4695283  -30.83441509  59.91422642]
0.12	 0.91	0.07	-0.4	11_R	[  7.7407 -27.2891  63.3592]
0.06	 0.66	-0.13	-0.12	11_R	[  8.80238889 -26.03161111  61.57955556]
0.08	 1.15	0.24	-0.5	11_R	[  9.66071429 -25.90414286  60.76171429]
0.17	 0.9	-0.02	-0.22	11_R	[  6.31371429 -32.16735714  61.50342857]
0.17	 0.69	0.03	-0.25	11_R	[  6.86676923 -31.88253846  63.25023077]
-0.02	 -0.5	-0.02	-0.04	11_R	[  4.17618519 -31.6282963   62.596     ]
0.04	 0.57	0.03	-0.15	11_R	[  3.4284  -30.13755  64.25645]
-0.29	 -1.12	0.07	0.42	11_R	[  1.91524528 -31.00415094  63.99007547]
-0.17	 -0.47	0.03	0.23	11_R	[  3.95915909 -28.99386364  65.37981818]
0.04	 0.13	0.04	-0.09	12_S	[  9.10073333 -27.06233333  63.53486667]
-0.06	 -0.49	-0.1	0.07	12_S	[ 11.14715 -25.77175  61.6177 ]
-0.17	 -0.98	0.04	0.27	12_S	[ 12.0235814  -25.99848837  64.20069767]
-0.06	 -0.86	-0.01	0.11	12_S	[ 12.79647059 -28.08258824  65.32676471]
0.11	 0.6	0.06	-0.22	13_F	[ 13.77447059 -26.21864706  61.067     ]
-0.09	 -0.44	0.01	0.12	13_F	[ 15.55441935 -26.14025806  59.87987097]
-0.1	 -0.05	-0.09	0.12	13_F	[ 17.005      -26.537       58.44183333]
-0.01	 -0.1	0.07	-0.1	13_F	[ 15.48036667 -27.7419      56.6951    ]
0.0	 -0.03	0.0	-0.22	13_F	[ 18.26525641 -27.92274359  59.95112821]
0.01	 -0.17	-0.1	-0.05	13_F	[ 17.08252632 -28.29194737  55.65342105]
-0.2	 -1.08	0.09	0.27	13_F	[ 19.5924   -28.8338    58.861875]
-0.07	 -0.37	-0.19	0.06	13_F	[ 19.35776471 -29.48538235  56.58773529]
0.14	 0.95	0.04	-0.27	14_E	[ 17.23366667 -30.91094444  62.39316667]
0.09	 0.31	-0.13	-0.1	14_E	[ 14.8698 -31.4571  65.0525]
-0.02	 0.05	-0.08	-0.09	14_E	[ 15.81214815 -32.83185185  63.97625926]
-0.17	 -0.94	0.04	0.26	14_E	[ 16.38358621 -29.85262069  65.46341379]
-0.18	 -1.06	0.04	0.27	14_E	[ 18.60443478 -29.18195652  64.35615217]
-0.08	 -0.16	0.07	-0.01	14_E	[ 17.49634783 -26.75347826  64.56291304]
-0.24	 -0.82	0.14	0.36	14_E	[ 18.73102778 -26.43927778  62.97627778]
-0.08	 -0.35	-0.02	0.14	14_E	[ 15.7781875  -26.37065625  64.0348125 ]
0.18	 1.26	0.04	-0.28	15_Q	[ 13.68216667 -30.20725     65.07625   ]
-0.0	 -0.0	-0.14	-0.01	15_Q	[ 12.56779167 -32.77679167  65.073125  ]
0.23	 1.29	0.18	-0.44	15_Q	[ 11.56168421 -34.47936842  64.06010526]
0.02	 0.02	-0.04	-0.05	15_Q	[ 11.471875  -30.1669375  65.6689375]
-0.0	 0.17	0.18	-0.34	15_Q	[  9.18390244 -32.77168293  64.62273171]
-0.22	 -1.02	-0.03	0.2	15_Q	[  9.436875 -30.379125  66.53    ]
-0.02	 -0.33	-0.04	0.0	15_Q	[  8.38909375 -28.73134375  65.23790625]
-0.21	 -0.66	-0.1	0.37	15_Q	[  7.34505769 -31.62828846  65.95336538]
0.09	 0.88	-0.14	-0.12	16_R	[ 13.1657     -27.9223      55.63606667]
-0.01	 -0.05	-0.01	-0.02	16_R	[ 12.05854286 -25.98274286  58.09714286]
0.16	 0.88	0.08	-0.3	17_V	[ 16.25583333 -36.736375    59.45125   ]
0.16	 0.93	-0.1	-0.17	17_V	[ 17.447      -32.76155556  61.83011111]
-0.15	 -0.69	-0.1	0.26	17_V	[ 18.24951852 -34.9267284   60.68816049]
-0.01	 0.04	-0.05	-0.1	17_V	[ 18.15665714 -32.17334286  59.15308571]
0.15	 1.56	0.19	-0.45	18_E	[ 16.18       -34.66654545  63.04681818]
0.12	 0.96	0.06	-0.31	18_E	[ 16.44544444 -36.49        62.85077778]
-0.17	 -0.95	-0.15	0.13	18_E	[ 14.80395238 -34.59866667  65.14942857]
-0.12	 -0.36	-0.1	0.15	18_E	[ 12.80529268 -36.37739024  65.63887805]
-0.09	 -0.09	0.01	0.04	18_E	[ 15.76528571 -37.18742857  66.812     ]
0.02	 0.25	-0.01	-0.03	18_E	[ 16.75864706 -37.52835294  65.23152941]
-0.25	 -1.15	0.14	0.34	18_E	[ 14.2646  -38.3204   67.67596]
0.08	 0.49	0.0	-0.21	19_D	[ 11.02916 -38.14016  63.1314 ]
0.17	 0.89	0.08	-0.35	19_D	[ 10.4529 -38.6219  59.3959]
0.04	 -0.46	-0.13	-0.05	19_D	[ 10.40483333 -39.78638889  61.27544444]
0.07	 0.64	-0.06	-0.17	19_D	[  8.92994118 -37.33676471  60.68794118]
0.17	 1.67	-0.13	-0.14	19_D	[  7.7698 -35.2262  62.1956]
-0.19	 -0.25	-0.15	0.26	19_D	[  8.78551923 -35.91965385  63.47069231]
0.13	 0.84	0.05	-0.38	19_D	[  8.10771053 -33.77786842  61.901     ]
0.18	 0.53	0.06	-0.32	20_V	[ 15.42045455 -37.43681818  58.035     ]
0.01	 -0.06	0.0	-0.09	20_V	[ 15.67414286 -39.05848571  56.64428571]
0.13	 1.07	-0.02	-0.24	21_R	[ 15.916625 -38.648125  59.232125]
0.02	 0.33	-0.05	-0.09	21_R	[ 16.53203571 -40.6875      59.47857143]
0.15	 0.77	0.02	-0.2	21_R	[ 16.3189375 -43.2185     60.293875 ]
0.05	 0.67	0.04	-0.26	21_R	[ 17.37253846 -38.32080769  61.49757692]
-0.14	 -0.51	0.03	0.17	21_R	[ 18.33070968 -41.52248387  61.74616129]
-0.18	 -0.75	0.03	0.27	21_R	[ 19.01429412 -39.52656863  63.44360784]
-0.05	 0.18	-0.08	0.08	21_R	[ 18.083      -39.31764286  65.69528571]
-0.11	 -0.29	-0.04	0.14	21_R	[ 18.41583333 -41.22716667  66.03933333]
-0.05	 -0.14	-0.01	0.04	21_R	[ 17.81029412 -43.23323529  64.65417647]
-0.11	 -0.17	0.05	0.08	21_R	[ 16.2052093  -41.1415814   67.08816279]
-0.04	 0.07	-0.12	0.02	22_L	[ 10.89435484 -41.87080645  63.61593548]
-0.1	 -0.45	0.07	0.07	22_L	[ 11.61514286 -41.35578571  65.51464286]
-0.07	 -0.25	0.0	0.05	22_L	[ 13.19607273 -43.77489091  66.34970909]
0.07	 0.42	-0.07	-0.15	22_L	[ 12.95075  -39.764375  65.77675 ]
0.17	 1.37	0.21	-0.44	23_I	[ 10.48055556 -42.602       61.671     ]
0.18	 1.46	0.03	-0.33	23_I	[  9.772375 -43.104625  61.150625]
-0.01	 -0.07	-0.15	0.0	23_I	[  9.39938889 -41.23261111  59.79761111]
0.04	 -0.04	-0.06	-0.04	23_I	[  8.30205556 -41.65772222  57.69805556]
0.13	 0.94	0.09	-0.34	23_I	[ 10.07268421 -40.06105263  57.78715789]
-0.1	 -0.46	0.03	0.13	23_I	[  7.07058333 -43.36420833  59.70054167]
0.04	 0.47	-0.1	-0.05	24_R	[ 16.11257143 -45.59485714  58.613     ]
0.06	 0.42	0.07	-0.23	24_R	[ 15.32797059 -47.10064706  57.21532353]
-0.04	 -0.05	-0.07	0.09	24_R	[ 16.201625   -43.87234375  57.29203125]
0.07	 1.38	0.03	-0.15	24_R	[ 15.74671429 -41.56271429  56.07547619]
-0.02	 -0.02	0.02	-0.08	24_R	[ 16.17559259 -43.4492963   54.2217037 ]
0.12	 0.51	0.06	-0.29	24_R	[ 15.302875  -45.7696875  53.9084375]
0.14	 1.04	0.06	-0.31	24_R	[ 13.53995238 -45.58185714  51.46861905]
-0.22	 -0.68	-0.0	0.31	24_R	[ 16.50854717 -44.63911321  51.84681132]
0.13	 1.49	0.17	-0.4	25_E	[ 16.01822222 -44.927       59.73766667]
-0.07	 -0.83	-0.05	0.07	25_E	[ 16.3566     -47.19746667  60.25533333]
0.14	 1.33	0.31	-0.57	25_E	[ 13.56545455 -48.17109091  62.49227273]
-0.14	 -0.35	-0.08	0.17	25_E	[ 14.25721429 -49.538       60.57566667]
0.04	 0.37	0.0	-0.09	25_E	[ 16.8622381  -45.02633333  61.85547619]
-0.13	 -0.69	-0.02	0.13	25_E	[ 15.89875  -47.893225  62.954525]
-0.08	 -0.47	-0.0	0.07	25_E	[ 16.67786957 -46.65304348  64.5293913 ]
-0.06	 0.03	-0.02	0.06	25_E	[ 15.20575    -45.61984375  65.44571875]
-0.26	 -0.83	0.05	0.39	25_E	[ 18.16026087 -46.51017391  64.62002174]
-0.03	 -0.2	-0.1	0.05	26_Q	[ 11.713      -49.23647059  62.00411765]
0.13	 1.1	0.01	-0.27	26_Q	[ 12.112625 -50.01925   60.06475 ]
-0.1	 -0.58	0.03	0.17	26_Q	[ 10.06335714 -50.34407143  59.97053571]
0.02	 -0.14	-0.03	-0.1	26_Q	[  9.194625  -48.308125   62.1194375]
-0.05	 -0.5	-0.02	0.04	26_Q	[ 11.76952941 -47.28805882  64.10479412]
-0.04	 0.34	-0.05	0.03	26_Q	[  9.40138095 -46.31195238  64.27742857]
-0.21	 -0.59	0.02	0.28	26_Q	[  9.89054762 -45.28238095  65.54933333]
-0.1	 -0.43	0.05	0.07	26_Q	[  8.32509615 -45.36486538  62.94717308]
0.07	 0.91	-0.05	-0.17	27_H	[ 10.2621875 -49.8224375  56.603    ]
0.17	 1.64	0.16	-0.41	27_H	[  8.8330625 -49.1618125  55.9345625]
-0.18	 -0.33	-0.27	0.21	27_H	[  7.425625  -50.045375   57.2685625]
-0.18	 -0.87	0.05	0.26	27_H	[  6.38275862 -49.42467241  59.2657931 ]
-0.08	 0.03	-0.02	0.03	27_H	[  6.51465517 -47.13793103  60.45462069]
0.16	 1.17	0.04	-0.29	28_P	[ 14.9889 -47.3841  54.7125]
0.12	 1.69	0.14	-0.44	28_P	[ 14.573      -50.16257143  53.21771429]
-0.09	 0.11	-0.09	-0.01	28_P	[ 14.40728889 -48.10642222  52.20624444]
-0.14	 -0.63	0.02	0.18	28_P	[ 15.72497917 -49.72229167  55.51833333]
-0.17	 -0.75	0.05	0.22	28_P	[ 14.15330612 -51.65936735  56.22257143]
-0.04	 -0.1	-0.06	-0.04	28_P	[ 12.748025 -50.638875  57.58285 ]
0.15	 1.5	0.32	-0.56	29_T	[ 13.273875 -50.027625  51.041625]
0.18	 1.45	0.3	-0.55	29_T	[ 11.94180952 -47.21042857  51.14071429]
0.19	 1.19	0.03	-0.28	29_T	[  8.98852381 -49.66361905  50.48433333]
-0.07	 -0.14	-0.16	0.06	29_T	[ 10.93763636 -51.29968182  50.24736364]
-0.07	 0.01	-0.02	0.04	29_T	[  9.68931373 -51.09515686  53.35456863]
-0.17	 -0.76	-0.02	0.27	29_T	[ 12.86811688 -52.3308961   52.11976623]
0.22	 1.61	0.17	-0.44	30_K	[  8.40146154 -49.37261538  54.50923077]
0.16	 1.91	0.14	-0.42	30_K	[  7.32811111 -49.59288889  51.91716667]
-0.06	 0.01	0.0	-0.03	30_K	[  4.59044444 -48.3704      53.84357778]
-0.19	 -0.72	-0.07	0.29	30_K	[  5.99038462 -50.51192308  54.17834615]
0.11	 0.47	0.01	-0.24	31_I	[ 13.05297826 -44.81552174  49.13128261]
0.12	 0.96	-0.0	-0.28	32_P	[  7.69229412 -39.91611765  54.68817647]
0.1	 0.79	-0.0	-0.21	32_P	[  8.72047619 -40.08838095  55.87057143]
0.21	 1.44	0.16	-0.44	33_V	[  6.82914286 -38.148       53.72107143]
0.17	 1.42	0.27	-0.52	33_V	[  5.5698 -37.1535  53.8722]
0.22	 1.4	0.43	-0.65	34_I	[  5.25321053 -31.30515789  51.00084211]
0.23	 1.33	0.43	-0.65	34_I	[  6.08428571 -36.16371429  55.06221429]
0.23	 1.36	0.21	-0.46	35_I	[ -0.92569231 -32.53465385  50.96865385]
0.08	 0.6	-0.14	-0.09	36_E	[ -0.75113333 -30.43206667  50.76013333]
0.01	 0.25	-0.11	-0.06	36_E	[  1.017625   -28.3559375   50.67959375]
0.16	 1.48	0.28	-0.53	36_E	[  0.8458 -29.3774  52.8036]
0.12	 0.89	-0.0	-0.24	36_E	[  2.9964     -27.6452      51.11966667]
0.05	 0.33	-0.01	-0.2	36_E	[  1.68668571 -27.90397143  53.91182857]
0.01	 0.22	-0.16	-0.05	36_E	[  4.93329825 -28.56536842  51.58294737]
0.01	 0.69	-0.07	-0.11	37_R	[ -1.92243478 -28.75926087  49.79356522]
-0.02	 0.08	-0.03	-0.06	37_R	[ -0.16565116 -25.94272093  48.84906977]
0.07	 -0.02	-0.1	-0.09	37_R	[ -3.354625  -26.8563125  49.5745625]
0.07	 0.43	-0.01	-0.15	37_R	[ -4.15186957 -24.81586957  49.04991304]
-0.0	 0.12	-0.0	-0.08	37_R	[ -8.3604375  -25.09334375  48.362     ]
-0.16	 -0.61	0.01	0.15	37_R	[ -6.31075    -23.30438462  49.83907692]
0.18	 1.23	0.4	-0.63	38_Y	[  1.7397 -25.6877  47.3655]
0.17	 0.79	0.04	-0.33	38_Y	[ -2.204      -23.76805882  47.49511765]
0.23	 1.52	0.18	-0.44	38_Y	[  1.444  -26.4572  43.0299]
0.08	 0.09	-0.02	-0.18	38_Y	[  1.95253846 -25.41953846  42.74092308]
-0.0	 0.0	-0.14	-0.08	38_Y	[  3.60175676 -24.63997297  44.70548649]
-0.04	 0.09	-0.05	-0.13	38_Y	[  0.27292 -23.64948  41.97912]
-0.14	 -0.58	0.01	0.16	38_Y	[  4.60802941 -22.87285294  44.23638235]
-0.17	 -0.95	-0.0	0.25	38_Y	[  1.17283333 -21.74993333  41.64886667]
-0.01	 0.31	0.18	-0.27	38_Y	[  3.03247826 -22.08886957  42.8036087 ]
-0.19	 -0.61	0.07	0.28	38_Y	[  3.65939583 -20.30645833  42.80839583]
0.01	 0.08	-0.1	-0.05	39_K	[  1.89711765 -24.23929412  47.66847059]
-0.07	 -0.15	-0.23	0.1	39_K	[ -0.56857692 -22.32334615  48.68684615]
0.16	 1.57	0.21	-0.46	39_K	[ -0.737      -20.9442      47.09053333]
-0.07	 -0.2	-0.11	0.08	39_K	[ -1.13203704 -19.57625926  47.38051852]
-0.4	 -0.85	0.32	0.38	39_K	[  1.7377561  -21.58436585  49.28007317]
0.07	 0.86	-0.0	-0.18	39_K	[  2.59815152 -20.82151515  46.52066667]
-0.15	 -0.82	0.03	0.19	39_K	[  3.68853333 -20.28111111  48.51302222]
-0.15	 -0.69	-0.11	0.22	39_K	[  4.65062222 -19.49215556  45.90851111]
-0.21	 -1.12	0.13	0.4	39_K	[  6.01733333 -18.5154127   47.58130159]
-0.07	 -0.27	-0.04	0.08	40_G	[ -0.3294359  -19.75297436  44.09276923]
0.11	 0.98	0.03	-0.31	40_G	[ -1.93575   -21.1900625  43.252375 ]
-0.17	 -0.51	-0.04	0.27	40_G	[ -3.06055556 -20.68953333  42.70968889]
0.13	 1.1	-0.06	-0.2	41_E	[ -3.38605882 -23.21782353  42.34664706]
0.23	 1.56	0.26	-0.51	41_E	[ -3.70711111 -22.844       47.41333333]
0.16	 1.39	0.41	-0.64	41_E	[ -2.20854545 -24.29127273  42.31427273]
0.1	 0.07	0.0	-0.2	41_E	[ -5.81106667 -24.14933333  41.5394    ]
0.12	 0.99	0.27	-0.56	41_E	[ -6.66025  -24.61125   40.982875]
-0.03	 0.13	-0.18	0.03	41_E	[ -3.9069     -24.382       40.44786667]
0.11	 0.09	0.01	-0.16	42_K	[ -5.72086667 -22.38733333  43.028     ]
0.12	 1.55	0.3	-0.55	42_K	[ -7.67566667 -22.49675     46.90241667]
0.08	 0.44	-0.14	-0.09	42_K	[ -9.0744 -22.1034  43.9598]
-0.15	 -0.46	0.02	0.16	42_K	[ -9.77094737 -23.61397368  45.93613158]
-0.16	 -0.99	-0.01	0.23	42_K	[ -8.11939474 -20.71318421  45.04210526]
-0.14	 -0.52	0.05	0.19	42_K	[ -6.05912121 -19.26560606  44.96721212]
-0.07	 -0.56	0.02	0.02	42_K	[ -6.91877778 -20.52003704  47.77666667]
-0.1	 -0.3	0.03	0.1	42_K	[ -4.12302041 -18.71626531  46.80693878]
-0.14	 -0.38	0.02	0.16	42_K	[ -3.77193846 -20.4116      49.17087692]
-0.0	 0.59	-0.09	-0.1	43_Q	[ -7.97042857 -23.03564286  42.51592857]
-0.11	 -0.3	-0.02	0.09	43_Q	[-10.563375 -24.023125  43.28825 ]
0.17	 1.47	0.14	-0.41	43_Q	[ -9.77638462 -26.42753846  43.433     ]
-0.15	 -0.44	-0.03	0.23	43_Q	[-10.88336364 -26.80234091  44.10954545]
-0.17	 -0.75	0.02	0.27	43_Q	[ -9.23503077 -24.6962      40.82895385]
0.15	 1.25	0.07	-0.33	44_L	[ -9.48546667 -26.6896      46.1792    ]
0.1	 1.39	0.25	-0.49	44_L	[ -8.9572 -26.3704  46.7677]
0.09	 0.43	-0.14	-0.1	44_L	[ -9.13390244 -29.64265854  41.25590244]
0.1	 1.74	0.03	-0.34	45_P	[-10.3984 -28.1784  46.1382]
-0.03	 -0.16	0.02	-0.03	45_P	[-10.00462963 -28.08644444  47.844     ]
-0.19	 -1.02	0.1	0.27	45_P	[-10.98346341 -30.67690244  48.47021951]
0.01	 0.38	-0.06	-0.1	45_P	[-10.7590303  -32.26290909  46.706     ]
-0.05	 0.02	-0.06	0.02	45_P	[-10.80757692 -29.77807692  44.76973077]
0.05	 0.07	-0.09	-0.06	46_V	[ -9.20592857 -28.874       50.14535714]
0.1	 1.15	0.21	-0.5	46_V	[ -7.400125 -30.31725   53.0445  ]
-0.12	 -0.37	-0.01	0.18	46_V	[ -8.739475 -31.777875  51.475225]
-0.1	 -0.39	-0.04	0.15	46_V	[ -7.9277 -28.6006  52.5665]
-0.71	 -0.55	0.0	0.2	46_V	[ -5.03009524 -28.81480952  53.03877778]
-0.11	 -0.29	0.03	0.04	46_V	[ -6.73014286 -26.47361905  51.18919048]
0.21	 1.5	0.08	-0.32	47_L	[ -4.55118182 -31.09372727  51.47218182]
0.24	 1.35	-0.14	-0.15	47_L	[ -7.37455556 -33.88411111  52.142     ]
0.12	 0.92	0.03	-0.25	47_L	[ -7.08475    -31.62816667  53.9435    ]
-0.02	 0.4	0.04	-0.15	47_L	[ -4.52555556 -31.40777778  54.38136111]
0.15	 0.63	0.03	-0.27	47_L	[ -3.83434091 -33.54234091  51.86377273]
0.15	 1.52	0.27	-0.54	47_L	[ -2.99286957 -34.38578261  50.73513043]
0.05	 0.27	-0.03	-0.14	47_L	[ -6.35382979 -35.7927234   50.51823404]
-0.1	 -0.21	-0.18	0.07	48_D	[ -7.07395833 -34.38658333  53.696     ]
-0.13	 -0.24	-0.04	0.15	48_D	[ -6.98125 -32.6056   56.21315]
0.15	 0.99	-0.05	-0.21	48_D	[ -4.45777273 -33.83968182  56.65590909]
-0.22	 -0.89	0.05	0.33	48_D	[ -4.83273171 -34.06634146  58.18097561]
-0.27	 -1.37	0.15	0.41	48_D	[ -8.05571875 -35.22101563  56.42307813]
0.15	 0.55	-0.01	-0.21	49_K	[ -4.90146154 -35.69169231  54.66292308]
-0.04	 0.09	-0.11	0.0	49_K	[ -2.15521429 -34.25678571  56.94578571]
0.23	 1.6	0.32	-0.55	49_K	[ -3.13842857 -35.7955      53.30178571]
-0.15	 -0.56	-0.02	0.21	49_K	[ -2.85459722 -37.19790278  56.08816667]
0.06	 0.33	-0.03	-0.12	50_T	[ -0.4236     -34.0724      56.60713333]
0.1	 0.85	0.05	-0.24	50_T	[  1.40696154 -32.554       57.12919231]
-0.15	 0.2	-0.12	0.02	50_T	[ -1.32910937 -31.27103125  54.51960937]
0.17	 0.86	0.05	-0.3	51_K	[  0.82633333 -35.80677778  56.49083333]
0.12	 0.56	-0.17	-0.07	51_K	[  3.26557143 -38.89614286  56.16714286]
-0.07	 -0.01	-0.01	0.05	51_K	[  0.56893023 -38.76683721  55.49272093]
-0.04	 -0.46	-0.12	-0.02	51_K	[  3.75653659 -37.51829268  56.58741463]
0.08	 0.06	-0.03	-0.09	51_K	[  2.9321875 -34.5230625  58.0126875]
0.17	 1.15	0.03	-0.29	51_K	[  5.18007692 -36.11430769  58.34261538]
-0.21	 -0.97	-0.01	0.25	51_K	[  3.825375   -36.89891667  59.64922917]
-0.11	 -0.33	0.05	0.11	51_K	[  6.02154545 -36.7604697   60.75416667]
0.21	 1.26	0.05	-0.33	52_F	[  4.61375 -37.967    54.59025]
0.01	 -0.06	-0.19	-0.04	52_F	[  1.853875  -40.55375    54.2741875]
0.02	 0.49	-0.04	-0.16	52_F	[  4.18978947 -40.33247368  55.05973684]
0.07	 0.69	-0.04	-0.18	52_F	[  5.81714815 -39.68022222  54.31659259]
0.15	 1.1	0.14	-0.39	52_F	[  2.1430303  -40.71424242  50.82309091]
-0.11	 -0.46	-0.02	0.14	52_F	[  0.22451351 -40.36343243  51.0532973 ]
-0.0	 0.24	-0.23	-0.02	52_F	[ -2.28123529 -39.45337255  51.57421569]
0.12	 0.87	0.05	-0.29	52_F	[ -2.9367 -37.2149  51.5025]
-0.05	 -0.29	-0.1	0.03	53_L	[  2.74529412 -42.09370588  54.04429412]
0.11	 1.35	0.37	-0.64	53_L	[  3.17755556 -42.95033333  51.80422222]
-0.07	 -0.26	0.02	0.09	53_L	[  3.09121053 -44.83044737  52.47586842]
-0.09	 -0.27	-0.05	0.09	53_L	[  4.17797561 -43.67114634  55.52519512]
0.13	 1.1	0.16	-0.37	53_L	[  6.91468 -42.2506   55.64332]
-0.05	 -0.15	-0.07	0.01	53_L	[  5.15174 -45.8602   57.06328]
0.12	 2.56	0.04	-0.29	54_V	[  3.47825 -44.47475  50.21125]
0.11	 0.65	0.02	-0.2	54_V	[  3.28321429 -44.17407143  47.66971429]
0.03	 0.5	-0.03	-0.16	54_V	[  2.97435294 -41.94591176  49.56344118]
0.06	 0.29	-0.09	-0.09	55_P	[  6.53388 -50.12348  49.6712 ]
-0.12	 -0.47	-0.03	0.18	55_P	[  3.76660526 -49.57289474  49.78942105]
-0.01	 -0.09	0.02	0.0	55_P	[  3.19075    -46.98228125  49.72728125]
0.21	 1.44	0.29	-0.54	56_D	[  8.70476471 -49.39135294  48.338     ]
0.1	 1.34	0.29	-0.54	56_D	[ 10.720625 -48.908875  45.09725 ]
0.17	 1.3	0.09	-0.32	56_D	[ 11.06147368 -48.04063158  44.29189474]
0.24	 1.67	-0.01	-0.29	56_D	[ 12.8883 -46.5961  47.9207]
-0.1	 -0.24	-0.2	0.1	56_D	[ 12.81772727 -48.98627273  46.78318182]
-0.1	 -0.13	-0.05	0.07	56_D	[ 10.88575  -50.107925  46.923325]
-0.08	 0.01	-0.02	0.05	56_D	[ 12.95063043 -48.75106522  49.02867391]
-0.03	 0.24	-0.09	-0.04	57_H	[  9.7195625 -49.4091875  43.451875 ]
0.02	 0.25	-0.01	-0.12	57_H	[  7.10507895 -48.61710526  41.50218421]
-0.16	 -0.89	0.06	0.25	57_H	[  8.77010811 -51.3602973   43.83440541]
-0.13	 0.79	-0.07	0.12	57_H	[  7.09614286 -52.53228571  44.50842857]
-0.1	 -0.36	0.02	0.06	57_H	[  7.84784 -51.7688   46.88368]
-0.07	 0.23	-0.32	0.24	57_H	[  4.75412195 -50.73546341  43.66719512]
-0.25	 -1.15	0.09	0.34	57_H	[  5.45221212 -52.60187879  47.35915152]
-0.12	 -0.26	0.08	0.17	57_H	[  3.94774194 -51.26793548  46.03754839]
0.13	 0.89	0.01	-0.21	58_V	[  2.31075    -44.55175     44.77020833]
-0.01	 -0.13	-0.04	-0.02	58_V	[  2.89281633 -47.66493878  45.52820408]
0.2	 2.0	0.09	-0.35	59_N	[  6.97405 -47.08025  39.43155]
0.2	 1.38	0.41	-0.63	59_N	[  4.14375 -46.028    36.92325]
0.15	 1.38	0.32	-0.57	59_N	[  2.46125 -46.654    38.1265 ]
-0.16	 -0.36	-0.14	0.24	59_N	[  4.50112069 -48.10091379  38.0192069 ]
0.16	 1.53	0.05	-0.29	60_M	[  8.08233333 -39.41514286  38.80385714]
0.14	 1.52	0.15	-0.43	60_M	[  8.0625     -38.66716667  40.43483333]
0.21	 1.59	0.23	-0.47	60_M	[  6.06082353 -37.32266667  40.24137255]
0.16	 2.03	0.05	-0.26	61_S	[  0.65561111 -41.75661111  36.88716667]
0.16	 1.62	0.06	-0.31	61_S	[ -1.23635 -41.83285  38.0005 ]
0.02	 0.51	-0.04	-0.15	61_S	[  2.12023913 -44.49223913  36.05093478]
-0.09	 0.11	-0.04	0.01	61_S	[ -0.16556364 -44.74776364  36.48285455]
0.1	 0.9	-0.06	-0.22	62_E	[ -1.04271429 -45.38528571  39.91303571]
0.11	 1.17	-0.04	-0.2	62_E	[  0.18544444 -44.31233333  43.43266667]
0.01	 0.16	-0.08	-0.06	62_E	[ -1.69922222 -44.34366667  43.00911111]
-0.06	 -0.28	-0.05	0.05	62_E	[  0.22943478 -46.17734783  42.509     ]
-0.11	 -0.47	-0.17	0.2	62_E	[  0.39747059 -47.17291176  39.3825    ]
0.04	 0.6	-0.04	-0.14	62_E	[  2.03503571 -48.60164286  41.36796429]
0.09	 0.41	-0.19	-0.17	62_E	[  3.86612903 -48.94158065  41.94345161]
-0.32	 -1.03	0.14	0.46	62_E	[  1.49345238 -49.78538095  40.48197619]
0.21	 1.26	0.17	-0.45	63_L	[  0.9115   -43.155125  44.358125]
0.09	 0.59	-0.03	-0.23	63_L	[  1.70657778 -41.14593333  47.08833333]
0.14	 1.74	0.04	-0.3	64_I	[ -0.610875 -40.385875  37.9625  ]
0.18	 1.47	0.36	-0.59	64_I	[ 1.85714286e-02 -3.64519286e+01  3.92095714e+01]
-0.08	 -0.12	-0.09	0.01	64_I	[ -2.33580488 -38.49414634  37.86170732]
-0.06	 0.21	-0.12	-0.01	64_I	[  1.35420238 -37.67761905  37.64955952]
0.15	 1.5	0.07	-0.3	65_K	[ -5.47058333 -41.401       40.24591667]
0.06	 0.31	-0.0	-0.16	65_K	[ -5.3506 -43.2094  42.8329]
-0.08	 -0.38	-0.04	0.04	65_K	[ -6.71135294 -41.87505882  42.23447059]
-0.05	 -0.37	-0.04	0.06	65_K	[ -4.34596 -44.0736   40.95272]
-0.08	 -0.21	-0.19	0.09	65_K	[ -4.42965385 -41.99411538  38.41057692]
-0.11	 -0.63	-0.05	0.2	65_K	[ -3.99160417 -45.38408333  38.73797917]
-0.24	 -1.17	0.12	0.37	65_K	[ -4.83325532 -44.89587234  36.27291489]
-0.16	 -0.89	0.0	0.26	65_K	[ -2.49716 -44.31358  35.70396]
0.12	 0.93	-0.06	-0.2	66_I	[ -3.77333333 -43.822       43.10955556]
0.13	 1.31	-0.04	-0.11	66_I	[ -5.10088889 -43.656       44.33266667]
-0.09	 -0.35	-0.06	0.12	66_I	[ -2.87715 -44.476    45.1775 ]
-0.03	 -0.17	-0.05	0.01	66_I	[ -3.16375758 -43.06906061  48.09381818]
-0.03	 -0.17	-0.06	0.02	66_I	[ -1.01721622 -42.88551351  46.29040541]
-0.18	 -0.66	0.05	0.21	66_I	[ -5.53373333 -44.7892      47.12844444]
0.19	 0.98	0.08	-0.35	67_I	[ -1.42767647 -39.91488235  48.11435294]
0.17	 1.42	0.1	-0.36	68_R	[ -8.98558333 -39.2405      42.34258333]
0.07	 0.36	0.01	-0.17	68_R	[ -7.473      -39.50477273  40.89772727]
-0.03	 0.28	-0.2	0.06	68_R	[ -6.31408889 -39.26046667  38.63884444]
0.0	 -0.06	0.01	-0.07	68_R	[ -4.464   -37.358    37.22905]
0.09	 0.66	0.0	-0.2	68_R	[ -7.01266667 -37.7414      36.43813333]
-0.07	 -0.29	-0.03	0.09	68_R	[ -5.43913514 -35.36013514  35.63527027]
0.18	 1.56	0.31	-0.56	68_R	[ -8.58985 -37.5217   38.5348 ]
0.17	 1.22	-0.05	-0.23	69_R	[ -7.84475  -40.439125  42.49025 ]
-0.06	 -0.12	-0.04	-0.04	69_R	[ -9.696125   -40.22504167  43.69279167]
0.11	 0.64	-0.04	-0.17	69_R	[ -8.96046154 -41.10969231  47.06661538]
-0.04	 0.05	-0.01	-0.0	69_R	[-10.79186957 -39.75117391  46.83830435]
-0.15	 -0.71	0.03	0.23	69_R	[ -8.32083929 -42.75423214  44.83053571]
0.03	 0.16	-0.05	-0.11	70_R	[ -8.7651875 -39.803625   48.6959375]
-0.06	 0.08	-0.09	0.02	70_R	[ -9.64125    -36.78990909  49.22820455]
0.2	 1.58	0.29	-0.54	70_R	[ -7.23225  -37.7845    49.968625]
0.19	 1.42	0.26	-0.51	70_R	[ -4.22984211 -39.58668421  49.60273684]
-0.13	 -0.5	-0.11	0.15	70_R	[ -6.91818 -39.84218  50.76016]
-0.04	 0.27	-0.01	-0.04	70_R	[ -4.53812121 -41.01118182  51.566     ]
-0.02	 0.23	-0.04	-0.02	70_R	[ -5.26776 -42.38772  51.08456]
-0.12	 -0.47	0.1	0.15	70_R	[ -7.11923684 -43.211       49.33689474]
-0.27	 -0.86	0.09	0.44	70_R	[ -4.19287273 -43.83281818  51.46454545]
0.14	 1.94	-0.02	-0.19	71_L	[ -9.29655556 -34.31722222  47.84011111]
0.15	 1.08	0.08	-0.28	71_L	[-10.88590909 -35.09254545  47.499     ]
0.02	 0.64	-0.05	-0.1	71_L	[-11.59892308 -33.94880769  45.81007692]
0.16	 1.18	0.15	-0.36	71_L	[ -8.16335294 -33.26217647  48.63647059]
0.03	 0.3	0.05	-0.14	72_Q	[-11.9255  -38.43155  44.11885]
-0.06	 -0.67	-0.17	0.02	72_Q	[-12.78176923 -37.81484615  43.03446154]
-0.11	 -0.35	-0.01	0.13	72_Q	[-13.56812821 -35.36728205  43.08753846]
-0.12	 -0.4	-0.11	0.06	72_Q	[-13.8008     -36.30826667  45.60246667]
-0.07	 -0.54	-0.03	0.08	72_Q	[-12.70775  -38.769375  47.641125]
-0.14	 -0.58	-0.07	0.14	72_Q	[-14.44509524 -37.21061905  48.56066667]
-0.26	 -0.97	0.14	0.41	72_Q	[-15.7615     -37.65615909  47.98888636]
-0.22	 -0.84	0.12	0.34	72_Q	[-13.50634483 -36.22531034  49.67532759]
0.07	 0.37	-0.13	-0.07	73_L	[-13.23222222 -37.32244444  40.99955556]
-0.07	 0.1	-0.01	-0.01	73_L	[-11.05487234 -38.48708511  40.68544681]
0.1	 0.59	-0.0	-0.21	73_L	[-11.16136667 -32.27836667  42.73683333]
0.13	 1.47	0.01	-0.25	74_N	[-13.756      -36.08916667  40.38558333]
-0.13	 -0.73	-0.04	0.11	74_N	[-13.84509091 -37.93509091  38.99372727]
0.18	 1.21	0.2	-0.47	74_N	[-10.20933333 -37.78977778  38.52644444]
-0.08	 -0.62	-0.09	0.05	74_N	[-15.07492308 -35.79557692  37.97753846]
0.04	 0.45	-0.09	-0.08	74_N	[-14.78261538 -37.37546154  36.76807692]
-0.01	 0.02	-0.08	-0.06	74_N	[-14.00404762 -38.14866667  34.88214286]
-0.26	 -1.14	0.17	0.43	74_N	[-16.33171154 -37.5175      36.57869231]
-0.0	 -0.04	-0.09	0.0	75_A	[-12.14542105 -38.99505263  37.34031579]
-0.01	 0.27	-0.23	-0.02	75_A	[ -9.4332069  -38.56634483  37.06755172]
0.01	 0.39	-0.12	-0.09	75_A	[-10.224    -37.9105    33.429125]
-0.1	 -0.1	0.01	0.06	75_A	[ -8.357      -36.87870968  34.32051613]
-0.27	 -1.37	0.17	0.41	75_A	[-10.69176667 -40.14191667  34.83986667]
0.18	 0.99	0.03	-0.31	76_N	[-12.08827273 -37.45936364  33.69663636]
-0.06	 -0.13	-0.11	0.05	76_N	[-10.10031579 -35.64652632  32.68689474]
0.08	 0.92	0.18	-0.38	76_N	[-10.63676471 -33.55011765  34.27564706]
-0.2	 -0.75	0.0	0.28	76_N	[-10.91527027 -32.44751351  33.17605405]
-0.22	 -1.01	0.04	0.28	76_N	[-12.43291667 -35.455       31.64727778]
-0.11	 -0.13	-0.01	0.13	76_N	[-14.08592308 -33.74738462  32.85407692]
-0.03	 -0.04	0.01	0.03	76_N	[-14.33614706 -33.96291176  34.92105882]
-0.25	 -1.12	0.15	0.38	76_N	[-15.11526087 -36.17671739  32.61015217]
-0.04	 -0.03	-0.04	-0.11	77_Q	[-11.27829412 -31.678       35.62264706]
0.12	 0.79	-0.1	-0.16	77_Q	[ -8.59975  -33.005     34.422625]
0.17	 1.59	0.1	-0.34	77_Q	[ -7.76606667 -34.0286      35.05513333]
0.07	 1.05	0.03	-0.18	77_Q	[-10.063      -31.34361538  38.45692308]
-0.08	 -0.45	0.05	0.08	77_Q	[-13.19596154 -32.30769231  37.11019231]
-0.21	 -0.82	-0.03	0.23	77_Q	[-14.05309091 -32.04227273  39.19      ]
-0.11	 -0.44	-0.05	0.22	77_Q	[-12.17061364 -31.10097727  40.25281818]
-0.09	 -0.39	0.03	0.03	77_Q	[-14.02980645 -33.84648387  40.21283871]
-0.05	 -0.38	-0.17	0.07	78_A	[ -9.15009524 -30.84733333  35.65195238]
-0.02	 -0.43	-0.09	0.02	78_A	[ -6.96271429 -31.99952381  34.5612381 ]
0.23	 1.0	0.13	-0.38	78_A	[ -7.97120833 -30.31358333  38.464125  ]
-0.07	 -0.11	-0.06	0.04	78_A	[ -6.97616364 -29.22114545  34.80345455]
0.17	 2.17	0.12	-0.37	79_F	[ -4.91238462 -32.55507692  35.632     ]
-0.0	 0.53	-0.09	-0.11	79_F	[ -2.80605128 -34.22787179  36.70451282]
0.15	 1.33	0.2	-0.47	79_F	[ -1.51708333 -35.39170833  39.03295833]
0.09	 0.46	-0.22	0.0	80_F	[ -0.07385 -33.5321   37.8101 ]
0.05	 0.62	-0.18	-0.06	80_F	[  0.89709434 -30.43773585  37.54720755]
-0.11	 -0.21	-0.09	0.12	80_F	[  0.25116667 -29.616       35.78416667]
0.02	 0.37	-0.07	-0.08	80_F	[ -0.84333333 -28.836       35.9912    ]
-0.24	 -0.83	0.67	0.22	80_F	[  0.34609677 -31.78451613  34.86193548]
0.13	 1.18	0.09	-0.26	80_F	[ -1.74138462 -28.43061538  34.56415385]
-0.23	 -1.26	0.12	0.37	80_F	[ -0.83607692 -31.89889744  33.13451282]
-0.07	 -0.08	-0.03	0.07	80_F	[ -2.88597959 -30.61332653  33.3072449 ]
0.04	 0.77	-0.16	-0.21	81_L	[  0.89235897 -34.4195641   39.09153846]
0.05	 0.61	-0.03	-0.03	81_L	[  3.87741667 -33.79672917  38.80283333]
0.16	 1.09	0.21	-0.49	81_L	[  2.582      -35.79919231  39.88211538]
0.18	 1.06	0.15	-0.39	82_L	[  6.78359259 -30.05092593  43.29651852]
0.18	 1.83	0.15	-0.43	82_L	[  5.80046154 -28.10153846  41.11784615]
0.1	 0.78	-0.1	-0.23	82_L	[  3.67503125 -30.50665625  37.8608125 ]
0.06	 0.21	-0.09	-0.13	82_L	[  2.249    -28.315625  39.64125 ]
-0.14	 -0.75	0.02	0.22	82_L	[  4.78044828 -27.53618966  38.37341379]
0.12	 0.15	0.03	-0.26	83_V	[  9.88553846 -33.75661538  40.71426923]
0.19	 1.65	0.3	-0.55	83_V	[ 11.10566667 -32.89838095  44.88619048]
0.11	 1.15	0.05	-0.28	83_V	[  7.85948485 -34.8269697   40.58775758]
0.17	 0.16	0.07	-0.24	84_N	[  9.14217647 -30.00629412  43.88247059]
-0.14	 -1.08	-0.05	0.14	84_N	[ 10.82433333 -27.93741667  43.60625   ]
-0.11	 -0.56	-0.04	0.11	84_N	[ 11.02527273 -26.83472727  42.22445455]
-0.13	 -0.12	0.09	0.14	84_N	[ 12.01969697 -27.536       40.15248485]
-0.05	 -0.31	-0.03	0.04	84_N	[ 13.384  -28.8798  42.0422]
-0.21	 -0.76	-0.04	0.22	84_N	[ 14.2547 -29.3129  43.9985]
-0.02	 -0.01	-0.02	0.03	84_N	[ 14.88713333 -31.18123333  44.02423333]
-0.27	 -0.29	0.25	0.21	84_N	[ 12.36921154 -29.74257692  45.43188462]
-0.12	 0.04	-0.08	-0.02	85_G	[  8.16181818 -28.07622727  42.30077273]
-0.17	 -0.77	0.03	0.24	85_G	[  8.425375 -26.093975  40.529725]
0.15	 0.82	-0.07	-0.11	85_G	[ 10.2636 -27.1625  38.5283]
-0.19	 -0.73	0.09	0.28	85_G	[  8.16516216 -26.45664865  37.63783784]
0.03	 1.03	-0.02	-0.12	86_H	[  7.63676923 -28.75915385  36.43346154]
0.22	 1.29	0.25	-0.49	86_H	[  8.30494737 -32.77363158  38.92905263]
-0.12	 -0.91	0.06	0.16	86_H	[ 10.21757143 -29.3145      36.0532381 ]
-0.11	 -0.08	-0.05	0.15	86_H	[ 12.0555   -30.17625   36.620625]
-0.04	 0.28	0.01	0.04	86_H	[ 12.2202 -29.18    38.147 ]
-0.07	 -0.2	-0.14	0.13	86_H	[ 10.79461538 -32.90453846  36.88138462]
-0.06	 -0.39	0.01	0.09	86_H	[ 13.56195652 -30.76095652  39.07517391]
-0.08	 -0.17	-0.07	0.09	86_H	[ 12.33386667 -33.29866667  38.6545    ]
-0.01	 0.4	-0.05	-0.07	87_S	[  7.11814286 -30.45742857  35.45452381]
0.12	 1.22	0.08	-0.35	87_S	[  4.80223529 -32.429       37.05176471]
0.15	 1.74	0.15	-0.42	87_S	[  7.661125   -33.70141667  37.003125  ]
0.02	 0.39	-0.09	-0.08	87_S	[  9.00013889 -33.55658333  35.74808333]
-0.21	 -0.72	0.23	0.4	87_S	[  5.10951389 -31.826625    34.84290278]
0.1	 0.68	-0.02	-0.2	88_M	[  5.1956087  -34.60082609  36.35230435]
-0.04	 -0.06	-0.14	-0.01	88_M	[  8.279      -35.40711538  37.444     ]
0.1	 0.82	0.08	-0.3	88_M	[  7.6034 -34.6329  34.0577]
-0.07	 -0.15	-0.16	0.05	88_M	[  6.087825 -36.649625  33.798125]
0.1	 0.72	-0.03	-0.21	88_M	[  5.82017308 -37.11723077  37.56588462]
0.04	 -0.19	-0.21	-0.01	89_V	[  9.55142857 -36.60789286  35.79089286]
-0.07	 -0.43	-0.12	0.1	89_V	[  9.34953125 -35.59775     32.910625  ]
0.07	 0.63	-0.15	-0.05	89_V	[  9.922    -38.493125  31.8595  ]
-0.21	 -0.8	0.15	0.31	89_V	[  7.93772973 -38.24189189  31.48524324]
-0.23	 -0.93	0.09	0.36	89_V	[ 11.53293056 -36.93495833  33.64377778]
0.17	 1.66	0.04	-0.3	90_S	[  9.88422222 -39.06811111  35.06466667]
-0.01	 -0.43	-0.03	-0.1	90_S	[  6.88046667 -40.20886667  32.62033333]
0.17	 1.43	0.16	-0.4	90_S	[  8.63032 -39.6822   36.35268]
-0.19	 -0.72	0.07	0.23	90_S	[ 10.23569697 -41.22        32.52575758]
-0.04	 -0.04	0.06	-0.01	90_S	[  8.23511111 -42.88508333  32.48283333]
0.06	 0.19	-0.17	-0.07	91_V	[  5.63927273 -41.04663636  32.88218182]
0.14	 1.64	0.26	-0.52	91_V	[  4.3262 -44.4229  34.9606]
0.12	 1.55	0.04	-0.33	91_V	[  2.0406 -41.827   34.7792]
-0.09	 -0.4	0.04	0.06	91_V	[  3.1327069  -39.47218966  34.38672414]
-0.17	 -0.78	-0.02	0.24	91_V	[  3.30725397 -42.75468254  33.00387302]
0.08	 0.67	0.02	-0.27	92_S	[  5.48576667 -46.0062      35.6603    ]
0.16	 1.1	-0.14	-0.11	92_S	[  9.6416 -45.3156  35.667 ]
-0.03	 -0.19	-0.01	0.01	92_S	[  8.50102941 -46.91788235  36.97694118]
-0.2	 -0.71	-0.02	0.26	92_S	[  6.82301724 -46.35081034  33.72412069]
-0.16	 -0.58	-0.0	0.13	92_S	[  8.952975 -45.035975  33.24165 ]
0.08	 1.07	0.07	-0.23	93_T	[ 10.7817619  -44.46319048  36.5312381 ]
0.13	 1.28	0.09	-0.29	93_T	[  9.78572727 -40.67490909  37.95436364]
-0.15	 0.23	-0.09	0.03	93_T	[ 10.765      -42.03674286  35.3546    ]
-0.06	 -0.33	-0.11	0.02	93_T	[ 12.10872093 -41.52446512  37.89562791]
0.02	 0.27	-0.15	-0.08	94_P	[ 10.92078261 -47.91526087  41.90921739]
-0.12	 -0.32	0.02	0.13	94_P	[ 11.03836538 -47.68148077  39.61167308]
0.05	 0.49	-0.08	-0.04	94_P	[ 12.04864706 -45.87517647  37.64764706]
0.19	 1.63	0.17	-0.43	96_S	[ 13.78666667 -44.304       46.5555    ]
0.11	 0.79	-0.0	-0.21	96_S	[ 15.02572727 -44.80363636  43.89018182]
0.05	 0.57	0.02	-0.18	96_S	[ 15.21805405 -43.3647027   45.64418919]
-0.11	 -0.45	-0.06	0.06	96_S	[ 13.57171429 -46.88334286  45.69114286]
-0.08	 -0.59	-0.01	0.06	96_S	[ 13.62366667 -46.88390909  42.99118182]
0.06	 0.16	-0.2	-0.06	97_E	[ 16.0529  -43.38965  42.2887 ]
0.13	 1.12	0.08	-0.31	97_E	[ 14.05686667 -40.71666667  40.59846667]
0.0	 0.28	-0.13	-0.09	97_E	[ 16.17721739 -40.6453913   41.41234783]
-0.03	 0.03	-0.07	-0.01	97_E	[ 14.97666667 -42.30253333  39.677     ]
-0.11	 -0.51	0.03	0.1	97_E	[ 15.505      -45.29116129  41.00487097]
-0.07	 0.04	-0.01	0.08	97_E	[ 15.82942857 -44.64761905  38.38547619]
-0.23	 -0.76	0.11	0.35	97_E	[ 15.292      -46.54285714  38.47545238]
-0.18	 -0.64	0.08	0.2	97_E	[ 14.41948485 -43.69518182  37.40763636]
0.1	 1.42	0.04	-0.25	98_V	[ 13.15034783 -38.95178261  41.07726087]
0.09	 0.59	0.03	-0.19	98_V	[ 10.60311538 -36.74688462  41.54665385]
0.01	 0.24	-0.03	-0.12	98_V	[ 10.46126829 -39.18612195  40.2074878 ]
0.06	 0.12	-0.03	-0.15	99_Y	[ 15.77370968 -41.96248387  48.55583871]
-0.0	 0.25	-0.13	-0.04	99_Y	[ 16.69355 -41.2474   50.9753 ]
0.12	 0.63	0.02	-0.23	99_Y	[ 16.09194286 -39.68677143  53.10537143]
0.05	 0.22	-0.03	-0.14	100_E	[ 17.40441667 -40.87125     46.69825   ]
0.06	 0.63	-0.13	-0.1	100_E	[ 19.0976 -39.3443  43.5598]
-0.09	 -0.02	-0.02	0.12	100_E	[ 19.24677778 -38.01011111  45.62035556]
-0.19	 -0.97	0.06	0.28	100_E	[ 18.24196364 -41.85096364  43.96803636]
-0.08	 -0.14	-0.07	0.03	101_S	[ 19.129      -36.82311765  43.067     ]
0.07	 0.56	-0.01	-0.18	101_S	[ 17.60327778 -35.60111111  44.97144444]
-0.14	 -0.54	0.05	0.2	101_S	[ 17.64560976 -34.10892683  42.74529268]
-0.19	 -1.17	0.09	0.3	101_S	[ 18.34563636 -37.51738636  40.85572727]
-0.1	 -0.13	0.02	0.02	101_S	[ 15.61909677 -38.04403226  40.52422581]
0.21	 2.0	-0.17	-0.14	102_E	[ 16.054      -33.30885714  44.25142857]
0.09	 1.05	-0.1	-0.14	102_E	[ 16.14284615 -33.64107692  45.40069231]
0.03	 0.5	-0.16	-0.14	102_E	[ 13.48525641 -32.83938462  46.594     ]
0.05	 0.61	-0.02	-0.16	102_E	[ 12.77132143 -35.25764286  40.99560714]
0.08	 0.0	-0.07	-0.2	102_E	[ 14.7411 -33.6575  40.8123]
0.08	 0.46	0.03	-0.12	102_E	[ 14.94515789 -31.95831579  41.59742105]
-0.22	 -0.59	-0.06	0.22	102_E	[ 15.49934286 -34.13954286  39.94797143]
0.18	 1.88	0.06	-0.36	103_R	[ 16.83966667 -35.09        46.60666667]
0.11	 1.55	0.08	-0.37	103_R	[ 15.1618 -32.3322  47.6916]
-0.13	 -0.22	0.05	0.15	103_R	[ 17.07238235 -33.14188235  47.94841176]
0.06	 0.57	-0.02	-0.17	103_R	[ 17.8407     -35.81066667  48.3761    ]
0.06	 0.84	-0.05	-0.19	103_R	[ 18.73747222 -38.75833333  48.50886111]
-0.07	 0.06	-0.1	0.02	103_R	[ 19.06589286 -38.28639286  50.58207143]
-0.32	 -1.25	0.18	0.51	103_R	[ 21.22431373 -38.67213725  50.02366667]
-0.15	 -0.75	-0.0	0.2	103_R	[ 19.24616 -36.95802  52.10294]
0.18	 1.67	0.15	-0.41	104_D	[ 13.1778     -33.0512      48.91973333]
-0.1	 -0.35	-0.18	0.05	104_D	[ 15.12273913 -31.32643478  49.043     ]
0.17	 0.52	-0.24	-0.02	104_D	[ 17.63466667 -32.589       50.24383333]
0.12	 0.97	0.03	-0.35	104_D	[ 17.73110526 -34.01431579  51.50415789]
0.17	 0.91	0.11	-0.33	104_D	[ 12.76706667 -31.85546667  49.735     ]
0.05	 0.9	-0.17	-0.12	104_D	[ 15.40709091 -29.39645455  51.11072727]
0.09	 0.86	0.07	-0.28	104_D	[ 15.02429412 -29.13402941  53.64741176]
-0.16	 -0.68	0.1	0.23	104_D	[ 13.78278261 -28.8903913   50.49221739]
0.11	 0.45	-0.17	-0.1	105_E	[ 17.07264286 -30.85078571  50.47364286]
-0.06	 -0.26	-0.09	0.07	105_E	[ 19.00932 -32.1802   52.0024 ]
0.1	 1.04	0.41	-0.59	105_E	[ 18.3172 -33.3688  52.9672]
-0.11	 -0.1	0.04	0.13	105_E	[ 18.76774286 -33.06897143  54.71585714]
0.13	 0.3	-0.01	-0.13	105_E	[ 18.80579167 -29.70395833  53.81020833]
-0.19	 -0.81	-0.01	0.19	105_E	[ 18.71495122 -29.48019512  51.10958537]
-0.15	 -0.47	-0.01	0.16	105_E	[ 20.22558621 -27.91848276  52.25134483]
-0.31	 -1.2	0.24	0.5	105_E	[ 20.4642973  -27.03310811  50.67586486]
-0.2	 -0.67	0.02	0.28	105_E	[ 20.32711905 -27.81059524  53.93288095]
0.18	 0.12	0.06	-0.27	106_D	[ 17.01958824 -34.32270588  56.45705882]
0.09	 1.0	-0.02	-0.22	106_D	[ 16.05990476 -35.49119048  57.3042381 ]
0.05	 0.16	-0.02	-0.14	107_G	[ 16.83861765 -36.39073529  54.18838235]
0.05	 0.37	-0.02	-0.18	108_F	[  7.71769231 -37.39274359  56.19717949]
0.2	 1.21	0.12	-0.36	108_F	[  9.11531818 -37.31227273  58.39431818]
0.19	 1.52	0.35	-0.59	109_L	[ 11.2715   -34.07375   46.336875]
0.14	 1.01	0.1	-0.35	110_Y	[ 10.98680769 -33.07415385  48.25907692]
0.04	 0.21	-0.1	-0.13	110_Y	[  7.56546154 -30.944       46.97269231]
0.05	 0.99	-0.08	-0.28	110_Y	[  9.17297222 -31.91430556  45.87663889]
-0.73	 -0.45	0.08	0.26	110_Y	[  8.3498     -30.45031429  48.35394286]
0.02	 0.6	-0.14	-0.05	110_Y	[  9.9167 -29.4544  50.3903]
0.12	 0.2	-0.05	-0.21	110_Y	[ 11.1015625 -30.67175    49.9045   ]
-0.0	 0.35	-0.16	-0.06	110_Y	[  7.35065116 -29.68448837  50.89537209]
0.2	 1.68	0.12	-0.4	110_Y	[  7.39554545 -28.88572727  52.72281818]
0.06	 1.13	0.19	-0.47	111_M	[  6.2479 -30.6707  47.1942]
0.16	 0.87	0.09	-0.31	111_M	[  6.58183333 -31.00025     45.614     ]
0.12	 0.96	0.07	-0.33	111_M	[  5.73988889 -30.37966667  47.13861111]
0.2	 1.13	0.17	-0.43	111_M	[  4.781375   -30.89821875  48.942     ]
0.14	 1.35	0.28	-0.53	112_V	[  5.44515385 -29.81015385  45.27630769]
-0.07	 -0.14	-0.13	0.12	112_V	[  4.34044444 -27.58791667  47.38283333]
-0.01	 0.27	-0.14	-0.03	112_V	[  4.22472131 -27.5892623   43.2537377 ]
0.16	 1.35	0.13	-0.4	113_Y	[ -2.41910526 -31.60942105  49.20373684]
0.21	 1.15	0.18	-0.42	113_Y	[ -3.99831818 -30.44640909  49.75595455]
0.02	 0.39	-0.06	-0.12	114_A	[ -0.26731746 -26.64846032  40.46095238]
0.15	 1.48	0.12	-0.37	115_S	[ -3.3634 -25.1364  38.3444]
-0.03	 0.0	0.05	-0.05	115_S	[ -1.79906061 -26.92542424  37.29654545]
0.03	 -0.01	0.01	-0.04	115_S	[ -7.4062  -27.55028  38.59748]
0.07	 0.84	-0.06	-0.17	115_S	[ -6.819      -25.16120833  39.08891667]
0.19	 1.42	0.12	-0.37	116_Q	[ -6.213125  -26.2749375  36.4896875]
-0.05	 0.06	-0.14	0.01	116_Q	[ -2.8795625 -24.601      36.266125 ]
-0.09	 -0.45	-0.17	-0.03	116_Q	[ -4.24692857 -23.341       37.93371429]
-0.09	 -0.23	-0.18	0.09	116_Q	[ -6.67968293 -23.20119512  37.23231707]
-0.08	 -0.68	-0.19	0.06	116_Q	[ -5.42652941 -24.85532353  34.03426471]
0.01	 -0.22	-0.05	-0.04	116_Q	[ -2.62980952 -26.12128571  33.99409524]
0.03	 0.46	-0.05	-0.11	116_Q	[ -4.4496  -26.6874   32.50792]
-0.25	 -0.75	0.08	0.34	116_Q	[ -6.07157895 -26.83644737  32.06015789]
-0.26	 -1.12	0.09	0.4	116_Q	[ -2.89780769 -26.99155769  31.52744231]
-0.09	 -0.12	-0.08	0.05	117_E	[ -3.27834783 -22.69373913  35.49034783]
-0.1	 -0.47	-0.01	0.1	117_E	[ -4.88057143 -20.77785714  37.47442857]
-0.03	 0.15	-0.09	-0.04	117_E	[ -5.97421212 -22.02048485  33.7599697 ]
-0.12	 -0.75	-0.04	0.1	117_E	[ -2.66019355 -20.698       35.647     ]
-0.05	 -0.59	-0.01	0.12	117_E	[ -4.18152632 -18.23384211  36.84068421]
-0.08	 -0.05	0.01	0.02	117_E	[ -1.78955 -17.42065  35.77515]
-0.19	 -0.68	0.08	0.32	117_E	[ -2.64533333 -15.90751282  34.96769231]
-0.24	 -1.03	0.09	0.34	117_E	[ -0.86854286 -18.62491429  34.70631429]
0.04	 0.4	0.03	-0.14	118_T	[ -6.75353846 -19.91115385  36.93515385]
0.11	 0.24	-0.03	-0.13	118_T	[ -8.08383333 -20.44641667  33.56991667]
0.09	 1.22	-0.08	-0.19	118_T	[ -8.390625 -16.754875  34.875375]
-0.07	 -0.35	0.05	-0.03	118_T	[ -6.31161538 -16.71884615  35.129     ]
-0.21	 -0.49	-0.08	0.18	118_T	[-10.149      -18.81952632  34.93410526]
-0.23	 -0.88	0.09	0.3	118_T	[ -8.98423077 -18.12610256  36.94928205]
-0.25	 -1.51	0.11	0.39	118_T	[ -9.74840351 -21.28789474  36.41114035]
0.1	 -0.59	-0.06	-0.09	119_F	[ -8.70964286 -18.70578571  32.43728571]
0.02	 0.12	-0.17	-0.04	119_F	[ -7.26122222 -15.63088889  33.52755556]
-0.01	 -0.25	-0.13	-0.05	119_F	[ -9.23152 -16.0302   32.68976]
-0.28	 -0.98	0.05	0.38	119_F	[-10.48451429 -16.76142857  31.76742857]
-0.13	 -0.91	-0.06	0.18	119_F	[ -6.97561111 -16.31108333  30.351     ]
-0.09	 -0.16	-0.1	0.11	119_F	[ -5.65666667 -17.6135      29.74883333]
-0.14	 -0.99	0.06	0.2	119_F	[ -6.36408333 -19.60745833  30.86854167]
-0.14	 -0.6	0.1	0.11	119_F	[ -4.389375 -16.11645   31.119525]
-0.12	 -0.47	0.04	0.13	119_F	[ -4.32777778 -20.524       31.53830556]
-0.16	 -0.66	0.07	0.19	119_F	[ -2.5086   -16.980925  31.1761  ]
-0.16	 -0.76	0.05	0.27	119_F	[ -2.399375   -19.35153125  31.357875  ]
-0.01	 -0.23	-0.17	-0.02	120_G	[ -7.95255556 -14.23722222  32.00662963]
-0.19	 -0.93	-0.02	0.25	120_G	[-10.51429167 -13.61816667  31.47916667]
0.0	 0.32	-0.06	-0.06	120_G	[ -9.1708  -12.02632  32.28936]
-0.26	 -0.87	-0.02	0.35	120_G	[ -7.42067742 -12.35706452  32.34754839]
-0.06	 -0.29	-0.11	-0.01	121_T	[-10.83873913 -11.37834783  31.02913043]
-0.07	 -0.25	-0.12	0.05	121_T	[-8.31752941 -9.78964706 32.48782353]
-0.01	 0.22	0.05	-0.13	121_T	[-10.42293333  -8.749       32.2616    ]
-0.19	 -0.94	-0.01	0.24	121_T	[-11.8165      -9.2463125   32.34621875]
-0.13	 -0.67	-0.07	0.13	121_T	[-8.22566667 -7.9375     29.95411111]
-0.23	 -0.89	0.03	0.31	121_T	[-10.46566667  -8.89297436  28.80289744]
-0.25	 -0.97	0.12	0.36	121_T	[ -7.53731579 -10.49919298  29.02873684]
-0.19	 -0.85	0.0	0.2	122_A	[-8.55770588 -7.343      32.50835294]
-0.22	 -1.06	0.05	0.29	122_A	[-9.52059091 -5.43813636 33.39809091]
-0.16	 -0.71	0.0	0.18	122_A	[-11.67163043  -6.99136957  33.97326087]
-0.27	 -1.12	0.17	0.41	122_A	[-12.86535897  -5.17953846  33.55071795]
-0.2	 -1.02	0.08	0.32	122_A	[-10.75552239  -5.12976119  30.84498507]
