0.08	 0.69	-0.1	-0.19	1_M	[18.27785714 63.29964286 52.23514286]
-0.04	 0.58	-0.24	0.1	1_M	[17.41733333 61.23033333 54.11566667]
0.01	 0.12	-0.13	-0.03	1_M	[16.49911111 59.53088889 54.00944444]
0.08	 0.2	-0.01	-0.21	1_M	[14.31779167 59.11845833 50.964375  ]
-0.11	 -0.11	-0.15	0.15	1_M	[16.98083871 62.87548387 52.56532258]
-0.07	 0.03	-0.03	-0.01	1_M	[19.123      63.02753333 53.0818    ]
-0.08	 -0.49	0.15	-0.01	1_M	[18.63006897 60.7872069  54.47296552]
0.05	 0.39	-0.03	-0.3	1_M	[16.90233333 58.95466667 54.2905    ]
-0.12	 -0.19	-0.02	0.11	1_M	[15.787      60.7332381  52.63738095]
0.07	 0.89	-0.01	-0.24	2_Q	[22.00133333 58.727      55.71766667]
-0.15	 0.25	-0.05	0.13	2_Q	[23.2659 58.6672 56.663 ]
-0.11	 -0.45	-0.05	0.11	2_Q	[23.49694595 56.34010811 56.59748649]
-0.05	 0.13	0.02	0.01	2_Q	[25.0505     59.81968182 55.99459091]
0.1	 0.99	0.03	-0.2	2_Q	[19.35642105 58.30436842 54.70215789]
0.13	 0.61	-0.01	-0.19	2_Q	[21.2515    57.7380625 55.5763125]
0.22	 1.27	0.42	-0.64	2_Q	[24.62826316 59.73484211 53.01021053]
0.03	 0.05	-0.02	-0.07	2_Q	[21.8882963  60.19588889 54.879     ]
-0.2	 -0.28	0.02	0.29	2_Q	[25.70634615 59.89784615 54.73907692]
-0.26	 -0.79	0.13	0.39	2_Q	[25.94592308 58.20134615 56.66853846]
0.09	 0.14	0.1	-0.17	4_F	[24.37    49.772   50.83555]
0.05	 -0.08	0.07	-0.22	4_F	[24.063875  50.54075   52.5899375]
0.03	 0.18	-0.07	-0.05	4_F	[22.37835714 50.4145     52.83464286]
-0.03	 0.18	-0.18	0.04	4_F	[25.99283333 51.54058333 53.32966667]
-0.02	 0.5	-0.01	-0.03	4_F	[22.11695 51.3105  54.6167 ]
-0.11	 -0.0	0.08	-0.14	4_F	[25.18115789 51.94873684 54.57210526]
-0.07	 -1.16	-0.04	0.24	4_F	[23.77746667 52.2004     55.699     ]
0.14	 1.04	-0.02	-0.22	4_F	[25.5009 49.7944 50.6601]
0.07	 1.07	0.18	-0.45	4_F	[26.961  52.2314 52.8211]
0.08	 1.13	-0.03	-0.28	4_F	[21.12871429 51.72957143 55.212     ]
-0.01	 0.07	-0.01	0.1	4_F	[25.80669231 54.08634615 55.12469231]
-0.06	 -0.24	-0.0	-0.01	4_F	[23.3214     53.9516     56.33633333]
0.19	 1.23	0.15	-0.41	6_K	[27.13086364 46.41936364 43.39563636]
0.1	 1.29	-0.02	-0.23	6_K	[26.2836 46.8594 49.986 ]
-0.01	 -0.65	-0.06	-0.15	6_K	[24.183      44.42781818 49.01954545]
0.02	 -0.04	-0.02	-0.15	6_K	[25.60275 42.97425 47.123  ]
0.02	 0.82	-0.06	-0.08	6_K	[28.10155556 42.82233333 48.91911111]
0.14	 1.59	0.12	-0.41	6_K	[27.44981818 45.11281818 45.37727273]
0.1	 0.79	-0.12	-0.22	6_K	[27.60776923 45.94561538 49.75153846]
0.09	 0.78	-0.02	-0.25	6_K	[25.30190909 47.98209091 49.60787879]
-0.2	 -0.27	-0.1	0.21	6_K	[25.23792857 45.39871429 50.09492857]
0.12	 0.86	-0.04	-0.17	6_K	[23.48022222 44.82033333 48.33311111]
-0.22	 -0.67	-0.04	0.26	6_K	[25.07111111 42.55144444 48.01566667]
0.09	 0.35	0.01	-0.19	6_K	[27.1412     43.79666667 46.16513333]
-0.3	 -0.5	0.14	0.3	6_K	[27.86436 42.34892 47.91704]
0.15	 0.78	-0.03	-0.23	6_K	[29.02580952 44.76771429 48.885     ]
-0.23	 -0.76	0.12	0.39	6_K	[27.13675    43.40825    50.05929167]
0.11	 1.08	0.01	-0.29	7_T	[28.63292308 45.33373077 43.49734615]
0.01	 0.35	-0.18	-0.13	7_T	[29.54116 44.16348 45.46056]
0.12	 1.39	0.08	-0.33	7_T	[33.0398 48.6182 43.3393]
0.1	 0.89	-0.11	-0.1	7_T	[31.86966667 49.79066667 42.55766667]
-0.21	 0.24	0.07	-0.03	7_T	[32.19041176 47.94252941 42.07161765]
0.07	 0.56	0.05	0.07	7_T	[32.25157692 50.60919231 43.08792308]
0.12	 1.38	0.09	-0.35	8_L	[32.71165217 42.99134783 43.16991304]
-0.18	 -0.63	0.0	0.28	8_L	[32.55821053 41.79355263 43.83394737]
0.07	 1.25	0.07	-0.25	8_L	[32.40633333 43.01933333 40.2732    ]
-0.06	 -0.53	-0.02	0.06	8_L	[29.66080769 42.22246154 38.18719231]
-0.11	 -0.21	-0.05	0.21	8_L	[28.006      42.11544828 41.73486207]
0.22	 0.87	0.1	-0.31	8_L	[31.14715 46.06825 40.96605]
-0.03	 0.08	-0.15	0.04	8_L	[30.00716667 42.54533333 43.60316667]
-0.13	 0.02	-0.14	0.1	8_L	[32.33868421 44.25526316 40.18021053]
-0.12	 -0.7	-0.13	0.2	8_L	[31.81164706 41.70123529 40.82205882]
0.21	 1.12	0.25	-0.5	8_L	[28.22775   44.8755    40.9765625]
-0.01	 0.32	-0.08	0.03	8_L	[28.02857143 42.65919048 38.041     ]
-0.09	 -0.28	-0.09	0.12	8_L	[30.88552632 44.24973684 38.27636842]
-0.2	 -0.89	0.22	0.31	8_L	[30.2035     41.27636364 38.91690909]
-0.19	 -0.32	1.74	0.9	8_L	[27.09978788 42.90772727 40.81960606]
-0.24	 -1.15	0.17	0.39	8_L	[29.4705     40.83805556 41.59611111]
-131.42	 -0.34	0.73	0.64	8_L	[28.10361111 43.03416667 42.68305556]
0.08	 0.79	-0.1	-0.08	9_T	[34.15416667 42.67175    45.96175   ]
-0.17	 -0.55	0.02	0.26	9_T	[35.75382051 44.09794872 46.72653846]
0.08	 0.93	0.29	-0.53	9_T	[36.52263636 45.49281818 44.32836364]
0.06	 0.72	-0.07	-0.15	9_T	[35.29089744 47.39105128 44.47620513]
-0.14	 -0.56	-0.05	0.17	9_T	[35.42965517 45.80317241 41.23741379]
-0.2	 -0.63	-0.02	0.19	9_T	[35.073     42.626625  43.5104375]
-0.18	 -0.31	0.02	0.25	9_T	[36.9546  44.82208 44.21856]
-0.25	 -0.96	0.21	0.42	9_T	[36.59904545 46.80395455 41.92277273]
-0.15	 -0.49	0.04	0.27	9_T	[35.53125    44.13090625 41.4330625 ]
-0.14	 -0.52	-0.16	0.18	9_T	[33.88138462 46.14207692 41.23953846]
-0.05	 -0.65	-0.09	0.07	10_G	[32.74542857 43.07207143 47.83735714]
-0.01	 -0.13	-0.06	-0.04	10_G	[34.22607692 45.79784615 48.95030769]
-0.13	 -0.23	-0.09	0.2	10_G	[31.78354545 45.67731818 49.95852273]
-0.02	 0.08	-0.2	0.1	10_G	[31.05247059 43.44894118 47.55844118]
-0.3	 -1.2	0.12	0.39	10_G	[33.861      43.31623077 48.48876923]
0.16	 1.1	-0.0	-0.28	11_K	[34.70322222 46.51322222 47.95222222]
0.08	 1.97	-0.08	-0.11	11_K	[34.4975  47.21975 48.97825]
-0.0	 -1.26	-0.14	0.0	11_K	[35.07683333 49.5095     49.08283333]
-0.08	 1.1	-0.08	0.02	11_K	[36.08025 49.8965  44.86   ]
0.08	 1.19	0.04	-0.27	11_K	[34.82717647 52.26352941 45.02611765]
0.02	 -3.84	0.08	-0.23	11_K	[35.93616667 52.14133333 48.10983333]
-0.15	 -0.33	0.04	0.15	11_K	[33.58283333 48.08072222 50.10733333]
0.1	 -0.3	-0.06	-0.02	11_K	[34.09388889 50.255      49.433     ]
-0.13	 -0.51	0.04	0.11	11_K	[35.4796  48.1664  47.95295]
-0.13	 -0.24	0.18	-0.06	11_K	[36.39381818 49.75827273 46.26559091]
-0.08	 -0.02	-0.05	0.07	11_K	[34.81053333 50.4043     44.1123    ]
-0.12	 -0.23	-0.2	0.1	11_K	[36.20635714 52.55285714 45.35321429]
-0.25	 -0.66	0.03	0.37	11_K	[35.91331818 53.40313636 47.77445455]
0.01	 0.69	0.03	-0.17	11_K	[33.61342308 52.48353846 48.69661538]
-0.26	 -0.37	0.08	0.36	11_K	[36.062      51.17373333 48.4762    ]
0.14	 1.33	0.22	-0.48	12_T	[31.40578571 48.28       50.49271429]
-0.12	 -0.21	-0.08	0.11	12_T	[31.13096667 52.4756     50.8153    ]
0.11	 0.82	0.06	-0.45	12_T	[30.0754 48.9201 51.6752]
0.02	 -0.41	0.01	-0.09	12_T	[29.4573913  47.19421739 50.54669565]
0.06	 1.3	0.09	-0.33	12_T	[27.37307692 50.46526923 51.4755    ]
-0.04	 -0.16	-0.0	0.03	12_T	[32.19527778 49.90622222 50.64911111]
-0.25	 -0.67	0.13	0.37	12_T	[29.9308125 49.9649375 52.2236875]
-0.18	 -0.4	-0.14	0.24	12_T	[27.6294     47.69996667 51.2905    ]
-0.13	 -0.49	-0.08	0.1	12_T	[26.92195455 50.19227273 52.21122727]
0.15	 0.98	0.27	-0.55	12_T	[28.95415385 52.06138462 51.54384615]
0.08	 -1.48	-0.07	-0.05	13_I	[31.26618182 54.21809091 49.28563636]
0.22	 1.62	0.19	-0.45	13_I	[32.271625  54.235375  47.5354375]
0.13	 0.57	0.02	-0.26	13_I	[31.34508696 56.22108696 47.93547826]
0.2	 1.48	0.23	-0.48	13_I	[32.53868182 52.46831818 43.70527273]
0.11	 0.77	0.07	-0.35	14_T	[27.40344444 59.20116667 50.60222222]
0.08	 1.1	0.27	-0.59	14_T	[29.094625 55.77725  52.6925  ]
-0.17	 -0.72	-0.14	0.18	14_T	[28.38958621 54.04955172 53.0642069 ]
0.04	 -0.26	-0.01	-0.14	14_T	[27.33766667 58.11222222 53.16211111]
0.06	 0.53	-0.01	-0.17	14_T	[29.996      55.70973333 50.6225    ]
-0.15	 -0.14	-0.12	0.17	14_T	[29.05384211 57.19063158 52.48552632]
0.07	 1.13	0.06	-0.29	14_T	[27.2855     53.17057143 53.35142857]
-0.03	 0.37	-0.05	-0.03	14_T	[26.7552381  56.87114286 54.67780952]
0.09	 -0.43	-0.01	-0.16	14_T	[26.3720625 58.6870625 52.3854375]
0.18	 1.01	0.02	-0.31	15_L	[25.4465     59.81828571 51.16528571]
0.11	 1.39	0.14	-0.43	15_L	[26.97583333 60.00933333 49.88016667]
0.22	 1.53	0.22	-0.48	15_L	[26.92141176 60.337      46.97635294]
0.06	 0.93	0.03	-0.26	16_E	[25.82611111 60.73033333 50.59755556]
0.07	 1.24	0.38	-0.65	16_E	[21.80828571 63.70928571 48.97528571]
0.05	 0.79	-0.18	-0.11	16_E	[22.71775   64.0488125 48.45425  ]
-0.06	 0.25	-0.11	-0.03	16_E	[25.561  63.1889 51.0491]
-0.0	 0.13	-0.02	-0.1	16_E	[23.21927273 64.6335     51.66181818]
-0.16	 -0.81	-0.1	0.18	16_E	[22.90564286 64.15207143 53.84871429]
-0.15	 -0.47	-0.06	0.19	16_E	[23.68295833 62.328      54.43225   ]
-0.11	 -0.21	0.05	0.1	16_E	[20.74102564 63.35333333 53.53717949]
0.05	 0.36	-0.15	-0.05	16_E	[25.88189744 61.45748718 48.85646154]
-0.08	 -0.1	0.1	0.06	16_E	[25.21511538 62.11861538 52.15396154]
-0.2	 -0.17	-0.02	0.17	16_E	[24.68528571 63.8732381  49.36014286]
-0.33	 -0.8	0.24	0.51	16_E	[23.85436842 65.26557895 51.76789474]
-0.0	 0.3	-0.02	-0.08	16_E	[21.33846875 64.08640625 50.336375  ]
0.1	 1.36	0.19	-0.5	17_V	[20.9302 63.5918 48.7166]
0.13	 1.03	-0.21	-0.09	17_V	[19.88675  64.014875 48.829625]
0.14	 1.03	0.1	-0.35	17_V	[19.06338889 63.59316667 50.45538889]
0.11	 0.84	0.05	-0.28	17_V	[20.91073077 63.8685     47.45546154]
0.03	 0.64	0.06	-0.2	18_E	[17.64196154 66.12661538 47.40834615]
-0.04	 -0.24	-0.08	0.07	18_E	[15.91063636 66.31113636 49.83690909]
-0.13	 -0.09	-0.05	0.11	18_E	[16.02285294 64.66852941 51.03217647]
-0.29	 -0.87	0.13	0.38	18_E	[15.22211364 67.40711364 49.20038636]
0.19	 1.67	0.2	-0.46	18_E	[16.872  65.7525 45.5039]
0.15	 1.3	-0.0	-0.26	18_E	[14.44184615 65.137      47.322     ]
-0.02	 -0.31	0.0	-0.0	18_E	[18.71565217 65.11191304 48.96143478]
-0.24	 -0.61	-0.19	0.39	18_E	[17.14789655 66.79568966 47.00941379]
-0.05	 -0.2	-0.14	0.0	19_P	[10.99757143 60.76571429 47.40371429]
-0.07	 0.09	-0.04	0.06	19_P	[12.55466667 61.11188889 49.77055556]
-0.08	 0.02	-0.11	-0.01	19_P	[13.93728571 62.97271429 50.21714286]
-1.68	 0.02	0.08	0.02	19_P	[11.42376923 62.07942308 46.38515385]
0.0	 0.04	-0.08	-0.07	19_P	[11.89476 59.0644  47.18984]
-0.25	 -0.72	0.16	0.4	19_P	[11.86336364 62.05454545 49.60327273]
0.01	 0.12	-0.03	-0.06	19_P	[13.052375 59.312    49.222375]
-0.04	 -1.14	-0.06	0.08	19_P	[13.40266667 63.89055556 48.73244444]
0.12	 0.75	0.08	-0.28	19_P	[15.11064706 62.21376471 50.63129412]
0.17	 1.32	0.42	-0.65	20_S	[11.9146 62.8015 44.3847]
0.01	 0.12	-0.03	-0.07	20_S	[14.76788889 64.53822222 40.88074074]
-0.08	 -0.04	0.1	-0.14	20_S	[12.41180769 65.38034615 43.74996154]
-0.14	 0.18	-0.03	0.13	20_S	[14.13566667 66.22904167 45.47016667]
0.17	 1.1	0.02	-0.28	20_S	[13.18964286 63.98892857 46.43692857]
0.19	 0.95	-0.03	-0.23	20_S	[11.7881 62.8567 42.6216]
-0.2	 -0.66	-0.05	0.35	20_S	[12.92963636 65.57627273 42.25709091]
-0.25	 -0.72	-0.02	0.38	20_S	[11.72448148 64.63481481 44.66674074]
-0.12	 -0.45	0.01	0.17	20_S	[15.45352174 66.27552174 43.83273913]
-0.08	 -0.34	-0.12	0.07	21_D	[18.87979592 65.48355102 43.6715102 ]
0.13	 0.73	0.0	-0.26	21_D	[19.79436364 64.58545455 45.8605    ]
0.16	 1.24	0.04	-0.29	21_D	[16.95021429 64.97535714 41.87978571]
0.17	 1.42	0.36	-0.59	22_T	[17.8027 62.2418 35.7007]
-0.1	 -0.29	-0.05	0.06	22_T	[15.63417391 64.12782609 37.3816087 ]
0.05	 0.43	-0.1	-0.15	22_T	[18.664  64.4431 36.7389]
-0.15	 -0.29	0.01	0.22	22_T	[16.44615385 63.53846154 35.74473077]
0.06	 0.16	-0.08	-0.13	22_T	[14.36818182 62.75827273 37.152     ]
-0.06	 0.02	0.05	-0.11	22_T	[16.0048125 64.4585625 38.8915625]
0.17	 1.26	0.25	-0.51	24_E	[24.72842308 61.29596154 36.27461538]
0.04	 0.86	-0.17	-0.15	24_E	[19.40766667 61.92911111 34.378     ]
-0.01	 0.93	-0.12	-0.07	24_E	[23.95315385 62.75515385 35.04861538]
-0.08	 -0.19	-0.03	0.04	24_E	[21.49246429 63.43532143 33.236     ]
-0.24	 -0.75	0.09	0.35	24_E	[20.66640541 64.89816216 34.27405405]
-0.37	 -1.05	0.12	0.55	24_E	[22.09069444 63.29925    31.82661111]
0.22	 1.52	0.25	-0.5	24_E	[22.90813333 59.5468     34.7324    ]
0.06	 0.87	-0.21	-0.08	24_E	[19.49172727 61.32281818 33.81463636]
0.13	 1.18	0.1	-0.34	24_E	[19.1391  62.5553  35.36515]
0.01	 0.46	-0.07	-0.12	24_E	[22.96566667 63.84742857 36.0792381 ]
-0.04	 0.18	-0.11	0.04	24_E	[23.40536957 61.37945652 33.93413043]
0.05	 0.98	0.19	-0.37	25_N	[23.3122 63.8438 40.314 ]
0.14	 1.42	0.15	-0.4	25_N	[23.9630625 63.574875  40.8585625]
0.07	 1.1	-0.09	-0.14	25_N	[22.36566667 64.634      40.442     ]
-0.08	 -0.09	0.01	-0.01	25_N	[21.01376923 65.62823077 40.41507692]
-0.16	 -0.66	-0.11	0.23	25_N	[21.05912903 65.59219355 37.80654839]
0.0	 0.13	-0.16	0.05	25_N	[18.97015385 65.77976923 41.07992308]
0.06	 0.65	-0.07	-0.13	25_N	[23.26128571 64.17185714 38.68175   ]
0.07	 0.76	0.06	-0.26	25_N	[21.77973913 64.4586087  41.70621739]
-0.12	 -0.49	0.09	0.22	25_N	[18.2667931  65.85403448 39.49934483]
0.11	 1.28	0.15	-0.39	27_K	[24.63028571 57.043      34.04609524]
0.03	 1.16	-0.12	0.01	27_K	[22.7575     54.721      32.89383333]
0.09	 0.6	-0.07	-0.22	27_K	[23.7619  57.97445 34.38605]
0.04	 0.46	-0.01	-0.13	27_K	[22.31125  52.841125 33.98075 ]
0.14	 1.06	0.12	-0.36	27_K	[21.55142857 54.85342857 33.41692857]
0.03	 0.42	-0.1	-0.11	27_K	[24.40154545 55.06668182 33.15695455]
0.19	 1.45	0.25	-0.51	28_A	[27.31775    63.60941667 41.10608333]
0.24	 1.4	0.41	-0.63	28_A	[29.66211765 63.24676471 39.37476471]
-0.02	 -0.09	0.03	-0.04	28_A	[26.81476471 64.05876471 38.58411765]
-0.26	 -0.45	-0.2	0.35	28_A	[28.05575    64.37032143 38.85853571]
-0.05	 0.05	-0.21	0.07	28_A	[25.79002857 63.00822857 36.8298    ]
-0.06	 -0.7	-0.17	0.17	28_A	[25.3438 64.1562 39.8433]
0.11	 1.06	0.37	-0.63	29_K	[28.4565  62.10475 44.21525]
0.15	 0.93	0.06	-0.34	29_K	[29.27446154 61.40953846 44.77553846]
0.09	 0.68	-0.02	-0.23	29_K	[27.485      62.26566667 44.73533333]
0.08	 0.38	-0.03	-0.14	29_K	[25.8315     63.86216667 43.829     ]
0.11	 1.15	0.05	-0.31	29_K	[21.729      64.73214286 44.21285714]
-0.01	 -4.68	-0.01	-0.08	29_K	[24.22566667 65.55633333 45.55133333]
0.15	 1.29	-0.02	-0.25	29_K	[28.33941667 63.05208333 43.994     ]
0.04	 0.79	0.02	-0.16	29_K	[27.01482609 61.50091304 45.55408696]
-0.21	 -0.46	-0.38	0.26	29_K	[26.67880952 64.01352381 44.54452381]
0.07	 0.64	-0.0	-0.2	29_K	[25.71778261 63.72908696 42.12186957]
0.19	 1.67	0.15	-0.38	29_K	[25.20311111 62.507      46.42322222]
0.01	 -0.04	-0.03	-0.04	29_K	[22.81590476 64.52052381 43.16014286]
-0.25	 -0.63	0.08	0.3	29_K	[22.76451852 65.58937037 45.53355556]
-0.08	 0.27	-0.11	0.01	29_K	[23.97645 64.2628  47.3169 ]
-0.2	 -1.04	0.14	0.27	29_K	[25.1243 65.1678 45.197 ]
0.12	 0.62	-0.1	-0.13	31_Q	[34.5598     61.55033333 40.7708    ]
-0.09	 2.02	-0.06	0.08	31_Q	[32.55777778 63.24633333 37.06744444]
-0.06	 0.09	-0.0	0.01	31_Q	[30.30862857 63.0684     36.56225714]
-0.07	 0.44	0.08	-0.03	31_Q	[33.71885714 62.02257143 34.87514286]
0.06	 0.46	-0.01	-0.11	31_Q	[33.49785714 62.21647619 38.48104762]
-0.11	 -0.32	-0.09	0.14	31_Q	[34.46545 61.0906  35.5001 ]
-0.2	 -0.53	0.09	0.33	31_Q	[32.49337037 62.66944444 34.33307407]
0.06	 1.16	0.01	-0.14	32_D	[33.311      63.893      42.98033333]
0.12	 2.33	0.05	-0.33	32_D	[32.97175 62.51925 45.0405 ]
-0.17	 -0.53	0.06	0.25	32_D	[34.73002632 62.59860526 43.68878947]
0.05	 0.55	-0.08	-0.1	32_D	[31.104      63.85666667 44.267     ]
-0.23	 -0.36	-0.05	0.18	32_D	[31.34454545 65.63172727 42.70154545]
-0.23	 -0.42	-0.17	0.26	32_D	[31.11631579 64.77626316 40.42965789]
-0.14	 -0.21	-0.1	0.2	32_D	[28.69044898 64.97459184 42.56763265]
-0.02	 -0.28	0.07	-0.23	32_D	[33.12261538 63.72807692 41.48196154]
0.05	 0.47	0.06	-0.21	32_D	[29.98675   62.7934375 44.48775  ]
-0.21	 -0.71	0.02	0.33	32_D	[31.93819048 64.0677619  44.54742857]
0.1	 0.98	0.25	-0.37	33_K	[34.3294 59.4658 46.4056]
0.17	 1.2	0.04	-0.29	33_K	[35.5008 59.9401 43.3859]
-0.16	 -0.7	0.01	0.23	33_K	[35.83738235 58.73229412 45.49129412]
0.08	 1.45	0.15	-0.41	33_K	[30.882      60.99557895 46.57526316]
0.1	 1.52	0.07	-0.34	33_K	[31.68842105 58.62089474 48.56936842]
0.01	 0.32	-0.04	-0.02	33_K	[29.934125  61.173875  48.8745625]
-0.03	 0.05	-0.25	-0.1	33_K	[30.33408333 59.46266667 51.20941667]
-0.06	 -0.35	-0.03	0.07	33_K	[33.87430435 60.90726087 46.23326087]
0.09	 0.54	0.2	-0.49	33_K	[33.19572 57.893   47.09644]
-0.08	 0.22	-0.23	0.05	33_K	[31.52084615 61.74303846 46.30680769]
0.15	 1.17	0.17	-0.43	33_K	[29.35364286 60.66664286 45.97357143]
-0.17	 -0.39	-0.18	0.34	33_K	[32.55479167 58.81983333 48.623875  ]
-0.19	 -0.78	0.03	0.25	33_K	[31.23779167 61.54333333 48.828125  ]
-0.06	 -0.4	-0.5	0.34	33_K	[28.44527778 60.80211111 47.94738889]
-0.25	 -0.54	0.17	0.32	33_K	[29.53960714 60.61489286 50.88107143]
0.08	 0.39	-0.15	-0.13	33_K	[28.6751875 58.830125  51.363375 ]
-0.21	 -0.59	0.02	0.31	33_K	[31.200125 58.703625 50.776125]
-0.02	 -0.24	-0.07	0.02	34_E	[36.62566667 58.5745     42.31316667]
-0.19	 -0.59	0.07	0.24	34_E	[37.09833333 56.22311111 41.09422222]
0.12	 -0.74	-0.09	-0.19	34_E	[35.974      55.9825     45.37883333]
-0.2	 -0.48	-0.03	0.19	34_E	[36.03826667 54.10456667 44.34953333]
-0.01	 0.07	-0.07	0.06	34_E	[34.29273684 55.68997368 46.93426316]
0.01	 0.25	-0.1	-0.06	34_E	[36.50184615 56.96469231 44.03015385]
0.17	 1.13	-0.01	-0.23	34_E	[35.60290909 54.70163636 41.67190909]
0.2	 1.76	0.21	-0.46	34_E	[33.61664286 53.65221429 43.1225    ]
0.11	 1.05	-0.0	-0.22	35_G	[35.59992308 59.93576923 41.711     ]
-0.01	 -0.27	-0.04	0.02	35_G	[36.71442105 59.94752632 39.82126316]
0.1	 1.3	-0.05	-0.08	35_G	[36.41776923 56.80130769 38.29223077]
-0.12	 -0.61	-0.03	0.14	35_G	[36.2863125  58.78246875 36.44553125]
-0.08	 -0.04	0.09	0.16	35_G	[35.767625  60.74375   38.7600625]
-0.15	 -0.46	0.03	0.31	35_G	[37.60690909 58.81054545 39.54936364]
0.06	 0.45	-0.08	-0.16	36_I	[35.58325   54.8254375 39.305625 ]
0.12	 1.3	-0.01	-0.29	36_I	[32.62727273 52.11918182 40.52718182]
0.13	 0.52	0.02	-0.21	36_I	[35.48995455 55.74695455 36.39986364]
-0.14	 -0.53	0.04	0.22	36_I	[35.3625  53.76015 38.26515]
0.25	 1.31	0.08	-0.36	36_I	[34.56   53.733  36.1585]
-0.61	 -0.13	-0.0	0.14	36_I	[33.88788235 52.81223529 40.9365    ]
0.08	 0.72	-0.04	-0.19	37_P	[32.97177778 58.15511111 31.07322222]
-0.11	 -0.32	-0.06	0.1	37_P	[35.4272     57.8446     32.31006667]
0.1	 1.44	0.27	-0.58	37_P	[35.63846154 55.95761538 34.09323077]
-0.09	 -0.04	-0.27	0.13	37_P	[32.37565789 59.37794737 31.83371053]
-0.02	 0.22	-0.0	0.02	37_P	[34.55989474 57.14315789 31.30147368]
-0.07	 -0.17	0.09	0.12	37_P	[35.00757692 59.34773077 33.41103846]
-0.22	 -0.34	-0.16	0.2	37_P	[36.00583333 56.90975    34.41491667]
0.09	 1.6	0.03	-0.25	38_P	[26.74458333 57.43475    32.47208333]
0.14	 1.16	-0.06	-0.21	38_P	[26.1238 56.3931 32.913 ]
-0.05	 0.24	0.1	-0.17	38_P	[26.29883333 59.40205556 33.83783333]
0.13	 1.01	0.11	-0.29	38_P	[27.1550625 61.2076875 35.133    ]
0.11	 1.04	0.26	-0.46	38_P	[30.0048 61.7684 34.4324]
-0.16	 -0.2	-0.08	0.21	38_P	[27.43628 59.57652 32.43076]
0.06	 0.69	-0.19	-0.17	38_P	[25.58473077 59.60623077 34.80365385]
-0.12	 -0.19	-0.18	0.18	38_P	[27.78806061 61.93457576 35.10524242]
0.01	 -0.02	-0.05	0.01	38_P	[30.23922222 61.004      33.33092593]
0.08	 1.1	0.05	-0.29	39_D	[27.32266667 57.6965     31.20616667]
0.17	 1.42	0.17	-0.44	39_D	[27.27285714 54.19942857 31.78028571]
-0.04	 0.28	0.56	0.05	39_D	[28.36166667 53.05064286 30.32378571]
-0.03	 -1.48	-0.09	-0.03	39_D	[27.39883333 57.32983333 28.74383333]
0.03	 0.87	-0.03	-0.21	39_D	[31.42415 57.837   29.48265]
0.1	 0.56	-0.04	-0.17	39_D	[32.34161905 56.52690476 29.67266667]
-0.15	 -0.45	-0.1	0.23	39_D	[31.02568571 58.18994286 27.98728571]
0.19	 1.07	0.07	-0.31	39_D	[29.76161111 58.85472222 31.43761111]
-0.15	 -0.11	0.0	0.11	39_D	[26.65515 55.8317  31.49155]
0.06	 0.44	0.06	-0.17	39_D	[27.54805 56.2666  28.463  ]
-0.18	 -0.16	-0.06	0.19	39_D	[27.941      58.43542857 29.56747619]
0.17	 1.4	0.24	-0.5	40_Q	[27.99238889 52.07455556 32.39594444]
-0.08	 0.54	0.07	-0.14	40_Q	[34.15004348 52.31282609 31.69704348]
-0.17	 -0.53	-0.11	0.16	40_Q	[34.98493333 52.82233333 33.93073333]
-0.05	 0.16	0.05	0.01	40_Q	[35.47961111 54.42777778 30.85405556]
0.18	 1.21	0.21	-0.48	40_Q	[32.70075 51.3898  32.91065]
0.13	 1.02	-0.59	-0.08	40_Q	[33.5429  52.2696  30.60895]
-0.11	 -0.34	0.56	0.31	40_Q	[34.22951724 55.14055172 30.15224138]
-0.21	 -0.41	0.13	0.25	40_Q	[36.3703     55.0622     32.38406667]
0.11	 1.13	0.32	-0.56	41_Q	[26.61916667 51.72008333 32.99875   ]
0.01	 0.45	-0.25	-0.04	41_Q	[25.90052 52.91056 32.84204]
0.1	 2.3	-0.05	-0.18	42_R	[24.48942857 47.35507143 34.69978571]
0.07	 1.67	0.36	-0.67	42_R	[24.8762 47.391  33.3056]
0.05	 -0.47	-0.04	-0.07	42_R	[24.05916667 49.86883333 30.24616667]
-0.04	 -0.16	-0.04	0.01	42_R	[23.96330769 48.53984615 29.20615385]
0.02	 0.76	-0.25	-0.03	42_R	[23.28244 46.50668 30.45148]
-0.16	 0.42	0.06	0.16	42_R	[25.16816667 48.29658333 27.85733333]
0.22	 1.32	0.44	-0.66	42_R	[22.75563158 51.12689474 34.16657895]
0.06	 0.75	0.06	-0.24	42_R	[23.0717     47.84223333 34.7031    ]
0.18	 1.37	0.38	-0.61	42_R	[26.85658333 50.8405     32.54833333]
0.09	 0.57	-0.04	-0.22	42_R	[26.00161905 46.99890476 33.53714286]
0.18	 1.42	0.13	-0.43	42_R	[22.96377778 47.77477778 32.95666667]
-0.49	 0.43	-0.05	-0.09	42_R	[23.47388 50.8642  32.43064]
-0.11	 -0.12	0.85	0.04	42_R	[26.25345455 50.427      30.81981818]
-0.06	 -0.39	-0.07	-0.01	42_R	[23.8158125  46.63746875 31.94746875]
-0.34	 -0.41	-0.21	0.44	42_R	[23.720375  45.8303125 29.6333125]
0.0	 0.31	0.33	0.04	42_R	[27.102625   48.73115625 28.38828125]
-0.09	 -0.35	-0.2	0.38	42_R	[25.80769565 47.04447826 27.56256522]
0.11	 1.53	0.18	-0.4	44_I	[21.6775     46.80935714 36.22292857]
0.03	 0.28	-0.13	-0.15	44_I	[19.82907692 44.48465385 39.92307692]
0.04	 0.36	-0.05	-0.19	44_I	[23.63257692 44.519      38.63653846]
-0.06	 -0.0	-0.12	-0.08	44_I	[20.44853125 45.66721875 36.76975   ]
-0.16	 -0.36	-0.06	0.17	44_I	[20.43068 44.0772  39.75468]
0.04	 0.82	-0.09	-0.17	44_I	[19.37631818 45.19754545 41.57704545]
0.11	 0.79	-0.04	-0.22	44_I	[18.7358 44.9328 37.7579]
-0.05	 -0.14	-0.07	0.04	44_I	[23.58652174 45.56043478 36.38195652]
-0.15	 -0.46	-0.07	0.22	44_I	[22.542375   44.11495833 38.8625    ]
0.15	 1.14	-0.03	-0.22	45_F	[17.55511111 47.64977778 45.27044444]
-0.08	 -0.72	-0.09	0.13	45_F	[16.2269375 47.8385625 46.5846875]
0.0	 0.1	-0.12	-0.12	45_F	[13.08716667 48.47266667 45.1975    ]
-0.03	 -0.08	0.06	-0.18	45_F	[14.28917391 48.04921739 46.02726087]
0.18	 1.07	0.12	-0.38	45_F	[18.39307407 46.78618519 43.36718519]
0.02	 0.4	0.01	-0.1	45_F	[16.63105556 48.728      47.85066667]
0.04	 0.45	-0.06	-0.07	45_F	[12.309      49.63331818 44.97322727]
-0.06	 -0.11	0.06	0.17	45_F	[13.84658333 49.81820833 47.63616667]
0.07	 0.8	0.18	-0.18	46_A	[14.40269231 45.68315385 43.59053846]
-0.08	 -0.22	0.03	-0.05	46_A	[13.83736364 43.80481818 41.91590909]
-0.1	 -0.28	0.02	0.05	46_A	[12.70629167 44.27879167 40.162125  ]
-0.03	 -0.44	-0.05	-0.01	46_A	[12.19205 47.50185 42.6808 ]
-0.08	 0.01	-0.05	0.01	46_A	[15.96490476 46.23942857 44.167     ]
-0.18	 -0.67	0.07	0.33	46_A	[14.12892 44.9868  43.71104]
-0.12	 -0.56	0.01	0.28	46_A	[11.63231818 45.80522727 41.94831818]
-0.09	 0.1	-0.08	0.1	46_A	[12.80433333 47.61233333 43.8277619 ]
-0.01	 -0.02	-0.08	-0.02	47_G	[15.83114286 43.63642857 42.09842857]
-0.11	 -0.6	-0.03	0.08	47_G	[16.1592     42.3842     40.51166667]
0.09	 1.18	0.02	-0.3	47_G	[16.11590476 43.67395238 38.21647619]
-0.17	 -0.61	0.04	0.27	47_G	[16.46006667 43.11504444 37.14553333]
0.01	 -0.1	-0.04	0.02	47_G	[16.86742105 44.53363158 42.21089474]
-0.15	 -0.28	0.02	0.21	47_G	[17.76520833 42.95041667 40.22454167]
-0.22	 -0.37	0.1	0.36	47_G	[14.91047368 42.27447368 39.89210526]
0.14	 1.51	0.04	-0.29	48_K	[18.14290909 45.74063636 36.663     ]
0.09	 1.49	0.09	-0.37	48_K	[14.537  46.4678 35.4058]
0.05	 1.17	0.02	-0.2	48_K	[12.98229412 45.08423529 37.14852941]
-0.22	 -0.85	-0.13	0.24	48_K	[11.3223 46.7792 35.5824]
0.08	 1.11	-0.26	0.1	48_K	[10.16266667 47.65433333 37.348     ]
0.04	 1.3	-0.06	-0.23	48_K	[10.38175  47.168375 39.86475 ]
-0.04	 -0.3	-0.13	0.02	48_K	[15.9690625 44.9990625 35.724375 ]
0.07	 0.54	0.03	-0.2	48_K	[14.20104348 48.42521739 35.68673913]
-0.14	 -0.76	0.06	0.1	48_K	[13.35378261 44.87204348 36.10913043]
0.12	 1.28	-0.11	-0.15	48_K	[12.441875 45.00625  38.49125 ]
-0.21	 -0.79	0.1	0.39	48_K	[12.09655556 47.77755556 35.32116667]
-0.2	 -0.85	0.2	0.16	48_K	[10.6224  46.1844  36.68165]
-0.08	 -0.16	-0.01	0.12	48_K	[10.75872414 49.16762069 37.56172414]
-0.07	 0.13	-0.04	0.08	48_K	[11.05880645 48.63764516 40.44125806]
-0.2	 -0.6	0.12	0.28	48_K	[10.40832143 46.20817857 39.05557143]
0.09	 1.21	0.07	-0.28	49_Q	[18.03588889 46.07022222 35.65622222]
-0.0	 0.09	-0.11	-0.06	49_Q	[16.23317857 50.05517857 33.93414286]
0.06	 1.58	-0.04	-0.25	49_Q	[18.08366667 46.62766667 33.48316667]
0.11	 1.31	0.12	-0.36	49_Q	[20.70623077 49.66703846 33.31584615]
0.02	 0.61	-0.02	-0.09	49_Q	[20.4826  48.54292 32.0608 ]
-0.1	 -0.28	0.02	0.08	49_Q	[21.76208333 49.59091667 30.88266667]
-0.11	 -0.46	-0.05	0.14	49_Q	[19.40461538 47.5355     31.15842308]
-0.04	 -0.81	-0.06	0.07	49_Q	[16.36875 46.7665  34.61305]
-0.12	 -0.24	-0.02	0.1	49_Q	[19.57029167 46.472125   34.42420833]
-0.09	 0.01	-0.17	0.01	49_Q	[17.47815789 48.18115789 32.99531579]
-0.02	 0.3	-0.11	-0.04	49_Q	[19.37948148 50.89181481 33.20911111]
0.15	 1.14	0.16	-0.44	49_Q	[21.38317647 47.89641176 34.78870588]
-0.2	 -0.63	0.06	0.29	49_Q	[18.4594375 46.935375  31.8066875]
-0.22	 -0.41	0.13	0.26	49_Q	[20.42365625 47.44009375 30.10734375]
0.17	 1.45	0.35	-0.59	50_L	[17.94590909 52.22527273 33.45409091]
0.02	 0.67	0.01	-0.23	50_L	[19.88541667 53.24595833 33.75808333]
0.03	 0.58	-0.17	0.05	51_E	[16.64466667 54.643      31.476     ]
0.02	 0.62	-0.19	-0.08	51_E	[15.35527273 52.22481818 31.73781818]
-0.08	 -0.45	-0.06	0.04	51_E	[13.31066667 53.32022222 31.3485    ]
-0.07	 0.13	0.05	0.03	51_E	[12.61803571 55.06996429 31.09128571]
-0.28	 -0.81	0.08	0.42	51_E	[12.96978378 51.90705405 31.22408108]
-0.05	 0.28	-0.06	-0.06	51_E	[17.9668  53.70045 32.3739 ]
0.02	 0.35	-0.06	-0.03	51_E	[15.49807143 55.69960714 31.59671429]
-0.17	 -0.24	-0.01	0.17	51_E	[16.39788889 52.40255556 31.77303704]
0.12	 0.79	-0.09	-0.21	51_E	[14.84422222 51.483      33.42      ]
0.1	 0.88	-0.02	-0.3	52_D	[18.28907692 60.34246154 32.97415385]
-0.03	 -0.05	0.11	-0.12	52_D	[19.47707143 59.61021429 31.97671429]
0.03	 0.35	-0.15	-0.11	52_D	[21.51925   57.3276875 32.7519375]
-0.19	 -0.72	0.04	0.31	52_D	[22.01445283 57.21288679 31.35275472]
0.0	 0.13	-0.02	-0.05	52_D	[18.69573913 55.843      32.05108696]
-0.17	 -0.54	0.13	0.25	52_D	[19.05544444 58.28111111 31.15361111]
-0.04	 0.58	-0.12	-0.1	52_D	[20.42290476 60.28433333 32.67738095]
0.04	 -0.02	-0.3	0.05	53_G	[17.44057143 59.44985714 31.96471429]
-0.03	 0.3	0.01	-0.04	53_G	[15.88990476 60.50466667 32.60361905]
0.05	 0.44	-0.08	-0.16	53_G	[13.2361 59.2629 33.8587]
-0.16	 -0.62	0.02	0.21	53_G	[13.62083871 61.46109677 34.81719355]
-0.0	 0.17	-0.02	-0.05	53_G	[16.13984211 57.99363158 32.09357895]
-0.07	 -0.3	-0.02	0.09	53_G	[17.00835714 61.63625    33.82582143]
-0.22	 -0.59	0.04	0.34	53_G	[15.05172 60.02808 32.14832]
0.1	 1.1	0.31	-0.58	54_R	[11.44576923 55.96838462 34.561     ]
0.06	 0.5	-0.13	-0.08	54_R	[11.66303846 54.98188462 33.95392308]
-0.08	 -0.41	0.01	0.03	54_R	[ 9.8385     55.4969     33.13493333]
-0.12	 -0.3	-0.03	0.16	54_R	[ 8.58622222 56.33622222 34.64362963]
-0.14	 -0.09	0.05	0.2	54_R	[ 9.49018519 54.69159259 31.71066667]
0.13	 0.83	-0.06	-0.19	54_R	[12.218375  59.9253125 35.9219375]
0.09	 0.65	-0.0	-0.17	54_R	[13.42276 57.448   33.18912]
0.06	 0.53	-0.17	-0.04	54_R	[11.178     54.9606875 36.393125 ]
0.03	 -0.53	-0.05	-0.02	54_R	[10.81221739 58.18043478 34.49695652]
0.19	 1.29	0.19	-0.43	54_R	[12.03008333 53.98916667 33.5745    ]
-0.18	 -0.54	-0.26	0.27	54_R	[ 8.87042105 57.06605263 35.57547368]
-0.32	 -1.56	0.33	0.59	54_R	[ 7.3467  56.2089  33.63095]
-0.18	 -0.39	-0.04	0.17	54_R	[10.53045833 53.896      31.61070833]
-0.29	 -1.22	0.18	0.48	54_R	[ 8.02304 54.84992 31.83628]
0.1	 1.47	-0.04	-0.18	55_T	[10.64569231 60.66946154 40.57707692]
-0.03	 -0.34	-0.05	-0.03	55_T	[12.19548276 62.21417241 39.05906897]
0.06	 0.84	0.32	-0.75	55_T	[10.62016667 60.877      41.48716667]
-0.07	 -0.44	-0.03	0.1	55_T	[11.82576667 62.77833333 40.65326667]
0.1	 1.09	0.15	-0.44	55_T	[14.21888889 63.38044444 39.12544444]
0.01	 -0.08	0.02	-0.01	55_T	[12.23732 61.47308 37.85788]
0.1	 1.22	0.05	-0.24	57_S	[ 8.88336364 57.91454545 42.23554545]
-0.03	 0.09	-0.03	-0.05	57_S	[ 8.47482609 55.94543478 43.42765217]
-0.03	 0.27	-0.07	-0.15	57_S	[ 9.66352174 59.53613043 45.045     ]
-0.08	 -0.41	-0.17	0.09	57_S	[ 9.29404762 59.90342857 42.31490476]
0.14	 0.67	0.07	-0.28	57_S	[10.83768182 57.0545     45.68590909]
-0.26	 -0.77	0.14	0.43	57_S	[ 8.79182609 58.75426087 44.78173913]
0.05	 0.22	-0.08	-0.35	57_S	[10.46725  60.228125 46.08175 ]
-0.09	 -0.33	0.06	0.1	57_S	[10.36206667 61.58553333 43.42953333]
0.09	 1.17	0.39	-0.73	58_D	[ 8.6544 55.8708 39.5088]
-0.19	 -0.23	-0.04	0.15	58_D	[ 8.78509756 53.81056098 40.56231707]
0.07	 1.42	0.11	-0.34	58_D	[ 8.93171429 56.17085714 38.87542857]
-0.02	 0.38	-0.08	-0.15	58_D	[ 9.35061538 58.48207692 38.02038462]
-0.03	 -0.26	-0.13	0.01	58_D	[10.27547368 59.39821053 37.21178947]
-0.16	 -0.76	0.09	0.23	58_D	[ 8.6589   59.101425 39.57695 ]
-0.13	 -0.24	-0.09	0.19	58_D	[ 8.23205263 56.45642105 40.71184211]
0.05	 0.15	-0.06	-0.1	58_D	[10.095      55.46717857 37.99403571]
0.02	 1.07	-0.13	-0.17	59_Y	[ 9.87445455 51.56118182 42.82990909]
0.06	 0.29	-0.03	-0.19	59_Y	[11.56670833 50.40625    42.772625  ]
0.09	 1.06	0.0	-0.24	59_Y	[11.38185 52.4895  38.6989 ]
0.02	 0.33	0.02	-0.15	59_Y	[12.03152 52.92384 36.92196]
0.1	 0.66	0.13	-0.46	59_Y	[12.5646 53.3722 35.9408]
0.05	 0.56	0.14	-0.24	59_Y	[10.47935 51.81435 41.19875]
0.12	 0.44	-0.06	-0.21	59_Y	[11.35954545 50.81054545 39.33672727]
-0.11	 -0.28	-0.18	0.01	59_Y	[12.7186     50.43133333 36.33886667]
0.03	 0.17	-0.07	-0.11	59_Y	[13.4439697  52.03015152 34.95030303]
0.03	 0.33	-0.05	-0.1	60_N	[11.55797368 51.52255263 47.71744737]
0.08	 0.12	0.02	-0.3	60_N	[ 9.10894444 51.95366667 46.31811111]
-0.06	 0.16	-0.05	0.02	60_N	[ 7.3511875 52.7665625 44.9115   ]
-0.22	 -0.58	0.03	0.28	60_N	[ 7.10718182 54.14712121 44.50945455]
-0.14	 -0.21	-0.06	0.13	60_N	[ 7.28721429 51.28271429 43.77353571]
0.1	 0.55	0.0	-0.21	60_N	[ 9.94237037 54.67296296 46.38255556]
-0.05	 -0.05	-0.06	-0.05	60_N	[ 9.99329412 50.65617647 44.71635294]
-0.15	 -0.5	-0.28	0.31	60_N	[ 8.93782609 51.77430435 47.08126087]
-0.34	 -1.17	0.38	0.63	60_N	[ 5.85663636 51.65590909 43.78104545]
-0.26	 -1.12	0.24	0.46	60_N	[ 7.730875   50.15079167 44.334875  ]
0.14	 0.87	0.05	-0.31	61_I	[12.42203125 56.2595625  47.44671875]
0.07	 1.58	-0.19	-0.0	62_Q	[12.67923077 54.17469231 52.03353846]
0.13	 1.19	0.12	-0.39	62_Q	[10.89427273 54.26572727 49.17059091]
-0.05	 -0.35	-0.13	0.01	62_Q	[10.13137037 52.85237037 50.65122222]
-0.3	 -1.15	0.19	0.46	62_Q	[10.35712121 51.81415152 52.06290909]
-0.15	 -0.99	-0.16	0.23	62_Q	[ 8.46229167 53.70883333 50.5065    ]
0.18	 1.67	0.23	-0.48	62_Q	[13.50971429 52.05435714 48.86328571]
0.08	 0.57	-0.06	-0.18	62_Q	[13.0416  56.71635 49.8093 ]
-0.05	 0.14	-0.11	-0.09	62_Q	[12.87244828 52.30334483 50.82058621]
-0.03	 0.35	-0.19	-0.02	62_Q	[12.32677419 54.6233871  52.55329032]
-0.14	 -0.57	0.07	0.02	62_Q	[10.70633333 55.65120833 50.30079167]
-0.24	 -0.94	0.09	0.39	62_Q	[ 8.57028 54.49428 49.55188]
-0.36	 -1.13	0.38	0.63	62_Q	[ 7.7715     52.98354545 51.41804545]
-0.07	 0.01	-0.04	-0.04	63_K	[15.1387037  52.80377778 53.21518519]
0.05	 0.83	-0.12	-0.21	63_K	[16.04942857 58.18057143 54.70328571]
0.05	 0.69	0.12	-0.26	63_K	[13.6872 56.5056 54.1698]
-0.06	 0.11	-0.06	-0.0	63_K	[15.05669231 58.09292308 56.18184615]
-0.12	 -0.4	-0.14	0.2	63_K	[14.26361538 55.97538462 58.51592308]
-0.01	 -2.93	-0.02	-0.12	63_K	[12.32266667 54.77411111 57.38466667]
0.03	 -0.46	0.14	-0.27	63_K	[13.34452632 56.47842105 52.15305263]
0.06	 0.51	-0.12	-0.15	63_K	[17.36041667 57.43175    55.07025   ]
0.03	 0.36	-0.17	-0.05	63_K	[14.91670588 58.09770588 53.76335294]
0.14	 1.07	0.0	-0.3	63_K	[13.5262381  55.13690476 54.23880952]
0.18	 1.17	0.09	-0.35	63_K	[15.47857143 53.79664286 55.82264286]
-0.08	 -0.21	0.05	0.08	63_K	[16.101      57.2506129  56.73141935]
-0.17	 -0.66	0.08	0.24	63_K	[13.77704545 57.71972727 55.47759091]
-0.08	 -0.26	-0.01	0.15	63_K	[15.09611111 54.51307407 57.85577778]
-0.26	 -0.74	0.22	0.38	63_K	[13.63890476 56.84928571 58.58409524]
-0.35	 -0.86	0.27	0.54	63_K	[12.09704545 54.52895455 58.23059091]
-0.21	 -0.45	0.13	0.3	63_K	[11.97538462 56.07207692 56.22196154]
-0.34	 -1.02	-0.23	0.42	63_K	[13.16916667 53.883      55.7805    ]
0.13	 1.35	-0.05	-0.19	64_E	[17.14644444 51.29411111 52.98711111]
-0.05	 -0.25	-0.03	0.04	64_E	[19.16102857 50.0694     52.86022857]
-0.1	 -0.52	-0.1	0.12	64_E	[17.83766667 51.28033333 55.48716667]
0.03	 0.44	-0.02	-0.21	64_E	[17.95405263 54.19189474 56.99989474]
-0.14	 -0.39	-0.03	0.16	64_E	[20.07693333 54.97286667 57.28653333]
-0.18	 -0.61	0.04	0.26	64_E	[20.87993182 52.91143182 57.41813636]
0.07	 1.08	0.03	-0.22	64_E	[19.82686364 56.06340909 55.79190909]
-0.08	 -1.15	0.04	0.18	64_E	[16.62985714 51.96164286 54.94771429]
-0.06	 -0.08	0.01	-0.02	64_E	[19.38282609 51.26621739 55.51043478]
0.05	 0.86	-0.15	-0.11	64_E	[17.94611111 55.617      56.145     ]
-0.23	 -0.54	-0.18	0.28	64_E	[17.418125   53.18075    57.19445833]
0.06	 0.53	0.34	-0.39	65_S	[16.75566667 51.65266667 51.983     ]
0.07	 0.93	0.37	-0.67	65_S	[16.564      51.20181818 51.22809091]
-0.05	 0.31	-0.08	-0.02	65_S	[15.11110526 50.81310526 49.49215789]
-0.08	 -0.02	-0.09	0.11	65_S	[17.03635 49.9773  50.6239 ]
0.15	 1.22	0.05	-0.3	65_S	[15.32863636 51.93118182 51.07627273]
0.29	 0.71	0.33	-0.23	66_T	[19.52925 49.17775 50.70325]
0.07	 0.47	-0.0	-0.19	66_T	[19.18778571 47.498      46.42175   ]
0.1	 1.62	0.12	-0.39	66_T	[20.600875 47.292125 49.936125]
0.03	 0.4	-0.02	-0.17	66_T	[21.95539024 48.62514634 51.0467561 ]
0.11	 1.04	0.24	-0.39	66_T	[21.9024 45.9682 48.2318]
-0.03	 -0.25	-0.05	-0.05	66_T	[18.67209524 48.63766667 49.60580952]
-0.12	 -0.41	-0.08	0.18	66_T	[20.2614 46.8705 48.8527]
-0.22	 -0.63	-0.05	0.36	66_T	[22.57457143 47.37714286 50.95617857]
0.05	 0.04	-0.02	-0.15	66_T	[22.55557143 45.8282381  48.84195238]
0.07	 0.95	-0.02	-0.21	68_H	[23.02192857 44.8465     41.32892857]
-0.04	 -0.16	-0.07	-0.01	68_H	[22.46557143 44.39464286 42.54007143]
-0.06	 0.9	0.01	0.07	68_H	[23.95066667 43.394      43.66566667]
-0.08	 -0.02	-0.08	0.03	68_H	[20.75644444 44.92911111 43.89205556]
-0.07	 -0.31	0.05	0.08	68_H	[22.93607692 43.177      45.77653846]
-0.1	 1.74	0.01	0.05	68_H	[21.14616667 43.539      44.99716667]
0.04	 0.35	10.81	1.33	68_H	[25.24216 45.0963  42.0151 ]
-0.13	 0.36	0.53	0.36	68_H	[25.57359375 44.12415625 44.12125   ]
0.09	 0.57	0.03	-0.23	68_H	[20.0021875 46.1371875 43.895875 ]
-0.16	 -0.85	0.08	0.14	68_H	[23.4514     43.1354     46.88146667]
-0.23	 -0.42	-0.01	0.24	68_H	[20.84583333 44.8384     46.5972    ]
0.23	 1.43	0.2	-0.46	69_L	[28.55828889 46.96255556 40.71093333]
0.18	 1.0	0.1	-0.36	69_L	[31.04035714 50.68321429 41.049     ]
0.04	 0.37	-0.07	0.07	70_V	[25.98366667 45.48066667 35.82666667]
0.01	 -0.04	-0.2	0.02	70_V	[28.30203846 44.64357692 35.15119231]
0.09	 0.59	-0.15	-0.15	70_V	[26.15931818 44.11331818 39.14140909]
0.16	 1.23	0.14	-0.41	70_V	[29.8388 46.451  38.8315]
0.14	 0.9	0.11	-0.37	70_V	[25.76275 46.1663  35.54795]
-0.14	 -0.46	-0.09	0.08	70_V	[27.13661765 44.53423529 34.90070588]
0.03	 0.02	-0.12	-0.07	70_V	[29.8286875 44.5858125 36.3178125]
-0.13	 -0.01	-0.07	0.12	70_V	[25.55720833 43.96866667 37.252     ]
0.04	 0.39	-0.01	-0.12	71_L	[32.41218182 48.05154545 33.521     ]
-0.11	 -0.68	-0.11	0.08	71_L	[31.31588 45.9772  33.96288]
0.03	 0.84	-0.05	-0.12	71_L	[33.54869231 48.89146154 35.23230769]
-0.14	 -0.61	-0.07	0.18	71_L	[34.51183333 50.52025    37.91245833]
-0.06	 0.3	-0.35	0.11	71_L	[30.72094444 46.25227778 37.182     ]
-0.13	 -0.59	-0.01	0.17	71_L	[32.84023529 47.62852941 35.96747059]
0.03	 -0.26	-0.0	-0.08	71_L	[33.11       49.87485714 34.3632381 ]
-1.29	 0.53	0.05	-0.08	71_L	[31.34462069 48.81751724 38.78434483]
0.01	 0.32	-0.03	-0.05	71_L	[33.146  50.8877 39.3674]
-0.24	 -1.15	0.17	0.42	71_L	[34.47531818 49.13977273 37.58318182]
0.04	 -0.12	-0.0	-0.1	71_L	[34.38577778 51.47761111 36.19088889]
0.08	 1.61	-0.01	-0.31	72_R	[32.205  47.9968 32.2414]
0.05	 0.26	-0.15	-0.08	72_R	[32.5427619  49.33819048 31.74666667]
0.17	 1.26	0.19	-0.47	72_R	[31.02282353 50.89902941 30.55508824]
0.13	 1.42	0.26	-0.52	72_R	[27.15121429 45.9425     32.924     ]
0.1	 0.63	0.09	-0.29	72_R	[29.285875   44.17925    31.77470833]
0.13	 1.39	0.14	-0.42	72_R	[26.93490909 45.76527273 26.84736364]
0.07	 0.74	0.03	-0.28	72_R	[25.57764286 43.67971429 30.76742857]
0.12	 1.28	0.04	-0.24	72_R	[32.2378125 47.202375  31.737875 ]
0.2	 1.12	0.09	-0.34	72_R	[28.50980952 49.65704762 30.33071429]
0.17	 1.7	0.18	-0.45	72_R	[26.363  46.4595 32.2612]
0.07	 -0.14	-0.01	-0.14	72_R	[30.816625  44.7440625 31.6123125]
-0.15	 -0.39	-0.22	0.18	72_R	[28.501      43.99054545 32.49854545]
0.22	 1.4	0.25	-0.5	72_R	[28.43027586 46.58862069 27.45089655]
0.03	 0.25	-0.07	-0.09	72_R	[26.00583333 44.22756667 27.32603333]
-0.08	 -0.46	-0.19	0.12	72_R	[26.35751724 44.13562069 31.56248276]
-0.12	 -0.11	-0.17	0.06	72_R	[25.20127273 43.48804545 29.60777273]
0.09	 1.3	0.16	-0.44	73_L	[33.03790909 48.02172727 30.56890909]
0.11	 1.54	0.22	-0.48	73_L	[30.0373 51.2898 28.6218]
0.11	 0.96	-0.3	-0.04	73_L	[29.38593478 49.02047826 27.58304348]
0.07	 0.31	-0.07	0.07	73_L	[35.25466667 46.664      29.23933333]
0.15	 1.43	0.07	-0.36	73_L	[36.39647619 46.35728571 26.41685714]
-0.09	 -0.47	0.09	0.03	73_L	[36.17938235 48.89635294 29.05038235]
0.09	 0.92	0.0	-0.33	73_L	[33.94885185 50.92214815 29.51340741]
0.18	 0.77	0.07	-0.34	73_L	[34.30505263 50.03452632 26.20089474]
0.04	 0.64	-0.02	-0.2	73_L	[34.01758824 46.79405882 29.92447059]
1.66	 0.04	-0.0	-0.02	73_L	[35.99288889 45.72838889 27.645     ]
-0.23	 -1.05	0.13	0.38	73_L	[36.629      47.71643478 29.47904348]
-0.16	 -0.43	-0.1	0.32	73_L	[36.02636 49.7966  27.44768]
-0.2	 -0.0	0.24	0.16	73_L	[34.54348 49.60448 30.36596]
-0.06	 0.0	-0.07	-0.02	74_R	[33.228      51.8138     24.58462857]
0.08	 0.96	0.06	-0.32	74_R	[32.22569231 55.27092308 27.77015385]
0.01	 -0.0	-0.02	-0.06	74_R	[31.71916667 55.24441667 24.88683333]
-0.01	 1.66	0.02	-0.06	74_R	[27.90183333 54.42416667 26.47241667]
0.1	 0.58	-0.2	0.01	74_R	[27.53166667 56.12183333 26.9795    ]
-0.04	 -0.16	0.0	-0.01	74_R	[28.04703571 57.12714286 25.37253571]
-0.08	 -0.44	-0.02	0.1	74_R	[28.71627586 56.33124138 23.65634483]
-0.13	 -0.58	0.01	0.15	74_R	[27.94130769 58.77523077 25.75623077]
0.06	 0.81	-0.08	-0.1	74_R	[33.40173077 52.1925     28.15030769]
0.11	 -0.4	-0.07	-0.12	74_R	[29.20538462 51.92669231 27.45423077]
-0.08	 0.08	-0.07	0.08	74_R	[32.96352 54.10416 27.15688]
-0.06	 -0.32	0.03	0.1	74_R	[31.4141  56.54195 25.7332 ]
-0.04	 0.02	-0.06	-0.0	74_R	[30.9795  54.46765 24.0341 ]
-0.06	 -0.4	-0.06	-0.02	74_R	[28.16176471 53.88705882 24.86211765]
0.08	 -0.16	-0.0	-0.09	74_R	[28.262      53.89657143 27.2555    ]
-0.31	 -0.65	-0.23	0.35	74_R	[28.8545     54.84655556 23.30577778]
-0.32	 -1.37	0.34	0.6	74_R	[27.988  57.3423 22.7882]
-0.17	 -0.43	-0.0	0.22	74_R	[27.89718182 58.82527273 26.99786364]
-0.27	 -1.14	0.19	0.49	74_R	[27.63866667 59.17162963 24.30062963]
0.03	 0.71	-0.06	-0.1	75_G	[29.80735 51.68205 22.6856 ]
0.12	 1.23	-0.04	-0.24	75_G	[31.0015  49.63175 22.71275]
-0.02	 0.12	-0.08	-0.09	75_G	[30.69586111 48.78483333 21.51433333]
-0.06	 -0.17	-0.06	0.08	75_G	[28.56744444 51.36162963 25.03459259]
-0.21	 -0.58	0.03	0.32	75_G	[28.854      51.32611111 22.69159259]
-0.13	 -0.44	0.07	0.21	75_G	[31.6214  51.73175 22.5492 ]
0.2	 1.42	0.17	-0.45	76_G	[29.2345     47.46416667 25.92466667]
-0.12	 -0.1	0.16	0.46	76_G	[27.92852727 47.71085455 24.52221818]
0.16	 1.7	0.19	-0.46	76_G	[29.26722222 49.49688889 25.55155556]
0.03	 1.1	-0.09	-0.15	77_M	[26.65133333 45.26783333 22.52141667]
0.02	 0.09	-0.1	-0.08	77_M	[28.4656129  45.10729032 18.95548387]
0.03	 -0.44	-0.12	0.01	77_M	[26.87594444 45.21666667 24.51955556]
0.07	 0.67	0.15	-0.53	77_M	[26.325125 44.43225  22.75825 ]
-0.06	 -0.18	-0.03	-0.05	77_M	[28.05647826 46.19034783 21.52756522]
0.11	 1.52	0.33	-0.58	77_M	[29.8524 44.1015 17.4506]
0.08	 0.68	-0.09	-0.18	78_Q	[25.9395     42.30433333 27.01183333]
0.04	 0.58	-0.16	-0.07	78_Q	[25.23906667 41.80373333 28.39426667]
-0.11	 -0.32	0.01	0.07	78_Q	[24.4272     39.87234286 27.84237143]
0.0	 0.4	-0.07	-0.18	78_Q	[26.57005882 40.72535294 30.46841176]
0.17	 0.82	0.07	-0.31	78_Q	[26.05872222 43.13077778 24.65394444]
0.11	 1.05	0.15	-0.41	78_Q	[25.532      41.86842857 26.16933333]
0.03	 0.85	-0.22	-0.04	78_Q	[26.132  42.7902 26.9914]
-0.01	 0.12	-0.04	-0.0	78_Q	[28.20646875 41.0496875  29.9995    ]
-1.43	 -0.49	0.05	0.35	78_Q	[25.89168571 40.30631429 30.58351429]
0.19	 1.89	0.06	-0.32	80_F	[25.3985 32.654  23.4174]
0.02	 0.05	-0.2	-0.03	80_F	[24.95588889 33.00344444 24.53022222]
-0.06	 -0.17	-0.02	-0.1	80_F	[23.8386  34.19345 23.11315]
0.04	 0.57	0.41	-0.32	80_F	[25.02676 33.61844 26.05308]
-0.14	 -0.28	0.03	0.12	80_F	[22.75905882 35.18064706 23.72641176]
-0.13	 -0.94	-0.09	0.17	80_F	[24.10221429 34.90292857 27.02992857]
-0.17	 -0.79	0.04	0.13	80_F	[22.73828571 35.52871429 25.79821429]
0.1	 1.18	0.17	-0.47	80_F	[23.75775  34.796    21.672375]
-0.03	 -0.16	0.16	-0.11	80_F	[22.28807692 36.39330769 23.35453846]
-0.0	 0.19	-0.03	0.07	80_F	[24.68136842 36.50842105 27.92326316]
-0.1	 -0.02	-0.06	0.19	80_F	[22.94858621 37.58996552 26.05255172]
0.09	 1.38	0.27	-0.52	82_K	[27.49775  24.927375 22.866875]
-0.03	 0.08	-0.05	-0.09	82_K	[26.00938095 24.50042857 22.00585714]
0.02	 -1.94	0.03	-0.21	82_K	[24.0774 24.7007 20.315 ]
0.08	 0.44	-0.0	-0.18	82_K	[27.70042105 25.85284211 23.99552632]
-0.03	 0.19	0.01	-0.2	82_K	[25.56757143 27.78638095 21.8902381 ]
-0.1	 -0.03	-0.13	0.15	82_K	[27.24162857 23.86882857 20.59648571]
-0.24	 -1.25	-0.1	0.38	82_K	[25.50726087 25.13786957 22.93621739]
-0.36	 -0.77	0.21	0.51	82_K	[23.4755     24.43118182 20.97009091]
-0.16	 -0.34	-0.02	0.22	82_K	[24.41917241 26.75968966 19.91075862]
-0.33	 -0.82	0.17	0.42	82_K	[24.85623529 24.13517647 19.06788235]
0.07	 0.35	-0.01	-0.18	83_T	[29.20202941 23.76788235 23.60370588]
0.07	 0.61	-0.11	-0.13	83_T	[35.14955556 26.10933333 25.41922222]
0.18	 1.03	0.18	-0.44	83_T	[35.00823077 24.51123077 24.89965385]
0.13	 0.69	0.07	-0.32	83_T	[34.11002703 25.72459459 27.058     ]
0.04	 0.73	-0.06	-0.14	84_L	[30.27066667 21.00208333 24.17733333]
-0.17	 -0.36	0.07	0.18	84_L	[31.4994  19.17195 23.7136 ]
0.09	 0.5	0.09	-0.26	84_L	[33.54066667 19.97591667 22.059     ]
-0.04	 -0.15	-0.02	-0.01	84_L	[33.36454545 20.59572727 18.33048485]
-0.12	 0.23	-0.17	0.03	84_L	[29.56882143 22.52275    19.43353571]
-0.03	 0.08	-0.03	0.05	84_L	[30.01933333 21.35183333 22.33166667]
0.1	 0.46	-0.0	-0.17	84_L	[34.6314  21.27035 22.01665]
-0.24	 -0.94	-0.11	0.26	84_L	[32.117      19.40930769 21.334     ]
-0.08	 0.0	-0.07	0.04	84_L	[32.78533333 22.319      17.47423333]
-0.04	 0.22	-0.01	-0.03	84_L	[34.81794118 20.87941176 19.61388235]
-0.18	 -0.82	0.08	0.34	84_L	[32.35438095 19.73057143 18.76247619]
-0.09	 0.19	-0.04	0.06	84_L	[30.60521739 23.47843478 18.24017391]
-0.16	 -0.6	0.14	0.23	84_L	[30.19552174 20.58843478 19.94952174]
0.13	 0.37	0.01	-0.25	84_L	[29.29391667 22.68675    21.1225    ]
0.06	 0.76	0.17	-0.43	85_T	[32.7034 19.2116 27.1428]
-0.05	 0.16	-0.1	-0.04	85_T	[30.50514286 19.78328571 26.9355    ]
-0.17	 -0.62	0.05	0.23	85_T	[31.65356757 20.50859459 28.91686486]
0.05	 0.34	-0.22	0.05	85_T	[34.58085714 20.28657143 27.31885714]
0.05	 -0.47	-0.13	-0.04	85_T	[35.0855  23.14325 26.5907 ]
-0.08	 -0.24	-0.03	0.02	85_T	[35.60771875 19.912625   24.5800625 ]
-0.13	 -0.37	0.04	0.08	85_T	[32.40686667 18.90346667 26.3428    ]
-0.14	 -0.98	0.01	0.23	85_T	[34.10235 20.1025  28.01615]
-0.07	 0.26	-0.35	0.3	85_T	[33.61916667 23.46143333 27.87016667]
-0.03	 -0.06	-0.15	-0.01	85_T	[36.64675    20.65214286 26.17471429]
-0.19	 -0.79	0.14	0.35	85_T	[34.689      18.69890476 25.34504762]
0.09	 0.72	0.04	-0.25	85_T	[35.54477778 21.43816667 23.57372222]
-0.0	 0.58	-0.14	-0.05	86_G	[29.98577778 20.73777778 25.80488889]
-0.04	 -0.14	-0.09	0.02	86_G	[28.67546667 21.14953333 28.29633333]
0.03	 0.35	-0.07	-0.08	86_G	[28.76513793 23.50368966 28.07513793]
-0.21	 -0.86	0.03	0.33	86_G	[27.16219048 23.9165     28.3767619 ]
0.06	 0.5	0.04	-0.25	86_G	[29.449      22.08469231 25.60961538]
-0.32	 -0.88	0.13	0.46	86_G	[28.0432381  21.06161905 27.42495238]
-0.17	 -0.57	-0.0	0.24	86_G	[30.03047368 21.82315789 29.51242105]
0.1	 1.34	0.31	-0.57	87_K	[30.88375  23.436125 29.2     ]
-0.07	 0.67	0.09	-0.47	87_K	[29.139  24.7625 30.193 ]
0.11	 1.3	-0.07	-0.22	87_K	[28.19946154 25.60976923 26.48446154]
0.16	 1.68	0.18	-0.44	87_K	[29.12238889 25.33294444 25.48888889]
0.05	 0.83	-0.07	-0.28	87_K	[31.16446667 25.1186     30.084     ]
0.11	 1.23	-0.16	-0.11	87_K	[29.4792 28.7454 30.8814]
0.07	 0.37	-0.21	0.08	87_K	[30.247 27.872 32.435]
-0.05	 -0.23	-0.15	0.13	87_K	[31.14622222 25.66011111 32.82866667]
-0.0	 -2.93	-0.02	-0.11	87_K	[32.92077778 26.294      33.862     ]
0.14	 1.63	-0.04	-0.28	87_K	[31.51409091 23.45963636 28.73136364]
-0.04	 -0.1	0.06	-0.1	87_K	[28.442      25.59984211 30.16705263]
-0.07	 -0.03	-0.24	0.09	87_K	[30.85022727 24.51568182 30.46731818]
0.14	 0.98	0.02	-0.27	87_K	[32.68411111 25.73577778 29.03172222]
-0.17	 -0.39	0.02	0.26	87_K	[28.977125  27.6019375 31.337    ]
-0.07	 -0.0	0.04	0.04	87_K	[31.029      29.1625     31.66203333]
-0.17	 -0.66	0.15	0.13	87_K	[30.25126923 26.20646154 32.86811538]
-0.1	 -0.02	-0.07	0.11	87_K	[32.82647619 25.36080952 31.42495238]
-0.36	 -0.88	0.26	0.54	87_K	[32.6707619  25.58361905 34.36780952]
-0.11	 -0.24	-0.02	0.2	87_K	[34.371      26.73445833 32.47141667]
-0.22	 -0.72	0.07	0.31	87_K	[32.56292593 28.07588889 33.71785185]
0.15	 1.42	-0.01	-0.28	88_T	[27.3306 26.2866 27.6424]
-0.17	 -0.34	-0.09	0.12	88_T	[27.9765     30.4241     29.51686667]
0.1	 1.07	0.1	-0.4	88_T	[25.79466667 28.11977778 26.86822222]
-0.11	 -0.15	-0.09	0.03	88_T	[26.51907143 26.84614286 25.82210714]
0.02	 -0.93	0.04	-0.17	88_T	[26.02233333 31.08166667 26.79677778]
-0.02	 -0.35	-0.01	0.01	88_T	[27.213   27.36185 28.7451 ]
-0.31	 -0.71	-0.05	0.3	88_T	[25.94652941 28.86029412 27.83047059]
-0.04	 -0.1	-0.05	-0.01	88_T	[25.72648148 28.34940741 23.94292593]
-0.03	 0.05	0.03	0.01	88_T	[25.58084375 30.88321875 24.7609375 ]
0.14	 0.95	0.01	-0.24	88_T	[26.7863  32.01075 27.2383 ]
0.09	 0.74	0.14	-0.19	89_I	[31.421      31.81633333 30.021     ]
0.15	 1.48	-0.02	-0.24	89_I	[33.36554545 30.97909091 30.29090909]
0.07	 0.47	0.06	-0.16	89_I	[29.48809091 31.79       29.80268182]
0.12	 0.85	0.12	-0.34	89_I	[32.09552632 32.48573684 30.05915789]
0.09	 0.47	0.02	-0.08	89_I	[32.00493333 30.51673333 30.56686667]
0.1	 1.1	0.37	-0.59	90_T	[30.36142857 38.00871429 28.98585714]
0.02	 0.72	-0.06	-0.13	90_T	[31.05980769 37.07734615 29.98296154]
0.13	 1.22	0.14	-0.45	90_T	[27.933   34.894   30.20625]
-0.12	 -0.8	0.03	0.12	90_T	[26.84560714 34.17153571 29.25292857]
0.04	 1.55	-0.02	-0.13	90_T	[27.77458333 38.1345     30.05125   ]
-0.0	 0.25	-0.11	-0.02	90_T	[30.199375   34.09125    30.23566667]
-0.2	 -0.35	0.09	0.14	90_T	[28.59295 36.06215 30.5655 ]
0.04	 0.68	0.06	-0.33	90_T	[26.035      34.041      27.94716667]
-0.08	 -0.21	-0.04	0.07	90_T	[26.12411111 37.59422222 29.52427778]
0.09	 0.58	0.08	-0.07	90_T	[29.12075   38.5300625 29.1796875]
0.04	 0.79	0.71	-1.07	91_L	[31.45766667 38.592      28.73533333]
0.12	 1.07	0.04	-0.29	91_L	[30.54605882 39.37752941 28.42870588]
0.12	 0.88	0.14	-0.35	91_L	[32.0655     38.53778571 29.143     ]
0.2	 1.2	0.13	-0.39	91_L	[35.13780769 37.89380769 28.15457692]
0.17	 1.63	0.03	-0.25	92_E	[31.12688889 40.40088889 28.66688889]
0.16	 0.81	0.01	-0.26	92_E	[34.68055556 42.60883333 27.39011111]
0.06	 -1.68	-0.07	-0.12	92_E	[32.444      42.50116667 29.86133333]
-0.15	 -0.17	-0.04	0.19	92_E	[33.12593939 44.80157576 30.52718182]
-0.02	 0.59	-0.09	-0.04	92_E	[33.25518519 39.95288889 28.69455556]
0.02	 0.48	-0.03	-0.09	92_E	[30.42014286 42.47089286 29.55875   ]
-0.04	 -0.17	0.01	-0.04	92_E	[33.72973913 42.77869565 28.84152174]
0.13	 0.5	-0.02	-0.24	94_E	[36.8883913  48.50773913 23.00265217]
-0.09	 -0.23	0.01	0.1	94_E	[35.3112   50.0432   23.082375]
-0.16	 -0.42	-0.05	0.23	94_E	[37.63590698 47.86130233 24.62806977]
0.18	 1.16	0.13	-0.37	94_E	[34.05294444 48.80844444 21.12355556]
0.22	 1.47	0.26	-0.51	94_E	[36.15584211 45.59289474 24.63294737]
-0.02	 -0.47	-0.05	0.02	95_P	[31.67316667 47.99       16.15283333]
0.0	 0.05	-0.06	-0.03	95_P	[30.36033333 47.552375   18.72404167]
-0.06	 -0.23	-0.01	0.08	95_P	[33.15316667 48.59272222 16.99622222]
0.01	 0.08	0.04	-0.11	95_P	[31.31719048 45.73152381 15.96209524]
-0.38	 -0.93	0.04	0.54	95_P	[30.68983333 48.71166667 18.37361111]
-0.01	 0.3	-0.01	-0.04	95_P	[30.05295 45.82065 17.74955]
0.03	 -0.33	-0.02	-0.09	95_P	[32.6634 48.8515 19.7115]
0.21	 1.29	0.42	-0.65	95_P	[30.28433333 46.85233333 20.70958333]
0.17	 1.1	0.07	-0.31	96_S	[38.72922222 46.81011111 19.139     ]
-0.01	 -0.26	-0.03	-0.07	96_S	[39.88025    46.56184375 17.29153125]
-0.08	 -0.2	0.08	-0.08	96_S	[38.00395 49.24065 17.02085]
-0.12	 -0.01	0.02	0.03	96_S	[37.8232069  48.6482069  19.89086207]
0.16	 1.6	0.15	-0.41	96_S	[34.437      48.43177778 18.30466667]
0.09	 0.41	0.01	-0.23	96_S	[36.57115789 47.40031579 15.16978947]
-0.35	 -1.06	0.12	0.51	96_S	[38.8814375 48.9380625 16.796    ]
-0.18	 -0.83	0.06	0.27	96_S	[36.10737931 49.48024138 16.92375862]
-0.1	 -0.53	-0.14	0.16	96_S	[35.85281818 49.45063636 19.56890909]
-0.02	 0.26	-0.08	-0.07	97_D	[38.87867857 45.53921429 22.18692857]
0.14	 1.31	0.19	-0.47	97_D	[37.20338889 44.65594444 23.67761111]
0.19	 0.79	-0.11	-0.15	97_D	[39.82684615 45.58461538 19.72576923]
0.17	 1.36	0.41	-0.62	98_T	[43.7399 41.2878 16.3025]
-0.11	 -0.35	-0.02	0.07	98_T	[42.9714 44.342  16.0665]
0.01	 0.17	-0.01	-0.12	98_T	[44.17422727 42.47945455 18.28477273]
-0.16	 -0.93	-0.01	0.23	98_T	[44.09575    43.15204167 15.85029167]
0.09	 1.02	-0.08	-0.12	98_T	[42.05627273 44.08527273 14.28536364]
-0.02	 -0.19	0.05	-0.06	98_T	[41.8484  44.8828  17.18075]
0.11	 1.42	0.1	-0.42	100_E	[44.41842857 39.25014286 21.09614286]
0.13	 0.88	-0.0	-0.27	100_E	[44.33662162 37.43362162 21.52991892]
0.06	 0.81	0.05	-0.2	100_E	[45.24253846 40.443      18.70784615]
0.07	 1.23	0.36	-0.7	100_E	[46.4992 39.4958 17.6644]
-0.02	 0.11	-0.07	-0.03	100_E	[47.00958621 37.251      18.2972069 ]
-0.28	 0.24	-0.06	-0.05	100_E	[46.55060976 35.73190244 19.50746341]
-0.31	 -0.99	0.18	0.45	100_E	[48.07572973 38.67108108 18.73197297]
0.12	 0.64	0.06	-0.29	100_E	[44.59538462 40.41276923 17.09023077]
-0.08	 -0.17	-0.24	0.08	100_E	[45.27428571 39.95690476 20.02466667]
-0.11	 0.1	-0.18	0.07	100_E	[46.0107037  39.1        16.09322222]
0.07	 0.98	0.35	-0.52	101_N	[42.0285   40.732375 23.3845  ]
0.17	 1.59	0.04	-0.29	101_N	[41.24527273 40.45309091 24.135     ]
0.06	 1.42	0.08	-0.33	101_N	[42.3585     42.12566667 22.8085    ]
-0.06	 0.18	-0.06	0.08	101_N	[42.36707692 43.68046154 22.11123077]
-0.12	 0.07	-0.02	0.0	101_N	[42.04942308 44.56896154 19.93992308]
-0.06	 -0.04	0.02	0.01	101_N	[44.20552632 42.36952632 21.86673684]
0.05	 0.38	-0.18	-0.11	101_N	[42.796      40.81246154 23.30053846]
0.02	 0.37	-0.07	-0.01	101_N	[41.0262     42.4956     23.23493333]
-0.18	 -0.57	0.13	0.29	101_N	[44.64534375 43.076875   20.483625  ]
-0.11	 -0.12	-0.2	0.15	101_N	[44.29068 40.83668 22.09644]
0.17	 1.44	0.29	-0.54	103_K	[44.17988889 33.12588889 18.73288889]
0.02	 0.67	0.08	-0.24	103_K	[43.54683333 31.73883333 16.00791667]
0.09	 0.67	0.09	-0.27	103_K	[42.07863636 30.78122727 15.37836364]
0.07	 0.72	-0.06	-0.18	103_K	[43.016  32.7868 15.3653]
-0.02	 0.37	-0.12	-0.16	103_K	[44.16703333 31.4418     17.7298    ]
0.2	 1.63	0.15	-0.41	104_A	[41.80725    38.46866667 27.0865    ]
0.24	 1.44	0.13	-0.4	104_A	[43.592      36.373      27.69423529]
-0.06	 0.13	-0.03	0.01	104_A	[43.914      38.77240625 25.1793125 ]
0.17	 1.57	0.25	-0.51	104_A	[44.90076923 35.765      25.04807692]
-0.2	 -0.59	-0.08	0.33	104_A	[43.93793103 38.36968966 26.66513793]
-0.11	 -0.16	-0.09	0.12	104_A	[44.66537037 38.09566667 23.54566667]
-0.01	 -0.01	-0.07	-0.03	104_A	[41.97275 39.7228  25.17135]
0.12	 0.79	0.37	-0.46	105_K	[38.79916667 37.729      28.47766667]
0.19	 1.26	0.16	-0.43	105_K	[38.237625 37.08875  28.723375]
0.06	 1.06	-0.06	-0.16	105_K	[38.2075  38.75825 27.961  ]
0.1	 1.08	0.0	-0.24	105_K	[39.532      40.48106667 26.46486667]
0.03	 0.79	-0.21	0.08	105_K	[37.74833333 41.02733333 27.60933333]
-0.0	 0.31	-0.59	0.12	105_K	[37.08490909 43.48215152 26.14266667]
0.07	 1.84	0.14	-0.4	105_K	[38.33383333 43.69833333 24.3775    ]
0.12	 0.76	0.05	-0.31	105_K	[39.24230769 38.43830769 28.48392308]
0.08	 0.32	-0.04	-0.03	105_K	[37.15617647 38.18023529 27.98929412]
-0.04	 -0.32	-0.11	0.04	105_K	[39.76223529 40.06147059 27.28735294]
0.11	 1.7	0.11	-0.37	105_K	[40.3269 40.4537 25.2136]
-0.01	 -0.29	-0.02	0.01	105_K	[36.13745455 40.38240909 27.56345455]
0.14	 1.33	-0.1	-0.23	105_K	[36.12530769 43.55269231 26.66676923]
-0.26	 -0.8	0.21	0.31	105_K	[38.4894  42.54895 27.0421 ]
-0.13	 -0.22	-0.04	0.08	105_K	[39.645      42.79626316 24.70042105]
0.08	 0.81	0.0	-0.25	105_K	[37.94083333 43.82516667 24.0955    ]
0.12	 0.34	-0.04	-0.15	107_Q	[42.6715     32.64192857 31.32121429]
0.06	 0.33	-0.02	-0.22	107_Q	[45.22055556 32.11644444 29.69655556]
-0.04	 0.07	-0.02	-0.03	107_Q	[45.90321429 34.01892857 29.03864286]
-0.13	 -0.13	-0.06	0.08	107_Q	[45.97115385 35.04958974 26.87412821]
-0.11	 -0.29	0.05	0.13	107_Q	[47.43271429 32.01607143 28.70942857]
-0.04	 -0.11	-0.09	0.11	107_Q	[44.34116667 33.53872222 30.19755556]
-0.03	 0.17	-0.07	0.01	107_Q	[46.24314815 30.62955556 28.85496296]
-0.15	 -0.38	0.07	0.19	107_Q	[48.03625    32.51885714 27.23096429]
0.04	 0.95	0.28	-0.55	108_D	[41.521   35.455   32.60375]
0.13	 1.81	0.15	-0.42	108_D	[38.65492308 35.20853846 32.60730769]
-0.16	 -0.68	0.02	0.19	108_D	[40.17234884 33.71260465 33.39181395]
0.07	 0.25	0.03	-0.25	108_D	[39.66935294 36.96029412 31.55747059]
-0.09	 -0.04	-0.02	0.03	108_D	[42.44144444 37.90266667 31.08688889]
-0.2	 -0.78	-0.01	0.27	108_D	[43.69173529 36.88897059 30.39641176]
-0.27	 -0.46	-0.03	0.35	108_D	[41.37045946 39.1067027  29.85281081]
-0.02	 -0.14	-0.05	0.01	108_D	[42.54463636 34.92681818 31.99490909]
0.08	 0.13	0.05	-0.23	108_D	[39.14794444 37.31966667 29.93538889]
-0.22	 -0.21	-0.21	0.29	108_D	[39.69091304 36.85052174 32.31513043]
0.14	 1.38	0.06	-0.35	109_K	[39.6025   31.362125 32.51925 ]
-0.1	 -0.32	0.07	0.19	109_K	[37.603      31.05513043 33.18343478]
0.13	 1.59	0.18	-0.45	109_K	[36.32853846 36.58646154 29.80130769]
-0.01	 0.53	0.04	-0.12	109_K	[36.43452941 35.86835294 32.88458824]
-0.02	 0.13	-0.08	-0.06	109_K	[32.83094737 35.03057895 32.09942105]
0.06	 1.34	-0.03	-0.22	109_K	[32.081   36.48    31.74975]
-0.05	 0.02	-0.09	0.0	109_K	[37.463375  33.98575   33.2926875]
0.11	 0.56	-0.0	-0.17	109_K	[34.99552381 32.45347619 31.63271429]
0.12	 0.55	-0.09	-0.13	109_K	[37.3710625 36.548     30.3743125]
-0.14	 -0.55	0.06	0.21	109_K	[35.38788235 34.47782353 33.45435294]
-0.15	 -0.21	0.03	0.27	109_K	[35.96925    36.98358333 32.30058333]
0.07	 0.5	-0.02	-0.18	109_K	[33.00086667 33.67926667 31.01473333]
-0.25	 -0.94	0.19	0.49	109_K	[32.96366667 35.42752381 33.12038095]
-0.14	 -0.24	-0.34	0.34	109_K	[31.796   36.42625 31.25125]
-0.32	 -0.69	0.03	0.4	109_K	[32.73361538 37.77865385 31.63157692]
-0.09	 -0.24	-0.16	0.05	109_K	[34.3924     37.89946667 29.8826    ]
-0.05	 -0.47	-0.11	0.03	110_E	[39.834  29.2167 32.1969]
-0.12	 -0.12	-0.02	0.1	110_E	[40.10121875 27.10153125 30.79046875]
0.06	 0.67	-0.05	-0.12	110_E	[36.45892308 27.50369231 30.62053846]
-0.07	 0.08	-0.14	0.07	110_E	[35.39695  26.791225 28.79045 ]
-0.0	 0.0	-0.13	-0.09	110_E	[34.73922857 29.44362857 31.4428    ]
0.01	 -0.16	-0.12	0.04	110_E	[37.68272727 28.78990909 32.01645455]
0.1	 0.64	0.03	-0.24	110_E	[38.19565625 27.52925    28.167375  ]
0.1	 0.74	-0.07	-0.11	111_G	[40.59653846 30.68484615 31.97353846]
-0.01	 -0.62	0.04	-0.08	111_G	[42.28509524 30.17171429 31.95104762]
0.13	 1.8	0.08	-0.36	111_G	[43.4996     28.37106667 29.95033333]
-0.14	 -0.42	-0.04	0.15	111_G	[44.56252632 27.88934211 30.00510526]
-0.05	 -0.41	0.01	0.12	111_G	[43.68756522 30.72430435 31.06517391]
-0.23	 -0.71	0.2	0.44	111_G	[42.41252941 28.50511765 32.21241176]
0.13	 0.83	-0.05	-0.2	112_I	[39.436375 26.133125 27.4105  ]
-0.02	 0.07	-0.04	-0.04	112_I	[42.40173529 24.60185294 27.52220588]
0.05	 0.71	-0.02	-0.26	112_I	[39.195375 26.2275   26.85125 ]
-0.19	 -0.54	-0.1	0.18	112_I	[40.40262963 24.91522222 28.29344444]
0.1	 0.86	0.02	-0.28	112_I	[43.22870833 24.57970833 26.02895833]
-0.06	 -0.08	-0.01	0.03	112_I	[42.85619048 25.824      28.83490476]
0.09	 1.95	0.01	-0.26	113_P	[48.972      28.59266667 24.975     ]
-0.13	 -0.39	-0.01	0.05	113_P	[48.12   27.2712 26.861 ]
0.05	 0.62	-0.09	-0.16	113_P	[45.51026667 26.03553333 26.68566667]
-0.02	 -0.17	-0.02	0.01	113_P	[48.79145833 30.16029167 25.216625  ]
-0.14	 -0.75	-0.07	0.13	113_P	[48.50558824 26.71358824 25.71911765]
-0.1	 -0.43	0.01	0.1	113_P	[47.76985714 29.0255     27.69453571]
0.12	 0.79	0.2	-0.46	113_P	[44.82521053 25.79468421 25.93721053]
-0.03	 0.32	-0.03	-0.09	113_P	[45.32175 26.6614  27.87435]
0.09	 1.01	0.0	-0.23	114_P	[45.48485714 31.83821429 19.68792857]
0.13	 1.82	-0.05	-0.27	114_P	[45.15414286 31.024      18.93714286]
0.15	 1.38	0.15	-0.39	114_P	[45.31133333 33.078      19.95933333]
0.17	 1.18	0.23	-0.47	114_P	[45.63314286 34.96361905 21.87342857]
0.14	 1.23	-0.06	-0.22	114_P	[47.0934 33.6904 24.9742]
-0.02	 0.1	-0.18	0.03	114_P	[46.82636842 33.23171053 20.64847368]
-0.15	 0.1	-0.25	0.18	114_P	[46.07014286 35.2388     23.48611429]
0.01	 0.27	-0.03	-0.04	114_P	[47.82888889 32.72151852 24.04596296]
0.06	 1.04	0.15	-0.5	115_D	[47.387  31.4592 20.452 ]
0.07	 0.99	0.14	-0.44	115_D	[47.54318182 29.88072727 19.19190909]
-0.01	 0.05	-0.03	-0.05	115_D	[46.7763913  27.04682609 17.9796087 ]
-0.08	 -0.24	-0.05	0.08	115_D	[49.2284     28.54706667 19.2294    ]
-0.17	 -0.42	0.0	0.12	115_D	[50.23223077 28.96892308 21.98946154]
-0.09	 -0.42	-0.02	0.14	115_D	[49.26232 30.83132 22.63076]
-0.02	 0.19	-0.03	0.05	115_D	[49.68011538 27.48634615 22.97657692]
-0.08	 -0.17	-0.02	0.09	115_D	[46.58735714 30.12742857 18.67264286]
-0.02	 -0.09	-0.06	0.02	115_D	[49.32943478 27.32408696 19.753     ]
-0.23	 -0.65	0.17	0.24	115_D	[49.05981818 30.19936364 19.52740909]
0.1	 1.3	-0.02	-0.28	116_Q	[46.91144444 23.94127778 24.77866667]
-0.06	 0.01	0.01	0.02	116_Q	[48.12151429 24.9814     24.78308571]
0.08	 0.93	0.08	-0.43	116_Q	[44.83466667 24.12472222 25.15472222]
-0.09	 -0.22	-0.07	0.15	116_Q	[46.0449     22.5206     25.27673333]
0.12	 1.18	0.1	-0.38	118_R	[40.082875 24.942625 12.2725  ]
0.02	 0.01	-0.04	-0.08	118_R	[38.15693103 23.46117241 12.85641379]
-0.02	 0.16	-0.02	-0.05	118_R	[38.97062963 22.08607407 14.04188889]
-0.1	 -0.96	0.01	0.14	118_R	[37.54424138 23.37472414 11.40293103]
0.1	 0.65	-0.06	-0.18	118_R	[41.15372222 24.42694444 13.6225    ]
-0.0	 0.44	-0.04	-0.06	118_R	[40.00185714 22.53378571 15.27585714]
-0.34	 -1.58	0.18	0.56	118_R	[38.7847  21.0421  13.38985]
-0.24	 -0.66	-0.18	0.34	118_R	[37.08867857 24.63339286 11.02132143]
-0.28	 -1.09	0.19	0.48	118_R	[37.63342308 21.751      11.38853846]
0.07	 0.47	-0.04	0.07	120_I	[32.703      26.87433333 14.54233333]
0.07	 0.74	-0.08	-0.2	120_I	[31.75925 27.5816  12.603  ]
0.04	 0.54	-0.06	-0.18	120_I	[35.8035 25.7955 12.3571]
0.09	 0.95	-0.02	-0.33	120_I	[32.34145455 27.00036364 15.07181818]
-0.01	 0.2	-0.05	-0.11	120_I	[34.11385  25.9263   14.507275]
-0.12	 -0.53	-0.06	0.14	120_I	[32.00733333 26.93296667 12.72806667]
0.11	 0.76	0.17	-0.38	120_I	[30.61292857 28.55257143 13.75735714]
0.04	 -0.06	-0.02	-0.12	120_I	[34.974125   26.96533333 11.429375  ]
0.17	 1.25	0.18	-0.45	121_F	[31.30192308 33.382      10.18876923]
0.15	 1.62	0.27	-0.53	121_F	[28.032    33.056875 14.55725 ]
0.08	 1.92	0.13	-0.46	121_F	[29.991  35.4318 10.7338]
0.0	 -0.2	-0.07	-0.02	121_F	[27.13473333 34.09033333 14.03273333]
-0.03	 -0.25	-0.22	-0.03	121_F	[28.5768 35.92   10.943 ]
-0.08	 -0.04	-0.22	0.13	121_F	[26.853      35.80246154 12.54153846]
0.09	 0.58	-0.01	-0.19	121_F	[31.58105263 35.48673684 10.99394737]
0.01	 0.03	0.03	-0.04	121_F	[26.47891304 35.31052174 15.36417391]
0.03	 0.45	0.03	0.05	121_F	[28.51138889 37.44983333 11.20977778]
-0.11	 -0.44	0.01	0.13	121_F	[26.64       37.26633333 13.37680952]
0.03	 0.63	-0.04	-0.19	122_A	[27.18616667 31.4215     10.8285    ]
-0.11	 -0.3	-0.04	0.14	122_A	[27.89122222 29.79422222  9.41755556]
-0.09	 -0.16	-0.15	0.05	122_A	[29.01162963 31.24866667  7.77703704]
-0.12	 -0.26	-0.01	0.13	122_A	[27.7487619  33.525       9.50671429]
0.02	 0.48	-0.1	-0.08	122_A	[28.407625   31.43290625 13.81621875]
-0.23	 -0.71	0.08	0.35	122_A	[27.15019048 30.62       11.30266667]
-0.21	 -0.9	0.22	0.33	122_A	[27.10625 32.383    8.92065]
-0.06	 0.09	-0.04	0.09	122_A	[27.04421739 33.62973913 11.31213043]
-0.11	 -0.41	-0.02	0.18	122_A	[29.5838 33.9472  9.5118]
-0.06	 -0.56	-0.11	0.03	123_G	[28.463      28.90657143 10.64957143]
-0.06	 -0.14	-0.04	0.03	123_G	[29.6291875 27.578125   9.2078125]
0.09	 0.98	0.16	-0.43	123_G	[32.288  27.3808 10.0758]
-0.16	 -0.38	-0.06	0.18	123_G	[32.96923256 27.54034884  8.70746512]
0.03	 -0.68	-0.04	-0.02	123_G	[29.58870588 28.97105882 12.28658824]
-0.51	 -0.16	0.1	0.25	123_G	[30.50395833 27.10566667 10.4715    ]
-0.14	 -0.3	0.04	0.19	123_G	[29.80325  28.39775   7.929375]
0.11	 0.91	0.06	-0.34	124_K	[34.5285   33.697625  8.042625]
-0.02	 0.38	-0.21	0.01	124_K	[31.30769565 33.12778261  8.04504348]
0.06	 1.26	-0.08	-0.13	124_K	[31.3655     30.26678571  5.76442857]
-0.08	 -0.24	-0.13	0.04	124_K	[34.02518182 31.98        5.15336364]
-0.02	 -2.82	-0.01	-0.12	124_K	[33.46566667 30.07666667  3.67766667]
0.1	 0.73	-0.05	-0.17	124_K	[34.40554545 29.03254545  7.62418182]
0.2	 1.05	0.17	-0.44	124_K	[33.34713793 33.83665517  9.89013793]
-0.03	 0.18	-0.11	-0.07	124_K	[35.09317391 32.5416087   7.66743478]
0.06	 0.91	0.13	-0.36	124_K	[30.3947 32.6266  8.0215]
-0.26	 -0.49	-0.1	0.49	124_K	[32.63734783 33.76982609  7.20973913]
0.13	 1.62	0.04	-0.3	124_K	[31.67563636 29.06545455  6.48318182]
-0.13	 -0.45	0.02	0.13	124_K	[30.65451852 31.20807407  6.02285185]
-0.21	 -0.76	0.14	0.25	124_K	[33.17286957 32.7506087   4.92926087]
-0.06	 -0.08	-0.13	0.15	124_K	[34.94173684 30.45863158  6.21205263]
-0.32	 -0.66	0.21	0.46	124_K	[34.1966087  30.38108696  3.32221739]
-0.2	 -0.79	-0.04	0.31	124_K	[33.13563333 28.71033333  5.1447    ]
-0.27	 -0.56	0.1	0.39	124_K	[31.75184 30.62564  3.68508]
0.05	 0.27	-0.07	-0.13	125_Q	[37.87544444 32.55652778  9.05311111]
0.06	 0.82	-0.03	-0.13	125_Q	[38.2038 28.053   9.6866]
-0.03	 0.18	-0.13	0.06	125_Q	[39.90183333 27.5425     10.43333333]
-0.02	 -0.55	-0.13	0.03	125_Q	[39.27658824 25.93717647 11.04576471]
-0.04	 0.37	0.08	-0.05	125_Q	[41.62173684 28.38752632 11.23105263]
-0.05	 0.02	-0.02	-0.08	125_Q	[35.77462963 29.18711111  8.95451852]
0.03	 -0.32	-0.14	0.0	125_Q	[37.16521429 27.09935714 10.61378571]
-0.05	 0.03	0.03	-0.01	125_Q	[39.18075 29.60155  9.6951 ]
-0.02	 -0.13	-0.09	0.02	125_Q	[41.698      29.518      12.62685294]
-0.1	 -0.39	0.03	0.14	125_Q	[41.79721053 26.50926316 11.89026316]
0.16	 1.01	0.16	-0.4	126_L	[41.25387097 32.21203226 13.44729032]
0.11	 1.26	0.33	-0.53	127_E	[41.9307 36.8366  8.8247]
-0.04	 0.14	-0.07	0.01	127_E	[43.93761111 34.91688889  9.33083333]
-0.02	 0.03	-0.09	-0.0	127_E	[41.53372 33.17164  8.7246 ]
-0.29	 -0.92	0.16	0.53	127_E	[41.78197561 32.89480488  7.37717073]
0.03	 0.34	-0.21	-0.01	127_E	[41.30908571 31.61577143 10.23385714]
0.16	 -0.04	0.11	-0.28	127_E	[42.6288125 33.7255    12.7414375]
0.02	 0.22	-0.18	-0.09	127_E	[42.83646667 37.0694      9.74326667]
-0.19	 -0.1	-0.14	0.23	127_E	[42.57712903 35.37474194  7.98687097]
-0.19	 -0.43	0.04	0.22	127_E	[44.10215 34.47555 10.4384 ]
0.12	 1.16	0.36	-0.61	128_D	[45.2833 38.4488 14.321 ]
0.07	 0.93	-0.18	0.06	128_D	[46.22478571 36.80485714 15.10635714]
-0.06	 0.32	-0.01	-0.14	128_D	[44.6191 33.5421 14.8663]
-0.15	 -0.37	0.05	0.13	128_D	[45.91082979 33.87455319 16.55334043]
0.11	 1.39	0.21	-0.47	128_D	[43.08833333 33.758      14.72716667]
0.01	 0.71	-0.1	-0.08	128_D	[44.20669565 34.90073913 12.80534783]
-0.16	 -0.63	0.05	0.32	128_D	[46.00744444 35.85166667 13.76772222]
0.09	 0.27	0.05	-0.53	128_D	[46.29985714 37.35785714 15.60914286]
0.06	 0.64	-0.23	-0.04	129_G	[45.39072727 38.16336364 13.26536364]
-0.02	 -0.29	0.04	-0.09	129_G	[45.0325     40.04777273 12.53254545]
0.03	 0.95	0.11	-0.28	129_G	[42.664      41.18408333 10.60708333]
-0.15	 -0.73	-0.05	0.24	129_G	[43.0013     42.8794     12.23976667]
0.01	 0.39	-0.04	-0.1	129_G	[44.16565517 37.84134483 11.44110345]
-0.06	 0.17	0.08	-0.03	129_G	[44.63376667 40.92693333 14.44753333]
-0.28	 -0.76	0.16	0.5	129_G	[45.13180952 40.17709524 11.4547619 ]
0.11	 1.13	0.15	-0.33	130_R	[41.693      38.25827273  8.76863636]
-0.05	 0.06	0.05	-0.09	130_R	[40.87615789 40.79863158  7.95752632]
-0.02	 0.6	-0.01	-0.11	130_R	[38.4903 41.094   7.4407]
-0.11	 -0.59	-0.0	0.07	130_R	[38.46428571 39.52821429  5.92928571]
-0.07	 -0.16	0.01	0.07	130_R	[40.22872222 37.56772222  6.02116667]
-0.06	 0.37	-0.0	0.04	130_R	[36.27645 38.40725  6.38595]
0.12	 0.77	0.07	-0.29	130_R	[41.06583333 42.27894444 10.6325    ]
-0.21	 0.07	-0.09	0.06	130_R	[42.54609091 39.35454545  9.81781818]
-0.1	 -0.33	0.04	0.15	130_R	[40.12866667 41.8646      8.29033333]
-0.19	 -1.07	0.12	0.21	130_R	[41.0638125 39.8259375  6.9221875]
0.11	 0.85	0.0	-0.25	130_R	[37.65481818 40.95781818  7.53818182]
-0.24	 -0.05	-0.51	0.31	130_R	[41.21522222 37.56055556  7.09238889]
-0.19	 -0.55	0.0	0.42	130_R	[39.37785714 36.66497143  6.0444    ]
-0.01	 0.04	-0.01	-0.08	130_R	[35.71876923 39.30103846  7.15638462]
-0.17	 -0.36	0.15	0.17	130_R	[36.56775862 37.28931034  6.19831034]
-0.0	 -0.43	-0.0	-0.07	131_T	[40.23566667 45.48875    13.98529167]
-0.01	 0.38	-0.02	-0.11	131_T	[37.44782857 45.9666     12.4444    ]
-0.11	 -0.79	-0.04	0.19	131_T	[39.01496 46.7954  14.43992]
-0.03	 -0.11	0.04	-0.06	131_T	[40.55111111 44.35461111 12.64794444]
0.07	 1.29	0.37	-0.71	133_S	[31.9494 45.1706 11.9304]
0.19	 0.93	0.02	-0.3	133_S	[34.22972727 45.15090909 10.40309091]
-0.08	 -0.08	-0.05	0.01	133_S	[31.65742857 44.10468571 10.22551429]
0.01	 0.19	-0.02	-0.15	133_S	[33.73166667 46.47961905 12.046     ]
-0.07	 0.58	-0.09	0.04	133_S	[32.14717647 46.96347059 14.15041176]
0.07	 0.44	-0.0	-0.18	133_S	[31.43365385 44.37026923 13.75603846]
0.05	 1.26	0.07	-0.19	133_S	[35.37957143 46.634      12.87642857]
-0.31	 -0.84	0.07	0.46	133_S	[33.43555 46.5952  11.38665]
-0.13	 0.06	0.01	0.12	133_S	[33.85595455 47.93740909 14.61086364]
0.06	 0.89	0.28	-0.48	134_D	[35.241      42.77983333  8.09866667]
-0.19	 -0.43	-0.03	0.21	134_D	[33.4435     41.38659375  7.88625   ]
0.05	 0.65	0.06	-0.33	134_D	[36.35457143 43.018       8.13628571]
0.0	 0.34	-0.04	-0.1	134_D	[38.12390476 43.56442857  8.83338095]
-0.02	 0.16	-0.06	-0.04	134_D	[39.1595     44.21761111 10.31511111]
-0.17	 -0.57	0.05	0.25	134_D	[36.74216667 45.191       9.23583333]
-0.11	 -0.6	-0.09	0.13	134_D	[34.52694118 43.83623529  8.57070588]
0.11	 0.64	-0.03	-0.05	134_D	[36.29709091 41.717       7.87172727]
0.12	 1.02	-0.01	-0.21	135_Y	[31.06133333 40.291       9.03241667]
0.01	 0.31	-0.09	0.02	135_Y	[30.46133333 38.50575     9.84208333]
0.14	 1.21	0.26	-0.55	135_Y	[34.17496667 36.7633      9.1538    ]
0.07	 1.08	-0.04	-0.05	135_Y	[35.37966667 36.82433333  7.81983333]
-0.03	 0.36	0.01	-0.09	135_Y	[33.05835714 39.25521429  8.55664286]
0.2	 1.29	0.43	-0.65	135_Y	[32.0304 37.2952 10.5095]
-0.14	 0.03	-0.25	0.36	135_Y	[33.57994595 36.89381081  8.84564865]
-0.02	 -0.01	-0.06	-0.11	135_Y	[35.68462069 35.30189655  8.27427586]
0.18	 0.52	0.1	-0.33	135_Y	[38.66132143 35.33107143  8.46135714]
0.07	 0.58	-0.07	-0.16	136_N	[27.24716667 39.67013333 12.41103333]
0.04	 0.13	0.05	-0.29	136_N	[29.20492308 41.84507692  9.02592308]
-0.06	 -0.0	0.06	-0.07	136_N	[28.563375  43.5616875  9.36925  ]
-0.17	 -0.14	-0.07	0.2	136_N	[27.789      44.33441935 11.22022581]
-0.06	 0.03	0.0	0.0	136_N	[26.26210345 41.99251724  9.53465517]
0.15	 0.99	0.04	-0.29	136_N	[29.68168421 43.23905263 12.68631579]
-0.26	 -0.6	0.01	0.25	136_N	[30.0099  42.11895  8.67505]
-0.1	 0.07	-0.15	0.03	136_N	[28.148  39.8528  9.9264]
-0.18	 -0.39	0.06	0.29	136_N	[25.45681481 43.26925926  9.75744444]
-0.29	 -1.12	0.17	0.54	136_N	[26.56504762 41.0737619   8.81028571]
0.1	 0.6	0.01	-0.25	137_I	[29.8145     43.3894375  15.53409375]
0.08	 0.16	0.12	-0.34	138_Q	[24.10428571 42.403      16.7165    ]
0.08	 1.0	0.06	-0.22	138_Q	[24.921      41.344      13.91666667]
0.05	 0.76	-0.09	-0.09	138_Q	[24.32236364 43.47118182 13.58777273]
-0.2	 -0.49	-0.01	0.24	138_Q	[23.95604651 42.63388372 12.40367442]
-0.14	 -0.41	-0.16	0.19	138_Q	[24.62988 45.10464 14.3596 ]
0.16	 0.38	0.02	-0.2	138_Q	[27.307      43.83407692 16.59084615]
-0.08	 -0.05	-0.04	0.02	138_Q	[24.67817391 40.80565217 15.73108696]
0.07	 -1.42	-0.15	-0.04	138_Q	[24.06816667 43.224      16.43983333]
0.11	 0.65	-0.02	-0.18	138_Q	[27.441      43.87169565 13.99965217]
0.1	 0.21	0.06	-0.21	138_Q	[25.893      40.90494444 13.51994444]
-0.25	 -0.71	-0.06	0.38	138_Q	[25.37371429 45.204      15.55304762]
-0.35	 -1.09	0.38	0.63	138_Q	[23.59973913 45.62169565 13.55165217]
0.02	 -0.06	0.03	-0.15	139_K	[23.45639024 40.21097561 18.45239024]
0.02	 0.58	-0.08	-0.14	139_K	[25.134  44.3738 21.9879]
0.07	 0.79	-0.01	-0.22	139_K	[23.19383333 43.43008333 18.59191667]
-0.03	 -0.0	-0.06	-0.0	139_K	[23.3365625 45.4528125 21.2518125]
-0.13	 -0.52	-0.14	0.2	139_K	[20.81576923 45.95915385 19.79669231]
0.02	 0.81	0.01	-0.16	139_K	[19.84525    43.27008333 19.9255    ]
0.13	 0.21	0.02	-0.22	139_K	[25.67841176 44.20952941 17.99588235]
0.15	 1.32	0.13	-0.35	139_K	[24.88394737 43.54689474 22.71557895]
-0.04	 -0.17	-0.15	-0.02	139_K	[25.72952632 44.89578947 20.55847368]
-0.1	 0.1	-0.22	0.05	139_K	[23.77169565 44.25243478 18.25604348]
0.09	 1.42	0.26	-0.55	139_K	[22.43314286 42.32742857 18.70014286]
-0.11	 -0.72	0.05	0.09	139_K	[22.54582609 44.45482609 22.37595652]
-0.27	 -0.88	0.09	0.43	139_K	[23.68757143 46.08447619 20.54680952]
-0.21	 -0.62	0.21	0.35	139_K	[20.59476 46.1     20.8046 ]
-0.21	 -0.57	0.15	0.32	139_K	[21.69182609 45.44126087 18.37334783]
-0.32	 -0.66	0.23	0.47	139_K	[19.13173913 44.09995652 19.32243478]
-0.12	 -0.56	-0.06	0.18	139_K	[20.97334783 42.60265217 18.99904348]
-0.2	 -0.86	-0.07	0.26	139_K	[19.99638889 43.39016667 21.54377778]
0.1	 1.06	-0.03	-0.2	140_E	[23.397375 37.907875 19.138   ]
-0.08	 -0.15	0.05	-0.0	140_E	[23.26422222 35.91885185 20.21362963]
-0.04	 -0.07	-0.04	0.07	140_E	[21.75864286 38.64742857 20.76142857]
0.16	 0.97	0.09	-0.33	140_E	[22.52492857 39.48457143 24.41492857]
-0.13	 -0.33	0.03	0.04	140_E	[21.66861538 41.73876923 23.90976923]
-0.09	 -0.6	-0.09	0.15	140_E	[23.43046667 41.96783333 24.7072    ]
-0.07	 0.12	0.01	-0.01	140_E	[20.82358621 41.38062069 22.13934483]
0.0	 -0.26	-0.1	0.02	140_E	[21.70013333 40.14453333 20.35033333]
-0.06	 -0.23	-0.0	0.14	140_E	[21.79435294 37.53723529 21.492     ]
-0.23	 -0.6	0.0	0.34	140_E	[21.29844444 38.72388889 23.82416667]
0.07	 1.15	0.24	-0.52	141_S	[24.79       38.09371429 17.73271429]
0.01	 0.3	-0.04	-0.11	141_S	[25.425      38.24231818 16.52136364]
-0.1	 -0.18	-0.03	0.12	141_S	[24.57413636 36.51281818 17.62304545]
0.08	 0.76	0.14	-0.34	141_S	[26.37890909 38.6315     15.01031818]
0.07	 0.55	-0.0	-0.17	142_T	[27.44760606 32.18184848 16.34433333]
-0.06	 0.08	-0.23	0.03	142_T	[24.60525 31.42025 19.23475]
-0.05	 0.47	0.04	0.03	142_T	[24.7838  32.11105 21.5015 ]
0.14	 1.26	0.08	-0.36	142_T	[26.11635 30.36525 20.7387 ]
0.05	 -0.16	0.04	-0.08	142_T	[25.23528571 34.2555     17.69764286]
-0.12	 -0.01	0.05	0.06	142_T	[25.3912381  31.50271429 18.18419048]
-0.08	 -0.43	0.04	0.11	142_T	[23.81881818 33.55859091 20.178     ]
-0.05	 -0.29	-0.12	0.02	142_T	[25.63803448 29.60162069 20.35255172]
-0.04	 0.84	-0.11	0.03	144_H	[31.65244444 26.44933333 16.41044444]
0.03	 1.1	0.1	-0.19	144_H	[30.13313333 26.0972     16.8078    ]
-0.1	 1.69	-0.53	0.19	144_H	[29.49157143 25.01942857 17.94242857]
-0.04	 0.31	-0.04	0.0	144_H	[28.85626923 28.21265385 15.54811538]
-0.04	 -0.12	-0.06	0.03	144_H	[27.09948485 26.30060606 17.96084848]
-0.09	 1.89	0.01	0.05	144_H	[27.34766667 26.94433333 15.89866667]
0.04	 0.51	-0.15	-0.16	144_H	[31.63875 27.11325 15.481  ]
0.12	 0.61	0.02	-0.23	144_H	[32.14655556 25.55562963 17.56711111]
0.18	 1.28	0.29	-0.56	144_H	[28.65935714 24.86942857 19.33107143]
0.07	 0.73	-0.01	-0.22	144_H	[28.90933333 29.6197619  15.29466667]
-0.56	 0.3	-0.25	0.02	144_H	[26.24371429 25.67514286 18.3145    ]
-0.19	 -0.22	0.05	0.21	144_H	[26.44842424 28.63436364 16.9669697 ]
0.2	 1.3	0.09	-0.39	145_L	[37.0165625 27.562625  25.757875 ]
0.1	 0.73	-0.17	-0.15	145_L	[36.095      26.84354545 25.398     ]
-0.08	 0.05	-0.06	0.07	146_V	[37.47104348 21.40386957 17.41734783]
0.02	 0.47	-0.12	-0.17	146_V	[34.37956667 23.48246667 16.877     ]
-0.02	 0.16	-0.16	0.07	146_V	[37.69235 21.7244  16.01845]
0.16	 0.83	0.06	-0.29	146_V	[39.6286875 22.3573125 17.653375 ]
-0.08	 -0.09	-0.14	0.16	146_V	[36.74721053 21.20257895 18.72921053]
-0.06	 0.09	-0.04	0.12	146_V	[35.59441667 23.35820833 15.55425   ]
0.16	 1.32	0.43	-0.65	146_V	[34.02492308 25.496      16.69061538]
-0.06	 0.04	-0.12	0.06	147_L	[40.15336364 20.49215152 20.60157576]
0.1	 0.57	0.25	-0.4	147_L	[37.0912 23.9718 24.5168]
-0.04	 -0.51	-0.06	0.04	147_L	[39.33038889 21.93088889 26.51638889]
0.12	 0.39	0.06	-0.26	147_L	[37.2103125 22.1543125 21.4211875]
0.02	 0.93	-0.06	-0.09	147_L	[38.97675 20.99425 23.20275]
0.18	 1.21	0.35	-0.67	147_L	[37.12053846 22.72       24.01661538]
-0.08	 0.2	-0.15	0.02	147_L	[37.9091   23.607475 26.308725]
0.08	 0.76	-0.09	-0.19	147_L	[38.44994444 20.80922222 25.14144444]
0.1	 0.5	-0.11	-0.12	147_L	[40.76481818 22.65018182 26.53527273]
0.13	 1.09	0.07	-0.28	147_L	[37.6265     25.83355556 25.22330556]
0.04	 1.21	-0.04	-0.15	148_R	[43.772      20.88866667 19.097     ]
0.04	 0.37	-0.23	0.08	148_R	[43.952 21.705 18.033]
-0.07	 0.47	-0.27	0.11	148_R	[43.92233333 22.30533333 17.155     ]
0.03	 -0.58	-0.11	-0.03	148_R	[45.59375    24.37708333 16.47691667]
-0.08	 0.16	-0.1	0.14	148_R	[45.202  24.9056 15.1034]
-0.08	 -0.55	0.05	-0.01	148_R	[45.10975   26.59425   15.4054375]
-0.01	 0.76	0.06	-0.16	148_R	[45.3166 27.938  16.8682]
-0.08	 -0.26	0.1	-0.03	148_R	[43.8824375 27.1813125 13.6246875]
0.01	 -0.1	-0.02	-0.07	148_R	[42.24893103 21.20193103 18.72786207]
0.02	 0.17	0.16	-0.27	148_R	[45.02045833 21.55091667 18.531625  ]
0.02	 0.22	0.02	-0.12	148_R	[42.29740741 22.79074074 16.84833333]
0.18	 -0.19	0.1	-0.34	148_R	[46.14216667 25.52316667 17.35983333]
-0.13	 -0.68	-0.08	0.2	148_R	[45.74129167 23.07408333 16.583125  ]
-0.12	 -0.44	0.13	0.13	148_R	[43.59214286 24.12085714 14.69619048]
0.07	 0.57	0.03	-0.18	148_R	[44.09841667 29.06929167 16.683625  ]
-0.08	 -0.73	-0.09	0.07	148_R	[43.1654     25.6418     13.32386667]
0.0	 0.09	-0.05	-0.05	148_R	[42.92631579 28.66178947 14.49436842]
0.09	 1.23	0.18	-0.45	149_L	[44.08806667 20.0892     19.77933333]
-0.14	 -0.3	-0.03	0.12	149_L	[45.076      17.881      20.30891667]
0.05	 0.21	-0.04	-0.18	149_L	[43.09609091 17.085      23.63545455]
0.08	 0.47	-0.08	0.08	149_L	[41.29133333 18.98733333 22.41933333]
-0.09	 -0.44	0.02	0.04	149_L	[40.59245714 18.48377143 24.76262857]
0.01	 0.13	-0.06	0.05	149_L	[42.86008333 21.76129167 25.905875  ]
-0.07	 0.26	-0.15	0.11	149_L	[42.64666667 19.20633333 20.33738889]
-0.14	 -0.72	0.05	0.19	149_L	[42.61077778 17.3885     22.3245    ]
-0.05	 -0.16	-0.14	0.01	149_L	[44.22    17.87225 24.44425]
0.12	 0.94	0.29	-0.61	149_L	[41.23353846 19.32553846 22.172     ]
-0.06	 -0.03	-0.11	0.15	149_L	[39.76628 19.58416 25.30236]
-0.25	 -0.96	0.09	0.47	149_L	[40.52045833 17.65441667 23.28358333]
-0.23	 -1.23	0.18	0.33	149_L	[41.8959  17.85665 25.8157 ]
0.01	 0.31	-0.07	-0.06	149_L	[41.60021429 21.50464286 26.15628571]
-0.16	 -0.24	0.06	0.2	149_L	[44.05977273 20.04481818 25.70522727]
0.08	 0.39	-0.22	-0.04	150_R	[48.416375 15.985125 23.547625]
-0.1	 -0.43	-0.07	0.09	150_R	[45.96561538 15.97279487 23.02105128]
-0.1	 0.05	-0.09	0.12	150_R	[50.286      17.77733333 23.15633333]
-0.07	 -0.21	-0.14	0.05	150_R	[49.85290909 20.432      23.309     ]
0.08	 1.16	0.24	-0.48	150_R	[49.0263 20.056  20.1435]
-0.07	 -1.05	-0.06	0.09	150_R	[50.62766667 21.90433333 21.01933333]
-0.12	 -0.53	0.01	0.1	150_R	[50.21257143 22.95057143 19.73621429]
-0.11	 -0.25	0.04	0.13	150_R	[48.48584615 22.28069231 18.18530769]
-0.14	 0.37	0.02	0.16	150_R	[50.26333333 24.75333333 20.11491667]
0.08	 0.1	-0.01	-0.19	150_R	[46.30362963 19.43207407 24.13303704]
0.04	 0.07	-0.06	-0.0	150_R	[47.60389474 18.42236842 20.04052632]
-0.13	 -0.29	0.14	0.07	150_R	[49.082375 17.927125 24.0575  ]
-0.15	 -0.7	-0.11	0.22	150_R	[50.40080952 17.94619048 21.59738095]
-0.03	 0.14	0.01	-0.06	150_R	[48.3305625 21.179     23.968375 ]
-0.24	 -0.69	0.15	0.22	150_R	[50.71604348 20.43047826 22.85169565]
-0.18	 -0.46	0.02	0.28	150_R	[49.85659091 20.17227273 19.9305    ]
-0.1	 -0.24	-0.05	0.14	150_R	[49.839      22.8236087  22.70169565]
-0.08	 -0.06	0.05	0.0	150_R	[47.29083333 21.15266667 18.889625  ]
-0.09	 -0.29	-0.04	0.06	150_R	[47.75604167 23.83125    17.994375  ]
-0.04	 -0.15	0.12	0.0	150_R	[50.01326923 25.07534615 21.59061538]
-0.03	 -0.02	-0.05	0.08	150_R	[49.00357895 25.20531579 19.07784211]
0.05	 0.54	-0.27	-0.0	151_G	[49.64575    16.10516667 22.53291667]
-0.05	 0.02	0.04	-0.08	151_G	[49.07133333 14.18766667 22.61852381]
-0.25	 -1.03	0.13	0.35	151_G	[48.09259091 12.84634091 20.29072727]
-0.23	 -0.76	0.02	0.34	151_G	[46.8017381  14.57659524 19.45133333]
-0.12	 -0.02	0.15	0.06	151_G	[49.33263158 16.42231579 20.52263158]
-0.27	 -1.03	0.24	0.53	151_G	[49.97666667 13.75404762 22.15580952]
-0.18	 -1.01	0.05	0.26	151_G	[47.51504762 13.97114286 23.25790476]
