-0.07	 -0.25	-0.23	0.14	37_P	[-26.2847  15.7331 -10.6614]
-0.12	 -0.53	0.03	0.13	37_P	[-24.60271429  14.73617857 -10.28360714]
0.04	 0.08	-0.08	-0.06	37_P	[-24.30684615  13.26269231 -11.71438462]
-0.13	 -0.99	0.05	0.15	37_P	[-23.16384211  12.37021053  -9.90552632]
-0.12	 -0.67	0.0	0.16	37_P	[-25.36738298  12.83804255  -7.65248936]
-0.28	 -1.4	0.15	0.41	37_P	[-26.72488095  14.85807143  -6.78642857]
-0.14	 -0.49	-0.01	0.13	37_P	[-28.10498529  14.85880882  -9.37730882]
0.15	 1.47	0.07	-0.27	38_K	[-27.106       11.83075    -10.20566667]
0.15	 1.81	0.12	-0.37	38_K	[-24.65666667  12.43233333 -12.97833333]
-0.03	 0.56	-0.03	-0.05	38_K	[-27.63528571  10.26214286 -11.05471429]
0.0	 0.19	0.03	-0.04	38_K	[-27.46578125   8.3136875  -12.8124375 ]
0.02	 0.04	0.76	0.06	38_K	[-23.59287179  10.36479487 -12.7164359 ]
0.06	 0.37	-0.04	-0.13	38_K	[-25.855625   9.134    -10.273375]
-0.11	 -0.56	-0.03	0.17	38_K	[-22.5245       9.30177778 -10.16836111]
-0.18	 -0.76	-0.0	0.26	38_K	[-23.45409259   9.67172222  -7.635     ]
-0.3	 -1.17	0.07	0.47	38_K	[-24.77058   7.50456  -8.17418]
0.03	 -0.11	0.05	-0.19	39_D	[-28.72788889  11.27133333 -11.41722222]
0.01	 -0.77	0.0	-0.07	39_D	[-29.56528571   9.5655     -13.94171429]
0.15	 1.06	0.07	-0.3	39_D	[-29.23544828  13.56417241 -16.11934483]
-0.13	 -0.21	-0.06	0.14	39_D	[-31.25007895  11.55884211 -14.17426316]
-0.02	 0.14	0.12	-0.13	39_D	[-30.24603571  13.33535714 -12.3755    ]
-0.23	 -0.91	0.07	0.37	39_D	[-31.16386047  12.9052093  -11.18181395]
0.02	 -0.19	0.01	-0.08	39_D	[-29.22151724  14.71786207 -12.95017241]
0.16	 1.6	0.15	-0.42	40_Y	[-24.39014286  10.5525     -15.15092857]
0.12	 0.79	-0.03	-0.23	40_Y	[-23.105       10.65027273 -16.81768182]
-0.0	 -0.04	-0.08	-0.02	40_Y	[-24.00794737  12.83936842 -15.30794737]
0.12	 0.43	0.13	-0.34	40_Y	[-24.40061538  15.24807692 -15.70230769]
0.0	 0.2	-0.03	-0.08	40_Y	[-24.9009  14.7827 -13.7967]
-0.09	 -0.16	-0.22	0.03	40_Y	[-26.644     16.512375 -13.263825]
0.22	 1.59	0.31	-0.56	40_Y	[-28.46581818  15.25590909 -16.64963636]
0.07	 0.71	-0.11	-0.16	40_Y	[-28.59975    15.7810625 -15.1059375]
-0.12	 -0.22	-0.01	0.16	40_Y	[-28.06458  18.33288 -15.42446]
0.07	 0.06	0.03	-0.13	41_M	[-28.58160606   7.19639394 -15.83033333]
0.23	 1.67	0.2	-0.46	41_M	[-23.563625     8.74020833 -15.09916667]
0.1	 0.61	-0.0	-0.16	41_M	[-26.39509524   5.91009524 -14.35019048]
-0.11	 -0.72	-0.12	0.15	41_M	[-23.81471111   6.31455556 -12.61562222]
-0.02	 0.03	-0.03	-0.04	41_M	[-22.13354545   4.54706061 -14.01312121]
0.17	 1.77	0.08	-0.32	42_F	[-29.042       4.51575   -17.4193125]
0.02	 0.06	0.06	-0.15	42_F	[-30.89457895   6.16726316 -17.88915789]
0.01	 0.39	-0.12	-0.04	42_F	[-31.971375    7.5228125 -18.0459375]
0.13	 0.79	0.02	-0.2	43_S	[-28.1066087    3.68582609 -16.46043478]
0.13	 1.8	-0.07	-0.22	43_S	[-2.64664e+01  2.06000e-02 -1.47240e+01]
-0.13	 -0.62	0.05	0.12	43_S	[-28.51261538   0.84011538 -15.03942308]
-0.01	 -0.11	-0.07	0.01	43_S	[-25.95476923   2.89015385 -14.2965    ]
-0.08	 0.1	0.07	0.04	43_S	[-24.30752381   0.64514286 -14.67840476]
-0.1	 -0.37	-0.09	0.1	44_G	[-26.84548889  -2.31628889 -15.78133333]
0.2	 1.16	0.22	-0.44	44_G	[-28.59291304  -2.92313043 -16.98269565]
-0.14	 -0.21	0.01	0.17	44_G	[-29.86386486  -3.29213514 -16.30254054]
0.18	 1.69	-0.03	-0.22	45_L	[-31.76076923  -1.46653846 -17.40238462]
0.17	 0.95	0.02	-0.25	45_L	[-31.8627   3.6301 -18.3872]
-0.1	 -0.46	0.0	0.13	45_L	[-31.72616949   1.52769492 -16.43586441]
0.15	 0.12	0.0	-0.2	46_K	[-32.357875  -2.771875 -18.366875]
-0.02	 0.05	0.01	0.0	46_K	[-34.86786667  -3.75813333 -19.84616667]
0.01	 0.11	-0.04	-0.12	46_K	[-32.16285455  -5.92703636 -19.7848    ]
0.14	 2.44	0.02	-0.27	46_K	[-30.416875  -7.283    -20.2815  ]
-0.19	 -0.94	0.08	0.29	46_K	[-31.29318919  -7.014      -17.5772973 ]
-0.15	 -0.68	-0.03	0.21	46_K	[-28.66514  -6.88036 -17.09886]
-0.2	 -0.78	0.05	0.26	46_K	[-28.81034783  -9.10293478 -18.90206522]
0.13	 0.93	0.01	-0.22	47_D	[-34.68877778  -4.36388889 -25.11488889]
0.08	 0.25	0.01	-0.16	47_D	[-35.56528571  -2.44492857 -24.68885714]
-0.19	 -0.79	0.1	0.25	47_D	[-37.16931429  -2.84628571 -22.81211429]
-0.14	 -0.64	-0.01	0.16	47_D	[-36.35764865  -5.39662162 -23.09559459]
-0.01	 0.07	0.18	-0.17	47_D	[-34.20238462  -7.25057692 -23.25092308]
-0.09	 -0.3	0.01	0.12	47_D	[-34.41996667  -7.15183333 -25.161     ]
-0.2	 -0.69	0.03	0.29	47_D	[-34.205    -7.66675 -21.861  ]
-0.02	 -0.06	-0.15	-0.04	48_E	[-36.9435     -0.22225   -22.5260625]
0.03	 0.14	-0.16	-0.07	48_E	[-36.30114286  -0.24892857 -24.79628571]
0.22	 1.68	0.16	-0.42	48_E	[-34.681125   -0.4686875 -25.8838125]
0.12	 1.34	0.12	-0.39	48_E	[-36.25816667   1.2895     -21.29075   ]
-0.1	 -0.56	0.0	0.15	48_E	[-36.61089286  -0.97314286 -19.95525   ]
-0.19	 -0.9	-0.03	0.24	48_E	[-36.5235       0.31364286 -18.32742857]
-0.12	 -0.3	-0.09	0.11	48_E	[-35.39692683   2.47985366 -19.22697561]
-0.13	 -0.38	0.09	0.22	48_E	[-34.70002439  -0.5592439  -17.262     ]
0.04	 0.12	-0.16	-0.08	49_T	[-37.279        1.19922222 -23.16305556]
-0.05	 0.09	-0.0	-0.02	49_T	[-37.29127273   4.52483636 -23.01330909]
0.19	 1.3	0.09	-0.35	49_T	[-37.04215385   1.49823077 -26.67392308]
0.15	 0.33	0.13	-0.32	49_T	[-37.39574194   4.51103226 -27.60064516]
-0.19	 -0.8	-0.01	0.23	49_T	[-39.07076471   1.94894118 -25.33984314]
0.08	 0.23	0.01	-0.17	50_V	[-35.97116667   6.77766667 -22.92744444]
0.18	 1.6	0.34	-0.58	50_V	[-35.24133333   4.15277778 -20.92044444]
-0.05	 -0.15	-0.05	0.07	50_V	[-34.52453061   6.25140816 -19.85865306]
0.15	 0.79	-0.11	-0.1	51_G	[-35.35       8.592875 -22.21875 ]
0.13	 1.5	0.23	-0.5	51_G	[-35.0075    11.5475   -22.433875]
-0.03	 -0.38	-0.03	-0.02	51_G	[-34.76203226  10.54322581 -21.18912903]
0.09	 0.83	0.07	-0.32	52_R	[-34.45229412  12.94464706 -21.94258824]
0.02	 0.11	-0.08	-0.09	52_R	[-32.76696429  13.68917857 -19.21982143]
0.09	 0.33	-0.0	-0.18	52_R	[-30.8610625  13.47275   -17.668625 ]
-0.09	 -0.19	-0.08	0.07	52_R	[-32.47608333  11.84375    -17.16541667]
-0.16	 -1.1	-0.0	0.21	52_R	[-33.6548   10.4894  -18.49532]
-0.0	 0.07	-0.05	-0.05	52_R	[-31.30632258   9.52480645 -16.34919355]
0.14	 0.8	0.13	-0.35	53_L	[-35.26552  14.13988 -22.10152]
0.03	 0.51	-0.03	-0.18	53_L	[-36.93189286  17.11403571 -22.73667857]
0.05	 0.95	0.03	-0.12	53_L	[-37.32484211  14.05621053 -22.24078947]
-0.19	 -0.57	-0.08	0.3	53_L	[-39.31901389  15.98790278 -22.21048611]
0.19	 1.52	0.18	-0.44	53_L	[-38.3836875  16.3849375 -25.147375 ]
0.03	 0.24	-0.13	-0.05	54_P	[-33.834625  21.425875 -24.137375]
-0.1	 -0.33	0.1	0.09	54_P	[-35.34440625  19.93675    -22.429375  ]
-0.01	 0.2	-0.09	-0.03	54_P	[-34.28684848  20.98966667 -25.91606061]
0.22	 0.53	0.06	-0.3	54_P	[-36.37616667  19.046      -27.18516667]
0.11	 0.49	-0.01	-0.12	54_P	[-36.54373684  18.09252632 -25.42368421]
0.09	 0.6	-0.09	-0.07	55_G	[-32.0824  21.198  -24.1498]
-0.14	 -0.57	0.01	0.18	55_G	[-32.29204878  21.98509756 -21.84056098]
-0.0	 -0.23	-0.06	-0.07	55_G	[-33.42253846  20.39392308 -19.86661538]
-0.13	 -0.47	0.04	0.12	55_G	[-31.31561111  21.20383333 -19.043     ]
-0.05	 -0.47	-0.0	-0.07	56_T	[-32.66815385  18.79384615 -18.31138462]
0.12	 1.06	0.03	-0.22	56_T	[-29.76692857  18.71107143 -18.15307143]
0.0	 0.39	-0.07	-0.09	56_T	[-30.33402703  16.25797297 -17.50113514]
-0.12	 -0.58	-0.11	0.11	56_T	[-33.01677778  15.89738889 -18.35794444]
0.14	 1.46	0.32	-0.56	56_T	[-33.56092857  14.90735714 -20.36857143]
-0.13	 -0.66	-0.03	0.19	56_T	[-35.12622388  17.23813433 -19.58989552]
0.18	 1.95	0.13	-0.39	57_V	[-28.121       19.10866667 -18.36653333]
0.17	 0.74	-0.17	-0.14	57_V	[-26.94323077  19.43292308 -17.77630769]
0.17	 1.32	0.13	-0.39	58_A	[-28.39121053  21.57721053 -22.29915789]
0.1	 1.48	0.26	-0.52	58_A	[-25.97136364  22.85109091 -21.40127273]
-0.16	 -0.35	-0.0	0.15	58_A	[-25.09654545  22.44648485 -19.60490909]
-0.17	 -0.69	-0.0	0.2	58_A	[-28.21539655  22.27568966 -19.64194828]
0.04	 0.21	-0.01	-0.06	59_G	[-22.5356   21.23516 -22.3514 ]
0.1	 0.37	-0.04	-0.12	59_G	[-22.75226667  20.69533333 -19.29006667]
-0.13	 -0.41	0.08	0.15	59_G	[-20.90007692  20.35988462 -20.61384615]
0.08	 0.81	-0.09	-0.2	60_Q	[-21.60745  19.19615 -18.34225]
0.18	 1.3	0.06	-0.31	60_Q	[-23.12210526  16.61505263 -16.52652632]
0.02	 0.64	-0.16	-0.08	60_Q	[-24.88124  20.1858  -17.36956]
-0.04	 0.3	-0.04	-0.06	60_Q	[-23.41425714  18.73831429 -15.65694286]
-0.27	 -1.04	0.12	0.41	60_Q	[-21.54608824  18.99144118 -15.44564706]
-0.26	 -1.04	0.13	0.38	60_Q	[-24.24171739  19.93073913 -14.17880435]
-0.0	 0.64	-0.17	-0.04	61_Q	[-20.84847619  17.00819048 -17.85266667]
0.13	 0.98	0.03	-0.25	61_Q	[-22.52953333  13.82786667 -17.28396667]
-0.03	 -0.43	-0.05	0.03	61_Q	[-19.234       15.42819355 -17.98948387]
0.13	 1.18	0.1	-0.3	61_Q	[-20.35047059  12.00294118 -17.35558824]
0.09	 1.03	-0.06	-0.19	61_Q	[-17.98675     12.43275    -17.23917857]
-0.08	 0.02	0.05	0.02	61_Q	[-16.92063889  11.28147222 -18.06805556]
-0.26	 -1.13	0.07	0.4	61_Q	[-17.92924074  13.49588889 -16.02848148]
0.22	 1.62	0.08	-0.34	63_L	[-21.39992857  10.44414286 -17.30278571]
-0.12	 -0.51	0.37	0.26	63_L	[-20.11935714   8.7108     -15.3437    ]
0.04	 0.32	-0.02	-0.11	63_L	[-18.19383333   8.03       -17.84693333]
0.21	 1.06	0.11	-0.37	65_Q	[-20.173625     0.37570833 -18.46629167]
0.03	 0.8	-0.02	-0.18	65_Q	[-19.667625    2.69625   -16.5431875]
-0.19	 -0.63	0.08	0.22	65_Q	[-20.50243182   1.60295455 -15.18131818]
-0.06	 0.09	-0.05	-0.01	65_Q	[-19.47108696   4.60326087 -16.63834783]
0.14	 0.2	0.05	-0.21	66_D	[-22.96842857  -3.82285714 -19.802     ]
0.09	 0.79	-0.08	-0.21	66_D	[-24.88505882  -3.90088235 -20.41676471]
0.08	 0.37	-0.04	-0.22	66_D	[-26.29172  -3.96568 -18.70476]
-0.08	 -0.15	0.0	0.03	66_D	[-23.8334      -2.90676667 -17.1207    ]
0.02	 0.38	0.03	-0.07	66_D	[-20.91730556  -2.53583333 -17.80161111]
-0.14	 -0.42	-0.19	0.27	66_D	[-21.28048485  -1.36360606 -16.43839394]
-0.18	 -0.44	-0.09	0.21	66_D	[-20.65205882  -3.88888235 -18.48061765]
0.15	 1.37	0.34	-0.38	67_C	[-25.79022222  -4.03516667 -22.05388889]
0.15	 1.42	0.17	-0.42	67_C	[-25.118625  -4.022    -23.6125  ]
0.14	 0.85	0.02	-0.27	68_E	[-27.19575     -6.44154545 -24.22413636]
0.21	 1.32	0.13	-0.35	68_E	[-29.76581818  -6.92286364 -22.10468182]
0.0	 0.38	-0.03	-0.09	68_E	[-26.7405   -7.21845 -21.91315]
-0.12	 -0.32	0.02	0.11	68_E	[-26.250975  -6.41255  -19.97315 ]
-0.28	 -0.7	-0.01	0.35	68_E	[-27.38395122  -8.85107317 -22.29963415]
0.12	 1.16	0.03	-0.24	69_N	[-31.118       -4.69041667 -28.0935    ]
0.11	 0.36	-0.04	-0.19	69_N	[-32.119875  -2.5765   -27.64475 ]
0.01	 -0.1	-0.06	-0.03	69_N	[-33.748       -2.35211538 -26.42403846]
-0.08	 -0.31	0.03	0.05	69_N	[-32.91131579  -5.34631579 -26.99815789]
-0.05	 0.19	0.03	-0.02	69_N	[-31.36436842  -7.48989474 -26.83021053]
0.01	 -0.13	-0.02	-0.07	69_N	[-29.56030556  -7.24775    -27.46161111]
-0.1	 -0.08	-0.01	0.07	69_N	[-31.32612903  -7.99485484 -24.85130645]
0.19	 1.19	0.15	-0.41	71_N	[-35.48114286   3.11835714 -28.9925    ]
0.08	 0.67	-0.09	-0.22	71_N	[-34.48514286   0.99695238 -29.8       ]
0.03	 0.35	-0.01	-0.14	71_N	[-32.84232432  -0.58216216 -29.27586486]
-0.17	 -0.71	-0.06	0.23	71_N	[-36.0661129    0.65077419 -28.64817742]
0.22	 1.24	0.06	-0.31	73_Y	[-36.11657895   5.12168421 -29.36126316]
0.14	 0.64	0.0	-0.23	73_Y	[-35.44822222   4.19691667 -31.63608333]
0.14	 1.46	0.27	-0.53	75_F	[-36.76758621  12.1882069  -29.93124138]
0.15	 1.34	0.43	-0.65	75_F	[-36.26925   11.854125 -30.8175  ]
0.11	 0.37	0.07	-0.28	76_D	[-29.91938235  20.887      -24.61717647]
0.15	 1.1	0.06	-0.28	77_H	[-22.75422222  21.23585185 -25.09388889]
0.16	 0.46	0.06	-0.28	77_H	[-27.93145  22.3927  -25.15215]
-0.11	 -0.29	-0.05	0.1	77_H	[-24.32760714  23.66564286 -23.30289286]
-0.08	 0.2	-0.17	0.0	77_H	[-26.72608  23.50356 -23.31448]
0.17	 1.17	0.11	-0.37	78_S	[-21.67064286  19.45942857 -24.07842857]
0.24	 1.53	0.22	-0.48	78_S	[-21.51082353  19.60458824 -25.42876471]
0.12	 1.12	0.02	-0.31	79_A	[-19.34467742  19.39935484 -23.21874194]
0.13	 1.14	0.11	-0.39	79_A	[-17.10966667  16.83766667 -22.43      ]
0.04	 0.8	-0.02	-0.14	79_A	[-17.09008696  18.10378261 -24.00030435]
-0.15	 -0.66	-0.09	0.24	79_A	[-18.44234043  18.43940426 -20.77006383]
0.03	 0.17	-0.03	-0.05	80_T	[-15.64575     15.02691667 -23.24175   ]
-0.03	 0.43	-0.13	-0.11	80_T	[-15.66269697  11.79421212 -23.2370303 ]
-0.08	 -0.27	0.01	0.04	80_T	[-16.38515909  13.93247727 -20.70781818]
0.27	 1.47	0.38	-0.6	81_V	[-16.33366667   9.84452381 -24.74733333]
0.15	 0.66	0.05	-0.28	82_T	[-18.02907407   6.11622222 -19.62725926]
-0.0	 0.22	-0.03	-0.05	82_T	[-15.68694737   8.96019298 -21.54282456]
0.0	 0.35	-0.17	0.01	84_D	[-18.27694444   0.8105     -19.38561111]
-0.02	 0.28	0.05	-0.06	84_D	[-16.6043    1.5119  -19.70015]
-0.05	 -0.11	-0.11	-0.0	84_D	[-15.22256   0.61856 -21.19796]
0.02	 0.5	-0.07	-0.14	84_D	[-17.80720833   3.73875    -19.42491667]
0.18	 1.62	-0.0	-0.23	85_D	[-19.376    -4.32625 -23.255  ]
0.13	 0.77	0.03	-0.27	85_D	[-21.02611765  -4.28629412 -23.91382353]
0.02	 0.21	-0.02	-0.12	85_D	[-22.75420588  -4.00241176 -22.25941176]
-0.05	 -0.0	-0.05	0.05	85_D	[-19.83455556  -4.61155556 -21.14022222]
-0.12	 -0.5	-0.11	0.17	85_D	[-17.91258333  -4.24675    -19.91558333]
-0.19	 -0.5	0.09	0.25	85_D	[-17.00155172  -4.82375862 -21.58568966]
-0.03	 0.15	-0.12	0.12	85_D	[-17.65312727  -1.99303636 -19.84374545]
0.18	 1.27	0.28	-0.53	87_T	[-24.15881818  -4.27009091 -24.376     ]
0.01	 0.58	-0.15	-0.12	87_T	[-24.74331034  -6.43982759 -24.7882069 ]
-0.08	 -0.12	-0.14	0.05	87_T	[-22.227125    -6.11821875 -25.27096875]
0.09	 0.3	0.01	-0.17	87_T	[-25.88109091  -7.68822727 -26.53381818]
0.14	 0.79	-0.01	-0.18	88_N	[-27.99766667  -4.58966667 -31.15616667]
0.09	 0.47	0.04	-0.19	88_N	[-28.60286667  -2.8102     -30.7308    ]
-0.01	 0.3	0.08	-0.16	88_N	[-30.36478571  -2.38046429 -29.20596429]
-0.03	 -0.32	-0.06	0.04	88_N	[-29.53816667  -5.39477778 -29.91316667]
-0.11	 -1.33	-0.06	0.11	88_N	[-28.8734  -7.4785 -30.3373]
-0.15	 -0.44	0.01	0.2	88_N	[-27.37490323  -7.21232258 -31.79332258]
-0.09	 -0.28	-0.02	0.11	88_N	[-27.15835897  -8.67433333 -28.93782051]
0.19	 1.42	-0.1	-0.22	89_C	[-28.89185714  -1.07728571 -31.07828571]
0.2	 1.92	0.19	-0.42	89_C	[-27.83963158  -0.97194737 -31.81894737]
0.1	 0.57	-0.05	-0.17	90_I	[-30.31525    -0.4011875 -32.0366875]
-0.13	 -0.51	-0.03	0.14	90_I	[-33.13150943  -0.11032075 -32.79081132]
0.1	 0.86	0.12	-0.36	97_K	[-15.43044444  19.47122222 -26.58355556]
0.14	 0.79	0.0	-0.26	97_K	[-16.11991667  20.23883333 -28.42354167]
0.13	 1.07	0.01	-0.28	97_K	[-19.39384211  20.45713158 -25.18826316]
0.04	 -0.09	-0.15	-0.04	97_K	[-16.27711765  21.12767647 -26.11429412]
-0.12	 -0.2	-0.29	0.22	97_K	[-18.57255319  22.30053191 -24.39355319]
-0.22	 -1.09	0.13	0.34	97_K	[-16.47108163  23.90557143 -24.51265306]
-0.18	 -0.68	0.02	0.27	97_K	[-16.495       24.54081481 -27.08259259]
0.13	 1.81	0.13	-0.41	98_G	[-16.412375  18.601    -25.327   ]
-0.1	 -0.42	-0.09	0.12	98_G	[-14.728       17.61280556 -25.86036111]
0.14	 1.46	0.18	-0.42	98_G	[-13.68273913  16.26843478 -28.08613043]
0.04	 0.61	-0.02	-0.16	99_S	[-14.01868421  15.06289474 -26.10894737]
0.06	 0.49	-0.07	-0.17	99_S	[-12.20931818  13.43531818 -26.92772727]
-0.08	 -0.07	-0.02	0.03	99_S	[-13.5473   11.91664 -25.17706]
0.29	 1.16	0.11	-0.39	101_F	[-14.4949375   8.9189375 -25.0655   ]
-0.02	 -0.1	-0.02	0.01	101_F	[-12.27456   8.24972 -24.4834 ]
-0.18	 -0.69	-0.01	0.24	101_F	[ -9.99183871   6.64590323 -24.55970968]
0.15	 1.8	0.21	-0.47	101_F	[-10.6619375   4.585875  -28.4615   ]
0.0	 0.45	-0.04	-0.12	101_F	[ -9.92720408   4.92291837 -26.24561224]
0.09	 0.7	0.14	-0.38	103_R	[-13.25212195   0.40407317 -24.17063415]
0.08	 0.61	-0.09	-0.19	103_R	[-12.05132143   2.60957143 -23.69760714]
0.14	 1.53	0.02	-0.27	103_R	[-13.7015       2.40433333 -21.97466667]
-0.07	 -0.47	-0.04	0.04	103_R	[-12.78733333   3.3142     -21.59513333]
-0.09	 -0.25	-0.01	0.08	103_R	[-12.16859524   5.80259524 -22.0202619 ]
-0.18	 -0.73	0.04	0.26	103_R	[-14.2501    4.55265 -19.8081 ]
0.17	 0.95	-0.04	-0.2	104_N	[-15.591125  -4.611875 -26.1495  ]
0.08	 0.74	0.11	-0.24	104_N	[-17.37144444  -4.4865     -26.75933333]
-0.0	 0.17	-0.01	-0.08	104_N	[-19.07610345  -4.57555172 -25.35944828]
0.1	 0.13	-0.1	0.03	104_N	[-15.98654545  -4.93645455 -24.27045455]
-0.1	 -0.47	-0.13	0.11	104_N	[-14.49988889  -4.78588889 -23.00822222]
-0.18	 -0.57	0.07	0.19	104_N	[-13.24096429  -4.9975     -24.67978571]
-0.1	 -0.25	0.03	0.17	104_N	[-13.54778125  -2.31695313 -22.71429688]
0.15	 1.1	-0.05	-0.22	105_C	[-18.77190909  -4.88345455 -28.24181818]
0.13	 0.95	0.09	-0.3	105_C	[-17.62142105  -4.51494737 -29.34310526]
0.14	 0.74	0.03	-0.19	106_R	[-18.94861111  -6.62377778 -29.79077778]
0.0	 0.82	-0.18	-0.12	106_R	[-20.19685714  -6.00390476 -27.35838095]
-0.09	 -0.44	-0.03	0.1	106_R	[-19.94997368  -8.68410526 -27.91818421]
0.16	 1.52	0.29	-0.54	106_R	[-22.3524  -9.8735 -30.1885]
-0.06	 -0.11	-0.09	0.04	106_R	[-21.56621429 -10.94764286 -28.23957143]
-0.22	 -0.98	0.14	0.35	106_R	[-22.45392683 -10.06482927 -25.84731707]
-0.17	 -0.62	-0.0	0.27	106_R	[-24.19898333 -10.86541667 -28.45268333]
0.07	 -0.39	0.14	-0.25	107_D	[-23.808625  -4.73975  -34.427375]
0.03	 1.01	-0.1	-0.22	107_D	[-24.947       -2.97658824 -34.01511765]
0.07	 0.77	-0.03	-0.21	107_D	[-26.75856667  -3.15393333 -32.54546667]
-0.0	 -0.05	-0.07	0.03	107_D	[-25.70970588  -5.59035294 -33.45005882]
-0.04	 -0.02	-0.11	0.06	107_D	[-24.79135714  -8.04935714 -33.40464286]
-0.05	 -0.27	-0.09	0.02	107_D	[-23.92062069  -6.97455172 -35.04365517]
0.05	 -0.08	0.01	-0.16	107_D	[-23.61108333  -8.82761111 -31.75011111]
0.23	 1.46	0.31	-0.55	108_C	[-24.21947826  -1.30456522 -35.16230435]
0.17	 1.12	0.07	-0.32	109_K	[-27.09445714  -1.38971429 -34.58034286]
0.06	 0.58	-0.16	-0.1	109_K	[-29.73311111  -0.82961111 -35.76966667]
-0.22	 -0.86	0.01	0.27	109_K	[-28.56213953  -2.98767442 -36.27625581]
-0.22	 -0.58	0.02	0.25	109_K	[-28.09902326  -3.16160465 -38.84946512]
0.24	 1.37	0.37	-0.6	114_C	[-20.14525  16.41565 -34.1582 ]
0.14	 0.87	0.09	-0.35	114_C	[-18.23415789  16.81415789 -34.46384211]
0.2	 1.47	0.18	-0.44	115_Q	[-15.34716667  19.62383333 -30.37766667]
0.01	 0.1	-0.02	-0.12	115_Q	[-13.68478571  19.54125    -31.91092857]
-0.01	 0.33	0.03	-0.12	115_Q	[-12.34296667  18.6675     -29.48886667]
-0.13	 -0.38	-0.04	0.28	115_Q	[-10.99514815  19.2912037  -30.31827778]
-0.18	 -0.47	-0.0	0.16	115_Q	[-13.49784091  19.62734091 -28.02247727]
0.21	 1.35	0.42	-0.65	116_Q	[-12.28455556  12.73422222 -33.02366667]
0.1	 -0.06	0.06	-0.25	116_Q	[-11.18993103  12.53910345 -31.41868966]
0.15	 1.13	0.07	-0.35	116_Q	[-11.56        15.35947826 -30.11308696]
0.04	 -0.13	-0.04	-0.11	116_Q	[-10.76371429  14.60657143 -29.04385714]
0.01	 0.32	-0.03	-0.06	116_Q	[ -9.98165217  13.38404348 -27.59469565]
-0.18	 -0.36	-0.16	0.29	116_Q	[ -9.07883333  15.80025    -30.04490278]
0.24	 1.04	0.14	-0.42	117_F	[-12.4045625  11.63425   -33.17075  ]
0.2	 1.48	0.11	-0.37	117_F	[-11.57607692  10.05353846 -32.90061538]
0.19	 1.24	0.09	-0.34	118_R	[-10.72333333  10.17261905 -30.78633333]
0.17	 1.35	0.04	-0.28	118_R	[-10.94778947   9.595      -26.60447368]
0.06	 1.19	-0.03	-0.2	118_R	[-10.50038889  11.27105556 -27.94288889]
-0.04	 0.24	-0.02	-0.0	118_R	[ -8.81860714  10.838      -28.34382143]
-0.14	 -0.25	0.03	0.16	118_R	[ -8.02541071   8.64639286 -28.13283929]
-0.24	 -0.8	0.03	0.32	118_R	[ -7.37746512  12.07976744 -28.41774419]
0.19	 1.51	0.21	-0.46	119_V	[-10.13333333   3.40072727 -30.05378788]
0.18	 1.38	0.31	-0.56	120_R	[-12.20063636  -0.54745455 -26.58972727]
0.18	 1.27	0.28	-0.52	120_R	[-10.38843333   1.86793333 -27.55046667]
0.08	 0.81	-0.05	-0.25	120_R	[ -8.22466667  -1.28941667 -28.00875   ]
0.13	 0.8	0.03	-0.25	120_R	[ -7.7896     0.536975 -26.658025]
0.14	 1.12	0.09	-0.38	120_R	[-10.18522222  -0.03603704 -25.08159259]
-0.02	 0.02	-0.07	-0.05	120_R	[ -8.7206       0.8898     -24.24213333]
-0.29	 -0.92	0.05	0.4	120_R	[ -6.66795918   1.59842857 -24.06212245]
-0.27	 -0.86	0.01	0.48	120_R	[ -9.44477049   0.31244262 -22.71798361]
0.17	 0.37	-0.02	-0.18	121_D	[-11.48377778  -4.65411111 -29.13655556]
0.04	 0.39	0.04	-0.14	121_D	[-13.23106667  -4.67793333 -29.65153333]
0.01	 -0.36	0.02	0.01	121_D	[-14.860875    -4.724625   -28.20716667]
0.1	 0.48	0.22	-0.36	121_D	[-12.20446667  -3.08936667 -26.3829    ]
-0.05	 0.16	0.03	-0.07	121_D	[ -9.84845  -3.8733  -26.3951 ]
-0.1	 -0.27	0.02	0.05	121_D	[ -9.02626471  -3.77902941 -27.69141176]
-0.07	 0.08	-0.18	0.11	121_D	[-10.362625    -2.48596429 -25.19648214]
0.14	 1.38	0.1	-0.37	122_C	[-16.0845    -4.380125 -29.8725  ]
-0.0	 0.18	-0.23	-0.05	122_C	[-15.26171429  -5.03642857 -31.04314286]
0.13	 0.13	0.05	-0.24	122_C	[-13.8452381   -4.89690476 -32.53009524]
0.15	 1.67	0.03	-0.31	123_R	[-16.7611  -5.0213 -30.8362]
0.05	 0.29	-0.0	-0.14	123_R	[-16.57697368  -6.91697368 -31.94318421]
0.16	 2.43	0.05	-0.29	123_R	[-16.93785714  -7.66564286 -36.06828571]
-0.16	 -0.63	-0.09	0.15	123_R	[-16.64582927  -9.62087805 -34.05082927]
0.13	 1.61	0.01	-0.28	123_R	[-18.8554 -10.1424 -34.1382]
0.02	 0.41	-0.08	-0.03	123_R	[-18.59468966  -9.73489655 -31.68317241]
-0.23	 -0.97	0.2	0.36	123_R	[-17.25209259 -11.0322963  -31.16794444]
-0.08	 -0.29	-0.13	0.13	123_R	[-20.59369048 -10.59421429 -31.00738095]
0.1	 0.52	-0.03	-0.14	124_K	[-20.59214286  -4.05885714 -37.39514286]
0.07	 0.72	-0.06	-0.26	124_K	[-21.33952632  -2.86289474 -36.97652632]
0.07	 0.9	-0.08	-0.19	124_K	[-23.04412  -2.90744 -35.46708]
0.09	 0.2	-0.03	-0.15	124_K	[-22.20506667  -5.0454     -36.13426667]
-0.03	 -0.01	-0.04	0.0	124_K	[-21.41154545  -6.35881818 -37.88      ]
-0.07	 0.18	-0.09	0.04	124_K	[-19.41369697  -8.70072727 -37.29578788]
-0.03	 0.1	-0.07	0.03	124_K	[-20.6662069   -9.91606897 -34.96224138]
-0.24	 -1.07	0.16	0.36	124_K	[-22.89504762  -9.39407143 -36.2952619 ]
0.16	 1.42	0.34	-0.58	125_L	[-20.77681818  -1.61281818 -37.88509091]
0.13	 1.03	0.02	-0.26	126_E	[-21.84347619  -1.70314286 -38.82690476]
-0.01	 0.19	-0.05	-0.01	126_E	[-23.93015789  -2.82273684 -38.82421053]
0.09	 0.64	-0.03	-0.19	126_E	[-25.01965217  -2.18769565 -37.23382609]
-0.09	 0.14	-0.11	0.1	126_E	[-24.78890476  -2.51457143 -41.16392857]
0.17	 0.93	-0.0	-0.27	128_F	[-26.18292308   8.56638462 -42.78976923]
0.05	 0.24	-0.03	-0.14	128_F	[-26.50644737   6.56902632 -43.53918421]
0.15	 1.52	0.34	-0.59	130_C	[-19.4649  16.0003 -35.1979]
0.14	 0.41	0.04	-0.31	130_C	[-20.1105      17.74589583 -36.41125   ]
0.21	 1.76	0.15	-0.4	132_A	[-17.15043478  17.40521739 -35.8906087 ]
-0.01	 0.62	-0.2	-0.04	132_A	[-12.57582353  19.00173529 -37.92302941]
-0.05	 0.22	-0.11	0.03	132_A	[-14.89383019  19.76579245 -35.11728302]
0.04	 0.39	-0.01	-0.11	133_T	[-10.8351875  16.797625  -37.53425  ]
0.11	 1.61	0.01	-0.3	133_T	[-10.865   15.2566 -38.5134]
-0.07	 -0.18	0.04	0.1	133_T	[ -9.475       15.47652632 -34.91057895]
0.04	 0.45	-0.08	-0.16	133_T	[-10.566875   14.3041875 -33.3746875]
-0.08	 -0.41	-0.13	0.22	133_T	[-10.30354687  17.7654375  -33.94609375]
-0.02	 -0.23	-0.18	-0.01	134_Q	[ -9.49548148  14.46922222 -37.42651852]
0.15	 1.42	0.35	-0.59	134_Q	[-10.31657143  13.741      -39.44814286]
0.05	 0.32	-0.03	-0.11	134_Q	[ -9.93102222  11.6206     -34.93086667]
-0.08	 -0.28	-0.05	0.05	134_Q	[ -7.92097143  12.80545714 -38.36128571]
0.05	 0.2	-0.04	-0.09	134_Q	[ -7.097875  12.19925  -40.56025 ]
-0.2	 -0.68	0.05	0.29	134_Q	[ -5.68969767  11.07072093 -38.91586047]
-0.06	 -0.19	0.01	0.09	134_Q	[ -6.90038462   9.66602564 -41.52612821]
0.04	 0.57	-0.1	-0.13	136_I	[ -8.856        8.84051852 -31.99222222]
-0.05	 0.06	-0.06	-0.01	136_I	[ -7.34229167   9.36504167 -34.767875  ]
-0.0	 0.6	-0.12	-0.14	136_I	[ -8.57514   6.05998 -30.42852]
0.2	 1.32	0.44	-0.65	138_E	[ -8.30030769   3.09907692 -30.51130769]
0.17	 1.54	0.3	-0.55	138_E	[ -4.62227273   0.60681818 -31.15918182]
0.06	 0.58	0.03	-0.24	138_E	[ -5.58083333   1.34416667 -29.413     ]
-0.25	 -0.65	-0.02	0.36	138_E	[ -4.57019048   0.55290476 -28.82945238]
-0.12	 0.3	-0.18	0.07	138_E	[ -6.98145238   2.90652381 -28.78007143]
-0.03	 -0.07	-0.01	0.01	139_S	[ -7.59673333  -4.13986667 -32.6202    ]
-0.08	 -0.16	-0.05	0.09	139_S	[ -9.63166667  -4.79233333 -32.68726667]
-0.03	 -0.61	0.01	0.06	139_S	[-10.88326316  -4.81110526 -31.07163158]
-0.08	 -0.09	0.04	-0.07	139_S	[ -7.94157143  -3.87710714 -29.53717857]
-0.1	 -0.02	-0.03	0.05	139_S	[ -6.13588462  -2.65609615 -29.95067308]
0.13	 0.2	0.07	-0.36	140_S	[ -9.43006667  -3.746      -34.28686667]
0.13	 0.98	0.03	-0.3	140_S	[-11.96276923  -4.65976923 -33.20261538]
-0.02	 0.57	-0.1	-0.1	140_S	[-11.71792308  -5.17961538 -34.70338462]
0.12	 0.79	0.07	-0.23	140_S	[-10.048       -4.274      -36.06694118]
0.13	 1.32	0.09	-0.36	141_S	[-13.15966667  -5.25588889 -34.19588889]
-0.17	 -0.67	0.0	0.18	141_S	[-12.66741463  -6.79343902 -37.16656098]
-0.01	 -0.46	0.02	-0.04	141_S	[-14.49366667  -7.24184615 -35.46692308]
0.07	 0.57	-0.06	-0.14	142_N	[-14.1478125  -5.3293125 -39.1451875]
0.02	 -0.31	-0.06	-0.06	142_N	[-16.2187037   -3.88188889 -40.45185185]
0.13	 1.45	0.14	-0.41	142_N	[-17.24554545  -2.198      -40.25336364]
0.16	 1.18	0.18	-0.44	142_N	[-19.66644  -2.5784  -38.34964]
0.01	 -1.16	-0.05	-0.04	142_N	[-16.744625    -6.791875   -38.69508333]
-0.03	 0.47	-0.08	-0.01	142_N	[-18.488       -5.49172222 -40.93683333]
0.1	 0.48	-0.05	-0.19	142_N	[-19.44321875  -3.98503125 -40.24246875]
-0.23	 -0.95	0.03	0.29	142_N	[-19.13619608  -7.16021569 -40.45776471]
0.11	 1.15	0.27	-0.54	143_I	[-16.32176923  -1.81284615 -40.15569231]
0.14	 1.25	0.3	-0.53	143_I	[-17.23107692  -0.91823077 -40.94792308]
0.15	 1.51	0.28	-0.52	143_I	[-16.5141  -0.6352 -41.2562]
0.17	 1.27	0.25	-0.5	144_K	[-19.2317907   -1.88569767 -41.03037209]
0.08	 0.75	-0.1	-0.17	144_K	[-21.68596875  -1.1895625  -43.70721875]
-0.12	 -0.44	-0.11	0.13	144_K	[-21.86221053  -3.51571053 -41.96531579]
-0.21	 -0.75	-0.02	0.29	144_K	[-19.65541176  -3.72609804 -43.99560784]
0.19	 1.37	0.08	-0.33	146_G	[-23.37065   6.78065 -43.80445]
0.12	 0.28	0.07	-0.28	147_C	[-23.2112963    9.02485185 -44.07614815]
0.2	 0.54	0.12	-0.34	147_C	[-25.97673913  10.43730435 -43.16395652]
0.1	 0.6	-0.05	-0.18	147_C	[-23.31079167  11.09204167 -45.107375  ]
0.09	 1.61	0.13	-0.4	149_Q	[-29.8688   9.6876 -44.6786]
-0.06	 -0.09	-0.04	0.03	149_Q	[-31.53595   10.331475 -44.890275]
-0.04	 0.05	0.01	-0.03	149_Q	[-28.2002449   10.78379592 -45.24693878]
0.18	 1.26	0.13	-0.39	151_Y	[-34.04991667  20.97966667 -40.05166667]
0.17	 1.58	0.14	-0.42	151_Y	[-37.36975  17.849   -37.724  ]
-0.04	 0.06	-0.05	-0.06	151_Y	[-34.34337209  22.42032558 -37.98802326]
0.05	 0.77	-0.06	-0.17	151_Y	[-37.93306061  19.37636364 -37.70833333]
-0.13	 -0.93	-0.01	0.1	151_Y	[-37.3700625  22.7316875 -37.209875 ]
0.21	 1.51	0.31	-0.56	152_Y	[-32.9715      21.7955     -35.26681818]
0.04	 0.82	-0.05	-0.15	153_P	[-35.729       23.31145455 -35.20581818]
0.1	 0.59	-0.02	-0.19	153_P	[-35.70345455  23.68754545 -31.92845455]
-0.11	 0.04	-0.04	0.04	153_P	[-33.67486957  24.09380435 -33.70730435]
-0.19	 -0.77	-0.0	0.23	153_P	[-37.74774286  23.29942857 -32.73325714]
-0.07	 -0.28	-0.11	0.12	153_P	[-39.0930566   21.15622642 -33.70396226]
0.17	 1.57	0.14	-0.42	153_P	[-38.34109524  19.54628571 -33.65152381]
0.03	 0.29	-0.1	-0.1	154_E	[-33.36248276  23.93275862 -30.78493103]
0.23	 1.23	0.03	-0.29	154_E	[-31.28706667  23.26646667 -29.6028    ]
0.04	 0.52	-0.0	-0.09	154_E	[-32.83278571  22.23885714 -28.39028571]
-0.13	 -0.42	0.04	0.12	154_E	[-35.38010256  23.00482051 -28.55151282]
0.04	 0.28	-0.2	-0.01	154_E	[-36.9792  22.7078 -30.0888]
0.12	 1.05	-0.42	-0.08	154_E	[-37.5692963   19.56940741 -30.3572963 ]
8.95	 -0.23	0.08	0.3	154_E	[-37.83862745  21.09947059 -28.70262745]
0.18	 1.35	0.4	-0.63	156_A	[-31.56868421  22.69142105 -34.75484211]
0.16	 1.4	0.18	-0.41	156_A	[-27.42573333  23.50353333 -35.4696    ]
0.18	 0.86	-0.01	-0.2	156_A	[-28.55733333  26.18366667 -33.76655556]
-0.02	 0.12	-0.06	-0.03	156_A	[-26.78183333  25.2585     -34.08505556]
-0.11	 -0.38	-0.03	0.14	156_A	[-30.30673134  25.04676119 -35.67220896]
0.14	 1.72	0.16	-0.4	157_F	[-27.97323529  26.87070588 -32.24647059]
0.2	 1.13	0.12	-0.4	157_F	[-28.55035714  24.41192857 -28.58271429]
-0.07	 -0.28	-0.09	0.02	157_F	[-30.45543333  25.5346     -29.5589    ]
0.05	 0.89	0.05	-0.21	157_F	[-29.54726667  27.9138     -30.9232    ]
-0.08	 0.04	-0.15	0.07	157_F	[-31.00365385  27.23109615 -32.49040385]
-0.03	 0.15	0.11	-0.09	157_F	[-29.51771875  28.72771875 -28.9370625 ]
-0.2	 -1.15	0.17	0.29	157_F	[-31.26816667  29.52475    -32.70272917]
-0.18	 -0.94	0.04	0.13	157_F	[-29.37215789  30.84331579 -29.94218421]
-0.27	 -1.12	-0.01	0.37	157_F	[-30.23986364  31.10275    -31.75745455]
0.07	 1.1	0.15	-0.41	158_Q	[-29.16685714  23.82785714 -28.97714286]
0.07	 0.19	-0.04	-0.13	158_Q	[-29.7375625  22.3329375 -27.9185625]
0.21	 1.42	0.15	-0.39	158_Q	[-31.60753333  20.82853333 -27.13293333]
0.1	 1.15	0.53	-0.73	159_F	[-23.51571429  24.374      -33.44442857]
0.16	 0.63	0.04	-0.25	159_F	[-25.04929167  23.46220833 -34.90691667]
0.14	 1.2	0.06	-0.31	160_K	[-24.40707692  25.05130769 -33.23092308]
-0.01	 -0.04	-0.15	-0.02	160_K	[-22.5367931   26.06286207 -32.37527586]
0.13	 1.49	0.22	-0.49	160_K	[-23.56169231  27.60838462 -28.83284615]
-0.09	 -0.44	-0.13	0.08	160_K	[-21.78431579  27.11784211 -29.45836842]
0.0	 -0.11	-0.05	-0.08	160_K	[-25.50757143  27.236      -32.77390476]
-0.22	 -1.01	0.03	0.28	160_K	[-23.08589655  28.831      -31.99431034]
-0.11	 -0.42	0.1	0.11	160_K	[-25.92729412  29.87176471 -32.28045098]
-0.03	 0.12	-0.13	-0.05	160_K	[-26.76996296  30.58737037 -29.70651852]
-0.19	 -0.76	0.1	0.3	160_K	[-24.58366102  30.78576271 -29.03111864]
-0.07	 -0.21	-0.06	-0.01	161_D	[-23.47058824  26.73735294 -26.75447059]
-0.05	 0.09	-0.07	0.05	161_D	[-21.2327037   24.72927778 -26.1757037 ]
0.13	 0.55	-0.04	-0.13	161_D	[-24.165125  25.302375 -25.188625]
-0.07	 -0.21	-0.03	0.1	161_D	[-25.64055556  26.32205556 -25.12316667]
-0.08	 -0.02	-0.02	0.05	161_D	[-25.70555102  28.09716327 -27.15163265]
-0.16	 -0.47	0.0	0.15	161_D	[-27.82819048  25.48914286 -26.30747619]
0.16	 1.49	0.13	-0.41	162_A	[-21.18988889  22.12583333 -26.31861111]
0.14	 1.14	0.07	-0.28	162_A	[-17.76503704  22.30492593 -29.44837037]
0.15	 1.42	0.15	-0.46	163_G	[-19.80194118  24.93417647 -28.121     ]
-0.13	 -0.28	-0.12	0.13	163_G	[-19.00454348  25.57132609 -29.80365217]
0.04	 0.76	0.04	-0.24	163_G	[-18.9378      24.27673333 -31.75603333]
-0.2	 -0.7	0.02	0.29	163_G	[-17.19651163  24.19290698 -32.06972093]
0.16	 1.29	0.3	-0.55	164_L	[-20.8857  24.6601 -32.4445]
0.18	 1.5	-0.02	-0.26	164_L	[-17.817625  22.647375 -33.821625]
0.01	 0.22	0.05	-0.17	164_L	[-19.5854  24.7214 -34.3668]
0.05	 0.18	0.05	-0.19	164_L	[-22.057       24.22402778 -34.53022222]
0.12	 0.85	-0.02	-0.26	164_L	[-19.84883333  20.30591667 -34.70291667]
0.16	 1.76	0.15	-0.41	164_L	[-20.22656  18.27624 -33.79632]
0.03	 0.23	-0.14	-0.11	164_L	[-17.32138  20.28784 -32.80188]
-0.08	 -0.29	-0.26	0.05	165_S	[-18.14683333  23.38693333 -35.41293333]
-0.03	 -0.51	-0.09	0.01	165_S	[-20.38905882  25.03058824 -36.58305882]
0.21	 0.93	0.15	-0.4	165_S	[-19.42937931  20.67558621 -36.87996552]
-0.03	 0.03	-0.05	-0.03	165_S	[-17.63328125  25.13171875 -37.2126875 ]
0.18	 0.89	0.12	-0.35	166_I	[-21.79995455  24.2515     -38.18904545]
-0.0	 0.32	-0.15	-0.09	166_I	[-23.45805  25.1147  -39.63505]
0.06	 0.36	0.05	-0.14	166_I	[-25.06751515  23.46351515 -37.54933333]
0.15	 0.77	-0.01	-0.23	166_I	[-25.75164706  25.14864706 -40.22623529]
0.18	 1.87	0.14	-0.4	167_F	[-21.32592857  25.60285714 -40.19735714]
0.11	 1.14	0.02	-0.31	167_F	[-22.38741379  27.22368966 -40.96593103]
0.1	 0.88	0.08	-0.27	168_N	[-15.13421429  20.76135714 -41.51285714]
0.13	 0.66	0.03	-0.27	168_N	[-15.0192   18.84355 -39.6632 ]
0.22	 1.04	0.1	-0.36	168_N	[-17.3426087   19.30343478 -37.54830435]
0.08	 0.57	-0.01	-0.19	168_N	[-14.78621311  21.38057377 -38.47593443]
0.14	 1.44	0.32	-0.56	168_N	[-13.43207143  22.22528571 -39.52421429]
0.16	 0.86	0.04	-0.38	168_N	[-13.52475  21.98815 -41.2988 ]
-0.08	 -0.34	0.06	0.09	168_N	[-14.85437143  24.42742857 -38.01688571]
0.13	 0.79	0.0	-0.28	169_N	[-15.6133913   18.68821739 -42.10347826]
0.2	 1.17	0.15	-0.4	169_N	[-16.33592857  15.66771429 -44.02260714]
0.25	 1.59	0.29	-0.53	170_T	[-14.72609091  17.09490909 -39.97      ]
0.07	 0.74	0.04	-0.24	170_T	[-14.347       13.7909375  -42.98321875]
0.14	 1.61	-0.02	-0.26	170_T	[-12.9996  13.8404 -42.9264]
0.1	 0.74	-0.01	-0.24	170_T	[-12.0536      15.81557778 -39.97457778]
-0.1	 -0.07	-0.24	0.07	170_T	[-12.4416      16.44266667 -42.48156667]
0.17	 1.29	-0.06	-0.26	171_W	[-15.711   12.6467 -43.3059]
0.14	 0.94	0.04	-0.3	171_W	[-17.314       13.30185185 -44.22262963]
0.15	 1.56	0.35	-0.59	171_W	[-17.91888889  13.38911111 -45.73344444]
0.21	 1.18	0.09	-0.36	171_W	[-21.1008    9.96215 -46.49055]
0.17	 1.47	0.19	-0.47	172_S	[-14.61238462  11.74461538 -43.32253846]
0.12	 1.01	-0.0	-0.29	172_S	[-13.1379       7.30833333 -45.39503333]
0.11	 0.94	0.04	-0.22	172_S	[-14.98106667  11.5967     -45.15443333]
0.14	 1.61	0.16	-0.42	173_N	[-13.18564706  11.45929412 -43.46405882]
0.07	 0.55	-0.02	-0.15	173_N	[-10.86875   8.7382  -44.59805]
0.14	 0.85	-0.0	-0.25	173_N	[ -9.337        8.65790909 -42.69409091]
-0.07	 0.04	-0.15	0.05	173_N	[-10.40102381  11.09421429 -44.6587381 ]
0.06	 0.64	-0.09	-0.15	173_N	[-11.82594118  12.94635294 -43.33623529]
-0.13	 -0.53	-0.01	0.13	173_N	[ -9.24546512  13.4        -42.30953488]
0.14	 1.53	0.27	-0.52	174_I	[-10.24075      7.34733333 -43.14191667]
-0.01	 0.18	0.02	-0.03	174_I	[ -8.332925   6.080875 -42.10605 ]
0.13	 0.95	-0.01	-0.27	175_H	[ -6.734375    6.4041875 -40.4399375]
0.24	 1.48	0.12	-0.39	175_H	[ -6.3671   8.8753 -37.3207]
0.01	 1.67	-0.08	-0.11	175_H	[ -5.23528571   8.3465     -37.41207143]
0.15	 2.19	0.05	-0.28	175_H	[ -5.01363636   7.60727273 -35.919     ]
-0.14	 -0.52	-0.05	0.22	175_H	[ -4.17819608   6.9597451  -39.75837255]
-0.07	 -0.19	-0.07	0.06	175_H	[ -2.5633871    5.87383871 -36.36496774]
-0.21	 -0.74	0.1	0.35	175_H	[ -2.21614815   5.77096296 -38.46440741]
0.16	 0.38	0.05	-0.24	176_D	[ -6.8866    3.8545  -40.00385]
0.05	 0.33	-0.05	-0.13	176_D	[ -3.98843243   2.44389189 -38.6637027 ]
0.03	 0.61	-0.07	-0.11	176_D	[ -6.90354167   1.09745833 -40.203125  ]
0.16	 0.49	0.04	-0.29	176_D	[ -7.97533333  -1.2405     -40.00758333]
0.17	 1.17	-0.01	-0.25	177_F	[ -2.79078571   2.855      -35.85742857]
0.14	 1.68	0.07	-0.35	177_F	[ -2.79166667   1.72183333 -36.59183333]
-0.15	 -0.66	-0.01	0.24	177_F	[ -1.95597436   0.76589744 -34.84417949]
0.01	 0.43	-0.11	-0.13	177_F	[ -3.98718182   1.79086364 -32.124     ]
0.03	 0.09	-0.26	-0.06	177_F	[ -4.32766667   3.53144444 -31.64122222]
0.08	 0.88	0.03	-0.29	177_F	[ -5.82509524   4.35238095 -31.4907619 ]
-0.12	 0.02	0.04	0.08	177_F	[ -2.50826316   4.23084211 -32.95365789]
-0.03	 0.13	-0.09	-0.04	177_F	[ -5.82672727   6.75295455 -31.85804545]
-0.2	 -1.12	0.1	0.25	177_F	[ -2.24687179   6.38948718 -32.78810256]
-0.16	 -0.95	0.04	0.23	177_F	[ -4.18271111   7.7478     -32.89208889]
0.08	 0.43	-0.03	-0.08	178_T	[ -2.83314286  -2.14264286 -35.55785714]
0.11	 0.79	-0.14	-0.12	178_T	[ -3.9285      -3.48016667 -36.27433333]
0.07	 0.7	-0.09	-0.15	178_T	[ -5.63118182  -4.09954545 -36.57086364]
-0.11	 -0.36	0.08	0.03	178_T	[ -4.9482  -3.5684 -33.9174]
0.12	 0.71	0.12	-0.36	178_T	[ -7.56233333  -2.96538095 -34.88166667]
-0.16	 -0.53	-0.09	0.21	178_T	[ -3.60818367  -1.75136735 -32.40587755]
0.15	 1.6	0.09	-0.3	179_P	[ -6.076       -2.52566667 -40.44683333]
0.1	 0.82	-0.02	-0.24	179_P	[ -2.90963636  -3.743      -40.93218182]
-0.11	 -0.31	0.0	0.13	179_P	[ -2.7087027   -4.32991892 -38.546     ]
-0.1	 -0.39	-0.04	0.13	179_P	[ -4.38027083  -1.35579167 -41.3945    ]
-0.21	 -1.14	0.07	0.3	179_P	[ -2.04406977  -0.6405814  -40.26493023]
-0.03	 -0.04	-0.03	0.03	179_P	[ -2.06648148  -0.45214815 -37.72866667]
0.19	 1.65	0.12	-0.41	180_V	[ -6.26133333  -3.90713333 -41.07493333]
0.08	 0.18	-0.09	-0.12	180_V	[ -3.1245      -6.46016667 -39.84708333]
0.03	 0.41	-0.26	-0.03	180_V	[ -3.50964286  -4.23092857 -42.46114286]
0.2	 -0.13	0.04	-0.21	180_V	[ -4.846       -4.47861538 -43.61923077]
0.15	 0.49	-0.05	-0.23	180_V	[ -7.0895  -6.4411 -40.878 ]
-0.13	 -0.52	0.01	0.15	180_V	[ -5.19459322  -8.99723729 -40.89659322]
-0.17	 -0.82	0.02	0.27	180_V	[ -5.71788235  -7.00090196 -38.00398039]
-0.07	 -0.44	-0.18	0.09	181_S	[ -2.34057143  -5.97809524 -41.63861905]
-0.09	 0.16	-0.0	0.08	181_S	[ -2.20965217  -5.20286957 -44.57917391]
0.09	 2.05	0.02	-0.3	181_S	[ -3.121   -8.4196 -46.0852]
-0.02	 0.05	-0.08	0.01	181_S	[ -4.27643243  -8.99627027 -44.57840541]
-0.21	 -1.14	0.07	0.31	181_S	[ -0.65297959  -7.37202041 -43.41363265]
-0.22	 -0.88	0.13	0.38	181_S	[ -0.75304651  -7.70965116 -45.97634884]
-0.1	 -0.83	0.01	0.09	182_G	[ -3.879       -5.352875   -46.11754167]
-0.21	 -0.95	0.06	0.28	182_G	[ -4.3814898   -7.11626531 -47.80612245]
0.01	 0.48	-0.14	-0.07	182_G	[ -6.58229032  -6.94229032 -46.68803226]
-0.27	 -1.03	0.08	0.34	182_G	[ -7.38764516  -8.00509677 -47.73890323]
0.11	 1.38	0.03	-0.29	183_E	[ -6.252       -4.86577778 -46.07233333]
0.12	 -0.65	-0.04	-0.11	183_E	[ -8.73323077  -5.89892308 -46.28676923]
0.2	 1.42	0.29	-0.55	183_E	[ -8.19464286  -5.464      -42.49828571]
-0.01	 0.29	-0.34	-0.03	183_E	[ -6.877775  -3.883875 -43.48795 ]
-0.01	 0.25	-0.15	0.02	183_E	[ -8.87717241  -6.8842069  -42.86493103]
-0.17	 -0.84	-0.02	0.17	183_E	[ -9.57317241  -8.45406897 -45.58565517]
-0.1	 -0.67	-0.03	0.08	183_E	[ -9.06096667 -10.14196667 -44.00023333]
-0.29	 -1.13	0.21	0.47	183_E	[-10.86129268 -10.09895122 -43.94758537]
-0.25	 -0.53	-0.01	0.29	183_E	[ -7.60264286 -10.68221429 -43.73942857]
0.04	 -0.25	-0.11	-0.07	184_L	[-10.25047059  -5.16094118 -45.12317647]
0.08	 0.6	-0.01	-0.2	184_L	[ -8.88672222  -2.20644444 -43.25394444]
0.17	 1.69	0.02	-0.32	184_L	[-10.27442857  -5.26685714 -41.98614286]
-0.14	 -0.36	-0.08	0.17	184_L	[-12.43760417  -4.438625   -42.49775   ]
-0.02	 -0.27	-0.04	0.01	184_L	[-11.65192  -3.08796 -45.502  ]
-0.01	 0.5	-0.05	-0.12	184_L	[ -9.4534   -0.34956 -44.52096]
-0.16	 -0.78	0.02	0.24	184_L	[ -7.97076271  -2.27372881 -46.78750847]
-0.22	 -0.88	0.04	0.32	184_L	[-10.97560937  -0.74725    -47.18075   ]
0.13	 0.8	0.01	-0.28	185_N	[ -9.12836  -2.64136 -41.60252]
0.17	 1.8	0.09	-0.36	185_N	[-12.1594      -4.69593333 -39.82693333]
0.17	 1.04	0.08	-0.3	185_N	[-13.73364286  -2.79292857 -41.24014286]
0.15	 1.29	-0.15	-0.12	185_N	[ -9.372   -4.7472 -37.1982]
-0.1	 0.05	-0.06	0.04	185_N	[ -9.82465306  -5.59987755 -39.30814286]
0.15	 0.97	-0.18	-0.24	185_N	[ -7.9528  -3.8955 -38.8079]
0.11	 1.51	0.16	-0.45	186_W	[-13.53328571  -2.28271429 -42.05257143]
0.14	 1.2	0.04	-0.32	186_W	[-15.07552941  -1.43423529 -41.28558824]
0.05	 0.31	-0.1	-0.11	186_W	[-14.56411765  -1.56952941 -42.86876471]
0.19	 0.86	0.07	-0.33	186_W	[-1.279195e+01  3.772500e-02 -4.448225e+01]
0.16	 1.19	0.17	-0.41	186_W	[ -9.6923913    0.05317391 -41.75613043]
-0.06	 -0.01	-0.14	0.03	186_W	[ -8.90078571   2.14296429 -42.3195    ]
0.19	 1.27	0.3	-0.51	186_W	[-10.65766667   1.67438889 -44.05922222]
-0.17	 -0.44	-0.19	0.23	186_W	[ -9.59408333   3.54855556 -44.29211111]
0.01	 0.28	-0.14	-0.08	186_W	[-13.49084375   4.32596875 -45.3581875 ]
-0.11	 -0.44	0.06	0.09	186_W	[-11.21269767   4.66902326 -45.06839535]
0.14	 1.7	0.18	-0.45	187_S	[-16.01875   -0.756125 -42.360875]
0.12	 0.86	0.03	-0.16	187_S	[-14.79433333   1.54538889 -45.52544444]
-0.28	 -1.09	0.03	0.35	187_S	[-16.10161765  -0.85711765 -46.02858824]
0.0	 0.03	-0.04	-0.12	187_S	[-17.83009756  -1.32853659 -44.21721951]
0.03	 0.16	-0.1	-0.04	188_L	[-16.98118182   1.63109091 -46.65127273]
-0.08	 -0.23	-0.03	0.03	188_L	[-20.20512195   1.02112195 -46.72339024]
0.12	 0.25	0.01	-0.12	188_L	[-18.21457143   3.50021429 -47.81107143]
0.01	 0.11	-0.03	-0.08	188_L	[-15.59222727   3.88581818 -46.60518182]
0.02	 0.31	-0.0	-0.05	188_L	[-16.00026829   5.76182927 -48.14295122]
0.17	 1.54	0.29	-0.55	188_L	[-14.707        6.01818182 -45.78027273]
0.22	 1.32	0.45	-0.66	189_L	[-21.68930769   0.47176923 -44.93484615]
0.2	 1.54	0.18	-0.45	189_L	[-21.513875   2.825    -48.150875]
0.2	 1.49	0.16	-0.42	189_L	[-24.13338462   4.52365385 -44.56746154]
0.2	 1.6	0.19	-0.45	189_L	[-23.90973684  -0.39789474 -43.18021053]
0.12	 1.55	0.18	-0.45	190_P	[-22.2236   1.0534 -47.679 ]
-0.08	 -0.5	0.0	0.05	190_P	[-22.91530435   1.58769565 -49.06578261]
0.21	 0.32	0.07	-0.27	190_P	[-25.19814286   4.943      -46.83680952]
-0.09	 -0.41	-0.03	0.08	190_P	[-25.70932   0.5896  -49.09292]
-0.17	 -0.7	0.08	0.2	190_P	[-25.26911111  -0.57203704 -47.43014815]
-0.04	 0.03	-0.21	0.06	190_P	[-23.2217      -0.28803333 -45.91116667]
0.04	 0.23	0.03	-0.15	191_E	[-24.27838462   3.30642308 -50.39980769]
0.23	 1.42	0.0	-0.27	191_E	[-24.81109091   6.70618182 -48.547     ]
0.1	 1.06	-0.1	-0.09	191_E	[-27.13071429   6.08757143 -51.229     ]
-0.16	 -0.75	-0.04	0.14	191_E	[-27.584        6.77460465 -48.78955814]
-0.08	 -0.43	-0.03	0.05	191_E	[-24.38033333   5.36176667 -51.82376667]
-0.13	 -0.81	-0.06	0.15	191_E	[-25.21908824   8.12047059 -50.78991176]
-0.1	 -0.07	0.03	0.05	191_E	[-24.21338889   8.50083333 -53.26905556]
-0.1	 -0.71	0.06	0.02	191_E	[-22.67188571   7.11025714 -53.17185714]
-0.05	 -0.09	-0.11	0.0	191_E	[-23.37361364  10.21845455 -51.76931818]
0.05	 0.45	-0.18	-0.11	192_D	[-26.6892       4.228      -51.50813333]
-0.13	 -0.43	-0.04	0.12	192_D	[-29.17378571   5.54285714 -50.74135714]
0.12	 1.01	0.03	-0.28	192_D	[-29.55457143   3.65942857 -48.64492857]
-0.08	 -0.89	-0.09	0.07	192_D	[-30.97973529   3.61408824 -48.76494118]
-0.25	 -1.18	0.09	0.33	192_D	[-29.58371429   3.97714286 -52.09417143]
-0.08	 -0.55	-0.02	0.01	192_D	[-28.3863871    1.86470968 -51.11874194]
-0.09	 -0.16	-0.09	0.03	192_D	[-27.27640741   1.22340741 -50.06085185]
-0.3	 -1.12	0.21	0.47	192_D	[-29.24760976   1.03853659 -52.46743902]
0.05	 0.08	0.05	-0.14	193_A	[-29.23082759   2.07165517 -46.78458621]
-0.0	 -0.02	0.01	-0.05	193_A	[-29.59209524   6.18914286 -46.1332381 ]
0.19	 1.12	0.15	-0.41	193_A	[-27.111125   3.47375  -45.635   ]
0.17	 0.97	0.07	-0.3	194_V	[-31.25895652   2.24330435 -44.95786957]
0.09	 0.89	-0.05	-0.1	194_V	[-32.39266667   5.883      -45.75544444]
-0.13	 -0.54	0.04	0.17	194_V	[-35.17112963   4.96822222 -44.58288889]
-0.16	 -0.7	-0.01	0.2	194_V	[-33.51671875   3.64553125 -47.31859375]
0.09	 0.39	-0.1	-0.13	195_V	[-32.08981818   6.90045455 -43.60836364]
0.13	 1.09	0.07	-0.31	195_V	[-32.63645455   8.35359091 -42.16968182]
0.13	 0.95	-0.09	-0.23	195_V	[-30.06970968   8.12322581 -43.60896774]
0.18	 1.4	0.13	-0.4	196_Q	[-34.27623529   6.79994118 -41.84647059]
0.09	 0.4	0.07	-0.21	196_Q	[-35.56188889   2.249      -38.61474074]
-0.04	 -0.17	-0.1	-0.03	196_Q	[-36.43893103   5.59893103 -41.81110345]
-0.2	 -0.7	-0.02	0.2	196_Q	[-37.95861111   4.139      -40.55661111]
-0.06	 -0.16	-0.03	0.06	196_Q	[-39.01146154   6.03538462 -38.76661538]
-0.14	 -0.31	0.02	0.18	196_Q	[-38.75975676   4.40362162 -37.32456757]
0.03	 -0.23	-0.08	-0.04	196_Q	[-37.92477273   7.68163636 -38.82781818]
-0.02	 0.32	-0.13	0.0	197_D	[-34.75221429   0.62678571 -40.115     ]
0.17	 1.83	-0.04	-0.24	197_D	[-33.6422   1.0351 -38.2683]
-0.08	 0.07	-0.05	0.05	197_D	[-31.81111864  -0.44071186 -39.13720339]
-0.06	 -0.2	0.07	-0.06	197_D	[-3.25260645e+01  2.68387097e-02 -4.23910968e+01]
-0.1	 -0.33	0.0	0.1	197_D	[-3.479375e+01 -3.430000e-02 -4.336995e+01]
-0.15	 -0.32	0.04	0.18	197_D	[-33.95309524   0.696      -44.82340476]
-0.14	 -0.37	0.01	0.21	197_D	[-36.1275       1.31179167 -42.16847917]
0.27	 0.98	0.12	-0.37	198_Y	[-31.34915   0.74685 -36.0789 ]
0.13	 1.48	0.3	-0.55	198_Y	[-29.6046   0.2726 -40.408 ]
0.07	 1.45	0.22	-0.49	198_Y	[-29.62844444   0.34166667 -41.01466667]
0.15	 1.36	0.11	-0.38	198_Y	[-29.0128      -0.27813333 -39.9484    ]
0.03	 0.15	-0.1	-0.07	198_Y	[-29.77208824   0.66429412 -42.96982353]
0.04	 0.63	-0.09	-0.12	198_Y	[-27.4280625  -1.28025   -41.1903125]
-0.06	 -0.11	0.17	-0.17	198_Y	[-28.59878571  -0.50585714 -41.95407143]
-0.06	 -0.41	0.01	0.07	198_Y	[-26.71520588  -0.59641176 -43.97573529]
-0.01	 -0.07	0.06	-0.06	200_P	[-37.02926471   3.38211765 -35.11402941]
-0.12	 -0.67	-0.01	0.14	200_P	[-35.495        1.84959459 -34.24886486]
0.08	 0.9	-0.1	-0.15	200_P	[-33.65268421   1.48226316 -36.26794737]
0.07	 0.16	-0.03	-0.18	201_I	[-38.62647059   5.42964706 -33.77920588]
0.18	 1.44	0.15	-0.42	201_I	[-38.1694      10.45586667 -34.0672    ]
-0.03	 -0.01	-0.25	0.03	201_I	[-39.81604545   7.40859091 -36.14513636]
0.17	 0.7	0.08	-0.31	201_I	[-37.3803913   10.20726087 -37.84630435]
-0.15	 -0.73	-0.03	0.22	201_I	[-40.35461972  10.09911268 -35.88998592]
0.1	 0.54	0.02	-0.23	202_P	[-38.2438       6.02773333 -29.9949    ]
0.05	 0.23	-0.02	-0.14	202_P	[-40.90343902   8.919      -31.91541463]
0.25	 1.33	0.32	-0.56	202_P	[-39.02090909   9.67672727 -30.35981818]
0.19	 1.36	0.34	-0.58	202_P	[-37.525       10.67672727 -29.95627273]
0.09	 0.92	-0.06	-0.21	202_P	[-37.73812121  10.39306061 -31.98369697]
0.14	 0.93	0.01	-0.23	203_T	[-40.2396    5.16275 -30.30445]
0.09	 0.62	-0.05	-0.19	203_T	[-43.32873684   7.96594737 -30.79631579]
0.15	 1.1	0.07	-0.3	203_T	[-42.90288889   4.93466667 -28.24422222]
-0.1	 -0.19	-0.07	0.15	203_T	[-44.93519355   6.21848387 -28.858     ]
-0.11	 -0.46	-0.08	0.14	203_T	[-44.07804   5.2674  -31.30256]
-0.26	 -0.94	0.12	0.37	203_T	[-42.25761765   3.4245     -30.31747059]
-0.2	 -0.91	0.0	0.31	203_T	[-42.24493846   5.04955385 -33.41772308]
-0.05	 -0.05	-0.1	0.04	204_T	[-43.7014       5.72346667 -26.60566667]
0.13	 0.66	-0.13	-0.09	204_T	[-41.99653333   5.976      -24.50626667]
0.16	 0.93	0.14	-0.35	204_T	[-39.3763       7.175      -24.81976667]
-0.09	 -0.21	-0.14	0.03	204_T	[-40.79340625   4.53264062 -26.28348437]
0.08	 0.7	0.03	-0.17	205_E	[-44.905        7.32892308 -25.68923077]
0.12	 0.89	-0.01	-0.24	205_E	[-44.29691667  10.3835     -22.80341667]
-0.04	 -0.32	-0.01	0.03	205_E	[-44.24329412  12.23523529 -24.68435294]
-0.07	 -0.08	-0.05	0.01	205_E	[-45.97992683   8.2505122  -23.31785366]
-0.21	 -0.9	-0.1	0.27	205_E	[-46.9674186   10.50727907 -23.13504651]
-0.01	 0.19	-0.02	-0.05	205_E	[-48.01232353  10.44114706 -25.57211765]
-0.15	 -0.34	-0.07	0.14	205_E	[-48.03076667   8.7838     -26.59233333]
-0.34	 -1.25	0.28	0.55	205_E	[-49.17358333  11.44716667 -25.06991667]
-0.02	 -0.25	-0.06	0.02	206_E	[-42.51840909  11.50886364 -22.34827273]
0.07	 1.04	0.2	-0.46	206_E	[-42.1764  12.4304 -23.4754]
0.06	 0.48	0.01	-0.18	206_E	[-40.44535   13.074675 -23.517825]
-0.08	 -0.53	-0.1	0.06	206_E	[-39.82621875   9.612375   -22.00425   ]
-0.2	 -1.11	0.05	0.29	206_E	[-41.58233333   9.360375   -20.09441667]
-0.09	 0.0	0.02	0.01	206_E	[-42.69022727   7.83609091 -20.78604545]
-0.22	 -0.47	0.07	0.28	206_E	[-44.29608333   8.19079167 -20.60920833]
-0.06	 -0.19	-0.01	0.08	206_E	[-42.22836111   6.60711111 -22.49075   ]
0.11	 0.81	0.0	-0.3	207_L	[-39.42778571  11.55292857 -29.4102381 ]
0.05	 0.55	-0.03	-0.2	207_L	[-37.177375    10.42658333 -23.33879167]
0.24	 1.25	0.12	-0.38	207_L	[-37.11954545   7.42972727 -24.93686364]
0.1	 0.16	-0.04	-0.17	208_K	[-41.95922222  11.55005556 -29.72583333]
0.05	 0.08	-0.12	-0.07	208_K	[-44.004875  14.50875  -28.311375]
-0.03	 -0.04	-0.06	0.03	208_K	[-42.91681579  14.71371053 -30.49831579]
-0.05	 -0.2	-0.04	-0.0	208_K	[-45.0779375   12.64971875 -27.67503125]
-0.01	 0.01	-0.05	-0.01	208_K	[-43.86096  10.745   -30.25776]
-0.12	 -0.48	-0.1	0.16	208_K	[-46.7612963   11.41144444 -28.55914815]
-0.05	 0.03	-0.03	0.0	208_K	[-45.74243902   8.56156098 -29.97112195]
-0.22	 -0.73	0.13	0.3	208_K	[-48.02166667   9.01466667 -29.547     ]
0.12	 0.59	-0.0	-0.24	209_A	[-42.46829167  14.10904167 -26.24633333]
-0.1	 -0.38	-0.04	0.07	209_A	[-43.14905  16.68305 -28.3186 ]
0.12	 0.71	0.0	-0.24	209_A	[-39.61241667  17.63666667 -27.84391667]
8.71	 0.11	-0.06	0.16	209_A	[-40.66181081  18.51937838 -29.40805405]
-0.17	 -0.83	0.04	0.22	209_A	[-41.4795      17.01254839 -25.60612903]
0.28	 1.43	-0.09	-0.42	210_V	[-38.31861111  17.85455556 -29.42044444]
0.05	 0.49	-0.06	-0.09	210_V	[-39.16874419  13.42969767 -31.42953488]
0.17	 1.05	0.08	-0.34	210_V	[-37.75695833  17.12670833 -27.45875   ]
0.2	 1.32	0.19	-0.44	211_R	[-39.27961905  18.30080952 -31.9292381 ]
0.04	 -1.2	-0.04	-0.03	211_R	[-41.0235      15.18935714 -33.17564286]
0.01	 -0.02	-0.14	0.0	211_R	[-39.845       15.84588889 -35.71933333]
0.1	 0.4	0.04	-0.23	211_R	[-38.57153571  17.67989286 -36.05732143]
-0.11	 -0.28	0.03	0.05	211_R	[-40.93834615  17.81638462 -34.88338462]
0.04	 0.5	-0.08	-0.11	211_R	[-41.98752778  17.63041667 -32.29741667]
-0.21	 -0.91	-0.15	0.29	211_R	[-42.81028571  18.77514286 -34.0932    ]
-0.21	 -0.47	-0.24	0.17	211_R	[-43.86644828  18.07955172 -31.48575862]
-0.12	 -0.34	-0.04	0.14	211_R	[-45.20708333  19.41175    -32.633125  ]
-0.26	 -1.19	0.11	0.38	211_R	[-45.66637255  20.26784314 -34.16811765]
-0.3	 -1.28	0.23	0.49	211_R	[-46.53608  19.48166 -31.15708]
0.03	 -0.07	-0.23	0.01	212_V	[-39.61616667  13.9585     -34.74316667]
0.18	 0.97	-0.13	-0.14	212_V	[-38.6928  15.6619 -37.3012]
-0.08	 -0.14	0.03	0.03	212_V	[-39.09725641  13.12907692 -37.53564103]
0.16	 1.32	0.07	-0.35	212_V	[-38.23725    12.3953125 -34.281375 ]
0.16	 1.46	0.23	-0.49	212_V	[-37.20512121  12.29966667 -32.43012121]
0.03	 0.37	0.0	-0.18	213_S	[-37.64518182  13.12386364 -39.47840909]
-0.03	 -0.01	-0.03	-0.04	213_S	[-38.12842857  16.41891429 -39.60871429]
0.03	 0.26	-0.08	-0.12	213_S	[-37.87127778  15.21055556 -42.05016667]
0.13	 0.89	0.03	-0.26	214_T	[-36.5285      11.83813636 -40.17295455]
0.15	 1.07	-0.04	-0.21	214_T	[-35.22033333  11.24677778 -43.20422222]
0.05	 0.21	0.02	-0.14	214_T	[-33.31558824  10.23388235 -43.04970588]
0.18	 1.53	0.29	-0.54	214_T	[-33.631        9.40683333 -41.9       ]
-0.04	 -0.05	-0.04	-0.02	214_T	[-35.84766071   9.40357143 -41.092625  ]
0.11	 0.99	0.01	-0.23	215_E	[-34.476875   11.9574375 -44.7164375]
-0.05	 -0.14	-0.07	0.01	215_E	[-37.86132075  13.95928302 -43.70690566]
-0.12	 -0.46	-0.14	0.11	215_E	[-37.57459375  12.58103125 -45.52653125]
-0.34	 -1.33	0.32	0.56	215_E	[-38.98237143  11.53477143 -45.38797143]
-0.2	 -0.25	0.03	0.23	215_E	[-36.53330952  13.13066667 -47.20064286]
0.06	 0.35	-0.1	-0.14	216_A	[-33.59563333  13.27266667 -46.46366667]
0.05	 0.36	-0.12	-0.07	216_A	[-30.86425   15.969625 -47.758   ]
0.04	 0.3	0.08	-0.16	216_A	[-29.5955625  17.15725   -45.753    ]
-0.16	 -0.57	-0.02	0.22	216_A	[-30.87270492  13.53495082 -47.92927869]
0.07	 0.64	-0.03	-0.3	217_N	[-32.8572381   15.68233333 -47.94280952]
-0.06	 -0.02	-0.16	-0.04	217_N	[-31.56411111  18.27544444 -47.49488889]
0.05	 0.6	-0.18	-0.07	217_N	[-31.5575      19.15091667 -45.24791667]
-0.12	 -0.27	0.01	0.15	217_N	[-33.37657447  20.37546809 -46.16876596]
-0.14	 -0.47	-0.1	0.11	217_N	[-33.60615385  18.67217949 -49.11212821]
0.02	 0.47	0.04	-0.18	217_N	[-34.83341667  16.485      -48.25691667]
-0.3	 -0.88	0.02	0.47	217_N	[-35.35670455  16.37784091 -49.56888636]
-0.03	 0.13	-0.0	0.01	217_N	[-36.5967381   17.17466667 -46.76428571]
0.02	 0.11	-0.12	-0.08	218_R	[-34.11923077  20.34915385 -43.56423077]
0.09	 0.51	-0.23	0.01	218_R	[-31.81958333  20.07516667 -43.17983333]
0.11	 0.44	0.12	-0.24	218_R	[-32.28706061  20.52433333 -41.4650303 ]
-0.04	 -0.3	-0.1	0.04	218_R	[-36.72755172  18.81868966 -44.4747931 ]
-0.09	 -0.59	0.0	0.14	218_R	[-38.29089286  18.47721429 -42.87375   ]
0.01	 0.34	0.0	-0.1	218_R	[-36.10034783  20.94104348 -42.07873913]
-0.12	 -0.6	-0.03	0.15	218_R	[-38.55676923  21.65353846 -42.15938462]
-0.19	 -0.88	0.08	0.28	218_R	[-39.53433333  20.20681481 -40.39877778]
-0.22	 -0.86	0.01	0.26	218_R	[-37.60030952  22.88071429 -40.35042857]
0.09	 0.52	0.03	-0.3	219_S	[-29.63505  19.33655 -43.5108 ]
0.21	 1.02	0.06	-0.33	220_I	[-27.673       23.02544444 -37.753     ]
-0.0	 0.15	-0.07	-0.1	220_I	[-31.24442308  22.57911538 -38.49888462]
0.09	 0.75	-0.09	-0.12	222_P	[-27.05862963  18.88496296 -44.95359259]
0.15	 0.66	0.03	-0.25	222_P	[-25.8243      20.87996667 -45.97703333]
0.14	 0.17	0.04	-0.21	223_I	[-26.10021739  17.26934783 -47.01830435]
0.18	 1.3	0.35	-0.58	223_I	[-23.479     14.056875 -48.53175 ]
-0.01	 0.05	0.6	0.11	223_I	[-24.10720408  16.13306122 -49.37338776]
-0.09	 -0.53	-0.08	0.17	223_I	[-26.97211765  14.62294118 -48.07094118]
0.12	 -0.09	-0.15	-0.06	223_I	[-28.11611111  15.36622222 -47.11533333]
-0.08	 -0.47	0.0	0.12	223_I	[-25.55876271  12.28528814 -47.28667797]
0.16	 1.08	-0.02	-0.27	224_S	[-22.2736875  13.3923125 -48.858875 ]
0.16	 -0.06	-0.0	-0.19	224_S	[-22.06125   12.044    -47.256625]
0.21	 1.4	0.25	-0.49	224_S	[-18.18251515  15.249      -45.87921212]
0.19	 1.07	0.17	-0.41	225_R	[-21.06327273  11.24945455 -49.55731818]
0.01	 0.33	-0.11	-0.05	225_R	[-22.19872727  12.94139394 -51.55757576]
0.17	 1.7	0.14	-0.41	225_R	[-22.8956  11.9643 -53.3384]
0.16	 1.31	0.14	-0.4	225_R	[-22.41208333  10.10416667 -54.19966667]
0.02	 0.81	-0.07	-0.15	225_R	[-21.1908    9.87348 -55.28304]
0.13	 0.72	-0.02	-0.24	225_R	[-19.40109091  10.64245455 -56.02395455]
-0.12	 -0.24	-0.03	0.11	225_R	[-20.46531034   7.58355172 -54.16434483]
0.06	 0.68	-0.36	-0.07	226_G	[-15.44786364  13.78312121 -47.55039394]
0.13	 0.79	-0.04	-0.2	226_G	[-14.3197  13.3614 -49.2164]
0.06	 0.58	0.02	-0.26	226_G	[-14.23265714  12.17571429 -50.95114286]
0.04	 1.03	-0.08	-0.09	227_Q	[-12.86233333  10.28088889 -50.48322222]
0.15	 1.61	0.04	-0.23	227_Q	[-13.9408  10.0316 -51.4248]
-0.18	 -0.26	-0.09	0.13	227_Q	[-13.60070732   7.57534146 -50.86690244]
0.02	 -0.1	-0.02	0.02	227_Q	[-13.0667619    7.91133333 -47.89061905]
0.19	 1.46	0.03	-0.29	227_Q	[-12.58931818  10.68231818 -46.42540909]
0.11	 0.96	-0.03	-0.2	227_Q	[-11.36223077  11.55538462 -48.569     ]
-0.23	 -0.47	-0.78	0.66	227_Q	[-11.70239024  12.94739024 -47.73643902]
-0.24	 -0.86	0.1	0.31	227_Q	[-10.24728846  10.06138462 -48.65719231]
0.06	 0.52	-0.04	-0.14	228_R	[-16.32033333   6.5938     -50.82806667]
0.12	 0.94	0.04	-0.29	228_R	[-14.59212  10.16452 -53.08756]
0.09	 0.47	0.03	-0.16	228_R	[-18.590625   6.86125  -51.89525 ]
0.15	 1.25	0.0	-0.2	228_R	[-18.51018182   6.22363636 -50.20045455]
0.18	 1.21	0.02	-0.23	228_R	[-20.42825      6.67733333 -51.30883333]
0.16	 0.55	0.06	-0.27	228_R	[-21.5894    9.18668 -48.956  ]
0.04	 0.09	0.01	-0.07	228_R	[-20.78708571   4.551      -49.41565714]
0.08	 0.41	-0.05	-0.15	228_R	[-22.82739535   6.92386047 -46.66804651]
0.04	 0.64	-0.08	-0.13	229_Q	[-16.35338462   6.31226923 -52.88015385]
0.1	 0.69	-0.03	-0.19	229_Q	[-14.03426087   7.79582609 -54.44756522]
0.14	 1.55	-0.07	-0.21	229_Q	[-16.995    6.8024 -56.7508]
-0.07	 -0.08	-0.1	0.0	229_Q	[-18.40477778   7.71477778 -55.87318519]
-0.05	 -0.2	-0.0	0.0	229_Q	[-15.71714   5.61086 -56.29024]
-0.19	 -0.98	0.08	0.26	229_Q	[-14.78144444   4.14608333 -53.91977778]
-0.07	 -0.15	-0.11	0.07	229_Q	[-13.00013043   5.03282609 -55.43813043]
-0.37	 -0.99	0.17	0.47	229_Q	[-11.85111765   5.54185294 -54.37355882]
-0.28	 -1.24	0.12	0.44	229_Q	[-12.81063462   3.94736538 -56.86623077]
0.07	 0.18	-0.1	-0.14	230_K	[-14.34561538   8.21861538 -56.73269231]
0.15	 0.98	-0.05	-0.24	230_K	[-17.9844375  10.0305625 -57.5046875]
0.04	 0.7	-0.09	-0.07	230_K	[-16.93706667   7.61293333 -58.21613333]
-0.15	 -0.28	-0.17	0.25	230_K	[-14.800625   8.145775 -59.1303  ]
-0.06	 -0.04	0.03	0.03	230_K	[-13.63339474  10.70934211 -57.64063158]
-0.05	 -0.14	-0.08	0.0	230_K	[-13.64044444  10.70016667 -54.9835    ]
-0.05	 0.34	-0.21	0.1	230_K	[-13.29428125  13.7629375  -56.9005    ]
-0.1	 -0.27	0.04	0.05	230_K	[-13.23273333  13.58704444 -53.96533333]
-0.04	 -0.14	-0.2	0.01	231_S	[-18.14088235   9.20564706 -58.74064706]
-0.1	 0.17	-0.0	0.09	231_S	[-17.31645455   7.87513636 -61.01581818]
0.16	 1.25	0.09	-0.34	231_S	[-15.56370588  10.53123529 -61.41929412]
-0.16	 -0.3	-0.06	0.27	231_S	[-15.02266667   9.7224     -62.91191111]
-0.23	 -0.78	0.04	0.28	231_S	[-18.97227907   9.70104651 -62.58248837]
-0.2	 -0.43	-0.38	0.28	231_S	[-19.98757971  10.14366667 -60.12207246]
0.24	 1.42	0.38	-0.61	232_S	[-17.60211111  11.95177778 -60.20327778]
0.04	 0.3	-0.1	-0.16	232_S	[-16.1392963   12.09514815 -63.67944444]
0.12	 0.81	0.04	-0.3	232_S	[-13.94470588  11.82764706 -60.95988235]
0.11	 0.9	0.07	-0.34	232_S	[-14.054       13.35663636 -59.20954545]
0.06	 0.79	-0.08	-0.19	232_S	[-18.37823684  12.95302632 -62.19252632]
0.05	 0.39	-0.15	-0.12	233_D	[-14.24894737  14.04726316 -63.73394737]
0.03	 0.14	-0.12	-0.0	233_D	[-12.8135      14.20668182 -60.1825    ]
0.05	 0.55	-0.03	-0.15	233_D	[-13.00453846  16.13373077 -61.30830769]
-1.74	 -0.86	0.53	0.41	233_D	[-11.61018519  17.24648148 -60.85385185]
-0.17	 -0.82	-0.07	0.19	233_D	[-10.67733333  14.48640476 -62.        ]
-0.08	 -0.14	-0.1	0.11	233_D	[-10.82838095  12.38738095 -63.4992381 ]
-0.27	 -0.79	0.14	0.45	233_D	[-10.75704762  11.46795238 -62.10569048]
-0.23	 -0.69	0.09	0.33	233_D	[-11.96788372  12.71809302 -64.53844186]
0.12	 0.63	0.02	-0.26	234_E	[-14.508       15.77775    -63.49783333]
-0.02	 0.19	-0.16	-0.1	234_E	[-13.10136364  18.66554545 -62.56554545]
0.09	 0.51	-0.06	-0.14	234_E	[-14.97091304  17.59786957 -64.30034783]
0.11	 1.55	0.09	-0.38	234_E	[-16.5194  21.006  -65.825 ]
0.1	 0.37	0.08	-0.16	234_E	[-17.06027586  22.02962069 -65.12010345]
-0.02	 0.23	-0.13	-0.02	234_E	[-16.66381818  18.88393939 -65.94724242]
0.14	 0.88	0.08	-0.34	235_S	[-12.63083871  19.92422581 -60.35977419]
0.17	 1.36	0.27	-0.53	235_S	[-11.59445455  20.11709091 -56.73490909]
-0.03	 0.31	-0.09	-0.06	235_S	[-12.52403774  17.91888679 -57.48784906]
0.14	 1.6	0.23	-0.49	240_L	[-20.22527778  33.55727778 -49.67294444]
0.15	 0.98	0.06	-0.28	240_L	[-21.2738   33.0741  -48.37305]
0.21	 1.55	0.13	-0.4	240_L	[-23.12815789  32.45878947 -48.63594737]
0.1	 0.92	-0.04	-0.2	241_F	[-19.755       35.17189474 -48.17457895]
0.03	 0.32	0.01	-0.18	241_F	[-21.185       35.71884615 -46.11911538]
0.19	 1.35	0.03	-0.31	241_F	[-18.97310526  36.96136842 -47.87921053]
0.12	 0.28	0.05	-0.26	242_A	[-20.19375   33.705625 -42.68525 ]
0.13	 0.76	-0.1	-0.17	242_A	[-20.45663636  37.48336364 -41.47272727]
0.14	 1.14	0.06	-0.33	242_A	[-20.97613043  38.092      -43.39317391]
-0.04	 -0.01	-0.08	-0.01	242_A	[-19.29383333  35.6034     -40.58553333]
-0.01	 0.27	-0.06	-0.03	243_G	[-21.84104545  35.30218182 -41.39454545]
-0.14	 -0.61	-0.13	0.17	243_G	[-23.24106383  37.88376596 -42.15634043]
0.12	 0.97	0.2	-0.36	243_G	[-24.49908333  36.34766667 -42.140375  ]
-0.02	 -0.06	-0.02	-0.0	243_G	[-24.52736364  34.01818182 -41.63524242]
-0.07	 0.33	-0.37	0.07	244_D	[-25.55896296  37.99637037 -43.02548148]
-0.05	 -0.16	-0.08	0.06	244_D	[-26.58045455  35.56918182 -39.92590909]
0.12	 0.86	0.14	-0.37	244_D	[-28.89753846  36.13530769 -42.50530769]
-0.17	 -0.29	0.02	0.22	244_D	[-27.89347727  33.87593182 -41.78531818]
-0.03	 0.02	-0.0	-0.03	244_D	[-28.05616279  38.07239535 -41.0212093 ]
-0.1	 -0.17	-0.11	0.12	244_D	[-26.55053571  38.93396429 -39.45560714]
-0.24	 -0.81	0.11	0.36	244_D	[-25.74134211  37.93126316 -38.34907895]
-0.35	 -1.14	0.16	0.52	244_D	[-27.3055      40.37094444 -39.65713889]
0.07	 0.5	-0.18	-0.09	245_Y	[-29.15892308  34.31484615 -43.58776923]
-0.09	 -0.38	-0.06	0.1	245_Y	[-29.55188889  35.01469444 -45.89202778]
-0.09	 -0.05	-0.1	0.11	245_Y	[-29.52633333  37.34016667 -46.50016667]
0.08	 0.51	0.08	-0.12	245_Y	[-26.82222642  36.95713208 -46.90733962]
-0.08	 -0.65	0.02	0.07	245_Y	[-29.87445946  37.89094595 -44.47781081]
-0.16	 -0.54	-0.17	0.22	245_Y	[-26.65289796  39.07138776 -47.32853061]
-0.19	 -0.71	-0.03	0.25	245_Y	[-28.879       39.94807143 -44.04171429]
-0.06	 0.02	-0.01	-0.01	245_Y	[-27.754625    39.8145     -45.62495833]
-0.29	 -1.04	0.17	0.44	245_Y	[-27.333       41.71029545 -45.93518182]
0.2	 0.72	0.05	-0.31	246_T	[-22.63877778  32.54596296 -43.19025926]
0.09	 0.29	0.01	-0.18	246_T	[-23.73190909  35.26369697 -45.52436364]
0.19	 1.23	0.11	-0.37	246_T	[-22.55716667  33.24511111 -46.81688889]
0.15	 1.23	0.08	-0.37	247_I	[-25.7606      32.1928     -42.58013333]
-0.09	 -0.05	-0.17	0.14	247_I	[-26.99122222  30.54266667 -41.89933333]
0.02	 0.61	-0.11	-0.12	247_I	[-23.84973333  30.25226667 -41.40213333]
-0.01	 0.07	-0.01	-0.03	247_I	[-27.76694286  27.5262     -41.60622857]
-0.21	 -1.08	0.05	0.33	247_I	[-24.96703896  29.12293506 -39.38437662]
0.13	 0.74	0.11	-0.31	248_A	[-27.9788   31.08585 -43.43005]
0.03	 0.13	-0.16	-0.06	248_A	[-29.73676  28.55948 -44.88576]
0.03	 0.47	-0.01	-0.16	248_A	[-29.609   30.804  -48.0185]
-0.0	 0.14	-0.08	-0.07	248_A	[-30.18952941  28.62776471 -47.91082353]
-0.16	 -0.9	0.06	0.27	248_A	[-30.59541538  31.24483077 -45.15972308]
0.24	 1.38	0.22	-0.47	249_N	[-28.93846667  30.8418     -49.6396    ]
0.1	 1.29	0.41	-0.63	249_N	[-27.4058  34.5446 -50.1736]
-0.04	 -0.3	-0.05	0.03	249_N	[-28.81169767  33.41846512 -48.95488372]
0.17	 1.12	0.0	-0.28	249_N	[-25.41829508  34.81203279 -48.72313115]
0.13	 0.35	0.04	-0.26	251_R	[-27.56184615  23.68761538 -47.59384615]
0.15	 1.86	0.19	-0.45	251_R	[-30.4674  25.4834 -48.6122]
0.17	 1.54	0.11	-0.37	251_R	[-28.82153846  23.32523077 -48.88930769]
-0.05	 -0.07	-0.03	-0.06	251_R	[-29.86347368  25.01168421 -46.68276316]
0.14	 0.65	0.03	-0.28	251_R	[-27.2486   23.6338  -45.48395]
-0.12	 -0.6	-0.03	0.15	251_R	[-30.24285417  24.99839583 -44.35745833]
-0.07	 -0.05	-0.05	0.07	251_R	[-29.43466667  25.32833333 -41.92444444]
0.0	 -0.14	-0.08	-0.12	251_R	[-29.84811111  22.66094444 -41.54694444]
-0.01	 0.02	-0.05	-0.14	251_R	[-28.76326316  21.80742105 -43.85747368]
0.01	 0.3	-0.06	-0.04	251_R	[-28.31425     24.05741667 -40.03958333]
0.1	 0.7	-0.07	-0.14	252_K	[-30.32157143  26.68157143 -48.60042857]
0.02	 0.23	-0.02	-0.16	252_K	[-31.15735294  26.20035294 -50.30341176]
-0.04	 -0.08	-0.09	-0.02	252_K	[-30.75175  28.8395  -49.74075]
-0.01	 -0.08	-0.05	-0.05	252_K	[-31.96590323  27.15958065 -52.26009677]
-0.04	 -0.21	0.03	0.02	252_K	[-31.35602564  30.67187179 -51.57838462]
-0.07	 -0.17	-0.1	0.06	252_K	[-33.3154878   29.01356098 -54.10431707]
-0.22	 -0.87	0.13	0.33	252_K	[-33.53838462  31.78567308 -53.49026923]
0.15	 1.46	0.19	-0.44	254_I	[-27.40846667  22.30033333 -49.2644    ]
-0.03	 0.04	-0.1	-0.08	254_I	[-26.42228571  19.88606122 -49.70640816]
0.23	 1.08	0.13	-0.38	254_I	[-25.8618   22.71328 -47.1256 ]
0.03	 0.43	-0.01	-0.22	255_D	[-29.62964286  20.44457143 -52.14196429]
0.09	 0.42	-0.0	-0.22	255_D	[-31.65561111  23.09577778 -54.41433333]
-0.01	 0.21	-0.04	-0.02	255_D	[-31.04057143  20.46417857 -54.51114286]
-0.1	 -0.09	-0.06	-0.0	255_D	[-31.94658333  23.47202778 -52.24433333]
-0.07	 0.24	-0.22	0.05	255_D	[-32.02108696  21.88569565 -49.82656522]
-0.24	 -0.4	-0.16	0.31	255_D	[-32.10067442  23.5205814  -49.12044186]
-0.14	 -0.26	-0.28	0.14	255_D	[-30.61832653  20.95787755 -49.44793878]
0.1	 0.89	-0.07	-0.18	256_E	[-31.207       22.83115789 -56.54142105]
0.18	 1.05	0.11	-0.34	256_E	[-30.54029412  22.42694118 -58.44376471]
0.22	 1.52	0.32	-0.56	256_E	[-31.542125   25.6545625 -54.12275  ]
0.01	 0.56	-0.0	-0.17	256_E	[-31.95366667  26.40487179 -56.69687179]
-0.04	 -0.01	0.01	-0.01	256_E	[-31.70670213  25.31176596 -58.66744681]
-0.28	 -0.8	0.02	0.35	256_E	[-33.40663158  25.94028947 -55.60915789]
0.09	 1.55	0.12	-0.41	258_V	[-30.4536  17.243  -55.8674]
-0.07	 0.03	-0.04	-0.02	258_V	[-28.99641176  16.31894118 -57.05008824]
0.07	 0.73	-0.1	-0.16	258_V	[-29.33745455  18.86218182 -53.15590909]
-0.17	 -0.93	0.08	0.29	258_V	[-29.16629231  16.41604615 -53.8412    ]
-0.0	 0.09	0.5	0.16	258_V	[-26.215       17.62208511 -52.483     ]
0.16	 1.58	0.05	-0.31	259_G	[-30.734       18.8025     -55.27733333]
-0.15	 -0.67	0.0	0.18	259_G	[-31.84891667  19.10058333 -56.9110625 ]
0.09	 0.9	-0.13	-0.14	259_G	[-31.17355  19.43285 -59.17815]
-0.25	 -0.87	0.06	0.35	259_G	[-32.10051282  18.5394359  -59.98587179]
0.03	 0.36	-0.14	-0.03	260_K	[-30.18045455  18.98463636 -61.87336364]
-0.01	 -0.07	-0.09	0.05	260_K	[-29.50281818  17.30781818 -61.48745455]
-0.11	 -0.32	-0.01	0.16	260_K	[-27.30231707  17.84958537 -62.67953659]
0.16	 0.73	0.06	-0.33	260_K	[-27.6325     20.822     -62.7534375]
0.34	 1.42	0.47	-0.67	260_K	[-30.63083333  22.28666667 -59.966     ]
-0.11	 -0.41	-0.06	0.13	260_K	[-29.65528261  21.54895652 -63.16208696]
-0.21	 -0.87	-0.01	0.26	260_K	[-30.0782619   24.35159524 -63.17657143]
-0.15	 -0.4	-0.09	0.22	260_K	[-31.9634      23.73515714 -61.22747143]
0.13	 0.51	-0.06	-0.19	261_G	[-29.62188889  16.76722222 -59.71244444]
-0.2	 -1.02	0.02	0.28	261_G	[-27.87413158  15.15955263 -60.20486842]
0.11	 0.71	-0.02	-0.25	261_G	[-25.95225     15.88589286 -59.85114286]
-0.05	 -0.01	0.04	-0.04	261_G	[-24.52077778  14.84951111 -60.13953333]
0.13	 1.17	-0.01	-0.26	262_F	[-25.71567857  15.74932143 -56.03907143]
0.24	 1.38	0.01	-0.29	262_F	[-22.726       16.79633333 -61.246     ]
0.2	 0.76	-0.0	-0.24	262_F	[-26.02941667  20.38308333 -63.20191667]
0.01	 0.51	-0.08	-0.08	262_F	[-23.18526316  17.27247368 -62.35468421]
-0.01	 0.12	0.0	-0.08	262_F	[-24.28078788  18.97551515 -63.72512121]
0.21	 1.07	0.06	-0.33	263_F	[-23.38221053  15.33378947 -54.05510526]
-0.06	 -0.23	-0.14	0.07	263_F	[-24.12751852  13.208      -54.62192593]
0.1	 0.71	-0.39	-0.02	263_F	[-20.51596774  12.61387097 -58.15745161]
-0.12	 -0.41	-0.06	0.14	263_F	[-24.73331481  11.90142593 -56.21601852]
-0.07	 -0.11	-0.27	0.09	263_F	[-21.93385714  12.27282143 -58.86082143]
-0.2	 -1.13	0.01	0.33	263_F	[-24.08784211  11.13307895 -58.29821053]
0.14	 -0.25	0.03	-0.24	264_L	[-22.957625    16.14141667 -52.46591667]
0.26	 1.47	0.27	-0.52	264_L	[-22.02276923  15.27384615 -50.92153846]
0.16	 1.2	0.01	-0.32	264_L	[-24.03938462  17.83215385 -50.95434615]
0.1	 0.67	0.0	-0.23	265_V	[-14.3474359   15.50017949 -50.96923077]
0.18	 1.07	0.02	-0.3	266_Q	[-16.3035   16.08495 -46.3466 ]
0.06	 0.86	-0.06	-0.18	266_Q	[-14.24566667  15.95927778 -45.59527778]
0.19	 1.19	0.14	-0.4	266_Q	[-13.43623684  18.15260526 -44.24644737]
-0.03	 0.16	-1.0	0.51	266_Q	[-12.83939726  16.40542466 -47.76057534]
0.21	 1.55	0.23	-0.48	267_T	[-15.293   20.3645 -43.6295]
0.13	 1.62	0.27	-0.53	268_K	[-13.61290909  21.10036364 -43.17227273]
0.19	 1.23	0.15	-0.4	268_K	[-11.50288571  19.93631429 -45.15002857]
-0.09	 0.11	-0.17	0.03	268_K	[-11.46258491  19.69392453 -42.77656604]
0.02	 0.1	0.01	-0.11	269_E	[-14.06239286  26.79160714 -39.20142857]
0.14	 1.0	0.07	-0.31	269_E	[-16.3147619   27.71861905 -39.033     ]
0.04	 0.56	0.02	-0.16	269_E	[-19.03569231  28.13961538 -39.14084615]
-0.06	 0.27	-0.1	-0.01	269_E	[-20.25152174  26.69682609 -39.14026087]
-0.1	 -0.32	-0.08	0.16	269_E	[-19.06930435  30.02078261 -39.3181087 ]
0.05	 0.96	0.02	-0.22	270_V	[-12.27714815  28.00148148 -39.66925926]
0.11	 0.66	0.03	-0.25	270_V	[ -9.99536364  27.65459091 -39.57609091]
0.08	 0.19	0.06	-0.23	271_S	[-11.87309524  30.34061905 -39.13061905]
0.16	 1.38	0.43	-0.65	271_S	[-12.17277778  33.69377778 -40.73555556]
-0.11	 -0.31	-0.1	0.02	271_S	[-11.11275385  33.41847692 -39.04003077]
-0.03	 -0.07	-0.11	-0.0	271_S	[ -9.32866667  31.38704762 -37.82471429]
0.12	 1.27	0.1	-0.41	272_M	[-11.1795    34.386375 -41.574875]
0.11	 1.31	0.44	-0.66	272_M	[ -8.846       34.75492857 -41.32621429]
0.04	 0.1	-0.16	-0.03	272_M	[ -9.45044444  36.12481481 -42.05877778]
0.04	 0.51	0.03	-0.17	273_K	[ -7.55866667  37.19846667 -42.88953333]
0.0	 0.34	-0.08	-0.08	273_K	[ -4.64076471  36.79364706 -41.69617647]
-0.05	 -0.04	-0.05	0.01	273_K	[ -4.292       33.87488235 -41.0245    ]
-0.16	 -0.74	-0.03	0.14	273_K	[ -6.291     36.057475 -39.834175]
0.01	 0.22	0.14	-0.14	273_K	[ -6.37384848  33.83836364 -39.08963636]
-0.26	 -0.95	0.11	0.38	273_K	[ -7.52784783  34.82241304 -37.5295    ]
0.07	 1.09	0.04	-0.17	274_A	[ -6.43633333  38.2385     -43.87379167]
-0.08	 -0.29	0.02	0.11	274_A	[ -4.71635385  40.24789231 -45.85289231]
0.15	 1.97	0.08	-0.32	275_E	[ -1.616375  36.183375 -48.594625]
0.13	 1.8	0.07	-0.28	275_E	[ -2.47171429  33.21014286 -47.55121429]
-0.02	 -0.16	-0.1	-0.04	275_E	[ -1.91691667  34.22529167 -49.07970833]
-0.13	 -0.58	-0.01	0.13	275_E	[ -0.8393871   35.01741935 -46.39641935]
-0.14	 -0.58	0.0	0.19	275_E	[ -0.48152  37.3536  -45.56838]
-0.19	 -0.79	-0.02	0.25	275_E	[ -0.7868      37.5548     -43.11666667]
-0.14	 -0.22	-0.02	0.17	275_E	[ -2.85225     38.22045833 -43.18933333]
-0.16	 -0.27	0.02	0.22	275_E	[ -1.58082609  35.32967391 -42.5993913 ]
0.17	 1.39	0.34	-0.58	276_D	[ -3.29127273  32.17827273 -47.319     ]
0.11	 1.42	-0.03	-0.26	276_D	[ -4.5406  30.9078 -43.6702]
-0.03	 0.04	-0.07	-0.02	276_D	[ -3.10567391  31.9953913  -44.72771739]
0.1	 0.7	0.02	-0.25	276_D	[ -5.37917241  31.56696552 -42.40844828]
0.13	 1.38	0.4	-0.64	278_Q	[ -4.22277778  36.47255556 -53.67088889]
0.08	 0.32	-0.14	-0.08	278_Q	[ -2.3786  34.7649 -52.4887]
0.0	 0.25	-0.03	-0.09	278_Q	[ -3.35711538  34.76834615 -54.16211538]
-0.06	 -0.42	-0.02	0.07	278_Q	[ -2.33933333  36.8589697  -51.78524242]
0.05	 0.86	0.01	-0.14	278_Q	[ -4.37607407  39.347      -51.94911111]
-0.06	 0.38	0.08	-0.1	278_Q	[ -2.115875   39.4259375 -50.0800625]
-0.09	 -0.31	-0.01	0.09	278_Q	[ -1.5484    38.628875 -48.834675]
-0.21	 -0.69	0.02	0.31	278_Q	[ -3.03992453  41.06656604 -50.38645283]
0.17	 0.93	-0.0	-0.25	279_R	[ -2.32677778  34.33266667 -51.08611111]
-0.07	 0.01	0.02	0.02	279_R	[ -2.08610526  32.39247368 -52.41621053]
-0.01	 0.24	-0.07	-0.09	279_R	[ -3.78095455  30.53393182 -54.42368182]
-0.06	 -0.01	-0.05	0.01	279_R	[ -1.883875    31.91933333 -49.70829167]
-0.14	 -0.5	-0.06	0.15	279_R	[ -1.44490625  29.496125   -51.21190625]
0.16	 1.67	0.2	-0.47	279_R	[ -2.5537  27.6915 -51.2608]
0.09	 0.73	0.06	-0.26	279_R	[ -2.27581818  30.47481818 -47.88981818]
-0.16	 -0.51	-0.05	0.19	279_R	[ -0.27966667  28.882      -48.71522222]
-0.06	 0.13	-0.03	0.04	279_R	[ -0.91730233  26.65032558 -49.6907907 ]
-0.15	 -0.36	-0.11	0.26	279_R	[ -0.80874545  28.15687273 -46.27301818]
0.16	 1.23	0.11	-0.35	280_V	[ -6.59631579  29.84994737 -55.54502632]
0.21	 1.56	0.33	-0.58	281_F	[ -8.39038889  32.41266667 -56.93127778]
0.12	 0.78	-0.07	-0.19	281_F	[ -8.26861538  33.8525     -58.03457692]
0.02	 0.23	-0.1	-0.06	282_R	[ -3.74522222  35.09333333 -56.21833333]
-0.05	 -0.13	-0.01	0.01	282_R	[ -4.36438462  36.79153846 -56.69961538]
0.08	 0.15	-0.02	-0.16	282_R	[ -5.14236667  37.54916667 -55.2665    ]
-0.03	 -0.2	-0.04	0.05	282_R	[ -3.94125    34.6044375 -58.5295625]
-0.14	 -0.74	-0.03	0.19	282_R	[ -2.99914286  32.79214286 -56.96447619]
-0.12	 -0.51	-0.05	0.13	282_R	[ -3.89792593  31.21055556 -58.56635185]
0.15	 1.5	0.18	-0.45	282_R	[ -6.467       31.96047368 -58.63957895]
-0.05	 0.14	-0.28	0.1	282_R	[ -6.22824242  30.04675758 -59.46009091]
-0.14	 -0.6	0.12	0.37	282_R	[ -5.21093548  28.80058065 -60.42462903]
0.02	 0.32	-0.08	-0.09	282_R	[ -8.21508163  30.61420408 -59.13318367]
0.14	 0.33	-0.01	-0.2	283_E	[ -4.658       36.35554545 -58.97409091]
-0.05	 -0.06	-0.04	0.02	283_E	[ -5.64431818  39.23754545 -57.93672727]
0.1	 1.33	0.29	-0.55	283_E	[ -8.88942857  38.72557143 -59.47242857]
-0.15	 -0.31	-0.1	0.15	283_E	[ -8.42428125  40.25146875 -58.5114375 ]
-0.21	 -1.14	0.1	0.33	283_E	[ -5.21811111  38.62944444 -60.55669444]
-0.15	 -0.77	0.05	0.21	283_E	[ -7.80584211  38.21515789 -61.45671053]
-0.03	 -0.63	-0.02	-0.02	283_E	[ -7.20353846  35.61407692 -61.1925    ]
-0.07	 0.15	-0.22	0.1	283_E	[ -6.1725      34.28133333 -60.29738889]
-0.28	 -0.6	-0.47	0.38	283_E	[ -8.77691228  35.44592982 -62.39821053]
0.17	 0.45	0.01	-0.21	284_K	[-10.36333333  38.702      -58.6588    ]
0.08	 0.52	-0.14	-0.12	284_K	[-10.26511111  35.80685185 -58.94581481]
-0.07	 -0.63	-0.08	0.14	284_K	[-12.5654   37.61305 -59.0521 ]
-0.11	 -0.26	-0.01	0.15	284_K	[-12.77083333  34.73725    -59.3165    ]
-0.13	 -0.65	0.02	0.16	284_K	[-15.03467568  36.49454054 -58.21097297]
-0.06	 -0.18	-0.12	0.07	284_K	[-15.76348  33.95876 -58.66312]
0.19	 1.03	0.08	-0.35	285_A	[ -6.35354167  39.36208333 -52.97995833]
0.16	 1.3	-0.05	-0.23	286_P	[ -8.6315   43.52925 -52.4245 ]
0.14	 1.0	0.02	-0.22	286_P	[-11.28322222  43.644      -54.45333333]
-0.04	 -0.37	0.0	0.01	286_P	[-11.19216667  43.94766667 -52.0865    ]
-0.15	 -0.69	-0.02	0.21	286_P	[ -8.9699375   43.7681875  -55.07397917]
-0.2	 -0.85	0.04	0.25	286_P	[ -6.64191837  42.39102041 -55.70293878]
0.14	 0.83	0.07	-0.27	286_P	[ -7.63428125  40.8278125  -55.29746875]
-0.07	 -0.43	-0.08	0.07	287_D	[-13.462       43.22771429 -53.79971429]
0.11	 1.22	0.33	-0.58	287_D	[-13.433625  43.135875 -52.021625]
0.07	 0.52	-0.0	-0.2	287_D	[-15.52378378  42.02878378 -52.23694595]
-0.06	 -0.13	-0.09	0.04	287_D	[-14.91562963  40.82033333 -54.96411111]
-0.11	 -0.53	-0.14	0.14	287_D	[-13.27319048  41.88904762 -57.04538095]
-0.04	 0.17	0.1	-0.0	287_D	[-12.62904651  40.32595349 -57.62274419]
-0.25	 -0.74	0.12	0.38	287_D	[-13.34797619  43.46228571 -56.6595    ]
0.13	 1.22	0.03	-0.23	288_F	[-16.52852381  38.07971429 -54.47919048]
0.14	 0.95	0.08	-0.26	288_F	[-15.07238889  37.66022222 -55.75422222]
0.03	 0.16	-0.09	-0.06	289_L	[-10.58971429  43.45714286 -46.85985714]
0.01	 -0.02	0.01	-0.05	289_L	[-10.88021212  41.77393939 -45.30021212]
0.0	 0.16	-0.04	0.02	289_L	[ -9.36727586  43.28768966 -48.37396552]
-0.05	 -0.07	-0.05	0.05	289_L	[ -6.66211236  42.52358427 -50.17407865]
0.13	 1.19	0.02	-0.28	289_L	[ -7.79472222  40.97783333 -47.11438889]
0.1	 1.58	-0.03	-0.19	290_P	[-11.1175   44.067   -47.66875]
-0.15	 -0.65	0.01	0.2	290_P	[-12.30135  44.51205 -45.9286 ]
0.16	 1.37	0.02	-0.23	290_P	[-12.93333333  42.63316667 -44.5835    ]
-0.12	 0.2	0.0	0.12	290_P	[-14.92134091  42.97175    -44.32079545]
-0.19	 -0.9	0.06	0.3	290_P	[-14.2314878   45.49107317 -47.29285366]
-0.09	 0.02	-0.02	0.08	290_P	[-14.43095  44.41955 -49.9168 ]
-0.06	 -0.02	-0.05	0.05	290_P	[-11.60625    44.575125  -49.4258125]
0.2	 1.18	0.02	-0.31	291_L	[-18.6273   38.8785  -48.84585]
0.01	 0.28	-0.03	-0.11	291_L	[-17.99263492  42.32774603 -47.47255556]
0.09	 0.62	0.0	-0.24	292_L	[-12.3262381   36.67321429 -41.19114286]
0.08	 0.43	-0.05	-0.17	292_L	[ -9.89037037  38.85659259 -43.48392593]
0.16	 0.65	-0.04	-0.2	292_L	[ -8.67215789  39.44226316 -45.45147368]
0.13	 0.74	0.09	-0.38	293_N	[-12.34570833  41.03083333 -43.122125  ]
0.07	 0.79	-0.1	-0.07	293_N	[-12.38863636  38.96981818 -39.44227273]
0.05	 0.59	-0.05	-0.12	293_N	[-14.38453846  39.93084615 -39.68207692]
-0.23	 -0.88	0.06	0.35	293_N	[-14.54940625  39.8329375  -38.13684375]
-0.18	 -0.66	-0.14	0.22	293_N	[-12.74857143  41.87907143 -40.01133333]
-0.06	 -0.22	-0.08	0.03	293_N	[-10.52480769  40.94953846 -40.23484615]
-0.22	 -0.6	-0.0	0.35	293_N	[ -9.90030556  39.42011111 -39.991     ]
-0.28	 -1.18	0.17	0.44	293_N	[ -9.66408929  42.75016071 -40.12217857]
0.17	 0.67	0.09	-0.31	294_K	[-14.86511111  41.11522222 -41.93177778]
-0.11	 -0.35	-0.08	0.1	294_K	[-17.29957143  40.56004762 -39.99833333]
0.08	 1.56	0.04	-0.34	294_K	[-15.758       38.146      -38.08357143]
-0.22	 -0.86	0.13	0.35	294_K	[-17.87594444  38.37427778 -38.32763889]
0.07	 0.77	0.05	-0.21	294_K	[-18.95092857  38.83985714 -41.20242857]
-0.09	 -0.37	0.01	0.1	294_K	[-18.20505263  41.24297368 -42.74665789]
-0.17	 -0.7	-0.0	0.23	294_K	[-20.13118919  40.96954054 -44.53343243]
-0.09	 -0.29	-0.02	0.12	294_K	[-20.575       38.95691892 -46.18008108]
-0.08	 -0.14	-0.1	0.07	295_G	[-15.84282979  36.13589362 -38.34817021]
0.03	 -0.22	-0.23	-0.04	295_G	[-13.920125   34.8450625 -39.563625 ]
0.21	 1.25	0.41	-0.63	295_G	[-13.34193333  34.83673333 -41.06506667]
0.16	 1.55	0.32	-0.57	296_P	[-14.121   33.7208 -39.0314]
0.21	 1.19	0.13	-0.37	296_P	[-18.25317241  32.27913793 -41.58365517]
0.12	 1.26	0.01	-0.28	296_P	[-14.55521429  29.89278571 -39.08035714]
-0.14	 -0.65	0.0	0.21	296_P	[-15.36086957  31.20293478 -37.60626087]
-0.1	 -0.27	-0.0	0.08	296_P	[-16.8105      33.19376923 -38.33542308]
0.07	 0.59	-0.05	-0.2	298_I	[-20.98009259  30.22209259 -42.08764815]
0.12	 1.42	0.16	-0.42	301_E	[-12.056625  18.497    -52.61625 ]
0.11	 0.33	-0.06	-0.17	301_E	[-12.8174   17.8283  -51.10755]
0.08	 0.25	-0.02	-0.13	301_E	[-12.8196      17.41922857 -54.41154286]
0.23	 1.45	0.23	-0.48	303_N	[-14.76996429  15.60939286 -58.37921429]
0.12	 0.87	-0.04	-0.27	303_N	[-18.53112245  12.83014286 -58.06608163]
0.05	 0.37	-0.1	-0.13	304_G	[-20.587       15.18268182 -60.62186364]
0.02	 -0.28	0.02	-0.12	305_D	[-20.5192      15.475      -63.13133333]
0.01	 -0.12	-0.12	-0.04	305_D	[-20.382375  17.7455   -66.8065  ]
-0.1	 -0.84	0.04	0.16	305_D	[-22.32259259  17.55233333 -65.14225926]
-0.15	 -0.81	-0.03	0.18	305_D	[-19.99784444  15.70386667 -66.55173333]
-0.04	 0.08	-0.01	0.04	305_D	[-18.507       14.34626087 -66.02917391]
-0.04	 -0.03	0.02	-0.0	305_D	[-16.5778125   14.94865625 -65.39465625]
-0.27	 -0.86	0.14	0.47	305_D	[-19.01397561  12.86136585 -66.02014634]
0.04	 0.28	-0.11	-0.03	306_G	[-18.9084  18.7511 -66.5474]
-0.11	 -0.2	-0.09	0.12	306_G	[-20.80267442  20.72425581 -66.32611628]
0.16	 1.22	0.45	-0.66	306_G	[-19.40727273  22.393      -65.14945455]
0.19	 1.44	0.33	-0.57	306_G	[-21.741       22.7905     -65.66357143]
0.15	 1.85	0.06	-0.26	308_V	[-16.15578571  24.10292857 -64.4065    ]
0.14	 0.52	0.01	-0.22	308_V	[-16.5738  26.4515 -64.5855]
0.1	 0.58	-0.04	-0.22	309_E	[-18.6496087   24.38895652 -65.132     ]
0.16	 1.7	0.05	-0.32	309_E	[-18.743       26.60022222 -65.422     ]
0.22	 1.27	0.36	-0.6	309_E	[-21.75752632  28.36       -65.268     ]
0.0	 0.1	-0.01	-0.09	309_E	[-20.37092857  24.3945     -66.604     ]
0.04	 0.58	-0.06	-0.15	309_E	[-21.81797297  27.09710811 -67.05835135]
-0.1	 -0.83	-0.07	0.09	309_E	[-21.65530303  25.71581818 -68.83978788]
-0.26	 -0.78	0.06	0.37	309_E	[-22.38495349  27.20790698 -69.81813953]
-0.34	 -1.02	0.09	0.5	309_E	[-20.94902778  24.21641667 -69.21836111]
0.17	 1.44	0.17	-0.44	310_V	[-25.30064286  25.413      -64.14514286]
0.25	 1.45	0.3	-0.55	310_V	[-25.99172727  26.40009091 -62.444     ]
0.14	 0.65	-0.02	-0.19	310_V	[-26.59505  24.48305 -62.9544 ]
-0.08	 -0.16	-0.06	0.07	310_V	[-24.61704918  22.82457377 -65.22790164]
0.12	 1.2	0.06	-0.28	312_Q	[-21.04368421  30.99026316 -60.54494737]
0.12	 0.81	-0.07	-0.18	312_Q	[-22.8609375  31.0913125 -63.6945   ]
0.03	 0.07	-0.06	-0.14	312_Q	[-22.59881818  32.24522727 -61.56709091]
-0.08	 -0.47	-0.12	0.07	312_Q	[-21.16403704  30.4327037  -64.04225926]
0.01	 -0.16	-0.01	-0.04	312_Q	[-18.62472222  30.89077778 -61.807     ]
-0.13	 -0.44	-0.06	0.13	312_Q	[-18.5091  30.9654 -64.2342]
-0.1	 -0.22	0.01	0.1	312_Q	[-18.69107895  28.87952632 -65.57257895]
0.04	 -0.15	-0.07	-0.07	312_Q	[-16.52624  30.5572  -63.28024]
0.16	 1.54	0.2	-0.47	313_L	[-24.11409091  31.20763636 -64.17245455]
0.09	 0.66	-0.07	-0.13	313_L	[-27.3554  29.0332 -62.8303]
0.1	 0.57	0.01	-0.22	313_L	[-27.39897436  31.35666667 -62.96325641]
-0.05	 -0.25	-0.0	0.04	313_L	[-26.51206897  27.84451724 -64.03689655]
0.12	 1.7	-0.14	-0.13	313_L	[-23.061     29.181375 -65.945   ]
-0.11	 -0.33	-0.07	0.16	313_L	[-25.39944643  26.681875   -66.79748214]
-0.2	 -0.71	0.12	0.26	313_L	[-25.12927059  30.5284     -66.66158824]
0.1	 0.66	-0.03	-0.23	314_I	[-28.55096  29.32988 -60.31284]
0.07	 0.41	-0.03	-0.12	314_I	[-28.4628      26.39077143 -60.80231429]
0.21	 0.86	0.12	-0.36	314_I	[-29.47182609  28.09165217 -58.10926087]
0.25	 1.1	0.08	-0.34	315_V	[-25.13952632  35.52036842 -58.40368421]
-0.04	 0.15	-0.06	-0.03	315_V	[-22.23140351  33.69480702 -57.92378947]
0.15	 1.58	0.18	-0.45	316_N	[-23.365     33.278125 -60.36275 ]
0.02	 0.01	0.02	-0.15	316_N	[-24.58642857  35.34153571 -60.53842857]
0.09	 1.33	0.38	-0.63	316_N	[-27.77785714  35.17842857 -62.51085714]
0.02	 0.47	-0.1	-0.05	316_N	[-27.44214286  36.79082857 -61.24662857]
-0.07	 -0.47	-0.04	-0.04	316_N	[-24.01244444  33.245      -63.50761111]
-0.06	 0.6	-0.03	0.03	316_N	[-24.91905882  35.28282353 -64.20411765]
-0.22	 -0.55	-0.1	0.27	316_N	[-26.42917308  34.60161538 -64.43740385]
-0.28	 -1.07	0.07	0.39	316_N	[-24.57211111  36.96637778 -63.23766667]
0.01	 -0.14	-0.07	-0.06	317_E	[-29.54052941  35.13835294 -61.70576471]
-0.02	 0.18	-0.02	-0.07	317_E	[-30.6082439   35.96182927 -58.95797561]
-0.04	 0.01	-0.05	-0.04	317_E	[-29.38804762  32.48885714 -62.53604762]
-0.19	 -0.69	0.03	0.21	317_E	[-31.9217      34.14966667 -61.36553333]
-0.09	 -0.09	-0.1	0.11	317_E	[-32.45669231  31.80046154 -61.70119231]
-0.3	 -1.11	0.22	0.48	317_E	[-33.77880488  32.2804878  -62.541     ]
-0.2	 -0.5	0.0	0.24	317_E	[-31.42140541  30.30991892 -60.91918919]
0.01	 0.16	-0.1	0.0	318_I	[-31.1293  34.2948 -56.6975]
0.11	 1.66	0.06	-0.29	318_I	[-30.1555    35.674375 -56.420875]
-0.09	 -0.17	0.05	0.06	318_I	[-29.88476316  34.69481579 -54.52465789]
0.2	 0.72	0.04	-0.28	318_I	[-31.4774  33.0683 -55.5652]
-0.19	 0.28	-0.09	-0.07	318_I	[-31.58622727  30.92062121 -57.64259091]
0.2	 1.0	0.02	-0.26	319_F	[-27.574375   36.2896875 -54.023875 ]
0.17	 1.35	0.05	-0.32	319_F	[-25.886      36.9683913 -55.6286087]
0.16	 0.75	0.11	-0.31	319_F	[-24.3268125  37.25525   -55.957125 ]
0.06	 0.45	0.01	-0.17	319_F	[-27.53878261  34.82321739 -52.09021739]
0.1	 0.6	-0.02	-0.22	319_F	[-29.04185  32.53425 -52.1418 ]
-0.02	 -0.2	-0.03	0.06	320_N	[-25.26885  38.4089  -57.9906 ]
0.12	 0.56	-0.14	-0.09	320_N	[-27.29057143  41.13642857 -56.95342857]
-0.11	 -0.19	-0.03	0.13	320_N	[-28.29986842  39.55036842 -55.13576316]
-0.13	 -0.31	-0.05	0.1	320_N	[-26.6292619   39.24395238 -59.53764286]
0.01	 0.47	-0.07	-0.05	320_N	[-29.26994444  39.13772222 -59.02811111]
-0.29	 -1.05	0.18	0.45	320_N	[-29.49207692  40.91741026 -58.84897436]
-0.16	 -0.36	-0.02	0.19	320_N	[-30.13887879  38.09230303 -57.32530303]
-0.13	 -0.64	-0.03	0.18	321_G	[-24.87162963  40.64122222 -56.53503704]
-0.22	 -1.06	0.08	0.33	321_G	[-26.0312619   42.2252381  -55.00083333]
0.01	 0.2	-0.09	-0.1	321_G	[-24.623125    40.93329167 -53.655875  ]
-0.18	 -0.43	-0.31	0.44	321_G	[-24.46855556  41.92075556 -52.20295556]
0.06	 1.01	-0.13	-0.22	322_T	[-23.54971429  39.91671429 -54.77642857]
0.07	 0.45	0.04	-0.19	322_T	[-23.60288235  40.021      -51.40211765]
0.13	 0.73	0.05	-0.24	322_T	[-22.59075    39.7128125 -54.24425  ]
0.03	 -0.03	-0.01	-0.08	322_T	[-22.6352      37.16533333 -55.0715    ]
-0.04	 -0.04	-0.17	0.02	322_T	[-26.41763492  38.0071746  -51.16030159]
-0.02	 -0.09	-0.09	0.03	322_T	[-23.67004545  37.09025    -49.81127273]
0.12	 0.93	0.02	-0.22	323_K	[-21.75838462  39.34792308 -51.30515385]
-0.01	 -0.09	-0.06	0.04	323_K	[-20.40933333  38.86083333 -54.46266667]
0.07	 0.27	0.01	-0.22	323_K	[-20.17812821  36.64407692 -50.38092308]
-0.02	 -0.04	-0.04	-0.06	323_K	[-18.07096667  39.8926     -53.7576    ]
0.11	 0.61	-0.02	-0.2	323_K	[-20.00848  40.28648 -50.38704]
-0.05	 -0.14	-0.04	0.02	323_K	[-20.36308621  41.82625862 -52.8727069 ]
-0.13	 -0.4	-0.0	0.2	323_K	[-18.42832075  43.58116981 -51.84239623]
-0.22	 -0.67	0.01	0.37	323_K	[-20.26678723  43.44317021 -49.9967234 ]
0.12	 0.86	0.07	-0.27	324_M	[-19.40913043  36.809      -54.55047826]
0.03	 0.21	-0.05	-0.06	324_M	[-18.34752778  34.94602778 -56.12852778]
0.24	 1.54	0.39	-0.62	324_M	[-20.598       34.19876923 -51.05953846]
0.24	 1.76	0.17	-0.42	324_M	[-21.1618      34.75693333 -55.24886667]
0.17	 1.15	0.11	-0.37	324_M	[-22.46996  33.87352 -50.71296]
0.11	 0.53	-0.01	-0.21	325_F	[-11.11680556  32.28833333 -57.82972222]
0.07	 0.62	-0.33	-0.02	325_F	[-11.168875   30.5683125 -58.4609375]
0.18	 1.24	0.32	-0.56	326_V	[-17.34478571  32.80114286 -57.45085714]
0.06	 0.2	-0.04	-0.18	326_V	[-14.93113514  31.49027027 -59.85248649]
0.08	 0.47	0.01	-0.16	326_V	[-18.22016667  31.27483333 -59.438625  ]
0.12	 1.13	0.06	-0.26	326_V	[-19.87116  31.9642  -58.16736]
0.09	 0.86	-0.03	-0.24	328_E	[-12.30252174  30.11169565 -60.69682609]
0.13	 0.47	-0.07	-0.19	328_E	[-14.52178571  31.361      -62.38207143]
-0.04	 -0.14	-0.09	0.01	328_E	[-14.94173529  29.22385294 -65.43894118]
0.0	 0.31	-0.01	-0.21	328_E	[-11.44864  30.49792 -63.27152]
-0.18	 -0.84	-0.09	0.21	328_E	[-13.392       31.96441026 -64.53669231]
-0.11	 -0.58	-0.07	0.15	328_E	[-11.35266667  33.22118519 -64.46751852]
-0.25	 -0.92	0.08	0.39	328_E	[-11.83985714  34.74511905 -64.57514286]
-0.27	 -0.51	-0.18	0.41	328_E	[-10.01993333  32.16717778 -64.36197778]
0.12	 0.69	-0.02	-0.11	329_S	[-14.38707692  26.49061538 -65.52184615]
-0.15	 -0.6	0.04	0.12	329_S	[-12.24235897  27.20671795 -66.77038462]
0.06	 0.36	-0.13	-0.05	329_S	[-10.12729412  27.87270588 -65.45144118]
0.09	 0.76	-0.02	-0.19	330_K	[-14.17147368  24.43263158 -65.49852632]
0.12	 0.09	0.08	-0.3	330_K	[-10.4418  21.6572 -65.2171]
-0.1	 0.24	-0.14	0.01	330_K	[-10.5543    21.321425 -62.391675]
0.16	 1.18	0.04	-0.3	330_K	[-13.38416129  20.98887097 -64.65193548]
0.07	 0.39	0.1	-0.24	330_K	[-13.03728571  22.24589286 -66.49121429]
-0.13	 -0.41	-0.15	0.09	330_K	[-14.6508   20.29795 -66.7768 ]
-0.2	 -1.17	0.09	0.32	330_K	[-12.73545652  19.70956522 -68.7055    ]
-0.22	 -0.88	0.15	0.35	330_K	[-13.66321429  21.92542857 -69.86485714]
-0.06	 -0.28	-0.12	0.04	331_E	[ -8.42425   22.08925  -64.752875]
0.21	 1.36	0.21	-0.47	331_E	[ -7.7670625  23.5431875 -63.4780625]
-0.34	 -0.92	-0.09	0.41	331_E	[ -6.52866667  23.62018182 -63.23415152]
-0.11	 -0.37	-0.08	0.09	331_E	[ -7.61483784  24.82502703 -66.3142973 ]
-0.16	 -0.76	0.08	0.22	331_E	[ -8.47871429  22.46087755 -67.72614286]
-0.16	 -0.61	-0.02	0.14	331_E	[ -9.71378571  24.51321429 -69.07214286]
-0.16	 -0.48	-0.04	0.22	331_E	[-10.51789189  22.54008108 -69.72832432]
-0.02	 -0.06	-0.01	0.0	331_E	[-11.42889655  25.01148276 -67.99324138]
0.07	 1.02	-0.04	-0.2	332_T	[ -7.004       25.43048148 -61.12548148]
0.09	 0.64	-0.04	-0.31	332_T	[ -7.26577778  26.4445     -59.40266667]
0.13	 1.48	0.11	-0.39	332_T	[ -8.568   29.114  -61.9602]
0.13	 0.57	-0.02	-0.27	332_T	[ -9.7545      28.83881818 -61.59227273]
-0.37	 -0.31	-0.22	0.2	332_T	[ -7.44652     28.18758667 -63.66564   ]
0.23	 1.52	0.37	-0.6	333_A	[-12.0889375  21.7905625 -60.63475  ]
0.23	 1.51	0.23	-0.48	334_S	[-10.59719048  21.21295238 -60.0062381 ]
0.16	 0.89	0.05	-0.29	334_S	[-10.0759375  20.3016875 -57.26875  ]
0.16	 1.58	0.28	-0.53	334_S	[ -6.05433333  21.35841667 -57.6085    ]
0.14	 1.21	0.14	-0.4	334_S	[ -8.23466667  20.59866667 -55.95206667]
-8.8	 -0.27	0.05	0.33	334_S	[ -8.94744898  19.38602041 -58.95428571]
-1.24	 -0.28	0.05	0.23	334_S	[ -6.82765854  20.77241463 -60.08309756]
0.13	 0.85	0.01	-0.26	335_G	[ -6.69215385  23.09907692 -59.77561538]
-0.14	 -0.88	0.14	0.42	335_G	[ -5.33131915  23.99917021 -58.02459574]
-0.01	 0.11	0.1	0.11	335_G	[ -6.23175758  26.2479697  -56.94333333]
0.1	 0.53	-0.09	-0.2	335_G	[ -4.78422222  24.54238889 -55.38361111]
0.18	 2.01	0.12	-0.38	336_D	[ -7.10406667  27.34966667 -55.38826667]
0.19	 1.18	0.27	-0.51	336_D	[ -7.3789375  28.098375  -57.6205   ]
0.23	 1.6	0.2	-0.46	336_D	[-10.60457143  28.92446429 -59.28335714]
0.16	 1.26	0.11	-0.35	337_V	[-10.33377273  20.69236364 -55.25772727]
0.07	 0.16	-0.05	-0.15	337_V	[-10.523125    19.606375   -53.24020833]
0.19	 1.01	0.01	-0.28	338_D	[ -6.19242857  20.94157143 -51.41964286]
0.15	 0.91	-0.08	-0.19	338_D	[ -3.7887  23.1357 -52.3524]
0.09	 0.59	-0.03	-0.14	338_D	[ -4.59378947  22.02221053 -50.33226316]
-0.09	 -0.25	0.01	0.03	338_D	[ -4.3845814   21.64825581 -53.88997674]
-0.05	 -0.61	-0.04	0.03	338_D	[ -5.87634783  19.40952174 -54.53973913]
-0.13	 -0.17	-0.02	0.14	338_D	[ -7.39497872  19.29421277 -53.14848936]
-0.25	 -0.69	-0.01	0.34	338_D	[ -5.357075  19.34245  -55.991875]
0.12	 0.58	-0.2	-0.08	339_S	[ -4.30316667  23.82966667 -53.36066667]
0.12	 0.73	-0.04	-0.25	339_S	[ -3.34530435  25.32465217 -51.80313043]
0.17	 1.75	0.14	-0.39	339_S	[ -5.62095238  27.93619048 -54.18095238]
-0.15	 -0.49	0.06	0.14	339_S	[ -3.57961364  26.51243182 -53.95743182]
0.18	 1.13	0.01	-0.28	341_Y	[ -5.41181818  21.29345455 -47.42518182]
-0.01	 0.07	-0.15	0.0	341_Y	[ -7.270425  20.267025 -48.186925]
0.18	 1.13	0.16	-0.37	341_Y	[ -9.71690909  20.24668182 -47.09409091]
-0.13	 -0.45	-0.07	0.13	341_Y	[ -9.2204      19.07216667 -49.73983333]
-0.02	 0.14	0.06	-0.09	341_Y	[-11.09390476  18.44633333 -50.30933333]
0.16	 1.01	0.02	-0.23	342_N	[ -5.22614286  21.75771429 -48.608     ]
0.06	 0.06	0.01	-0.16	342_N	[ -3.55146154  22.16061538 -46.93973077]
0.23	 1.5	0.28	-0.53	342_N	[ -2.843375  22.549875 -45.187625]
0.01	 0.84	-0.06	-0.06	342_N	[ -1.72938889  22.7685     -49.18577778]
-0.19	 -0.49	0.03	0.27	342_N	[ -1.29155556  23.21122222 -50.60028889]
-0.11	 -0.3	0.02	0.14	342_N	[ -0.34873469  23.54757143 -47.5174898 ]
0.19	 1.34	0.15	-0.43	343_F	[ -2.68975    27.217     -44.4080625]
0.22	 1.07	0.1	-0.34	343_F	[ -4.02673684  27.688      -42.90652632]
0.18	 1.73	0.02	-0.21	343_F	[ -3.20818182  28.90036364 -45.12663636]
0.16	 0.95	0.06	-0.31	343_F	[ -5.19040909  29.48204545 -43.27613636]
0.11	 0.31	0.04	-0.23	345_D	[ -6.6361875  21.566375  -41.16475  ]
0.16	 0.88	-0.02	-0.21	345_D	[ -2.8453  21.798  -41.8599]
-0.05	 0.52	0.06	-0.1	345_D	[ -4.65390476  21.54480952 -40.03680952]
-0.1	 -0.44	-0.01	0.08	345_D	[ -4.01374194  20.63254839 -43.49096774]
-0.13	 -0.43	-0.0	0.14	345_D	[ -6.12573333  19.21686667 -43.04453333]
0.04	 0.29	0.01	-0.16	345_D	[ -8.15119512  20.32787805 -43.5634878 ]
-0.18	 -0.7	0.06	0.28	345_D	[ -5.55486364  19.22845455 -45.34609091]
0.02	 0.14	-0.02	-0.06	346_I	[ -1.85988235  23.03370588 -40.40452941]
-0.06	 -0.32	-0.09	0.04	346_I	[ -2.0091875   24.62590625 -38.32765625]
-0.11	 -0.59	0.01	0.19	346_I	[  0.37793333  24.372      -42.5024    ]
-0.17	 -0.67	0.05	0.21	346_I	[ -0.84224194  26.8171129  -41.29383871]
-0.1	 -0.65	-0.02	0.12	346_I	[ -0.57989655  22.88087931 -44.41667241]
0.03	 -0.34	-0.15	-0.03	347_Q	[ -3.38094118  27.66611765 -38.89958824]
-0.11	 -0.16	-0.06	0.14	347_Q	[ -5.09765789  26.43186842 -36.49255263]
0.12	 0.47	0.01	-0.2	347_Q	[ -4.72822222  28.721      -41.06327778]
-0.07	 -0.25	-0.04	0.09	347_Q	[ -4.98265116  30.17555814 -39.06888372]
0.12	 1.52	-0.16	-0.17	347_Q	[ -8.20541667  28.0675     -38.59383333]
0.14	 1.1	0.21	-0.45	347_Q	[ -9.1006  29.4702 -38.9587]
-0.14	 -0.5	-0.0	0.2	347_Q	[ -7.33039344  29.81114754 -37.07516393]
0.05	 0.05	0.04	-0.17	348_M	[ -7.53019048  25.25638095 -37.07552381]
0.05	 0.46	-0.05	-0.18	348_M	[ -6.15755556  23.211      -36.66205556]
-0.21	 -0.51	-0.07	0.3	348_M	[ -6.37409524  22.54311905 -35.4682381 ]
-0.02	 0.11	-0.08	-0.06	348_M	[ -7.96975     22.14171429 -38.47257143]
-0.09	 -0.5	-0.03	0.16	348_M	[ -9.538       25.10265789 -37.97997368]
0.15	 0.67	-0.04	-0.23	348_M	[-11.52063636  24.7455     -39.145     ]
-0.01	 0.3	-0.0	-0.11	348_M	[-10.98579167  21.29959722 -39.67588889]
0.14	 1.74	0.07	-0.31	349_G	[ -5.7755      21.71116667 -38.43433333]
-0.1	 -0.28	-0.04	0.1	349_G	[ -3.8886383   20.93146809 -37.37734043]
0.17	 0.98	-0.01	-0.25	349_G	[ -2.9074375  22.349875  -35.6784375]
-0.07	 -0.08	-0.09	0.0	349_G	[ -3.17645455  23.99527273 -35.24290909]
-0.04	 -0.23	-0.17	0.05	350_I	[ -2.01282353  20.34347059 -36.07158824]
0.1	 -0.14	-0.09	-0.12	350_I	[ -2.30446154  22.40207692 -33.05376923]
-0.25	 -1.12	0.07	0.32	350_I	[  0.41666667  22.54053333 -35.14883333]
-0.29	 -1.02	0.15	0.43	350_I	[ -0.07291667  23.87341667 -33.46691667]
-0.12	 -0.51	-0.02	0.14	350_I	[ -0.24044444  19.52155556 -34.37144444]
-0.17	 -0.96	0.06	0.26	350_I	[ -2.31333333  18.35054762 -33.5102619 ]
-0.22	 -1.07	0.08	0.32	350_I	[-1.83333333e-02  2.05108889e+01 -3.16297302e+01]
-0.25	 -1.05	0.08	0.36	350_I	[ -4.1086875   20.02628125 -32.32548438]
