0.0	 0.72	-0.17	-0.09	1_C	[-14.407       22.52084615   4.83038462]
-0.03	 0.42	-0.01	-0.1	1_C	[-12.061       24.13123913   1.61893478]
0.16	 0.77	0.6	-0.79	1_C	[-13.092       20.08985714  -0.36928571]
0.12	 0.51	-0.12	-0.23	1_C	[-14.74564286  21.3205       4.58985714]
-0.17	 -0.36	-0.06	0.31	1_C	[-13.01875862  21.82872414   4.65093103]
-0.23	 -0.85	0.0	0.21	1_C	[-14.056      24.0215625   3.745375 ]
-0.07	 -0.01	0.01	0.01	1_C	[-13.59340909  20.13736364   2.55986364]
0.21	 1.4	0.12	-0.38	1_C	[-14.6640625  24.1968125   1.6301875]
0.15	 1.67	-0.1	-0.17	2_T	[-8.2514 20.6318 -0.5146]
-0.11	 -0.43	0.13	-0.04	2_T	[-10.30440541  19.62381081  -0.95602703]
0.07	 1.06	0.19	-0.45	2_T	[-8.06123077 21.46738462  0.83961538]
-0.26	 -0.75	0.03	0.28	2_T	[-8.84836364 19.39927273  1.64813636]
-0.15	 -0.92	-0.02	0.17	2_T	[-8.674625   22.88666667  3.605     ]
-0.01	 -0.09	0.03	0.14	2_T	[-12.2362  19.8278   0.8822]
0.02	 0.19	-0.05	-0.17	2_T	[-10.4547   23.6793    0.05555]
-0.24	 -0.26	-0.08	0.23	2_T	[-7.56534783 21.64186957  0.50126087]
-0.15	 -0.62	0.01	0.23	2_T	[-10.28557692  19.99888462   3.15542308]
-0.24	 -0.83	0.2	0.4	2_T	[-7.54004167 21.87366667  3.58825   ]
-0.17	 -0.5	0.12	0.3	2_T	[-8.66034783 23.98056522  2.1666087 ]
-0.03	 -0.51	-0.1	0.13	2_T	[-10.3386875  22.4053125   3.936    ]
0.06	 0.59	-0.15	-0.11	3_C	[-7.39636842 21.019      -2.11905263]
-0.14	 -0.43	-0.1	0.18	3_C	[-6.87291176 23.44711765 -2.55647059]
0.08	 1.51	0.02	-0.22	3_C	[-9.454  22.9656 -5.5947]
0.05	 0.53	-0.02	-0.24	3_C	[-11.9416129   23.97851613  -2.48548387]
-0.05	 -0.09	0.08	-0.06	3_C	[-8.9428 23.5661 -0.8606]
0.0	 0.19	-0.04	-0.1	3_C	[-9.68041176 19.98882353 -3.35705882]
-0.05	 -0.15	-0.05	0.1	3_C	[-9.61722222 23.95877778 -4.41118519]
-0.11	 -0.04	-0.31	-0.0	3_C	[-9.8501  21.7102  -5.82705]
0.06	 1.26	-0.04	-0.2	4_S	[-7.35044444 20.05133333 -3.35133333]
0.14	 0.94	0.49	-0.69	4_S	[-8.119 22.019 -6.687]
-0.11	 -0.19	-0.14	0.02	4_S	[-6.94530556 20.36563889 -7.40455556]
-0.02	 0.43	0.17	-0.34	4_S	[-5.48061905 19.53885714 -4.54109524]
-0.02	 0.1	-0.3	0.1	4_S	[-3.75528205 20.62523077 -6.1515641 ]
-0.15	 -0.51	-0.1	0.13	4_S	[-8.45152941 19.96864706 -4.73176471]
0.01	 0.5	-0.14	-0.02	4_S	[-5.04715385 22.47584615 -3.60407692]
-0.25	 -0.76	0.13	0.46	4_S	[-5.12217391 20.07734783 -3.05313043]
-0.26	 -0.66	0.01	0.42	4_S	[-5.8867  18.81055 -5.29355]
-0.32	 -0.75	0.86	-0.31	4_S	[-3.15646154 19.47311538 -5.60203846]
0.13	 1.34	0.24	-0.52	5_P	[-7.64275  23.61225  -6.139125]
0.01	 0.53	-0.07	-0.23	5_P	[-7.84654545 23.43236364 -6.89654545]
0.14	 1.08	0.05	-0.31	5_P	[-4.17975    23.67366667 -9.67166667]
-0.0	 0.31	-0.03	-0.15	5_P	[-3.82960976 21.27431707 -8.21982927]
-0.09	 -0.74	-0.08	0.09	5_P	[-6.519      25.61057143 -9.17392857]
-0.13	 -0.28	-0.04	0.11	5_P	[-4.184375 25.80175  -7.17075 ]
-0.07	 -0.12	-0.04	-0.01	5_P	[-4.94866667 24.75222222 -4.72911111]
-0.14	 -0.33	-0.02	0.19	5_P	[-7.925   22.79292 -8.2896 ]
-0.08	 -0.25	-0.02	0.17	5_P	[-5.37604348 25.20856522 -9.91621739]
-0.19	 -0.54	0.16	0.3	5_P	[-7.32266667 25.554125   -7.68733333]
-0.22	 -1.69	0.17	0.38	5_P	[-3.26423077 24.59046154 -7.62623077]
-0.27	 -0.69	0.18	0.42	5_P	[-4.75721053 26.48473684 -6.80357895]
-0.12	 -0.27	0.1	0.07	5_P	[-4.05594737 23.51468421 -5.27057895]
-0.2	 -0.56	-0.16	0.23	5_P	[-6.72773684 24.82468421 -5.00763158]
0.11	 1.19	0.06	-0.33	6_S	[-6.91836364 21.63309091 -9.97190909]
0.09	 1.6	0.01	-0.34	6_S	[ -3.92828571  23.24614286 -10.89057143]
0.05	 0.85	0.1	-0.32	6_S	[ -5.0792      22.12706667 -12.7769    ]
-0.12	 -0.22	-0.14	0.14	6_S	[ -4.93770213  24.09948936 -12.56078723]
-0.13	 -0.14	-0.06	0.02	6_S	[ -6.388      19.97775   -11.2639375]
-0.19	 -0.24	0.01	0.23	6_S	[ -3.31521429  19.49810714 -11.54178571]
-0.16	 -0.34	-0.07	0.14	6_S	[ -7.02452381  22.7177619  -11.164     ]
-0.17	 -1.38	-0.01	0.24	6_S	[ -3.129      22.1645625 -10.54725  ]
-0.14	 -0.44	-0.13	0.19	6_S	[-6.15138889 19.59011111 -9.832     ]
0.01	 -0.2	-0.29	0.13	6_S	[ -6.39017241  19.8482069  -12.55958621]
-0.2	 -0.55	2.37	-2.32	6_S	[-4.08389189 18.72424324 -9.90132432]
0.12	 1.93	0.12	-0.39	7_H	[ -3.5258  20.8866 -13.1926]
0.06	 0.49	-0.13	-0.11	7_H	[ -7.229      22.6728125 -13.920125 ]
0.12	 0.97	-0.01	-0.26	7_H	[ -7.263    20.77284 -13.84944]
0.09	 1.42	-0.09	-0.06	7_H	[ -2.82342857  20.40714286 -17.47428571]
0.04	 1.22	0.04	-0.22	7_H	[ -2.522875   22.7031875 -16.5746875]
0.02	 0.19	-0.0	-0.04	7_H	[ -3.62822222  20.409      -18.84544444]
-0.25	 -1.16	0.14	0.33	7_H	[ -1.94723913  23.50967391 -18.60423913]
0.07	 0.82	0.04	-0.21	7_H	[ -3.75333333  22.66138889 -19.72011111]
0.13	 0.75	-0.02	-0.24	7_H	[ -4.6305625  19.4175625 -13.8630625]
0.08	 0.62	-0.01	-0.22	7_H	[ -4.06781818  23.85054545 -14.88372727]
-0.14	 -0.01	-0.09	0.14	7_H	[ -3.06095455  20.42777273 -14.70627273]
-0.21	 -0.36	-0.03	0.27	7_H	[ -2.16803704  22.68385185 -15.61459259]
-0.31	 -0.86	-0.07	0.34	7_H	[ -3.74566667  23.12177778 -20.57233333]
0.12	 1.6	0.18	-0.42	8_P	[ -7.096       23.75614286 -14.74728571]
0.1	 0.93	-0.03	-0.27	8_P	[ -8.26322222  23.72144444 -14.93355556]
0.14	 1.18	-0.01	-0.22	8_P	[ -8.64344444  23.70377778 -19.12244444]
0.0	 0.31	-0.13	-0.09	8_P	[-10.5025      23.16192308 -18.09603846]
0.13	 0.94	-0.15	-0.16	8_P	[ -8.67433333  26.4475     -17.38833333]
-0.04	 -0.09	-0.06	-0.0	8_P	[ -6.05940909  25.55963636 -18.10877273]
0.01	 0.4	0.0	-0.17	8_P	[ -4.52126667  24.8312     -16.4352    ]
0.18	 1.31	0.1	-0.39	8_P	[ -8.89033333  23.05441667 -14.76575   ]
-0.15	 -0.14	-0.14	0.14	8_P	[ -9.65372727  25.67027273 -17.81136364]
0.0	 0.42	-0.12	-0.01	8_P	[ -8.0305      25.46416667 -15.23944444]
-0.08	 -0.76	-0.1	0.04	8_P	[ -6.50742857  24.52480952 -19.25314286]
-0.26	 -0.73	0.12	0.38	8_P	[ -6.64604545  26.58181818 -17.28245455]
0.13	 0.27	-0.42	0.02	8_P	[ -3.90157143  24.40928571 -16.83371429]
-0.19	 -0.74	-0.07	0.27	8_P	[ -5.64489474  25.20347368 -14.94989474]
0.11	 1.56	0.08	-0.34	9_Q	[ -7.86422222  22.91388889 -20.09511111]
0.07	 1.17	0.12	-0.37	9_Q	[ -6.6176  18.5178 -19.5242]
0.16	 1.01	-0.03	-0.22	9_Q	[ -8.05361538  17.84284615 -20.43092308]
-0.08	 0.09	-0.09	-0.03	9_Q	[ -6.209    19.4069  -22.60475]
0.12	 1.25	0.14	-0.38	9_Q	[ -7.19873684  21.94026316 -22.94321053]
-0.09	 0.19	-0.25	0.1	9_Q	[ -5.9406129   23.0016129  -22.98474194]
0.1	 1.88	0.01	-0.25	9_Q	[ -9.27888889  22.25866667 -22.77433333]
0.09	 0.37	-0.02	-0.18	9_Q	[ -9.10375  22.2793  -20.71695]
0.13	 0.83	0.0	-0.24	9_Q	[ -6.10342857  23.20292857 -20.50057143]
0.08	 0.42	-0.0	-0.17	9_Q	[ -5.08088235  19.70258824 -19.60911765]
-0.13	 -0.17	-0.06	0.16	9_Q	[ -4.84968966  20.51562069 -22.13893103]
0.05	 0.47	0.03	-0.12	9_Q	[ -7.64810714  18.90192857 -22.75703571]
0.16	 0.88	0.03	-0.28	9_Q	[ -9.88069565  22.36647826 -24.05095652]
0.2	 1.35	0.08	-0.38	10_D	[ -8.923       17.38011111 -15.22733333]
0.08	 1.1	-0.16	-0.23	10_D	[ -6.4229  18.4478 -14.5592]
-0.06	 0.19	-0.05	-0.02	10_D	[ -4.96978571  17.49903571 -16.86003571]
-0.33	 -0.91	0.2	0.4	10_D	[ -5.23673529  15.85358824 -17.7545    ]
-0.18	 -0.27	0.01	0.18	10_D	[ -3.70115625  18.28646875 -16.6121875 ]
0.07	 0.65	-0.09	-0.15	10_D	[ -7.68738462  16.58207692 -18.45680769]
-0.12	 -0.52	-0.47	0.45	10_D	[ -7.19457895  16.82173684 -15.15578947]
0.1	 0.89	0.05	-0.32	11_A	[ -8.601875   18.9740625 -14.8365625]
-0.0	 0.89	-0.07	-0.17	11_A	[ -9.61466667  18.97466667 -14.32966667]
0.21	 1.27	0.14	-0.42	11_A	[-13.159       20.78557895 -16.17778947]
0.17	 1.4	0.04	-0.3	11_A	[-13.04621429  18.68357143 -15.05857143]
0.01	 0.46	0.05	-0.25	11_A	[-11.646125    21.41870833 -14.611375  ]
-0.01	 -0.48	-0.02	-0.03	11_A	[-10.60183333  18.14404167 -14.34629167]
0.06	 0.41	-0.02	-0.15	11_A	[-12.63657143  20.56819048 -14.01338095]
-0.1	 0.11	-0.13	0.1	11_A	[ -9.34244828  21.15206897 -13.73989655]
0.13	 1.14	0.07	-0.34	11_A	[-11.38455556  22.51733333 -15.96888889]
0.1	 1.01	-0.0	-0.27	12_F	[-11.8418  21.5077 -17.275 ]
0.11	 2.52	0.04	-0.29	12_F	[-12.28166667  21.66733333 -18.18066667]
0.13	 1.42	0.38	-0.61	12_F	[-10.76421429  21.79592857 -21.30164286]
0.04	 0.6	-0.15	-0.17	12_F	[-12.09658333  22.73211111 -22.59469444]
0.22	 1.08	0.27	-0.54	12_F	[-14.12958333  19.74275    -25.08833333]
0.06	 0.89	-0.08	-0.01	12_F	[-14.77933333  20.71316667 -24.99183333]
0.04	 0.32	-0.05	-0.12	12_F	[-13.80390323  21.47254839 -18.25587097]
-0.01	 0.19	-0.28	0.01	12_F	[-11.20276471  22.50452941 -19.78329412]
-0.02	 0.2	-0.21	0.02	12_F	[-13.31439024  23.63453659 -20.42590244]
0.06	 0.81	-0.33	-0.03	12_F	[-15.08582143  18.94032143 -24.57817857]
0.13	 1.42	0.27	-0.57	12_F	[-15.2778  20.6968 -25.0111]
0.13	 2.33	0.06	-0.33	13_C	[-11.693875  14.08525  -18.63825 ]
-0.01	 -0.1	-0.05	-0.04	13_C	[-13.3935      13.65795455 -19.09240909]
0.0	 0.01	-0.06	-0.07	13_C	[ -9.92292308  14.64715385 -19.96753846]
0.1	 0.35	-0.04	-0.11	13_C	[ -9.05856  16.51016 -22.31192]
0.03	 -0.03	-0.05	-0.08	13_C	[ -9.29166667  15.7185     -19.33788889]
-0.1	 -0.38	-0.12	0.17	13_C	[-10.93755  13.9373  -20.23075]
0.08	 0.75	-0.06	-0.21	14_N	[-14.2542      16.2632     -14.59433333]
-0.15	 -0.28	-0.09	0.15	14_N	[-15.13376744  13.99890698 -15.39006977]
-0.01	 0.25	-0.09	-0.09	14_N	[-11.79322222  16.34922222 -14.13694444]
-0.04	 0.51	-0.18	0.0	14_N	[-10.181      14.668     -15.0017037]
-0.12	 -0.26	-0.09	0.12	14_N	[ -9.36967568  14.32010811 -16.78167568]
-0.13	 -0.19	-0.0	0.17	14_N	[-10.83010714  13.31989286 -13.72560714]
-0.05	 -0.16	0.05	0.02	14_N	[-12.42822222  13.39233333 -16.74816667]
0.02	 -0.06	-0.5	0.29	14_N	[-10.769   16.8198 -14.3846]
-0.18	 -0.72	-0.13	0.26	14_N	[-12.77878571  15.07092857 -13.56585714]
-0.3	 -0.9	0.26	0.53	14_N	[ -9.49159259  12.72385185 -13.98      ]
-0.26	 -1.09	0.14	0.43	14_N	[-11.691125    13.78725    -13.04179167]
0.14	 1.22	0.13	-0.41	15_S	[-14.03127273  17.24909091 -15.07945455]
0.06	 1.17	-0.07	-0.2	15_S	[-15.0998  16.8716 -14.646 ]
0.19	 1.5	0.14	-0.41	15_S	[-16.72075    14.6116875 -17.5329375]
-0.03	 0.39	-0.01	-0.17	15_S	[-16.83622222  16.49007407 -14.38266667]
0.07	 0.4	-0.08	-0.13	15_S	[-15.38202703  18.88816216 -14.15054054]
0.12	 1.02	0.31	-0.72	15_S	[-14.94245  20.9331  -16.89065]
0.14	 1.58	0.15	-0.4	16_D	[-19.83152  15.44164 -20.1578 ]
0.09	 1.25	-0.11	-0.18	16_D	[-19.9425      12.83211111 -15.34316667]
-0.21	 -0.35	-0.09	0.24	16_D	[-19.15548485  12.38257576 -16.76151515]
0.01	 0.3	-0.05	-0.09	16_D	[-19.45609375  13.69153125 -14.151875  ]
0.09	 0.51	-0.17	-0.12	16_D	[-18.37690323  14.45822581 -19.03432258]
0.17	 1.01	-0.0	-0.31	18_V	[-15.2571  23.5743 -19.3211]
0.08	 0.38	0.0	-0.17	18_V	[-15.86009524  24.12180952 -18.05952381]
0.16	 1.32	0.23	-0.49	18_V	[-15.83936842  21.97473684 -17.81326316]
0.03	 1.04	-0.06	-0.14	20_R	[-22.67833333  32.43785714 -24.35085714]
-0.02	 0.55	-0.04	-0.06	20_R	[-20.39854839  31.87570968 -26.01964516]
0.04	 0.73	-0.0	-0.19	20_R	[-21.89003571  34.59057143 -23.281     ]
-0.07	 -0.38	-0.16	0.08	20_R	[-19.8699  30.962  -26.2597]
-0.33	 -1.09	0.23	0.5	20_R	[-20.1496   33.2986  -26.24245]
-0.14	 -0.3	0.01	0.17	20_R	[-20.64337143  35.008      -24.14725714]
0.08	 -0.71	-0.0	-0.2	22_K	[-26.67536364  36.71436364 -19.40927273]
0.05	 0.66	-0.27	-0.04	22_K	[-30.007       33.83542857 -19.49385714]
0.03	 -3.04	0.33	-0.53	22_K	[-29.329375  36.012875 -21.0605  ]
0.01	 0.1	-0.12	-0.05	22_K	[-26.64633333  36.60975    -17.615875  ]
-0.02	 0.26	-0.13	-0.06	22_K	[-26.19733333  36.449      -20.05844444]
0.06	 0.72	-0.2	-0.06	22_K	[-29.31013333  33.291      -20.48893333]
0.19	 1.07	0.55	-0.78	22_K	[-30.2173  34.0773 -18.7449]
-0.22	 -0.46	0.01	0.36	22_K	[-30.30353125  35.60346875 -20.35246875]
-0.2	 -0.47	0.02	0.26	22_K	[-29.21485  37.34695 -18.8498 ]
-0.24	 -0.33	0.0	0.26	22_K	[-28.11543478  36.48586957 -21.26791304]
0.14	 0.54	0.09	-0.3	24_V	[-34.06992857  35.03564286 -12.29092857]
0.06	 0.31	-0.07	0.06	24_V	[-31.82133333  34.77666667 -17.049     ]
-0.05	 -0.7	-0.13	0.07	24_V	[-33.08640741  36.68922222 -15.773     ]
0.08	 1.46	-0.11	-0.17	24_V	[-30.324125  37.044125 -17.099   ]
0.11	 0.81	0.23	-0.57	24_V	[-32.13366667  34.04566667 -17.01516667]
-0.22	 -0.96	0.08	0.6	24_V	[-32.71014815  35.968      -17.02551852]
0.03	 -0.26	-0.06	-0.01	24_V	[-33.71780769  35.18119231 -14.77265385]
-0.02	 -0.29	0.11	-0.08	24_V	[-31.07792857  37.822      -14.97828571]
0.07	 0.82	-0.23	-0.26	24_V	[-30.93579167  35.51291667 -17.86841667]
0.04	 0.11	-0.07	-0.12	24_V	[-28.89655556  37.10744444 -15.756     ]
0.11	 0.86	0.01	-0.16	25_G	[-34.65111111  33.39661111 -12.92022222]
0.18	 1.25	0.28	-0.53	26_K	[-32.54118182  28.99209091  -7.49409091]
0.2	 1.5	0.29	-0.53	26_K	[-32.41068421  28.54763158  -8.57263158]
0.07	 0.51	-0.1	-0.13	26_K	[-34.16855556  33.86088889  -7.09266667]
-0.05	 0.34	-0.32	0.01	26_K	[-35.21457143  30.111       -6.7465    ]
0.06	 1.19	-0.02	-0.26	26_K	[-36.072       30.43318182  -9.90727273]
-0.2	 -0.85	-0.12	0.24	26_K	[-37.6312  32.4433  -9.7966]
0.07	 1.06	0.2	-0.53	26_K	[-35.51485714  34.51764286  -9.93614286]
0.09	 0.41	0.01	-0.11	26_K	[-33.18235  33.0007   -6.0293 ]
0.09	 1.23	0.29	-0.44	26_K	[-33.9036  34.2964  -7.4864]
0.04	 0.26	-0.26	-0.04	26_K	[-34.17477273  29.308       -7.65736364]
-0.32	 -1.23	0.01	0.37	26_K	[-35.53383333  31.52477778  -6.38316667]
-0.21	 -0.17	-0.09	0.15	26_K	[-36.11968421  29.76784211  -9.44815789]
-0.12	 0.17	0.13	0.12	26_K	[-36.53189655  31.88931034 -11.14862069]
-0.22	 -0.75	0.16	0.3	26_K	[-37.33545455  32.49445455  -8.38113636]
-0.19	 -0.32	0.1	0.26	26_K	[-36.0136875   34.95715625 -10.0870625 ]
0.01	 -0.29	-0.02	0.02	26_K	[-35.07368421  34.49363158  -8.23510526]
0.08	 0.14	-0.16	-0.14	26_K	[-34.948625  34.23     -11.41875 ]
0.21	 1.51	0.33	-0.58	27_K	[-33.14163636  28.40090909  -6.26290909]
-0.05	 0.22	-0.07	-0.01	27_K	[-33.76795349  29.95137209  -3.80397674]
-0.01	 0.16	-0.11	-0.03	27_K	[-31.2118  32.6063  -4.0491]
0.06	 0.65	-0.08	-0.11	27_K	[-28.51678571  32.747       -3.11542857]
0.05	 0.42	-0.19	0.05	27_K	[-29.60533333  31.65933333  -1.169     ]
0.03	 -0.02	-0.14	-0.19	27_K	[-27.26333333  30.88966667  -0.24177778]
0.08	 0.97	0.02	-0.2	27_K	[-32.57557143  31.981       -5.09485714]
0.12	 1.39	0.03	-0.3	27_K	[-31.34963636  32.83145455  -4.88027273]
0.06	 0.03	0.03	-0.06	27_K	[-31.74590909  31.25436364  -2.99677273]
0.13	 0.91	0.08	-0.3	27_K	[-27.28669231  32.23903846  -4.40246154]
-0.15	 -0.62	-0.06	0.18	27_K	[-29.42854167  33.01095833  -2.63933333]
-0.1	 -0.02	-0.27	0.22	27_K	[-30.47988889  30.42388889  -0.83433333]
-0.06	 -0.16	-0.02	-0.01	27_K	[-2.80251429e+01  2.95422857e+01  1.18214286e-02]
-0.03	 0.49	-0.1	-0.03	27_K	[-26.0113913   30.98495652  -1.90926087]
-0.29	 -0.5	0.1	0.39	27_K	[-28.01992  32.0584   -0.63628]
0.07	 1.09	0.08	-0.36	28_L	[-35.07888235  26.79564706  -5.41470588]
0.08	 0.47	0.0	-0.15	28_L	[-36.67257143  26.86        -3.49928571]
-0.12	 -0.72	0.01	0.15	28_L	[-37.38153333  25.13106667  -5.16966667]
0.07	 0.58	-0.04	-0.15	28_L	[-36.16933333  24.16608333  -2.408     ]
0.01	 0.59	-0.07	-0.07	28_L	[-34.56852941  28.48111765  -2.58288235]
-0.04	 -0.09	-0.3	0.11	28_L	[-35.01059375  27.4945625   -5.83315625]
-0.13	 -0.42	0.04	0.17	28_L	[-36.56956522  26.84952174  -2.59056522]
-0.24	 -1.17	0.16	0.37	28_L	[-38.04058333  24.78983333  -3.85233333]
-0.23	 -1.25	0.25	0.45	28_L	[-37.41957895  26.89968421  -5.52352632]
-0.12	 -0.98	-0.04	0.2	28_L	[-36.05965217  24.29817391  -5.88065217]
-0.22	 -0.81	0.07	0.15	28_L	[-36.56711111  23.99883333  -1.76844444]
0.09	 1.16	0.03	-0.21	28_L	[-35.15258824  22.80576471  -3.76864706]
0.17	 1.73	-0.0	-0.28	29_V	[-34.176   24.4142   1.8164]
-0.12	 -0.51	-0.08	0.1	29_V	[-35.46568966  24.88841379   0.34975862]
0.06	 0.68	-0.06	0.07	29_V	[-32.40466667  27.15766667   2.57033333]
0.02	 0.48	-0.19	-0.04	29_V	[-30.13286667  26.54143333   1.99326667]
-0.08	 -0.37	-0.08	0.11	29_V	[-32.30423333  29.09326667   0.5711    ]
0.21	 0.96	-0.06	-0.16	29_V	[-34.87366667  27.09388889  -1.00188889]
-0.06	 -0.22	-0.03	0.0	29_V	[-33.34025926  25.67455556   2.23503704]
-0.21	 -1.01	0.06	0.28	29_V	[-30.65122222  27.38666667   2.6057037 ]
0.14	 0.89	0.06	-0.33	29_V	[-30.24883333  24.73691667   2.60208333]
0.16	 1.32	0.03	-0.32	29_V	[-28.914125   27.188625    0.5179375]
-0.23	 -1.35	0.26	0.44	29_V	[-32.41915789  28.92121053   2.03947368]
0.12	 1.05	0.1	-0.37	29_V	[-32.077       29.37691667  -1.1525    ]
-0.12	 -0.59	0.11	0.16	29_V	[-34.11384211  28.26405263   0.32942105]
0.07	 1.1	-0.04	-0.16	30_K	[-34.41172222  23.10316667   3.01444444]
-0.02	 -0.02	-0.12	0.0	30_K	[-31.98213793  23.15596552   3.79844828]
0.09	 1.42	0.13	-0.38	30_K	[-35.15128571  20.83014286   0.49614286]
0.1	 0.79	0.01	-0.24	30_K	[-35.35275  20.825    -0.61925]
-0.06	 -0.39	-0.02	0.01	30_K	[-35.12263636  19.27490909  -2.72018182]
0.08	 0.85	0.16	-0.25	30_K	[-33.5516  18.5394  -0.3358]
0.02	 -4.26	-0.01	-0.08	30_K	[-32.753       16.7675      -1.93333333]
-0.06	 0.09	-0.1	0.07	30_K	[-35.52463158  22.45973684   1.20310526]
0.03	 0.42	-0.11	-0.05	30_K	[-34.2762   19.46      0.67295]
-0.03	 0.1	-0.11	0.02	30_K	[-35.55216667  21.97522222  -1.59244444]
-0.19	 -0.49	-0.03	0.25	30_K	[-35.25286364  19.11154545  -1.34036364]
-0.04	 -0.21	0.12	-0.11	30_K	[-34.13896  20.44048  -3.84184]
0.08	 0.57	-0.11	-0.13	30_K	[-32.19194118  18.40858824   0.15      ]
-0.28	 -0.46	0.02	0.25	30_K	[-31.55155  16.9195   -2.01445]
-0.23	 -0.34	0.19	0.32	30_K	[-33.80207692  17.13330769  -1.38876923]
-0.08	 0.22	3.5	1.03	30_K	[-32.81774468  17.95597872  -4.1162766 ]
0.08	 0.33	-0.12	-0.12	31_E	[-33.96776923  17.98530769   4.71307692]
-0.08	 -0.08	-0.06	0.04	31_E	[-32.21681081  18.25621622   2.66372973]
0.06	 -0.0	-0.08	-0.1	31_E	[-35.82016667  18.53116667   5.3825    ]
0.03	 1.14	-0.03	-0.15	31_E	[-35.70742105  21.98431579   5.79715789]
-0.16	 -0.47	-0.07	0.1	31_E	[-37.0593913   20.9036087    6.86704348]
-0.38	 -1.3	0.32	0.56	31_E	[-38.31813793  19.37058621   6.36148276]
-0.32	 -1.37	0.27	0.53	31_E	[-37.00969444  21.71844444   8.04636111]
-0.0	 0.17	-0.01	-0.03	31_E	[-35.33921053  20.03168421   2.47015789]
0.01	 0.31	-0.13	-0.04	31_E	[-32.711625    21.56920833   5.341375  ]
-0.23	 -1.27	-0.01	0.3	31_E	[-36.04046667  18.82393333   4.08713333]
-0.2	 -0.75	-0.22	0.2	31_E	[-35.1024375  18.9734375   6.433125 ]
-0.17	 -0.38	-0.06	0.18	31_E	[-35.09230435  22.42043478   5.88386957]
-0.17	 -0.64	-0.0	0.2	31_E	[-36.8682381   21.50814286   4.00209524]
0.14	 1.14	0.24	-0.48	32_G	[-31.9774  19.7802   5.9611]
0.07	 0.81	-0.11	-0.15	32_G	[-31.98533333  16.92708333   5.45208333]
-0.05	 0.74	0.01	-0.0	32_G	[-31.49241667  17.57491667   7.8345    ]
-0.12	 -0.62	-0.02	0.09	32_G	[-31.24636667  19.90443333   7.541     ]
-0.12	 0.07	-0.09	0.01	32_G	[-33.44223077  19.86434615   6.81188462]
-0.22	 -0.47	0.09	0.27	32_G	[-32.59690476  16.75628571   5.99257143]
0.03	 -0.3	-0.06	-0.09	32_G	[-30.52016667  17.76504167   4.057375  ]
0.06	 2.24	-0.16	0.03	33_P	[-30.1574  16.491    8.0034]
0.08	 1.06	0.35	-0.71	33_P	[-28.77125  16.8665    8.984  ]
0.11	 1.8	0.1	-0.35	33_P	[-26.8348  18.8118   9.5324]
-0.16	 -0.65	0.02	0.2	33_P	[-28.2697   20.2929    9.65595]
-0.03	 0.17	-0.03	-0.05	33_P	[-26.21172727  16.28854545   8.09027273]
-0.1	 -0.27	-0.04	0.11	33_P	[-27.4514375  14.6481875   6.9431875]
-0.05	 0.65	-0.04	-0.07	33_P	[-29.6518125  15.6468125   5.863875 ]
-0.15	 -0.47	-0.04	0.29	33_P	[-29.10920833  17.5375       9.59570833]
-0.02	 0.27	-0.23	0.09	33_P	[-25.93184211  17.30768421   6.31294737]
-0.1	 -0.08	-0.09	0.1	33_P	[-26.31689655  16.87741379   9.13482759]
-0.32	 -0.87	0.25	0.52	33_P	[-26.92615  14.6491    6.18035]
-0.21	 -0.52	0.12	0.32	33_P	[-28.8028   14.85764   8.29084]
-0.15	 0.19	0.03	0.19	33_P	[-28.3192   16.9231    4.66795]
-0.25	 -0.64	0.05	0.28	33_P	[-30.42714286  15.31380952   6.04385714]
0.13	 0.82	0.07	-0.31	34_F	[-29.59405  21.5041    6.12695]
-0.18	 -0.64	-0.07	0.26	34_F	[-28.34695122  23.44092683   5.54987805]
0.22	 1.54	0.31	-0.55	34_F	[-22.89636364  21.39736364   7.09363636]
0.08	 0.94	-0.02	-0.22	34_F	[-24.38488889  22.61933333   8.48448148]
0.11	 1.63	0.13	-0.42	34_F	[-22.96986667  19.88346667   7.84826667]
-0.05	 -0.39	-0.26	-0.03	34_F	[-23.58855556  22.61337778   9.54282222]
-0.07	 -0.18	-0.24	0.07	34_F	[-23.49417391  19.52463043   9.34343478]
-0.11	 -0.55	-0.07	0.2	34_F	[-23.46872973  21.03072973  10.88562162]
0.12	 1.3	-0.03	-0.25	34_F	[-26.765       18.54815385   5.32723077]
-0.02	 0.18	-0.11	-0.03	34_F	[-27.735625   22.2595      8.1094375]
0.2	 1.5	0.28	-0.53	34_F	[-25.23443478  19.318        5.28165217]
0.23	 1.46	-0.15	-0.19	34_F	[-25.63771429  23.15885714   5.87957143]
-0.28	 -0.27	-0.06	0.26	34_F	[-25.04307407  23.68259259   7.73918519]
0.05	 0.56	-0.16	-0.0	34_F	[-24.36126316  18.04857895   8.00915789]
-0.41	 -0.8	0.3	0.65	34_F	[-23.55489474  23.70294737  10.61805263]
-0.48	 -0.59	0.02	0.68	34_F	[-23.41547826  18.49291304  10.40717391]
-0.31	 -0.94	0.33	0.55	34_F	[-22.66383333  21.21638889  11.88322222]
0.11	 1.23	0.07	-0.37	35_G	[-30.4555      21.81666667   4.71      ]
0.18	 1.07	0.09	-0.34	35_G	[-29.29758824  19.51576471   2.57411765]
0.19	 1.58	0.26	-0.51	35_G	[-27.21708333  19.44316667   2.30283333]
0.1	 0.63	-0.07	-0.23	35_G	[-27.89605  19.05085   4.10175]
0.16	 0.43	-0.01	-0.28	35_G	[-29.6172      23.44593333   3.51113333]
-0.09	 0.09	-0.18	0.04	36_T	[-28.4358125   18.46253125   0.526875  ]
0.04	 -0.06	-0.07	-0.19	36_T	[-28.2127  18.3982  -2.2598]
-0.18	 -0.7	0.06	0.23	36_T	[-29.76718182  17.65918182  -0.31213636]
0.04	 0.47	0.05	-0.25	36_T	[-29.72229167  18.44866667  -3.52133333]
0.12	 0.31	0.07	-0.27	36_T	[-27.19737931  19.2342069   -2.84965517]
0.18	 1.16	0.1	-0.37	37_L	[-27.05766667  27.38296296  -0.21707407]
0.14	 0.96	0.03	-0.32	38_V	[-32.53244  26.78576  -7.5246 ]
0.05	 2.08	0.07	-0.17	38_V	[-34.01188889  23.789       -7.04577778]
0.08	 1.02	-0.02	-0.25	38_V	[-33.25576923  23.53761538  -8.41969231]
-0.02	 0.1	-0.09	-0.08	38_V	[-33.87434375  22.2250625   -5.6673125 ]
-0.03	 -0.26	-0.18	-0.05	38_V	[-33.7720625  25.17075    -6.908125 ]
0.03	 0.24	-0.12	-0.1	38_V	[-33.28363636  21.98513636  -8.57213636]
0.19	 1.38	0.21	-0.47	38_V	[-32.904875   24.4214375  -8.7411875]
0.21	 1.24	0.18	-0.44	39_Y	[-25.25954167  30.42341667  -4.07908333]
0.04	 0.55	-0.0	-0.2	40_T	[-33.78077419  26.34051613  -9.66835484]
0.12	 0.88	-0.23	-0.08	40_T	[-34.25024  27.98712 -14.65372]
-0.13	 0.3	0.08	0.09	40_T	[-35.47678261  27.35917391 -10.27704348]
0.01	 0.2	-0.09	-0.01	40_T	[-35.46791667  28.75797222 -12.68      ]
0.13	 1.03	0.11	-0.38	41_I	[-32.27372  27.42152 -16.29   ]
0.08	 1.58	0.11	-0.29	42_K	[-31.0945      28.52633333 -19.80066667]
0.08	 0.86	-0.1	-0.14	42_K	[-30.92515385  31.62269231 -19.70492308]
-0.05	 -0.09	-0.02	0.01	42_K	[-33.87715385  31.17030769 -18.97938462]
0.07	 0.63	0.08	-0.29	42_K	[-32.95557143  29.21485714 -16.90571429]
-0.07	 -0.5	0.0	0.03	42_K	[-35.19090909  31.24754545 -17.28427273]
-0.01	 1.0	-0.01	-0.2	42_K	[-34.69733333  32.682      -14.88533333]
0.08	 0.65	-0.2	-0.09	42_K	[-32.03964706  27.89455882 -18.42394118]
-0.05	 -0.02	0.08	-0.1	42_K	[-30.80338235  30.59914706 -20.36541176]
-0.06	 -0.15	-0.08	0.16	42_K	[-32.56602381  32.58942857 -18.63469048]
-0.21	 -0.52	-0.16	0.43	42_K	[-33.64791667  29.5895     -18.68025   ]
0.14	 1.17	0.15	-0.44	42_K	[-32.92578571  28.98378571 -15.98964286]
-0.1	 -0.16	-0.02	0.25	42_K	[-34.51339286  32.85492857 -16.6725    ]
-0.08	 -0.38	7.65	0.63	42_K	[-34.82384375  29.54925    -15.9955    ]
-0.19	 -0.0	-0.11	0.12	42_K	[-35.46733333  31.22633333 -14.033625  ]
0.13	 1.33	0.2	-0.45	42_K	[-34.1075      33.09378571 -14.72292857]
0.1	 0.79	0.05	-0.28	43_Q	[-30.40277778  28.14566667 -20.359     ]
0.16	 0.79	-0.03	-0.08	43_Q	[-28.2852  27.3634 -22.9232]
-0.02	 -0.2	0.0	0.03	43_Q	[-29.31763333  29.3799     -21.98693333]
0.04	 0.55	-0.04	-0.16	43_Q	[-27.18389744  23.72102564 -23.74958974]
0.28	 0.88	-0.24	0.24	43_Q	[-30.94696552  26.55848276 -19.85355172]
0.08	 0.87	0.01	-0.25	43_Q	[-29.37051613  26.09922581 -22.02948387]
0.07	 0.57	0.54	-0.73	44_M	[-27.3222  28.3935 -24.1526]
0.05	 0.36	-0.07	-0.04	44_M	[-25.37885714  29.10671429 -25.52814286]
-0.09	 -0.32	-0.02	0.12	44_M	[-26.64209756  26.85543902 -25.12482927]
0.11	 1.88	0.06	-0.3	44_M	[-24.62190909  32.79418182 -23.06690909]
-0.0	 0.11	0.0	-0.07	44_M	[-27.78908108  33.24572973 -22.373     ]
-0.11	 -0.46	-0.06	0.12	44_M	[-27.88314286  29.29561905 -23.97190476]
0.0	 0.07	0.02	-0.07	44_M	[-25.16152  31.24528 -24.2124 ]
-0.16	 -0.63	-0.02	0.24	44_M	[-26.4140625  34.9569375 -22.765375 ]
-0.21	 -0.56	-0.02	0.27	44_M	[-27.84747619  32.20685714 -23.21047619]
0.14	 1.39	0.02	-0.22	44_M	[-28.6448  32.764  -21.0728]
0.09	 1.04	-0.04	-0.19	45_K	[-23.8478  29.1348 -26.1544]
-0.05	 -0.0	0.03	-0.09	45_K	[-22.340125  29.694625 -27.501   ]
0.02	 0.62	-0.11	-0.21	45_K	[-22.08619048  25.02071429 -28.70619048]
-0.01	 -4.73	-0.01	-0.09	45_K	[-21.20333333  28.01266667 -30.586     ]
0.12	 1.42	-0.11	-0.12	45_K	[-24.34169231  26.55384615 -26.67869231]
0.07	 0.41	-0.04	-0.13	45_K	[-23.22638095  30.21285714 -25.47009524]
-0.11	 -0.09	-0.03	0.09	45_K	[-23.785625    28.44016667 -27.41883333]
-0.02	 -0.05	-0.15	-0.02	45_K	[-20.64212  29.36052 -27.46972]
0.15	 1.02	-0.05	-0.21	45_K	[-21.27044444  24.20566667 -29.14388889]
-0.18	 -0.59	-0.02	0.37	45_K	[-23.03203704  26.07448148 -28.9332963 ]
-0.26	 -0.98	-0.0	0.42	45_K	[-20.75653571  26.684      -31.07728571]
-0.19	 -0.7	0.07	0.24	45_K	[-21.85926316  28.68373684 -29.82705263]
-0.08	 0.28	-0.15	0.14	45_K	[-19.21235135  27.39608108 -29.19191892]
0.24	 1.47	0.37	-0.6	46_M	[-22.33964286  23.96785714 -27.02014286]
0.15	 1.46	0.16	-0.46	46_M	[-25.1815    22.146375 -24.39625 ]
0.12	 1.07	0.06	-0.28	46_M	[-25.41095  20.40155 -24.39895]
0.02	 0.31	-0.06	-0.08	46_M	[-24.25858333  24.6305     -25.84033333]
0.05	 -0.0	-0.09	-0.05	46_M	[-24.61775    22.2793125 -25.4214375]
0.13	 1.2	0.39	-0.63	46_M	[-26.2106  21.2115 -23.4636]
0.06	 0.52	-0.09	-0.07	47_Y	[-17.01212766  20.30493617 -25.66738298]
0.03	 1.17	-0.31	-0.15	47_Y	[-18.19945833  27.73666667 -26.81808333]
0.08	 0.78	0.06	-0.22	47_Y	[-18.21191304  29.72908696 -25.46178261]
0.05	 0.17	-0.09	-0.06	47_Y	[-16.4460303   27.99072727 -26.54006061]
0.08	 1.15	0.13	-0.45	48_R	[-18.47657143  16.09728571 -22.22942857]
0.05	 0.73	-0.01	-0.07	48_R	[-17.489       14.88735294 -21.68029412]
-0.04	 0.32	-0.01	0.02	48_R	[-15.79525     13.33454167 -20.88979167]
-0.05	 0.39	-0.13	0.04	48_R	[-17.04318182  15.39554545 -23.81381818]
0.19	 0.97	0.05	-0.32	48_R	[-18.75241176  18.18111765 -24.79476471]
0.17	 1.29	0.44	-0.66	48_R	[-16.6592  19.0179 -23.9057]
0.12	 1.33	0.05	-0.34	48_R	[-18.85363636  16.19363636 -21.77681818]
0.0	 0.81	-0.13	-0.14	48_R	[-17.75884615  17.31907692 -23.84738462]
-0.06	 -0.29	-0.05	0.1	48_R	[-15.71894737  13.61931579 -19.43389474]
-0.15	 -0.79	-0.05	0.28	48_R	[-15.3526087   12.6376087  -22.27421739]
0.1	 0.68	0.06	-0.33	48_R	[-16.08419048  17.1427619  -24.19714286]
-0.01	 -0.33	-0.05	-0.02	48_R	[-15.95952941  14.03611765 -24.184     ]
-0.05	 -0.2	-0.21	0.04	49_G	[-19.59756522  16.26408696 -23.39826087]
0.12	 0.7	0.04	-0.25	49_G	[-21.15213793  15.10813793 -21.94610345]
0.05	 0.39	0.02	-0.27	50_F	[-25.05218182  14.74736364 -26.47381818]
0.02	 0.26	-0.09	-0.04	50_F	[-26.59841667  15.06241667 -25.91625   ]
-0.06	 -0.05	-0.05	0.02	50_F	[-24.13025     16.46325    -27.84383333]
-0.05	 -0.11	-0.09	0.09	50_F	[-22.693       17.79728571 -28.40928571]
-0.09	 -0.48	0.04	-0.01	50_F	[-21.32146667  17.48613333 -28.05926667]
-0.08	 -0.71	-0.01	0.11	50_F	[-23.54629412  19.06188235 -28.54135294]
-0.13	 -0.46	0.01	0.14	50_F	[-20.03764706  18.63147059 -28.23905882]
-0.07	 -0.71	-0.01	0.06	50_F	[-22.34825    20.5619375 -28.79025  ]
-0.03	 0.02	-0.22	-0.0	50_F	[-19.93428  20.69184 -28.60384]
0.13	 1.38	0.38	-0.61	50_F	[-21.2205   16.2485  -24.87425]
0.16	 1.36	0.14	-0.39	50_F	[-25.64013333  18.23546667 -25.5514    ]
-0.09	 -0.29	-0.17	0.18	50_F	[-23.1512381   15.41528571 -27.26128571]
-0.15	 -0.21	-0.16	0.27	50_F	[-25.50592593  17.08792593 -27.126     ]
-0.05	 -0.3	-0.02	0.17	50_F	[-20.6855      16.51227273 -26.29713636]
-0.11	 -0.17	0.06	0.23	50_F	[-24.82982609  19.9106087  -27.07730435]
-0.06	 -0.12	0.84	0.77	50_F	[-18.5842973   18.94232432 -27.16497297]
0.01	 -0.28	0.02	-0.12	50_F	[-22.85939286  22.36107143 -27.84939286]
0.04	 0.45	0.22	-0.59	50_F	[-19.13914286  20.75528571 -27.92042857]
0.14	 0.55	1.16	-0.9	51_T	[-24.147125  14.323375 -26.523875]
0.06	 1.47	0.31	-0.57	51_T	[-24.431       13.56433333 -26.497     ]
-0.02	 0.09	-0.06	0.01	51_T	[-26.862    12.00968 -23.3046 ]
0.06	 0.79	0.47	-0.78	51_T	[-21.956     12.5715   -24.976375]
-0.14	 -0.16	0.07	0.09	51_T	[-23.07063333  12.59666667 -26.81986667]
-0.08	 -0.48	-0.09	0.05	51_T	[-23.74628205  10.10182051 -24.00302564]
0.11	 0.59	-0.08	-0.15	51_T	[-22.03463636  14.72631818 -24.74895455]
-0.06	 -0.16	0.04	0.07	51_T	[-25.88255556  12.77716667 -25.80816667]
-0.08	 -0.27	-0.11	0.11	51_T	[-21.96368421  12.75268421 -23.74063158]
-0.23	 -0.88	0.14	0.4	51_T	[-21.97422222  11.28403704 -26.49644444]
-0.24	 -1.29	0.26	0.46	51_T	[-22.6343    9.72075 -24.7499 ]
-0.1	 -0.57	-0.13	0.16	51_T	[-24.78784615  10.23184615 -23.104     ]
-0.29	 -1.07	0.24	0.49	51_T	[-25.27        10.28429412 -25.68217647]
-0.15	 -0.52	0.04	0.17	52_K	[-27.40707895  12.20847368 -20.04597368]
-0.02	 0.68	0.03	-0.13	52_K	[-21.00427273  13.09218182 -20.55227273]
0.03	 0.28	-0.07	-0.07	52_K	[-22.32826667   9.57553333 -20.60713333]
0.05	 0.37	-0.19	0.05	52_K	[-21.14666667  10.30866667 -18.14      ]
-0.02	 -2.79	-0.01	-0.12	52_K	[-23.10166667   8.90233333 -17.29277778]
-0.01	 -0.05	-0.09	-0.08	52_K	[-25.38334783  10.85165217 -20.74521739]
-0.05	 0.08	-0.04	0.03	52_K	[-21.51661905  12.3037619  -21.79971429]
0.09	 0.89	0.03	-0.24	52_K	[-20.6463125  12.655125  -19.465875 ]
-0.11	 -0.06	-0.24	0.13	52_K	[-23.6075      9.6989375 -20.8481875]
-0.2	 -0.95	0.08	0.29	52_K	[-20.911       10.32327273 -19.66618182]
0.1	 0.71	-0.03	-0.17	52_K	[-21.70238095  11.21647619 -16.67604762]
0.11	 0.79	0.05	-0.28	52_K	[-24.76095  10.87205 -17.9587 ]
-0.35	 0.09	-0.1	0.23	52_K	[-23.45         9.5823871  -16.31674194]
-0.3	 -0.5	0.19	0.43	52_K	[-24.12756522   8.58578261 -18.64547826]
-0.3	 -0.71	0.08	0.38	52_K	[-21.56308696   8.667      -18.15026087]
0.11	 1.1	0.22	-0.43	53_M	[-28.383       14.68416667 -18.19816667]
0.06	 0.57	0.0	-0.28	53_M	[-29.76747059  17.51411765 -19.09529412]
0.1	 0.85	-0.06	-0.21	53_M	[-29.45846429  18.60107143 -16.13810714]
0.02	 -0.11	-0.13	-0.01	53_M	[-30.41428571  16.12671429 -16.032     ]
0.06	 -0.09	-0.05	-0.14	53_M	[-28.62671429  14.29442857 -19.515     ]
0.13	 0.83	0.03	-0.25	53_M	[-27.643375   14.0964375 -17.800125 ]
-0.08	 -0.17	-0.05	0.12	53_M	[-29.74332258  16.10006452 -18.79951613]
0.04	 -0.38	0.05	-0.08	53_M	[-29.90988235  17.29329412 -14.66535294]
0.04	 0.3	-0.03	-0.12	53_M	[-29.31395  14.50155 -16.35955]
0.06	 2.44	0.05	-0.29	54_P	[-27.804    18.55275 -24.62025]
0.1	 1.13	0.03	-0.3	54_P	[-28.69545455  19.10136364 -24.49509091]
-0.02	 0.18	-0.04	-0.04	54_P	[-30.50436  17.77544 -21.78864]
-0.08	 -0.31	-0.05	0.03	54_P	[-28.26289474  17.21515789 -25.71105263]
-0.17	 -0.67	-0.04	0.12	54_P	[-30.67392308  15.112      -24.21661538]
0.1	 1.04	0.11	-0.32	54_P	[-29.16875  14.7642  -22.0328 ]
0.11	 1.16	0.03	-0.22	54_P	[-26.76945455  18.63181818 -24.46354545]
-0.14	 -0.52	0.01	0.26	54_P	[-29.82407407  17.82855556 -25.22937037]
-0.08	 0.02	-0.16	0.13	54_P	[-27.79742857  15.92814286 -25.98142857]
-0.18	 -0.63	0.0	0.27	54_P	[-30.95977778  16.09761111 -23.09405556]
-0.21	 -0.57	0.16	0.33	54_P	[-29.484       14.31773077 -24.87288462]
-0.16	 -0.39	-0.19	0.2	54_P	[-29.41138889  14.37855556 -21.31672222]
0.04	 -0.27	-0.06	-0.14	55_H	[-28.03354545  19.76990909 -24.12981818]
0.03	 0.61	-0.14	0.05	55_H	[-30.77903448  18.99148276 -19.82093103]
-0.03	 0.52	-0.09	-0.08	55_H	[-30.72115385  20.668      -24.35538462]
-0.14	 0.16	-0.08	0.12	55_H	[-32.359       21.718      -23.34716667]
0.01	 0.97	-0.02	-0.06	55_H	[-32.751       20.95985714 -22.10271429]
-0.11	 -0.16	0.0	0.14	55_H	[-31.91633333  23.94577778 -23.527     ]
-0.09	 -0.43	0.13	-0.01	55_H	[-33.78362963  22.97562963 -20.8732963 ]
-0.1	 1.68	0.01	0.05	55_H	[-33.49266667  24.02566667 -22.61683333]
0.09	 0.23	0.04	-0.24	55_H	[-27.2345625  20.3541875 -23.7810625]
-0.11	 -0.2	-0.02	0.08	55_H	[-29.48596429  21.36017857 -24.3765    ]
-0.07	 -0.03	-0.09	0.09	55_H	[-31.28284211  19.66647368 -23.46884211]
-0.03	 -0.21	-0.07	0.06	55_H	[-32.30178947  20.53763158 -20.36910526]
-0.26	 -0.69	0.07	0.28	55_H	[-30.49984211  24.27326316 -23.86994737]
-0.07	 -0.25	-0.38	0.1	55_H	[-34.14621053  22.988      -19.84252632]
-0.08	 -0.0	-0.22	0.27	55_H	[-32.39848718  25.35474359 -21.11135897]
0.13	 0.61	0.1	-0.27	56_V	[-30.40483333  19.93094444 -17.94188889]
0.09	 1.55	0.06	-0.37	57_Q	[-31.3092  21.1308 -17.5184]
0.04	 1.15	-0.09	-0.07	57_Q	[-33.06928571  21.62257143 -16.73342857]
0.06	 0.18	-0.06	-0.13	57_Q	[-34.24441667  26.15158333 -16.75125   ]
-0.07	 -0.43	0.06	-0.15	57_Q	[-35.18322222  24.88111111 -18.40455556]
-0.15	 -0.27	-0.05	0.14	57_Q	[-35.71997917  22.682      -17.6435    ]
-0.12	 -0.03	0.05	0.1	57_Q	[-36.743125   25.7380625 -16.2995   ]
0.02	 0.67	-0.01	-0.09	57_Q	[-31.161125   20.7789375 -16.0266875]
0.04	 0.27	0.08	-0.21	57_Q	[-32.57965217  21.71613043 -17.9246087 ]
0.12	 0.59	0.0	-0.19	57_Q	[-33.62075   21.639    -15.881125]
0.19	 1.51	0.25	-0.5	57_Q	[-33.84414286  26.35114286 -15.705     ]
-0.2	 0.45	-0.31	0.15	57_Q	[-33.081       25.80233333 -18.16083333]
0.02	 -0.31	7.97	0.18	57_Q	[-35.84173333  26.3053     -15.03593333]
-0.24	 -0.58	0.03	0.32	57_Q	[-37.57688462  24.41046154 -16.54723077]
0.14	 0.89	0.07	-0.35	58_Y	[-29.50096429  19.72396429 -12.99867857]
0.1	 0.68	0.0	-0.21	58_Y	[-33.43035294  21.24170588 -10.79929412]
-0.01	 0.24	-0.09	-0.12	58_Y	[-34.19572727  23.32327273 -10.42604545]
-0.09	 -0.11	-0.14	0.03	58_Y	[-34.29371429  20.57490476 -12.61442857]
-0.08	 -0.01	0.04	0.02	58_Y	[-35.76023529  23.95552941 -11.00264706]
-0.05	 -0.48	-0.05	0.05	58_Y	[-35.72918182  20.95213636 -13.63059091]
-0.1	 -0.06	0.04	0.02	58_Y	[-36.54192308  22.26192308 -11.82930769]
-0.15	 -0.11	0.08	0.2	58_Y	[-37.83781481  23.96674074 -13.29955556]
0.17	 0.73	0.04	-0.26	58_Y	[-30.61323529  20.70223529 -14.51494118]
0.0	 0.28	-0.21	0.04	58_Y	[-31.62025    19.8385625 -12.201625 ]
-0.12	 -0.44	-0.05	0.28	58_Y	[-33.41518519  20.07303704 -13.56411111]
-0.04	 0.03	-0.11	-0.01	58_Y	[-36.2321   25.41715 -12.2203 ]
-0.23	 -0.56	0.14	0.29	58_Y	[-36.22555556  20.79666667 -14.53822222]
-0.17	 -0.74	0.04	0.27	58_Y	[-37.92013793  22.27941379 -14.30031034]
0.11	 0.69	-0.05	-0.22	60_H	[-30.423       18.34405714  -6.25685714]
0.16	 0.83	0.06	-0.34	60_H	[-32.637     19.298875  -9.44025 ]
0.03	 0.53	-0.08	-0.19	60_H	[-31.8676875   18.82747917 -10.60966667]
-0.11	 -0.12	-0.26	0.08	60_H	[-32.7335  19.6288  -6.8192]
0.17	 0.82	-0.0	-0.26	61_T	[-25.33033333  19.92794444  -3.09327778]
0.11	 0.51	-0.01	-0.21	61_T	[-23.66805556  20.04116667  -4.89255556]
0.09	 1.49	-0.04	-0.17	62_E	[-23.79166667  19.83755556  -2.65933333]
0.04	 0.34	0.01	-0.19	62_E	[-23.90404762  18.00219048   0.94519048]
-0.2	 -0.82	0.02	0.27	62_E	[-24.2402    17.9718    -0.693475]
-0.1	 -0.11	-0.1	0.09	62_E	[-25.30071429  18.36135714   2.54095238]
0.05	 0.92	-0.0	-0.18	62_E	[-22.19105  20.9013   -3.1839 ]
0.01	 0.29	-0.03	-0.01	62_E	[-21.83913636  19.69172727  -1.50113636]
0.08	 0.96	-0.0	-0.22	63_A	[-25.3296875  24.8461875   3.3441875]
-0.13	 -0.47	-0.27	0.13	63_A	[-24.75130769  26.75215385   2.56769231]
0.08	 1.09	-0.01	-0.28	63_A	[-27.83254167  24.43104167   3.23      ]
-0.08	 0.24	-0.24	0.1	63_A	[-27.46178947  25.78652632   2.14073684]
0.17	 1.52	0.19	-0.45	63_A	[-26.29223077  23.64169231   3.79738462]
0.05	 1.73	-0.09	-0.16	64_S	[-24.2344  24.7696   4.079 ]
0.09	 0.83	-0.09	-0.14	64_S	[-23.533625  24.0715     5.9625  ]
-0.01	 -0.2	-0.22	0.18	64_S	[-21.77915   23.956325   6.4204  ]
-0.03	 -0.07	0.09	-0.16	64_S	[-23.42781818  25.80040909   3.85704545]
0.1	 0.76	0.1	-0.27	64_S	[-24.72390476  23.56033333   4.95119048]
0.12	 0.92	-0.08	-0.19	64_S	[-21.56147059  22.40947059   6.51894118]
0.12	 1.66	0.17	-0.45	65_E	[-16.85025  25.5475    2.7205 ]
0.11	 1.34	0.13	-0.37	65_E	[-16.31173684  24.72631579   2.12726316]
-0.03	 0.44	-0.16	-0.03	65_E	[-18.02163636  28.12836364   1.30245455]
-0.04	 1.91	-0.01	-0.03	65_E	[-19.981       27.62211111   4.723     ]
-0.14	 -0.76	-0.05	0.19	65_E	[-17.64459091  28.91181818   4.28259091]
-0.28	 -0.76	0.08	0.31	65_E	[-16.44624324  27.47851351   4.76948649]
-0.25	 -0.71	0.09	0.35	65_E	[-18.06327273  30.07004545   3.24329545]
0.12	 0.69	-0.02	-0.39	65_E	[-21.80503846  26.80976923   3.33392308]
-0.02	 0.39	-0.2	-0.05	65_E	[-17.17646154  27.03192308   1.19861538]
0.12	 0.76	0.04	-0.32	65_E	[-18.953       28.01878261   0.53191304]
-0.11	 -0.36	-0.22	0.22	65_E	[-20.82088235  28.493        3.51505882]
0.01	 -0.62	-0.1	-0.0	65_E	[-19.581       26.43564706   5.05388235]
0.03	 0.62	-0.0	-0.11	66_S	[-16.30931818  20.39872727   4.05686364]
-0.11	 -0.59	-0.02	0.07	66_S	[-17.28644444  24.31233333   6.85827778]
0.01	 0.15	-0.32	0.2	66_S	[-20.03770588  22.63576471   7.08829412]
0.17	 1.6	0.17	-0.45	66_S	[-19.71585714  25.32657143   5.371     ]
-0.01	 0.62	-0.08	-0.18	66_S	[-15.97538462  24.51103846   4.54523077]
-0.13	 -0.61	-0.05	0.32	66_S	[-16.23439286  22.74057143   6.72967857]
-0.14	 -0.54	0.04	0.3	66_S	[-18.33330435  24.92752174   6.72756522]
-0.17	 -0.68	-0.08	0.22	66_S	[-18.50007692  20.93484615   6.98923077]
0.09	 1.42	0.3	-0.62	67_L	[-18.82657143  18.65714286   2.44957143]
0.16	 2.18	-0.08	-0.17	67_L	[-17.787   19.0232   1.339 ]
-0.05	 -0.03	-0.08	0.07	67_L	[-19.80482759  18.71527586   0.48382759]
0.03	 0.47	-0.11	0.07	67_L	[-20.71        19.77066667   6.37466667]
0.03	 0.11	-0.17	-0.01	67_L	[-23.38755556  18.33344444   5.077     ]
-0.1	 -0.52	0.0	0.11	67_L	[-19.5555      17.62357692   5.46792308]
0.01	 -0.25	-0.06	-0.1	67_L	[-17.91916667  18.95405556   2.76533333]
0.03	 -0.02	-0.11	-0.1	67_L	[-20.73105556  18.18611111   2.28883333]
0.12	 0.74	0.08	-0.32	67_L	[-20.97932  20.5018    6.32932]
-0.02	 0.17	-0.21	0.01	67_L	[-22.38338462  18.74673077   6.77096154]
-0.1	 -0.16	-0.02	0.18	67_L	[-22.719875  17.710125   3.790125]
-0.2	 -0.54	-0.0	0.38	67_L	[-20.22703571  18.08496429   6.62307143]
-0.14	 -0.48	0.13	0.16	67_L	[-19.8002963   17.34637037   3.78188889]
-0.09	 -0.26	0.02	0.17	67_L	[-17.946      18.7774375   5.1116875]
0.18	 1.58	0.15	-0.44	68_C	[-19.788125  20.705     -1.80925 ]
0.08	 0.62	-0.02	-0.21	68_C	[-19.78231818  21.15890909  -2.91631818]
-0.04	 -0.06	-0.07	-0.04	68_C	[-17.81153846  19.72076923  -2.48576923]
-0.09	 -0.33	-0.0	0.09	68_C	[-15.30285455  19.07156364  -0.3024    ]
-0.06	 -0.16	-0.01	0.12	68_C	[-18.55935  19.18855  -1.30485]
0.07	 0.39	0.01	-0.23	68_C	[-16.39683333  20.27744444  -3.26166667]
0.21	 1.33	0.45	-0.67	69_G	[-18.68086364  26.54736364  -1.29131818]
0.02	 -0.12	-0.15	-0.05	70_L	[-18.10405556  27.67766667  -6.91783333]
0.11	 0.72	0.01	-0.35	70_L	[-18.8985      28.80821429  -7.6485    ]
0.06	 0.23	-0.05	-0.14	70_L	[-18.398       28.01561538  -5.51376923]
0.14	 1.48	0.33	-0.58	70_L	[-17.56309091  26.40045455  -7.38081818]
0.11	 0.96	0.41	-0.55	71_K	[-22.82745455  30.94463636  -3.55818182]
0.13	 1.42	0.22	-0.5	71_K	[-21.34385714  32.20414286  -4.548     ]
-0.05	 -0.18	-0.06	0.06	71_K	[-20.05586047  31.35886047  -6.02867442]
-0.08	 0.19	-0.1	0.05	71_K	[-20.05633333  31.75366667  -2.95488889]
0.02	 0.62	-0.26	0.0	71_K	[-19.60983333  29.54675     -1.20091667]
0.13	 1.49	0.11	-0.34	71_K	[-23.44057895  30.39468421  -1.67621053]
0.05	 0.26	-0.19	0.02	71_K	[-22.30666667  30.49966667   1.10033333]
0.04	 -3.43	0.56	-0.79	71_K	[-23.787625  28.484625   2.06575 ]
0.14	 0.75	0.02	-0.29	71_K	[-18.764125  28.565625  -4.244625]
0.11	 1.56	0.12	-0.39	71_K	[-23.31754545  30.366       -3.43345455]
-0.18	 -0.7	-0.09	0.2	71_K	[-19.13847059  30.52917647  -3.10335294]
-0.1	 -0.3	-0.06	0.15	71_K	[-21.6802963   31.876       -2.60981481]
0.19	 1.44	0.09	-0.38	71_K	[-19.38191667  28.038       -1.406     ]
-0.18	 -0.74	-0.04	0.08	71_K	[-20.07761905  30.52580952  -0.29457143]
-0.2	 -0.66	-0.22	0.34	71_K	[-23.10045455  31.09572727  -0.48759091]
-0.0	 -0.31	-0.04	-0.06	71_K	[-21.30029412  29.971        1.56882353]
-0.31	 -0.66	0.19	0.45	71_K	[-23.58390909  29.53477273   2.34859091]
-0.52	 0.39	-0.21	-0.03	71_K	[-25.2703913   29.66756522   0.32108696]
0.07	 0.84	-0.02	-0.21	71_K	[-24.64762069  27.59037931   1.53727586]
0.07	 0.77	0.51	-0.41	72_L	[-23.2663  31.1866  -4.3039]
0.17	 1.48	0.3	-0.56	72_L	[-21.9235  33.4487  -6.4908]
-0.05	 0.06	-0.18	-0.02	72_L	[-23.68784091  32.96602273  -4.73543182]
0.11	 1.63	-0.05	-0.25	72_L	[-23.77233333  31.19716667  -4.51933333]
0.21	 1.55	0.22	-0.48	72_L	[-19.9606  30.6798  -8.4364]
-0.04	 0.87	0.0	-0.06	73_E	[-23.71325   36.362125  -5.145375]
-0.2	 -0.89	-0.05	0.21	73_E	[-21.93575     37.25041667  -5.02016667]
-0.08	 -0.3	-0.05	0.06	73_E	[-20.72496  37.41     -6.957  ]
-0.16	 -0.66	0.04	0.17	73_E	[-23.36432  38.73218  -5.57214]
0.2	 0.73	0.05	-0.28	73_E	[-26.19553333  34.04713333  -5.55833333]
0.14	 1.34	0.11	-0.34	73_E	[-25.53352632  37.27126316  -7.08131579]
-0.21	 -0.79	-0.1	0.35	73_E	[-25.00305  36.31315  -5.07135]
0.03	 0.35	-0.06	-0.08	73_E	[-22.01515  34.7609   -5.9188 ]
0.04	 0.61	0.01	-0.14	74_V	[-28.11095238  38.24833333  -8.60157143]
0.07	 0.37	-0.03	0.07	74_V	[-30.90866667  36.658       -6.525     ]
0.04	 0.35	-0.05	-0.17	74_V	[-31.777625  36.863     -8.3415  ]
-0.13	 -0.68	-0.23	0.14	74_V	[-29.30266667  35.37716667  -4.73866667]
0.15	 1.05	0.05	-0.25	74_V	[-27.29261538  36.61853846  -6.83123077]
-0.11	 -0.38	-0.0	0.06	74_V	[-30.1817619   37.25038095  -7.03342857]
-0.09	 -0.25	0.03	0.08	74_V	[-32.70704348  35.45013043  -7.22473913]
-0.09	 -0.33	-0.06	0.19	74_V	[-30.7993      34.9772      -5.10993333]
-0.07	 -0.24	-0.14	0.12	74_V	[-28.0907037   35.03144444  -5.17055556]
0.14	 1.7	0.06	-0.32	75_N	[-29.07458824  38.26576471 -13.54888235]
-0.1	 -0.32	0.01	0.14	75_N	[-28.34515789  40.07360526 -11.86165789]
-0.03	 -1.39	-0.0	-0.04	75_N	[-31.5818  39.7197 -11.3269]
-0.19	 -0.73	-0.05	0.22	75_N	[-33.0536  38.4512 -10.6565]
-0.0	 0.28	-0.04	-0.07	75_N	[-33.51375     36.47471429  -9.82017857]
-0.11	 -0.06	0.06	0.12	75_N	[-33.708       38.61264706 -12.68870588]
-0.11	 0.11	0.14	0.02	75_N	[-30.85229167  38.71766667  -9.59491667]
-0.1	 -0.3	-0.11	0.08	75_N	[-30.70575  39.4507  -12.7824 ]
-0.2	 -0.71	-0.0	0.3	75_N	[-34.31704348  37.2993913  -12.51352174]
-0.2	 -0.43	0.07	0.17	75_N	[-32.6493   38.9638  -13.58625]
-0.07	 -0.19	-0.04	0.03	76_K	[-25.71122222  39.41722222 -13.81611111]
0.05	 0.1	0.04	-0.15	76_K	[-26.77904545  37.75895455 -15.016     ]
0.11	 1.56	0.05	-0.29	76_K	[-25.26972727  38.74127273  -7.73536364]
0.12	 0.99	0.06	-0.3	76_K	[-23.944       41.06963636 -11.34163636]
-0.01	 0.73	-0.11	-0.02	76_K	[-25.10182353  40.76958824  -7.64864706]
-0.0	 -2.96	-0.01	-0.12	76_K	[-23.85266667  43.10744444  -8.64188889]
-0.02	 0.16	-0.15	0.02	76_K	[-26.21642857  40.16528571 -12.57928571]
0.05	 -0.23	-0.09	-0.11	76_K	[-26.75605882  39.13723529  -8.77935294]
-0.09	 -0.32	-0.13	0.1	76_K	[-25.7103125  40.9835    -11.271375 ]
-0.19	 -0.63	0.1	0.26	76_K	[-26.168       41.13734615  -8.36830769]
-0.03	 0.33	-0.16	0.05	76_K	[-23.31166667  40.58188889  -7.35388889]
-0.32	 -0.75	0.24	0.48	76_K	[-23.9926087   43.33452174  -7.80265217]
-0.11	 0.1	-0.08	0.02	76_K	[-22.45696774  42.24919355  -9.58345161]
-0.29	 -0.72	0.11	0.36	76_K	[-24.91064  43.1056  -10.08044]
0.11	 0.51	0.12	-0.31	77_Y	[-24.0653125  39.751125  -13.0744375]
0.05	 0.7	0.03	-0.25	77_Y	[-23.84214286  39.51142857 -14.53342857]
0.09	 1.25	0.21	-0.5	77_Y	[-22.0918      39.31673333 -15.07326667]
0.1	 0.06	-0.06	-0.18	77_Y	[-22.34676471  41.018      -12.30870588]
0.07	 0.92	-0.13	-0.06	77_Y	[-21.50783333  41.77183333 -11.38333333]
-0.05	 0.0	-0.22	-0.21	77_Y	[-20.25588235  38.96370588  -7.82735294]
-0.03	 0.15	0.02	0.01	77_Y	[-24.12973333  38.20636667 -16.03633333]
-0.09	 0.12	-0.08	0.08	77_Y	[-21.83485714  39.81603571 -15.35489286]
-0.14	 -0.36	0.08	0.26	77_Y	[-20.855    41.5038  -13.19905]
-0.07	 -0.21	-0.08	0.01	77_Y	[-20.16215789  41.76121053 -10.59178947]
-0.13	 -0.46	0.04	0.1	77_Y	[-20.52533333  40.50283333  -8.26495833]
0.07	 0.5	0.24	-0.5	78_Q	[-23.37510345  36.56848276 -19.02272414]
-0.1	 -0.45	-0.03	0.05	78_Q	[-22.92073333  36.22786667 -21.2378    ]
0.04	 0.31	-0.03	0.17	78_Q	[-21.48433333  35.69390476 -21.38928571]
-0.03	 0.11	0.04	-0.04	78_Q	[-25.04668421  36.11310526 -21.27826316]
0.11	 0.46	-0.1	-0.15	78_Q	[-21.72305263  37.631      -17.10694737]
0.11	 0.85	0.13	-0.4	78_Q	[-20.7358125  36.2579375 -18.5200625]
0.18	 1.19	0.26	-0.49	78_Q	[-24.57030769  36.43623077 -17.51046154]
-0.24	 -0.9	-0.08	0.39	78_Q	[-22.67554545  37.20404545 -18.82690909]
0.01	 0.22	-0.14	-0.12	78_Q	[-25.3713  36.2757 -20.5421]
-0.03	 0.84	0.01	0.02	78_Q	[-24.33338889  34.70566667 -22.71694444]
0.01	 0.34	-0.15	-0.05	79_Y	[-18.94253125  32.39746875  -9.42678125]
0.01	 0.15	-0.09	-0.1	79_Y	[-20.2939      34.53186667  -8.15063333]
0.13	 1.27	0.1	-0.36	80_L	[-12.93473333  28.56193333 -19.06886667]
0.1	 0.66	0.13	-0.47	80_L	[-15.20036364  25.67509091 -17.65154545]
-0.02	 0.23	-0.12	-0.06	80_L	[-13.50952941  27.40694118 -19.07352941]
0.11	 0.63	0.04	-0.25	80_L	[-15.09257692  25.79273077 -19.33453846]
0.15	 1.48	0.55	-0.95	82_T	[-15.2446  22.4604 -15.4884]
0.13	 1.11	-0.28	0.04	82_T	[-15.050625    21.36504167 -15.86045833]
0.15	 0.85	0.03	-0.25	82_T	[-15.7902381   23.58519048 -16.20890476]
0.18	 1.64	0.09	-0.37	82_T	[-14.69835  21.02405 -13.4761 ]
0.21	 1.44	0.43	-0.64	83_G	[-18.24685714  17.552      -13.384     ]
0.03	 0.33	0.05	-0.17	84_R	[-19.01577778  14.01522222 -11.66355556]
-0.01	 0.14	0.02	-0.03	84_R	[-19.14222222  14.27427778  -9.6285    ]
0.05	 0.96	0.07	-0.22	84_R	[-20.51186364  15.49981818  -8.10945455]
-0.02	 0.14	0.04	-0.08	84_R	[-21.2931   14.14055  -7.1339 ]
-0.04	 0.26	-0.01	-0.02	84_R	[-21.9556875  15.160125   -5.890375 ]
0.11	 0.87	-0.18	-0.19	84_R	[-22.46707692  12.57246154  -8.10153846]
-0.02	 -0.2	-0.06	-0.06	84_R	[-20.19371429  13.26421429 -11.90814286]
-0.1	 0.24	-0.21	0.01	84_R	[-18.50048148  15.79422222 -12.31292593]
0.07	 0.5	-0.17	-0.12	84_R	[-19.81035  16.988    -9.675  ]
-0.1	 -0.19	0.05	0.15	84_R	[-20.7002381   12.59866667  -9.92171429]
-0.26	 -1.01	0.04	0.37	84_R	[-18.4854  14.6426  -9.6126]
-0.26	 -1.1	0.03	0.36	84_R	[-19.47016667  15.1675      -7.228125  ]
-0.27	 -1.02	0.11	0.54	84_R	[-20.9958   15.3662   -5.52384]
-0.27	 -0.32	-0.11	0.32	84_R	[-23.42978261  14.43591304  -5.6896087 ]
0.14	 1.36	0.17	-0.43	84_R	[-23.98830435  13.34578261  -7.10808696]
-1.05	 0.19	-0.03	0.02	85_V	[-22.63687179  11.556      -13.30169231]
0.07	 0.44	0.02	-0.31	85_V	[-26.96283333  12.30296667 -16.02053333]
0.01	 0.1	-0.4	0.26	85_V	[-26.677       12.42619048 -17.01514286]
0.06	 0.06	-0.1	-0.1	85_V	[-25.5605   11.11945 -14.6979 ]
0.09	 1.18	-0.01	-0.25	86_Y	[-23.918     11.4965    -7.678125]
0.04	 0.53	-0.17	-0.08	86_Y	[-25.34065217  12.05552174  -6.91621739]
-0.06	 -0.21	-0.06	-0.04	86_Y	[-23.84132143   9.75457143  -8.89814286]
-0.11	 -0.95	0.04	0.04	86_Y	[-26.1029375  11.0465     -6.0294375]
-0.07	 -0.45	-0.03	0.03	86_Y	[-24.91254054   8.24662162  -8.31624324]
0.0	 0.27	0.03	-0.11	86_Y	[-25.57848148   8.87925926  -6.82822222]
-0.2	 -0.65	-0.0	0.33	86_Y	[-26.4585       7.93485714  -5.55807143]
0.07	 0.24	-0.0	-0.14	86_Y	[-24.8230625  10.162625  -12.2181875]
0.11	 0.69	0.05	-0.31	86_Y	[-22.73041176  11.59405882 -10.12041176]
-0.35	 -0.5	-0.03	0.47	86_Y	[-23.2271    9.48915 -10.2201 ]
-0.15	 -0.05	-0.01	0.16	86_Y	[-27.76118519  10.5167037   -6.40288889]
-0.27	 -0.9	0.09	0.4	86_Y	[-23.87857895   7.13757895  -7.95605263]
-0.28	 -1.12	0.28	0.49	86_Y	[-25.15959091   6.71627273  -6.04622727]
0.17	 1.25	0.46	-0.68	87_D	[-27.19492308   9.13807692 -10.13061538]
0.05	 0.85	-0.05	-0.31	87_D	[-28.3706   8.548  -10.7982]
-0.03	 -0.88	-0.11	0.02	87_D	[-30.96328571  10.15871429 -12.19142857]
-0.03	 0.17	-0.1	0.0	87_D	[-31.70781818  11.68918182 -10.86427273]
0.15	 1.71	0.1	-0.35	87_D	[-29.04866667  11.27716667  -8.15016667]
-0.07	 -0.31	-0.1	0.03	87_D	[-29.47628571   8.46185714  -9.34497143]
-0.2	 -0.41	-0.09	0.36	87_D	[-29.87993617   8.59493617  -7.4473617 ]
-0.26	 -1.01	0.17	0.42	87_D	[-30.94330303   7.78990909 -10.53154545]
-0.07	 -0.08	-0.13	0.1	87_D	[-26.87373529   9.327      -11.919     ]
-0.14	 -0.37	-0.09	0.14	87_D	[-29.31747368   8.45257895 -11.79152632]
-0.07	 -0.17	-0.23	0.05	87_D	[-30.33121053  11.98168421  -8.87442105]
-0.0	 0.16	-0.07	-0.01	88_G	[-30.15425   10.229875 -13.54975 ]
-0.11	 -0.54	-0.08	0.11	88_G	[-31.02771429  12.05914286 -14.9185    ]
0.09	 1.58	0.18	-0.43	88_G	[-31.69     13.95375 -12.57925]
-0.18	 -0.45	0.03	0.16	88_G	[-31.75996  14.91864 -13.83104]
-0.05	 -0.42	-0.06	0.05	88_G	[-28.50911111  10.64472222 -14.20255556]
-0.09	 -0.09	-0.07	0.2	88_G	[-29.63839286  12.52035714 -15.60467857]
-0.16	 -0.49	0.05	0.23	88_G	[-31.8615      12.23703846 -13.61761538]
0.09	 1.16	0.09	-0.31	89_K	[-30.21116667  17.38316667 -11.541     ]
0.05	 1.02	0.04	-0.37	89_K	[-32.32466667  14.63144444 -11.41633333]
0.14	 1.45	0.28	-0.54	89_K	[-31.10233333  16.74711111  -7.763     ]
-0.04	 0.41	-0.07	0.02	89_K	[-33.04628571  14.097       -9.8975    ]
0.02	 0.16	-0.03	-0.11	89_K	[-33.996       15.46472727  -7.5       ]
0.15	 0.86	0.01	-0.23	89_K	[-29.88947059  17.237      -13.14858824]
0.19	 1.2	0.47	-0.72	89_K	[-29.66217647  18.02458824 -11.59005882]
-0.06	 -0.11	-0.3	0.07	89_K	[-31.77904  16.69108 -11.73716]
0.12	 1.39	0.16	-0.41	89_K	[-31.89366667  13.855      -11.47866667]
0.19	 1.37	0.21	-0.45	89_K	[-30.5049      15.32146667  -7.88873333]
-0.12	 -0.67	0.07	0.28	89_K	[-33.769625    15.65483333 -10.40820833]
-0.15	 -0.2	-0.08	0.09	89_K	[-32.40063636  13.43431818  -9.09145455]
-0.35	 -0.84	0.28	0.54	89_K	[-34.79140909  14.85931818  -7.87527273]
-0.37	 0.04	0.16	0.43	89_K	[-32.2876875  15.3366875  -6.8931875]
-0.13	 -0.13	-0.07	0.09	89_K	[-33.36132258  17.24690323  -7.74174194]
0.14	 1.69	0.05	-0.28	91_Y	[-21.44346154  18.35607692  -8.36146154]
0.15	 0.84	0.1	-0.36	91_Y	[-20.26027778  18.71911111  -9.29066667]
0.08	 1.33	0.12	-0.39	91_Y	[-21.95257143  17.2795      -7.77      ]
-0.06	 1.11	0.0	-0.2	91_Y	[-24.54538462  16.72892308  -5.74584615]
-0.11	 -0.87	-0.1	0.15	91_Y	[-26.23141667  15.57316667  -5.42883333]
0.14	 1.16	0.05	-0.26	91_Y	[-25.99625   14.216125  -6.6025  ]
0.05	 0.62	-0.03	-0.21	91_Y	[-28.71775862  13.42182759  -7.1082069 ]
0.05	 0.17	-0.18	-0.0	91_Y	[-22.88527586  17.95717241  -6.59344828]
0.04	 -0.01	-0.07	-0.03	91_Y	[-25.6655      18.50213636  -5.24318182]
0.01	 0.46	-0.15	-0.02	91_Y	[-27.87584848  17.26927273  -5.22263636]
-0.24	 -0.3	-0.06	0.22	91_Y	[-28.95359259  15.01437037  -6.05522222]
0.07	 0.54	-0.02	-0.2	92_T	[-20.38063636  19.88181818  -7.29404545]
0.13	 0.73	-0.04	-0.2	92_T	[-21.67330435  20.64178261  -5.6236087 ]
0.19	 1.35	-0.08	-0.21	93_G	[-19.0182  19.9768  -7.3552]
0.04	 -0.04	-0.05	-0.1	93_G	[-19.597    20.70625  -5.008  ]
0.16	 1.61	0.1	-0.36	93_G	[-20.3623  21.5051  -4.3529]
-0.04	 0.01	-0.03	-0.04	93_G	[-17.80553333  20.46143333  -5.21163333]
-0.06	 -0.26	-0.01	0.05	94_L	[-14.02416667  25.48126667  -6.2777    ]
0.07	 0.31	-0.09	0.06	94_L	[-13.377       26.21766667  -2.75      ]
-0.05	 -0.74	0.01	0.01	94_L	[-15.60260526  27.79168421  -3.38418421]
0.07	 0.62	0.11	-0.28	94_L	[-14.20993939  25.42821212  -0.22190909]
0.18	 1.19	0.18	-0.42	94_L	[-16.60721739  25.71847826  -6.50395652]
0.09	 0.45	0.01	-0.19	94_L	[-13.13906667  25.6556      -3.1578    ]
-0.28	 -1.29	0.16	0.47	94_L	[-14.03568182  27.94368182  -2.69036364]
-0.11	 -0.49	-0.22	0.18	94_L	[-15.94656522  27.24547826  -5.11917391]
-0.04	 0.14	-0.2	0.07	94_L	[-17.10130769  27.54430769  -2.12274359]
-0.3	 -0.71	-0.19	0.44	94_L	[-13.34308  26.05356  -0.68124]
0.09	 0.72	-0.14	-0.14	94_L	[-15.96473333  26.3046      -0.04246667]
0.13	 1.34	0.03	-0.25	95_C	[-13.61591667  21.346       -7.696     ]
-0.22	 -0.71	-0.03	0.25	95_C	[-12.05044737  21.91097368  -8.53586842]
-0.14	 -0.61	-0.08	0.15	95_C	[-13.05388889  19.35855556  -5.85966667]
-0.08	 -0.13	-0.06	0.07	95_C	[-12.72404348  19.538       -3.055     ]
0.1	 0.58	-0.02	-0.17	95_C	[-11.9128  23.4751  -6.0056]
-0.03	 0.11	0.11	-0.07	95_C	[-14.80655172  20.00424138  -5.43537931]
-0.06	 -0.68	0.12	0.02	95_C	[-11.60557143  20.09490476  -5.78628571]
0.15	 1.48	-0.13	-0.18	96_N	[-12.9512  23.7928  -9.4676]
0.02	 0.4	-0.04	-0.13	96_N	[-13.87644444  24.94144444  -8.83261111]
0.07	 0.72	-0.05	-0.12	96_N	[-15.44866667  19.73111111  -9.35666667]
-0.12	 0.2	-0.09	0.08	96_N	[-17.17883333  19.46383333  -8.20483333]
-0.11	 0.28	-0.17	0.13	96_N	[-15.723   19.3127 -11.3274]
-0.06	 0.29	0.03	-0.08	96_N	[-14.02025    20.6893125 -10.022    ]
-0.02	 0.24	-0.06	-0.0	96_N	[-17.43034146  18.11526829 -11.18697561]
0.11	 1.4	0.12	-0.35	96_N	[-15.54738462  20.16030769 -12.05376923]
0.07	 0.54	-0.13	-0.02	97_F	[-12.596       22.95777778 -11.149     ]
0.05	 1.21	-0.06	-0.17	97_F	[-12.219       23.87166667 -11.47633333]
0.09	 1.22	0.22	-0.5	97_F	[-12.695625  23.15875  -15.063875]
0.04	 0.67	0.2	-0.3	97_F	[-12.68427273  24.899      -14.97945455]
0.09	 0.62	0.32	-0.5	97_F	[-13.59225     26.00134375 -15.29565625]
0.03	 0.59	-0.01	-0.12	97_F	[-11.14971875  25.4253125  -14.69746875]
0.08	 0.49	0.17	-0.41	97_F	[-13.40025    26.8388125 -16.235875 ]
-0.1	 0.43	0.01	-0.12	97_F	[-10.64691667  26.73580556 -15.66491667]
0.03	 0.61	-0.03	-0.24	97_F	[-11.80545833  28.19975    -15.8541875 ]
0.05	 0.78	-0.12	-0.15	97_F	[-13.20121739  21.81913043 -11.97769565]
-0.02	 -0.24	-0.07	0.07	97_F	[-12.32671429  24.82189286 -11.15660714]
0.01	 0.57	-0.07	-0.05	97_F	[-11.39876923  23.01046154 -12.97846154]
0.14	 0.85	0.09	-0.32	97_F	[-13.90816  22.88188 -15.009  ]
-0.01	 -0.19	-0.03	0.03	97_F	[-10.17128571  24.34347619 -13.77152381]
-0.13	 -0.3	-0.34	0.47	97_F	[ -9.20826316  27.11652632 -16.00010526]
0.09	 0.84	0.09	-0.33	97_F	[-11.02273913  28.7496087  -17.26156522]
-0.09	 -0.01	-0.12	0.12	98_V	[-13.92429032  29.57293548 -10.68112903]
-0.01	 0.13	-0.02	-0.13	98_V	[-17.744      29.521375   -9.2236875]
0.06	 0.53	0.42	-0.24	98_V	[-13.42590625  27.1145625  -11.5556875 ]
0.01	 0.08	0.03	-0.2	98_V	[-16.28548387  26.94445161  -8.81      ]
0.12	 0.88	0.1	-0.28	98_V	[-18.75770588  29.82511765  -9.13482353]
0.0	 0.14	-0.02	-0.03	98_V	[-17.07894118  30.60276471 -10.27305882]
0.1	 1.38	0.15	-0.37	99_E	[-12.28442857  30.18757143 -14.415     ]
0.07	 1.13	0.25	-0.42	99_E	[-11.7002  31.5548 -13.679 ]
0.1	 1.14	0.07	-0.32	99_E	[-12.10725     33.43158333 -12.33383333]
-0.26	 -0.77	-0.06	0.34	99_E	[-11.23436957  32.58602174 -12.15747826]
-0.06	 -0.12	-0.06	0.01	99_E	[-13.63837037  34.4562963  -11.16092593]
0.06	 0.45	0.0	-0.25	99_E	[-15.82116667  31.84005556 -11.25111111]
0.0	 0.49	-0.05	-0.16	99_E	[-12.71770588  29.34070588 -13.39717647]
0.15	 1.03	0.14	-0.41	99_E	[-11.61308  31.34692 -14.85552]
0.18	 1.3	0.37	-0.61	100_R	[-17.03125   32.9435   -11.576125]
0.11	 1.23	0.19	-0.33	100_R	[-16.4458  35.0242 -11.0306]
0.03	 1.13	-0.04	-0.12	100_R	[-17.96641667  36.42833333  -9.49391667]
0.1	 0.7	-0.11	-0.17	100_R	[-17.35529412  41.22411765 -13.33035294]
0.02	 0.88	-0.1	-0.14	100_R	[-16.8932  39.9251  -9.0296]
0.07	 0.47	-0.04	-0.29	100_R	[-16.12464286  33.90121429 -11.39142857]
0.07	 0.18	0.02	-0.15	100_R	[-17.82458333  34.61583333 -10.28191667]
0.1	 0.19	-0.03	-0.19	100_R	[-18.95982353  37.11605882  -9.14282353]
0.01	 0.14	0.07	-0.13	100_R	[-16.23841667  36.39704167 -10.22370833]
0.04	 -0.41	-0.32	0.04	100_R	[-17.3314  41.1616 -14.1352]
-0.17	 -0.26	0.07	0.2	100_R	[-17.40432143  41.68360714 -12.00367857]
-0.04	 -0.36	-0.01	0.1	100_R	[-17.00686957  38.91621739  -8.97556522]
-0.22	 -0.93	0.01	0.27	100_R	[-17.06836364  40.96363636  -9.59840909]
0.14	 1.1	0.07	-0.34	101_W	[-15.71661538  37.36830769 -19.65546154]
-0.0	 0.28	0.05	-0.24	101_W	[-19.06584375  36.308875   -20.8733125 ]
0.1	 1.24	-0.12	-0.2	101_W	[-19.04457143  35.74585714 -22.69771429]
0.08	 1.22	0.09	-0.3	101_W	[-15.74236364  32.76918182 -24.02890909]
0.14	 1.7	0.18	-0.47	101_W	[-15.810375  31.691625 -23.745625]
0.21	 1.34	0.11	-0.39	101_W	[-19.361       36.56041667 -18.36266667]
-0.07	 0.17	-0.02	0.09	101_W	[-18.00292857  37.21942857 -19.94467857]
-0.16	 -0.39	-0.09	0.19	101_W	[-17.43879167  36.13720833 -23.15025   ]
-0.05	 0.19	-0.08	-0.03	101_W	[-17.50181481  33.72418519 -24.46351852]
-0.02	 0.37	-0.06	-0.03	101_W	[-16.9106      31.05633333 -24.46706667]
0.05	 1.04	0.17	-0.38	102_D	[-15.3706  39.782  -17.557 ]
0.15	 1.98	-0.02	-0.22	102_D	[-14.34255556  39.78477778 -15.85388889]
-0.16	 -0.36	-0.0	0.14	102_D	[-13.2993      39.0469     -17.82656667]
0.07	 0.79	0.0	-0.25	102_D	[-17.284       40.15866667 -17.028     ]
-0.07	 -0.26	-0.01	0.14	102_D	[-18.92358333  39.85933333 -16.55541667]
-0.12	 -0.16	-0.04	0.1	102_D	[-19.35392308  40.83107692 -14.98492308]
0.07	 -0.08	0.04	-0.2	102_D	[-19.529       37.98525    -17.05516667]
0.0	 0.04	-0.02	0.01	102_D	[-16.50156667  38.92536667 -18.26396667]
-0.14	 -0.36	0.03	0.22	102_D	[-16.25291304  40.75347826 -15.83573913]
0.02	 0.35	-0.06	-0.12	103_Q	[-10.4728125   37.07790625 -16.07971875]
0.07	 0.77	-0.13	-0.14	103_Q	[-11.57947368  35.49821053 -13.30852632]
-0.06	 -1.29	-0.08	0.06	103_Q	[-12.5982  39.271  -12.3234]
-0.08	 -0.32	-0.03	0.06	103_Q	[-14.23328  40.27928 -13.21256]
-0.11	 -0.52	-0.09	0.17	103_Q	[-13.12663158  38.72047368 -10.32931579]
-0.02	 -0.09	-0.02	-0.02	103_Q	[-12.09895652  38.8983913  -14.91173913]
0.24	 1.1	0.33	-0.56	103_Q	[-11.48109091  34.70981818 -14.22827273]
-0.15	 -0.38	-0.15	0.16	103_Q	[-11.53309375  36.73478125 -12.7579375 ]
0.11	 0.97	-0.07	-0.23	103_Q	[-13.60261905  36.07171429 -11.14442857]
-0.17	 -0.73	0.05	0.31	103_Q	[-13.62284615  37.55711538 -10.01246154]
-0.15	 -0.13	0.09	0.27	103_Q	[-14.14540625  39.95453125 -10.323375  ]
0.08	 0.62	-0.09	-0.14	104_L	[-11.50688235  37.54064706 -20.05411765]
0.25	 1.84	0.19	-0.43	104_L	[-11.5595      29.89977778 -19.098     ]
0.12	 0.86	0.13	-0.28	105_T	[ -7.00544444  37.39922222 -19.33411111]
-0.14	 -0.66	-0.07	0.22	105_T	[ -7.15717391  37.09017391 -16.4963913 ]
-0.06	 -0.3	0.09	0.04	105_T	[ -9.749375  37.966125 -19.287625]
-0.05	 -0.0	-0.02	-0.04	105_T	[ -6.13278571  36.91035714 -19.62964286]
-0.08	 0.39	0.06	0.05	105_T	[ -5.84766667  34.64638889 -18.03427778]
-0.22	 -0.86	0.17	0.38	105_T	[ -5.90736  36.36536 -16.9408 ]
-0.23	 -0.98	0.12	0.34	105_T	[ -7.99165  38.34035 -17.56535]
0.0	 0.13	-0.13	-0.01	105_T	[ -8.3403  35.9535 -15.8409]
0.12	 2.97	0.08	-0.32	106_L	[ -9.76781818  37.62018182 -21.48154545]
0.06	 0.88	-0.05	-0.1	106_L	[ -7.33971429  38.87957143 -23.04371429]
0.08	 0.5	-0.04	0.06	106_L	[ -6.669       37.32083333 -26.1905    ]
-0.04	 0.04	-0.18	0.01	106_L	[ -9.21759375  36.417      -26.94590625]
-0.14	 -0.86	0.0	0.16	106_L	[ -7.28709677  39.7343871  -26.12170968]
-0.17	 -0.81	-0.17	0.2	106_L	[ -8.0640625  38.1725    -21.042    ]
-0.12	 -0.76	-0.04	0.11	106_L	[ -9.07427273  38.62409091 -23.156     ]
-0.12	 -0.22	-0.01	0.13	106_L	[ -6.25981818  37.62768182 -22.96304545]
-0.09	 -0.12	-0.04	0.01	106_L	[ -6.43458065  36.19629032 -25.56790323]
-0.21	 -0.96	-0.08	0.49	106_L	[ -8.84075     36.80792857 -27.66135714]
0.11	 1.38	0.21	-0.5	106_L	[ -8.97475   34.824875 -26.410125]
-0.41	 -0.3	-0.04	0.12	106_L	[-10.47     38.08665 -25.5261 ]
-0.25	 -1.27	0.26	0.46	106_L	[ -7.3472   38.86395 -27.70275]
-0.21	 -0.83	0.09	0.38	106_L	[ -8.7527619   39.99533333 -25.56242857]
-0.2	 -0.92	0.16	0.35	106_L	[ -6.06612  39.29524 -25.3682 ]
0.14	 0.85	-0.04	-0.27	107_S	[ -5.5891  35.9187 -23.4841]
0.1	 1.37	0.07	-0.28	107_S	[ -5.23416667  35.15216667 -23.81      ]
0.13	 1.46	-0.04	-0.28	107_S	[ -5.49828571  31.225      -21.75771429]
0.0	 0.47	-0.16	-0.03	107_S	[ -5.645375    30.827375   -23.34883333]
-0.04	 0.01	-0.13	0.03	107_S	[ -4.01409091  34.81781818 -21.17372727]
-0.23	 -0.77	-0.07	0.28	107_S	[ -3.79884615  32.12834615 -21.75961538]
0.2	 1.04	-0.17	-0.12	107_S	[ -5.8003  36.5413 -21.794 ]
0.02	 0.3	-0.06	-0.04	107_S	[ -5.04558621  33.72875862 -24.36262069]
-0.2	 -0.75	0.03	0.33	107_S	[ -3.85296429  35.34928571 -21.88653571]
0.03	 0.34	0.04	-0.19	107_S	[ -4.96417391  33.90547826 -19.81756522]
-0.32	 -0.96	0.27	0.56	107_S	[ -2.83674074  32.82385185 -20.71522222]
0.09	 0.59	0.03	-0.18	108_Q	[ -8.97011111  28.88077778 -21.5955    ]
0.09	 0.68	-0.16	0.04	108_Q	[ -7.94633333  30.075      -19.25066667]
0.11	 1.01	0.06	-0.25	108_Q	[ -6.70385714  31.83828571 -18.177     ]
-0.09	 -1.42	-0.02	0.11	108_Q	[ -7.09708333  32.52641667 -16.36533333]
-0.28	 -0.04	-0.15	0.1	108_Q	[ -9.214       30.53497674 -16.02516279]
-0.0	 1.22	-0.0	-0.14	108_Q	[ -7.49809091  34.21981818 -16.12527273]
-0.03	 -0.01	-0.06	-0.01	108_Q	[ -6.78038462  30.29596154 -20.75273077]
-0.02	 0.21	-0.06	-0.0	108_Q	[ -9.26195238  29.982      -19.03952381]
-0.2	 -0.52	0.03	0.23	108_Q	[ -6.38488  31.18264 -18.45672]
-0.01	 0.16	-0.08	0.0	108_Q	[ -9.48909524  33.78038095 -15.15095238]
0.01	 0.07	-0.17	0.02	109_R	[-12.0364375  36.2085    -25.5668125]
-0.04	 0.63	-0.0	-0.05	109_R	[-12.307     37.3205   -23.928125]
-0.06	 -1.81	-0.02	0.04	109_R	[-14.177    36.89725 -23.437  ]
-0.0	 -0.51	-0.09	0.06	109_R	[-15.3104  35.3632 -24.3169]
-0.01	 -0.2	-0.05	0.01	109_R	[-15.04864706  37.23182353 -21.63758824]
0.18	 1.02	0.12	-0.38	109_R	[-13.51481481  32.04274074 -24.40792593]
0.09	 0.59	-0.01	-0.19	109_R	[-10.51915385  33.71157692 -26.09423077]
0.04	 0.19	0.07	-0.66	109_R	[-11.4212  37.3748 -24.999 ]
-0.11	 -0.53	0.0	0.16	109_R	[-12.89430435  35.15286957 -25.66634783]
0.08	 -0.16	-0.01	-0.05	109_R	[-11.5205  37.4943 -22.6365]
-0.11	 -0.07	-0.18	0.04	109_R	[-14.31992857  33.75907143 -24.90785714]
-0.05	 -0.42	0.03	-0.0	109_R	[-13.86147368  37.67031579 -20.60721053]
0.09	 0.27	-0.08	-0.16	110_K	[ -8.06912  28.30664 -28.00628]
0.08	 1.36	0.02	-0.31	110_K	[ -6.01533333  33.19416667 -26.1265    ]
0.03	 0.39	-0.0	-0.13	110_K	[ -5.249375  31.008375 -26.338875]
0.08	 0.3	-0.01	-0.16	110_K	[ -7.181875   32.209875  -28.9534375]
-0.02	 0.2	-0.1	0.01	110_K	[ -4.43878947  30.53921053 -28.90105263]
0.0	 -3.0	-0.01	-0.12	110_K	[ -4.90788889  30.94177778 -31.42633333]
0.11	 1.21	-0.02	-0.18	110_K	[ -9.2738      32.05486667 -27.35013333]
0.02	 0.35	-0.22	-0.02	110_K	[ -7.51693939  33.73512121 -26.60624242]
-0.15	 -0.47	-0.1	0.28	110_K	[ -4.752       32.05776923 -26.23103846]
-0.02	 0.16	-0.05	-0.06	110_K	[ -5.81633333  29.27783333 -26.46694444]
-0.07	 -0.01	-0.09	-0.02	110_K	[ -7.53456522  30.30169565 -29.28208696]
-0.21	 -0.89	0.06	0.22	110_K	[ -6.39131818  33.10990909 -28.58663636]
-0.21	 -0.83	0.09	0.33	110_K	[ -3.85421739  31.77826087 -28.77247826]
-0.19	 -0.68	-0.05	0.34	110_K	[ -5.12138462  29.26807692 -28.78896154]
-0.3	 -0.75	0.24	0.48	110_K	[ -4.10770833  30.531375   -31.527375  ]
-0.32	 -0.77	0.19	0.45	110_K	[ -6.45125  30.24465 -31.3714 ]
-0.27	 -0.58	0.1	0.34	110_K	[ -5.52362963  32.58603704 -30.98977778]
0.13	 1.21	0.22	-0.48	111_G	[ -6.20011111  29.70988889 -24.60288889]
0.0	 0.05	-0.12	-0.04	111_G	[ -6.36313043  27.35165217 -24.15256522]
-0.05	 -0.36	-0.11	-0.03	111_G	[ -8.24957143  26.24864286 -22.988     ]
0.01	 0.28	-0.14	-0.13	111_G	[ -8.926625  24.56225  -23.8525  ]
-0.06	 -0.03	-0.04	-0.05	111_G	[ -6.25981818  26.67095455 -25.36018182]
-0.27	 -0.49	0.08	0.33	111_G	[ -6.70515  27.88445 -22.74605]
0.11	 0.94	-0.16	-0.06	112_L	[ -9.5735  27.639  -22.2705]
0.1	 1.06	0.12	-0.38	112_L	[-10.53657143  27.34957143 -22.10842857]
0.19	 1.75	0.13	-0.39	112_L	[-11.67452174  24.21104348 -24.5343913 ]
0.03	 0.95	-0.08	-0.18	112_L	[-11.60525  27.5255  -21.6765 ]
-0.02	 -0.06	-0.22	0.07	112_L	[-11.24767857  25.52685714 -22.65678571]
0.11	 0.52	0.02	-0.22	112_L	[-11.80189286  28.83496429 -21.05664286]
0.11	 0.72	0.09	-0.32	112_L	[-13.45911538  26.34792308 -21.17380769]
0.13	 0.67	0.1	-0.35	112_L	[-14.62871795  30.12725641 -23.98707692]
0.17	 1.08	0.17	-0.39	112_L	[-14.65529412  28.65817647 -25.38605882]
0.09	 1.29	0.06	-0.29	113_N	[ -9.849       26.64795455 -29.12145455]
-0.03	 0.63	-0.0	-0.04	113_N	[-10.49307143  29.15092857 -29.12892857]
0.06	 0.54	-0.0	-0.11	113_N	[-13.22536364  29.78931818 -28.12954545]
-0.06	 0.12	-0.14	-0.0	113_N	[-14.65138776  28.78391837 -28.5107551 ]
0.01	 0.3	0.07	-0.17	113_N	[-12.39796667  31.06986667 -27.3945    ]
0.03	 0.54	-0.2	-0.1	113_N	[ -9.77514286  29.60664286 -28.59157143]
0.03	 0.21	-0.02	-0.02	113_N	[-11.09923529  28.12417647 -30.22794118]
-0.19	 -0.87	0.03	0.26	113_N	[-13.27403226  31.82948387 -27.18716129]
-0.05	 -0.23	-0.17	0.06	113_N	[-10.80983333  31.61533333 -27.79044444]
0.12	 1.36	0.19	-0.46	114_Y	[ -8.989   26.8162 -28.2238]
0.1	 1.46	0.01	-0.2	114_Y	[ -8.47828571  26.20971429 -28.46957143]
0.05	 0.61	0.02	-0.19	114_Y	[ -5.75511111  25.20888889 -26.61455556]
-0.02	 0.45	0.12	-0.21	114_Y	[ -6.15704167  23.8235     -29.25570833]
-0.12	 -0.71	-0.15	0.01	114_Y	[ -5.156       24.03735714 -25.69414286]
-0.09	 -0.57	-0.11	0.15	114_Y	[ -4.50265  23.2725  -29.5659 ]
-0.13	 -0.81	0.02	0.13	114_Y	[ -4.00392308  22.83723077 -25.87823077]
-0.04	 -0.27	0.1	-0.1	114_Y	[ -3.714     23.174625 -27.705125]
-0.17	 -0.14	0.07	0.25	114_Y	[ -3.17221739  20.69021739 -28.91813043]
0.09	 0.32	0.09	-0.28	114_Y	[ -8.6273  25.0218 -29.5981]
-0.06	 0.14	-0.3	0.14	114_Y	[ -6.78861905  26.70457143 -27.4907619 ]
-1.15	 -0.6	-0.09	0.48	114_Y	[ -6.84711111  24.48205556 -29.93727778]
0.14	 1.1	0.12	-0.4	114_Y	[ -6.307       24.39373333 -24.68553333]
-0.18	 -0.26	0.05	0.2	114_Y	[ -4.95592857  22.11825    -30.3545    ]
-0.12	 0.1	-0.25	-0.15	114_Y	[ -5.05174286  20.84682857 -25.18682857]
-0.16	 -0.45	0.05	0.22	114_Y	[ -3.20558621  20.25858621 -27.14682759]
0.16	 1.07	0.19	-0.44	115_R	[-13.72536364  19.86404545 -28.60495455]
0.13	 1.56	0.17	-0.43	115_R	[-15.106       21.63209091 -27.25436364]
0.13	 1.31	-0.04	-0.24	115_R	[-16.03933333  21.88733333 -27.3165    ]
0.14	 0.75	0.02	-0.23	115_R	[-17.0138125  21.7894375 -27.9573125]
0.01	 0.58	-0.23	-0.08	115_R	[-17.75751724  23.637      -29.17734483]
0.13	 1.83	0.0	-0.26	115_R	[-17.9574375  26.05475   -27.9374375]
-0.04	 0.17	-0.12	0.0	115_R	[-18.77496429  23.20757143 -30.32185714]
0.24	 1.52	0.29	-0.54	115_R	[-11.64069231  22.37865385 -24.92538462]
0.18	 0.98	0.14	-0.39	115_R	[-14.11456522  20.99156522 -26.29917391]
0.01	 0.15	-0.28	-0.0	115_R	[-14.50042857  21.21885714 -28.74271429]
0.22	 1.42	0.15	-0.39	115_R	[-15.83143478  25.67426087 -28.20726087]
-0.04	 -0.07	-0.11	0.07	115_R	[-15.822875  22.414125 -30.049625]
-0.27	 -0.84	0.0	0.41	115_R	[-18.1057931   22.24617241 -30.60475862]
-0.06	 -0.47	-0.13	0.11	115_R	[-20.42635714  23.13317857 -29.89821429]
0.06	 0.85	0.3	-0.48	116_Y	[-12.4874  20.8856 -32.2718]
0.04	 0.79	0.04	-0.29	116_Y	[ -9.72686667  20.67253333 -31.83186667]
-0.18	 -0.42	-0.09	0.29	116_Y	[-11.76240625  18.86578125 -31.79803125]
0.05	 0.87	-0.06	-0.12	116_Y	[-10.92054545  22.50163636 -32.841     ]
0.0	 -0.16	-0.12	0.08	116_Y	[-12.7695      23.52366667 -33.231     ]
-0.05	 0.2	-0.02	-0.07	116_Y	[-10.85178125  24.98334375 -32.6560625 ]
-0.04	 -0.25	0.02	-0.04	116_Y	[-13.8857   23.5343  -32.30145]
-0.08	 -0.27	-0.05	0.06	116_Y	[-11.44045161  26.69151613 -32.93864516]
-0.02	 0.14	0.09	-0.1	116_Y	[-14.88895833  24.79425    -31.93775   ]
-0.08	 -0.47	0.04	0.03	116_Y	[-13.79969231  26.06115385 -33.48569231]
-0.12	 -0.7	0.01	0.18	116_Y	[-13.30785714  28.47682857 -32.4754    ]
-0.02	 -0.01	-0.05	-0.0	116_Y	[-13.36592593  20.96225926 -31.1497037 ]
-0.06	 0.44	-0.18	0.01	116_Y	[ -9.18892593  23.05440741 -31.16881481]
-0.22	 -0.73	-0.0	0.32	116_Y	[-11.11777273  21.80763636 -33.24031818]
-0.31	 -0.91	0.1	0.52	116_Y	[ -9.75838889  24.72427778 -33.34777778]
0.12	 1.34	0.12	-0.42	116_Y	[-14.390875  22.7555   -31.116625]
-0.29	 -0.98	0.29	0.53	116_Y	[-10.98838889  27.37538889 -33.74783333]
-0.03	 0.35	-0.14	-0.02	116_Y	[-15.28619048  25.8892381  -30.31052381]
-0.25	 -0.69	0.04	0.32	116_Y	[-15.08278261  27.8383913  -31.82452174]
0.14	 1.02	-0.06	-0.26	117_H	[ -8.95225   21.094125 -30.9295  ]
0.1	 0.43	0.06	-0.27	117_H	[ -8.14271429  20.03957143 -31.00157143]
-0.1	 -0.07	-0.06	0.08	117_H	[ -9.57073333  16.32166667 -29.83756667]
0.12	 2.31	0.16	-0.4	117_H	[ -5.9419375  18.713     -30.372375 ]
0.0	 0.2	-0.13	-0.08	117_H	[ -5.61475    18.1629375 -26.5234375]
-0.22	 -0.66	0.06	0.27	117_H	[ -4.9085      16.94825    -29.84052083]
0.06	 0.88	-0.17	-0.11	117_H	[ -4.94685714  17.08535714 -27.88978571]
-0.1	 -0.22	-0.07	0.04	117_H	[ -8.40221053  18.47615789 -31.27878947]
0.14	 0.93	0.07	-0.33	117_H	[ -7.55016667  21.295375   -30.13283333]
-0.31	 -0.93	-0.05	0.42	117_H	[ -6.13755  19.06825 -31.18145]
0.13	 0.66	-0.01	-0.24	117_H	[ -6.82615385  18.87207692 -25.74611538]
-0.3	 -0.62	0.1	0.36	117_H	[ -5.1105      16.0605     -27.20492308]
0.08	 2.6	-0.05	-0.2	118_L	[-12.534375  16.561125 -30.2185  ]
0.07	 0.72	0.17	-0.33	118_L	[-15.881   17.2274 -27.6068]
-0.12	 -0.77	0.01	0.13	118_L	[-15.47190625  15.8371875  -29.71140625]
0.08	 0.93	0.0	-0.25	118_L	[-14.953    14.97496 -26.57652]
0.12	 1.22	0.05	-0.28	118_L	[-13.04266667  17.83914286 -30.26319048]
0.13	 0.46	0.08	-0.24	118_L	[-12.07278947  15.22968421 -29.46005263]
-0.06	 0.48	0.02	0.02	118_L	[-14.86316327  18.36526531 -27.37210204]
-0.21	 -0.72	1.17	0.52	118_L	[-16.56153571  15.92860714 -28.61517857]
-0.22	 -1.13	0.08	0.4	118_L	[-14.87522727  17.39222727 -30.52145455]
-0.22	 -0.55	-0.16	0.33	118_L	[-14.24256522  14.54330435 -29.53782609]
-0.15	 -0.86	-0.17	0.19	118_L	[-15.77630435  15.29656522 -26.17991304]
0.11	 0.75	0.14	-0.37	118_L	[-14.432625  13.9995   -27.817125]
0.1	 0.8	0.21	-0.41	119_G	[ -8.62321053  14.94710526 -27.23336842]
-0.07	 0.02	-0.04	-0.01	119_G	[ -8.53692857  14.25614286 -24.46214286]
-0.08	 -0.04	-0.04	0.06	119_G	[ -8.53542308  12.91492308 -26.25526923]
-0.06	 -0.32	-0.22	0.04	119_G	[ -7.76972  15.0876  -27.69776]
0.03	 0.32	0.04	0.01	119_G	[ -8.00727273  17.11027273 -24.83412121]
0.09	 1.42	0.12	-0.4	120_C	[ -9.1602  14.795  -23.5544]
0.08	 0.85	0.5	-0.88	120_C	[ -9.2842  13.229  -23.9704]
0.06	 0.7	0.14	-0.36	120_C	[ -9.35842857  12.59614286 -24.23142857]
-0.17	 -0.52	0.05	0.25	120_C	[-10.51771053  11.115      -23.77847368]
-0.08	 -0.06	-0.12	0.15	120_C	[ -9.93935  13.48425 -22.50105]
0.13	 0.46	0.07	-0.26	120_C	[-12.84607407  12.98944444 -22.31851852]
0.04	 1.29	-0.01	-0.23	121_N	[-11.2504   9.4462 -27.2016]
-0.04	 0.08	-0.14	0.07	121_N	[-10.25030769  10.92446154 -28.80084615]
-0.28	 -0.95	0.19	0.4	121_N	[ -9.3825       9.99665789 -27.92255263]
0.01	 0.6	-0.01	-0.08	121_N	[-13.71744444  10.3845     -28.06311111]
-0.01	 0.24	-0.07	0.0	121_N	[-14.16704545  10.68272727 -25.71531818]
-0.01	 -0.16	-0.1	-0.03	121_N	[-14.49341379  11.9242069  -24.61824138]
-0.15	 -0.65	-0.02	0.23	121_N	[-14.69852   8.9376  -25.94084]
-0.14	 -0.47	0.07	0.15	121_N	[-10.7685122   12.67807317 -29.26368293]
-0.07	 0.04	-0.19	0.15	121_N	[-11.10358333   9.58975    -25.96691667]
0.02	 0.34	-0.07	-0.03	121_N	[-13.79917391  12.5446087  -28.14686957]
-0.14	 -0.39	0.03	0.12	121_N	[-12.60220833   9.66195833 -28.24      ]
-0.3	 -1.0	0.25	0.52	121_N	[-15.40584   9.19716 -24.83044]
-0.22	 -1.05	0.15	0.34	121_N	[-14.08566667   8.50707407 -27.00544444]
