-0.19	 -0.81	0.09	0.31	307_L	[12.57591667 14.90186111 41.02258333]
0.06	 1.02	0.03	-0.25	307_L	[14.0251 13.8248 38.6162]
0.15	 1.32	-0.0	-0.29	307_L	[13.173     14.2405    38.1053125]
-0.12	 -0.3	-0.06	0.15	307_L	[13.73844737 14.94655263 37.2455    ]
0.05	 1.36	-0.05	-0.2	307_L	[12.281875 11.1225   38.478375]
0.03	 0.37	-0.18	0.09	307_L	[13.77366667 10.755      41.24466667]
-0.1	 -0.24	0.04	0.12	307_L	[11.14870968 12.31319355 42.34716129]
-0.12	 -0.52	0.02	0.18	307_L	[12.08483871  9.03241935 40.52896774]
-0.33	 -1.28	0.2	0.49	307_L	[14.821875 13.53325  39.357   ]
-0.01	 0.49	-0.27	-0.01	307_L	[10.7759  11.58585 38.6217 ]
-0.16	 -0.55	0.08	-0.01	307_L	[13.40970833 11.321875   38.41183333]
-0.2	 -0.6	0.05	0.34	307_L	[14.25213636 11.6015     41.37554545]
-0.25	 -1.34	0.26	0.45	307_L	[11.79973684 11.08194737 43.28173684]
-0.16	 -0.89	-0.07	0.28	307_L	[11.79793333 13.5228     42.43086667]
-0.23	 -0.88	0.13	0.44	307_L	[ 9.90931579 11.71636842 41.25389474]
-0.19	 -0.7	0.16	0.33	307_L	[12.41475     9.12696429 42.05496429]
-0.22	 -1.06	0.08	0.39	307_L	[10.84754545  9.65872727 39.79540909]
-0.23	 -0.91	0.15	0.38	307_L	[13.60320833  9.32708333 39.499125  ]
0.05	 0.73	-0.04	-0.13	308_I	[10.5496 14.99   39.212 ]
0.08	 1.27	0.06	-0.36	308_I	[ 9.78676471 11.95929412 37.32829412]
-0.1	 -0.22	-0.08	0.06	308_I	[11.01169767 12.24748837 35.30837209]
-0.01	 0.45	-0.01	-0.1	308_I	[10.69245455 16.68890909 38.58254545]
-0.09	 -0.01	0.0	0.03	308_I	[ 9.1717931  15.91789655 34.169     ]
-0.14	 -1.09	-0.02	0.19	308_I	[12.4037     18.45706667 36.0547    ]
-0.07	 -0.07	-0.32	0.07	308_I	[ 9.78227273 13.1755     39.14418182]
-0.01	 -0.36	-0.08	0.04	308_I	[ 8.68163636 14.79613636 38.02977273]
-0.06	 -0.99	-0.04	0.13	308_I	[12.192375 14.80925  35.11    ]
-0.16	 -0.3	0.08	0.15	308_I	[ 9.65825 17.4441  37.54485]
-0.06	 -0.11	-0.08	0.08	308_I	[11.91435714 16.51635714 38.79757143]
-0.17	 -0.97	0.24	0.29	308_I	[10.686     16.8574375 33.9416875]
-0.04	 0.2	-0.2	0.08	308_I	[10.03554545 14.65690909 33.68981818]
-0.2	 -0.61	-0.05	0.23	308_I	[ 8.09904348 16.23191304 35.56795652]
-0.23	 -0.89	0.28	0.43	308_I	[12.125      19.11036364 37.40109091]
-0.15	 -0.67	0.09	0.31	308_I	[13.25663636 17.18086364 35.61418182]
-0.15	 -0.54	-0.01	0.27	308_I	[10.76786364 18.45495455 35.042     ]
0.1	 0.12	0.09	-0.37	309_I	[ 8.681125 12.20975  37.567   ]
-0.08	 0.44	-0.14	-0.0	309_I	[ 8.3655     13.76846154 32.80765385]
0.11	 0.94	0.17	-0.34	309_I	[ 6.86625 10.1605  35.6285 ]
0.01	 -0.82	0.03	-0.19	309_I	[ 6.60590909 14.74954545 34.78709091]
-0.12	 -0.52	-0.03	0.13	309_I	[ 6.00240741 11.05962963 37.8572963 ]
-0.09	 -0.89	0.02	0.08	309_I	[ 3.64114286 12.77071429 34.90354286]
0.11	 0.47	-0.09	-0.15	309_I	[ 7.35718182 14.29581818 37.16863636]
-0.13	 0.27	-0.12	0.09	309_I	[ 8.63663636 10.70436364 36.48586364]
0.14	 1.52	0.14	-0.43	309_I	[ 6.24891667  9.89075    35.32775   ]
-0.14	 -0.39	-0.06	0.09	309_I	[ 5.84208333 14.59716667 36.11275   ]
-0.03	 -0.36	0.05	-0.06	309_I	[ 6.0930625 13.558125  33.4448125]
-0.15	 -0.66	0.0	0.2	309_I	[ 4.40826316 10.95352632 37.02315789]
-0.28	 -1.4	0.0	0.53	309_I	[ 6.53385  9.9518  37.33885]
-0.15	 -0.42	0.01	0.26	309_I	[ 6.49031579 12.86978947 38.15026316]
-0.25	 -1.01	0.32	0.53	309_I	[ 3.65552174 14.53391304 34.66443478]
-0.16	 -0.46	-0.19	0.28	309_I	[ 3.73613043 11.57113043 33.98834783]
-0.12	 -0.23	0.05	0.18	309_I	[ 3.91316 12.93828 36.92396]
0.02	 0.37	-0.23	0.05	310_G	[ 9.74366667 10.67633333 33.73766667]
-0.04	 0.27	-0.12	-0.01	310_G	[10.07971429 11.23442857 32.10614286]
0.08	 0.92	-0.03	-0.19	310_G	[ 6.53476471 12.45135294 31.19152941]
0.09	 0.63	0.01	-0.28	310_G	[ 5.08721875 10.57175    31.97465625]
-0.04	 0.01	0.06	-0.07	310_G	[ 8.21996552  9.57313793 34.02103448]
-0.05	 -0.26	-0.12	0.07	310_G	[ 9.79395455 12.388      31.59836364]
-0.12	 -0.29	0.03	0.14	310_G	[ 9.15992593  9.38774074 31.46881481]
0.08	 0.98	0.08	-0.37	311_P	[ 6.6844 12.7836 30.0446]
0.07	 1.39	0.14	-0.45	311_P	[ 5.088  11.9835 29.3694]
0.1	 1.79	-0.07	-0.22	311_P	[ 4.49616667  9.49433333 29.82916667]
-0.2	 -0.67	0.05	0.28	311_P	[ 3.88969697  9.427      27.97736364]
-0.1	 0.39	-0.05	0.07	311_P	[ 5.1422 12.7376 27.4424]
-0.08	 0.0	-0.2	0.07	311_P	[ 8.01804545 12.12836364 26.40877273]
-0.13	 0.38	-0.04	0.08	311_P	[ 9.67157143 12.57257143 28.76971429]
-0.22	 -0.46	-0.06	0.27	311_P	[ 4.53585714 11.47066667 30.00142857]
-0.13	 -0.6	0.03	0.26	311_P	[ 5.21865 11.8235  26.45685]
-0.19	 -0.7	0.17	0.31	311_P	[ 5.90704167 13.66483333 28.544625  ]
-0.01	 0.25	-0.07	-0.09	311_P	[ 8.50042857 10.53914286 26.53271429]
-0.35	 -1.08	0.31	0.6	311_P	[ 8.32264706 13.32364706 26.70405882]
-0.17	 -0.61	0.01	0.23	311_P	[ 9.65880952 10.84871429 28.916     ]
-0.22	 -0.04	-0.03	0.15	311_P	[ 8.2062381  13.47919048 29.52319048]
0.13	 1.1	-0.01	-0.25	312_E	[ 8.05238462  7.38292308 30.00615385]
0.06	 0.29	-0.05	-0.1	312_E	[ 8.92685714  5.76171429 29.10457143]
0.02	 0.69	-0.04	-0.11	312_E	[ 5.4929  8.3636 25.061 ]
-0.1	 0.17	-0.05	0.06	312_E	[ 7.67522727  8.23931818 24.06445455]
-0.27	 -0.97	0.14	0.43	312_E	[ 8.88167568  7.31759459 24.13805405]
-0.23	 -0.94	0.06	0.35	312_E	[ 7.04564444 10.07664444 23.70846667]
0.13	 0.68	-0.01	-0.22	312_E	[ 8.374       8.75358333 29.17266667]
0.09	 0.63	-0.05	-0.15	312_E	[ 4.39716667  7.19638889 27.8865    ]
0.04	 0.31	-0.12	-0.06	312_E	[ 8.7465      7.80363333 27.06446667]
0.03	 0.65	-0.1	-0.11	312_E	[ 7.06511111  5.49305556 25.8985    ]
-0.16	 -0.63	-0.01	0.3	312_E	[ 5.10296154  7.34392308 25.19730769]
0.11	 0.68	-0.03	-0.16	312_E	[ 5.41511111  9.97555556 25.74444444]
0.07	 1.1	-0.16	-0.12	313_E	[ 4.80428571  3.51914286 31.61628571]
-0.15	 -0.28	-0.02	0.12	313_E	[ 6.99179412  2.91582353 32.19988235]
0.08	 0.08	-0.03	-0.16	313_E	[ 5.3635      5.34416667 33.66116667]
0.08	 1.21	0.03	-0.29	313_E	[ 5.91433333  7.02333333 34.25666667]
-0.14	 -0.57	-0.05	0.15	313_E	[ 3.699       7.49392593 33.79611111]
-0.3	 -1.5	0.25	0.48	313_E	[ 2.53421875  6.18665625 33.36078125]
-0.15	 -0.51	-0.08	0.15	313_E	[ 3.89730233  8.82027907 34.80346512]
0.09	 0.53	0.02	-0.15	313_E	[ 4.42025    6.5938125 30.2355   ]
0.01	 -0.03	0.02	-0.02	313_E	[ 7.91127586  6.02693103 31.74151724]
-0.14	 -0.04	-0.17	0.12	313_E	[ 4.04226316  4.867      32.18005263]
-0.26	 -0.6	0.03	0.31	313_E	[ 6.25664706  5.60617647 34.01811765]
0.01	 0.51	-0.11	-0.03	313_E	[ 6.55205  7.9786  33.801  ]
0.03	 0.41	-0.04	-0.2	313_E	[ 4.310625   8.1603125 31.2378125]
0.03	 -0.21	-0.23	-0.09	314_D	[ 4.42171429  3.90757143 30.462     ]
0.07	 1.36	0.07	-0.27	314_D	[ 4.71881818  1.77327273 30.01063636]
0.16	 1.45	-0.0	-0.26	314_D	[ 7.19666667  0.967      30.51355556]
-0.33	 -0.33	-0.04	0.12	314_D	[ 6.96921875 -0.1471875  28.63771875]
-0.18	 0.04	-0.06	0.17	314_D	[ 3.37554545  1.46754545 28.06518182]
-0.21	 -0.87	-0.05	0.22	314_D	[ 3.77583333  3.13366667 26.19741667]
-0.12	 -0.32	0.09	0.21	314_D	[ 5.86761364  2.98597727 25.66743182]
-0.12	 -0.4	-0.02	0.14	314_D	[ 4.04404  5.19168 27.42308]
0.1	 1.83	0.05	-0.25	314_D	[ 4.417   4.8018 29.6838]
-0.22	 -0.33	-0.01	0.31	314_D	[ 5.0095      1.48466667 30.78016667]
-0.12	 -0.32	0.1	0.12	314_D	[ 4.55081481  0.67233333 27.69759259]
-0.16	 -0.86	0.12	0.3	314_D	[ 3.19891304  2.74334783 28.963     ]
0.11	 1.23	0.34	-0.6	315_Y	[ 8.794  -0.4378 29.9494]
-0.05	 0.03	-0.06	0.02	315_Y	[ 9.68104878  0.89802439 31.07134146]
0.01	 -0.16	-0.02	-0.06	315_Y	[10.52685714  4.74157143 28.415     ]
-0.07	 0.0	-0.1	0.11	315_Y	[11.98316667  4.22416667 27.38466667]
-0.04	 -0.08	-0.0	-0.05	315_Y	[11.78090476  3.05880952 25.96652381]
-0.08	 -1.11	-0.02	-0.01	315_Y	[12.74835294  4.03770588 28.66452941]
-0.06	 -0.33	-0.07	0.06	315_Y	[12.98253125  1.6010625  25.3225    ]
-0.15	 -1.42	-0.06	0.23	315_Y	[14.56483333  3.44125    28.30516667]
-0.01	 0.25	0.19	-0.26	315_Y	[14.1882   2.5523  26.48185]
-0.16	 -0.99	0.04	0.26	315_Y	[15.53473529  0.86997059 25.99014706]
-0.01	 0.08	-0.17	-0.0	315_Y	[ 8.22952941  1.61794118 26.64682353]
-0.03	 0.36	-0.17	-0.01	315_Y	[ 9.16506897  4.41886207 27.04517241]
-0.06	 -0.49	-0.05	-0.02	315_Y	[ 9.8599   3.95745 29.98185]
-0.2	 -0.23	0.03	0.33	315_Y	[10.41942857  2.1757619  25.458     ]
-0.07	 -0.46	-0.03	0.17	315_Y	[12.52004762  2.8882381  30.28561905]
-0.33	 -0.8	0.17	0.47	315_Y	[13.23457143  1.54366667 24.38147619]
-0.11	 -0.32	-0.02	0.08	315_Y	[14.97        2.27466667 29.58075   ]
-0.14	 -0.46	0.04	0.25	315_Y	[16.33917241  1.31913793 27.53989655]
0.06	 1.04	0.26	-0.35	316_D	[ 9.3672 -1.0706 30.3082]
-0.02	 0.19	-0.05	0.02	316_D	[12.79888235 -1.72208824 26.836     ]
-0.03	 0.23	-0.07	-0.02	316_D	[ 9.17271429 -3.15721429 28.40907143]
-0.01	 -0.04	-0.13	0.02	316_D	[10.539375   -4.00454167 29.92004167]
0.02	 -0.28	-0.06	-0.03	316_D	[12.31069231 -4.19684615 31.19323077]
-0.3	 -1.02	0.18	0.46	316_D	[ 9.37453659 -5.08097561 30.1132439 ]
0.04	 0.25	-0.0	-0.06	316_D	[ 9.82165217 -0.42195652 26.90617391]
-0.05	 0.32	-0.2	0.03	316_D	[10.02225 -1.1695  31.04575]
-0.11	 -0.23	0.03	0.03	316_D	[ 8.538      -2.06272414 29.17796552]
-0.19	 -0.77	0.15	0.26	316_D	[10.3835     -3.09727778 27.24344444]
0.07	 1.29	0.35	-0.7	317_P	[16.3016 -1.0414 28.9388]
0.16	 0.46	0.05	-0.32	317_P	[14.94963636 -1.93118182 27.54054545]
-0.18	 -0.49	-0.1	0.25	317_P	[16.70904651 -2.56427907 28.53609302]
-0.08	 -0.25	-0.11	0.07	317_P	[16.34361111 -0.11555556 30.47794444]
-0.08	 -0.21	-0.01	0.05	317_P	[14.72784211 -1.66021053 32.80310526]
-0.06	 -0.16	-0.04	-0.0	317_P	[11.97033333 -0.69077778 32.43588889]
0.13	 1.11	0.07	-0.31	317_P	[15.4651875 -0.761     27.9578125]
-0.25	 -0.71	0.2	0.37	317_P	[16.8816     -1.4        31.12433333]
-0.07	 0.04	0.04	0.08	317_P	[15.18348  0.99268 30.83804]
-0.06	 0.16	-0.03	0.04	317_P	[14.27615789 -3.20773684 32.27978947]
-0.26	 -0.64	0.22	0.46	317_P	[14.47473913 -0.55186957 33.27617391]
-0.12	 -0.42	0.05	0.18	317_P	[11.59023077 -1.82976923 32.15153846]
-0.11	 0.24	-0.01	0.06	317_P	[12.37246667  0.7062     31.70846667]
-0.03	 0.27	-0.01	-0.07	318_G	[13.44325 -5.15185 28.1136 ]
-0.24	 -1.12	0.14	0.33	318_G	[15.49990909 -6.37140909 30.39729545]
-0.23	 -1.08	0.09	0.33	318_G	[16.49655172 -4.74648276 31.53175862]
-0.22	 -0.58	-0.12	0.32	318_G	[12.7732  -5.9835  29.25165]
-0.16	 -0.63	0.07	0.28	318_G	[14.86295833 -4.84616667 27.517625  ]
