-0.17	 -0.71	0.03	0.16	27_K	[-73.04017949  -3.01674359  17.15048718]
0.1	 1.65	-0.01	-0.2	27_K	[-71.52381818  -4.52781818  17.74263636]
0.12	 1.21	0.19	-0.39	27_K	[-70.071       -2.82805263  17.28047368]
0.01	 0.98	-0.13	-0.07	27_K	[-73.09430769  -5.80469231  14.78346154]
-0.25	 -1.04	0.11	0.35	27_K	[-71.49226984  -7.59407937  15.87119048]
-0.23	 -1.1	-0.01	0.3	27_K	[-70.91846667  -5.16073333  18.10606667]
-0.13	 -0.49	-0.01	0.22	27_K	[-73.69223333  -5.2092      15.46146667]
0.06	 0.56	0.02	-0.23	27_K	[-71.25608  -5.28816  13.6304 ]
0.17	 1.32	0.42	-0.65	28_E	[-69.2279  -5.1319  13.5586]
-0.06	 -0.01	-0.08	0.04	28_E	[-67.8972093   -6.42972093  14.05146512]
0.15	 1.31	0.12	-0.36	28_E	[-68.06044444  -3.72144444  18.41811111]
-0.2	 -2.31	-0.04	0.21	28_E	[-66.38090909  -5.42736364  19.61572727]
-0.08	 -0.16	-0.12	0.07	28_E	[-65.13246154  -5.68407692  19.19930769]
-0.13	 -0.27	0.04	0.15	28_E	[-66.05641304  -3.39419565  20.62267391]
-0.02	 0.16	-0.05	-0.02	28_E	[-68.99283333  -5.99566667  17.12341667]
0.07	 0.12	-0.01	-0.08	28_E	[-66.19516667  -6.03675     16.50679167]
-0.19	 -0.44	-0.15	0.17	28_E	[-68.79676471  -4.33276471  18.51488235]
-0.08	 -0.13	-0.04	0.05	29_V	[-66.73422222  -3.85125926   8.34918519]
0.03	 0.47	-0.04	-0.03	29_V	[-69.885     -4.202125   9.765375]
0.04	 0.5	-0.1	-0.02	29_V	[-67.3369  -5.9618  11.7341]
-0.15	 -1.31	0.08	0.17	29_V	[-67.82663636  -3.23481818   8.08818182]
0.1	 1.42	-0.0	-0.31	29_V	[-64.8915    -3.562625   8.485   ]
-0.12	 -0.46	0.06	0.16	29_V	[-67.08152  -5.251     9.25616]
0.06	 0.08	0.05	-0.14	29_V	[-70.17815  -2.5141    9.47405]
-0.24	 -0.19	0.08	0.12	29_V	[-69.61003704  -4.97966667  11.26977778]
-0.08	 -0.06	-0.01	0.08	30_V	[-63.01202778  -5.05241667   8.88672222]
0.07	 0.68	-0.08	0.07	30_V	[-61.782       -7.67933333  12.10833333]
-0.02	 0.05	-0.15	0.03	30_V	[-60.04033333  -7.01983333  11.34483333]
-0.01	 -0.42	-0.03	-0.02	30_V	[-63.78257895  -7.08921053  14.42610526]
0.04	 0.05	-0.02	-0.07	30_V	[-65.2426      -6.22826667  11.32793333]
-0.1	 -0.07	0.08	0.07	30_V	[-62.68886364  -7.09981818  11.01290909]
0.04	 0.45	-0.06	-0.11	30_V	[-60.35233333  -7.761       12.46246667]
0.07	 -0.36	0.1	-0.24	30_V	[-59.821875    -5.935125    10.62970833]
-0.07	 -0.66	0.07	0.05	30_V	[-62.14188  -7.85524  14.23576]
-0.01	 0.21	0.02	0.03	30_V	[-64.66010526  -6.95336842  13.67094737]
0.07	 0.5	-0.01	-0.11	31_L	[-59.65553846  -4.55546154   8.97007692]
-0.07	 -0.33	0.02	0.01	31_L	[-58.76817949  -2.82076923   7.36746154]
-0.03	 0.35	0.0	-0.1	31_L	[-63.37015152  -0.96581818   6.714     ]
-0.05	 0.16	-0.15	0.02	31_L	[-61.49585714  -3.30635714   7.64685714]
-0.0	 0.16	-0.06	-0.03	31_L	[-6.47271818e+01 -5.02727273e-02  7.06872727e+00]
0.14	 0.89	0.19	-0.34	31_L	[-61.11246667  -0.90126667   6.7818    ]
-0.09	 -0.59	-0.09	0.19	31_L	[-63.62278947  -2.53289474   7.45152632]
0.07	 1.26	0.08	-0.32	32_L	[-58.14408333  -5.094        9.8775    ]
0.12	 1.1	0.43	-0.66	32_L	[-58.154   -5.5342  10.5926]
0.06	 0.77	-0.03	-0.16	32_L	[-53.83114815  -3.525        7.56222222]
-0.03	 -0.51	-0.13	0.04	32_L	[-57.66111111  -4.67355556   8.82266667]
-0.02	 0.19	-0.02	-0.02	32_L	[-55.1105      -4.62938889   8.26377778]
0.14	 0.38	0.15	-0.3	32_L	[-54.92666667  -2.00833333   7.30666667]
0.08	 2.12	0.0	-0.25	33_D	[-57.62633333  -6.27111111  10.64644444]
0.17	 0.92	0.02	-0.26	33_D	[-55.00280952  -8.29385714  10.29914286]
0.06	 0.42	-0.09	-0.1	33_D	[-58.26247368  -7.93136842  11.69742105]
0.11	 1.52	0.07	-0.36	33_D	[-56.767       -9.73533333  14.96966667]
0.12	 0.75	-0.0	-0.24	33_D	[-55.81317857  -8.57910714  15.73335714]
-0.08	 -0.15	-0.08	0.09	33_D	[-58.62008889  -9.15871111  14.57071111]
0.06	 0.17	-0.0	-0.1	33_D	[-56.37095238  -6.23419048   9.91904762]
-0.21	 -1.23	-0.0	0.28	33_D	[-57.5165  -8.7442  11.2573]
0.23	 1.5	0.25	-0.5	34_F	[-50.17573684 -10.14563158  12.41915789]
0.05	 0.75	-0.07	-0.15	35_A	[-54.005625 -11.816875  14.86175 ]
-0.18	 -0.37	0.05	0.28	35_A	[-51.92944118 -13.04929412  13.76858824]
-0.04	 -0.42	-0.15	0.09	35_A	[-52.39996154 -10.37469231  17.31415385]
0.08	 0.86	-0.06	-0.21	35_A	[-50.111      -10.61357143  14.56182857]
-0.17	 -0.8	0.14	0.33	35_A	[-52.1922963  -11.81481481  16.55166667]
0.09	 1.22	0.06	-0.36	35_A	[-51.42575  -9.53225  17.92075]
-0.0	 -0.07	-0.03	-0.01	35_A	[-54.33282143  -9.85103571  16.40989286]
0.09	 1.33	0.17	-0.47	36_A	[-54.74957143 -11.27828571  14.41628571]
0.07	 1.1	-0.1	-0.17	36_A	[-54.8068 -12.0666  14.1316]
0.09	 1.24	0.05	-0.27	36_A	[-54.45721053 -12.14505263  10.62405263]
-0.26	 -0.82	0.04	0.26	36_A	[-54.20753659 -13.82878049  10.44139024]
-0.11	 -0.65	-0.06	0.14	36_A	[-57.20616 -11.3574   12.00396]
-0.21	 -0.68	0.12	0.24	36_A	[-54.84658824 -13.34370588  13.25705882]
-0.25	 -1.25	0.26	0.44	36_A	[-56.8839  -12.67915  11.42765]
-0.08	 -0.23	0.01	0.09	36_A	[-56.5725     -11.31603846  13.9875    ]
0.04	 -1.47	-0.05	-0.02	36_A	[-56.01891667 -10.30758333  10.71291667]
0.06	 1.36	-0.04	-0.22	37_A	[-54.1884 -10.8504   9.2418]
0.12	 0.65	-0.11	-0.14	37_A	[-52.01107143 -13.5305       8.25892857]
0.12	 0.64	-0.03	-0.27	37_A	[-51.03381818 -13.76536364   7.45527273]
-0.01	 -1.84	-0.14	0.04	37_A	[-53.05783333  -9.6925       7.42416667]
-0.08	 -0.12	-0.07	0.09	37_A	[-53.55017857 -11.82264286   8.1155    ]
0.1	 0.79	0.05	-0.21	37_A	[-51.96255 -10.1055    6.7667 ]
-0.0	 0.51	0.04	-0.16	37_A	[-53.84733333  -9.11595833   8.96558333]
0.05	 0.98	0.56	-0.8	38_G	[-51.83   -13.932   10.8682]
-0.01	 0.05	-0.05	-0.08	38_G	[-50.03238462 -14.3045      10.83119231]
-0.04	 0.52	0.01	-0.11	38_G	[-47.74917143 -14.8034       8.358     ]
0.1	 1.16	0.11	-0.37	38_G	[-51.15196667 -12.86656667  11.77683333]
-0.2	 -0.36	-0.31	0.25	38_G	[-49.64496296 -14.22385185  11.87411111]
-0.2	 -0.69	-0.03	0.34	38_G	[-50.50848 -14.9986    9.03848]
0.12	 1.14	0.1	-0.34	39_G	[-46.3448125 -12.65675     7.08575  ]
-0.05	 0.11	-0.07	-0.01	39_G	[-44.9904359  -10.83135897   7.00464103]
0.22	 1.43	0.18	-0.44	39_G	[-48.94617391 -11.26695652  11.40921739]
0.04	 0.94	0.33	-0.65	40_E	[-47.37966667 -10.85533333   3.98766667]
0.05	 0.83	-0.04	-0.18	40_E	[-46.47464286  -8.95264286   5.07735714]
-0.17	 -0.18	0.02	0.16	40_E	[-48.38353125  -8.77578125   3.66096875]
0.1	 0.2	-0.03	-0.23	40_E	[-49.7402     -10.93013333   4.35526667]
0.03	 0.26	0.02	-0.17	40_E	[-47.78022222 -13.76705556   5.06872222]
-0.1	 -0.35	-0.11	0.05	40_E	[-50.11763333 -14.37123333   4.94933333]
-0.25	 -0.65	-0.01	0.34	40_E	[-51.8478     -13.26014286   5.21511429]
-0.32	 -1.24	0.28	0.54	40_E	[-49.87331429 -15.44945714   3.4216    ]
-0.17	 -0.47	-0.07	0.23	40_E	[-46.519      -11.23592857   4.74564286]
0.08	 -0.04	-0.15	-0.1	40_E	[-50.89776923 -10.83446154   5.413     ]
-0.16	 -0.31	-0.13	0.23	40_E	[-49.27117391 -11.30982609   3.37030435]
-0.19	 -0.78	-0.04	0.29	40_E	[-47.61726087 -13.45882609   3.92817391]
0.0	 0.17	-0.2	-0.03	40_E	[-47.79566667 -14.07333333   6.4726    ]
0.19	 1.69	-0.07	-0.24	41_L	[-47.24385714  -6.73128571   3.74957143]
-0.01	 -0.33	-0.07	-0.03	41_L	[-48.36595833  -5.19616667   3.66308333]
-0.04	 0.13	0.04	-0.04	41_L	[-52.4338      -6.60113333   5.92186667]
0.09	 0.81	0.14	-0.33	41_L	[-49.91183333  -6.64141667   4.50875   ]
0.17	 1.42	0.16	-0.42	41_L	[-53.48694737  -6.61210526   8.92994737]
-0.1	 -0.03	-0.13	0.24	41_L	[-53.19709524  -7.52804762   6.81766667]
-0.03	 0.39	0.04	-0.14	41_L	[-51.87673913  -4.80208696   6.18543478]
-0.05	 -0.57	-0.06	0.12	41_L	[-51.26270588  -8.42088235   5.14664706]
0.07	 1.17	-0.15	-0.18	42_G	[-45.8632  -7.6692   5.215 ]
-0.07	 0.12	0.02	-0.06	42_G	[-45.08313636  -6.70981818   4.53559091]
0.04	 0.16	-0.13	0.01	42_G	[-43.90875  -3.994     4.74025]
-0.1	 -0.47	-0.06	0.11	42_G	[-45.25883333  -3.06088095   3.59688095]
0.13	 1.21	0.03	-0.27	42_G	[-45.41322222  -7.93677778   6.374     ]
-0.11	 -0.17	0.05	0.13	42_G	[-43.81857143  -5.88790476   5.87057143]
-0.26	 -0.88	0.0	0.42	42_G	[-45.51245  -6.15585   3.55405]
0.11	 1.55	0.21	-0.47	43_W	[-43.838   -1.8832   4.7538]
0.02	 -0.03	-0.07	-0.03	43_W	[-42.76806061  -2.53075758   6.33624242]
0.12	 1.33	0.07	-0.33	44_L	[-44.07728571  -0.64171429   4.32385714]
0.03	 1.42	-0.04	-0.14	44_L	[-43.089    1.2122   3.441 ]
0.06	 0.87	-0.02	-0.11	44_L	[-42.106        2.874        3.48766667]
-0.08	 -1.29	-0.15	0.06	44_L	[-42.26228571   3.43128571   2.02371429]
-0.07	 -0.19	-0.08	0.04	44_L	[-42.94090476  -0.45971429   4.49585714]
-0.0	 -0.28	-0.0	-0.05	44_L	[-45.03748148   0.81718519   3.4407037 ]
-0.04	 0.04	-0.08	0.08	44_L	[-41.56504545   2.42490909   3.79031818]
0.1	 -0.45	0.04	-0.21	44_L	[-42.023        4.88971429   2.98428571]
-0.0	 0.59	-0.12	-0.11	44_L	[-43.6328    2.28796   1.9464 ]
0.11	 1.13	0.12	-0.3	44_L	[-41.41176923   4.85253846   4.53707692]
-0.0	 0.59	0.02	-0.19	45_T	[-38.98364865   3.04045946   5.47281081]
-0.05	 -0.29	-0.01	-0.04	45_T	[-39.34919048  -0.37090476   6.97680952]
0.04	 0.76	-0.02	-0.23	45_T	[-40.53709091  -1.82590909   8.794     ]
0.04	 0.05	-0.05	-0.08	45_T	[-40.82247059   0.15094118   5.78941176]
-0.05	 0.22	-0.02	-0.01	45_T	[-38.3173   -1.1454    8.22865]
0.12	 1.08	0.06	-0.3	45_T	[-39.93993333  -2.17333333   9.8374    ]
0.14	 0.55	0.01	-0.23	45_T	[-41.418       -1.92041667   8.42508333]
0.13	 1.79	0.16	-0.43	46_H	[-39.70090909   8.27281818   4.93881818]
0.07	 1.08	-0.04	-0.25	46_H	[-38.34178571   9.57164286   9.35385714]
-0.17	 -0.66	0.0	0.24	46_H	[-37.29004444   9.2788       5.53024444]
0.17	 0.87	0.04	-0.33	46_H	[-38.75296154  10.06680769   7.288     ]
0.24	 1.42	0.1	-0.38	46_H	[-40.131        5.73186667   5.41926667]
-0.17	 -0.06	-0.13	0.13	46_H	[-38.10746429   6.54557143   4.98757143]
0.16	 1.63	0.24	-0.5	46_H	[-39.16966667   9.70246667   9.86653333]
-0.17	 -0.15	-0.06	0.2	46_H	[-38.30844828  11.1837931    7.85334483]
-0.04	 -0.2	-0.05	0.02	47_P	[-34.19933333   7.37846667   7.0822    ]
0.0	 0.24	-0.12	-0.05	47_P	[-33.69940741   6.38107407  10.45155556]
0.08	 0.79	0.11	-0.36	47_P	[-35.38108333   7.07933333  11.78558333]
-0.09	 -0.12	-0.01	0.11	47_P	[-33.32804   5.7226    7.23872]
-0.13	 -0.36	0.03	0.17	47_P	[-35.03068182   8.41618182   7.92063636]
-0.27	 -0.97	0.19	0.46	47_P	[-33.71971429   7.82714286  10.09485714]
-0.0	 0.55	-0.17	-0.06	47_P	[-36.174        8.18395833  10.34991667]
0.18	 1.46	0.29	-0.55	48_Y	[-35.79756522   4.59447826   5.46169565]
0.15	 1.29	0.28	-0.53	48_Y	[-36.9934   3.8104   4.9592]
-0.03	 0.09	-0.04	-0.05	48_Y	[-32.41635135   2.70710811   6.36264865]
-0.07	 0.16	-0.03	0.08	48_Y	[-35.125      4.465      2.763625]
-0.04	 -0.2	-0.06	0.15	48_Y	[-34.45728571   2.96085714   1.69257143]
-0.02	 0.04	0.01	-0.05	48_Y	[-35.39668   0.93556   2.64112]
-0.06	 -0.32	0.04	-0.08	48_Y	[-32.73911111   2.94392593   2.24255556]
-0.08	 -0.46	-0.14	0.14	48_Y	[-34.3870625  -0.3931875   2.3396875]
-0.1	 -0.7	-0.1	0.12	48_Y	[-31.61948387   1.51606452   2.45954839]
-0.07	 -0.4	-0.07	0.06	48_Y	[-32.74245833   0.28283333   1.75654167]
-0.25	 -1.36	0.1	0.35	48_Y	[-32.22603333  -1.41196667   1.08736667]
-0.04	 -0.24	-0.15	0.04	48_Y	[-35.493        5.77263158   4.91363158]
0.12	 0.76	-0.08	-0.2	48_Y	[-36.95890909   2.04081818   4.85109091]
-0.25	 -0.54	-0.09	0.31	48_Y	[-36.50845833   3.6945       3.364875  ]
-0.13	 -0.31	-0.04	0.15	48_Y	[-34.03421053   4.86068421   3.84121053]
-0.45	 -0.55	0.12	0.48	48_Y	[-36.42976471   0.77982353   3.02976471]
-0.2	 -0.5	0.02	0.38	48_Y	[-31.99068182   3.79968182   3.55090909]
-0.32	 -0.98	0.29	0.53	48_Y	[-34.95933333  -1.23505556   1.73077778]
-0.34	 -1.0	0.25	0.48	48_Y	[-30.39073333   1.81         2.23766667]
-0.25	 -0.89	0.17	0.44	48_Y	[-30.53540741  -0.39122222   1.22077778]
0.11	 1.36	0.45	-0.72	49_G	[-35.4154   0.0506   5.3936]
-0.04	 -0.46	-0.06	0.02	49_G	[-34.45017647  -1.03658824   6.28258824]
0.03	 0.46	-0.04	-0.13	49_G	[-3.36659e+01 -3.09000e-02  9.17995e+00]
-0.22	 -0.86	0.16	0.35	49_G	[-31.83991429  -0.41734286   8.72508571]
-0.0	 0.32	-0.09	-0.12	49_G	[-36.517     0.44165   5.93945]
-0.18	 -0.42	0.02	0.17	49_G	[-35.59665385  -1.06261538   7.76726923]
-0.16	 -0.45	-0.11	0.15	49_G	[-32.89695652  -0.57595652   6.05069565]
0.22	 1.42	0.38	-0.61	50_K	[-35.2416   0.2565  10.1924]
0.09	 0.98	0.5	-0.83	50_K	[-31.9002   1.767   11.6968]
0.12	 0.84	-0.06	-0.25	50_K	[-34.18786842   1.02792105  11.87192105]
-0.17	 -0.58	-0.23	0.25	50_K	[-32.97236364   0.75127273  13.20154545]
-0.11	 -0.53	-0.0	0.19	50_K	[-32.03949057   3.66858491  10.3695283 ]
-0.17	 -0.34	-0.2	0.19	50_K	[-31.849        0.61571429  10.86561905]
0.24	 1.31	0.41	-0.64	51_G	[-35.78508333  -0.92175     12.35991667]
0.09	 0.59	0.07	-0.27	51_G	[-35.45689286  -1.21935714  14.35696429]
0.06	 0.57	-0.09	-0.18	52_W	[-37.162625  -1.564925  10.782425]
0.01	 0.28	-0.01	-0.1	53_D	[-35.18329167  -5.20925     12.21795833]
-0.25	 -0.75	0.14	0.35	53_D	[-35.89594286  -5.17074286  10.31862857]
-0.14	 -0.2	0.0	0.16	53_D	[-34.54797872  -3.45368085  12.77287234]
0.13	 0.59	0.06	-0.24	53_D	[-38.963875   -3.9484375  10.53225  ]
0.19	 1.22	0.07	-0.33	53_D	[-36.2116875  -3.8483125  14.5421875]
0.14	 0.84	-0.13	-0.15	53_D	[-36.64527273  -6.92690909  12.41      ]
-1.76	 0.2	-0.11	0.16	54_L	[-38.91833333  -9.58333333  11.56525   ]
0.04	 0.75	0.01	-0.2	54_L	[-41.20677778  -7.24566667   8.87833333]
-0.07	 -0.0	-0.08	-0.04	54_L	[-42.41133333 -10.13825926   8.54966667]
-0.01	 0.03	-0.05	-0.07	54_L	[-39.07410714  -6.22639286  10.20121429]
0.13	 0.25	0.01	-0.21	54_L	[-41.70553846  -6.24192308   9.16046154]
-0.09	 -1.08	-0.06	0.13	54_L	[-40.353       -8.20761538   9.07869231]
0.12	 1.22	0.12	-0.34	54_L	[-41.64196429 -10.74203571  11.18135714]
0.18	 1.42	0.26	-0.51	54_L	[-43.4434 -11.1216   8.6502]
-0.02	 0.37	-0.05	-0.07	54_L	[-43.36632  -7.84396   7.7456 ]
-0.26	 -1.05	-0.11	0.44	54_L	[-41.38513636 -10.1595       8.83863636]
0.16	 1.48	0.35	-0.59	55_M	[-40.3662     -11.44673333  12.74433333]
0.14	 1.05	0.1	-0.34	55_M	[-39.49366667  -9.46616667  17.85033333]
0.09	 1.31	-0.17	-0.06	55_M	[-37.56433333  -9.15066667  17.279     ]
-0.12	 -0.36	0.03	0.14	55_M	[-36.29028947  -9.18810526  14.88023684]
-0.06	 -0.22	0.0	-0.01	55_M	[-35.3319375   -6.33459375  15.99146875]
0.11	 0.61	-0.11	-0.13	55_M	[-38.40335714 -11.0395      13.43014286]
0.04	 0.66	-0.09	-0.12	55_M	[-38.78785294 -10.80867647  17.20067647]
0.07	 0.79	0.06	-0.17	55_M	[-38.41783333  -8.56688889  17.92116667]
-0.21	 -1.07	-0.05	0.4	55_M	[-34.48936667  -6.99623333  15.04663333]
0.05	 1.08	0.05	-0.22	55_M	[-35.90241667  -5.01683333  15.46266667]
-0.15	 -0.93	0.03	0.26	55_M	[-35.876    -7.16315  17.5984 ]
0.14	 0.66	-0.02	-0.2	56_Q	[-40.4996 -15.8323  15.3442]
-0.08	 -0.22	0.01	0.02	56_Q	[-38.69730303 -14.41669697  16.49039394]
-0.01	 1.19	-0.02	-0.08	56_Q	[-38.31672727 -14.84518182  13.21118182]
0.02	 0.65	0.01	-0.16	56_Q	[-39.98872 -13.95904  11.32476]
-0.34	 -0.65	0.09	0.43	56_Q	[-39.11365957 -13.85468085  10.434     ]
-0.12	 -0.06	0.08	0.08	56_Q	[-40.81461538 -16.83761538  10.85715385]
-0.01	 0.01	-0.16	0.06	56_Q	[-38.27030769 -12.52376923  14.78453846]
0.04	 -0.29	-0.05	-0.13	56_Q	[-42.55492593 -15.52255556  13.6402963 ]
0.15	 1.26	0.44	-0.67	56_Q	[-41.1845     -12.30075     12.26583333]
-0.05	 -0.4	0.0	0.01	56_Q	[-38.48961905 -13.32561905  13.05095238]
-0.13	 -0.46	0.0	0.2	56_Q	[-39.49828571 -16.08695238  13.61852381]
-0.2	 -0.94	0.07	0.24	56_Q	[-41.9754     -16.62426667  11.73406667]
-0.23	 -0.4	0.08	0.26	56_Q	[-41.00373913 -16.0063913    9.583     ]
0.12	 0.67	-0.07	-0.19	57_N	[-41.85909091 -16.13990909  15.89      ]
0.07	 1.39	0.02	-0.25	57_N	[-41.03016667 -16.473       16.53716667]
0.06	 0.86	-0.05	-0.17	57_N	[-42.18363636 -17.50236364  16.81054545]
0.07	 0.91	-0.08	-0.2	57_N	[-43.60513043 -17.00730435  16.13004348]
0.13	 1.1	0.18	-0.49	57_N	[-41.877  -13.4588  20.5344]
0.02	 0.44	-0.07	-0.03	57_N	[-40.216      -14.58736364  20.49095455]
-0.18	 -0.63	-0.07	0.46	57_N	[-39.6288     -16.21484444  20.83531111]
-0.04	 -0.09	-0.07	-0.02	57_N	[-39.22193333 -12.65976667  19.69086667]
0.02	 0.29	-0.12	-0.01	57_N	[-40.07014286 -16.62442857  17.609     ]
0.1	 0.65	-0.02	-0.2	57_N	[-42.69322222 -14.56683333  20.7915    ]
-0.31	 -0.88	0.26	0.53	57_N	[-38.07346154 -13.47969231  20.4235    ]
-0.09	 -0.05	-0.33	0.12	57_N	[-39.5896     -11.4762      19.19053333]
-0.11	 0.48	-0.15	-0.05	58_I	[-42.529      -17.23550943  22.39724528]
-0.17	 -0.75	-0.13	0.23	58_I	[-40.57255556 -20.33688889  18.46544444]
-0.01	 0.64	-0.06	-0.13	58_I	[-44.14514286 -21.85971429  20.61057143]
-0.03	 -0.13	-0.1	0.03	58_I	[-42.8628  -20.3947   16.36165]
0.06	 0.24	-0.27	-0.07	58_I	[-40.71041667 -17.84516667  20.07175   ]
-0.33	 -0.55	-0.09	0.32	58_I	[-41.6195625 -19.5291875  21.3978125]
-0.05	 -0.1	0.01	0.01	58_I	[-40.71853846 -18.91773077  18.22592308]
-0.18	 -0.39	0.13	0.15	58_I	[-41.39340909 -21.55068182  18.84890909]
-0.25	 -0.77	-0.02	0.3	58_I	[-43.32565 -22.19655  20.79115]
0.11	 0.67	0.1	-0.24	58_I	[-43.99694737 -20.32926316  22.20236842]
0.09	 1.28	0.39	-0.64	58_I	[-44.75871429 -21.83814286  19.05      ]
-0.36	 -0.99	0.14	0.53	58_I	[-42.21994737 -20.81889474  15.92252632]
-0.01	 0.1	-0.05	-0.03	58_I	[-44.58327586 -21.62982759  17.61751724]
0.05	 0.95	0.05	-0.25	58_I	[-43.3404 -18.9635  16.0097]
0.19	 1.45	0.34	-0.58	59_M	[-48.6853  -17.0669   21.07775]
0.07	 1.48	0.05	-0.27	59_M	[-44.7002 -15.8146  23.1364]
0.07	 0.65	-0.01	-0.22	59_M	[-46.68033333 -15.17283333  25.05088889]
0.12	 0.7	-0.05	-0.17	59_M	[-47.10113514 -13.04818919  24.63424324]
-0.04	 -0.08	-0.0	-0.05	59_M	[-49.59073684 -12.77405263  22.20321053]
-0.02	 0.09	-0.13	-0.05	59_M	[-44.867125   -17.973       23.62791667]
0.08	 0.17	0.1	-0.25	59_M	[-44.70685 -14.93445  22.6866 ]
-0.14	 -0.36	-0.27	0.17	59_M	[-45.81334615 -15.69819231  25.03476923]
0.1	 1.1	0.07	-0.29	59_M	[-48.40916667 -12.35075     20.86441667]
0.02	 0.25	0.03	-0.25	59_M	[-49.11628571 -15.14757143  21.65985714]
-0.19	 -0.05	-0.2	0.14	59_M	[-49.99292308 -12.81811538  23.46626923]
0.07	 0.68	0.05	-0.31	60_N	[-49.303      -21.064       24.65333333]
0.13	 1.63	-0.02	-0.23	60_N	[-49.37922222 -21.75777778  24.00544444]
0.03	 0.2	-0.16	-0.02	60_N	[-50.65376923 -21.62903846  22.22726923]
0.01	 0.13	0.04	-0.21	60_N	[-51.01380952 -19.18671429  23.62238095]
-0.13	 -0.82	-0.07	0.2	60_N	[-51.47663636 -18.12163636  25.24527273]
-0.22	 -0.8	0.07	0.34	60_N	[-49.6244359  -17.85171795  26.4525641 ]
-0.09	 0.04	0.11	0.0	60_N	[-51.2714375 -16.1499375  24.0366875]
-0.05	 -0.22	0.07	0.04	60_N	[-46.68253333 -18.31753333  24.99953333]
-0.09	 -0.53	-0.12	0.17	60_N	[-48.0897037  -20.57981481  25.25277778]
-0.0	 -0.2	-0.36	0.07	60_N	[-51.08342857 -18.48542857  22.33      ]
-0.18	 -0.56	0.11	0.29	60_N	[-50.96845833 -20.21454167  24.28479167]
-0.25	 -0.43	0.08	0.31	60_N	[-50.423      -15.6055      25.17840909]
-0.1	 -0.18	0.01	0.03	60_N	[-50.594      -16.41075862  22.69372414]
0.05	 0.72	0.34	-0.64	61_D	[-46.2306 -23.4458  20.2112]
0.08	 1.13	0.06	-0.32	61_D	[-45.95145455 -22.46881818  19.34218182]
-0.11	 -0.19	-0.03	0.15	61_D	[-47.96745714 -23.27134286  18.61077143]
0.02	 0.63	-0.02	-0.17	61_D	[-47.667875 -24.758375  21.60975 ]
-0.08	 -0.1	-0.11	0.11	61_D	[-47.08438095 -24.56528571  23.78433333]
-0.21	 -0.59	0.05	0.31	61_D	[-45.60013333 -23.42622222  23.89646667]
-0.27	 -0.94	0.12	0.43	61_D	[-48.558225 -24.611225  24.43955 ]
0.09	 0.52	0.05	-0.21	61_D	[-45.96046667 -20.68106667  23.5746    ]
-0.05	 -0.04	-0.21	0.04	61_D	[-45.4243125 -23.164375   20.987    ]
0.04	 0.16	-0.05	-0.06	61_D	[-49.47277273 -23.92313636  21.60572727]
-0.17	 -0.66	0.03	0.29	61_D	[-46.84733333 -24.81991667  20.93304167]
-0.01	 -1.28	-0.07	-0.15	62_M	[-49.98784615 -17.569       18.50223077]
0.07	 1.1	0.04	-0.3	62_M	[-51.34823529 -20.03564706  20.70547059]
-0.12	 -0.77	-0.01	0.19	62_M	[-51.56442222 -21.28837778  17.18906667]
-0.15	 -0.87	-0.05	0.19	62_M	[-52.60802941 -22.95835294  19.54467647]
0.15	 1.42	0.36	-0.6	62_M	[-48.932375 -22.158875  17.517625]
0.06	 0.59	0.01	-0.28	62_M	[-49.70565 -17.6705   19.9088 ]
-0.04	 -0.71	0.11	-0.21	62_M	[-50.2050625 -18.1436875  17.5013125]
-0.21	 -0.54	-0.11	0.23	62_M	[-51.5958  -19.0756   20.32584]
-0.27	 -1.06	0.27	0.5	62_M	[-53.07521739 -23.54573913  18.06604348]
-0.12	 -0.46	-0.21	0.22	62_M	[-51.07604545 -23.46018182  20.28540909]
-0.18	 -0.92	0.15	0.34	62_M	[-53.24876923 -21.55846154  20.1215    ]
0.06	 1.1	0.21	-0.48	63_P	[-44.751125 -17.42325   15.356875]
0.02	 0.32	0.04	-0.09	63_P	[-48.36002941 -16.48444118  14.65252941]
-0.09	 -0.29	-0.02	-0.01	63_P	[-44.82533333 -18.57633333  14.1372381 ]
-0.11	 -0.16	-0.05	0.17	63_P	[-47.61276471 -20.32888235  13.28211765]
-0.03	 0.31	-0.1	0.05	63_P	[-48.855625 -21.4595    15.244375]
0.15	 1.17	0.16	-0.38	63_P	[-44.1228 -18.2932  15.8512]
-0.05	 -0.1	-0.14	0.01	63_P	[-45.66570968 -17.49332258  13.20270968]
-0.09	 0.05	-0.06	0.05	63_P	[-44.70981818 -20.21351515  14.60612121]
-0.17	 -0.67	0.04	0.29	63_P	[-48.37314286 -18.7977619   13.3717619 ]
-0.26	 -0.9	0.2	0.48	63_P	[-47.09090909 -21.258       13.34690909]
-0.05	 0.55	-0.05	-0.01	63_P	[-49.58125   -19.7833125  15.6066875]
-0.02	 -0.02	0.04	0.02	63_P	[-47.43403226 -21.7943871   16.11209677]
0.06	 0.86	-0.01	-0.28	64_I	[-44.99688889 -16.59622222  15.171     ]
0.18	 0.98	0.16	-0.45	64_I	[-44.2832  -15.26608  14.73852]
0.07	 0.68	-0.02	0.09	64_I	[-48.343      -13.63033333  16.72766667]
-0.17	 -0.41	-0.12	0.08	64_I	[-49.35733333 -15.23873333  18.6872    ]
0.1	 1.55	0.16	-0.42	64_I	[-47.7483 -12.7497  19.5773]
0.1	 1.38	0.32	-0.56	64_I	[-44.53875  -16.401625  15.628875]
0.03	 0.14	0.06	-0.19	64_I	[-48.13453333 -14.11466667  15.30466667]
0.04	 0.35	-0.02	-0.13	64_I	[-47.78316129 -12.1796129   17.71980645]
0.03	 0.46	0.02	-0.14	64_I	[-48.77064 -14.63352  19.77888]
-0.09	 -0.49	0.04	0.22	64_I	[-49.40672 -15.17256  17.32632]
0.13	 1.52	0.05	-0.28	64_I	[-44.49132 -12.92896  21.18008]
0.09	 1.21	0.16	-0.41	64_I	[-47.4708     -11.7108      19.62726667]
0.24	 1.42	0.16	-0.42	65_Y	[-47.8101875 -10.5354375  16.036375 ]
0.15	 1.14	0.04	-0.33	65_Y	[-44.974      -15.506       12.78438889]
0.07	 0.29	-0.27	-0.05	65_Y	[-44.1025   -12.982625   8.714   ]
0.08	 1.06	-0.02	-0.29	65_Y	[-44.71448276 -14.6942069   10.05755172]
-0.16	 -0.42	-0.09	0.21	65_Y	[-44.48697143 -16.27131429   9.66734286]
-0.11	 0.46	0.5	0.2	65_Y	[-47.9416875 -11.936125   14.958375 ]
0.22	 1.48	0.16	-0.42	65_Y	[-47.88030769 -10.77615385  13.105     ]
0.12	 0.6	0.0	-0.27	65_Y	[-47.82690909 -13.43213636  12.91959091]
0.16	 1.53	0.34	-0.58	65_Y	[-42.15155556 -12.26922222  11.05922222]
0.02	 0.32	-0.07	-0.08	65_Y	[-46.99016667 -15.97713333  11.51466667]
-0.02	 0.41	-0.21	0.02	65_Y	[-42.45169444 -12.85511111   9.57825   ]
-0.22	 -0.77	0.04	0.31	65_Y	[-43.3243 -15.3609   8.5992]
-0.01	 -0.03	-0.05	-0.05	66_M	[-41.16871795  -9.38648718  20.09476923]
-0.01	 0.29	0.0	-0.09	66_M	[-43.22016667 -10.76308333  21.004     ]
0.12	 1.21	-0.13	-0.11	66_M	[-44.13083333 -11.20366667  21.12933333]
0.08	 0.26	0.01	-0.13	66_M	[-42.16147619 -12.06647619  20.54571429]
0.18	 1.51	0.1	-0.32	67_Y	[-43.32094118  -5.15252941   7.97047059]
0.09	 0.39	0.0	-0.14	67_Y	[-41.47470968  -3.83503226   9.41783871]
0.12	 1.18	0.13	-0.36	68_S	[-37.3687  -4.0969  17.3144]
0.1	 0.62	-0.08	-0.29	68_S	[-36.98404  -3.178    15.94164]
-0.01	 0.32	-0.21	-0.05	68_S	[-37.48682609  -4.86221739  18.58491304]
0.09	 0.53	-0.04	-0.14	68_S	[-39.034875   -4.5734375  20.1714375]
-0.15	 -0.33	-0.07	0.16	68_S	[-38.58192593  -6.6997037   19.2532963 ]
0.07	 1.25	0.07	-0.33	69_V	[-36.99609091  -3.01445455  18.17054545]
0.14	 1.42	0.08	-0.35	69_V	[-36.68316667  -2.87158333  19.23041667]
0.15	 1.23	0.28	-0.54	69_V	[-37.95044444  -2.20533333  21.16166667]
-0.01	 -0.29	-0.0	-0.02	69_V	[-36.33110526  -2.21142105  16.98226316]
0.2	 1.74	0.11	-0.37	69_V	[-35.15325     -0.11208333  16.25841667]
0.06	 1.2	0.03	-0.25	70_C	[-35.6257  -2.3449  18.8057]
0.11	 2.76	0.03	-0.27	70_C	[-33.055    -1.014    19.31575]
-0.17	 -1.14	0.02	0.19	70_C	[-31.76017647  -0.93347059  20.95758824]
-0.02	 0.64	0.0	-0.08	70_C	[-35.02164706  -3.38958824  20.88547059]
-0.02	 -0.1	-0.08	-0.01	70_C	[-33.26557143  -3.01954286  23.6808    ]
-0.03	 -0.12	-0.05	0.0	70_C	[-34.61741176  -1.26723529  18.01911765]
-0.05	 0.45	-0.13	-0.03	70_C	[-36.57339394  -3.18218182  21.06130303]
-0.13	 -0.34	0.05	0.18	70_C	[-33.55084615  -2.86492308  20.53692308]
0.01	 0.11	-0.27	0.05	71_N	[-30.95966667   2.256       16.76533333]
-0.16	 -0.48	-0.07	0.2	71_N	[-32.279025   0.32405   17.063825]
0.05	 0.95	0.08	-0.2	71_N	[-32.12865   3.39515  15.80335]
0.09	 0.25	-0.05	-0.13	71_N	[-30.78847826   1.16130435  19.77991304]
0.03	 0.69	0.0	-0.2	71_N	[-32.93517143   1.82005714  14.93045714]
0.1	 1.13	0.1	-0.31	71_N	[-33.49871429   4.064       15.09242857]
0.1	 0.77	0.18	-0.38	72_V	[-30.307       -0.31588235  25.18794118]
0.18	 1.04	0.19	-0.45	72_V	[-30.9285       0.7595      22.05321429]
0.12	 0.71	-0.02	-0.13	72_V	[-31.3069375  -0.552625   23.770875 ]
0.11	 1.85	0.07	-0.34	73_M	[-26.63354545   4.18609091  21.12936364]
-0.11	 -0.05	0.02	0.08	73_M	[-26.41988095   6.08016667  22.66466667]
-0.04	 0.19	-0.02	-0.11	73_M	[-25.98709091   2.96463636  22.16045455]
0.04	 0.07	0.06	-0.21	73_M	[-27.71138095   0.53995238  23.83471429]
0.0	 0.13	-0.11	-0.12	73_M	[-26.298     2.95064  26.2694 ]
-0.05	 0.07	-0.11	-0.02	73_M	[-26.96359091  -0.48881818  26.06204545]
0.16	 0.87	0.09	-0.31	73_M	[-29.547       2.0145625  21.437875 ]
-0.18	 -0.75	-0.01	0.26	73_M	[-27.1796       2.07113333  21.43493333]
-0.09	 -0.33	0.06	0.08	73_M	[-25.78908333   3.32525     23.81658333]
-0.01	 -0.01	-0.15	0.04	73_M	[-29.15333333   0.50033333  23.39286667]
-0.16	 -0.42	0.01	0.12	73_M	[-26.27665217   0.28782609  23.52969565]
0.11	 0.58	-0.01	-0.26	73_M	[-27.38452381  -1.50909524  27.61957143]
-0.21	 -1.18	0.19	0.44	73_M	[-26.4630625  -1.0995625  25.137    ]
-0.08	 -0.25	0.01	0.12	73_M	[-24.83225      0.21817857  27.03064286]
0.07	 0.76	0.44	-0.78	74_S	[-26.9826   6.8366  19.0634]
-0.04	 0.03	0.01	-0.06	74_S	[-27.20116667   8.077       20.69525   ]
-0.14	 -0.28	0.01	0.17	74_S	[-28.58259375   8.61628125  18.3445625 ]
0.08	 1.16	-0.07	-0.12	74_S	[-27.83866667   4.84233333  17.91533333]
-0.01	 0.21	-0.01	-0.03	74_S	[-28.11557692   3.07719231  19.52761538]
-0.12	 -0.03	0.04	0.15	74_S	[-26.50033333   6.07533333  19.83609524]
-0.22	 -0.11	0.02	0.24	74_S	[-27.81068182   5.82254545  17.60127273]
-0.15	 -0.45	-0.01	0.14	74_S	[-29.19112903   3.00232258  17.85525806]
0.04	 0.55	-0.09	-0.07	75_G	[-27.9404   8.1468  22.2641]
-0.05	 -0.23	-0.06	0.02	75_G	[-28.92938889  10.34516667  21.89327778]
0.11	 0.91	0.08	-0.36	75_G	[-31.74305556  10.41111111  21.77077778]
0.2	 1.42	0.17	-0.43	75_G	[-33.10985714   9.05757143  21.39704762]
0.11	 1.47	0.13	-0.45	75_G	[-28.18428571   7.72442857  22.83285714]
-0.09	 0.51	-0.16	0.13	75_G	[-29.69057895  10.40263158  22.86063158]
-0.16	 -0.77	-0.04	0.25	75_G	[-28.2281875  10.2823125  20.715625 ]
0.05	 0.17	-0.01	-0.13	76_D	[-30.59694444  11.07616667  19.77044444]
0.09	 1.94	0.07	-0.34	76_D	[-33.24266667  11.82022222  19.60677778]
0.05	 0.55	-0.22	-0.1	76_D	[-34.04029412  11.193       17.51335294]
-0.15	 -0.51	0.02	0.12	76_D	[-31.95170732  10.1575122   16.54509756]
-0.25	 -1.2	0.13	0.38	76_D	[-31.95689231  13.17573846  18.42327692]
-0.13	 -0.86	-0.03	0.13	76_D	[-29.8966087   11.73573913  19.51817391]
-0.21	 -0.12	-0.2	0.24	76_D	[-33.5656   11.15108  20.43088]
0.06	 2.0	-0.02	-0.27	77_Q	[-34.69471429  10.89571429  18.674     ]
0.14	 1.48	0.23	-0.49	77_Q	[-35.4406  11.0034  16.8064]
-0.0	 0.41	-0.02	-0.09	77_Q	[-36.55395455  10.78304545  18.41409091]
0.1	 0.89	-0.12	-0.12	77_Q	[-32.62016667   6.9995      16.039     ]
0.05	 1.3	-0.05	-0.1	77_Q	[-33.24646667   5.6068      15.41426667]
0.07	 1.16	-0.09	-0.16	77_Q	[-31.15006667   7.45593333  16.70866667]
0.12	 0.44	-0.09	-0.19	77_Q	[-35.073       10.44511111  19.54777778]
0.13	 0.65	-0.02	-0.17	77_Q	[-33.13885714   8.22035714  15.99528571]
-0.07	 -0.14	0.02	0.08	77_Q	[-30.47433333   5.71613333  16.51886667]
0.09	 1.29	0.01	-0.31	78_D	[-34.67058333   9.77558333  15.20625   ]
0.1	 0.72	-0.01	-0.29	78_D	[-37.19484211   8.90092105  12.01457895]
0.03	 0.13	-0.12	0.01	78_D	[-35.70881818  11.48990909  14.29190909]
0.08	 0.84	0.08	-0.3	78_D	[-38.717       11.80167742  13.70248387]
-0.21	 -0.66	-0.21	0.25	78_D	[-37.99882143  12.86957143  12.56317857]
0.07	 0.19	-0.01	-0.13	78_D	[-34.83496   8.2114   14.6322 ]
-0.09	 -0.05	-0.04	0.13	78_D	[-36.36303333  11.64276667  15.77923333]
-0.24	 -0.65	-0.05	0.35	78_D	[-35.8991   10.5851   13.08375]
0.09	 0.56	0.0	-0.23	79_N	[-34.601475   5.138525  13.4991  ]
0.16	 1.51	0.33	-0.58	80_W	[-39.669       10.05372222  11.21127778]
0.1	 1.08	-0.02	-0.2	80_W	[-43.73877778  12.88166667  12.49477778]
0.09	 2.34	0.13	-0.4	80_W	[-44.82672727  12.72554545  12.06163636]
0.08	 0.35	0.02	-0.21	80_W	[-43.40855556  12.83340741  14.09022222]
0.16	 0.87	-0.03	-0.14	80_W	[-45.61633333  12.8766      12.80173333]
0.15	 0.92	-0.01	-0.25	82_R	[-48.4244    2.24904   2.35648]
0.09	 0.53	-0.07	-0.21	82_R	[-47.08357895   0.88963158   3.20578947]
0.03	 0.64	0.04	-0.17	82_R	[-47.30331818   2.47995455   1.49104545]
0.16	 1.04	0.13	-0.37	82_R	[-48.11962162   7.14897297   3.75616216]
0.04	 0.5	0.19	-0.45	84_N	[-51.846       -1.50088889   3.33094444]
-0.15	 -0.58	-0.07	0.19	84_N	[-49.92416667  -2.45766667   2.5965    ]
-0.07	 0.12	0.08	-0.08	84_N	[-50.34439286  -4.24646429   3.87867857]
-0.12	 -0.12	-0.05	0.17	84_N	[-48.627375   -1.0171875   2.64825  ]
0.15	 1.96	0.16	-0.42	84_N	[-50.02381818   0.64281818   3.10254545]
0.02	 0.44	-0.04	-0.15	84_N	[-52.51556757  -2.07421622   5.63554054]
-0.28	 -0.52	-0.16	0.34	84_N	[-51.97586364  -0.86363636   2.56927273]
0.03	 0.23	0.12	-0.18	84_N	[-47.37826923  -1.70246154   3.43061538]
-0.01	 -0.13	-0.28	0.15	84_N	[-4.88585385e+01  2.07692308e-02  2.83353846e+00]
-0.05	 -0.02	-0.04	0.03	85_W	[-54.96597143  -0.20411429   3.47491429]
0.03	 0.69	-0.01	-0.19	85_W	[-56.79281818   1.97018182  -0.49590909]
-0.04	 0.07	-0.12	0.03	85_W	[-57.1053125   3.562875   -1.80625  ]
0.08	 0.27	0.09	-0.26	85_W	[-57.65521429   5.09792857  -1.88142857]
0.19	 1.27	0.09	-0.35	85_W	[-51.78441379   1.164        2.2912069 ]
0.19	 1.06	0.02	-0.26	85_W	[-54.1626       1.18966667   1.1918    ]
-0.01	 0.08	0.02	-0.04	85_W	[-56.48588462   1.48111538   0.55426923]
-0.11	 -0.43	0.14	0.3	85_W	[-58.39695238   2.06766667  -1.23733333]
0.09	 0.35	0.02	-0.07	85_W	[-59.95195833   4.79020833  -1.39375   ]
0.09	 0.83	-0.12	-0.08	86_V	[-57.10485714  -0.40135714   4.81571429]
0.1	 0.02	-0.03	-0.18	86_V	[-58.88209524  -0.71290476   6.27504762]
0.14	 1.3	0.05	-0.29	86_V	[-55.66630769  -0.79957692   6.57353846]
0.13	 0.97	-0.02	-0.28	87_Y	[-61.2908125   0.1559375   5.161375 ]
-0.03	 0.2	0.02	-0.08	87_Y	[-60.66257143  -0.33985714   1.633     ]
-0.08	 -0.07	-0.09	0.1	87_Y	[-61.89371429   0.17342857   0.43657143]
-0.0	 -0.06	0.26	-0.18	87_Y	[-61.72314286   1.10942857  -0.54495238]
-0.11	 -0.65	-0.03	0.11	87_Y	[-63.272       -0.20671429   1.39214286]
-0.04	 -0.11	-0.05	-0.01	87_Y	[-63.15706452   3.21732258  -1.00270968]
-0.16	 -0.99	-0.03	0.18	87_Y	[-64.75478571   0.3555       0.55392857]
0.02	 0.07	0.04	-0.13	87_Y	[-6.43013333e+01  2.52412500e+00 -4.78333333e-02]
-0.28	 -0.51	0.19	0.41	87_Y	[-65.73104   3.24016  -1.1146 ]
0.06	 0.17	0.07	-0.12	87_Y	[-58.6436    0.22595   3.4047 ]
-0.02	 -0.12	-0.04	0.11	87_Y	[-59.1935       0.64791667   0.94925   ]
-0.11	 -0.81	0.0	0.24	87_Y	[-60.98576471  -0.49047059   2.89858824]
-0.09	 0.43	-0.33	0.01	87_Y	[-60.39609091   2.63809091  -1.16754545]
-0.03	 -0.09	-0.02	0.07	87_Y	[-63.65736364   0.38877273   3.57527273]
-0.23	 -0.5	0.01	0.2	87_Y	[-62.60356   3.74648  -1.68404]
-0.07	 -0.02	0.04	0.09	87_Y	[-65.868625   0.87675    1.979375]
-0.24	 -0.78	0.11	0.39	87_Y	[-66.61879167   2.33929167  -0.24533333]
0.21	 1.5	0.35	-0.59	88_R	[-63.88725      1.42658333   5.30966667]
0.06	 1.0	-0.12	-0.28	88_R	[-65.24572727   1.44531818   6.3315    ]
0.14	 1.44	0.16	-0.41	88_R	[-65.69983333   8.34927778   4.74083333]
0.22	 0.82	0.29	-0.57	88_R	[-67.06255556   9.30955556   6.86222222]
-0.02	 0.22	-0.15	0.0	88_R	[-66.37461538   9.51061538   4.00734615]
0.19	 1.61	0.25	-0.5	88_R	[-64.04438095   6.1067619    3.66342857]
-0.02	 0.37	-0.07	-0.05	88_R	[-68.17157143   7.96114286   6.3855    ]
-0.16	 -0.41	-0.11	0.16	88_R	[-65.18233333   9.5496       2.71926667]
-0.21	 -0.84	0.13	0.41	88_R	[-67.60407143   9.18271429   4.17196429]
0.03	 0.18	-0.01	-0.13	89_G	[-66.88376923   2.96215385   3.16938462]
-0.16	 0.09	-0.14	0.1	89_G	[-68.213    3.7851   3.4836]
-0.07	 0.2	-0.05	-0.01	89_G	[-66.9499697    5.72957576   3.67536364]
0.08	 0.71	0.05	-0.26	89_G	[-64.4079    4.5354    2.51755]
-0.08	 0.25	-0.2	0.04	89_G	[-66.46995   3.20105   1.95385]
-0.06	 0.2	0.02	-0.02	89_G	[-66.03051613   1.41112903   4.87222581]
0.09	 0.87	-0.06	-0.19	90_E	[-68.66454545   2.41827273   4.29981818]
-0.02	 0.14	-0.1	-0.05	90_E	[-69.87762222   5.22233333   8.59693333]
-0.11	 0.28	-0.09	0.02	90_E	[-71.526      4.09575    5.481125]
0.05	 1.0	0.18	-0.42	90_E	[-70.9945       1.44566667   5.2115    ]
-0.05	 -0.13	-0.01	-0.01	90_E	[-71.5841875    1.36959375   7.49546875]
-0.32	 -1.27	0.24	0.5	90_E	[-73.192        1.7603871    6.20222581]
-0.0	 -0.06	0.15	0.18	90_E	[-72.13910256   0.18105128   9.01164103]
0.08	 0.35	-0.04	-0.18	90_E	[-67.66111111   1.40283333   5.93261111]
0.04	 0.07	0.02	-0.07	90_E	[-69.46442857   5.38271429   5.27052381]
-0.16	 -0.55	-0.01	0.26	90_E	[-71.694       4.1765625   6.7898125]
-0.25	 -0.9	0.02	0.31	90_E	[-70.7945   3.0292   4.5286]
-0.13	 -0.01	-0.03	0.13	90_E	[-69.49742105   0.77005263   5.54078947]
0.13	 1.19	0.19	-0.42	91_A	[-68.46573333   4.17473333  10.3382    ]
0.08	 1.27	0.03	-0.26	92_E	[-68.73509091   8.53445455  12.86736364]
-0.02	 0.16	-0.23	-0.04	92_E	[-69.05636364   9.419        8.22909091]
-0.07	 0.23	0.01	-0.01	92_E	[-70.46993103   9.62375862  10.1102069 ]
-0.26	 -0.75	0.05	0.35	92_E	[-70.71934211  10.58252632  11.64205263]
-0.34	 -1.04	0.05	0.52	92_E	[-71.47118919   8.81432432   8.92272973]
0.08	 0.2	-0.09	-0.12	92_E	[-68.09515   5.1649   11.5932 ]
-0.04	 -0.21	0.06	0.05	92_E	[-69.54572222   7.35666667  11.36422222]
0.08	 0.75	-0.06	-0.18	92_E	[-67.85552   9.56328  13.05172]
0.07	 0.02	0.21	-0.31	92_E	[-67.98980952  10.17495238   8.70204762]
0.11	 0.64	-0.04	-0.26	92_E	[-69.243        8.00136364   8.20227273]
0.18	 1.12	0.11	-0.39	93_R	[-66.75131579   4.53373684  14.61110526]
0.05	 0.86	0.04	-0.22	93_R	[-67.44772222   8.07688889  15.09327778]
-0.04	 0.47	0.0	0.0	93_R	[-66.2411   8.2217  19.5111]
-0.11	 -0.16	-0.11	0.14	93_R	[-66.36366667   9.90466667  18.99016667]
-0.03	 -0.13	0.03	-0.05	93_R	[-64.9021  10.2739  19.5654]
0.05	 0.93	-0.17	0.02	93_R	[-63.38555556   9.71177778  20.15388889]
-0.12	 -0.04	0.12	-0.05	93_R	[-64.9944375  12.3474375  18.5204375]
-0.01	 -0.3	-0.13	-0.03	93_R	[-67.7566   6.3093  13.2424]
0.01	 0.45	0.05	-0.15	93_R	[-66.64304348   9.33117391  15.16834783]
-0.09	 -0.43	-0.02	0.13	93_R	[-67.39752941   6.48870588  15.63829412]
-0.11	 -0.52	-0.02	0.17	93_R	[-67.17         7.40713043  18.29121739]
0.02	 -0.79	0.03	-0.12	93_R	[-65.44038462   7.48653846  19.91753846]
-0.12	 -0.32	0.08	0.09	93_R	[-66.7484   10.20196  17.2768 ]
-0.06	 -1.13	0.01	0.1	93_R	[-62.16808333  10.65416667  19.35041667]
-0.14	 -0.3	-0.08	0.18	93_R	[-65.69389655  12.3872069   17.09982759]
-0.16	 -0.74	0.09	0.19	93_R	[-63.10847368  12.38226316  18.39242105]
0.15	 0.73	0.15	-0.43	95_F	[-63.99909091   2.59072727  21.58318182]
0.08	 0.91	0.01	-0.3	95_F	[-65.1883913    4.51308696  21.47878261]
0.1	 1.32	0.13	-0.36	95_F	[-66.10963636   5.25681818  20.81945455]
0.0	 0.3	-0.06	-0.09	95_F	[-62.272375   3.9205    21.41575 ]
-0.16	 -0.38	-0.12	0.36	95_F	[-64.64213333   5.0018      21.7847    ]
0.11	 0.54	0.05	-0.26	95_F	[-67.16031818   4.35768182  17.21313636]
-0.1	 -0.23	1.18	0.46	95_F	[-66.91462963   5.38618519  20.02718519]
0.09	 0.32	0.05	-0.27	97_E	[-57.66409677  -6.46787097  20.54287097]
-0.12	 -0.12	-0.08	0.12	97_E	[-59.19668889  -4.74393333  22.54677778]
0.16	 1.14	0.18	-0.44	97_E	[-58.2448  -2.4349  23.2351]
0.1	 1.64	0.02	-0.33	99_K	[-53.14042857  -8.98442857  22.50328571]
0.07	 0.64	-0.19	-0.06	99_K	[-56.38381818  -7.11509091  23.34418182]
0.01	 -4.47	-0.01	-0.09	99_K	[-56.041       -9.5675      23.10216667]
0.11	 0.66	0.05	-0.24	99_K	[-53.18423529  -8.65094118  21.45117647]
0.15	 1.42	0.23	-0.47	99_K	[-53.49121429  -7.865       24.6175    ]
0.02	 0.38	-0.01	-0.12	99_K	[-55.93507407  -6.91059259  24.31033333]
-0.31	 -0.79	0.06	0.48	99_K	[-57.0708   -8.82588  22.80128]
-0.15	 -1.0	-0.01	0.21	99_K	[-55.54452381  -8.88390476  20.9127619 ]
-0.22	 -0.36	0.01	0.25	99_K	[-54.62355172  -9.64431034  23.50082759]
0.16	 1.48	0.27	-0.53	101_T	[-41.72890909  -3.41027273  25.53054545]
0.11	 1.1	0.88	-1.28	101_T	[-42.06957143  -4.69171429  26.36885714]
0.02	 0.09	-0.11	-0.06	101_T	[-41.80968  -4.83376  24.67024]
0.13	 1.13	0.17	-0.45	101_T	[-44.46952174  -8.0963913   24.55269565]
0.12	 1.02	-0.07	-0.18	101_T	[-42.02591667  -5.30516667  26.73333333]
-0.08	 -0.09	-0.29	0.22	101_T	[-42.24975   -6.838475  24.9105  ]
-0.01	 0.28	-0.22	0.02	101_T	[-43.65225     -8.28364286  26.19078571]
0.09	 1.0	0.06	-0.33	102_V	[-41.07246667  -3.59666667  27.08163333]
0.15	 1.46	0.14	-0.41	103_R	[-39.803375  -2.98475   26.4365  ]
0.08	 0.95	0.16	-0.43	103_R	[-35.97485714  -5.02571429  26.239     ]
0.09	 1.0	0.2	-0.45	103_R	[-32.86027273  -6.20168182  27.94704545]
0.03	 0.33	-0.01	-0.23	103_R	[-33.2874   -6.05872  26.39516]
0.05	 0.39	-0.1	-0.13	103_R	[-32.56776667  -6.3626      29.56616667]
0.03	 -0.03	-0.06	-0.08	103_R	[-38.34996552  -4.28286207  26.87006897]
0.13	 0.71	-0.1	-0.15	103_R	[-36.54771429  -5.34807143  26.626     ]
-0.1	 -0.42	-0.16	0.11	103_R	[-34.7082   -5.88245  25.79175]
-0.22	 -0.54	-0.12	0.33	103_R	[-32.96054545  -7.29015152  26.84145455]
0.16	 1.09	-0.04	-0.27	103_R	[-32.11463636  -5.64681818  31.221     ]
-0.13	 -0.41	-0.06	0.19	103_R	[-31.12534146  -6.01765854  28.78382927]
0.13	 1.14	-0.1	-0.14	104_D	[-38.12175   -0.05725   35.403875]
0.11	 0.39	-0.06	-0.15	104_D	[-38.15683333   0.9995      34.32191667]
-0.03	 0.06	-0.04	-0.04	104_D	[-36.50622222  -1.75541667  35.87975   ]
0.12	 1.08	-0.03	-0.24	105_C	[-33.79715385   3.30584615  32.96569231]
0.07	 0.62	0.01	-0.24	105_C	[-32.01842857   2.57497619  31.32938095]
0.01	 0.35	-0.13	0.02	105_C	[-35.30086667   4.90926667  31.46446667]
0.1	 0.86	-0.01	-0.2	105_C	[-37.06928571   5.39307143  30.00357143]
0.02	 -0.13	-0.06	-0.01	105_C	[-36.13917857   3.75907143  32.70503571]
-0.11	 -0.13	0.08	0.01	105_C	[-34.26710526   5.00936842  30.88263158]
0.07	 1.29	0.47	-0.82	106_N	[-31.9446   1.1992  35.3674]
0.14	 1.4	0.14	-0.38	106_N	[-32.66684  -0.56648  34.29284]
-0.19	 -0.53	-0.04	0.19	106_N	[-31.08289744  -0.3584359   34.99194872]
0.04	 0.79	0.0	-0.21	106_N	[-34.02448   0.31308  36.48028]
-0.08	 -0.17	-0.18	0.13	106_N	[-34.53594737   2.57342105  36.47436842]
-0.27	 -1.01	0.17	0.4	106_N	[-33.55711429   3.6822      36.01365714]
-0.07	 -0.07	-0.08	0.08	106_N	[-36.30112903   2.25067742  36.3606129 ]
-0.14	 0.11	-0.11	0.19	106_N	[-32.22788889   2.40744444  34.453     ]
-0.27	 -0.75	0.08	0.32	106_N	[-33.06522222   0.22077778  36.75155556]
-0.32	 -0.88	0.25	0.53	106_N	[-36.10388462   3.50526923  37.27492308]
-0.16	 -0.74	-0.04	0.24	106_N	[-36.90988889   1.00122222  36.80333333]
0.04	 1.48	0.04	-0.27	107_S	[-33.2594  -2.3668  34.5636]
0.12	 0.45	0.03	-0.24	107_S	[-30.1332      -2.6542      32.79166667]
-0.0	 0.26	-0.03	-0.14	107_S	[-31.13552381  -4.66161905  31.9842381 ]
0.07	 0.84	0.17	-0.24	107_S	[-33.62933333  -3.64566667  34.30966667]
-0.11	 0.2	-0.1	0.22	107_S	[-32.21506897  -3.20875862  34.38531034]
0.14	 0.88	0.08	-0.27	107_S	[-34.52758824  -3.11229412  34.46747059]
0.08	 1.0	-0.11	-0.11	108_F	[-29.06677778  -1.35722222  32.78488889]
0.0	 0.35	-0.11	-0.1	108_F	[-29.09769697   0.38387879  32.41918182]
0.17	 1.29	0.11	-0.37	108_F	[-30.16333333  -1.294       26.42783333]
0.09	 1.07	-0.01	-0.24	108_F	[-31.75761538  -2.00869231  25.38369231]
-0.12	 0.27	-0.12	0.04	108_F	[-30.17758824  -2.80994118  27.36538235]
0.01	 0.17	0.0	-0.12	108_F	[-32.42478947  -3.60994737  25.831     ]
0.12	 1.24	0.02	-0.24	109_P	[-28.38242857  -2.62528571  32.29114286]
0.06	 1.1	-0.02	-0.24	109_P	[-24.8242  -1.9676  32.4004]
-0.02	 -0.76	-0.09	0.03	109_P	[-24.1313  -0.71    30.8889]
-0.22	 -0.76	0.12	0.3	109_P	[-24.9693871    0.04783871  32.70148387]
-0.04	 -0.07	-0.07	0.06	109_P	[-24.52766667  -3.30086667  30.46893333]
-0.05	 -0.02	0.02	0.0	109_P	[-26.6042381   -4.73128571  29.6922381 ]
0.01	 0.4	-0.22	-0.11	109_P	[-28.5076875  -4.4428125  30.686    ]
-0.19	 -0.63	0.02	0.23	109_P	[-26.32920833  -1.99295833  33.048375  ]
-0.1	 -0.43	-0.05	0.14	109_P	[-24.990875    -2.33054167  28.99595833]
-0.21	 -0.74	0.13	0.38	109_P	[-24.28576  -3.41556  31.46424]
-0.24	 -0.73	0.14	0.41	109_P	[-26.50457692  -4.81946154  28.87276923]
-0.19	 -0.57	0.1	0.32	109_P	[-26.48092  -5.16624  31.62012]
-0.07	 -0.07	-0.18	-0.02	109_P	[-28.80484211  -3.66594737  28.73173684]
-0.1	 -0.23	-0.07	0.15	109_P	[-29.07705263  -4.39815789  31.59257895]
0.06	 0.52	-0.01	-0.16	110_G	[-24.655       -0.55242857  29.063     ]
-0.11	 0.14	-0.0	0.08	110_G	[-24.2386875   1.323      29.3345625]
0.03	 0.37	-0.08	-0.08	110_G	[-26.00046667   3.33066667  29.2196    ]
-0.17	 -0.7	-0.0	0.23	110_G	[-26.68930769   3.27765385  31.80053846]
0.08	 1.4	0.05	-0.35	110_G	[-25.026       -1.00514286  28.52385714]
-0.19	 -0.74	0.11	0.36	110_G	[-24.01016667   1.65555556  30.53488889]
-0.07	 -0.59	0.02	0.16	110_G	[-24.86954545   1.90636364  28.13663636]
0.18	 1.22	0.46	-0.67	111_G	[-26.775375   3.267     28.16025 ]
0.15	 1.1	0.13	-0.43	111_G	[-30.658        3.47678571  29.9135    ]
0.12	 1.29	0.03	-0.26	111_G	[-28.68704545   4.80754545  29.73022727]
-0.23	 -0.94	0.06	0.31	111_G	[-28.50681481   5.57585185  31.21940741]
-0.0	 -0.34	-0.21	-0.03	111_G	[-29.75791304   2.75534783  31.2463913 ]
0.14	 0.81	0.03	-0.24	112_A	[-26.9744       4.6388      27.79593333]
0.05	 0.84	0.03	-0.25	112_A	[-26.70183333   5.75683333  28.563     ]
0.1	 1.14	-0.05	-0.24	112_A	[-29.97177778   7.37255556  30.42377778]
0.07	 0.61	-0.04	-0.18	112_A	[-31.1735625   6.175375   29.7045625]
-0.04	 0.1	-0.1	0.03	112_A	[-27.01964706   7.46376471  25.71770588]
-0.11	 -0.12	0.04	0.03	112_A	[-27.13190909   7.28513636  29.39959091]
-0.09	 -0.34	0.11	0.05	112_A	[-27.93104167   8.84954167  26.64233333]
-0.14	 -0.27	-0.02	0.14	112_A	[-26.47848   6.03076  26.18644]
0.05	 0.39	0.06	-0.36	113_S	[-28.9797    8.9244   29.29985]
0.05	 0.39	0.19	-0.46	113_S	[-31.1897   9.1232  30.5275]
0.08	 1.05	-0.02	-0.25	113_S	[-31.327375     9.98991667  27.83454167]
-0.13	 -0.51	-0.13	0.22	113_S	[-33.01458974  10.96676923  28.06420513]
-0.08	 -0.12	0.11	-0.2	113_S	[-29.6573125  10.5025     31.297375 ]
-0.17	 -0.54	-0.04	0.26	113_S	[-29.77880769  11.90753846  28.91715385]
-0.19	 -0.42	-0.15	0.23	113_S	[-28.02726316   9.48        29.09742105]
-0.12	 -0.35	0.03	0.16	113_S	[-31.96390476   8.48038095  30.25990476]
-0.22	 -0.63	0.12	0.36	113_S	[-31.56025  10.996    31.15765]
-0.27	 -0.88	0.12	0.51	113_S	[-28.86390476  10.15157143  31.42128571]
-0.28	 -0.94	0.26	0.47	113_S	[-29.40496552  12.66665517  30.39275862]
0.15	 1.5	0.3	-0.54	114_S	[-29.748875   9.671     26.7785  ]
0.08	 1.21	0.18	-0.36	114_S	[-31.44483333  10.80666667  26.33433333]
0.2	 1.48	0.31	-0.56	114_S	[-33.8472381    8.48038095  23.31233333]
-0.02	 0.97	-0.04	-0.05	114_S	[-31.22328571  10.49728571  23.864     ]
-0.02	 0.2	0.03	-0.22	114_S	[-32.793625   10.774      25.5093125]
-0.03	 0.17	-0.23	-0.03	114_S	[-32.397        9.73491304  23.31821739]
-0.16	 -0.76	-0.02	0.24	114_S	[-30.04971429  10.44809524  25.25947619]
0.12	 1.26	0.03	-0.26	114_S	[-28.63986364   8.29877273  24.04745455]
-0.04	 -0.22	-0.03	0.04	115_C	[-35.46385366   7.94421951  28.887     ]
0.15	 1.68	0.26	-0.51	115_C	[-32.20552381   4.42452381  29.16014286]
0.04	 0.49	-0.13	-0.11	115_C	[-33.25217391   6.08143478  29.54808696]
-0.05	 1.48	-0.03	-0.07	116_K	[-38.932        9.52072727  27.252     ]
-0.1	 -0.05	-0.17	0.14	116_K	[-38.01773333  12.0156      25.30953333]
0.01	 1.26	-0.04	-0.18	116_K	[-35.85233333  11.793       25.12      ]
0.0	 0.53	0.03	-0.16	116_K	[-38.29347619   7.23557143  28.46052381]
0.17	 1.21	0.33	-0.59	116_K	[-40.53453333   8.2492      26.1736    ]
-0.04	 -0.63	-0.2	0.14	116_K	[-39.98530435   9.92643478  26.0063913 ]
-0.03	 -0.81	-0.05	0.07	116_K	[-37.39741176   9.95041176  27.67282353]
-0.05	 0.05	-0.02	0.03	116_K	[-37.71564706  11.504       23.52982353]
-0.28	 -0.93	0.26	0.48	116_K	[-37.89255  12.36645  26.27455]
-0.29	 -0.57	0.1	0.34	116_K	[-35.41503846  12.30757692  25.02611538]
0.02	 0.06	-0.02	-0.1	116_K	[-35.30310526  10.81589474  27.06742105]
-0.0	 0.65	-0.0	-0.19	116_K	[-35.12195652  10.35017391  23.79934783]
0.07	 1.83	0.19	-0.44	117_E	[-39.46814286   6.17671429  29.09057143]
0.15	 1.36	0.3	-0.54	117_E	[-43.44536364   5.16563636  28.82654545]
0.08	 1.26	0.03	-0.24	117_E	[-42.533        5.14008333  29.71816667]
0.1	 2.0	0.17	-0.42	117_E	[-39.24183333   5.37683333  30.0225    ]
0.02	 0.2	0.02	-0.16	117_E	[-39.17235   4.31485  32.0026 ]
-0.2	 -0.52	0.05	0.22	117_E	[-41.08437838   4.34472973  32.36918919]
0.06	 0.51	-0.07	-0.13	117_E	[-38.62488462   2.4935      33.15346154]
-0.02	 -0.18	-0.14	0.01	117_E	[-40.32796154   7.35419231  28.09642308]
-0.16	 -0.91	-0.15	0.24	117_E	[-41.51019048   6.04928571  29.93019048]
0.12	 0.67	-0.14	-0.14	117_E	[-42.59954545   3.83        30.50545455]
0.1	 1.76	0.09	-0.3	117_E	[-38.60441667   5.44833333  29.52883333]
0.04	 0.57	-0.05	-0.25	118_T	[-42.25930769   8.79784615  26.09723077]
-0.04	 -0.32	-0.05	0.01	118_T	[-44.2167       7.51733333  28.65473333]
0.02	 0.06	-0.1	-0.05	118_T	[-43.61858824   9.83055882  25.22394118]
-0.08	 -0.17	0.05	0.05	118_T	[-45.3079    9.08955  27.76695]
0.1	 0.56	0.04	-0.34	118_T	[-44.67709091   6.15554545  28.83918182]
-0.03	 0.14	-0.02	0.05	118_T	[-42.47504762   7.87214286  27.89371429]
0.24	 1.42	0.13	-0.41	120_N	[-44.87035294  10.74064706  22.72423529]
0.11	 0.54	0.09	-0.3	120_N	[-44.29895  12.10055  19.58095]
-0.05	 -0.01	-0.1	-0.01	120_N	[-43.3173913   11.41486957  21.58056522]
0.14	 0.73	0.05	-0.22	122_Y	[-46.83263636  13.80036364  13.42545455]
0.11	 1.06	0.21	-0.47	122_Y	[-45.3675    13.261125  14.666   ]
-0.03	 -0.07	-0.17	0.02	122_Y	[-44.78553846  13.40692308  16.80165385]
-0.08	 -0.89	-0.07	0.07	122_Y	[-47.90286667  14.87873333  14.3892    ]
-0.14	 -0.37	0.05	0.23	122_Y	[-46.04223333  14.77823333  16.25553333]
0.12	 0.49	-0.12	-0.15	123_Y	[-56.411       12.75707692  10.19646154]
0.11	 0.77	0.02	-0.31	123_Y	[-55.4259375  13.3788125  11.291625 ]
-0.08	 -0.29	-0.01	0.06	123_Y	[-58.12163636  13.67590909  11.94593939]
0.1	 0.55	-0.03	-0.17	123_Y	[-55.83406897  13.25072414  15.01655172]
-0.15	 -0.83	-0.11	0.23	123_Y	[-57.35925     14.47979167  13.569125  ]
0.1	 0.81	0.01	-0.23	124_A	[-50.9675625  10.964       6.244875 ]
0.17	 0.82	0.09	-0.35	124_A	[-53.8111875   12.75659375   9.59575   ]
0.02	 0.51	1.08	0.11	124_A	[-52.44180952  11.81040476   6.01964286]
0.15	 1.17	0.44	-0.69	124_A	[-50.9677   9.7137   6.269 ]
-0.01	 0.2	-0.13	0.03	125_E	[-54.60644231  12.32171154   4.24753846]
0.13	 1.32	0.21	-0.47	125_E	[-59.3159  13.5991   6.605 ]
-0.11	 0.03	-0.15	0.02	125_E	[-59.80268293  13.49712195   9.06026829]
0.03	 0.03	-0.02	-0.09	125_E	[-55.34556522  12.73621739   7.69978261]
0.03	 -0.11	0.01	-0.09	125_E	[-57.51955  13.51545   6.62565]
0.14	 0.92	0.21	-0.4	125_E	[-57.64121429  12.8525       9.26142857]
0.08	 0.76	0.02	-0.23	126_S	[-53.78766667  10.325        3.42166667]
0.12	 1.48	0.29	-0.56	126_S	[-53.2399  10.7175   2.8785]
0.11	 0.41	0.08	-0.25	126_S	[-55.88085185  12.53611111   1.932     ]
0.18	 1.58	0.3	-0.54	126_S	[-53.7313125   9.71525     4.0724375]
0.11	 1.22	0.31	-0.56	126_S	[-52.7408125   9.7746875   2.9281875]
0.1	 1.8	0.18	-0.46	127_D	[-57.761    9.2706  -3.3086]
-0.08	 0.42	-0.04	0.04	127_D	[-58.75292   7.6214   -2.607  ]
0.01	 0.04	-0.01	-0.14	127_D	[-58.319375  11.85025   -3.214125]
-0.04	 0.01	0.04	-0.1	127_D	[-60.0682381   12.15033333  -1.48661905]
0.03	 0.27	0.03	-0.09	127_D	[-61.1256   12.41585   0.0962 ]
-0.22	 -0.63	0.06	0.27	127_D	[-59.73521429  13.82292857  -1.77775   ]
0.1	 0.31	-0.08	-0.16	127_D	[-56.28777273  12.32013636  -0.1175    ]
-0.05	 -0.03	-0.23	0.18	127_D	[-56.88559259  12.28848148  -2.22111111]
-0.13	 -0.17	0.01	0.15	127_D	[-59.27096  10.37904  -2.90428]
0.02	 -0.42	-0.18	-0.01	128_L	[-54.8125       6.80833333  -4.51633333]
0.07	 0.6	-0.09	0.07	128_L	[-55.85983333  10.4625      -4.7215    ]
0.13	 1.86	-0.04	-0.25	128_L	[-53.8168   11.3905   -3.36345]
-0.11	 -0.3	0.04	0.08	128_L	[-54.27511111   9.43997222  -6.31786111]
0.18	 0.69	0.02	-0.22	128_L	[-56.59561538   6.22761538  -2.77523077]
0.07	 -0.32	-0.04	-0.09	128_L	[-53.7577   6.9736  -4.4373]
-0.18	 -0.52	0.06	0.18	128_L	[-56.33804762   7.713       -4.56461905]
-0.08	 0.36	-0.11	-0.02	128_L	[-56.5413913   10.45986957  -4.29856522]
-0.15	 -0.41	-0.18	0.19	128_L	[-53.80085714  12.01882143  -3.90228571]
0.12	 1.38	0.03	-0.24	128_L	[-52.04593333   9.29166667  -3.90773333]
-0.19	 -1.12	0.25	0.35	128_L	[-54.29943478  11.29834783  -6.12695652]
-0.23	 -0.81	-0.08	0.38	128_L	[-53.02245   8.7507   -5.7629 ]
-0.24	 -1.19	0.16	0.46	128_L	[-55.74572727   8.98222727  -6.53754545]
-0.07	 -0.07	-0.03	0.02	129_D	[-51.25051163   5.90986047  -3.67283721]
-0.02	 -1.54	-0.11	0.02	129_D	[-53.578125   2.903875  -2.650875]
-0.01	 0.54	-0.03	-0.18	129_D	[-50.73033333   2.4472      -1.53926667]
0.13	 1.27	0.04	-0.2	129_D	[-50.44095455   2.6435       0.641     ]
-0.22	 -0.52	-0.03	0.35	129_D	[-52.326375   1.258575  -0.620025]
0.02	 0.36	0.01	-0.04	129_D	[-54.69626923   5.15411538  -3.0935    ]
0.04	 0.32	-0.06	-0.04	129_D	[-54.65358824   2.94041176  -1.80282353]
-0.2	 -0.59	0.16	0.21	129_D	[-52.30647368   3.42831579  -3.16373684]
0.12	 0.33	-0.11	-0.1	130_Y	[-48.67933333   5.63566667  -3.21177778]
0.02	 0.73	0.05	-0.2	130_Y	[-46.64540741   6.52474074  -3.03911111]
0.13	 1.48	0.11	-0.39	130_Y	[-47.87409091   9.33127273   0.469     ]
-0.01	 0.26	-0.16	-0.11	130_Y	[-48.23138462  10.19        -0.45023077]
0.0	 0.2	-0.02	-0.25	130_Y	[-49.432   10.7104   1.5083]
-0.08	 -0.04	-0.12	0.04	130_Y	[-49.04407692  11.11707692  -1.83269231]
0.11	 1.21	0.23	-0.43	130_Y	[-50.09917647  11.54205882   1.05682353]
-0.15	 -1.04	-0.03	0.23	130_Y	[-50.1115      12.28392857  -1.76585714]
-0.01	 0.29	-0.18	-0.12	130_Y	[-50.40191667  12.67025     -0.08725   ]
-0.16	 -0.46	-0.21	0.2	130_Y	[-53.0015      13.1243       0.46423333]
0.06	 0.89	-0.04	-0.08	130_Y	[-49.23892308   7.75215385  -3.30515385]
0.02	 0.16	-0.17	0.03	130_Y	[-49.64586957   9.3223913    2.21095652]
-0.06	 0.28	0.06	0.05	130_Y	[-49.9153913    9.53421739  -3.25073913]
0.02	 0.43	0.95	0.27	130_Y	[-52.09316667  11.43154762   2.53821429]
-0.07	 -0.56	0.12	0.12	130_Y	[-51.14407143  11.72585714  -3.26742857]
-0.09	 -0.27	0.05	0.14	130_Y	[-53.18226471  13.10011765  -1.44014706]
-0.03	 -0.04	-0.03	-0.1	131_G	[-48.45072727   3.14918182  -2.34504545]
0.08	 0.67	0.1	0.12	131_G	[-45.8668       2.41366667  -0.49386667]
-0.13	 -0.18	-0.12	0.19	131_G	[-48.78744   2.3066   -0.98872]
-0.18	 -0.69	0.07	0.28	131_G	[-47.51663636   3.53945455  -3.11736364]
0.12	 1.49	0.08	-0.31	132_T	[-42.34761538   6.06776923  -1.38284615]
-0.1	 -0.11	-0.03	0.1	132_T	[-41.73242857   5.56667857   0.78132143]
0.07	 1.22	0.21	-0.48	132_T	[-41.606125   4.472875  -1.88825 ]
-0.07	 -0.25	-0.05	0.02	132_T	[-43.26284375   4.88878125  -3.28971875]
-0.14	 -1.06	-0.02	0.21	132_T	[-43.00862963   1.2982963   -2.04314815]
0.01	 0.45	-0.2	0.02	132_T	[-45.3185     3.907625  -3.167625]
0.15	 1.81	0.16	-0.42	132_T	[-44.88823077   2.69061538   0.64969231]
-0.11	 0.11	0.04	0.08	132_T	[-41.65584615   3.61380769  -0.51323077]
-0.22	 -0.98	0.14	0.4	132_T	[-41.88544444   3.82433333  -3.74477778]
-0.25	 -1.03	0.26	0.46	132_T	[-41.57965   1.6439   -2.76365]
-0.18	 -0.58	0.13	0.28	132_T	[-43.02286957   1.41713043  -0.3926087 ]
-0.18	 -1.12	-0.02	0.33	132_T	[-44.65195455   1.72863636  -2.56331818]
0.06	 1.36	0.57	-0.88	133_N	[-43.3034   9.4146   0.1744]
0.14	 1.42	0.39	-0.65	133_N	[-45.622625   9.563625   1.579125]
0.04	 0.83	-0.15	-0.14	133_N	[-46.78282609   8.65226087   1.7813913 ]
0.06	 1.47	0.05	-0.28	133_N	[-43.82042857   9.83571429  -0.315     ]
0.0	 1.18	-0.02	-0.08	133_N	[-44.26683333   8.88195833  -2.51020833]
-0.27	 -0.85	-0.01	0.42	133_N	[-42.88744118   8.55238235  -2.84826471]
-0.12	 -0.23	-0.08	0.19	133_N	[-46.05509091   9.66868182  -3.57009091]
0.19	 1.51	0.35	-0.59	133_N	[-44.9081   6.4254  -2.4851]
-0.02	 0.26	-0.18	0.03	133_N	[-42.54790909   8.35772727  -0.52590909]
-0.11	 0.11	-0.47	0.24	133_N	[-4.53401190e+01  1.03539524e+01  3.27619048e-02]
-0.3	 -0.99	0.25	0.52	133_N	[-45.1458    9.82636  -4.46056]
-0.06	 -0.05	-0.06	-0.03	133_N	[-47.26260714   9.86317857  -2.74046429]
0.08	 1.29	-0.08	-0.2	134_F	[-43.6822   9.9236   1.1354]
0.14	 0.91	-0.02	-0.23	134_F	[-43.46413333  10.66493333   2.12073333]
-0.09	 0.27	-0.12	0.01	134_F	[-41.310525  10.288025   4.224825]
-0.04	 -0.14	0.02	0.01	134_F	[-42.49533333   8.89652381   1.50957143]
0.13	 1.16	-0.01	-0.27	134_F	[-46.19175     8.926875    3.8528125]
0.06	 0.55	-0.08	-0.16	134_F	[-41.45796667   7.34886667   4.00363333]
0.2	 1.37	0.36	-0.6	134_F	[-46.67385714   7.97821429   5.0105    ]
-0.15	 -0.74	-0.16	0.15	135_Q	[-44.78857143  13.371        2.21157143]
0.05	 -0.1	-0.12	-0.03	135_Q	[-41.9061  14.2863   3.9632]
0.01	 -0.32	-0.04	-0.07	135_Q	[-41.851       15.22644828   6.57058621]
-0.05	 -0.2	-0.03	0.06	135_Q	[-41.7895625  16.43875     3.2458125]
0.05	 0.43	-0.12	-0.14	135_Q	[-45.92514815  10.87007407   3.33577778]
0.09	 1.12	-0.03	-0.23	135_Q	[-42.0636875  12.6035625   4.7338125]
-0.14	 -0.5	-0.09	0.21	135_Q	[-43.48357692  13.20265385   2.44453846]
0.02	 0.23	-0.08	0.0	135_Q	[-46.02976471  13.25576471   2.53482353]
-0.03	 0.43	0.02	-0.11	135_Q	[-45.46876471  15.89317647   3.26529412]
-0.16	 -0.64	0.0	0.26	135_Q	[-42.99647826  17.00430435   2.8443913 ]
-0.2	 -0.75	0.05	0.32	135_Q	[-41.16763333  16.89143333   4.63676667]
0.1	 1.14	-0.04	-0.25	136_K	[-44.73475   14.5005    10.370125]
0.13	 0.91	-0.01	-0.2	136_K	[-46.05155556  14.08255556  10.87377778]
0.11	 1.25	0.24	-0.49	136_K	[-44.08573333  13.40306667  10.8838    ]
0.03	 -0.07	0.04	-0.15	136_K	[-40.0205      13.44964286   8.23878571]
0.1	 1.14	0.01	-0.26	136_K	[-41.683625  14.732125  10.757   ]
0.02	 -3.84	0.08	-0.23	136_K	[-40.053       15.16066667  11.85033333]
-0.01	 0.45	-0.23	-0.03	136_K	[-43.25573333  14.799       10.04026667]
0.15	 0.75	0.03	-0.25	136_K	[-41.15770833  11.84941667   6.95229167]
-0.08	 0.18	-0.04	-0.06	136_K	[-39.14077778  12.1455       9.91011111]
-0.13	 -0.02	-0.14	0.09	136_K	[-41.12156  14.7564    8.69952]
-0.01	 0.04	-0.01	-0.11	136_K	[-42.66438462  13.94692308  11.77746154]
-0.26	 -0.5	0.09	0.32	136_K	[-41.0483913  14.8233913  12.75     ]
0.0	 0.39	0.04	-0.12	136_K	[-39.03127778  13.71788889  12.55938889]
-0.24	 -0.91	0.08	0.36	136_K	[-39.46058333  15.12879167  10.69654167]
-0.09	 -0.27	-0.03	0.13	137_R	[-48.37757143  17.42114286   8.59948571]
-0.12	 0.37	-0.1	0.13	137_R	[-44.349       18.24516667   9.51416667]
0.02	 0.26	-0.18	0.07	137_R	[-45.89233333  18.999        7.053     ]
-0.01	 0.49	0.04	-0.13	137_R	[-43.6787   19.7867    7.59415]
-0.22	 -0.81	0.05	0.3	137_R	[-43.49339216  19.60072549   4.55296078]
-0.13	 -0.7	-0.06	0.08	137_R	[-45.90789474  16.18368421  10.26894737]
-0.14	 -0.7	0.02	0.11	137_R	[-45.82577273  18.69040909   8.90181818]
-0.11	 0.08	0.08	0.04	137_R	[-43.30023077  16.96111538   8.83773077]
0.03	 0.42	-0.1	-0.06	137_R	[-46.34293333  17.84506667   5.60183333]
-0.25	 -0.77	0.1	0.36	137_R	[-44.77817391  20.27165217   7.41117391]
-0.19	 -0.75	0.05	0.27	137_R	[-42.32117391  18.75882609   7.32169565]
0.09	 0.47	0.14	-0.32	138_L	[-50.46691667  15.4735       9.13858333]
-0.12	 -0.39	-0.23	0.17	138_L	[-51.88635714  14.53189286   8.13425   ]
0.1	 1.26	0.05	-0.34	138_L	[-49.5626875  12.3813125   5.544875 ]
0.21	 1.21	0.46	-0.68	138_L	[-47.31783333  15.5655       3.15633333]
0.04	 1.01	-0.01	-0.21	138_L	[-49.46767391  13.05006522   2.37476087]
-0.06	 -0.01	0.0	0.04	138_L	[-49.41402941  16.84435294   3.72594118]
0.01	 0.58	-0.05	0.01	138_L	[-50.20258333  16.36316667   6.6925    ]
0.14	 1.05	0.27	-0.52	138_L	[-48.84563636  12.31745455   5.11445455]
0.04	 0.5	-0.02	-0.23	138_L	[-50.7241   13.1667    5.60245]
-0.26	 -0.75	-0.14	0.31	138_L	[-48.66636  14.27664   1.5988 ]
-0.14	 0.09	-0.6	0.24	138_L	[-48.39785714  12.02603571   3.10114286]
-0.12	 -0.06	-0.43	0.15	138_L	[-50.724       13.47176923   3.25342308]
-0.29	 -0.82	-0.0	0.45	138_L	[-48.72059091  16.70227273   2.53954545]
-0.14	 -1.3	0.11	0.34	138_L	[-51.02109524  15.96514286   4.35809524]
-0.12	 -0.41	-0.05	0.2	138_L	[-48.9420625  17.57375     5.2884375]
0.2	 1.42	0.04	-0.32	139_F	[-50.637625  15.403625  10.490875]
-0.06	 0.18	-0.03	-0.06	139_F	[-48.62262857  15.3548      11.68368571]
0.06	 0.54	-0.09	-0.24	139_F	[-49.28466667  10.04543333   6.09306667]
0.11	 1.1	0.65	-1.06	139_F	[-49.2166   8.5094   5.9564]
0.04	 -0.44	-0.05	-0.1	139_F	[-47.59936842   9.79926316   5.48978947]
0.19	 1.17	0.06	-0.26	139_F	[-48.802        7.84270588   5.74411765]
0.0	 0.2	0.06	-0.14	140_T	[-52.95643182  15.31565909  11.087     ]
-0.1	 -0.52	-0.02	0.13	140_T	[-53.82695652  16.51382609  14.65186957]
0.04	 0.51	-0.06	-0.12	140_T	[-50.48843478  15.98113043  13.31430435]
-0.23	 -0.71	-0.02	0.36	140_T	[-54.74684  15.79756  11.52976]
-0.14	 -0.91	0.05	0.26	140_T	[-55.04257143  16.21057143  14.0737619 ]
0.1	 -0.23	-0.01	-0.11	140_T	[-53.81030769  15.14976923  15.73007692]
-0.21	 -0.79	0.18	0.44	140_T	[-52.42094737  17.22389474  14.18352632]
-0.07	 0.14	-0.03	-0.01	141_K	[-53.29138462  14.16789744  17.74248718]
0.07	 0.37	-0.08	-0.1	141_K	[-49.29716667  15.3575      17.173     ]
0.08	 0.63	0.03	-0.29	141_K	[-50.2735  14.043   19.788 ]
0.03	 0.83	-0.05	-0.18	141_K	[-47.9629375  14.6145     19.451375 ]
0.11	 1.26	-0.27	0.12	141_K	[-48.62833333  14.12366667  21.82633333]
-0.0	 0.93	-0.05	-0.04	141_K	[-46.64157143  13.558       22.621     ]
0.04	 0.35	0.02	-0.09	141_K	[-50.70657143  15.57980952  15.69247619]
0.08	 0.16	0.03	-0.16	141_K	[-48.43035714  14.98192857  16.77042857]
-0.22	 -0.22	-0.03	0.21	141_K	[-50.6830625  15.2455     18.066875 ]
0.1	 2.83	0.06	-0.22	141_K	[-50.94926667  13.48726667  19.8508    ]
0.08	 0.55	-0.05	-0.14	141_K	[-46.3558125  13.763625   19.1141875]
-0.16	 -0.49	0.02	0.24	141_K	[-48.70796  15.08064  19.79548]
0.01	 -0.03	0.03	-0.01	141_K	[-49.63770833  13.14304167  22.22375   ]
-0.05	 -0.22	-0.11	0.03	141_K	[-47.3506  13.4195  23.1778]
-0.02	 0.49	-0.13	-0.03	141_K	[-45.4146875  12.857      21.444375 ]
-0.28	 -1.36	0.17	0.28	141_K	[-46.94490909  14.518       21.86872727]
0.13	 2.05	0.13	-0.4	142_I	[-52.4985   12.93175  20.05325]
-0.17	 -0.64	0.0	0.25	142_I	[-54.43875758  12.45951515  20.78984848]
0.07	 0.83	0.04	-0.24	142_I	[-56.5446875   9.7674375  19.8638125]
0.07	 0.19	-0.03	-0.11	142_I	[-54.98566667  12.29238889  17.53433333]
0.19	 1.44	0.24	-0.49	142_I	[-55.97210526  11.41836842  16.37342105]
0.1	 1.26	-0.16	-0.08	142_I	[-55.664375   9.977625  20.640875]
-0.08	 -0.42	-0.28	0.1	142_I	[-56.94015789  10.68184211  18.34415789]
-0.02	 0.7	-0.03	-0.01	143_D	[-53.77164706  10.83052941  24.26947059]
-0.13	 -0.18	0.05	0.14	143_D	[-52.06184211  11.70578947  24.55786842]
-0.11	 0.06	0.02	0.13	143_D	[-53.99422222   9.43840741  25.42655556]
0.09	 0.58	-0.03	-0.11	143_D	[-51.813       12.57985714  21.73107143]
0.2	 1.23	0.04	-0.28	143_D	[-54.91383333  10.25925     21.91633333]
0.04	 0.31	-0.08	-0.1	144_T	[-50.23614286   8.25146429  26.02253571]
0.1	 1.26	0.35	-0.68	144_T	[-48.669625  11.592125  25.307   ]
-0.12	 -1.34	-0.03	0.16	144_T	[-48.11286667  12.4204      24.52613333]
0.0	 0.61	-0.28	0.02	144_T	[-47.35033333   9.05811111  26.93955556]
0.14	 0.38	-0.06	-0.14	144_T	[-50.0777  11.9784  23.9124]
-0.13	 0.18	-0.04	0.19	144_T	[-49.3064   10.7647   25.81555]
-0.05	 -0.52	-0.06	0.06	144_T	[-45.929      11.8683913  24.3203913]
-0.19	 -0.39	0.11	0.11	144_T	[-46.449625   10.8176875  26.3666875]
0.14	 1.19	0.2	-0.48	144_T	[-48.14764286   8.53464286  26.43157143]
0.09	 1.07	0.08	-0.37	146_A	[-48.7446   3.9998  30.    ]
0.1	 0.57	-0.07	-0.19	146_A	[-50.04721053   3.75257895  29.20863158]
-0.08	 -0.29	-0.06	0.1	146_A	[-48.00240625   6.352875    29.504     ]
0.08	 0.74	0.04	-0.31	146_A	[-50.438        5.43405556  27.25225   ]
-0.11	 -0.56	-0.06	0.29	146_A	[-46.6191875   5.8229375  30.1995625]
-0.0	 0.7	-0.07	-0.02	146_A	[-47.38161905   7.62042857  28.21166667]
-0.21	 -1.35	0.27	0.41	146_A	[-49.20673684   6.28142105  29.36421053]
0.14	 0.98	0.13	-0.37	147_P	[-48.79173333   2.95626667  30.91086667]
-0.11	 0.12	-0.06	0.09	147_P	[-46.96009091   2.63509091  32.00151515]
0.15	 -0.01	-0.01	-0.17	147_P	[-44.31858824   2.53670588  31.10094118]
0.12	 -0.11	0.0	-0.21	147_P	[-44.8535       4.31433333  29.82345833]
0.02	 0.87	0.22	-0.51	148_D	[-49.873     0.823    34.21825]
-0.1	 -0.12	0.0	0.11	148_D	[-47.80120755  -0.14243396  34.62760377]
0.07	 -1.08	-0.05	-0.2	148_D	[-51.349       -0.90266667  33.43758333]
-0.22	 -1.47	-0.03	0.22	148_D	[-52.41766667   1.1715      33.63766667]
-0.29	 -0.66	0.09	0.36	148_D	[-53.50173684  -0.05665789  31.70563158]
-0.14	 -0.48	0.04	0.18	148_D	[-51.74016129   2.56522581  31.79416129]
-0.06	 -0.24	-0.01	0.07	148_D	[-49.59334783   2.05043478  33.25847826]
0.11	 0.47	-0.0	-0.18	148_D	[-51.293       -1.61013043  31.19704348]
-0.23	 -0.84	-0.02	0.29	148_D	[-51.11978947  -0.94194737  34.25668421]
0.13	 1.5	0.4	-0.68	149_E	[-45.89825   -3.458875  34.195   ]
0.14	 1.1	0.13	-0.37	149_E	[-46.29283333  -4.23433333  34.18566667]
-0.02	 0.6	-0.0	-0.09	149_E	[-49.23958333  -3.96741667  35.2295    ]
-0.23	 -0.97	-0.05	0.24	149_E	[-50.21875     -5.92366667  34.45708333]
-0.09	 -0.15	-0.09	0.14	149_E	[-49.965825  -6.299625  31.9433  ]
-0.16	 -0.46	-0.01	0.22	149_E	[-48.456       -7.25624324  35.21724324]
-0.05	 -0.01	-0.27	0.08	149_E	[-46.49353333  -2.50533333  34.90813333]
-0.13	 -0.65	0.06	0.13	149_E	[-47.73380952  -4.27280952  35.39452381]
0.01	 0.37	-0.06	-0.08	149_E	[-49.93118519  -3.34825926  33.53851852]
0.17	 1.5	0.25	-0.51	150_I	[-45.005125  -0.54875   33.3275  ]
0.11	 1.16	0.0	-0.24	150_I	[-43.38919048  -3.84442857  34.68438095]
0.11	 0.47	0.0	-0.13	150_I	[-42.10866667   0.182       34.542     ]
0.07	 0.45	-0.02	-0.12	150_I	[-42.97284615   1.76846154  32.44107692]
-0.0	 0.1	-0.17	0.03	150_I	[-41.07866667  -1.4355      35.33866667]
-0.15	 -0.16	-0.09	0.07	150_I	[-44.6924  -2.0382  34.6045]
-0.13	 -0.19	0.13	-0.0	150_I	[-43.46626087  -0.55426087  34.45695652]
0.09	 0.52	-0.06	-0.18	150_I	[-44.5543    0.82205  32.3957 ]
-0.12	 0.16	0.04	0.08	150_I	[-41.62581818   1.65368182  33.4875    ]
0.03	 0.44	0.01	-0.07	150_I	[-40.19756667  -0.2718      34.7405    ]
0.04	 0.35	-0.03	-0.15	150_I	[-41.96925  -2.116    35.101  ]
0.05	 0.26	-0.13	0.04	151_T	[-40.46333333  -5.57166667  28.495     ]
0.07	 0.87	-0.02	-0.23	151_T	[-40.07807143  -8.49360714  29.92739286]
0.17	 1.32	0.25	-0.5	151_T	[-40.1358125  -4.9050625  28.394875 ]
0.1	 0.75	-0.05	-0.23	151_T	[-41.94520513  -6.75223077  28.28841026]
-0.11	 -0.34	-0.23	0.17	151_T	[-39.69544444  -7.00692593  28.38518519]
0.08	 0.73	-0.07	0.07	152_V	[-38.29666667  -5.014       37.44233333]
-0.08	 -0.41	-0.2	0.09	152_V	[-40.23346154  -3.30619231  36.49692308]
0.09	 1.02	0.04	-0.32	152_V	[-39.27669231  -7.41030769  37.24161538]
0.0	 0.1	0.04	-0.04	152_V	[-37.42704762  -4.80461905  36.88866667]
-0.26	 -1.42	0.2	0.51	152_V	[-40.03926316  -4.01994737  37.58152632]
0.04	 1.18	-0.1	-0.15	152_V	[-39.1485   -2.02075  35.971  ]
0.15	 1.4	0.07	-0.34	152_V	[-41.73838462  -4.21753846  35.76476923]
-0.12	 -0.64	-0.18	0.19	152_V	[-39.989625    -6.4834375   37.67359375]
0.12	 0.86	-0.09	-0.16	153_S	[-33.76923077  -9.17430769  35.08484615]
0.03	 0.05	-0.01	-0.1	153_S	[-34.0961   -9.8996   33.54525]
0.01	 0.66	-0.03	-0.3	153_S	[-32.76938095  -5.93109524  34.31242857]
-0.3	 -0.5	-0.14	0.26	153_S	[-33.84890625  -7.2923125   36.40596875]
0.12	 0.34	-0.04	-0.16	153_S	[-35.60068421  -4.81073684  35.46231579]
0.3	 1.5	0.4	-0.62	153_S	[-34.08458333  -7.15541667  31.89175   ]
-0.18	 -0.4	-0.14	0.28	153_S	[-32.5953      -7.47        33.36726667]
0.07	 1.04	0.03	-0.3	153_S	[-33.16716667  -4.96983333  34.31716667]
-0.39	 -0.99	0.23	0.53	153_S	[-32.32952  -6.3318   36.16704]
0.11	 0.63	0.5	-0.86	154_S	[-34.71683333  -8.894       36.7755    ]
0.02	 0.0	0.04	0.24	154_S	[-34.7985      -9.58233333  36.75116667]
0.1	 0.79	-0.04	-0.2	154_S	[-38.96292857 -11.46235714  36.09728571]
0.07	 0.86	-0.06	-0.24	154_S	[-38.05357143 -12.57204762  36.4682381 ]
-0.12	 -0.01	0.01	-0.04	154_S	[-36.8124     -10.748       38.33473333]
0.04	 0.47	-0.09	-0.13	154_S	[-39.11389286  -9.60614286  37.40164286]
0.15	 0.62	0.08	-0.27	154_S	[-36.34038462  -7.19061538  36.82315385]
-0.0	 0.13	0.15	-0.29	154_S	[-34.86692308 -10.95273077  36.32892308]
-0.14	 -0.14	-0.08	0.29	154_S	[-36.96503333 -11.70836667  38.06393333]
-0.15	 -0.11	0.09	0.28	154_S	[-36.08714815  -8.88296296  38.32474074]
-0.3	 -0.67	0.16	0.33	154_S	[-38.82221429  -8.96846429  38.75835714]
0.13	 2.12	0.12	-0.36	155_D	[-38.82257895 -10.46810526  30.97042105]
0.1	 1.04	-0.24	0.14	155_D	[-39.653125  -12.2143125  30.566125 ]
0.08	 0.73	0.01	-0.19	155_D	[-41.29651852 -10.12648148  35.96840741]
0.17	 1.64	0.06	-0.36	155_D	[-39.9692 -11.6594  35.3744]
0.17	 1.35	0.21	-0.46	155_D	[-40.40342857 -10.08028571  31.04792857]
0.08	 0.07	-0.14	-0.09	156_F	[-34.818      -14.24085714  31.08885714]
-0.04	 -0.17	-0.08	0.02	156_F	[-36.54703846 -14.88303846  29.9365    ]
-0.06	 -0.06	0.05	-0.02	156_F	[-33.9298     -11.77926667  31.18606667]
0.07	 0.89	0.09	-0.24	156_F	[-35.60811111  -9.84072222  29.81011111]
0.1	 1.1	0.04	-0.32	156_F	[-35.73866667  -8.86261111  30.63602778]
-0.08	 0.01	-0.06	0.0	156_F	[-35.11845946 -10.3657027   28.46183784]
0.13	 1.42	0.17	-0.44	156_F	[-37.8866  -8.7358  29.4564]
-0.08	 -0.08	-0.03	-0.04	156_F	[-35.67688571  -9.28588571  27.5374    ]
-0.0	 0.27	-0.13	-0.18	156_F	[-37.71061111  -8.49383333  28.18683333]
-0.03	 0.39	-0.08	-0.08	156_F	[-37.68744444 -12.54561111  29.73855556]
0.01	 0.01	-0.09	0.02	156_F	[-34.09645 -11.27365  32.25285]
-0.18	 -0.56	0.05	0.31	156_F	[-34.2464 -12.617   30.1484]
-0.6	 -0.5	0.06	0.4	156_F	[-35.36604545 -11.96027273  28.18118182]
-0.2	 -0.51	0.14	0.47	156_F	[-35.63136  -9.22692  26.185  ]
0.03	 0.61	-0.02	-0.05	156_F	[-37.18964286  -6.92242857  27.22892857]
-0.01	 0.34	-0.18	-0.11	157_E	[-34.32557143 -13.58671429  31.93014286]
0.03	 0.7	0.05	-0.32	157_E	[-34.21328571 -14.66728571  32.02128571]
-0.12	 -0.22	-0.01	0.11	157_E	[-36.88031034 -17.94010345  33.72706897]
-0.08	 -0.59	-0.09	0.06	157_E	[-32.92871429 -15.52878571  34.18671429]
-0.03	 0.72	-0.19	-0.15	157_E	[-34.55407143 -14.36892857  36.61021429]
-0.1	 -0.73	-0.05	0.14	157_E	[-35.035  -16.4954  37.1194]
-0.35	 -1.18	0.26	0.52	157_E	[-33.320875   -17.07915625  37.3235625 ]
-0.17	 -0.85	0.1	0.19	157_E	[-36.77123333 -16.9164      36.99416667]
0.17	 0.79	0.12	-0.41	157_E	[-34.65484615 -12.50038462  34.08907692]
-0.08	 -0.35	-0.02	0.07	157_E	[-35.31977273 -16.2725      31.70263636]
-0.12	 -0.37	-0.0	0.18	157_E	[-33.68514286 -16.91280952  34.18066667]
-0.13	 -0.72	-0.04	0.25	157_E	[-33.32178571 -13.96235714  33.62285714]
-0.15	 -0.45	-0.11	0.21	157_E	[-33.92848276 -13.72772414  36.32141379]
0.12	 0.95	0.09	-0.34	157_E	[-36.44084211 -14.10321053  36.55721053]
0.11	 1.99	0.05	-0.25	158_A	[-39.57536364 -17.64990909  32.76627273]
-0.12	 -0.3	0.08	0.1	158_A	[-41.91907407 -16.73107407  33.36014815]
-0.08	 -0.19	-0.13	0.13	158_A	[-40.07757692 -14.42915385  36.22176923]
-0.01	 -0.18	-0.02	0.05	158_A	[-39.25       -17.26646154  35.01969231]
-0.18	 -1.24	0.09	0.35	158_A	[-41.3835    -15.3086875  35.873625 ]
-0.12	 -0.26	-0.13	0.25	158_A	[-38.67796 -14.54236  36.75292]
0.12	 1.05	0.17	-0.43	158_A	[-40.63058824 -12.79388235  35.33770588]
0.08	 1.0	0.13	-0.37	159_R	[-40.689      -15.10566667  28.97166667]
-0.01	 0.66	-0.24	-0.06	159_R	[-41.98364706 -14.45205882  29.08670588]
-0.18	 -0.35	-0.05	0.18	159_R	[-43.40334615 -15.97188462  30.26373077]
0.1	 1.56	0.06	-0.32	159_R	[-40.86671429 -17.18614286  28.98585714]
0.05	 0.61	-0.02	-0.16	159_R	[-37.46922222 -17.56666667  30.1085    ]
-0.07	 0.54	-0.03	0.03	159_R	[-38.81475 -19.7676   29.39365]
0.02	 1.29	0.04	-0.2	159_R	[-38.55558333 -18.12125     27.326     ]
-0.06	 -0.17	-0.06	0.03	159_R	[-39.48413793 -18.7927931   26.38441379]
-0.1	 -0.86	-0.05	0.18	159_R	[-41.04482609 -19.81582609  26.93721739]
-0.15	 -0.25	-0.03	0.2	159_R	[-38.95939286 -18.34342857  24.77035714]
-0.03	 -0.82	-0.01	0.03	159_R	[-39.61642105 -14.40821053  29.36157895]
-0.1	 -0.09	-0.11	0.07	159_R	[-41.15010526 -18.07731579  30.95815789]
-0.06	 -0.09	-0.23	0.07	159_R	[-41.18816667 -16.786       28.44929167]
-0.08	 -0.19	-0.17	0.08	159_R	[-37.9005     -16.28633333  28.81388889]
-0.01	 0.41	-0.08	-0.06	159_R	[-38.2011  -18.10255  31.33565]
-0.24	 -0.74	0.19	0.42	159_R	[-37.68579167 -19.77954167  29.46345833]
-0.22	 -0.87	-0.08	0.29	159_R	[-40.218125 -19.793125  29.63    ]
-0.22	 -0.78	-0.1	0.28	159_R	[-37.42957692 -17.79461538  27.06219231]
-0.12	 -0.43	0.04	0.17	159_R	[-41.279      -19.69361905  28.16414286]
-0.31	 -0.78	0.0	0.54	159_R	[-41.62325    -19.53766667  25.57808333]
-0.28	 -1.47	0.33	0.61	159_R	[-38.05985 -17.7523   24.71775]
-0.11	 -0.2	-0.66	0.55	159_R	[-40.54448718 -18.50587179  23.84284615]
0.05	 1.1	-0.2	0.01	160_H	[-41.06575  -13.305375  30.08775 ]
0.13	 1.25	0.03	-0.3	160_H	[-42.16318182 -12.65645455  29.54627273]
0.05	 -0.0	-0.03	-0.09	160_H	[-41.8843  -11.11655  29.86825]
0.08	 1.32	-0.04	-0.21	160_H	[-44.00566667 -14.39633333  33.41133333]
-0.11	 1.33	-0.05	0.05	160_H	[-44.83271429 -13.82542857  34.17185714]
-0.04	 0.92	-0.0	0.05	160_H	[-44.5166 -13.0482  35.7616]
-0.13	 -0.7	0.05	0.11	160_H	[-46.51085714 -13.11828571  33.01557143]
-0.09	 -0.58	0.01	0.1	160_H	[-46.08876923 -11.56665385  35.97396154]
-0.11	 1.9	0.01	0.05	160_H	[-47.21033333 -12.64633333  34.4505    ]
0.09	 0.79	2.12	-3.02	160_H	[-40.83714286 -12.63028571  30.50528571]
0.01	 0.44	0.02	-0.12	160_H	[-44.5815  -14.45225  31.95845]
0.07	 0.39	-0.03	-0.12	160_H	[-43.14933333 -14.378       34.30327778]
-0.09	 -0.16	-0.11	0.1	160_H	[-42.94231034 -11.99827586  35.93989655]
-0.06	 -2.01	-0.07	0.14	160_H	[-46.57514286 -12.90128571  31.762     ]
-0.2	 -0.76	0.06	0.36	160_H	[-46.22213636 -10.35872727  36.37836364]
-0.18	 -0.29	0.04	0.17	160_H	[-47.68745161 -10.76248387  33.56635484]
-0.03	 -0.09	-0.05	0.04	161_V	[-47.91884375 -10.92490625  29.93640625]
0.14	 0.73	0.13	-0.37	161_V	[-46.05802857 -10.7276      25.52505714]
-0.08	 -0.36	-0.08	0.08	161_V	[-44.43919355 -13.83996774  26.64083871]
0.09	 -0.86	0.05	-0.12	161_V	[-45.62364286 -13.56592857  30.14435714]
0.16	 0.13	0.09	-0.28	161_V	[-43.27972  -9.69212  28.74524]
-0.03	 -0.04	-0.09	0.01	161_V	[-47.05631034 -12.401       27.695     ]
0.12	 1.88	0.2	-0.43	161_V	[-45.38653846 -11.55792308  24.70615385]
-0.07	 0.18	-0.06	-0.01	161_V	[-43.96825   -10.27875    26.0998125]
-0.03	 0.45	-0.13	0.02	161_V	[-44.65982353 -13.53441176  25.27741176]
-0.16	 -0.79	0.03	0.25	161_V	[-42.79696 -12.57196  27.34224]
-0.04	 -0.12	-0.05	0.03	161_V	[-44.40063158 -14.38268421  28.14184211]
0.05	 0.35	0.0	-0.19	162_K	[-45.51114286  -7.4917619   35.82666667]
0.06	 2.05	0.16	-0.48	162_K	[-44.20533333  -7.43133333  37.06666667]
0.17	 -0.83	0.03	-0.22	162_K	[-48.07625    -8.8110625  31.527375 ]
0.19	 1.68	0.16	-0.42	162_K	[-47.6415      -8.59141667  33.16366667]
0.12	 1.16	0.28	-0.52	162_K	[-45.23913636  -5.01127273  34.22527273]
-0.18	 -0.74	-0.15	0.21	162_K	[-46.12238889  -6.42311111  35.87161111]
-0.1	 -0.38	-0.08	0.11	162_K	[-43.33707692  -8.62173077  36.81426923]
-0.08	 -0.28	-0.06	0.15	162_K	[-43.30671429  -6.06164286  36.60982143]
-0.0	 0.23	0.02	-0.09	163_L	[-51.59551351  -6.49797297  28.54232432]
0.06	 0.79	0.02	-0.22	163_L	[-49.59316667  -9.75591667  27.33808333]
-0.07	 -0.1	-0.12	-0.0	163_L	[-50.93218519 -10.19833333  23.96448148]
0.04	 0.07	-0.06	-0.04	163_L	[-49.37605556  -8.42333333  29.80683333]
0.11	 0.27	-0.07	-0.15	163_L	[-48.53505882 -10.18382353  26.99058824]
-0.13	 -0.24	-0.14	0.13	163_L	[-50.85327778  -9.01866667  27.376     ]
0.08	 0.33	0.02	-0.19	163_L	[-51.08622222  -9.06840741  22.61088889]
0.08	 0.09	0.04	-0.2	163_L	[-49.38242105 -10.78915789  25.09715789]
-0.12	 -0.11	-0.04	0.12	163_L	[-52.16492593  -8.93877778  25.45574074]
0.22	 1.45	0.26	-0.52	164_N	[-49.67931818  -3.15490909  30.97336364]
0.06	 0.51	-0.15	-0.07	164_N	[-50.98426087  -3.67317391  29.60591304]
0.1	 1.24	0.35	-0.59	165_V	[-55.70885714  -0.809       26.32071429]
-0.07	 -0.23	-0.12	0.08	165_V	[-54.75048276  -0.58082759  27.91313793]
0.03	 0.26	-0.07	0.07	165_V	[-56.21066667  -4.315       27.25466667]
-0.02	 -0.05	-0.0	-0.06	165_V	[-57.4758      -3.21506667  25.06786667]
-0.05	 -0.32	-0.04	0.02	165_V	[-54.20038095  -6.51528571  26.75342857]
0.14	 -0.02	0.07	-0.19	165_V	[-52.78622727  -2.48031818  28.74181818]
-0.17	 -0.4	0.15	0.05	165_V	[-55.87470588  -3.31941176  27.60005882]
-0.11	 -0.47	-0.08	0.15	165_V	[-57.33675     -4.60470833  25.01454167]
-0.02	 0.15	-0.04	-0.07	165_V	[-56.792       -1.588       25.33524138]
-0.17	 -0.54	0.07	0.26	165_V	[-55.94670833  -6.013       26.7515    ]
-0.01	 -0.21	-0.05	-0.04	165_V	[-53.562       -5.36527778  28.0785    ]
0.11	 1.24	0.44	-0.68	166_E	[-56.058        0.07288889  25.47044444]
0.12	 1.0	-0.02	-0.22	166_E	[-53.3515       2.92627778  27.84088889]
-0.08	 -0.35	0.01	0.03	166_E	[-54.72124   3.94532  27.32136]
0.02	 0.25	-0.01	-0.13	166_E	[-52.67485185   2.37803704  29.05618519]
0.01	 0.26	-0.06	-0.12	166_E	[-55.71157143   0.92814286  26.32433333]
0.09	 1.53	0.08	-0.34	167_E	[-57.01022222   0.589       24.992     ]
0.09	 1.91	0.04	-0.29	167_E	[-59.17046154   4.07407692  22.99346154]
-0.17	 -1.36	-0.07	0.19	167_E	[-58.433        4.52870588  24.32776471]
0.03	 0.44	-0.01	-0.14	167_E	[-59.57563636   0.693       24.39018182]
0.06	 1.37	0.09	-0.32	167_E	[-60.77833333   2.34266667  22.66866667]
-0.08	 -0.14	0.0	0.01	167_E	[-61.68671429   0.60928571  23.08721429]
-0.1	 -0.41	0.03	0.09	167_E	[-60.87662069  -1.58748276  22.74275862]
-0.02	 -0.02	-0.16	0.05	167_E	[-62.83791304   1.36173913  22.1783913 ]
0.0	 -0.04	-0.02	-0.03	167_E	[-57.11211111   2.27896296  25.47437037]
0.09	 0.18	0.04	-0.11	167_E	[-58.38123529  -0.39482353  24.15958824]
-0.18	 -0.58	0.07	0.2	167_E	[-59.85944444   2.19472222  24.08933333]
0.1	 0.49	0.1	-0.28	167_E	[-60.4535       3.185       22.00183333]
0.11	 1.74	0.26	-0.53	168_R	[-59.35         4.80866667  22.11116667]
0.1	 1.57	0.03	-0.25	168_R	[-60.41505882   5.12517647  21.21041176]
-0.03	 0.53	0.05	-0.08	168_R	[-56.89605556   7.91688889  23.56827778]
0.14	 1.17	-0.17	-0.07	168_R	[-55.2782   8.2024  25.0406]
-0.03	 -0.92	0.05	-0.04	168_R	[-55.18082353   6.78147059  25.95582353]
-0.0	 0.7	0.01	-0.04	168_R	[-56.19070588   5.12323529  25.697     ]
-0.05	 -0.49	0.09	-0.06	168_R	[-53.40917647   6.70170588  26.748     ]
-0.06	 -0.01	-0.08	0.06	168_R	[-58.98741176   6.38629412  22.45835294]
0.19	 1.31	0.12	-0.37	168_R	[-57.6          8.36706667  20.45793333]
-0.02	 -0.32	-0.01	0.0	168_R	[-56.4265       8.74586667  22.47713333]
-0.01	 -0.54	-0.02	0.06	168_R	[-57.28564286   6.72135714  24.20021429]
0.05	 1.34	-0.03	-0.18	168_R	[-55.6955     4.1       26.193875]
0.03	 -0.11	-0.0	-0.11	168_R	[-52.07221429   7.55085714  26.26721429]
-0.05	 -0.16	-0.06	0.1	168_R	[-52.73786667   5.44893333  27.20293333]
0.07	 1.87	-0.04	-0.2	169_S	[-60.56         6.503       21.29257143]
-0.03	 0.29	0.0	-0.07	169_S	[-59.48562069   9.80406897  19.21306897]
0.09	 1.47	0.16	-0.46	169_S	[-61.51266667   6.19        20.98516667]
-0.14	 -1.54	0.05	0.21	169_S	[-62.24875    7.636375  21.257875]
-0.06	 -0.22	-0.1	0.04	169_S	[-59.58838095   7.87252381  21.22757143]
0.13	 1.64	-0.02	-0.14	169_S	[-62.122125   5.51575   20.904375]
-0.11	 -0.19	0.01	0.05	169_S	[-63.88675   7.57235  20.9396 ]
-0.01	 0.4	-0.18	-0.08	170_V	[-59.65723077  12.66730769  14.64476923]
0.11	 0.29	0.09	-0.28	170_V	[-60.82121429  11.067       17.54471429]
0.09	 0.81	-0.02	-0.24	170_V	[-60.45625     12.02391667  13.68625   ]
-0.04	 0.1	-0.01	-0.0	170_V	[-58.62588235  11.77817647  16.33055882]
0.11	 0.75	0.04	-0.29	171_G	[-63.87587879  12.43690909  14.18254545]
-0.13	 -0.39	-0.09	0.08	171_G	[-62.91854286  13.70025714  15.79945714]
0.11	 0.83	-0.1	-0.17	171_G	[-61.46635714  12.18407143  16.49521429]
0.16	 1.32	0.21	-0.48	171_G	[-65.3709  10.8234  14.9888]
0.06	 0.98	-0.01	-0.32	172_P	[-65.6832  12.6922  14.713 ]
0.14	 1.85	0.12	-0.37	172_P	[-65.90275  11.258    13.858  ]
0.19	 1.53	0.13	-0.4	172_P	[-62.55766667  12.34988889  11.96611111]
0.02	 0.02	-0.08	-0.1	172_P	[-63.3093      13.89703333  10.57156667]
-0.03	 0.33	-0.19	0.02	172_P	[-68.19266667  12.72733333  11.65611111]
-0.1	 -0.08	-0.09	0.13	172_P	[-66.77582353  15.18170588  12.45682353]
0.01	 0.93	-0.0	-0.14	172_P	[-65.32682609  14.65717391  14.36873913]
0.03	 0.08	0.07	-0.14	172_P	[-67.19904  12.57592  10.34612]
-0.07	 -0.31	-0.23	0.2	172_P	[-67.59032143  11.98528571  13.083     ]
-0.25	 -0.55	0.09	0.32	172_P	[-65.93794737  15.19126316  10.87921053]
-0.27	 -0.88	0.2	0.48	172_P	[-67.60245  14.99175  13.03415]
-0.17	 -0.74	0.07	0.29	172_P	[-63.79471429  15.38        12.90152381]
-0.28	 -0.79	-0.1	0.45	172_P	[-65.69090476  14.90957143  14.94861905]
0.11	 0.74	0.07	-0.26	173_L	[-66.23725926  11.23548148   7.80585185]
0.17	 1.36	0.13	-0.38	173_L	[-60.89154545  11.64445455  11.41406061]
-0.14	 -0.46	0.04	0.14	174_T	[-64.77139286  12.11139286   3.12278571]
0.08	 0.84	-0.1	-0.05	174_T	[-65.174       14.78516667   6.46233333]
-0.07	 -0.81	-0.03	0.05	174_T	[-64.46862963  14.48196296   4.28051852]
-0.07	 -0.52	-0.18	0.09	174_T	[-62.06326316  15.14510526   7.69963158]
0.04	 0.08	-0.04	-0.04	174_T	[-65.9415625  11.9851875   5.9766875]
-0.12	 -0.17	-0.02	0.16	174_T	[-65.35007407  14.2322963    7.68059259]
-0.18	 -0.46	-0.14	0.4	174_T	[-64.05668966  16.0052069    4.96848276]
-0.14	 -0.4	0.08	0.27	174_T	[-62.83225926  16.04855556   6.91011111]
0.12	 0.82	-0.02	-0.23	174_T	[-61.9971  14.1991   8.9844]
0.09	 1.71	0.1	-0.35	174_T	[-60.83571429  14.74392857   6.177     ]
0.14	 1.65	0.12	-0.37	175_R	[-63.40281818  10.03090909   2.15472727]
-0.06	 0.16	-0.12	-0.02	175_R	[-57.434   14.6286   3.1267]
-0.03	 0.63	-0.02	-0.21	175_R	[-57.67155556  14.57444444   1.86811111]
-0.0	 0.35	0.01	-0.07	175_R	[-59.82167647  15.562        1.69735294]
-0.05	 0.34	-0.44	0.18	175_R	[-60.88694444  16.54191667   3.65616667]
-0.12	 0.28	0.03	0.11	175_R	[-59.99442857  16.21264286   0.13435714]
-0.0	 0.38	-0.08	-0.04	175_R	[-62.53771429  12.18257143   1.9447619 ]
0.17	 0.81	0.05	-0.28	175_R	[-62.042       14.17235714   3.21614286]
0.12	 1.17	0.09	-0.37	175_R	[-59.8692  14.119    5.7127]
-0.02	 -0.38	-0.02	-0.05	175_R	[-58.48003333  14.96456667   4.62856667]
0.07	 0.35	-0.09	-0.19	175_R	[-56.979125  13.468875   2.851625]
0.07	 -1.16	0.03	-0.14	175_R	[-57.97625    14.021       0.6118125]
-0.12	 -0.34	-0.4	0.35	175_R	[-60.3452381   16.16385714   4.89519048]
-0.34	 -1.06	0.25	0.6	175_R	[-60.65495  17.86555   2.9586 ]
-0.22	 -0.52	-0.09	0.3	175_R	[-59.1921   15.74775  -0.64745]
-0.25	 -1.35	0.19	0.49	175_R	[-60.40339286  17.74875      0.60592857]
-0.01	 -0.91	-0.07	-0.01	176_K	[-62.659875   9.854625   0.9115  ]
0.09	 2.37	0.02	-0.26	176_K	[-63.08966667   8.98166667   0.728     ]
0.13	 1.32	0.14	-0.4	176_K	[-62.8136875   5.1574375   1.4615   ]
-0.11	 -0.53	-0.1	0.19	176_K	[-61.939625     7.67435417  -0.97191667]
0.12	 1.77	0.11	-0.37	176_K	[-62.0338  10.5344   0.5723]
-0.04	 -0.07	-0.08	0.03	176_K	[-63.59894118   7.61667647   1.86026471]
0.05	 0.58	0.08	-0.33	179_Y	[-50.6182381    8.16990476   4.55052381]
0.14	 0.86	-0.09	-0.22	179_Y	[-50.7102       8.47413333   3.3376    ]
-0.07	 0.71	-0.09	-0.25	179_Y	[-52.03121429   9.08182143   4.99889286]
0.19	 0.2	0.01	-0.25	183_Q	[-43.08686667  12.1678      18.08166667]
0.17	 1.59	0.17	-0.45	183_Q	[-39.706       11.80344444  16.58533333]
-0.12	 -0.05	-0.13	0.13	183_Q	[-41.31939474  12.77534211  16.34907895]
0.11	 0.75	0.02	-0.28	185_I	[-35.75075676   9.58581081  21.57910811]
-0.09	 -0.05	-0.13	0.1	185_I	[-39.55811111  11.95388889  19.44666667]
0.04	 -0.02	-0.07	-0.02	185_I	[-41.00957692  10.96092308  23.48923077]
0.01	 -0.08	0.06	-0.16	185_I	[-38.22988235  11.01447059  21.356     ]
-0.01	 0.04	0.03	0.0	185_I	[-40.74536  11.94228  19.9876 ]
0.03	 0.38	0.01	-0.08	185_I	[-38.63995833  11.36195833  18.49295833]
0.15	 0.39	0.03	-0.39	185_I	[-41.36644444  10.          24.687     ]
-0.13	 -0.57	-0.05	0.19	185_I	[-41.2673125  11.7500625  22.1648125]
0.1	 0.74	-0.24	-0.12	188_C	[-38.88242857  -2.63814286  23.42728571]
0.07	 -0.52	-0.02	-0.18	188_C	[-39.95043478  -2.689       24.88691304]
-0.01	 0.15	-0.09	0.05	188_C	[-36.61976471  -3.81464706  24.33817647]
0.12	 1.24	0.22	-0.51	189_V	[-38.5445      -2.24392857  22.20164286]
0.09	 0.35	-0.12	-0.09	189_V	[-40.34120833  -3.42441667  22.43683333]
0.19	 1.28	0.13	-0.38	189_V	[-39.0931875  -2.9715625  20.7633125]
0.21	 1.21	0.44	-0.65	189_V	[-41.29025     -3.00741667  23.91441667]
0.1	 1.15	-0.03	-0.29	190_A	[-41.33814286  -4.30428571  22.79657143]
0.02	 0.67	-0.14	-0.12	190_A	[-42.11361538  -7.32153846  22.05561538]
-0.04	 0.26	0.01	-0.07	190_A	[-40.78792308  -6.12161538  21.61142308]
0.12	 1.06	0.21	-0.43	190_A	[-42.82457143  -7.14628571  22.74771429]
0.09	 0.6	-0.04	-0.2	192_L	[-49.5202069   -9.44075862  17.65851724]
0.13	 1.23	0.23	-0.53	192_L	[-49.7412  -8.7057  20.9695]
0.09	 1.24	0.29	-0.58	192_L	[-47.83771429 -10.90642857  20.04114286]
0.06	 -0.01	-0.08	-0.08	192_L	[-48.68646667  -9.77463333  19.84573333]
0.09	 0.46	-0.04	-0.2	192_L	[-45.503125  -10.4915625  22.866625 ]
0.15	 0.76	0.08	-0.32	192_L	[-48.71945455 -10.47245455  21.78040909]
0.09	 0.34	-0.24	-0.09	192_L	[-44.24308571  -8.36554286  22.46497143]
0.25	 1.12	0.21	-0.47	193_S	[-54.9294      -7.2734      17.58753333]
0.11	 0.65	0.01	-0.22	193_S	[-51.6362963   -8.45303704  19.80803704]
-0.01	 0.28	-0.25	0.01	193_S	[-54.90058333  -7.63713889  19.08866667]
-0.05	 -0.33	-0.05	0.02	195_R	[-58.75081818  -7.24063636  18.33945455]
-0.09	 -0.41	-0.11	0.15	195_R	[-60.4982  -7.6466  17.9956]
-0.11	 -0.68	0.03	-0.04	195_R	[-60.9711875  -6.699875   19.3320625]
0.03	 0.07	-0.15	-0.11	195_R	[-60.28845455  -5.80936364  20.35027273]
-0.09	 -1.25	0.02	0.08	195_R	[-62.98545455  -6.76563636  19.04381818]
0.02	 0.42	0.1	-0.08	195_R	[-57.80334783  -7.41673913  17.12830435]
0.07	 0.74	-0.3	-0.05	195_R	[-57.93047059  -6.60894118  18.80917647]
0.03	 -0.11	0.05	-0.07	195_R	[-61.24116667  -7.63316667  16.66483333]
0.11	 0.67	0.09	-0.19	195_R	[-61.77765217  -3.87056522  20.50152174]
-0.03	 0.09	0.0	0.01	195_R	[-63.68517391  -6.71204348  17.1656087 ]
-0.06	 -0.5	-0.17	0.14	195_R	[-63.11438462  -5.38807692  19.92530769]
0.08	 0.33	0.04	-0.18	197_Y	[-63.69884848  -1.478       21.07090909]
0.11	 1.29	-0.1	-0.27	198_Y	[-69.0429   2.9361  10.6245]
0.14	 1.38	0.06	-0.32	198_Y	[-69.81230769   2.25884615   9.73230769]
0.1	 1.2	0.12	-0.41	198_Y	[-66.7641   0.3395   7.6051]
-0.04	 0.08	-0.01	-0.02	198_Y	[-68.3566   -1.09725   7.5007 ]
0.14	 1.06	0.08	-0.31	198_Y	[-67.75325   3.4274   13.05385]
0.05	 0.38	-0.01	-0.14	198_Y	[-69.4588    2.51232  11.86964]
0.12	 1.08	0.02	-0.23	198_Y	[-70.82407143   1.40364286  10.16692857]
0.09	 0.51	0.03	-0.23	198_Y	[-66.09352174  -0.64586957   7.802     ]
0.05	 -0.13	-0.12	0.04	198_Y	[-70.0845  -1.0994   7.7988]
0.13	 1.23	0.22	-0.47	199_K	[-71.97652941   1.41376471  15.72905882]
-0.13	 -0.38	-0.2	0.17	199_K	[-71.34312821   2.735       14.47294872]
0.04	 0.19	0.02	-0.13	199_K	[-70.89777778   1.62566667  17.304     ]
0.02	 0.37	-0.13	0.03	199_K	[-69.435  -0.513  18.635]
0.02	 0.43	-0.03	-0.13	199_K	[-69.54         1.4426      19.45926667]
0.05	 0.94	-0.03	-0.2	199_K	[-68.161   -0.44    20.5385]
-0.01	 -4.79	-0.01	-0.08	199_K	[-67.29583333   0.66016667  22.49016667]
0.16	 0.58	-0.0	-0.22	199_K	[-68.08327778   3.03972222  15.26211111]
-0.06	 -0.89	-0.03	0.09	199_K	[-69.66933333   2.76946667  16.86806667]
-0.07	 -0.34	-0.21	0.11	199_K	[-71.022       -0.34689655  17.36131034]
0.11	 1.14	0.01	-0.24	199_K	[-68.96036842  -1.23778947  18.37084211]
-0.02	 -0.04	-0.05	0.08	199_K	[-68.83036842   3.07273684  19.17194737]
-0.22	 -0.79	0.03	0.31	199_K	[-69.93466667   0.72404762  19.79633333]
0.02	 0.67	-0.15	-0.11	199_K	[-67.42704762  -1.06966667  20.29761905]
-0.12	 -0.04	0.06	0.07	199_K	[-66.0095       0.6546      22.11676667]
-0.1	 0.03	-0.03	0.14	199_K	[-67.6065       2.83476667  21.85463333]
-0.33	 -0.86	0.13	0.45	199_K	[-68.5695       0.41427273  22.14663636]
0.14	 1.74	0.27	-0.52	200_K	[-73.3758   1.3548  15.486 ]
0.04	 0.69	-0.01	-0.22	200_K	[-73.57046154  -0.30557692  16.06538462]
0.13	 1.65	0.14	-0.42	200_K	[-74.68228571  -1.81428571  12.49971429]
-0.17	 -0.65	-0.03	0.24	200_K	[-73.14006061  -3.72269697  11.17622727]
0.02	 0.29	-0.18	-0.03	200_K	[-71.99382353   1.54464706  11.82952941]
0.05	 0.34	0.16	-0.67	200_K	[-73.46937143  -0.35405714  11.03031429]
0.1	 0.61	0.03	-0.25	200_K	[-74.25066667  -2.81738095  14.09928571]
0.18	 1.23	0.05	-0.31	201_C	[-75.1424   0.2064  12.4121]
0.05	 0.97	0.11	-0.38	201_C	[-76.71385714   2.34471429  13.44542857]
-0.2	 -1.2	0.07	0.29	201_C	[-75.80480435   3.78836957  14.14334783]
-0.2	 -0.36	0.08	0.24	201_C	[-74.70937209   3.19811628  16.16162791]
-0.01	 0.47	-0.09	-0.04	201_C	[-76.92283333   0.7615      15.97816667]
-0.18	 -0.73	-0.04	0.23	201_C	[-76.98705085  -1.23820339  14.09440678]
0.06	 -0.11	0.32	-0.32	201_C	[-74.08346429   1.76285714  12.14957143]
-0.24	 -0.69	0.02	0.34	201_C	[-76.95410526   1.57610526  12.83157895]
-0.2	 -0.47	-0.05	0.3	201_C	[-7.54946364e+01  4.20909091e-02  1.65848182e+01]
-0.23	 -0.79	0.06	0.38	201_C	[-77.64836842   1.18478947  15.99647368]
-0.33	 -1.19	0.27	0.55	201_C	[-77.44909524  -1.82114286  15.90261905]
