0.03	 -3.27	0.26	-0.6	-3_S	[ 15.4905    -6.0975   -23.837375]
0.13	 1.07	0.36	-0.54	-3_S	[ 17.11444444  -5.25422222 -23.96655556]
0.12	 1.42	0.03	-0.25	-3_S	[ 18.5183  -8.9592 -21.9548]
-0.17	 -0.41	-0.01	0.15	-3_S	[ 16.68870833  -9.93079167 -22.72595833]
0.0	 -0.19	-0.12	-0.02	-3_S	[ 16.9164375   -7.65840625 -20.5763125 ]
-0.25	 -0.39	0.15	0.27	-3_S	[ 15.75132258  -6.74725806 -24.94516129]
-0.18	 0.22	-0.07	0.24	-3_S	[ 15.18188889  -8.26061111 -23.05405556]
-0.08	 0.18	-0.18	0.01	-3_S	[ 15.18930769  -5.92873077 -22.20626923]
0.12	 0.26	-0.03	-0.17	-3_S	[ 17.94873333  -6.61853333 -25.33226667]
0.06	 0.99	0.07	-0.32	-3_S	[ 17.6782381   -6.97614286 -19.57738095]
0.07	 1.38	0.3	-0.62	-2_E	[ 18.952625 -10.152875 -22.466375]
0.1	 0.85	-0.02	-0.24	-2_E	[ 20.07      -10.13125   -21.8525625]
0.07	 1.06	-0.0	-0.29	-2_E	[ 21.39292857 -10.7085     -26.96328571]
-0.06	 0.21	0.04	-0.07	-2_E	[ 18.64972222 -10.5295     -27.37622222]
-0.06	 -0.02	-0.04	0.02	-2_E	[ 17.50616667 -12.17594444 -25.85494444]
-0.28	 -0.92	0.12	0.39	-2_E	[ 18.60552941 -13.40341176 -25.58658824]
-0.31	 -1.04	0.09	0.41	-2_E	[ 16.02623529 -11.28335294 -25.65073529]
-0.01	 0.39	-0.15	0.04	-2_E	[ 18.65008333 -11.15133333 -22.93941667]
0.04	 0.53	-0.04	-0.16	-2_E	[ 20.76428571  -9.03242857 -26.56080952]
0.08	 0.37	-0.13	-0.05	-2_E	[ 21.23263158 -11.94821053 -26.18431579]
-0.04	 -0.04	-0.04	0.07	-2_E	[ 17.78473913  -8.9166087  -26.34021739]
-0.24	 -0.71	0.06	0.43	-2_E	[ 19.57361538 -10.97846154 -27.83861538]
0.08	 1.61	0.05	-0.36	-1_N	[ 20.022375 -11.331125 -21.867125]
-0.11	 -0.64	-0.04	0.03	-1_N	[ 22.88486957 -13.63321739 -24.45743478]
0.01	 0.28	-0.08	-0.02	-1_N	[ 20.21025  -11.731125 -20.397875]
0.06	 0.55	0.03	-0.16	-1_N	[ 21.32345714 -10.74982857 -18.97474286]
-0.08	 -0.06	-0.03	0.08	-1_N	[ 19.8426875 -13.846625  -19.58375  ]
-0.01	 0.25	-0.2	-0.03	-1_N	[ 20.10995652 -12.58347826 -22.7856087 ]
0.04	 0.07	-0.06	-0.06	-1_N	[ 21.92547368 -14.43410526 -21.87194737]
-0.21	 -0.79	0.04	0.29	-1_N	[ 20.2688     -13.1571     -18.15803333]
-0.19	 -0.66	0.1	0.25	-1_N	[ 20.73754167 -14.889875   -20.01070833]
0.02	 0.29	-0.12	-0.07	0_L	[ 26.37957692  -8.03184615 -27.04423077]
-0.09	 -0.67	0.04	0.07	0_L	[ 24.614      -12.08042308 -27.32719231]
0.1	 0.06	-0.01	-0.17	0_L	[ 25.4966 -13.6929 -24.9717]
0.09	 0.68	-0.06	-0.19	0_L	[ 27.88751724 -10.78658621 -25.74303448]
0.0	 0.1	-0.0	-0.12	0_L	[ 24.08654545  -8.66513636 -27.58018182]
-0.19	 -0.76	0.11	0.31	0_L	[ 27.02457143  -9.1912381  -27.2372381 ]
-0.1	 -0.51	-0.15	0.26	0_L	[ 23.03816 -10.72172 -27.5412 ]
-0.24	 -1.36	0.09	0.34	0_L	[ 26.03045 -11.7592  -27.5595 ]
-0.01	 -0.28	-0.04	-0.03	0_L	[ 23.766125  -12.7441875 -26.1721875]
-0.02	 0.27	-0.03	-0.07	1_Y	[ 30.78027027 -13.44686486 -25.55875676]
-0.03	 0.14	-0.05	-0.05	1_Y	[ 30.61071429 -15.81257143 -23.67435714]
-0.04	 0.01	0.09	-0.12	1_Y	[ 28.54527273 -17.13590909 -22.55145455]
-0.06	 -0.29	0.05	-0.05	1_Y	[ 29.72983333 -16.89577778 -21.10894444]
-0.2	 -0.93	0.02	0.13	1_Y	[ 27.21036364 -17.01736364 -23.49772727]
-0.11	 -0.49	0.05	0.03	1_Y	[ 27.96861111 -17.80494444 -20.21588889]
-0.14	 -0.89	-0.08	0.16	1_Y	[ 25.85035714 -17.55964286 -22.57814286]
-0.08	 -0.48	0.03	0.04	1_Y	[ 26.78678571 -18.03014286 -21.23521429]
-0.22	 -1.26	0.03	0.25	1_Y	[ 25.3345    -17.890125  -19.1296875]
0.04	 0.06	0.02	-0.12	1_Y	[ 27.53077273 -13.57518182 -25.41677273]
-0.2	 -0.89	0.09	0.32	1_Y	[ 29.2345625 -15.893125  -24.5979375]
0.02	 0.17	-0.1	-0.04	1_Y	[ 31.22894737 -15.84915789 -22.55721053]
0.0	 0.08	-0.2	-0.01	1_Y	[ 30.1494375 -15.8863125 -19.7960625]
-0.03	 -0.37	0.01	0.16	1_Y	[ 26.06105263 -15.40015789 -24.27894737]
-0.08	 -0.41	0.16	0.36	1_Y	[ 27.97328571 -16.86309524 -18.58504762]
-0.07	 -0.4	0.04	0.1	1_Y	[ 24.28877273 -15.96531818 -22.66104545]
-0.08	 -0.48	-0.03	0.13	1_Y	[ 23.84832353 -17.06714706 -20.16208824]
0.09	 0.95	0.12	-0.33	2_F	[ 31.79264706  -8.01282353 -25.814     ]
0.16	 1.17	0.54	-0.74	2_F	[ 35.6832  -9.2824 -23.7456]
0.03	 0.43	-0.23	0.11	2_F	[ 31.68675  -6.641   -25.9465 ]
0.13	 1.47	0.09	-0.36	2_F	[ 35.93623529  -6.96482353 -23.70817647]
0.17	 1.42	0.15	-0.43	2_F	[ 35.123       -4.87633333 -23.42966667]
0.13	 0.38	0.01	-0.17	2_F	[ 30.16505556 -10.22861111 -25.14916667]
0.12	 0.51	0.02	-0.17	2_F	[ 30.6305625  -7.4126875 -25.146125 ]
0.01	 0.31	-0.11	0.05	2_F	[ 31.57316667  -5.250875   -25.9895    ]
-0.02	 0.4	-0.19	-0.07	2_F	[ 36.76803125  -6.69115625 -23.48278125]
0.08	 1.34	0.27	-0.58	3_Q	[ 36.23425 -11.04075 -26.7255 ]
0.06	 1.36	-0.13	-0.08	3_Q	[ 34.38575  -9.81955 -27.9516 ]
-0.19	 -0.59	-0.03	0.24	3_Q	[ 35.26778125 -10.04290625 -29.2663125 ]
-0.12	 0.53	-0.09	0.13	3_Q	[ 34.851      -12.98616667 -28.6985    ]
-0.0	 0.72	-0.18	-0.04	3_Q	[ 33.3950625 -14.38775   -26.6158125]
-0.14	 0.62	-0.04	0.17	3_Q	[ 36.258      -15.04372727 -26.32363636]
-0.09	 -0.21	0.02	0.1	3_Q	[ 37.2603125 -13.07975   -25.738375 ]
-0.12	 0.08	0.05	0.18	3_Q	[ 35.42941667 -16.18425    -24.6605    ]
0.09	 0.16	-0.01	-0.08	3_Q	[ 32.09214286 -10.21961905 -26.72228571]
0.05	 0.52	0.02	-0.25	3_Q	[ 36.061125 -10.291625 -25.360875]
-0.22	 -0.69	0.13	0.3	3_Q	[ 33.202375  -12.5490625 -28.2091875]
-0.11	 -0.29	0.14	-0.11	3_Q	[ 35.97838095 -12.61438095 -28.01338095]
0.1	 1.4	-0.11	-0.21	3_Q	[ 32.72242857 -14.46828571 -25.51442857]
-0.19	 -0.53	0.11	0.38	3_Q	[ 34.12291304 -14.98930435 -27.25134783]
-0.07	 -0.31	-0.12	0.08	3_Q	[ 33.34084 -15.48592 -24.28668]
-0.08	 -0.24	-0.09	0.09	3_Q	[ 36.75530435 -15.24230435 -23.46065217]
0.1	 1.6	0.24	-0.51	4_G	[ 32.70957143  -8.60528571 -26.89485714]
-0.03	 -0.27	-0.03	-0.07	4_G	[ 33.08711765  -7.55382353 -28.23011765]
-0.0	 -1.25	-0.09	-0.04	4_G	[ 36.37511111  -7.04422222 -29.09677778]
-0.06	 0.19	0.01	-0.04	4_G	[ 37.37152174  -7.00741304 -26.72569565]
-0.26	 -1.1	0.12	0.43	4_G	[ 34.0704  -7.553  -29.6044]
-0.08	 -0.51	0.01	0.03	4_G	[ 32.7221   -6.46335 -27.4248 ]
0.08	 0.47	-0.17	-0.09	5_S	[ 35.4718  -5.7557 -29.611 ]
0.07	 2.24	0.16	-0.54	5_S	[ 36.5576  -5.0398 -29.7832]
0.15	 1.34	0.19	-0.44	5_S	[ 36.22131579  -3.73421053 -24.25342105]
0.07	 1.1	-0.08	-0.09	5_S	[ 37.28333333  -3.45566667 -30.07466667]
-0.17	 -0.52	0.0	0.23	5_S	[ 35.02964286  -3.68428571 -30.07625   ]
0.02	 -0.01	-0.04	-0.04	5_S	[ 33.94793333  -4.9022     -28.58326667]
-0.23	 -0.9	0.04	0.31	5_S	[ 37.70764286  -4.95178571 -29.34457143]
0.13	 0.89	0.03	-0.24	5_S	[ 34.76261538  -1.78153846 -27.91723077]
-0.08	 -0.41	-0.02	0.12	5_S	[ 37.485       -2.17521053 -29.52194737]
-0.23	 -0.62	0.12	0.42	5_S	[ 35.13241379  -2.02582759 -30.42155172]
0.06	 -0.32	-0.29	-0.05	6_A	[ 38.885375  -5.2035   -26.402375]
0.07	 1.79	-0.02	-0.21	6_A	[ 38.6925  -5.105  -25.3945]
0.09	 1.03	0.05	-0.25	6_A	[ 38.37894444  -1.48438889 -24.48872222]
-0.25	 -0.24	-0.04	0.23	6_A	[ 37.9278913   -1.09652174 -23.02865217]
-0.15	 -0.76	0.02	0.18	6_A	[ 41.21496774  -3.27567742 -24.88380645]
-0.03	 -0.11	-0.07	0.01	6_A	[ 39.384       -3.859375   -27.61429167]
-0.1	 0.31	-0.18	0.26	6_A	[ 37.99484848  -4.546      -23.97690909]
-0.28	 -0.92	0.15	0.4	6_A	[ 40.79252381  -2.89009524 -23.5542381 ]
-0.28	 -0.94	0.21	0.45	6_A	[ 40.76152381  -5.00580952 -25.37147619]
-0.21	 -0.88	0.14	0.39	6_A	[ 41.00573913  -2.27778261 -26.20421739]
0.15	 0.68	-0.22	-0.13	7_S	[ 39.22611111  -0.75933333 -26.38277778]
0.04	 1.04	-0.0	-0.21	7_S	[ 38.9712   0.4284 -25.721 ]
0.16	 1.55	0.14	-0.41	7_S	[ 36.3576   0.5754 -23.459 ]
-0.11	 -0.16	-0.04	0.01	7_S	[ 34.55542308   1.87615385 -24.7075    ]
-0.1	 -0.12	0.11	-0.19	7_S	[ 37.5670625   1.8615625 -27.02575  ]
-0.04	 -0.27	-0.13	0.01	7_S	[ 35.09178261   0.34534783 -27.66465217]
0.12	 1.06	-0.04	-0.23	7_S	[ 38.74157143  -1.45914286 -27.46592857]
-0.13	 -0.36	-0.08	0.15	7_S	[ 37.7231   1.1036 -24.3556]
-0.32	 -0.87	0.12	0.52	7_S	[ 37.10610526   2.56636842 -26.56631579]
-0.19	 -0.55	0.14	0.35	7_S	[ 38.55272727   0.5705     -27.97890909]
-0.28	 -0.63	-0.03	0.45	7_S	[ 36.11486207   0.81982759 -29.07086207]
0.12	 1.3	0.2	-0.42	8_A	[ 33.991375  -1.059375 -26.625625]
0.14	 1.29	0.04	-0.33	8_A	[ 35.69275     -1.7408125  -22.45128125]
0.03	 0.47	-0.18	-0.08	8_A	[ 31.834375  -2.26375  -26.051625]
-0.05	 -0.19	-0.07	0.0	8_A	[ 32.70658333  -0.42575    -25.70733333]
0.02	 0.4	-0.15	-0.02	8_A	[ 32.58259459  -3.14540541 -26.63721622]
0.25	 1.33	0.44	-0.65	8_A	[ 34.74378571  -3.65478571 -23.50707143]
0.04	 0.02	-0.07	-0.11	9_T	[ 28.93726667   0.67723333 -22.58313333]
-0.04	 0.07	-0.02	-0.06	9_T	[ 31.108        3.05515625 -22.1543125 ]
-0.05	 -0.21	-0.16	0.04	9_T	[ 35.35793939   2.10112121 -22.20812121]
0.14	 0.23	0.04	-0.2	9_T	[ 31.55463636   0.24840909 -24.19913636]
-0.2	 -0.46	0.09	0.22	9_T	[ 32.34825      3.98670833 -22.203875  ]
-0.18	 -0.67	-0.0	0.28	9_T	[ 34.50761905   3.62214286 -21.22647619]
0.07	 -0.19	-0.03	-0.02	9_T	[ 35.47704167   0.801125   -20.67841667]
0.18	 1.27	0.45	-0.67	10_C	[ 29.61473333   3.1754     -20.4126    ]
0.11	 1.46	0.11	-0.36	11_E	[ 27.670875   1.839875 -21.739125]
0.11	 0.09	-0.06	-0.12	11_E	[ 25.30933333   5.32422222 -18.67377778]
0.11	 1.4	-0.02	-0.23	11_E	[ 24.27466667   5.1212     -22.77973333]
-0.24	 -0.8	0.01	0.3	11_E	[ 25.64848276   4.65127586 -23.26813793]
-0.23	 -0.4	-0.05	0.3	11_E	[ 23.67243478   5.87932609 -21.28      ]
0.05	 0.21	-0.08	-0.11	11_E	[ 27.65684615   3.52076923 -21.42846154]
0.19	 1.09	0.11	-0.32	11_E	[ 26.22885714   1.65052381 -22.67642857]
0.14	 0.39	-0.01	-0.2	11_E	[ 23.51911111   3.96933333 -19.21722222]
-0.1	 -0.39	-0.03	0.09	12_R	[ 26.85151724   5.51024138 -15.27958621]
0.04	 0.56	-0.07	-0.17	12_R	[ 24.096125    3.7060625 -14.4366875]
0.0	 0.83	-0.1	-0.17	12_R	[ 22.96386667   1.13926667 -12.6502    ]
0.13	 1.18	0.07	-0.37	12_R	[ 24.18175    -0.1563125 -11.7325   ]
-0.02	 -0.38	0.06	-0.13	12_R	[ 25.48790476   1.44414286 -10.91566667]
-0.01	 0.27	0.01	-0.0	12_R	[ 26.0017619    3.4732619  -11.49404762]
-0.04	 0.43	0.1	-0.14	12_R	[ 27.31856   1.19112 -10.61168]
0.05	 0.42	0.02	-0.13	12_R	[ 24.62628   4.09888 -16.96696]
0.15	 1.32	0.22	-0.5	12_R	[ 23.10015385   1.36569231 -15.95538462]
0.03	 0.09	-0.15	-0.06	12_R	[ 25.3828   4.2837 -13.4246]
-0.22	 -0.52	-0.05	0.18	12_R	[ 23.2955       3.3815     -14.88673077]
-0.26	 -0.35	0.53	0.69	12_R	[ 22.45933333   1.8315     -12.23053333]
0.16	 0.9	0.08	-0.3	12_R	[ 22.53581818   0.87109091 -14.30290909]
-0.18	 -0.9	0.12	0.07	12_R	[ 24.120375    3.8456875 -11.7465625]
-0.21	 -1.19	-0.01	0.76	12_R	[ 26.19775      3.77891667 -10.31541667]
0.01	 0.29	0.1	-0.21	12_R	[ 27.46165517  -0.43334483 -11.15665517]
-0.25	 -0.84	0.01	0.34	12_R	[ 27.60566667   1.974      -10.0622    ]
0.13	 1.54	-0.03	-0.26	13_C	[ 30.275    4.9668 -14.9312]
-0.13	 -0.52	-0.01	0.13	13_C	[ 31.86278571   3.85253571 -14.38314286]
0.05	 0.94	0.12	-0.36	13_C	[ 28.80121053   2.11794737 -12.32636842]
-0.02	 -0.17	-0.01	-0.07	13_C	[ 3.08632973e+01 -1.69189189e-02 -1.34231892e+01]
0.06	 -0.15	-0.18	-0.07	13_C	[ 28.37560714   4.09985714 -13.4935    ]
-0.16	 -0.26	-0.09	0.16	13_C	[ 29.88896   2.09996 -12.24908]
0.13	 0.59	-0.09	-0.13	14_K	[ 33.69227273   3.19036364 -16.15163636]
-0.05	 -0.05	-0.01	0.01	14_K	[ 34.63337037   3.0477037  -18.28881481]
-0.09	 -0.4	-0.16	0.11	14_K	[ 33.39933333   5.38433333 -17.06755556]
-0.03	 0.08	-0.05	-0.08	14_K	[ 31.023        6.95175    -17.28783333]
0.12	 1.09	0.1	-0.35	14_K	[ 29.93205556   5.00455556 -20.12711111]
-0.2	 -0.91	-0.12	0.24	14_K	[ 29.131    7.5676 -20.4647]
0.05	 -0.05	-0.05	-0.1	14_K	[ 27.51588889   7.49333333 -17.34877778]
-0.1	 -0.66	0.28	-0.09	14_K	[ 32.64945   5.52755 -16.0855 ]
-0.07	 -0.34	0.07	0.08	14_K	[ 33.017        5.19390909 -18.968     ]
0.03	 -0.63	-0.02	0.01	14_K	[ 29.94011111   6.11433333 -15.793     ]
-0.17	 -0.6	-0.01	0.26	14_K	[ 31.25786957   7.5246087  -17.81908696]
-0.1	 -0.62	-0.19	0.08	14_K	[ 30.88857895   5.35247368 -20.45489474]
-0.21	 -0.64	0.15	0.32	14_K	[ 29.77621739   8.19078261 -19.52047826]
-0.09	 0.26	-0.1	0.11	14_K	[ 27.74262069   6.17351724 -20.77872414]
-0.3	 -0.68	0.11	0.49	14_K	[ 27.11180769   8.05288462 -18.73788462]
0.06	 0.47	-0.02	-0.13	14_K	[ 26.32416667   6.25791667 -18.016     ]
-0.15	 -0.7	0.03	0.13	14_K	[ 28.42317647   7.50041176 -16.80517647]
0.03	 -0.03	0.03	-0.12	15_G	[ 33.86976471   1.20841176 -15.22017647]
-0.19	 -0.51	0.1	0.31	15_G	[ 35.25916667   1.37505556 -16.44922222]
-0.11	 -0.19	-0.0	0.1	15_G	[ 33.72859091  -0.62768182 -15.11436364]
0.12	 1.91	0.17	-0.36	16_G	[ 35.21895  -0.55375 -17.7426 ]
0.07	 1.14	-0.1	-0.21	16_G	[ 36.11225   -1.393375 -18.853375]
0.04	 0.27	-0.06	-0.06	16_G	[ 36.11754545  -3.75736364 -17.88327273]
-0.06	 0.29	0.0	-0.0	16_G	[ 34.59836667  -3.65796667 -16.49773333]
-0.25	 -0.71	-0.02	0.29	16_G	[ 36.100625    -1.01108333 -16.85445833]
-0.14	 -0.2	-0.01	0.25	16_G	[ 36.33264516  -1.87751613 -19.81774194]
0.02	 0.1	-0.12	-0.09	17_F	[ 36.357125  -6.3845   -18.199   ]
-0.14	 -0.29	0.02	0.17	17_F	[ 36.96010811  -5.89905405 -20.74910811]
0.09	 0.54	0.02	-0.17	17_F	[ 35.4403913   -3.71356522 -21.42834783]
0.14	 1.24	0.09	-0.36	17_F	[ 34.45844444  -6.25322222 -17.367     ]
0.14	 2.29	0.08	-0.33	18_A	[ 35.15525   -7.216625 -17.506375]
0.07	 1.42	0.08	-0.3	18_A	[ 37.3092  -7.5358 -18.3366]
-0.11	 -0.64	-0.01	0.09	18_A	[ 37.15593103  -9.95386207 -17.11534483]
-0.02	 0.16	-0.11	0.03	18_A	[ 38.138   -7.9975 -19.0865]
-0.17	 -0.77	0.12	0.34	18_A	[ 37.85646667 -11.02266667 -17.56753333]
-0.16	 -0.47	0.11	0.33	18_A	[ 36.90646429  -8.42085714 -16.73575   ]
-0.04	 -0.14	-0.08	0.04	18_A	[ 35.0932381  -10.39404762 -16.91895238]
-0.05	 0.04	0.01	-0.03	19_P	[ 36.07760606 -12.90666667 -18.89378788]
-0.06	 -0.05	-0.08	0.01	19_P	[ 38.655      -13.57022222 -22.779     ]
-0.13	 -0.24	-0.04	0.12	19_P	[ 40.007125  -11.1655    -22.3505625]
-0.03	 0.37	0.03	-0.12	19_P	[ 39.40325     -9.64841667 -19.77458333]
0.2	 1.07	0.8	-0.81	19_P	[ 36.3752  -10.1674  -23.27745]
-0.05	 -0.08	-0.04	0.07	19_P	[ 37.94178125 -13.84915625 -21.20690625]
-0.08	 0.06	-0.2	0.05	19_P	[ 38.249      -13.01441176 -23.90529412]
-0.23	 -0.76	0.17	0.42	19_P	[ 40.48334783 -11.66791304 -21.62421739]
-0.17	 -0.32	-0.06	0.27	19_P	[ 38.49525926 -10.19996296 -23.35777778]
-0.19	 -0.86	-0.01	0.24	19_P	[ 39.16340909 -11.01604545 -19.18290909]
-0.14	 -0.12	0.0	0.12	19_P	[ 38.69682353  -8.72447059 -21.278     ]
0.08	 0.09	-0.06	-0.14	20_A	[ 33.5973 -14.0121 -18.7602]
-0.03	 -0.27	0.01	0.03	20_A	[ 31.461      -14.91384211 -18.80347368]
-0.05	 0.21	-0.01	0.03	20_A	[ 34.37568571 -16.12937143 -20.88394286]
0.2	 1.38	0.4	-0.62	20_A	[ 32.822375 -15.37875  -22.886375]
-0.14	 -0.66	-0.13	0.31	20_A	[ 32.90953571 -16.51442857 -20.63121429]
-0.06	 -0.47	0.06	0.17	20_A	[ 35.5136875 -16.223875  -22.1218125]
-0.08	 -0.17	0.01	0.14	20_A	[ 35.73233333 -15.19204762 -19.78942857]
0.05	 0.63	-0.14	-0.18	21_E	[ 33.98933333 -13.02133333 -18.698     ]
0.08	 0.95	0.05	-0.31	21_E	[ 33.56016667 -12.53916667 -18.18883333]
0.07	 0.79	-0.22	0.08	21_E	[ 32.96566667 -11.35366667 -16.975     ]
0.09	 1.33	0.22	-0.48	21_E	[ 30.74027273 -10.04554545 -16.18018182]
-0.09	 0.26	0.01	-0.01	21_E	[ 32.80026667  -8.67973333 -15.76353333]
-0.07	 0.25	-0.12	0.02	21_E	[ 30.40689286  -8.21746429 -15.05453571]
0.03	 0.31	-0.06	-0.08	21_E	[ 33.68959259  -7.43259259 -16.5027037 ]
-0.05	 -0.2	0.02	0.06	21_E	[ 32.21705882 -12.76982353 -17.31670588]
0.07	 0.59	0.15	-0.33	21_E	[ 33.66411765 -11.022      -17.23547059]
-0.18	 -0.66	-0.03	0.23	21_E	[ 30.99877778 -10.70077778 -15.94577778]
0.12	 0.76	0.06	-0.3	22_K	[ 28.22839286 -10.24925    -16.2855    ]
0.06	 -0.02	-0.05	-0.17	22_K	[ 27.69690909 -14.09854545 -16.54309091]
0.0	 0.48	-0.0	-0.06	22_K	[ 25.6483 -15.2802 -16.1117]
0.11	 -0.33	0.21	-0.45	22_K	[ 22.40735 -15.0452  -16.9523 ]
-0.05	 0.05	-0.05	-0.03	22_K	[ 29.82344444 -12.89822222 -17.03694444]
-0.02	 0.25	0.06	-0.08	22_K	[ 28.41388889 -14.78016667 -17.557     ]
0.0	 0.04	0.0	-0.15	22_K	[ 27.68235714 -12.66464286 -16.07078571]
-0.02	 -0.29	-0.05	0.07	22_K	[ 26.06185714 -16.05828571 -17.06142857]
0.01	 -0.66	-0.08	-0.01	22_K	[ 25.70253333 -14.2944     -15.5726    ]
0.16	 1.25	0.04	-0.31	22_K	[ 22.78745455 -15.78990909 -18.98054545]
-0.27	 -0.62	-0.06	0.32	22_K	[ 21.45263636 -15.53859091 -17.23040909]
-0.3	 -0.67	0.04	0.35	22_K	[ 23.64490476 -16.85028571 -16.7732381 ]
-0.2	 -0.39	-0.02	0.23	22_K	[ 23.24977273 -14.69204545 -15.25963636]
0.1	 0.9	-0.03	-0.21	23_I	[ 28.50925806  -7.74174194 -24.88893548]
0.04	 1.1	0.03	-0.19	24_V	[ 19.7758  -7.5066 -19.7622]
0.01	 0.49	-0.09	-0.08	24_V	[ 21.33905556  -8.81588889 -18.32383333]
0.12	 1.26	0.19	-0.44	24_V	[ 19.66466667  -7.00408333 -19.03933333]
0.11	 0.86	0.06	-0.24	24_V	[ 20.13647059  -8.44064706 -20.76511765]
0.0	 0.07	0.01	-0.05	24_V	[ 21.25517391  -7.87913043 -17.5176087 ]
0.11	 -0.22	-0.08	-0.14	24_V	[ 20.9482  -8.8774 -19.3056]
0.12	 0.99	-0.02	-0.21	25_N	[ 19.94872727  -6.46422727 -25.59477273]
-0.05	 0.52	0.02	-0.04	25_N	[ 22.13028571  -6.20757143 -27.38907143]
0.03	 -0.4	0.01	-0.08	25_N	[ 21.04869231  -4.79523077 -27.15069231]
-0.07	 -0.19	-0.1	0.16	25_N	[ 24.18782353  -5.84764706 -28.46611765]
0.24	 1.0	0.07	-0.34	25_N	[ 22.061125   -7.5534375 -26.39925  ]
-0.09	 -0.17	0.05	0.15	25_N	[ 23.94963636  -4.28584848 -28.75287879]
-0.08	 -0.2	-0.1	0.07	25_N	[ 25.32314286  -6.42078571 -27.934     ]
0.18	 1.05	0.36	-0.59	26_S	[ 17.73975    -4.452375  -24.3930625]
0.07	 0.5	-0.09	-0.26	26_S	[ 16.65124324  -3.60227027 -23.10421622]
0.1	 0.79	0.14	-0.35	27_N	[ 18.617       -0.78766667 -28.655     ]
-0.07	 -0.24	-0.01	0.02	27_N	[ 19.70727273  -0.80609091 -28.94663636]
-0.12	 -0.63	0.04	0.13	27_N	[ 20.433       1.2582069 -27.6482069]
0.04	 0.44	0.09	-0.31	27_N	[ 17.87072727   0.86818182 -26.63245455]
-0.05	 0.35	-0.03	0.04	27_N	[ 15.93038889  -0.54611111 -26.38988889]
-0.32	 -1.11	0.17	0.45	27_N	[ 15.41206452  -1.79016129 -27.18574194]
-0.1	 -1.13	0.03	0.12	27_N	[ 15.49645455   0.82781818 -25.14354545]
-0.04	 0.15	-0.18	0.0	27_N	[ 18.06975758  -3.88624242 -25.97639394]
-0.15	 -0.81	0.0	0.26	27_N	[ 18.19882353  -2.18282353 -28.40488235]
-0.01	 0.14	-0.68	0.32	27_N	[ 18.65208333   1.422      -25.36158333]
-0.22	 -0.7	0.02	0.29	27_N	[ 17.92028   0.6254  -28.06708]
-0.14	 -0.21	-0.02	0.17	27_N	[ 14.90111765  -0.72747059 -24.18826471]
-0.02	 0.18	0.08	-0.1	27_N	[ 17.14595833   0.98733333 -23.823875  ]
-0.08	 -0.08	-0.13	0.04	28_G	[ 20.644875  -2.55575  -28.71375 ]
-0.07	 -0.2	-0.05	0.05	28_G	[ 22.6329375  -1.710375  -29.3483125]
0.12	 0.84	-0.02	-0.17	28_G	[ 23.38525      0.70925    -27.34583333]
-0.11	 -0.18	0.11	0.11	28_G	[ 25.19630769  -0.61994872 -27.47587179]
0.07	 0.45	-0.06	-0.1	28_G	[ 20.54230769  -3.45261538 -27.88123077]
-0.03	 0.17	0.06	-0.02	28_G	[ 22.92626316  -2.86878947 -28.94426316]
-0.25	 -0.94	0.09	0.34	28_G	[ 22.26435294  -0.47141176 -29.44264706]
0.0	 0.13	-0.0	-0.12	29_E	[ 23.19         2.39171429 -25.74635714]
0.18	 1.23	0.04	-0.31	29_E	[ 19.4595   2.062  -24.2908]
0.21	 1.16	0.13	-0.38	29_E	[ 19.19938889   1.86688889 -22.71766667]
-0.14	 -0.54	0.06	0.14	29_E	[ 20.57188   3.80236 -24.32516]
0.04	 0.01	-0.08	-0.07	29_E	[ 25.00915789   1.12336842 -25.12563158]
-0.06	 0.11	-0.03	-0.02	29_E	[ 23.68752632   3.45042105 -24.52578947]
-0.0	 0.05	-0.09	0.01	29_E	[ 22.1574       2.07626667 -26.33433333]
0.1	 0.58	-0.02	0.07	30_L	[ 28.18366667  -1.67666667 -24.847     ]
0.01	 0.63	0.04	-0.23	30_L	[ 29.77790625  -4.0875625  -26.033125  ]
0.15	 1.61	0.08	-0.33	30_L	[ 27.37976923  -6.00876923 -25.84430769]
0.14	 0.25	0.01	-0.19	30_L	[ 26.72175  -0.26235 -24.1249 ]
0.17	 1.17	0.32	-0.58	30_L	[ 28.318       -1.31326667 -23.90446667]
-0.03	 0.49	-0.06	-0.04	30_L	[ 27.203625   -1.972875  -26.0840625]
-0.22	 -0.66	-0.04	0.31	30_L	[ 29.00714286  -3.91307143 -26.84632143]
0.04	 0.31	-0.09	-0.05	30_L	[ 29.80119048  -1.78190476 -25.13214286]
0.13	 0.96	0.07	-0.36	30_L	[ 29.67427273  -5.60554545 -25.27472727]
-0.0	 -0.66	-0.08	0.01	30_L	[ 26.429   -4.2842 -27.0869]
0.17	 1.26	0.01	-0.31	31_Y	[ 21.63921429   0.12507143 -17.254     ]
0.06	 0.73	-0.06	-0.17	31_Y	[ 22.46896   1.84328 -17.695  ]
0.05	 0.5	-0.04	-0.17	32_H	[ 31.82071429  -5.49942857 -14.86742857]
0.09	 0.54	-0.02	-0.18	32_H	[ 31.62893103  -2.85465517 -14.57172414]
-0.1	 1.58	0.01	0.05	32_H	[ 32.5975      -4.08266667 -15.07283333]
0.02	 0.59	0.0	-0.06	32_H	[ 33.16781818  -4.79363636 -15.92190909]
0.07	 1.29	0.4	-0.74	33_E	[ 23.1072  -8.0824 -14.8152]
0.13	 1.33	0.01	-0.28	33_E	[ 23.82171429  -7.67828571 -12.20335714]
0.07	 0.7	-0.05	-0.17	33_E	[ 22.01279167  -7.20279167 -14.18195833]
0.06	 0.87	0.04	-0.26	33_E	[ 24.55443478  -9.03573913 -13.48504348]
0.06	 1.32	0.15	-0.46	33_E	[ 23.26433333 -10.13316667 -15.3425    ]
-0.08	 -0.05	-0.22	0.08	33_E	[ 24.26111111 -11.47611111 -13.76044444]
-0.12	 -0.19	-0.08	0.12	33_E	[ 22.93529412 -12.12676471 -15.54594118]
-0.19	 -0.67	0.17	0.19	33_E	[ 26.00503125 -12.2105     -14.10484375]
0.21	 1.79	0.18	-0.44	33_E	[ 27.96021053  -8.22573684 -15.22010526]
0.15	 1.13	0.04	-0.28	33_E	[ 23.00645455  -8.03790909 -15.63990909]
-0.08	 -0.74	-0.16	0.01	33_E	[ 26.55133333  -9.337875   -13.60820833]
-0.12	 -0.43	-0.21	0.23	33_E	[ 23.60953571  -9.34367857 -13.36775   ]
0.1	 0.74	0.08	-0.29	33_E	[ 23.07575  -9.79915 -16.5934 ]
0.09	 1.18	0.02	-0.32	34_Q	[ 25.258125  -7.73575  -12.0395  ]
0.03	 0.79	-0.1	-0.07	34_Q	[ 24.7895  -7.25   -11.2765]
0.01	 0.53	-0.11	-0.08	34_Q	[ 24.36593182  -2.58890909 -10.63311364]
-0.16	 -0.64	-0.09	0.18	34_Q	[26.22945455 -6.32090909 -9.42545455]
0.07	 1.45	-0.11	-0.23	34_Q	[ 27.4974   -3.7594  -10.64965]
-0.08	 -0.79	-0.08	0.09	34_Q	[ 28.7749  -6.7771 -10.8267]
-0.07	 -0.22	-0.0	-0.01	34_Q	[ 28.04922727  -7.85477273 -12.65118182]
-0.05	 0.43	0.04	-0.02	34_Q	[ 30.48855  -5.25185 -11.71985]
-0.09	 0.17	-0.19	0.04	34_Q	[ 23.35590476  -6.54628571 -10.79352381]
-0.19	 -0.6	0.1	0.33	34_Q	[25.47554545 -4.97572727 -9.27245455]
-0.17	 -0.76	0.09	0.27	34_Q	[ 26.17581818  -7.35113636 -10.45963636]
-0.27	 -0.81	0.07	0.42	34_Q	[27.99973684 -4.30221053 -9.73005263]
-0.1	 -0.25	0.0	0.12	34_Q	[ 29.84281818  -3.77245455 -11.80893939]
-0.11	 -0.28	0.06	0.19	34_Q	[ 30.78417391  -6.33165217 -12.7616087 ]
0.08	 1.02	-0.01	-0.2	35_C	[ 21.97795  -0.1761  -15.1933 ]
0.23	 1.12	0.05	-0.31	35_C	[ 28.482375  -1.839875 -12.49775 ]
0.21	 1.5	0.24	-0.48	36_F	[ 19.33268  -5.98992 -14.77392]
0.1	 1.06	0.46	-0.85	36_F	[ 18.11708333  -6.08816667 -17.39125   ]
0.08	 1.04	0.01	-0.2	36_F	[ 17.1245    -5.621625 -17.03775 ]
0.16	 1.34	0.15	-0.41	36_F	[ 20.67514286  -1.23904762 -16.56704762]
0.21	 1.49	0.19	-0.46	36_F	[ 21.23570588  -6.33511765 -16.00911765]
-0.11	 0.21	-0.31	0.25	36_F	[ 18.92117857  -6.44564286 -16.82682143]
0.06	 0.66	0.01	-0.24	36_F	[ 16.78257895  -6.10605263 -17.92763158]
0.24	 1.39	0.34	-0.58	36_F	[ 16.05536842  -4.07757895 -20.71021053]
0.03	 0.38	-0.13	-0.14	37_V	[ 19.47107692   0.47038462 -13.24920513]
-0.03	 0.3	-0.2	-0.07	37_V	[ 22.1668   -0.7644  -10.84016]
0.16	 1.73	0.18	-0.45	37_V	[ 20.17        -1.17846154 -14.79338462]
0.16	 0.97	0.01	-0.26	37_V	[21.794      -5.22170588 -9.89411765]
0.08	 0.98	0.12	-0.36	37_V	[21.97253846 -2.44880769 -9.30488462]
0.17	 1.21	0.09	-0.35	37_V	[ 2.08440556e+01 -8.11111111e-03 -1.06962222e+01]
0.12	 1.37	0.22	-0.43	39_A	[ 19.459        1.94242857 -11.50514286]
0.09	 1.21	0.37	-0.6	39_A	[17.69922222  5.01555556 -8.72422222]
-0.07	 0.04	-0.12	0.04	39_A	[18.77375     4.59730556 -7.76413889]
-0.01	 -0.83	-0.09	-0.01	39_A	[ 20.149375   4.434125 -11.22825 ]
-0.07	 0.72	-0.04	-0.07	39_A	[ 20.22309091   2.20539394 -10.26509091]
0.03	 0.33	-0.07	-0.12	39_A	[19.52133333  5.62566667 -9.78036364]
0.0	 0.21	0.3	0.11	39_A	[ 19.35811538   3.53634615 -12.37711538]
-0.07	 -0.13	-0.03	0.03	40_Q	[17.20210811  2.42610811 -4.10013514]
0.07	 0.95	-0.09	-0.21	40_Q	[13.2945    3.479    -4.208625]
0.06	 -0.34	-0.09	-0.06	40_Q	[16.524       4.93514286 -4.56485714]
-0.05	 -0.07	-0.08	0.04	40_Q	[15.92451351  6.66083784 -6.35510811]
-0.14	 -0.34	-0.22	0.17	40_Q	[14.74078947  5.745      -3.16263158]
0.14	 1.46	-0.06	-0.17	40_Q	[17.63726667  4.081      -5.74306667]
0.12	 1.1	-0.12	-0.15	40_Q	[12.65309091  4.16227273 -4.63718182]
0.02	 0.11	-0.05	-0.08	40_Q	[14.2934   2.4026  -4.34315]
-0.28	 -0.74	0.02	0.4	40_Q	[13.91515385  5.0255     -3.00442308]
-0.19	 -0.54	0.06	0.32	40_Q	[14.7         6.98645946 -3.71810811]
-0.0	 0.45	-0.08	-0.02	41_C	[18.10652941 -2.47811765 -4.10941176]
-0.17	 -0.67	-0.11	0.23	41_C	[14.09781818 -1.95972727 -4.75327273]
0.03	 0.34	0.02	-0.18	41_C	[13.62966667 -2.86754545 -7.65972727]
-0.03	 -0.04	0.02	-0.01	41_C	[16.31185185  0.04933333 -4.023     ]
-0.05	 -0.13	0.05	0.03	41_C	[15.13292593 -2.99851852 -4.65566667]
-0.96	 -0.32	0.03	0.18	41_C	[13.49704 -0.3306  -5.09912]
-0.04	 -0.07	-0.1	-0.05	42_F	[20.75930769 -4.78830769 -7.68719231]
0.05	 0.62	-0.02	-0.14	42_F	[21.82881818 -2.61227273 -5.61090909]
-0.07	 -0.54	-0.15	0.05	42_F	[22.4032 -1.0084 -5.792 ]
-0.05	 -0.19	0.12	-0.16	42_F	[22.15215  0.20785 -6.8965 ]
-0.05	 -0.29	0.01	-0.07	42_F	[21.02026923 -0.86961538 -4.00473077]
-0.03	 -0.25	0.03	-0.01	42_F	[21.12930769  2.54434615 -5.90180769]
-0.08	 -0.57	-0.08	0.07	42_F	[20.86232258  0.45664516 -3.19554839]
-0.12	 -0.48	-0.08	0.12	42_F	[21.56117241  2.16617241 -4.07872414]
-0.05	 -0.18	-0.25	0.09	42_F	[20.544375  -3.6754375 -5.2248125]
-0.16	 0.07	-0.16	0.27	42_F	[22.17677778 -2.2965     -7.53972222]
0.05	 0.45	0.03	-0.2	42_F	[21.14016667  0.64970833 -8.445375  ]
-0.17	 -0.66	0.05	0.3	42_F	[20.83765 -2.14515 -3.55095]
-0.13	 -0.14	-0.05	0.27	42_F	[21.1    3.157 -6.857]
-0.27	 -0.74	0.27	0.64	42_F	[21.2836   0.62165 -2.0605 ]
-0.31	 -0.85	0.26	0.59	42_F	[21.60531579  3.13426316 -3.69031579]
-0.06	 0.83	-0.07	0.02	43_Q	[14.648    -6.004125 -7.93525 ]
0.06	 -0.06	-0.02	-0.17	43_Q	[16.10946667 -5.8752     -5.0874    ]
-0.07	 0.05	-0.08	0.06	43_Q	[17.56483333 -7.48877778 -5.54694444]
-0.2	 -0.59	0.01	0.27	43_Q	[17.15802941 -8.57688235 -6.63694118]
-0.07	 0.09	-0.04	0.02	43_Q	[18.92509677 -6.40519355 -4.83480645]
0.14	 1.25	0.2	-0.47	43_Q	[19.18905263 -6.52052632 -7.93373684]
0.04	 0.03	-0.03	-0.1	43_Q	[14.50473333 -4.85853333 -7.71313333]
-0.04	 -0.19	0.03	0.0	43_Q	[15.44727273 -7.22531818 -7.98790909]
0.14	 1.19	0.15	-0.41	43_Q	[16.90336364 -4.46418182 -4.60445455]
-0.26	 -0.65	0.06	0.39	43_Q	[14.98028571 -5.74090476 -5.36071429]
-0.17	 -0.8	-0.03	0.27	43_Q	[18.93025 -5.1294  -4.2004 ]
-0.3	 -1.1	0.25	0.52	43_Q	[19.3506  -7.81644 -4.80048]
0.1	 1.14	0.14	-0.41	44_Q	[ 14.488125  -7.769375 -12.22575 ]
0.07	 0.49	-0.09	-0.14	44_Q	[ 14.04622727  -6.39613636 -10.76113636]
0.03	 0.33	0.04	-0.21	44_Q	[ 15.6815      -8.36395833 -12.99020833]
-0.1	 -0.3	0.01	-0.02	44_Q	[ 18.619125   -9.4533125 -12.9084375]
-0.15	 -0.56	-0.07	0.2	44_Q	[ 19.76736364 -10.02709091 -11.14527273]
-0.15	 -0.38	-0.03	0.2	44_Q	[18.17538235 -9.61458824 -9.50861765]
-0.04	 0.85	0.03	-0.07	44_Q	[ 21.33794737  -8.54194737 -11.43326316]
0.12	 1.61	0.05	-0.35	44_Q	[16.5883 -8.1423 -9.6355]
-0.15	 -0.8	0.04	0.25	44_Q	[ 15.80318182  -8.85681818 -11.10527273]
-0.28	 -0.77	-0.18	0.33	44_Q	[ 16.0828  -8.488  -13.9432]
-0.24	 -0.62	0.18	0.33	44_Q	[ 18.112375   -10.1555     -12.90666667]
0.03	 0.48	-0.0	-0.15	44_Q	[ 18.92        -7.48567742 -13.849     ]
-0.03	 0.39	-0.28	-0.04	44_Q	[ 21.046625   -8.3355625 -12.6244375]
-0.12	 -0.16	0.05	0.09	44_Q	[20.6565     -7.79986667 -9.495     ]
0.12	 0.67	-0.01	-0.27	45_F	[ 13.40481818  -7.86236364 -13.02218182]
-0.02	 0.13	-0.13	-0.05	45_F	[ 13.95879167  -8.087125   -14.82704167]
0.09	 1.11	0.08	-0.33	45_F	[ 16.39622857  -6.10257143 -14.93791429]
0.16	 1.47	0.28	-0.54	45_F	[ 15.42776923  -5.74684615 -16.345     ]
0.2	 1.44	0.24	-0.5	45_F	[ 18.62504762  -1.0242381  -16.26052381]
0.17	 1.31	0.41	-0.64	45_F	[ 18.07266667   0.08591667 -15.61566667]
0.08	 1.03	0.4	-0.72	46_P	[ 12.22677778  -7.90555556 -12.29488889]
0.2	 1.05	0.08	-0.37	46_P	[  9.18668421  -5.80857895 -15.37721053]
-0.02	 1.05	-0.04	-0.02	46_P	[  8.69208333  -7.94783333 -12.4625    ]
-0.06	 -0.25	0.0	0.04	46_P	[  9.94226316  -6.28436842 -10.636     ]
0.09	 1.51	0.01	-0.36	46_P	[ 11.19785714  -4.50257143 -10.66471429]
-0.05	 -0.07	-0.01	0.07	46_P	[ 11.28945833  -9.16375    -13.10679167]
-0.11	 -0.37	-0.03	0.14	46_P	[  8.48883333  -6.38977778 -13.3795    ]
-0.2	 -0.77	-0.01	0.27	46_P	[  8.7666   -8.96635 -12.52585]
-0.17	 -0.65	0.04	0.64	46_P	[  9.49141176  -5.28155882 -10.90376471]
-0.13	 -0.35	0.12	0.21	46_P	[ 11.23724  -7.68656 -10.67784]
0.1	 0.54	-0.11	-0.19	46_P	[ 10.06957895  -4.35168421 -13.07889474]
0.0	 -0.02	-0.17	0.0	46_P	[ 12.1695     -4.700625  -10.6985625]
0.08	 1.06	0.22	-0.39	47_E	[ 11.87614286  -9.60342857 -17.01642857]
-0.19	 -0.61	-0.08	0.17	47_E	[ 11.97911111  -9.28455556 -18.69611111]
-0.15	 -0.44	-0.06	0.18	47_E	[ 10.36434483  -7.78862069 -20.21048276]
0.13	 1.05	0.26	-0.43	47_E	[  7.2915      -8.1355     -18.55183333]
-0.05	 0.39	-0.07	0.06	47_E	[  6.52427273  -8.62390909 -15.96818182]
-0.09	 0.18	-0.04	0.13	47_E	[  7.63010526 -11.39036842 -15.86010526]
-0.32	 -1.06	0.23	0.47	47_E	[  7.9436129  -12.17735484 -17.31780645]
-0.22	 -0.82	0.09	0.29	47_E	[  8.03742857 -10.986      -14.2508    ]
-0.09	 0.43	-0.08	0.14	47_E	[ 11.3399375 -10.0833125 -15.068375 ]
-0.08	 -0.1	-0.01	0.0	47_E	[ 10.43536364 -10.50663636 -17.76686364]
-0.11	 -0.34	-0.09	0.07	47_E	[  8.1166087   -8.85552174 -19.01526087]
-0.05	 0.12	-0.06	-0.02	47_E	[  7.459125    -7.9765     -15.24533333]
-0.19	 -0.78	-0.07	0.34	47_E	[  6.28076  -8.5744  -17.31496]
0.01	 0.7	-0.02	-0.03	48_G	[ 12.78414286  -8.89385714 -17.47528571]
-0.03	 0.06	-0.02	-0.04	48_G	[ 13.99530769  -7.99430769 -18.57830769]
0.2	 1.85	0.04	-0.28	48_G	[ 12.001625  -5.802    -20.2045  ]
0.06	 0.39	0.03	-0.2	48_G	[ 13.44078788  -4.19345455 -20.2690303 ]
0.1	 -0.0	-0.09	-0.05	48_G	[ 13.0161  -8.6395 -16.4959]
0.03	 0.35	0.03	-0.16	48_G	[ 14.88980769  -6.98038462 -17.67826923]
-0.08	 0.09	-0.27	0.15	48_G	[ 13.64111111  -7.41818519 -20.12051852]
0.2	 1.56	0.28	-0.53	49_L	[ 10.23547619  -3.30447619 -14.9792381 ]
-0.08	 -0.37	0.04	0.07	49_L	[  5.97781818  -5.00695455 -18.55295455]
-0.09	 -0.7	-0.03	0.14	49_L	[  8.92653571  -4.14889286 -21.35896429]
0.09	 0.51	-0.1	-0.13	49_L	[ 10.86125   -3.051375 -20.245   ]
0.11	 0.99	0.02	-0.28	49_L	[  8.41754167  -3.59954167 -16.23341667]
0.17	 1.19	0.0	-0.23	49_L	[  8.958       -1.64452381 -18.69228571]
-0.16	 -0.46	0.04	0.22	49_L	[  6.63984  -6.541   -19.45292]
-0.05	 0.03	-0.03	0.24	49_L	[  6.78210345  -5.19817241 -17.02710345]
-0.17	 -0.42	-0.13	0.2	49_L	[  6.12241176  -3.48735294 -18.90452941]
-0.22	 -0.67	0.1	0.25	49_L	[  8.08196  -5.6262  -21.25504]
-0.12	 -1.04	0.07	0.07	49_L	[  8.22203333  -2.67853333 -20.32823333]
-0.08	 -0.68	0.05	0.18	49_L	[ 10.54572222  -4.64211111 -21.09294444]
-0.02	 0.08	-0.01	-0.08	50_F	[ 10.75294872   0.68894872 -19.43658974]
0.11	 1.29	0.31	-0.56	50_F	[ 13.36442857  -1.89871429 -20.10585714]
0.04	 0.08	-0.19	0.11	50_F	[ 13.635        2.02433333 -21.02488889]
-0.06	 -0.42	-0.2	0.06	50_F	[ 14.066375   -1.5843125 -21.131    ]
-0.02	 0.2	0.04	-0.18	50_F	[ 13.85626087   0.3316087  -21.37982609]
0.04	 0.42	-0.21	-0.05	50_F	[ 11.60232143  -1.64417857 -19.74242857]
0.12	 1.03	0.45	-0.95	50_F	[ 15.37564286   2.72742857 -21.73207143]
0.05	 0.2	-0.05	-0.15	50_F	[ 15.18764286  -2.44392857 -21.4325    ]
-0.03	 0.2	-0.24	0.04	50_F	[ 15.70366667   1.573      -22.411     ]
0.09	 0.35	-0.12	-0.08	51_Y	[  7.2078    3.14864 -17.3534 ]
-0.04	 -0.14	-0.08	0.04	51_Y	[  6.86965    1.115125 -18.2699  ]
0.13	 0.86	-0.05	-0.24	51_Y	[  6.76490476   0.1077619  -17.41419048]
-0.13	 -0.48	-0.05	0.15	51_Y	[  5.68448276  -1.09510345 -17.74372414]
0.08	 0.44	0.04	-0.19	51_Y	[ 10.718        3.37906667 -19.01773333]
0.18	 0.83	0.06	-0.3	51_Y	[  9.2395625   5.267375  -17.2503125]
-0.18	 -0.43	0.0	0.32	51_Y	[  7.8882381    4.03704762 -18.29138095]
-0.24	 -0.74	0.17	0.48	51_Y	[  6.09890476   1.39209524 -19.20333333]
0.09	 0.93	0.11	-0.36	51_Y	[  6.17625     -2.39178571 -16.45364286]
0.13	 1.07	0.01	-0.25	52_E	[ 13.2012   8.8747 -18.0436]
-0.09	 -0.38	-0.04	0.03	52_E	[ 10.7071875    8.05896875 -17.408875  ]
0.01	 0.47	-0.0	-0.06	52_E	[ 13.4545   8.086  -19.5483]
0.08	 1.05	0.02	-0.19	52_E	[ 13.12966667   5.377      -20.675     ]
-0.01	 -0.87	-0.1	-0.07	52_E	[ 15.32542105   6.15794737 -21.54473684]
-0.14	 -0.24	0.03	0.08	52_E	[ 16.67621053   6.98563158 -20.74518421]
-0.15	 -0.44	0.06	0.22	52_E	[ 14.59197727   4.78820455 -22.35456818]
0.05	 0.07	-0.06	-0.03	52_E	[ 10.80654545   5.32986364 -18.62986364]
-0.18	 -0.56	-0.05	0.26	52_E	[ 12.42904762   7.00138095 -19.98685714]
0.09	 -0.24	0.01	-0.07	52_E	[ 14.6651875   8.340375  -19.203125 ]
0.12	 1.09	0.07	-0.25	52_E	[ 12.83495   4.20525 -19.9974 ]
0.2	 1.51	0.24	-0.5	53_F	[ 16.29029412   9.87717647 -13.26982353]
0.11	 0.94	0.21	-0.45	53_F	[ 10.81673684  11.76794737 -15.01726316]
0.05	 0.38	-0.02	-0.11	53_F	[ 10.30979487  13.02615385 -13.66753846]
0.08	 0.98	-0.03	-0.24	53_F	[ 12.31011111  13.09055556 -10.55977778]
-0.01	 0.78	-0.15	-0.04	53_F	[ 11.15347059  13.97094118 -12.15152941]
0.06	 0.62	-0.08	-0.1	53_F	[ 12.30833333  10.2088     -16.94093333]
-0.03	 0.21	-0.21	0.11	53_F	[  9.84429032  10.44151613 -15.08      ]
0.12	 0.56	0.08	-0.28	53_F	[ 14.82560714  11.09221429 -11.82964286]
-0.61	 -0.51	-0.15	0.69	53_F	[  9.5861  13.216  -14.12  ]
-0.11	 -0.31	-0.08	0.09	53_F	[ 13.82686207  13.40927586 -11.01382759]
-1.88	 -0.53	0.15	0.53	53_F	[ 11.4157   14.76805 -12.12045]
0.07	 1.16	-0.08	-0.15	54_E	[ 17.155       13.3        -16.71666667]
-0.07	 -3.28	-0.03	0.04	54_E	[ 18.21144444  12.21655556 -17.23855556]
-0.11	 -0.27	-0.17	0.13	54_E	[ 18.7917381   11.56938095 -14.68016667]
0.04	 1.7	-0.09	-0.12	54_E	[ 17.05288889  13.36711111 -14.33655556]
0.05	 0.74	-0.05	-0.12	54_E	[ 14.13707143  14.30157143 -15.62757143]
-0.11	 -0.06	-0.02	0.06	54_E	[ 15.4754375  15.7436875 -13.4695625]
-0.25	 -0.85	0.12	0.34	54_E	[ 16.07946875  14.720875   -12.17321875]
-0.21	 -0.9	0.1	0.27	54_E	[ 13.61875   16.05535  -13.719875]
-0.0	 -0.5	0.0	0.02	54_E	[ 13.86174074  11.38388889 -17.20888889]
-0.15	 -1.05	0.0	0.31	54_E	[ 16.002       12.80321053 -17.65094737]
0.08	 -0.4	-0.02	-0.08	54_E	[ 16.4384375  11.87825   -13.274    ]
-0.07	 -0.4	0.15	-0.16	54_E	[ 17.3408   14.00232 -15.0958 ]
-0.2	 -0.71	0.01	0.29	54_E	[ 15.03928  14.77528 -16.366  ]
0.02	 0.39	-0.04	-0.18	54_E	[ 13.11281818  13.23381818 -15.61118182]
-0.04	 -0.07	-0.13	0.04	55_G	[ 17.41057143  11.388      -18.277     ]
-0.09	 -0.2	-0.06	0.12	55_G	[ 19.61385714  10.22471429 -18.37628571]
0.21	 1.36	0.09	-0.36	55_G	[ 18.89480952   7.58857143 -17.54366667]
-0.16	 -0.41	-0.15	0.26	55_G	[ 20.39829787   7.21759574 -17.14087234]
0.07	 -0.0	-0.03	-0.09	55_G	[ 16.1973    9.74645 -18.48665]
-0.19	 -0.45	-0.05	0.39	55_G	[ 18.46243478   9.08495652 -19.17421739]
-0.15	 -0.21	0.18	0.15	55_G	[ 20.05545833  10.52245833 -16.94879167]
0.06	 3.05	-0.01	-0.2	56_R	[ 21.00783333   8.01716667 -14.166     ]
0.09	 1.44	0.02	-0.31	56_R	[ 20.15788235   8.32988235 -11.74823529]
0.0	 0.03	-0.07	-0.02	56_R	[ 21.14013333   8.8834     -11.7658    ]
-0.06	 -0.64	-0.05	0.04	56_R	[ 21.42605882   8.95576471 -10.07091176]
-0.12	 -0.43	-0.06	0.2	56_R	[20.15428  8.72892 -8.65476]
-0.21	 0.2	0.01	0.25	56_R	[23.16304545  9.90731818 -9.70686364]
0.06	 -0.21	-0.07	-0.08	56_R	[ 19.70284615   5.72892308 -15.65      ]
-0.06	 0.15	0.03	-0.03	56_R	[ 20.52780645   6.30035484 -13.09612903]
-0.01	 0.22	-0.08	-0.05	56_R	[ 20.285875    9.3125625 -14.2310625]
0.01	 0.46	-0.0	-0.08	56_R	[ 18.18889286   9.55685714 -11.75939286]
0.07	 1.08	0.03	-0.3	56_R	[ 20.48628571   6.74542857 -10.57857143]
-0.21	 -1.5	-0.07	0.26	56_R	[ 21.83755   8.9676  -12.6177 ]
-0.08	 -0.01	-0.33	0.21	56_R	[19.11818519  8.0242963  -9.01774074]
-0.32	 -1.13	0.33	0.59	56_R	[20.8537619   9.29285714 -7.58404762]
-0.27	 -1.21	0.17	0.47	56_R	[ 23.48         9.84425    -10.99733333]
-0.28	 -1.04	0.18	0.47	56_R	[22.944       9.99711538 -8.39234615]
0.12	 1.58	0.07	-0.28	57_K	[ 18.93925   3.155   -16.75475]
0.19	 1.15	0.11	-0.34	57_K	[ 18.0094       1.90013333 -21.64086667]
-0.1	 -0.16	-0.4	0.06	57_K	[ 20.76916667   4.51983333 -20.08566667]
0.08	 0.26	0.06	-0.17	57_K	[ 18.9505625   4.1475    -14.762375 ]
0.08	 0.51	0.01	-0.24	57_K	[ 18.48242308   2.03165385 -14.93576923]
0.09	 0.62	0.04	-0.22	57_K	[ 19.11573333   4.11246667 -17.24633333]
0.08	 0.51	0.0	-0.21	57_K	[ 19.65305882   1.28917647 -17.4335    ]
0.09	 1.03	-0.01	-0.22	57_K	[ 17.01076471   3.20258824 -21.26617647]
-0.06	 -0.04	-0.21	0.02	57_K	[ 19.26753333   4.32006667 -21.36396667]
0.05	 0.7	-0.1	-0.12	57_K	[ 18.99084375   5.28675    -18.86509375]
0.07	 0.79	0.03	-0.19	57_K	[ 21.06311111   3.52983333 -19.12094444]
0.08	 0.35	-0.02	-0.17	58_Y	[ 16.01845   9.184   -10.95755]
0.14	 1.07	0.32	-0.4	58_Y	[16.7224      5.84753333 -8.59733333]
0.01	 0.39	-0.15	-0.06	58_Y	[16.91194737  7.55657895 -9.10928947]
0.12	 1.58	-0.02	-0.29	59_C	[ 12.5378  -2.996  -10.0504]
-0.03	 0.37	-0.06	-0.0	59_C	[10.99431579 -2.29992105 -8.73857895]
0.11	 1.21	0.05	-0.37	59_C	[ 10.07527273  -3.16268182 -11.09859091]
0.19	 1.45	0.36	-0.6	59_C	[ 13.414       -3.20604762 -10.49461905]
0.07	 1.16	-0.04	-0.15	60_E	[  6.88816667  -2.93416667 -13.1525    ]
0.02	 1.0	-0.04	-0.21	60_E	[  4.92866667  -1.39133333 -11.63666667]
-0.1	 -0.26	-0.1	0.08	60_E	[  3.984375    -1.85945833 -13.94991667]
-0.26	 -0.82	0.23	0.51	60_E	[  4.78557143  -3.34322857 -14.52411429]
-0.3	 -0.91	0.16	0.43	60_E	[  2.6577   -0.77735 -13.5185 ]
0.11	 0.75	-0.03	-0.29	60_E	[  8.98474194  -2.4906129  -13.04106452]
0.13	 0.47	0.08	-0.24	60_E	[  7.3194      -2.49526667 -14.5788    ]
-0.1	 -0.13	-0.09	0.02	60_E	[  6.21808  -2.31604 -11.51636]
0.07	 0.54	0.01	-0.23	60_E	[  4.71895  -0.3908  -11.1864 ]
0.15	 0.53	0.08	-0.25	60_E	[  4.90405556   0.74522222 -14.54088889]
0.09	 -0.26	0.11	-0.37	61_H	[ 6.35133333 -1.355      -9.97633333]
0.13	 1.21	-0.04	-0.2	61_H	[ 6.11366667 -1.269      -9.21133333]
0.15	 1.32	0.37	-0.6	61_H	[ 5.852       1.64561538 -7.40553846]
-0.06	 0.13	0.06	-0.07	61_H	[ 8.485      -2.49891667 -7.33658333]
-0.09	 0.79	-0.08	0.12	61_H	[ 7.91571429 -2.30957143 -5.83357143]
0.06	 1.22	0.13	-0.33	61_H	[ 5.8773  -0.52665 -6.0698 ]
-0.09	 -0.24	0.09	0.06	61_H	[ 9.48368421 -1.14268421 -5.05447368]
-0.09	 -0.36	-0.01	0.14	61_H	[ 6.15906897 -0.9357931  -3.71968966]
-0.12	 2.21	0.01	0.05	61_H	[ 8.3375     -1.134      -3.38583333]
-0.0	 0.53	0.12	0.27	61_H	[  8.46913043  -2.34747826 -10.21156522]
0.03	 0.06	-0.06	-0.05	61_H	[ 5.42109091  0.12513636 -8.93768182]
-0.21	 -0.87	0.02	0.32	61_H	[ 6.70221739 -2.49334783 -7.97708696]
-0.07	 0.14	-0.07	0.1	61_H	[ 9.336      -2.1944     -7.86486667]
-0.32	 -0.73	0.01	0.39	61_H	[ 5.0526087  -0.90452174 -6.10278261]
-0.03	 0.09	-0.08	0.02	61_H	[10.58610526 -0.45652632 -5.55905263]
-0.28	 -0.96	0.14	0.47	61_H	[ 5.352      -0.22561111 -3.17261111]
-0.22	 -0.47	0.13	0.28	61_H	[ 8.4424   0.70012 -3.0674 ]
0.12	 1.1	0.4	-0.63	62_D	[12.065   0.2452 -5.5044]
-0.03	 0.48	-0.06	-0.08	62_D	[10.9604      2.27684444 -4.90988889]
0.17	 1.36	0.12	-0.4	62_D	[12.05366667 -0.7846     -6.6564    ]
0.19	 1.6	0.21	-0.47	63_F	[  6.36508333   4.22       -15.15983333]
-0.02	 0.24	-0.14	-0.02	63_F	[  6.3228   5.6516 -15.9836]
0.09	 0.7	0.1	-0.24	63_F	[  8.06803333   7.9169     -15.80263333]
0.22	 1.25	0.39	-0.62	63_F	[  9.76945455   8.89127273 -15.88418182]
-0.4	 0.35	0.06	0.12	63_F	[  5.158        6.34095238 -15.401     ]
-0.21	 -0.41	-0.08	0.36	63_F	[  7.527        8.676375   -16.02620833]
0.14	 1.26	0.05	-0.33	64_Q	[ 4.1655      4.48358333 -7.33433333]
-0.1	 -0.01	-0.02	0.11	64_Q	[ 3.97882353  6.83720588 -8.38214706]
-0.06	 -0.09	-0.14	-0.0	64_Q	[ 3.9633  2.7616 -8.2418]
0.07	 0.91	0.12	-0.41	64_Q	[  2.2898   2.7754 -10.5064]
-0.09	 -0.09	-0.08	0.08	64_Q	[  2.24821429   2.73207143 -12.65928571]
-0.22	 -0.79	0.1	0.34	64_Q	[  1.56993548   4.87625806 -11.38929032]
-0.12	 -0.13	-0.07	0.11	64_Q	[  3.350875    3.4878125 -14.2094375]
0.07	 0.64	-0.04	-0.09	64_Q	[ 4.53746667  2.02966667 -8.49413333]
-0.13	 -0.43	-0.02	0.24	64_Q	[ 2.90065  3.76955 -8.86965]
-0.11	 -0.32	-0.04	0.04	64_Q	[  3.04717391   1.55808696 -10.81478261]
0.02	 0.52	-0.05	-0.07	64_Q	[  4.7973871    3.27370968 -14.43106452]
-0.24	 -0.91	0.09	0.36	64_Q	[  2.59915   4.77635 -14.21055]
0.17	 1.42	0.23	-0.48	65_M	[ 5.86875   8.081375 -7.463875]
-0.16	 -0.31	-0.04	0.19	65_M	[ 5.9398   8.10075 -5.2753 ]
0.07	 0.74	0.03	-0.22	65_M	[ 8.82035714  4.75535714 -4.56435714]
-0.12	 -0.4	-0.05	0.12	65_M	[ 4.63274603  2.57563492 -4.30663492]
-0.17	 -0.87	-0.02	0.2	65_M	[ 4.72406667  5.3025     -2.95046667]
0.03	 0.52	-0.09	-0.08	65_M	[ 4.409       5.90669231 -5.94684615]
0.14	 1.25	0.05	-0.33	65_M	[ 9.40609091  4.24481818 -5.29309091]
-0.01	 0.14	-0.17	-0.01	65_M	[ 7.82035294  5.89288235 -3.88958824]
0.15	 1.48	0.21	-0.47	65_M	[ 5.58952941  2.06164706 -6.41111765]
0.05	 0.41	0.01	-0.14	65_M	[ 7.84586667  3.087      -3.65993333]
-0.27	 -0.95	0.27	0.5	65_M	[ 3.956875    4.59354167 -2.11354167]
-0.1	 -0.62	0.1	0.15	65_M	[ 6.585375    5.135875   -2.66308333]
-0.12	 -0.32	-0.15	0.2	65_M	[ 4.45641667  6.18775    -4.25191667]
0.04	 0.71	-0.05	-0.14	66_L	[ 6.58047826  9.35921739 -8.2253913 ]
-0.2	 -0.8	0.15	0.29	66_L	[ 8.29575    11.20632143 -7.70407143]
0.09	 0.95	-0.04	0.08	66_L	[10.712       5.78633333 -5.01133333]
0.12	 1.25	0.28	-0.53	66_L	[12.72390909  7.73181818 -4.838     ]
-0.09	 -0.5	-0.11	0.15	66_L	[10.5005      8.18682143 -3.84567857]
-0.04	 -0.35	-0.13	0.0	66_L	[ 8.00533333  9.68355556 -5.94266667]
0.18	 0.93	-0.05	-0.17	66_L	[10.88181818  9.98536364 -7.05172727]
0.13	 1.09	0.18	-0.47	66_L	[10.39123529  5.31923529 -5.26241176]
0.17	 1.74	0.1	-0.39	66_L	[11.91672222  5.34216667 -4.85933333]
0.04	 0.33	-0.07	-0.1	66_L	[13.07951852  8.39807407 -6.27492593]
-0.19	 -0.57	-0.17	0.33	66_L	[10.85637931  6.75482759 -3.56813793]
-0.13	 -0.66	0.15	0.21	66_L	[10.81165385  9.45796154 -4.93103846]
-0.08	 -0.46	-0.02	0.15	66_L	[ 8.57838889  8.23316667 -4.11361111]
0.05	 0.52	-0.18	-0.09	67_F	[  6.02278571  10.60778571 -10.22135714]
-0.11	 0.07	-0.07	0.04	67_F	[  7.00383721  11.08730233 -13.04748837]
0.09	 1.29	-0.14	-0.05	67_F	[10.52033333 11.5775     -8.72133333]
0.06	 0.76	0.01	-0.27	67_F	[12.67745 10.876   -8.71045]
0.07	 1.35	-0.05	-0.25	67_F	[14.0010625  9.8715    -9.0653125]
0.05	 0.21	-0.03	-0.11	67_F	[  8.21561111  11.6275     -10.57483333]
-0.02	 0.34	-0.03	-0.07	67_F	[ 10.30118182  12.15668182 -10.104     ]
-0.33	 -0.32	0.16	0.55	67_F	[12.69304348 11.78934783 -8.76495652]
-0.05	 -0.22	-0.1	0.01	67_F	[14.45109091  9.01972727 -8.38795455]
0.08	 1.14	-0.08	-0.22	68_A	[  5.411125   9.357625 -10.054375]
0.04	 0.54	-0.12	-0.06	68_A	[  3.00183333   9.57922222 -12.19494444]
-0.32	 -0.84	0.14	0.42	68_A	[  2.96556757  10.16740541 -13.83008108]
0.05	 4.31	-0.03	-0.12	68_A	[  2.5005       7.17433333 -11.95483333]
-0.26	 -0.8	0.14	0.35	68_A	[  3.45913889  10.44983333 -10.70019444]
0.18	 1.27	0.2	-0.45	68_A	[ 5.4108      8.47353333 -9.70446667]
0.14	 0.51	0.05	-0.26	68_A	[  5.28026667   8.89866667 -14.29226667]
-0.06	 -0.56	-0.08	0.08	68_A	[  2.984        6.96777778 -13.60083333]
0.06	 -0.07	-0.04	-0.09	68_A	[  3.13014286   7.22035714 -10.65657143]
