-0.26	 -0.85	0.09	0.37	-15_A	[-6.18536364  6.43781818  2.20129091]
-0.13	 -0.49	-0.17	0.2	-15_A	[-8.664625    5.948       2.91854167]
0.08	 0.41	-0.24	-0.08	-15_A	[-9.26390476  7.97885714  1.57047619]
-0.24	 -0.67	-0.07	0.35	-15_A	[-8.49727027  9.48294595  1.0982973 ]
-0.23	 -1.2	0.12	0.36	-15_A	[-8.14873239  8.44526761  4.40592958]
0.13	 1.33	-0.06	-0.27	-14_H	[-9.96622727  5.64581818  1.64759091]
0.07	 0.51	-0.07	-0.12	-14_H	[-9.99153333  8.9244     -0.62826667]
0.06	 0.32	0.02	-0.13	-14_H	[-12.45576667   7.0787       1.33956667]
-0.13	 -0.24	-0.05	0.15	-14_H	[-8.63570732  6.99997561 -2.20207317]
0.08	 1.71	0.01	-0.15	-14_H	[-9.51815385  5.17853846 -3.23907692]
-0.13	 -0.52	0.04	0.17	-14_H	[-8.01498039  4.05443137 -0.58319608]
-0.04	 -0.18	-0.05	0.03	-14_H	[-10.661      2.219125  -2.556375]
-0.21	 -0.55	0.06	0.31	-14_H	[-8.91882143  2.05632143 -1.12975   ]
0.16	 0.75	0.11	-0.29	-13_H	[-11.5185625   8.593625   -2.316375 ]
0.06	 0.7	-0.01	-0.17	-13_H	[-14.71385714   6.62464286  -0.73471429]
0.1	 1.39	-0.02	-0.18	-13_H	[-14.84927273   5.65036364  -1.50736364]
-0.05	 -0.24	0.0	0.04	-13_H	[-15.51897222   7.14155556  -3.72244444]
-0.16	 -0.55	-0.14	0.21	-13_H	[-14.570925   9.238525  -2.4623  ]
-0.11	 0.38	-0.07	0.12	-13_H	[-14.80185714  10.93071429  -0.85657143]
-0.06	 -0.12	-0.02	0.12	-13_H	[-12.27366667  10.70133333  -0.36659259]
-0.18	 -0.77	0.02	0.27	-13_H	[-15.73361538   9.18532692   0.77601923]
-0.23	 -0.95	0.01	0.34	-13_H	[-12.83976786  11.04742857   1.85414286]
-0.22	 -0.57	0.19	0.27	-13_H	[-14.84725     10.31115625   2.48040625]
0.06	 0.36	-0.08	-0.13	-12_H	[-12.42259091   1.78322727  -4.29586364]
0.01	 0.03	0.01	-0.08	-12_H	[-12.00625641   3.97420513  -6.01246154]
-0.14	 0.88	-0.07	0.13	-12_H	[-11.062        5.86228571  -6.55585714]
-0.0	 0.52	-0.07	0.03	-12_H	[-12.556        5.54235714  -7.99985714]
-0.06	 -0.02	-0.02	0.06	-12_H	[-10.8588       7.52462857  -4.92551429]
-0.18	 -0.88	0.02	0.28	-12_H	[-13.27746552   7.87777586  -7.99917241]
-0.19	 -0.46	0.03	0.29	-12_H	[-12.30469444   9.06569444  -6.00358333]
0.18	 1.05	0.04	-0.28	-11_H	[-15.46477778   4.06005556  -2.12555556]
0.05	 0.75	0.0	-0.11	-11_H	[-13.8286875   0.6179375  -2.4905   ]
0.04	 0.71	0.0	-0.17	-11_H	[-16.41683333   0.87116667  -2.69908333]
-0.16	 -0.4	0.03	0.15	-11_H	[-16.64197619  -0.6117381   -3.09554762]
-0.19	 -1.11	-0.02	0.21	-11_H	[-15.96316667   1.33572222  -0.37563889]
-0.11	 0.04	-0.05	0.15	-11_H	[-14.63425   1.836     1.47425]
-0.01	 0.06	0.0	-0.01	-11_H	[-14.39647826   4.07352174   0.57678261]
-0.18	 -0.88	0.05	0.24	-11_H	[-12.71304167   0.37070833   0.492875  ]
-0.1	 -0.21	-0.09	0.21	-11_H	[-11.87783333   3.89294444   2.09838889]
-0.2	 -0.41	0.06	0.27	-11_H	[-11.05788462   1.7          1.76992308]
0.04	 0.2	-0.05	-0.11	-10_H	[-17.2878       3.07493333  -2.87266667]
-0.04	 -0.3	-0.06	0.08	-10_H	[-19.10636364   0.83486364  -4.41013636]
0.17	 1.35	0.11	-0.39	-10_H	[-17.92094118  -0.60135294  -5.40682353]
-0.15	 -0.67	-0.04	0.22	-10_H	[-19.81771429   3.05371429  -4.59271429]
-0.12	 -0.79	-0.05	0.15	-10_H	[-18.80625    5.04775   -5.085625]
0.06	 0.41	-0.02	-0.17	-10_H	[-17.00046667   4.98806667  -4.0142    ]
-0.09	 -0.38	-0.09	0.15	-10_H	[-19.28821429   4.07688095  -7.54561905]
-0.09	 -0.03	-0.07	0.04	-10_H	[-16.41405   6.7365   -6.06685]
-0.06	 0.17	0.03	0.12	-10_H	[-17.08308   6.061    -8.14176]
0.24	 1.45	0.33	-0.58	-9_H	[-15.174    -2.41125  -9.27925]
0.01	 0.14	-0.09	-0.07	-9_H	[-13.46321622  -0.24045946  -5.55559459]
-0.08	 0.03	-0.04	0.08	-9_H	[-11.8381   0.5754  -7.2421]
0.0	 0.33	-0.03	-0.14	-9_H	[-12.97632   1.82388  -8.95736]
-0.16	 -0.45	0.05	0.21	-9_H	[-12.36741176  -2.291       -7.90819608]
-0.13	 -0.51	0.03	0.14	-9_H	[-11.79348837   0.46239535 -10.66634884]
-0.25	 -0.69	0.05	0.32	-9_H	[-11.16348  -2.05104  -9.82544]
0.08	 0.45	-0.06	-0.14	-8_M	[-15.52035294  -2.21788235  -5.65629412]
-0.03	 -0.2	-0.11	0.05	-8_M	[-15.78486364  -4.07681818  -7.97231818]
0.16	 1.29	0.17	-0.37	-8_M	[-17.54933333  -4.935       -9.45383333]
-0.19	 -0.52	0.03	0.19	-8_M	[-17.42121622  -3.70418919  -5.40159459]
-0.19	 -0.95	0.04	0.22	-8_M	[-17.71585366  -6.25260976  -6.524     ]
-0.07	 -0.31	0.01	0.09	-8_M	[-20.82940541  -4.70064865  -6.94816216]
-0.18	 -0.8	0.07	0.24	-8_M	[-19.98247458  -7.36540678  -8.48116949]
0.19	 1.51	0.16	-0.43	-7_E	[-18.768       -1.72190909  -6.37654545]
0.09	 0.69	-0.12	-0.21	-7_E	[-20.27233333   0.99783333  -9.52275   ]
0.02	 0.22	0.03	-0.19	-7_E	[-20.54181081  -0.15108108 -11.94681081]
0.06	 0.31	0.09	-0.24	-7_E	[-20.56036585  -0.39241463  -7.06290244]
-0.02	 0.02	-0.2	-0.02	-7_E	[-22.80212963  -1.28914815  -9.06237037]
-0.11	 -0.49	-0.03	0.15	-7_E	[-22.75727273   0.81484848  -7.47945455]
-0.2	 -0.58	-0.14	0.3	-7_E	[-21.93731429   1.57165714  -6.1382    ]
-0.29	 -1.06	0.16	0.57	-7_E	[-24.56517073   0.72207317  -8.25158537]
0.21	 1.58	0.29	-0.54	-6_N	[-19.099    1.7189  -8.4902]
0.04	 0.27	-0.09	-0.0	-6_N	[-18.98852941   2.19594118 -10.43123529]
0.09	 1.3	0.29	-0.53	-6_N	[-18.90346154   0.68961538 -12.39661538]
-0.16	 -0.54	-0.01	0.25	-6_N	[-17.68627027   1.57589189 -13.254     ]
0.06	 0.69	-0.03	-0.17	-6_N	[-14.93382609   2.60056522 -11.11969565]
-0.18	 -0.53	0.04	0.25	-6_N	[-17.19821622   4.26956757 -11.23940541]
-0.07	 0.06	-0.05	0.01	-6_N	[-14.40688095   4.34938095  -9.44652381]
0.13	 1.21	0.21	-0.47	-5_L	[-18.48782143  -0.75189286 -14.04146429]
0.13	 1.3	0.29	-0.55	-5_L	[-15.796875  -3.954625 -13.473375]
0.04	 0.25	-0.01	-0.09	-5_L	[-15.81832258  -3.81412903 -11.38045161]
0.03	 -0.22	-0.14	-0.06	-5_L	[-16.58858824  -0.03082353 -15.14052941]
0.07	 0.2	-0.08	-0.13	-5_L	[-14.30223529   1.08847059 -12.72205882]
-0.06	 -0.1	-0.06	-0.01	-5_L	[-13.111875  -2.1848   -12.308325]
-0.19	 -0.94	0.1	0.26	-5_L	[-13.30006061   0.31842424 -15.19745455]
-0.05	 -1.1	-0.09	0.05	-4_Y	[-16.9797   -5.64895 -14.17655]
-0.09	 -0.33	-0.0	0.1	-4_Y	[-20.29897561  -6.0192439  -15.13468293]
-0.06	 -0.02	-0.0	0.12	-4_Y	[-17.93165517  -6.31582759 -11.94810345]
-0.2	 -0.03	-0.02	0.18	-4_Y	[-20.60015789  -7.316      -11.77778947]
-0.11	 -0.43	0.01	0.08	-4_Y	[-22.701875    -6.02435417 -11.93258333]
0.13	 1.18	0.19	-0.42	-4_Y	[-22.67685  -4.53935 -10.15275]
-0.16	 -0.49	0.02	0.18	-4_Y	[-24.2275      -4.09995455 -10.68727273]
0.07	 0.44	-0.13	-0.11	-3_F	[-21.393       -4.23072727 -16.79290909]
-0.05	 -0.63	-0.05	0.11	-3_F	[-20.6875  -2.9276 -18.2794]
-0.14	 -0.45	0.04	0.13	-3_F	[-19.0130625   -1.08978125 -17.62509375]
-0.04	 -0.02	-0.12	0.05	-3_F	[-20.83566667  -0.95059524 -15.69628571]
-0.1	 -0.16	-0.1	0.11	-3_F	[-23.00683333  -0.706      -15.95083333]
-0.1	 -0.18	0.03	0.01	-3_F	[-22.85848148  -0.40785185 -14.15733333]
-0.12	 -0.54	0.08	0.11	-3_F	[-23.4275122   -3.0602439  -16.40531707]
-0.07	 -0.58	-0.37	0.34	-3_F	[-23.98817949  -0.95774359 -12.31441026]
-0.23	 -1.26	0.09	0.35	-3_F	[-25.20480952  -3.49011905 -15.64819048]
-0.18	 -0.94	0.05	0.24	-3_F	[-25.59637778  -2.7158     -13.68791111]
-0.01	 0.08	-0.07	0.03	-2_Q	[-19.626875  -5.04525  -17.9255  ]
0.06	 0.4	-0.16	-0.06	-2_Q	[-17.172       -2.50791667 -19.38975   ]
-0.19	 -0.94	0.02	0.26	-2_Q	[-18.90184615  -4.73386538 -20.37405769]
-0.29	 -1.01	0.2	0.46	-2_Q	[-17.20695   -3.93285  -21.638725]
-0.09	 -0.3	-0.13	0.09	-2_Q	[-16.3579697   -5.53906061 -18.75490909]
0.03	 0.39	-0.12	-0.08	-2_Q	[-16.34955556  -5.75022222 -16.04033333]
0.02	 -1.06	0.02	-0.13	-2_Q	[-14.4904      -3.08166667 -17.83746667]
-0.12	 -0.2	-0.03	0.09	-2_Q	[-15.99122222  -1.40907407 -17.66596296]
-0.07	 -0.46	-0.06	0.06	-2_Q	[-13.93255319  -3.52068085 -15.43597872]
-0.23	 -0.97	-0.01	0.39	60_S	[-12.7086   -7.10912 -20.414  ]
-0.18	 -0.71	-0.02	0.21	60_S	[-11.51957143  -6.91580952 -18.14114286]
0.02	 0.78	0.11	-0.21	60_S	[-11.85330769  -9.44342308 -19.27511538]
0.1	 0.22	-0.03	-0.15	60_S	[-11.01696154  -9.99438462 -20.23146154]
-0.17	 -0.6	-0.11	0.18	60_S	[-14.358       -8.29274359 -17.56915385]
-0.08	 -0.38	-0.14	0.08	60_S	[-13.86986207  -5.87058621 -17.10358621]
0.07	 0.79	0.06	-0.27	61_S	[-12.05722222  -9.24977778 -16.60005556]
0.07	 0.67	0.04	-0.21	61_S	[ -9.83496296 -11.0937037  -17.74662963]
0.12	 1.61	0.08	-0.4	61_S	[-13.1598 -12.455  -16.2198]
-0.07	 -0.07	-0.03	0.03	61_S	[-13.97109756 -11.92917073 -18.15078049]
-0.16	 -0.56	-0.01	0.18	61_S	[-11.19702174 -11.96871739 -15.13993478]
-0.27	 -0.88	0.11	0.42	61_S	[-11.43574419  -9.8034186  -14.63448837]
0.15	 0.18	-0.14	-0.16	62_F	[-13.44071429 -14.08257143 -16.01671429]
0.03	 0.58	-0.09	-0.13	62_F	[-11.18388571 -15.08228571 -15.26517143]
0.13	 0.87	-0.07	-0.2	62_F	[-14.273125 -13.08075  -20.449875]
0.03	 0.26	-0.01	-0.14	62_F	[-13.56647727 -12.37784091 -22.19125   ]
0.19	 1.05	0.0	-0.28	63_L	[-14.56491667 -14.55666667 -16.63166667]
0.12	 0.66	-0.1	-0.13	63_L	[-17.42366667 -17.97216667 -13.5495    ]
-0.15	 -0.93	0.05	0.19	63_L	[-15.822875   -15.16851563 -13.61445313]
-0.13	 -0.6	0.01	0.19	63_L	[-18.49814516 -16.34879032 -15.42612903]
-0.03	 -0.61	0.0	0.02	64_P	[-10.92022222 -21.0507037  -11.94585185]
-0.02	 0.32	-0.08	-0.04	64_P	[ -9.34613514 -17.69343243 -13.34262162]
-0.17	 -0.83	0.1	0.25	64_P	[-11.40459184 -17.25473469 -11.57814286]
-0.07	 -0.16	-0.09	0.02	64_P	[-13.18842857 -16.40617857 -12.59275   ]
0.1	 -0.48	0.01	-0.14	65_E	[-12.482      -23.11169231 -13.19515385]
-0.03	 -0.1	-0.05	-0.07	65_E	[-15.64192308 -22.98953846 -14.02396154]
-0.1	 -0.26	-0.01	0.08	65_E	[-14.1674     -21.41082857 -11.53431429]
-0.1	 -0.19	-0.01	0.06	65_E	[-16.67188889 -20.88622222 -11.55444444]
-0.16	 -0.85	0.1	0.24	65_E	[-17.59369767 -21.15690698 -13.06837209]
-0.14	 -0.21	0.02	0.22	65_E	[-15.95731818 -18.99275    -11.33940909]
0.05	 -0.17	-0.1	-0.1	66_G	[-12.29806667 -24.83733333 -14.50673333]
-0.02	 0.09	-0.14	-0.01	66_G	[-12.306375   -26.68729167 -16.23525   ]
-0.01	 -1.42	-0.08	0.02	66_G	[-14.0619 -26.8534 -17.7573]
0.21	 0.88	0.08	-0.3	66_G	[-14.33421429 -26.40907143 -19.34892857]
-0.09	 -0.36	-0.07	0.15	67_G	[-15.17723529 -25.68       -15.54358824]
-0.21	 -0.97	0.08	0.26	67_G	[-16.89765217 -26.02602174 -17.01347826]
-0.12	 -0.35	-0.13	0.11	67_G	[-17.98323077 -23.84984615 -17.27623077]
-0.03	 -0.07	-0.09	0.03	67_G	[-18.80438095 -24.87504762 -18.86366667]
0.16	 1.37	0.24	-0.5	68_C	[-16.50483333 -23.05825    -16.41275   ]
0.13	 1.04	0.05	-0.28	68_C	[-18.40190476 -21.95971429 -18.90428571]
-0.01	 0.15	0.02	-0.12	68_C	[-17.90736364 -20.65831818 -16.43943182]
0.06	 0.23	0.04	-0.09	69_Y	[-14.80702941 -26.72929412 -21.42341176]
0.14	 0.81	0.04	-0.24	70_E	[-16.01164286 -27.3505     -23.80542857]
-0.09	 -0.31	-0.08	0.11	70_E	[-17.73412121 -27.94784848 -25.11536364]
-0.01	 -0.02	-0.03	-0.06	70_E	[-19.60457692 -26.82515385 -26.82365385]
-0.01	 -0.28	0.0	-0.06	70_E	[-19.08566667 -25.32945833 -28.238     ]
-0.24	 -0.69	0.08	0.33	70_E	[-18.82285 -28.4059  -28.2851 ]
0.07	 1.15	0.05	-0.14	71_L	[-14.26094737 -28.08789474 -24.63836842]
0.22	 0.52	0.51	-0.64	71_L	[-12.04357143 -29.511      -27.78714286]
-0.09	 -0.3	-0.02	0.12	71_L	[-14.19258974 -29.45384615 -27.80235897]
-0.02	 -0.03	-0.05	0.06	71_L	[-11.91125    -29.61934375 -25.5635    ]
0.19	 1.42	0.08	-0.35	71_L	[-12.52707143 -27.41642857 -22.54528571]
-0.1	 -0.56	0.01	0.1	71_L	[-10.4668254  -30.05995238 -23.44855556]
0.0	 -0.33	-0.12	0.0	72_L	[-13.567      -28.98738462 -30.46392308]
-0.12	 -0.59	0.02	0.06	72_L	[-12.168      -29.56918182 -30.70654545]
-0.02	 -0.18	0.01	0.07	72_L	[-10.36466667 -29.88055556 -29.34977778]
0.02	 0.27	-0.09	-0.03	72_L	[-13.54647059 -27.06152941 -32.41941176]
-0.05	 0.06	-0.16	0.07	72_L	[-14.95396 -24.93032 -32.12552]
-0.12	 -0.41	0.06	0.13	72_L	[-16.63886792 -27.02167925 -30.53464151]
0.18	 0.92	-0.04	-0.21	72_L	[-15.99833333 -24.00225    -30.41091667]
0.06	 0.3	0.08	-0.19	73_T	[-12.23733333 -28.53777778 -32.27688889]
0.02	 -0.89	-0.05	-0.05	73_T	[-10.3331875 -29.7045625 -32.3099375]
-0.01	 0.39	-0.13	-0.11	73_T	[ -8.418125  -26.7473125 -34.527125 ]
-0.11	 -0.34	0.1	0.09	73_T	[-10.94487805 -26.8985122  -34.43626829]
-0.21	 -1.08	0.05	0.29	73_T	[ -8.97815873 -29.48273016 -35.06536508]
0.08	 0.25	-0.03	-0.2	74_V	[ -8.064      -30.36569231 -31.40046154]
0.16	 1.42	0.32	-0.56	74_V	[ -3.9605     -28.52416667 -33.07766667]
-0.08	 -0.09	0.04	0.05	74_V	[ -5.79254286 -28.27605714 -34.34122857]
-0.06	 -0.14	-0.08	0.04	74_V	[ -5.71427273 -30.70254545 -32.73068182]
-0.01	 0.13	-0.1	-0.03	74_V	[ -2.86107273 -30.47776364 -31.21843636]
-0.2	 -1.09	0.07	0.29	74_V	[ -6.31956 -31.86068 -30.12896]
-0.0	 0.44	-0.12	-0.01	75_I	[ -4.83609091 -26.14872727 -34.52572727]
0.04	 0.63	-0.03	-0.1	75_I	[ -2.7632  -26.60025 -33.3123 ]
-0.99	 -0.65	3.15	0.77	75_I	[ -2.187375 -24.6597   -34.31145 ]
-0.1	 -0.27	0.0	0.1	75_I	[ -4.81178571 -23.42071429 -33.98121429]
0.11	 0.87	0.04	-0.31	75_I	[ -2.9795625 -23.7564375 -31.6218125]
-0.03	 0.01	0.02	-0.03	75_I	[ -7.50086047 -24.28627907 -34.14844186]
-0.03	 -0.05	-0.01	-0.02	75_I	[ -4.2485641  -21.67046154 -31.73946154]
0.12	 1.67	0.04	-0.32	76_G	[ -2.3336 -27.8698 -32.6606]
-0.09	 -0.23	-0.02	0.08	76_G	[ -0.72712766 -25.90976596 -32.15476596]
0.15	 0.7	0.02	-0.25	76_G	[ -0.48807143 -28.87214286 -31.44007143]
-0.01	 -0.26	-0.14	-0.06	77_K	[  1.36287879 -26.82260606 -31.0639697 ]
0.13	 1.03	-0.0	-0.28	77_K	[  2.96476 -27.11024 -28.89648]
-0.23	 -0.82	0.07	0.29	77_K	[  3.8794   -26.6741   -29.988925]
-0.11	 -0.36	-0.02	0.14	77_K	[  2.514      -30.12541667 -30.88877778]
0.11	 0.51	-0.09	-0.06	77_K	[  2.40577778 -32.05422222 -30.09733333]
-0.13	 -0.71	-0.02	0.09	77_K	[ -0.23526087 -31.63       -30.66604348]
-0.12	 -0.51	0.08	0.18	77_K	[ -0.05966071 -33.39926786 -28.86816071]
-0.11	 -0.14	-0.09	0.08	77_K	[ 1.33750000e-02 -3.31311875e+01 -2.61632500e+01]
-0.08	 -0.45	0.02	0.07	78_G	[  5.16894595 -27.48537838 -27.85175676]
0.17	 0.98	-0.06	-0.27	78_G	[  6.403375 -28.414    -26.729625]
0.02	 0.12	-0.08	-0.11	79_F	[  6.20195833 -26.09916667 -25.94670833]
0.08	 0.72	-0.03	-0.18	79_F	[  7.94564286 -26.84992857 -24.44542857]
0.08	 1.32	0.04	-0.38	79_F	[  8.95922857 -25.85851429 -22.34102857]
-0.08	 -0.5	-0.0	0.07	80_E	[  8.37614286 -28.65842857 -25.77114286]
-0.1	 -0.49	-0.06	0.14	80_E	[  9.14115 -30.7044  -26.10515]
0.0	 -0.27	-0.05	-0.1	80_E	[  8.2615     -32.23592857 -26.16478571]
-0.1	 -0.49	0.08	0.11	80_E	[  7.59354167 -33.4765     -24.03729167]
0.0	 0.09	-0.03	-0.08	80_E	[  9.07067647 -31.75805882 -22.701     ]
0.15	 0.71	0.03	-0.26	80_E	[ 10.20314286 -28.91214286 -22.64208571]
0.01	 -0.07	-0.16	-0.02	80_E	[ 12.12765625 -29.615      -24.16546875]
-0.22	 -0.63	-0.01	0.3	80_E	[ 12.264      -31.30919149 -24.72602128]
0.16	 1.01	0.05	-0.3	80_E	[ 13.02321429 -28.33492857 -24.64707143]
0.09	 0.69	0.02	-0.21	81_D	[  6.48068421 -30.50568421 -27.15      ]
0.0	 0.56	0.01	-0.08	81_D	[  2.77221053 -33.66223684 -25.40834211]
-0.12	 -0.52	-0.11	0.13	81_D	[  5.84376471 -34.37561765 -26.03620588]
-0.1	 -0.37	-0.13	0.08	81_D	[  5.32392857 -33.56407143 -28.44053571]
-0.29	 -1.05	0.21	0.47	81_D	[  6.23507143 -34.92004762 -28.98190476]
-0.08	 -0.18	0.02	0.05	81_D	[  4.89802778 -31.76175    -29.25655556]
0.03	 0.23	-0.16	-0.07	82_L	[  2.48938462 -32.95023077 -22.33484615]
0.16	 0.87	0.11	-0.34	82_L	[  1.08933333 -31.74306667 -23.81726667]
0.01	 0.19	-0.09	-0.04	82_L	[  0.62179412 -31.43858824 -21.55144118]
0.2	 1.46	0.1	-0.38	82_L	[  3.03213636 -32.26272727 -20.16804545]
0.15	 1.63	0.09	-0.33	82_L	[  7.08622222 -32.90655556 -21.84811111]
0.04	 0.33	-0.04	-0.07	82_L	[  7.29145833 -32.94045833 -19.86133333]
-0.15	 -0.62	-0.0	0.14	82_L	[  4.76636667 -34.591      -21.39241667]
0.13	 1.31	0.0	-0.25	83_M	[  1.65555 -23.7213  -22.6565 ]
0.04	 0.37	-0.01	-0.12	83_M	[  3.00425806 -24.28816129 -26.67422581]
0.13	 1.52	0.21	-0.47	84_T	[ -3.16030769 -30.25830769 -23.83784615]
-0.07	 0.09	-0.0	-0.02	84_T	[ -2.30646667 -31.67377778 -24.89748889]
0.08	 0.55	-0.01	-0.19	84_T	[ -4.19829412 -31.31573529 -27.44144118]
0.14	 1.61	0.03	-0.32	85_V	[ -1.1564 -24.221  -29.6736]
0.02	 0.07	0.01	-0.08	85_V	[ -2.1707037  -22.72940741 -29.31744444]
0.08	 0.16	-0.01	-0.12	85_V	[  0.26991667 -24.12991667 -28.39125   ]
0.11	 1.32	0.17	-0.45	86_N	[ -8.2244 -29.5395 -26.0108]
0.15	 1.19	0.35	-0.59	86_N	[ -7.93609091 -29.75909091 -25.39709091]
0.08	 0.2	-0.03	-0.18	86_N	[ -8.11971875 -29.83296875 -27.41903125]
0.12	 1.41	-0.38	-0.17	87_L	[-11.2743913  -21.05582609 -33.7676087 ]
0.03	 0.26	-0.6	0.32	87_L	[-11.63096721 -23.45313115 -34.01060656]
0.19	 1.07	0.15	-0.43	89_R	[-17.06957692 -23.13296154 -29.16319231]
0.21	 1.49	0.09	-0.37	89_R	[-17.72166667 -20.77377778 -29.55566667]
-0.15	 -0.75	-0.03	0.24	89_R	[-19.80938095 -22.02280952 -29.12235714]
-0.04	 -0.01	-0.05	-0.02	89_R	[-20.80569231 -23.98938462 -27.72507692]
-0.2	 -0.65	-0.03	0.2	89_R	[-21.89777778 -22.91744444 -26.87277778]
-0.08	 -0.25	-0.0	0.04	89_R	[-21.90513333 -20.8587     -25.69903333]
-0.08	 -0.47	0.07	0.11	89_R	[-21.51075676 -24.18248649 -25.01378378]
0.06	 0.5	-0.05	-0.11	90_Y	[-16.50084375 -14.17590625 -20.64659375]
0.03	 0.47	-0.0	-0.15	90_Y	[-16.39626923 -14.98857692 -18.06592308]
0.08	 0.35	-0.13	-0.1	91_K	[-21.453  -19.7445 -21.5161]
-0.06	 -0.34	0.04	0.04	91_K	[-22.06461111 -19.02313889 -23.76355556]
0.01	 -0.12	0.01	-0.04	91_K	[-20.64757692 -21.4555     -21.43169231]
-0.12	 -0.54	-0.01	0.11	91_K	[-20.84522857 -23.6586     -20.89194286]
-0.13	 -0.9	0.04	0.18	91_K	[-20.47484211 -26.14844737 -22.41731579]
-0.07	 -0.25	-0.06	0.09	91_K	[-17.99371429 -26.85328571 -21.29946429]
0.15	 1.37	0.1	-0.35	92_P	[-20.813      -19.44383333 -20.82433333]
-0.14	 -0.37	0.03	0.15	92_P	[-21.91273333 -17.66366667 -20.7178    ]
0.07	 0.56	-0.09	-0.13	92_P	[-22.1285     -16.63692857 -23.45721429]
-0.19	 -0.78	0.1	0.28	92_P	[-22.13764865 -14.83940541 -22.10045946]
-0.11	 -0.5	-0.02	0.1	92_P	[-19.891025 -15.83475  -19.26275 ]
-0.08	 -0.15	-0.06	0.09	92_P	[-19.921875   -18.52529167 -18.617875  ]
0.15	 1.42	0.26	-0.51	92_P	[-19.00022222 -19.94211111 -19.56522222]
-0.06	 -0.68	-0.13	0.03	93_T	[-21.57826667 -14.58073333 -24.51946667]
-0.08	 -0.49	0.04	0.03	93_T	[-21.68242857 -16.27435714 -25.692     ]
-0.18	 -0.61	0.1	0.28	93_T	[-20.48967647 -14.50923529 -27.36682353]
-0.02	 0.06	-0.02	0.01	93_T	[-18.69505 -13.07515 -25.5878 ]
-0.18	 -0.73	0.08	0.22	93_T	[-18.79312727 -12.75301818 -22.96390909]
0.13	 1.23	-0.13	-0.11	94_G	[-21.3776 -17.6894 -25.7286]
-0.06	 -0.22	0.02	0.04	94_G	[-21.03741935 -18.03358065 -27.51135484]
0.07	 -0.19	-0.06	-0.07	94_G	[-19.0448 -16.3364 -29.0389]
-0.02	 0.1	-0.08	0.03	94_G	[-17.92011905 -18.61709524 -30.0045    ]
-0.08	 -0.63	0.02	0.12	95_E	[-17.0446875 -15.30575   -29.39175  ]
-0.02	 -0.36	-0.02	0.05	95_E	[-17.01384211 -13.63789474 -27.76926316]
-0.14	 -0.75	0.02	0.21	95_E	[-14.35720833 -13.54629167 -29.01004167]
-0.15	 -0.62	-0.01	0.15	95_E	[-14.6246     -12.06346667 -27.3536    ]
-0.05	 -0.11	0.0	0.01	95_E	[-12.32210714 -12.35514286 -27.20832143]
-0.02	 0.11	0.04	-0.06	95_E	[-15.082775 -12.59565  -25.064075]
0.07	 0.57	-0.01	-0.18	96_Y	[-14.94553846 -16.44180769 -30.28369231]
0.08	 -0.01	0.04	-0.18	96_Y	[-11.25357143 -15.33582143 -29.17857143]
0.02	 0.31	-0.01	-0.07	96_Y	[-12.65114286 -16.67504762 -31.386     ]
-0.0	 0.04	-0.04	-0.05	96_Y	[-14.07763265 -17.64985714 -33.36697959]
0.09	 0.59	-0.01	-0.19	96_Y	[-14.29598039 -19.48415686 -34.30268627]
0.03	 0.63	-0.1	-0.16	96_Y	[-15.84654762 -21.86940476 -31.69395238]
0.03	 0.36	-0.11	-0.07	96_Y	[-15.32803448 -20.65631034 -33.74127586]
-0.26	 -0.44	0.01	0.35	96_Y	[-16.08371154 -21.64042308 -34.67769231]
0.13	 1.78	0.18	-0.44	98_T	[ -4.586    -18.525875 -27.94925 ]
0.12	 0.39	0.02	-0.2	98_T	[ -5.1763  -18.88555 -29.6922 ]
0.06	 0.36	-0.05	-0.13	98_T	[ -3.2805  -20.32075 -27.5955 ]
0.18	 1.51	0.12	-0.4	100_R	[ -1.38572727 -24.81027273 -21.452     ]
0.17	 1.63	0.08	-0.34	100_R	[ -2.09391667 -24.26029167 -20.32075   ]
0.14	 1.12	0.04	-0.26	100_R	[ -0.826125   -23.23366667 -21.99695833]
0.18	 1.11	0.16	-0.42	100_R	[ -1.20493939 -19.41354545 -24.89093939]
0.09	 0.24	-0.01	-0.23	100_R	[  0.70114286 -20.78789286 -22.33360714]
-0.01	 0.45	-0.03	-0.1	100_R	[  1.11523077 -19.24338462 -24.50738462]
-0.14	 -0.53	0.05	0.29	100_R	[  0.35513333 -20.67097778 -26.73562222]
0.07	 0.57	0.04	-0.14	100_R	[  3.03729167 -21.0043125  -24.052125  ]
0.16	 1.35	0.05	-0.35	101_R	[ -2.50864286 -29.797      -20.84821429]
0.13	 0.45	0.03	-0.26	101_R	[ -1.73034615 -29.87107692 -22.2895    ]
0.15	 1.04	0.19	-0.45	101_R	[ -3.81013333 -29.862      -21.72586667]
0.13	 0.97	0.0	-0.26	101_R	[ -5.4573125 -30.8646875 -23.1676875]
-0.03	 0.04	0.01	-0.0	101_R	[ -6.33138462 -31.40648718 -21.82879487]
-0.15	 -0.37	-0.06	0.15	101_R	[ -6.32653488 -31.69232558 -24.69553488]
0.18	 1.19	0.11	-0.36	102_I	[ -0.08992 -25.85288 -20.09152]
0.06	 0.47	0.04	-0.19	102_I	[  2.24640541 -24.78118919 -20.30164865]
0.19	 0.86	0.03	-0.28	103_N	[ -1.28640909 -31.26481818 -19.70195455]
0.28	 1.43	0.39	-0.62	103_N	[  2.15313043 -32.30091304 -18.37295652]
-0.09	 0.17	-0.21	0.05	103_N	[ -0.16967442 -33.76248837 -18.79248837]
-0.18	 -0.54	0.06	0.23	103_N	[ -1.57458491 -35.98756604 -17.08116981]
-0.02	 0.24	-0.12	-0.04	104_L	[  1.282   -32.02975 -11.93675]
0.07	 -0.25	0.03	-0.16	104_L	[  3.497125   -31.90133333 -11.95233333]
-0.01	 0.19	0.01	-0.07	104_L	[  0.35711538 -30.37226923 -11.94969231]
0.11	 1.04	-0.03	-0.22	104_L	[  1.80752632 -27.68089474 -11.87005263]
0.13	 0.45	0.06	-0.32	104_L	[  2.3192069  -26.51886207 -13.90827586]
-0.03	 -0.32	-0.07	-0.01	104_L	[ -0.62045283 -27.38118868 -12.16083019]
0.11	 0.9	0.05	-0.26	105_E	[ -0.26473684 -32.95752632 -12.78226316]
-0.01	 0.56	-0.19	-0.07	105_E	[  1.91061905 -34.16980952 -11.71780952]
0.13	 0.76	-0.06	-0.22	105_E	[  2.46854545 -36.56218182 -14.74545455]
-0.13	 -0.66	-0.06	0.15	105_E	[  4.4594878  -35.75512195 -12.84997561]
0.16	 0.77	-0.05	-0.2	105_E	[ -0.28635714 -35.61282143 -13.66067857]
-0.14	 -0.68	-0.01	0.19	105_E	[  0.46144444 -37.7416     -12.791     ]
-0.09	 -0.23	-0.04	0.12	105_E	[  1.227   -37.20872 -10.59772]
-0.3	 -1.09	0.19	0.48	105_E	[  2.60215385 -38.06730769 -10.36466667]
-0.27	 -0.96	0.14	0.44	105_E	[  0.12442105 -35.83963158 -10.14218421]
0.16	 1.06	0.14	-0.38	106_A	[  1.67685714 -35.71414286 -15.78978571]
-0.11	 -0.63	-0.11	0.09	106_A	[  4.63566667 -36.32133333 -15.73466667]
0.16	 0.44	-0.06	-0.1	106_A	[  6.1007 -34.9222 -14.6911]
-0.07	 -0.1	0.02	0.03	106_A	[  7.05913889 -34.30172222 -16.89277778]
-0.11	 -0.4	-0.04	0.07	106_A	[  3.34898148 -35.30738889 -18.22698148]
0.05	 -0.76	-0.01	-0.15	107_C	[  7.23283333 -33.79675    -13.4735    ]
-0.05	 -0.55	-0.11	0.11	107_C	[  6.04675758 -32.44690909 -11.54460606]
0.11	 0.71	-0.02	-0.15	108_S	[  8.70133333 -33.13183333 -14.38616667]
-0.1	 -0.39	-0.08	0.12	108_S	[  8.73642105 -33.06442105 -11.48257895]
0.1	 1.14	-0.04	-0.27	108_S	[  7.56188889 -31.1995     -10.36738889]
-0.21	 -1.06	0.05	0.25	108_S	[ 11.21213043 -32.40723913 -12.37      ]
-0.02	 -0.14	-0.09	0.01	108_S	[ 11.95994737 -30.62910526 -14.13147368]
0.03	 0.26	-0.08	-0.11	109_N	[ 10.008      -31.22984211  -9.82736842]
0.1	 0.76	0.09	-0.34	109_N	[  7.44686364 -29.16022727  -9.34004545]
0.07	 0.26	-0.04	-0.2	109_N	[ 10.60266667 -26.96066667  -9.26422222]
0.11	 1.08	-0.06	-0.16	109_N	[  8.323      -26.72146667  -9.22113333]
-0.26	 -1.15	-0.01	0.27	109_N	[ 10.33948276 -28.86765517  -7.75634483]
-0.1	 -0.26	-0.11	0.13	109_N	[  9.1377619  -30.93771429  -7.21171429]
-0.22	 -0.84	-0.0	0.4	109_N	[  7.47722727 -31.06079545  -7.69893182]
-0.28	 -1.2	0.17	0.43	109_N	[ 10.32357407 -31.40488889  -6.01537037]
0.02	 0.45	-0.12	-0.09	110_E	[ 11.78459091 -28.95768182 -10.15254545]
0.03	 0.03	-0.12	-0.04	110_E	[ 11.87033333 -26.15213333 -10.35733333]
0.22	 1.64	0.14	-0.39	110_E	[ 11.47475 -24.35595 -12.93495]
-0.1	 -0.48	-0.11	0.03	110_E	[ 13.47289286 -28.60910714 -11.73175   ]
-0.0	 -0.23	-0.17	0.05	110_E	[ 13.37140741 -25.32959259 -12.17618519]
-0.05	 -0.38	-0.11	0.05	110_E	[ 15.53669565 -27.37208696 -13.04926087]
-0.31	 -1.42	0.28	0.5	110_E	[ 16.05458065 -28.04954839 -11.67022581]
-0.05	 -0.0	-0.07	0.03	110_E	[ 16.0829375  -27.33396875 -14.83696875]
0.17	 1.26	0.39	-0.62	111_M	[ 11.4565   -30.11775  -15.807875]
-0.09	 -0.05	-0.06	0.11	111_M	[ 10.23661538 -31.81992308 -16.85007692]
0.14	 0.99	0.1	-0.27	111_M	[  9.07804348 -30.84786957 -19.08008696]
0.17	 1.46	0.36	-0.6	112_V	[  4.4618125 -26.0430625 -13.1375625]
0.23	 1.52	0.17	-0.44	112_V	[  4.31153846 -23.88376923 -12.40192308]
0.1	 0.97	0.01	-0.23	112_V	[  6.57675   -26.76625    -9.8023125]
-0.1	 -0.46	-0.13	0.13	112_V	[  3.93211111 -25.91715873 -10.35307937]
-0.0	 0.31	-0.08	-0.02	112_V	[  4.72272973 -29.0297027  -10.61367568]
0.19	 1.18	0.25	-0.51	113_T	[  7.11972727 -24.58        -9.88427273]
0.17	 1.13	0.09	-0.36	113_T	[  7.60438462 -21.88707692 -10.24507692]
0.09	 1.36	0.31	-0.57	113_T	[  9.9052 -21.3012 -12.804 ]
-0.0	 0.04	-0.05	-0.09	113_T	[  8.33354545 -20.26895455 -11.99536364]
0.08	 0.7	-0.08	-0.2	113_T	[ 11.357      -24.39609091 -10.54972727]
-0.13	 -0.27	-0.09	0.16	113_T	[  9.20940741 -24.27559259  -8.75311111]
-0.21	 -0.95	0.05	0.3	113_T	[ 10.83078378 -21.75305405 -10.3672027 ]
0.14	 1.35	0.2	-0.46	114_F	[ 10.70077778 -23.06155556 -13.06933333]
0.01	 0.01	-0.11	-0.04	114_F	[ 10.09541667 -21.32133333 -14.056375  ]
0.14	 0.68	0.07	-0.28	114_F	[  8.6746087  -19.71752174 -16.26082609]
0.17	 1.39	0.07	-0.37	114_F	[ 11.8175 -23.4321 -14.596 ]
-0.03	 -0.04	-0.06	-0.03	114_F	[ 11.63236667 -20.99993333 -16.1704    ]
0.02	 0.56	-0.08	-0.11	114_F	[ 13.00657143 -20.39307143 -18.19164286]
0.13	 1.03	0.04	-0.31	114_F	[ 10.4185     -23.72477273 -20.99545455]
0.06	 0.67	-0.01	-0.26	114_F	[ 11.95897561 -21.26804878 -20.62541463]
0.23	 1.49	0.21	-0.46	115_L	[  3.47554167 -20.99925    -16.73691667]
0.18	 0.97	0.12	-0.38	115_L	[  3.74471429 -23.65045238 -14.922     ]
0.2	 1.49	0.3	-0.55	115_L	[  3.79215385 -25.97546154 -14.62507692]
0.15	 1.1	0.02	-0.29	115_L	[  3.96077143 -23.23897143 -18.69591429]
0.07	 0.19	-0.12	-0.09	116_Q	[  5.8499 -18.3554 -11.5007]
0.05	 0.29	0.04	-0.17	116_Q	[  3.87589655 -17.44706897 -12.1412069 ]
-0.07	 -0.16	0.02	0.03	116_Q	[  4.72856667 -19.7202     -10.709     ]
-0.05	 -0.18	-0.11	0.02	116_Q	[  2.66208696 -21.55806522 -11.64054348]
-0.1	 -0.24	-0.07	0.11	116_Q	[  4.20466667 -21.02933333  -8.67175   ]
-0.11	 -0.33	0.01	0.08	116_Q	[  5.93019355 -22.54616129  -8.93670968]
-0.22	 -0.91	0.1	0.33	116_Q	[  2.67020339 -22.98267797  -8.53042373]
0.14	 0.52	-0.0	-0.19	117_G	[  6.78542857 -19.01785714 -11.76142857]
-0.12	 -0.69	-0.01	0.16	117_G	[  7.98988889 -17.38022222 -13.2244    ]
-0.01	 0.47	-0.06	-0.05	117_G	[  7.98907143 -16.79235714 -15.6825    ]
0.19	 1.47	0.24	-0.5	117_G	[  7.33066667 -14.94025    -13.7965    ]
0.15	 1.17	0.03	-0.3	118_E	[  7.63411111 -18.24444444 -16.72066667]
0.17	 1.48	0.11	-0.37	118_E	[  7.19380769 -16.60726923 -17.72992308]
0.11	 1.09	-0.08	-0.23	118_E	[  2.03073684 -19.58273684 -20.20031579]
0.05	 0.39	0.0	-0.15	118_E	[  3.54371739 -20.91256522 -19.99641304]
0.23	 1.0	0.16	-0.41	118_E	[  3.04837143 -19.18214286 -21.97934286]
0.17	 1.48	0.08	-0.35	119_L	[  0.692      -15.92063636 -16.09754545]
0.04	 0.22	-0.13	-0.1	119_L	[  1.7146 -15.1806 -13.272 ]
0.01	 0.19	-0.14	-0.05	119_L	[  0.68275 -13.96575 -14.4611 ]
-0.08	 -0.05	-0.21	0.07	119_L	[  0.38906667 -16.73173333 -14.0567    ]
-0.03	 0.12	-0.03	-0.04	119_L	[  0.48901923 -19.73634615 -12.86342308]
0.21	 1.25	0.15	-0.4	119_L	[  0.41385714 -18.76934694 -17.04502041]
0.09	 0.56	-0.05	-0.17	120_H	[  2.74771429 -15.63614286 -12.80214286]
-0.01	 -0.09	-0.05	0.02	120_H	[  2.64089474 -13.27563158 -12.69426316]
0.16	 0.86	0.11	-0.33	120_H	[  3.45656522 -10.82317391 -13.22917391]
-0.08	 -0.19	-0.09	0.06	120_H	[  5.03544828 -15.01458621 -11.45317241]
-0.11	 0.7	-0.08	0.12	120_H	[  6.44714286 -13.88728571 -10.63271429]
-0.19	 -0.61	0.05	0.28	120_H	[  4.22596 -12.46684 -10.31196]
-0.08	 -0.22	-0.03	0.08	120_H	[  7.84508571 -13.051      -12.11125714]
-0.17	 -0.45	0.04	0.23	120_H	[  5.54332258 -10.57270968 -10.00201613]
-0.19	 -0.42	0.02	0.25	120_H	[  7.82954545 -10.64413636 -10.73845455]
0.03	 0.42	-0.02	-0.16	121_V	[  8.68710714 -13.84691071 -15.90101786]
0.06	 0.54	-0.17	0.01	122_S	[  0.42583333 -10.86496296 -19.45318519]
0.19	 1.3	0.43	-0.66	122_S	[  1.63936364 -12.24781818 -20.44654545]
0.18	 1.04	0.14	-0.39	122_S	[  0.17032143 -14.53789286 -17.33260714]
0.16	 0.71	0.05	-0.28	123_K	[ -0.65811765  -9.68111765 -16.95135294]
0.08	 0.69	0.11	-0.34	123_K	[  1.44114815  -8.70277778 -14.96277778]
-0.23	 -0.68	-0.01	0.31	123_K	[ -0.09823529  -7.61582353 -15.63117647]
-0.07	 -0.44	-0.03	0.11	123_K	[  0.10666667 -10.6732     -13.522     ]
-0.07	 0.18	-0.1	0.04	123_K	[ -1.29245714 -13.00131429 -14.85631429]
-0.19	 -1.06	0.03	0.28	123_K	[ -2.95810256 -10.53007692 -14.38823077]
-0.03	 0.12	0.06	-0.08	123_K	[ -3.16896296 -11.48414815 -16.91605556]
-0.02	 0.19	-0.02	-0.08	123_K	[ -4.61525    -13.70031579 -15.97564474]
-0.02	 0.16	-0.18	-0.01	124_L	[  2.35690909  -6.72363636 -14.75554545]
0.1	 0.71	0.0	-0.28	124_L	[  1.81147059  -5.95494118 -17.13258824]
-0.07	 -0.05	-0.19	0.14	124_L	[  3.77569231  -4.81487179 -16.94061538]
0.13	 0.38	-0.01	-0.21	124_L	[  6.04605  -6.7342  -15.8558 ]
0.14	 1.24	-0.02	-0.2	124_L	[  3.98891667  -9.00733333 -13.0175    ]
-0.01	 0.15	-0.03	-0.1	124_L	[  7.16842857  -8.01051429 -13.07551429]
-0.21	 -1.0	0.04	0.33	124_L	[  4.64480882  -6.51013235 -12.71425   ]
0.13	 1.29	0.12	-0.39	125_F	[  1.47823077  -6.86103846 -20.75792308]
-0.12	 -0.14	-0.15	0.05	125_F	[  0.37064444  -7.63188889 -19.74922222]
0.19	 1.44	0.2	-0.46	125_F	[  2.9500625  -9.346     -21.153625 ]
0.27	 1.47	0.22	-0.48	125_F	[  7.36023077  -6.53465385 -17.50130769]
0.11	 0.4	-0.12	-0.13	126_N	[ -0.03953846  -6.139      -21.99069231]
0.15	 1.46	-0.16	-0.16	126_N	[ -0.18342857  -2.84642857 -23.13442857]
-0.02	 0.05	-0.09	-0.05	126_N	[  1.42452381  -2.05492857 -22.54669048]
-0.1	 -0.16	-0.06	0.07	126_N	[ -0.14297778  -4.18057778 -19.22873333]
-0.05	 -0.01	0.02	0.0	126_N	[ -1.8723913   -3.36078261 -21.11752174]
-0.3	 -1.04	0.19	0.47	126_N	[ -2.28728947  -1.92868421 -20.88557895]
-0.24	 -0.96	0.15	0.43	126_N	[ -2.52209434  -4.86362264 -22.19584906]
0.14	 0.67	0.05	-0.32	127_H	[  0.70916667  -6.05883333 -23.63433333]
0.12	 0.97	0.09	-0.33	127_H	[  0.47995238  -2.76071429 -24.40533333]
-0.02	 -0.25	-0.15	0.02	127_H	[ -0.8954  -3.9695 -25.5159]
-0.05	 0.22	-0.18	0.0	127_H	[ -0.8868  -6.3303 -26.2445]
-0.05	 0.04	-0.06	0.0	127_H	[  3.91558065  -1.04403226 -25.33274194]
0.03	 0.71	-0.02	-0.14	127_H	[  3.12717391  -1.74843478 -29.10934783]
-0.03	 -0.4	0.05	0.06	127_H	[  4.97162963  -1.00007407 -27.7307037 ]
0.1	 1.82	-0.05	-0.17	128_P	[ -0.98625  -3.02875 -26.2935 ]
-0.07	 -0.2	-0.07	0.08	128_P	[ -1.76377273  -4.437      -28.06563636]
0.16	 1.47	0.25	-0.51	128_P	[  0.0595      -4.34083333 -30.76583333]
0.04	 0.45	-0.12	-0.12	128_P	[ -1.48445455  -5.81966667 -30.68718182]
-0.11	 -0.53	0.01	0.14	128_P	[ -0.48861224  -2.43873469 -30.0232449 ]
-0.24	 -1.14	0.14	0.37	128_P	[ -0.49659091  -0.56415909 -28.05013636]
-0.12	 -0.55	-0.05	0.07	128_P	[  0.98208824  -1.21529412 -26.36955882]
0.11	 1.74	0.06	-0.36	129_N	[  1.351       -3.51942857 -31.41614286]
0.01	 0.27	-0.14	-0.07	129_N	[  2.52810714  -2.59057143 -31.27264286]
-0.01	 0.06	0.02	-0.06	129_N	[  1.6482    -4.773075 -33.016025]
0.14	 0.72	0.08	-0.3	130_I	[ -0.62720588  -8.1845     -25.54955882]
0.2	 1.6	0.19	-0.46	130_I	[  1.912625   -7.5199375 -24.0049375]
0.11	 1.06	-0.07	-0.21	130_I	[  2.23883333  -9.320375   -23.13125   ]
0.1	 1.56	0.08	-0.37	131_V	[ -0.57485714  -9.881      -24.08357143]
0.08	 0.88	0.04	-0.11	131_V	[  0.12378788 -11.24736364 -23.00793939]
0.12	 0.68	0.09	-0.31	131_V	[  1.11763636 -15.11075    -25.88263636]
0.14	 0.91	0.02	-0.31	131_V	[ -1.88928571 -15.28103571 -27.27557143]
-0.06	 0.14	0.04	0.02	132_P	[ -2.00647059  -9.65258824 -23.234     ]
-0.11	 -0.55	0.1	0.27	132_P	[ -4.56826316  -9.29763158 -23.11528947]
-0.12	 -0.55	-0.06	0.17	132_P	[ -4.32870588  -8.93811765 -25.598     ]
0.14	 1.45	0.14	-0.4	132_P	[ -4.25761111 -10.39516667 -27.43461111]
0.02	 0.45	-0.18	-0.07	133_Y	[ -2.30242857 -11.384      -21.22519048]
-0.05	 0.17	-0.01	-0.06	133_Y	[ -5.2474186  -11.58034884 -19.43751163]
0.18	 1.3	0.18	-0.41	133_Y	[ -2.46644898 -13.61887755 -18.80518367]
0.14	 1.29	0.19	-0.44	133_Y	[  0.17084375 -12.468625   -21.40425   ]
0.13	 1.16	0.0	-0.26	133_Y	[ -1.395      -16.40265517 -18.67665517]
0.16	 1.36	0.22	-0.49	133_Y	[  0.09563636 -15.59554545 -23.908     ]
0.16	 1.26	0.18	-0.42	133_Y	[  0.50254167 -17.03204167 -23.273125  ]
0.07	 0.46	-0.06	-0.19	133_Y	[  2.61279412 -16.78444118 -23.55461765]
0.11	 1.13	0.02	-0.22	134_R	[ -8.00264286 -12.42514286 -19.22578571]
0.14	 1.62	0.05	-0.3	134_R	[ -6.81225  -13.02125  -17.961375]
0.01	 0.41	-0.12	-0.08	134_R	[ -8.49267857 -13.52264286 -17.02410714]
0.12	 0.67	0.13	-0.32	134_R	[ -8.77315789 -11.63410526 -20.49884211]
0.08	 -0.0	-0.06	-0.08	134_R	[ -7.34377778 -10.85194444 -22.16172222]
0.12	 0.61	-0.02	-0.21	134_R	[ -7.5562  -10.79115 -24.65175]
-0.14	 -0.55	-0.03	0.2	134_R	[ -9.241       -9.88466667 -23.51022222]
-0.05	 -0.28	-0.32	0.12	134_R	[-10.85636 -10.20392 -22.02544]
-0.11	 -0.26	0.04	0.14	134_R	[-10.72470588 -10.59788235 -25.27915686]
0.04	 0.52	-0.08	-0.1	135_A	[ -7.63807692 -15.70103846 -16.0145    ]
0.2	 1.21	0.17	-0.44	135_A	[ -4.9646087  -15.98465217 -17.23034783]
0.23	 1.48	0.18	-0.45	135_A	[ -4.0983125 -17.2840625 -18.324375 ]
0.19	 1.63	0.17	-0.44	135_A	[ -9.31333333 -16.51755556 -15.81833333]
0.14	 1.06	0.07	-0.3	136_T	[ -6.46565217 -16.85226087 -15.08530435]
0.13	 1.05	0.11	-0.33	136_T	[ -4.1905     -20.29416667 -13.45675   ]
-0.1	 -0.41	-0.09	0.1	136_T	[ -6.3127027  -18.44524324 -12.83324324]
0.05	 0.72	-0.05	-0.19	136_T	[ -2.90952632 -17.69747368 -16.67815789]
0.19	 0.67	0.09	-0.3	136_T	[ -2.53746154 -20.07553846 -13.76623077]
-0.12	 -0.57	-0.16	0.19	136_T	[ -3.30880952 -16.71549206 -14.02515873]
0.02	 1.06	-0.02	-0.09	137_F	[ -5.28525    -21.668      -12.50804167]
0.01	 -0.3	-0.05	-0.05	137_F	[ -8.53169565 -21.5336087  -12.19530435]
0.12	 0.82	0.09	-0.29	137_F	[ -9.99       -24.2781875  -13.88121875]
0.03	 -0.03	-0.11	0.02	138_I	[ -6.7085 -23.2179 -11.4165]
-0.04	 -0.07	-0.06	0.13	138_I	[ -8.98487234 -25.82055319 -11.87929787]
-0.05	 0.01	0.04	0.05	138_I	[ -6.45373913 -25.98082609  -9.96386957]
-0.19	 -0.81	0.06	0.28	138_I	[ -4.23765789 -24.47623684  -9.92360526]
-0.01	 0.17	-0.04	-0.09	138_I	[ -4.08725641 -27.92094872 -10.38961538]
-0.06	 0.24	0.0	0.01	138_I	[ -2.32383721 -24.69306977 -11.53397674]
0.01	 0.26	-0.05	-0.07	139_A	[ -9.90122222 -27.40488889 -13.66881481]
0.03	 0.09	-0.11	0.0	139_A	[ -9.08733333 -30.21473333 -14.5862    ]
0.16	 0.64	0.03	-0.22	139_A	[ -7.35519048 -30.535      -15.70861905]
-0.03	 0.05	-0.04	-0.04	139_A	[ -9.91515 -28.2245  -15.9986 ]
-0.11	 -0.55	0.1	0.13	140_D	[ -9.42181818 -29.82463636 -12.32759091]
0.12	 1.63	0.01	-0.26	140_D	[ -8.72266667 -31.82033333 -12.299     ]
0.07	 0.44	-0.23	-0.09	140_D	[ -6.87277778 -32.95777778 -11.47711111]
-0.12	 -0.73	0.0	0.14	140_D	[ -7.41223333 -32.91673333 -13.59756667]
-0.17	 -0.83	0.02	0.2	140_D	[ -8.58088636 -31.59611364 -10.19947727]
-0.09	 0.24	0.1	-0.1	140_D	[ -7.15865217 -29.76091304  -8.66891304]
-0.2	 -0.68	-0.0	0.25	140_D	[ -5.77896296 -29.55666667  -8.833     ]
-0.22	 -0.66	0.07	0.38	140_D	[ -8.60275    -28.99110417  -8.79158333]
0.07	 0.18	-0.13	-0.12	141_N	[ -5.0554     -31.30713333 -10.63133333]
0.01	 0.37	-0.03	-0.04	141_N	[ -2.97211765 -31.40461765 -11.8455    ]
0.11	 1.61	0.21	-0.48	141_N	[ -1.4563 -31.9756 -12.8233]
-0.12	 -0.51	0.0	0.13	141_N	[ -4.28813043 -34.02652174 -11.83947826]
-0.11	 -0.39	-0.01	0.07	141_N	[ -4.95441667 -35.21233333 -13.88083333]
-0.1	 -0.12	-0.1	0.08	141_N	[ -2.81777419 -35.95464516 -13.7333871 ]
-0.04	 0.09	-0.03	0.04	141_N	[ -4.93654839 -34.12532258 -15.86377419]
0.11	 0.74	-0.08	-0.19	142_E	[ -5.90584615 -31.99915385 -16.43476923]
-0.05	 -0.12	-0.02	-0.0	142_E	[ -6.06010526 -32.14215789 -17.87831579]
0.07	 0.12	0.03	-0.19	142_E	[ -7.16356522 -30.36356522 -18.31852174]
-0.08	 -0.04	-0.06	0.02	142_E	[ -4.15655319 -32.39046809 -19.74391489]
0.22	 1.57	0.22	-0.47	143_L	[ -1.74384615 -25.21796154 -18.66696154]
0.2	 1.82	0.14	-0.39	143_L	[ -0.66753333 -24.42493333 -17.6148    ]
0.05	 0.84	0.02	-0.23	143_L	[ -1.71185366 -22.72721951 -13.62707317]
0.1	 0.88	-0.01	-0.22	143_L	[  1.42672581 -23.27554839 -15.80432258]
0.16	 1.38	0.31	-0.55	144_W	[ -7.92444444 -29.19444444 -17.85377778]
-0.05	 -0.15	-0.03	0.01	144_W	[ -9.46363636 -29.36669697 -19.30309091]
0.05	 0.37	-0.03	-0.12	144_W	[-11.72805263 -27.70318421 -19.60228947]
0.16	 0.91	-0.11	-0.22	145_V	[ -0.9626 -21.1598 -20.7721]
0.21	 1.38	0.33	-0.56	145_V	[ -1.38285294 -18.76576471 -19.64055882]
0.03	 0.5	-0.04	-0.07	145_V	[ -0.68390244 -21.62641463 -18.96521951]
0.08	 0.17	-0.04	-0.14	147_T	[ -3.05497222 -17.76555556 -26.35922222]
0.17	 1.01	0.04	-0.26	147_T	[ -1.39014286 -16.79161905 -24.38709524]
0.19	 1.05	0.09	-0.3	148_S	[ -4.38262963 -16.23477778 -28.78014815]
0.06	 -0.02	0.01	-0.16	148_S	[ -6.78708 -11.66172 -27.37412]
-0.1	 -0.06	-0.05	0.06	148_S	[ -8.82448718 -12.61720513 -28.45579487]
0.22	 1.53	0.2	-0.46	149_F	[ -9.17871429 -15.047      -29.326     ]
0.07	 0.28	-0.02	-0.13	149_F	[ -8.14897917 -14.09310417 -31.87266667]
0.16	 1.31	-0.11	-0.22	149_F	[ -9.724      -16.10311111 -30.97944444]
0.19	 1.5	0.09	-0.34	149_F	[ -5.8698     -18.92866667 -31.86973333]
0.07	 0.86	0.01	-0.17	149_F	[-10.26085185 -16.57662963 -32.90196296]
0.03	 0.52	-0.26	0.02	149_F	[ -6.1178  -20.3688  -33.81356]
0.22	 1.71	0.19	-0.45	149_F	[-11.03948718 -18.72182051 -34.74866667]
0.04	 0.59	-0.05	-0.16	149_F	[ -8.32995455 -20.28440909 -35.32611364]
0.1	 0.53	-0.04	-0.17	150_M	[ -5.08041176 -17.15482353 -31.39482353]
0.07	 0.83	-0.07	-0.19	150_M	[ -4.96578571 -18.27735714 -34.5645    ]
0.17	 1.22	0.15	-0.38	150_M	[ -3.1097619  -16.61457143 -33.01852381]
0.21	 -0.06	-0.02	-0.24	150_M	[ -3.32       -15.884      -30.76383333]
0.11	 1.14	0.01	-0.24	150_M	[ -5.60796774 -11.93874194 -30.97874194]
0.24	 1.27	0.08	-0.32	150_M	[ -4.67546667 -11.32086667 -28.76373333]
0.15	 1.65	0.15	-0.41	151_A	[ -6.18190909 -18.35       -36.41472727]
-0.02	 0.11	-0.09	0.01	151_A	[ -7.13974359 -18.61641026 -38.14851282]
0.19	 1.0	0.07	-0.32	151_A	[-10.1145     -15.67645455 -36.19359091]
0.07	 0.83	0.03	-0.24	152_Y	[ -4.49382353 -17.40017647 -40.17082353]
-0.06	 -0.43	-0.07	0.08	152_Y	[ -3.865625 -18.596875 -38.708   ]
0.09	 0.39	0.08	-0.25	152_Y	[ -2.15604348 -18.62669565 -39.50065217]
0.26	 1.47	0.2	-0.47	152_Y	[ -5.63415789 -16.86436842 -41.58505263]
0.02	 0.17	-0.0	-0.1	152_Y	[ -7.391125 -12.4047   -43.527225]
0.09	 1.08	-0.09	-0.14	153_G	[ -4.47766667 -18.63       -36.80341667]
-0.05	 -0.21	-0.13	0.07	153_G	[ -2.63542857 -19.16904082 -35.63081633]
0.15	 1.42	0.35	-0.59	154_S	[ -0.48     -19.165125 -34.815375]
0.14	 0.06	0.03	-0.22	154_S	[  2.19247059 -19.95729412 -34.21105882]
0.17	 0.5	0.03	-0.26	154_S	[  3.1379  -21.23795 -35.767  ]
0.17	 1.79	0.18	-0.44	156_K	[  3.77315385 -22.92223077 -38.93269231]
0.15	 1.88	0.02	-0.29	156_K	[  4.61369231 -21.96215385 -36.767     ]
-0.05	 -0.04	-0.05	-0.03	156_K	[  6.62248718 -22.86110256 -37.371     ]
-0.08	 -0.12	-0.03	0.05	156_K	[  8.70563514 -23.7662973  -39.09578378]
-0.03	 0.02	-0.1	0.03	156_K	[ 11.07280645 -23.46551613 -39.74864516]
0.01	 0.19	-0.19	-0.08	157_D	[  1.71427778 -23.34011111 -39.42277778]
0.1	 0.83	-0.04	-0.24	157_D	[ -0.24575   -20.8570625 -40.937    ]
0.03	 -0.05	-0.11	-0.09	157_D	[  0.16305 -22.90385 -41.5836 ]
-0.05	 -0.28	0.02	0.01	157_D	[ -0.75979167 -21.12554167 -39.08783333]
-0.07	 0.43	-0.08	0.03	157_D	[ -0.2167  -22.43205 -36.7155 ]
-0.21	 -0.37	1.08	0.53	157_D	[  1.39326087 -23.36165217 -36.8385    ]
-0.21	 -0.14	0.02	0.13	157_D	[ -0.05068966 -21.10810345 -35.31210345]
0.19	 1.39	0.28	-0.54	158_L	[ -0.46363636 -19.69554545 -41.92609091]
0.15	 1.26	0.28	-0.51	158_L	[ -0.57178571 -18.88       -40.78842857]
0.17	 0.85	0.11	-0.34	158_L	[ -2.35491667 -18.0295     -41.79458333]
0.13	 0.89	0.02	-0.25	159_I	[  7.20316667 -22.95157143 -43.83916667]
0.25	 1.17	0.08	-0.34	160_C	[  5.05253333 -24.60253333 -44.25733333]
0.1	 0.5	-0.14	-0.12	160_C	[  1.217  -25.3467 -43.3969]
-0.0	 -0.0	-0.02	0.03	160_C	[  1.44686207 -25.93310345 -45.51544828]
-0.13	 -0.92	0.02	0.17	160_C	[  2.68359259 -25.66459259 -41.86951852]
-0.14	 -0.71	0.03	0.17	160_C	[  5.36627692 -25.34589231 -41.12318462]
0.12	 1.58	0.14	-0.41	161_T	[  0.60766667 -24.21775    -42.94966667]
-0.07	 -0.68	-0.06	0.09	161_T	[ -0.66026667 -25.05333333 -44.95833333]
0.09	 1.04	0.11	-0.48	161_T	[  0.85180952 -24.55038095 -47.30880952]
-0.18	 -0.41	-0.13	0.27	161_T	[ -1.18917778 -23.87164444 -47.54866667]
-0.17	 -1.11	-0.05	0.19	161_T	[ -1.43763158 -23.61778947 -42.90936842]
-0.26	 -1.14	0.2	0.41	161_T	[ -3.10875676 -23.7657027  -44.84021622]
0.03	 0.43	-0.04	-0.14	161_T	[ -2.09485 -21.15505 -43.9881 ]
0.14	 0.76	-0.02	-0.18	162_H	[  0.8961  -23.04335 -48.8484 ]
-0.1	 -0.19	0.04	0.07	162_H	[  2.65358333 -21.65127778 -50.11322222]
0.18	 1.95	0.03	-0.28	162_H	[ -1.80092308 -21.12207692 -47.66446154]
0.14	 1.52	0.28	-0.53	162_H	[  1.9218 -18.9324 -50.2455]
-0.08	 -0.35	0.02	0.07	162_H	[ -1.96068085 -20.84853191 -50.2417234 ]
-0.13	 -0.59	0.03	0.15	162_H	[  0.48228571 -18.35647619 -51.85904762]
-0.18	 -0.5	-0.0	0.26	162_H	[ -1.33695238 -19.93552381 -52.55866667]
0.12	 0.66	0.03	-0.23	163_F	[  4.19605263 -19.24952632 -49.453     ]
0.17	 1.04	0.0	-0.3	163_F	[  5.96892857 -19.85085714 -49.34571429]
0.03	 0.22	0.03	-0.12	163_F	[  3.55053333 -16.4412     -49.77213333]
0.01	 0.39	-0.02	-0.1	163_F	[  1.767875   -14.86003125 -50.1634375 ]
0.15	 0.85	0.02	-0.25	164_M	[  5.0246 -21.468  -49.5928]
0.13	 1.58	0.06	-0.3	164_M	[  6.826  -23.5825 -46.472 ]
0.06	 0.19	-0.1	-0.09	164_M	[  8.         -23.21545455 -49.53990909]
-0.08	 0.1	-0.02	0.03	164_M	[  9.08282759 -23.1302069  -47.28603448]
-0.16	 -0.92	-0.08	0.13	164_M	[  6.06569444 -24.37430556 -49.28122222]
0.07	 -0.19	0.02	-0.11	164_M	[  5.72868421 -25.04494737 -46.38284211]
-0.16	 -0.61	-0.04	0.2	164_M	[  3.57290769 -25.97995385 -48.86116923]
-0.25	 -0.87	0.05	0.31	164_M	[  3.88553333 -27.59631667 -46.3918    ]
0.06	 0.32	-0.23	-0.07	165_D	[  6.88236842 -21.76226316 -50.23521053]
0.06	 0.92	-0.07	-0.13	165_D	[  9.7408     -22.1002     -49.65466667]
0.11	 1.69	0.16	-0.45	165_D	[  8.67257143 -18.29014286 -50.54828571]
-0.03	 0.07	-0.07	-0.03	165_D	[ 10.4003913  -17.95369565 -50.057     ]
-0.13	 -0.42	-0.07	0.19	165_D	[  7.78242 -20.54588 -51.3881 ]
-0.11	 -0.53	-0.06	0.17	165_D	[ 10.17576923 -20.87815385 -52.39403846]
-0.22	 -0.61	-0.03	0.25	165_D	[ 11.65875    -20.62338889 -51.19880556]
-0.31	 -1.14	0.24	0.49	165_D	[  9.66031579 -20.65213158 -53.99778947]
0.16	 2.51	0.02	-0.25	166_G	[  8.97418182 -16.02436364 -49.081     ]
0.01	 0.16	-0.0	-0.08	166_G	[  6.87546512 -16.77676744 -49.63848837]
-0.01	 0.28	-0.16	-0.01	167_M	[  7.4015   -14.2585   -49.580875]
0.06	 0.66	0.08	-0.19	167_M	[  9.33836364 -13.84159091 -49.04740909]
0.13	 0.77	0.03	-0.2	168_N	[  5.552625 -13.848875 -49.467375]
-0.04	 -0.23	-0.01	0.12	168_N	[  7.60736842 -12.08231579 -50.40621053]
-0.09	 -0.56	-0.0	0.1	168_N	[  5.3253617  -10.3327234  -50.90023404]
0.14	 1.27	0.19	-0.45	168_N	[  4.1454     -13.12226667 -49.9012    ]
-0.14	 -0.35	-0.0	0.18	168_N	[  2.5909375  -11.62597917 -50.91177083]
0.06	 0.23	-0.03	-0.12	169_E	[  8.34986364  -9.83227273 -50.01395455]
-0.01	 -0.11	-0.0	-0.05	169_E	[  9.67984848  -7.81236364 -49.94375758]
0.1	 -0.87	-0.06	-0.12	169_E	[ 11.17875  -5.62    -49.96775]
0.12	 1.82	-0.01	-0.29	169_E	[ 11.69157143  -4.50014286 -49.60514286]
0.03	 -0.33	0.03	-0.13	169_E	[ 12.079       -7.349      -50.84617647]
0.14	 0.82	0.09	-0.28	170_L	[  7.10068182  -6.77072727 -49.18581818]
0.04	 0.28	-0.02	-0.06	170_L	[  5.22968  -6.05224 -49.53852]
0.03	 0.26	-0.05	-0.03	170_L	[  5.71088889  -3.028      -49.12244444]
-0.16	 -0.84	0.01	0.23	170_L	[  2.875       -3.57062687 -49.18113433]
0.19	 2.03	0.14	-0.42	170_L	[  3.59328571  -1.9435     -46.79692857]
0.14	 0.97	0.1	-0.31	174_Y	[  3.99447059  -4.98144118 -38.22747059]
0.15	 1.75	0.11	-0.37	174_Y	[  2.08544444  -5.64238889 -40.37888889]
0.19	 1.2	0.03	-0.29	174_Y	[  2.33744444  -3.59333333 -40.15844444]
0.16	 1.7	0.12	-0.37	174_Y	[  1.07266667  -0.65322222 -41.95966667]
0.13	 2.05	0.07	-0.37	174_Y	[  1.7765      -2.74133333 -46.16      ]
-0.02	 -0.06	-0.03	-0.01	174_Y	[  1.45878571  -0.57030952 -44.84435714]
0.18	 1.37	0.42	-0.65	177_Q	[  5.65423077  -3.00438462 -35.13115385]
0.13	 1.14	0.2	-0.45	177_Q	[  5.621      -1.957125  -36.0119375]
0.15	 1.61	0.07	-0.35	177_Q	[  4.782    0.421  -37.4816]
-0.02	 0.37	-0.14	-0.04	177_Q	[  4.29074545  -1.44249091 -38.05370909]
-0.06	 -0.12	-0.05	0.04	177_Q	[  6.61342105   1.01529825 -38.29552632]
0.08	 0.84	-0.07	-0.21	178_G	[  5.18661538  -3.978      -36.18776923]
0.16	 0.77	0.04	-0.23	178_G	[  4.06971429  -4.80252381 -35.10014286]
0.16	 1.28	0.04	-0.28	181_K	[  8.175375   -1.047125  -30.0043125]
0.12	 0.59	0.06	-0.21	181_K	[  7.46442857  -1.60607143 -28.14028571]
0.09	 -0.03	-0.07	-0.13	181_K	[  5.9327  -0.9527 -30.2258]
-0.06	 -0.07	-0.04	0.04	181_K	[  6.87005556   0.26411111 -31.63283333]
-0.03	 -0.0	-0.06	-0.05	181_K	[  4.28584091  -1.34315909 -32.79077273]
-0.07	 -0.12	0.08	-0.0	181_K	[  5.65505556   0.79036111 -34.195     ]
-0.24	 -1.01	0.08	0.36	181_K	[  3.41758182   0.87676364 -34.75185455]
0.18	 1.53	0.17	-0.43	184_D	[ 13.31364706  -2.50623529 -26.76529412]
0.15	 1.0	0.05	-0.34	184_D	[ 10.28225     -0.69941667 -25.27583333]
0.18	 0.61	-0.07	-0.2	184_D	[  9.31627273  -0.85336364 -27.97545455]
0.07	 0.38	0.0	-0.23	184_D	[ 10.61407143   0.39       -26.31835714]
0.09	 0.14	0.03	-0.21	184_D	[ 13.70751613  -0.34454839 -26.72241935]
-0.11	 -0.31	0.03	0.11	184_D	[ 10.62586   1.29454 -28.3684 ]
0.12	 0.79	-0.01	-0.24	185_Y	[  8.96985714  -1.31692857 -26.11285714]
-0.0	 -0.33	-0.12	-0.03	185_Y	[  8.92340909  -1.09768182 -23.8005    ]
0.23	 1.27	0.47	-0.68	185_Y	[  9.00433333  -1.97342857 -21.52880952]
0.06	 1.13	0.0	-0.13	185_Y	[  7.097       -1.46384615 -25.46653846]
-0.1	 -0.33	0.03	0.03	185_Y	[  6.16055172  -0.85175862 -22.94982759]
-0.09	 -0.45	-0.02	0.05	185_Y	[  4.33639394  -1.07478788 -21.28945455]
0.03	 0.1	0.01	-0.11	185_Y	[  3.5642      -3.09576667 -19.11753333]
0.14	 1.66	0.17	-0.45	187_H	[ 15.484       -5.21030769 -22.48692308]
0.11	 0.68	0.01	-0.21	187_H	[ 14.43        -1.87358333 -22.69608333]
-0.09	 -0.19	0.0	0.06	187_H	[ 15.27216216  -3.48137838 -20.68524324]
-0.08	 -0.07	-0.13	0.02	187_H	[ 15.07792105  -3.11676316 -24.22234211]
0.09	 0.73	0.02	-0.23	187_H	[ 15.60088571  -4.32808571 -26.9318    ]
0.14	 1.65	0.22	-0.48	187_H	[ 17.01727273  -5.88790909 -27.27472727]
-0.01	 0.18	-0.09	-0.01	188_H	[ 14.06258824  -0.51570588 -21.03605882]
0.14	 1.48	0.2	-0.49	188_H	[ 10.79618182  -0.64272727 -19.37981818]
-0.15	 -0.45	1.8	0.41	188_H	[ 12.9997963   -1.11968519 -18.37661111]
-0.11	 -0.13	-0.2	0.1	188_H	[ 10.34635484  -0.07377419 -21.15119355]
0.05	 0.66	-0.02	-0.13	188_H	[ 11.98047059   0.52623529 -22.91594118]
0.12	 1.15	0.04	-0.27	188_H	[ 12.42626667  -0.11023333 -24.16033333]
-0.24	 -0.97	0.08	0.35	188_H	[ 12.8666875    2.39716667 -21.5581875 ]
-0.2	 -0.87	-0.14	0.18	188_H	[ 13.48942857   1.87304762 -25.24171429]
-0.19	 -0.63	0.08	0.3	188_H	[ 13.71686111   3.30197222 -23.34319444]
0.03	 0.4	-0.0	-0.17	189_M	[ 10.59123077  -2.32830769 -17.39946154]
0.07	 -0.92	-0.13	0.01	189_M	[ 12.8236  -3.1793 -16.7496]
-0.05	 0.15	-0.12	-0.05	189_M	[ 11.46826923  -4.76092308 -15.88534615]
0.13	 1.53	0.23	-0.5	189_M	[  9.72211111  -4.87733333 -16.96      ]
-0.09	 -0.32	-0.08	0.14	189_M	[  7.53668421  -3.45889474 -16.98442105]
-0.13	 -0.47	0.03	0.15	189_M	[  7.68362687  -0.71510448 -18.72089552]
0.08	 1.42	0.23	-0.49	190_G	[ 13.8122  -3.023  -17.5968]
0.07	 0.44	-0.18	-0.11	190_G	[ 15.39978182  -4.14396364 -17.59932727]
0.17	 1.66	0.19	-0.44	190_G	[ 15.575875   -6.23625   -19.5400625]
0.19	 1.32	0.14	-0.39	191_Y	[ 15.81623529  -6.95538235 -21.46276471]
0.12	 1.09	0.01	-0.24	191_Y	[ 11.24580769 -11.86711538 -15.84615385]
0.05	 0.63	-0.06	-0.15	191_Y	[ 10.09340426  -7.10248936 -15.79795745]
0.13	 1.64	-0.02	-0.27	191_Y	[ 11.73514286  -8.77028571 -14.50428571]
-0.1	 -0.37	-0.15	0.05	191_Y	[  9.66247222  -9.61652778 -13.75397222]
0.21	 1.31	0.21	-0.48	194_R	[ 14.8495625  -19.0496875  -25.59028125]
0.15	 1.03	0.09	-0.34	194_R	[ 14.63321333 -19.02508    -19.61526667]
0.07	 0.8	-0.09	-0.17	195_S	[ 12.058      -19.72846154 -26.61826923]
0.22	 1.37	0.06	-0.33	195_S	[  9.93491667 -18.67358333 -25.773     ]
0.17	 1.24	0.21	-0.48	197_K	[ 10.00853846 -21.31484615 -30.44457692]
0.08	 0.57	-0.0	-0.22	197_K	[ 10.08536 -21.6538  -34.33152]
-0.12	 -0.2	-0.03	0.12	197_K	[ 10.57145833 -23.44816667 -31.9919375 ]
0.19	 1.46	0.31	-0.56	199_S	[  8.71794118 -20.10623529 -35.13976471]
0.04	 0.33	0.06	-0.12	199_S	[  4.1386 -19.5764 -31.7066]
-0.07	 -0.07	-0.01	-0.01	199_S	[  6.38360714 -21.73026786 -34.45585714]
-0.05	 -0.01	-0.04	-0.07	199_S	[  7.59551724 -21.80831034 -32.105     ]
-0.01	 0.22	-0.03	-0.04	200_H	[  5.49753333 -19.56156667 -29.0994    ]
-0.04	 -0.23	-0.09	-0.04	200_H	[  9.0812093  -20.27751163 -27.73486047]
-0.15	 -1.07	0.05	0.2	200_H	[  7.22209091 -20.851      -28.55184848]
-0.02	 0.04	-0.01	-0.04	202_L	[ -0.46952727 -16.76441818 -29.89289091]
-0.01	 -0.28	-0.01	0.01	202_L	[  0.05917778 -18.29126667 -32.58775556]
0.06	 0.23	-0.07	-0.08	204_S	[ -6.68710811 -10.96256757 -33.70637838]
0.16	 1.43	0.34	-0.57	204_S	[ -5.59423077  -8.59892308 -33.64284615]
0.11	 0.86	-0.01	-0.22	205_V	[ -9.93544444  -9.927      -38.52955556]
0.01	 -0.12	-0.0	-0.07	205_V	[ -8.82830303 -10.61615152 -40.51721212]
-0.07	 -0.21	-0.14	0.11	205_V	[-10.37717647 -10.378      -36.81505882]
-0.07	 -0.29	-0.05	0.01	205_V	[-11.49996078 -12.67221569 -38.33737255]
-0.12	 -0.63	0.01	0.13	205_V	[ -9.90120635 -12.54987302 -34.9727619 ]
0.06	 0.61	-0.01	-0.18	206_D	[ -8.37304348  -7.74247826 -39.6973913 ]
-0.13	 -0.58	0.0	0.21	206_D	[ -9.36825     -6.88036364 -37.80363636]
-0.06	 -0.01	-0.0	-0.03	206_D	[ -8.72352381  -7.71552381 -35.41919048]
0.05	 0.26	0.01	-0.15	206_D	[ -7.4327619   -8.50328571 -34.81104762]
-0.13	 -0.32	0.02	0.11	206_D	[ -8.42218421  -5.22618421 -35.41365789]
0.2	 1.09	0.15	-0.4	207_G	[ -1.844       -5.79822727 -37.72381818]
0.03	 0.2	0.01	-0.1	208_K	[ -2.1369375  -5.7384375 -36.0095625]
0.1	 0.43	0.06	-0.25	208_K	[ -2.06342857  -6.24009524 -33.27733333]
0.04	 0.7	-0.01	-0.1	208_K	[ -3.84571429  -4.44642857 -35.07478571]
-0.0	 0.28	-0.01	-0.1	208_K	[ -5.243425  -5.7356   -32.687925]
-0.13	 -0.23	-0.11	0.15	208_K	[ -6.19094737  -3.59018421 -34.11378947]
-0.29	 -1.09	0.13	0.46	208_K	[ -7.06383929  -3.88705357 -31.86421429]
0.04	 0.37	-0.25	-0.03	209_V	[ -0.18453333  -6.39166667 -34.71566667]
0.21	 1.44	0.29	-0.54	209_V	[ -0.17911765  -6.86358824 -32.60982353]
0.06	 0.46	-0.03	-0.15	209_V	[  1.4703    -6.422625 -37.068425]
0.04	 0.58	-0.13	-0.14	210_Y	[ -2.91613514  -7.86310811 -28.36489189]
0.14	 0.68	-0.07	-0.2	210_Y	[ -4.14113333  -9.55766667 -29.60546667]
-0.07	 -0.21	-0.05	0.1	210_Y	[ -4.78266667  -7.80826667 -30.95768889]
-0.06	 -0.28	0.1	0.14	212_S	[  2.49342857 -16.885      -27.80707143]
0.12	 0.95	-0.01	-0.19	212_S	[  3.16066667 -17.64844444 -29.89838889]
0.03	 0.46	0.01	-0.25	213_G	[  4.22125806 -16.60258065 -26.05258065]
-0.08	 -0.11	-0.19	0.06	213_G	[  6.36268 -18.48948 -25.5808 ]
0.11	 1.67	0.1	-0.37	213_G	[  7.7597 -18.3619 -24.576 ]
0.12	 2.28	0.19	-0.42	213_G	[  8.75455556 -18.1485     -24.49155556]
0.15	 1.37	0.07	-0.37	214_L	[  5.15071429 -17.12785714 -23.72871429]
0.22	 1.3	0.16	-0.42	214_L	[  8.435875  -15.6804375 -19.218625 ]
0.19	 1.27	0.15	-0.42	214_L	[  2.56813793 -11.63796552 -21.78989655]
0.21	 1.42	0.22	-0.48	215_R	[  5.99325    -18.32966667 -22.70958333]
0.16	 1.24	0.39	-0.61	215_R	[  9.81922222 -20.34433333 -21.382     ]
0.02	 0.58	-0.1	-0.16	215_R	[  9.81624444 -18.42086667 -18.71224444]
0.03	 0.34	-0.19	-0.08	215_R	[  7.07631429 -20.10605714 -22.82377143]
0.1	 0.58	0.03	-0.27	215_R	[  9.062      -22.36926087 -21.79495652]
0.18	 1.62	0.22	-0.48	215_R	[  4.89163158 -23.17126316 -21.22031579]
0.1	 0.77	0.03	-0.25	215_R	[  5.57523529 -21.64711765 -23.52335294]
-2.36	 -0.43	0.33	0.27	215_R	[  8.0615122  -23.55809756 -24.17117073]
0.11	 0.87	0.04	-0.27	215_R	[  4.741525 -23.274025 -23.774775]
0.11	 0.84	0.03	-0.31	216_S	[  9.70282609 -19.62478261 -22.32973913]
0.18	 1.7	0.21	-0.48	216_S	[ 12.27675 -19.485   -21.396  ]
0.19	 1.65	0.28	-0.53	216_S	[ 12.323      -17.77015789 -19.81589474]
-0.01	 0.41	-0.36	0.26	216_S	[ 12.47260714 -19.40023214 -23.38517857]
0.01	 0.62	-0.0	-0.12	217_N	[ 11.56026316 -15.23977193 -17.97301754]
0.13	 1.03	-0.04	-0.26	218_L	[ 13.52       -14.19688889 -16.77077778]
0.24	 1.44	0.19	-0.45	218_L	[ 18.40742857 -14.60228571 -15.9605    ]
-0.1	 -0.32	-0.05	0.13	218_L	[ 15.73736508 -15.86061905 -15.8594127 ]
0.07	 0.53	-0.02	-0.21	219_S	[ 13.42372727 -12.86177273 -16.07445455]
-0.02	 0.24	-0.07	-0.02	219_S	[ 17.18035135 -11.81735135 -14.29391892]
-0.14	 -0.48	-0.02	0.15	219_S	[ 13.8095     -11.37786111 -13.853     ]
0.07	 0.45	-0.07	-0.14	219_S	[ 13.59521622  -8.53281081 -13.79354054]
0.24	 1.17	0.16	-0.43	220_M	[ 19.73228571 -10.10914286 -14.94957143]
0.11	 0.72	-0.0	-0.21	220_M	[ 19.1678   -9.58295 -13.5399 ]
0.01	 0.38	0.5	-0.99	220_M	[ 20.3666  -9.0902 -13.7776]
0.15	 0.93	0.09	-0.35	220_M	[ 18.43129167  -6.30475    -17.20283333]
-0.01	 0.32	-0.05	-0.09	220_M	[ 18.89837736  -6.8539434  -19.99092453]
0.08	 0.76	0.01	-0.27	221_I	[ 17.94783333  -9.89008333 -11.86808333]
-0.09	 -0.19	0.01	0.07	221_I	[ 16.19928571  -9.20478571 -10.50909524]
0.08	 1.37	-0.06	-0.17	221_I	[ 14.41283333  -7.511      -12.0845    ]
-0.08	 -0.3	-0.06	0.04	221_I	[ 15.1922   -5.53746 -10.2552 ]
-0.09	 -0.42	0.04	0.09	221_I	[ 14.23906579  -4.39996053 -13.35578947]
-0.07	 -0.34	-0.12	-0.03	222_S	[ 18.41947059 -10.08541176  -9.17988235]
0.21	 1.42	0.43	-0.64	222_S	[21.41027273 -8.03590909 -8.12863636]
0.21	 1.26	0.22	-0.47	222_S	[21.13754545 -5.77659091 -7.86822727]
-0.09	 -0.64	-0.05	0.13	222_S	[ 20.78732432 -10.37932432 -10.83378378]
-0.2	 -0.58	0.04	0.26	222_S	[ 21.42741667 -10.311875    -8.41985417]
-0.03	 -0.55	0.06	0.03	223_H	[18.51179167 -9.104375   -6.95925   ]
-0.13	 -0.79	-0.06	0.15	223_H	[18.27513333 -8.3516     -5.3242    ]
-0.07	 -0.26	-0.04	0.02	223_H	[17.96625    -6.24766667 -4.67083333]
-0.06	 -0.11	-0.03	-0.01	223_H	[19.26027586 -4.42727586 -4.89      ]
-0.12	 -0.16	-0.2	0.09	223_H	[21.517      -7.84381081 -6.06545946]
0.02	 0.91	-0.05	-0.08	223_H	[20.659     -7.7595625 -3.973    ]
-0.21	 -0.88	0.02	0.24	223_H	[20.31603125 -9.59740625 -3.78596875]
-0.14	 -0.59	-0.05	0.23	223_H	[21.41104545 -6.07338636 -3.30031818]
-0.26	 -1.5	0.18	0.43	223_H	[21.12044 -9.19114 -1.50234]
-0.16	 -0.89	0.08	0.3	223_H	[21.60128571 -6.89631429 -1.34402857]
-0.03	 -0.02	0.06	-0.01	224_G	[16.72910526 -6.90205263 -7.25031579]
-0.2	 -0.75	0.03	0.28	224_G	[16.08731707 -4.34697561 -6.68134146]
0.13	 1.35	0.07	-0.32	224_G	[17.50414286 -3.36335714 -7.38221429]
-0.2	 -0.9	0.04	0.28	224_G	[16.913      -2.42285366 -8.67441463]
-0.04	 0.63	-0.06	-0.07	225_Q	[ 18.5256875  -2.658875  -10.5734375]
0.12	 1.74	0.17	-0.44	225_Q	[ 17.6706  -3.9252 -11.4314]
0.12	 0.66	0.12	-0.32	225_Q	[21.7239     -3.47716667 -9.80953333]
-0.1	 -0.06	0.01	0.1	225_Q	[20.13312903 -1.48719355 -7.91183871]
-0.03	 -0.33	-0.02	-0.05	225_Q	[22.22458824 -2.88661765 -7.54276471]
-0.27	 -0.93	0.03	0.45	225_Q	[23.51255  -2.191125 -8.7442  ]
-0.24	 -0.55	0.12	0.29	225_Q	[22.30348077 -2.26180769 -5.65863462]
-0.0	 0.13	0.01	-0.14	226_R	[ 18.63504545  -2.93363636 -12.28322727]
0.11	 1.07	0.07	-0.36	226_R	[ 22.1377  -3.9214 -14.9563]
-0.08	 -0.2	-0.1	0.14	226_R	[ 22.66373684  -3.60026316 -12.79965789]
-0.03	 0.11	-0.04	0.01	226_R	[ 20.16445455  -3.17715152 -15.29178788]
0.06	 1.0	-0.04	-0.19	226_R	[ 17.48107692  -3.68211538 -15.40407692]
-0.15	 -0.54	1.77	0.33	226_R	[ 17.26106383  -2.23068085 -16.58331915]
-0.09	 -0.66	-0.18	0.11	226_R	[ 18.50662963  -0.73092593 -14.32859259]
-0.12	 -0.45	-0.03	0.16	226_R	[ 18.20276923   0.67507692 -15.84026923]
-0.24	 -1.16	0.21	0.46	226_R	[ 17.6382       0.89332727 -17.60507273]
-0.28	 -1.19	0.17	0.44	226_R	[ 18.28341071   2.21757143 -14.73182143]
0.13	 1.25	0.02	-0.31	227_Q	[ 24.08809091  -5.52990909 -13.77845455]
0.04	 0.58	-0.19	-0.05	227_Q	[ 22.25466667  -4.67       -16.09266667]
0.09	 0.5	0.04	-0.25	227_Q	[ 21.17618519  -5.98307407 -17.08040741]
0.07	 0.53	-0.07	-0.22	227_Q	[ 22.82464865  -8.95721622 -14.28005405]
-0.04	 -0.02	0.04	-0.1	227_Q	[ 22.16636  -9.44244 -12.49748]
-0.0	 0.19	-0.13	-0.05	227_Q	[ 23.76336364  -7.50218182 -11.08722727]
-0.25	 -0.79	0.05	0.37	227_Q	[ 25.20027907  -7.26253488 -11.8987907 ]
-0.09	 -0.09	-0.11	0.04	227_Q	[23.0167619  -5.94209524 -9.74771429]
-0.09	 -0.28	-0.07	-0.01	228_R	[ 24.50716  -5.55696 -15.37796]
-0.02	 0.08	-0.1	0.03	228_R	[ 23.89095  -4.51205 -17.94475]
0.12	 0.35	0.01	-0.2	228_R	[ 23.55372  -6.11812 -20.0682 ]
-0.16	 -0.74	-0.01	0.22	228_R	[ 26.54409091  -4.89833333 -16.42148485]
-0.15	 -0.8	0.12	0.21	228_R	[ 25.91096774  -3.42206452 -19.12809677]
-0.22	 -1.0	0.05	0.29	228_R	[ 28.62253488  -3.49432558 -18.62130233]
-0.06	 -0.62	0.02	0.02	228_R	[ 28.94313636  -6.20577273 -18.85459091]
-0.05	 -0.34	0.04	-0.05	228_R	[ 29.722875   -4.8789375 -21.50175  ]
-0.12	 -0.15	-0.1	0.13	228_R	[ 27.56697674  -4.21348837 -22.33413953]
-0.1	 -0.6	0.05	0.17	228_R	[ 29.18215217  -7.00532609 -21.74436957]
0.19	 1.16	0.05	-0.3	229_V	[ 25.81236364  -7.82872727 -16.46881818]
0.03	 0.37	0.06	-0.18	229_V	[ 24.41081579 -10.21365789 -15.51423684]
0.07	 0.56	-0.11	-0.14	229_V	[ 27.5944      -9.2962     -21.30108571]
-0.07	 -0.19	-0.03	0.08	229_V	[ 28.05078846  -9.70498077 -17.36086538]
0.2	 1.1	-0.08	-0.17	230_V	[ 23.71545455 -12.49763636 -15.76490909]
-0.03	 -0.06	0.03	0.03	230_V	[ 20.83963265 -12.97836735 -15.30142857]
0.08	 0.98	0.03	-0.25	231_H	[ 23.40294444 -14.6145     -15.84344444]
-0.01	 0.04	-0.12	0.02	231_H	[ 23.392125 -18.001375 -16.154625]
0.05	 0.07	0.01	-0.08	231_H	[ 23.79509091 -19.42427273 -17.24781818]
-0.08	 -0.56	-0.01	0.14	231_H	[ 25.3367   -17.122775 -15.94055 ]
-0.1	 0.65	-0.07	0.12	231_H	[ 27.45957143 -16.17628571 -15.58428571]
0.11	 1.01	0.09	-0.27	231_H	[ 27.96307407 -16.88625926 -18.04896296]
-0.08	 -0.35	0.01	0.1	231_H	[ 26.4601087  -13.6295     -15.12895652]
-0.1	 -0.44	0.03	0.07	231_H	[ 29.607875   -14.16990625 -17.2225    ]
-0.21	 -0.3	-0.01	0.26	231_H	[ 28.63755 -12.8703  -15.8251 ]
0.08	 0.18	0.01	-0.17	232_D	[ 22.14885714 -16.58664286 -16.03278571]
-0.13	 -0.29	-0.07	0.11	232_D	[ 21.57633333 -19.1805     -16.07541667]
-0.05	 0.16	-0.03	0.01	232_D	[ 19.74904167 -17.31966667 -15.59745833]
-0.06	 0.04	-0.2	0.06	232_D	[ 17.781      -18.65972727 -15.85254545]
0.1	 0.88	0.02	-0.2	232_D	[ 17.11853571 -19.91421429 -17.4285    ]
-0.14	 -0.28	0.01	0.15	232_D	[ 18.72129167 -20.7        -15.6894375 ]
0.08	 -0.75	-0.0	-0.1	233_F	[ 22.01513333 -20.75546667 -17.74326667]
0.08	 0.34	-0.0	-0.2	233_F	[ 19.39026087 -22.72534783 -18.31591304]
-0.07	 -0.29	-0.03	0.09	233_F	[ 22.29988889 -22.91233333 -19.14337037]
0.14	 0.61	-0.14	-0.08	233_F	[ 23.15114286 -23.92028571 -21.36442857]
-0.09	 -0.45	-0.02	0.1	233_F	[ 20.72713158 -24.792      -20.82910526]
0.1	 0.85	0.12	-0.35	233_F	[ 23.4085 -23.7627 -22.4642]
-0.1	 -0.44	0.12	0.16	233_F	[ 20.36338298 -25.52268085 -23.39504255]
0.05	 0.42	-0.06	-0.11	233_F	[ 23.60366667 -23.47477778 -24.38555556]
-0.07	 -0.33	-0.03	0.04	233_F	[ 22.11046667 -24.93513333 -24.95883333]
0.12	 1.74	0.23	-0.49	234_P	[ 15.53881818 -21.10236364 -21.08727273]
0.14	 0.71	-0.07	-0.19	234_P	[ 17.58652941 -24.64417647 -22.03047059]
0.17	 1.29	0.03	-0.31	234_P	[ 15.5107561  -20.28358537 -23.20129268]
0.19	 1.37	0.24	-0.5	235_K	[ 15.51125    -21.67302083 -19.38877083]
0.1	 0.83	-0.05	-0.14	235_K	[ 17.3166875 -25.007375  -19.86625  ]
0.08	 0.65	-0.0	-0.22	235_K	[ 13.45162069 -22.888      -21.58348276]
0.13	 0.9	0.14	-0.34	235_K	[ 15.46090476 -24.67395238 -18.00771429]
-0.02	 0.39	0.05	-0.12	235_K	[ 17.56382979 -23.86023404 -17.43019149]
-0.13	 -0.5	0.02	0.13	235_K	[ 17.09623077 -25.96876923 -16.16130769]
-0.12	 -0.06	-0.07	0.09	235_K	[ 16.9857451  -23.14378431 -14.62554902]
-0.08	 -0.19	-0.06	0.08	235_K	[ 14.48211364 -22.60484091 -14.98302273]
0.0	 0.54	-0.05	-0.03	236_Y	[ 15.7245  -26.4283  -20.73965]
0.07	 0.7	-0.13	-0.11	236_Y	[ 14.26405556 -28.07944444 -22.18555556]
-0.5	 0.42	0.31	-0.01	236_Y	[ 11.96926667 -25.59591111 -24.02442222]
0.19	 1.63	0.33	-0.58	236_Y	[ 10.85526667 -25.38993333 -21.68893333]
0.04	 0.09	0.05	-0.13	236_Y	[ 12.59902439 -28.98736585 -19.61453659]
-0.06	 -0.16	-0.04	0.09	236_Y	[ 13.64617647 -29.0194902  -17.44341176]
0.1	 1.35	0.09	-0.41	236_Y	[ 14.69733333 -27.452      -16.71466667]
0.11	 0.51	-0.01	-0.17	236_Y	[ 13.4044375 -28.8043125 -15.0699375]
0.19	 1.52	0.09	-0.34	237_S	[ 16.14955556 -25.7955     -23.55805556]
0.19	 1.94	-0.04	-0.27	237_S	[ 13.21985714 -24.39378571 -25.62014286]
0.18	 1.33	0.17	-0.42	237_S	[ 15.43731429 -25.68608571 -26.30731429]
0.02	 0.52	0.24	-0.03	237_S	[ 14.69208571 -21.88605714 -24.7446    ]
0.17	 1.38	0.2	-0.47	237_S	[ 17.452125  -24.4539375 -24.1975   ]
0.2	 0.86	-0.18	-0.16	238_V	[ 15.3955   -28.999625 -29.360625]
-0.05	 0.04	-0.27	0.04	238_V	[ 13.50897368 -28.69526316 -27.73902632]
0.0	 0.08	-0.13	-0.01	238_V	[ 15.05241667 -30.12866667 -26.31733333]
-0.16	 -0.6	0.0	0.21	238_V	[ 17.94598701 -29.74815584 -27.86180519]
-0.15	 -0.6	-0.02	0.27	238_V	[ 17.11304167 -28.82868056 -24.6835    ]
0.11	 0.79	-0.01	-0.2	239_K	[ 16.97182609 -27.37669565 -29.81008696]
0.02	 0.37	-0.07	-0.06	239_K	[ 15.84240625 -26.865625   -31.58840625]
0.08	 0.57	-0.01	-0.18	239_K	[ 13.875      -25.0525     -32.80703846]
-0.01	 -0.16	-0.17	-0.06	239_K	[ 12.37388889 -26.14030556 -30.17983333]
-0.14	 -0.69	0.02	0.2	239_K	[ 13.64548571 -28.63031429 -31.70368571]
-0.25	 -1.1	0.01	0.29	239_K	[ 11.06778125 -28.5804375  -30.290875  ]
-0.16	 -1.13	0.05	0.3	239_K	[ 12.03610714 -30.68858929 -31.59341071]
-0.2	 -1.04	0.14	0.4	239_K	[  9.71687879 -30.95062121 -31.25616667]
0.18	 1.37	0.4	-0.63	240_V	[ 14.40642105 -20.56863158 -27.20526316]
0.0	 0.25	-0.17	-0.0	240_V	[ 12.34322388 -22.96064179 -28.14379104]
0.14	 0.96	0.03	-0.24	241_L	[ 19.41240909 -25.81622727 -31.19740909]
0.11	 0.58	-0.04	-0.22	241_L	[ 19.24392308 -25.78819231 -26.32661538]
-0.03	 0.11	-0.07	-0.06	241_L	[ 21.34006024 -26.54545783 -29.43609639]
0.02	 0.09	0.01	-0.09	242_P	[ 17.441025 -25.05425  -35.242675]
0.07	 0.61	-0.0	-0.19	242_P	[ 18.10496 -25.4056  -32.8832 ]
0.16	 1.69	0.21	-0.48	243_W	[ 11.38721429 -21.8305     -36.21264286]
0.15	 0.86	-0.12	-0.16	243_W	[ 14.81766667 -24.21455556 -34.45355556]
-0.03	 0.02	-0.08	-0.02	243_W	[ 12.92675  -23.420175 -35.7453  ]
0.1	 0.57	0.01	-0.2	246_P	[ 28.71427586 -15.39775862 -30.98531034]
0.21	 1.43	0.31	-0.55	246_P	[ 27.62829412 -14.59858824 -33.025     ]
0.19	 1.42	0.37	-0.61	247_E	[ 27.91166667 -14.83891667 -28.55116667]
0.21	 1.5	0.08	-0.35	247_E	[ 28.49726667 -13.99286667 -27.52373333]
0.12	 0.92	0.02	-0.31	247_E	[ 26.03178571 -11.61360714 -25.8015    ]
0.16	 1.34	0.14	-0.41	247_E	[ 24.00367857 -10.9165     -27.03125   ]
0.19	 1.02	0.11	-0.33	247_E	[ 27.68804348 -12.90556522 -29.1143913 ]
0.14	 0.55	0.01	-0.26	249_L	[ 27.2135   -22.062875 -26.69225 ]
-0.01	 0.03	0.06	-0.01	249_L	[ 25.83965517 -22.77886207 -24.92358621]
0.11	 0.6	-0.03	-0.18	249_L	[ 26.06645 -22.197   -28.3146 ]
0.12	 1.0	-0.01	-0.24	249_L	[ 24.73168 -22.52528 -30.7114 ]
0.11	 0.31	0.02	-0.17	249_L	[ 23.2662381  -23.33338095 -28.20397619]
0.06	 0.28	-0.06	-0.03	250_Q	[ 28.89661111 -21.82138889 -25.46494444]
0.04	 0.07	-0.01	-0.04	250_Q	[ 30.77546429 -20.71757143 -25.92396429]
0.16	 0.77	0.08	-0.3	250_Q	[ 31.315875  -16.263875  -26.3728125]
-0.04	 0.13	-0.22	0.01	250_Q	[ 32.73027273 -18.43690909 -27.17095455]
-0.04	 0.27	-0.09	-0.04	250_Q	[ 30.46784615 -15.79066667 -28.40492308]
0.12	 0.68	-0.03	-0.14	251_Q	[ 28.45388889 -22.45266667 -23.12277778]
0.02	 0.08	0.01	-0.09	251_Q	[ 30.73363158 -21.74492105 -22.03142105]
-0.07	 -0.55	0.02	0.07	251_Q	[ 27.10496774 -23.24832258 -20.91729032]
-0.01	 -0.02	-0.05	-0.02	251_Q	[ 25.02388462 -23.05084615 -21.10046154]
0.02	 0.21	-0.02	-0.09	251_Q	[ 25.95684091 -20.28418182 -18.51793182]
0.22	 1.27	0.18	-0.45	252_N	[ 28.23747059 -18.82817647 -19.24435294]
-0.17	 -0.68	-0.25	0.19	252_N	[ 29.359875  -19.6251875 -18.1165   ]
0.18	 0.68	0.03	-0.25	252_N	[ 30.42144444 -17.91777778 -18.48344444]
-0.21	 -0.5	0.05	0.27	252_N	[ 32.8200625 -18.68575   -18.67875  ]
-0.16	 -0.81	-0.05	0.16	252_N	[ 32.12975758 -21.43281818 -18.70736364]
-0.21	 -0.69	-0.05	0.22	252_N	[ 30.7758 -23.1323 -17.2474]
-0.19	 -0.73	0.01	0.28	252_N	[ 28.471    -22.300125 -17.477425]
-0.22	 -0.94	0.11	0.34	252_N	[ 30.52892453 -24.36164151 -19.23316981]
0.05	 0.57	-0.04	-0.14	253_L	[ 33.0429 -16.8475 -20.5938]
-0.0	 0.06	-0.07	0.02	253_L	[ 32.27769231 -15.55046154 -20.06715385]
-0.02	 0.19	-0.1	-0.05	253_L	[ 30.63411111 -15.94655556 -18.614     ]
0.15	 0.84	-0.0	-0.26	253_L	[ 32.90016667 -16.02858333 -22.82825   ]
0.05	 -0.29	-0.05	-0.12	253_L	[ 32.27506667 -20.02873333 -23.5274    ]
-0.07	 -0.41	-0.13	0.22	253_L	[ 33.76152239 -17.51131343 -24.93513433]
-0.2	 -1.05	0.08	0.3	253_L	[ 34.59774603 -18.86603175 -21.96988889]
0.07	 0.16	-0.03	-0.15	254_Q	[ 32.52609091 -14.95581818 -21.95954545]
-0.05	 -0.3	-0.02	0.05	254_Q	[ 31.42617391 -13.36330435 -20.02691304]
0.13	 1.59	0.25	-0.51	254_Q	[ 28.68781818 -11.59545455 -21.56745455]
-0.05	 -0.16	-0.1	0.0	254_Q	[ 29.53669565 -11.63247826 -19.6596087 ]
-0.16	 -0.61	0.03	0.15	254_Q	[ 31.32284211 -11.96210526 -22.11384211]
0.12	 1.17	0.08	-0.38	254_Q	[ 31.56902857 -14.14254286 -24.26625714]
-0.05	 0.16	-0.2	0.12	254_Q	[ 31.14782857 -12.44302857 -24.98194286]
-0.27	 -1.16	0.13	0.41	254_Q	[ 32.90321951 -11.46904878 -24.90258537]
-0.06	 0.03	-0.06	-0.04	254_Q	[ 29.65435088 -11.80073684 -26.45105263]
0.08	 0.32	0.01	-0.18	255_G	[ 27.4803125  -11.65246875 -23.30325   ]
0.09	 0.81	-0.01	-0.22	256_Y	[ 25.05710526 -10.33226316 -23.28626316]
0.12	 0.8	0.09	-0.36	257_D	[ 23.41891667 -10.31804167 -24.54304167]
0.0	 0.62	-0.1	-0.03	257_D	[ 21.80289286  -6.35560714 -22.14321429]
0.05	 0.79	-0.17	-0.01	257_D	[ 23.22997368  -6.98934211 -24.36865789]
0.18	 1.14	0.03	-0.31	257_D	[ 23.4909   -8.61975 -25.88705]
-0.06	 0.35	-0.01	-0.01	257_D	[ 25.16410667  -6.64274667 -23.83724   ]
0.15	 0.99	0.0	-0.36	258_A	[ 20.0641   -6.54885 -23.11915]
0.19	 1.65	0.18	-0.44	258_A	[ 18.78333333  -6.19846667 -27.07346667]
-0.06	 -0.03	-0.11	0.08	258_A	[ 18.15298305  -5.68298305 -24.06176271]
0.2	 1.24	0.29	-0.51	259_K	[ 20.989625   -6.0969375 -25.626125 ]
-0.02	 0.45	-0.18	-0.07	259_K	[ 20.40733333  -4.61836667 -27.6165    ]
-0.01	 0.17	-0.02	-0.05	259_K	[ 23.48445238  -4.76011905 -26.35559524]
-0.1	 -0.09	-0.11	0.07	259_K	[ 22.184575  -1.96685  -27.963325]
-0.15	 -0.66	0.09	0.12	259_K	[ 25.08502564  -2.15910256 -27.48997436]
0.2	 1.42	0.34	-0.58	260_S	[ 22.38544444  -9.77955556 -26.70088889]
0.22	 1.36	0.45	-0.66	260_S	[ 22.4005    -10.9965625 -26.1378125]
0.17	 1.65	0.12	-0.38	262_I	[ 18.04513889  -5.45341667 -28.9875    ]
0.14	 0.57	-0.01	-0.24	263_Y	[ 25.07042424 -14.0750303  -35.35760606]
0.13	 0.7	0.02	-0.18	263_Y	[ 24.15078788 -16.70693939 -36.55636364]
0.17	 1.09	0.09	-0.34	267_I	[ 20.94682353 -16.41120588 -38.48917647]
0.16	 1.51	0.27	-0.52	269_A	[ 15.80372222 -12.68172222 -43.07783333]
0.15	 1.13	0.01	-0.28	270_C	[ 16.13531818 -14.45040909 -44.10318182]
0.21	 1.58	0.13	-0.41	270_C	[ 18.086    -17.049125 -43.2305  ]
-0.07	 -0.18	-0.06	0.04	270_C	[ 19.02588235 -14.81783824 -42.96580882]
0.15	 1.08	0.08	-0.34	271_E	[  9.72311765 -20.6875     -36.78608824]
0.1	 0.36	0.0	-0.23	273_A	[ 11.67752778 -15.95005556 -48.85847222]
0.15	 0.29	0.05	-0.27	273_A	[ 14.99380556 -14.19683333 -46.36913889]
0.14	 0.31	-0.0	-0.19	274_N	[ 13.04978571 -18.86935714 -48.56471429]
0.05	 0.58	-0.07	-0.1	274_N	[ 12.20772414 -21.41806897 -47.81482759]
0.15	 1.83	0.02	-0.23	274_N	[ 14.5738 -19.9797 -47.9215]
0.02	 0.38	-0.07	-0.11	274_N	[ 16.291875 -18.16575  -47.59825 ]
-0.1	 -0.11	0.04	0.13	274_N	[ 15.44652174 -17.0898913  -48.71508696]
-0.05	 0.06	-0.03	-0.01	274_N	[ 17.09065217 -17.92710145 -45.67833333]
0.16	 1.73	0.01	-0.22	275_G	[ 11.42044444 -22.68833333 -45.66722222]
-0.04	 0.02	-0.04	-0.05	275_G	[ 10.05252941 -23.15991176 -43.55258824]
0.11	 0.79	-0.1	-0.14	276_H	[ 12.24083333 -23.44       -42.14716667]
0.23	 1.28	0.22	-0.47	276_H	[ 16.07503571 -19.76982143 -43.35264286]
-0.13	 -0.37	0.02	0.14	276_H	[ 13.834      -24.60415385 -43.75871795]
-0.12	 0.7	-0.07	0.12	276_H	[ 15.21885714 -24.59585714 -45.42228571]
-0.04	 -0.06	-0.0	0.06	276_H	[ 13.90595455 -23.249      -46.73768182]
-0.03	 0.51	-0.01	-0.07	276_H	[ 17.00379167 -22.97416667 -44.13310417]
-0.19	 -0.8	0.06	0.26	276_H	[ 16.26540476 -22.31897619 -47.65916667]
-0.25	 -0.62	-0.07	0.39	276_H	[ 17.92668966 -22.34165517 -45.7527931 ]
0.24	 1.42	0.16	-0.41	277_V	[ 13.86091304 -23.50121739 -40.93473913]
0.17	 -0.1	0.1	-0.34	277_V	[ 17.90317647 -23.84323529 -41.85647059]
0.06	 0.56	-0.05	-0.2	277_V	[ 14.84534091 -24.28890909 -38.10509091]
0.15	 1.42	0.27	-0.53	278_P	[ 17.54606667 -20.67726667 -42.31926667]
-0.1	 -0.01	-0.36	0.14	278_P	[ 18.96216667 -21.75183333 -42.49441667]
-0.05	 -0.2	0.0	0.04	278_P	[ 21.18997222 -19.72525    -41.2115    ]
0.03	 0.15	-0.07	-0.08	278_P	[ 18.84802128 -18.22085106 -41.83412766]
0.01	 -0.28	-0.01	-0.01	279_F	[ 20.65430435 -23.25482609 -41.38813043]
0.11	 -0.19	-0.02	-0.14	279_F	[ 21.68847368 -25.37168421 -40.40994737]
0.17	 0.84	0.11	-0.37	279_F	[ 20.297      -26.50118519 -36.57018519]
0.08	 0.47	0.03	-0.2	279_F	[ 23.60945455 -22.89154545 -40.54804545]
0.14	 0.83	-0.01	-0.18	279_F	[ 22.78557143 -18.41514286 -38.60514286]
-0.04	 -0.07	-0.04	0.04	279_F	[ 25.22490625 -21.142375   -40.649     ]
-0.08	 -0.26	-0.02	0.14	279_F	[ 24.54437143 -18.99928571 -39.38951429]
0.12	 -0.19	-0.02	-0.15	280_K	[ 19.17683333 -25.49208333 -41.11775   ]
0.16	 1.08	0.01	-0.31	280_K	[ 17.98671429 -26.56407143 -37.60064286]
-0.07	 -0.31	0.05	0.07	280_K	[ 19.97086207 -28.01393103 -41.1522069 ]
-0.01	 0.19	-0.03	-0.16	280_K	[ 16.83475 -25.6152  -41.80485]
-0.18	 0.45	-0.13	-0.02	280_K	[ 15.54730303 -26.78427273 -41.27121212]
-0.12	 -0.36	-0.1	0.09	280_K	[ 15.19321875 -26.9034375  -38.25978125]
-0.16	 -1.02	0.03	0.24	280_K	[ 13.55497222 -29.054      -40.14594444]
-0.23	 -0.83	0.12	0.32	280_K	[ 13.91616949 -29.75630508 -37.63664407]
0.04	 -0.44	-0.03	-0.06	281_D	[ 18.50685 -28.6953  -37.48435]
-0.07	 -0.18	0.09	0.02	281_D	[ 18.58633333 -30.46622222 -37.49459259]
0.03	 0.25	-0.13	-0.06	281_D	[ 20.68515 -30.4163  -38.1176 ]
-0.14	 -0.74	-0.08	0.2	281_D	[ 21.70760976 -32.01053659 -38.00760976]
-0.15	 -0.79	-0.04	0.19	281_D	[ 19.37755882 -31.59052941 -40.68788235]
-0.16	 -0.9	-0.04	0.24	281_D	[ 17.15135714 -32.20785714 -41.17671429]
-0.18	 -0.82	0.08	0.27	281_D	[ 16.66165625 -30.2021875  -42.0670625 ]
-0.16	 -0.53	0.03	0.19	281_D	[ 16.268      -31.87397297 -39.21213514]
0.08	 0.84	-0.01	-0.12	282_M	[ 22.85458824 -29.72411765 -39.38452941]
0.11	 1.0	-0.08	-0.15	282_M	[ 22.06183333 -30.8055     -35.71366667]
-0.05	 -0.15	-0.09	0.04	282_M	[ 21.66052381 -28.63964286 -35.03440476]
0.04	 -0.11	-0.02	-0.02	282_M	[ 22.93176923 -27.55669231 -39.775     ]
0.08	 0.86	0.08	-0.29	282_M	[ 25.54980645 -28.49787097 -37.81964516]
0.01	 -0.37	-0.02	-0.01	282_M	[ 25.03977778 -26.07444444 -40.21696296]
-0.09	 -0.2	-0.02	0.04	282_M	[ 27.72202128 -27.00919149 -38.03982979]
-0.1	 -0.2	-0.06	0.11	283_P	[ 23.2185     -31.54895455 -34.42095455]
0.23	 1.33	0.43	-0.65	283_P	[ 25.97278571 -28.6985     -35.45028571]
-0.17	 -0.55	-0.05	0.17	283_P	[ 26.36875   -31.5325625 -34.5819375]
-0.25	 -1.26	0.12	0.39	283_P	[ 25.67204545 -32.89913636 -36.85104545]
-0.12	 -0.35	-0.05	0.04	283_P	[ 24.6447619  -31.22771429 -37.90430952]
-0.06	 -0.38	-0.07	0.03	284_A	[ 24.3177037  -30.67162963 -32.21555556]
0.12	 0.93	-0.03	-0.21	284_A	[ 23.10140741 -28.03981481 -31.87059259]
0.12	 0.91	-0.04	-0.19	284_A	[ 26.70969231 -28.14046154 -30.397     ]
-0.03	 0.2	-0.12	-0.02	284_A	[ 24.93952381 -26.00095238 -31.1327619 ]
-0.23	 -0.9	0.01	0.35	284_A	[ 24.6212029  -29.74572464 -29.61382609]
0.18	 1.97	0.14	-0.41	285_T	[ 27.0095  -30.0625  -32.15075]
0.15	 1.18	0.02	-0.22	285_T	[ 28.06575    -26.87041667 -31.01108333]
0.12	 0.87	0.05	-0.33	285_T	[ 27.4329  -28.30205 -34.9171 ]
0.06	 0.45	-0.03	-0.14	285_T	[ 29.27577778 -26.98196296 -35.6557037 ]
-0.07	 -0.47	-0.14	0.13	285_T	[ 29.64581818 -29.15359091 -33.63377273]
-0.24	 -0.85	-0.05	0.31	285_T	[ 29.07017021 -29.67238298 -31.07944681]
-0.15	 -0.75	-0.03	0.19	285_T	[ 31.2132549  -27.01735294 -31.57858824]
0.18	 1.03	0.12	-0.4	286_Q	[ 23.47857143 -24.30464286 -32.45242857]
0.15	 0.81	0.08	-0.32	286_Q	[ 21.89128261 -26.014      -33.4418913 ]
0.21	 1.15	0.18	-0.45	286_Q	[ 22.53089474 -23.56863158 -31.65231579]
0.23	 1.31	0.21	-0.48	287_M	[ 25.98271429 -23.73971429 -32.20314286]
0.04	 0.23	-0.08	-0.09	287_M	[ 27.81935484 -23.90741935 -30.50745161]
-0.05	 -0.02	-0.07	-0.01	287_M	[ 30.96254545 -22.82986364 -30.94036364]
0.03	 0.53	-0.06	-0.07	287_M	[ 29.09332143 -22.01878571 -28.49328571]
0.19	 1.48	0.32	-0.56	288_L	[ 32.11442857 -21.93589286 -33.89985714]
0.09	 0.59	-0.03	-0.21	288_L	[ 31.485875  -22.5154375 -37.642    ]
-0.09	 -0.49	-0.1	0.13	288_L	[ 32.4676087  -20.852      -36.54886957]
0.02	 0.27	-0.05	-0.07	288_L	[ 31.74965714 -24.43222857 -36.59174286]
0.12	 0.86	-0.05	-0.25	288_L	[ 32.30171429 -24.99214286 -32.71885714]
-0.19	 -0.87	0.03	0.28	288_L	[ 33.20008197 -26.92393443 -35.04934426]
-0.36	 -1.31	0.05	0.46	288_L	[ 34.38353226 -23.78985484 -33.88593548]
0.08	 0.54	-0.04	-0.2	289_L	[ 30.80835714 -20.696      -38.39228571]
-0.07	 0.07	-0.1	0.07	289_L	[ 28.53522222 -18.99446667 -39.03828889]
0.19	 1.67	0.01	-0.31	289_L	[ 27.863      -21.05233333 -40.14866667]
-0.04	 0.16	-0.07	-0.07	289_L	[ 29.9832381  -24.07528571 -39.051     ]
-0.12	 -0.57	-0.04	0.18	289_L	[ 27.71364815 -24.35575926 -41.47777778]
-0.22	 -1.09	0.1	0.33	289_L	[ 30.1655942  -22.07871014 -41.30182609]
0.19	 0.95	0.03	-0.29	290_E	[ 26.48505263 -17.84331579 -36.977     ]
0.04	 0.45	-0.03	-0.17	290_E	[ 28.15521951 -15.80202439 -35.94143902]
0.09	 1.55	0.08	-0.38	291_K	[ 32.0178 -16.3004 -34.8878]
0.06	 0.12	-0.06	-0.07	291_K	[ 31.44094444 -18.16522222 -37.97938889]
-0.14	 -0.36	-0.02	0.18	291_K	[ 33.20104 -17.11628 -36.6929 ]
-0.01	 0.36	-0.05	-0.11	291_K	[ 32.85363636 -18.2450303  -34.21063636]
0.12	 0.76	-0.06	-0.2	291_K	[ 31.15916129 -16.59154839 -32.35754839]
-0.15	 -0.49	0.12	0.19	291_K	[ 33.44158696 -19.03604348 -32.33219565]
-0.21	 -0.82	0.02	0.26	291_K	[ 33.51457143 -17.82011429 -29.91762857]
-0.07	 -0.17	-0.03	0.07	291_K	[ 32.3875 -20.431  -29.409 ]
-0.2	 -0.82	0.08	0.27	348_F	[ 15.14597826 -10.01752174 -53.29686957]
0.02	 0.45	-0.07	-0.0	348_F	[ 13.3605625  -8.3178125 -52.1909375]
-0.05	 -0.63	-0.09	0.05	348_F	[ 14.9371  -6.9386 -53.2203]
-0.09	 0.0	0.05	0.03	348_F	[ 17.32476923  -6.71026923 -52.80996154]
0.16	 1.4	0.35	-0.59	348_F	[ 16.4402      -9.9552     -49.22393333]
0.1	 1.53	0.24	-0.5	348_F	[ 13.8        -11.35366667 -51.65133333]
-0.07	 -0.08	-0.03	-0.06	348_F	[ 15.69756818 -11.88118182 -50.745     ]
0.03	 0.2	-0.03	-0.13	348_F	[ 12.4888125 -10.35975   -51.00925  ]
-0.15	 -0.63	-0.09	0.2	348_F	[ 15.21863636 -13.91684091 -50.19490909]
-0.01	 -0.02	-0.04	-0.04	348_F	[ 11.18989655 -11.80072414 -50.18265517]
-0.06	 0.1	0.06	-0.01	348_F	[ 12.61866667 -14.16190909 -50.24936364]
0.07	 0.16	0.02	-0.16	349_S	[ 13.56154545  -6.11327273 -51.98236364]
-0.04	 -0.16	-0.03	0.02	349_S	[ 15.39661538  -4.64884615 -52.91107692]
-0.14	 -0.69	-0.0	0.17	349_S	[ 13.61855556  -3.30135556 -51.02222222]
0.1	 0.71	-0.13	-0.15	349_S	[ 13.55444  -2.82644 -48.6028 ]
0.12	 1.42	0.18	-0.46	350_P	[ 18.2394  -5.1132 -51.9598]
0.08	 0.93	0.07	-0.28	350_P	[ 19.78247222  -4.81008333 -50.66533333]
-0.13	 -0.37	-0.02	0.12	350_P	[ 20.49210417  -2.30564583 -50.91541667]
-0.22	 -0.92	-0.03	0.31	350_P	[ 18.54219048  -0.99690476 -52.0692381 ]
-0.11	 -0.55	0.05	0.12	350_P	[ 17.11111905  -2.94835714 -52.645     ]
0.17	 1.12	0.07	-0.34	351_H	[ 14.37665  -1.70485 -47.20625]
0.14	 0.87	0.12	-0.38	351_H	[ 1.88056216e+01  1.64864865e-02 -4.70557568e+01]
-0.1	 -0.35	-0.04	0.12	351_H	[ 14.86515217   0.68795652 -48.69741304]
-0.19	 -0.83	-0.04	0.29	351_H	[ 18.36254348   2.21606522 -48.25654348]
-0.19	 -0.57	0.04	0.19	351_H	[ 16.1696129    2.73790323 -48.70996774]
0.2	 1.31	0.45	-0.67	352_F	[ 17.42888889  -8.28133333 -45.71      ]
0.09	 0.94	0.04	-0.27	352_F	[ 16.47326667  -9.3089     -47.32816667]
0.07	 0.74	0.03	-0.18	352_F	[ 15.42831579 -11.31705263 -46.79010526]
0.16	 1.44	0.09	-0.34	352_F	[ 15.20847368 -11.73694737 -44.43689474]
0.11	 0.89	-0.01	-0.27	353_H	[ 19.56930303  -8.45118182 -46.35069697]
0.2	 1.3	0.23	-0.48	353_H	[ 21.329      -8.3955625 -44.8948125]
0.12	 0.32	0.0	-0.15	353_H	[ 21.85822727  -6.28131818 -48.39027273]
-0.01	 0.35	0.06	-0.09	353_H	[ 21.00646154  -7.06046154 -49.84023077]
-0.06	 0.75	-0.24	0.05	353_H	[ 19.880375  -6.725875 -50.794375]
-0.19	 -0.7	0.04	0.23	353_H	[ 20.96437255  -9.66921569 -48.66721569]
-0.01	 0.25	0.13	-0.16	353_H	[ 18.63623404  -8.76319149 -51.2033617 ]
-0.11	 -0.11	-0.01	0.1	353_H	[ 19.07109524 -10.37769048 -50.05997619]
0.12	 1.94	0.08	-0.32	354_H	[ 23.08654545  -4.24845455 -44.00918182]
0.15	 0.98	-0.01	-0.25	354_H	[ 22.75772222  -4.11155556 -42.16088889]
-0.01	 -0.03	-0.01	-0.04	354_H	[ 21.26459459  -1.69916216 -44.35091892]
-0.1	 -0.12	-0.06	0.15	354_H	[ 23.1165    -1.473625 -45.430875]
-0.04	 0.07	-0.25	0.03	354_H	[ 20.93004348  -0.48756522 -47.03086957]
-0.04	 0.17	-0.07	0.01	354_H	[ 24.01313158  -4.00073684 -46.45686842]
-0.19	 -0.89	0.02	0.23	354_H	[ 22.5556383   -1.15029787 -48.77478723]
-0.1	 -0.29	0.09	0.13	354_H	[ 23.42730952  -3.21883333 -48.53      ]
0.11	 0.77	-0.0	-0.24	356_V	[ 20.2145625  -9.4333125 -44.1050625]
-0.05	 0.13	-0.07	-0.03	356_V	[ 20.80183333 -11.18597619 -43.01197619]
0.13	 0.62	0.02	-0.24	356_V	[ 17.27177778 -10.45452778 -44.12072222]
0.07	 0.41	-0.04	-0.18	357_E	[ 23.59042857  -9.49919048 -41.81047619]
0.06	 0.6	-0.16	-0.08	357_E	[ 24.5457  -5.8365 -40.8245]
-0.02	 0.11	-0.04	-0.05	357_E	[ 25.39234211  -7.53736842 -39.83086842]
-0.07	 -0.6	0.02	-0.01	357_E	[ 24.59054167  -6.36725    -42.36116667]
-0.14	 -0.47	-0.0	0.16	357_E	[ 24.09237838  -9.23875676 -44.10667568]
-0.18	 -1.02	-0.03	0.25	357_E	[ 25.88646667  -8.08453333 -45.53633333]
-0.11	 -0.36	-0.04	0.18	357_E	[ 23.76452174  -8.34934783 -46.98284783]
-0.13	 -0.12	0.05	0.1	357_E	[ 25.36640476  -5.94202381 -44.99152381]
0.13	 1.81	0.14	-0.41	358_Q	[ 24.57975     -5.01816667 -39.22266667]
-0.02	 -0.24	-0.02	-0.01	358_Q	[ 23.79707143  -3.04733333 -39.9102619 ]
-0.22	 -0.95	-0.04	0.22	358_Q	[ 23.1492  -0.7672 -39.6861]
0.02	 0.25	0.02	-0.09	358_Q	[ 21.02236111  -0.89441667 -39.61638889]
-0.18	 -0.49	0.05	0.19	358_Q	[ 23.07521739  -0.55102174 -37.29032609]
0.16	 1.97	0.03	-0.27	360_L	[ 25.5745      -9.989      -38.39458333]
-0.04	 0.11	-0.01	-0.02	360_L	[ 26.23794286 -12.00748571 -36.87377143]
0.05	 0.38	-0.01	-0.09	360_L	[ 24.06040625 -11.58778125 -39.34109375]
-0.08	 -0.4	0.01	0.12	360_L	[ 22.12283019 -13.57062264 -40.55967925]
0.18	 1.25	0.05	-0.33	360_L	[ 22.77494737 -14.22831579 -37.695     ]
-0.01	 -0.29	-0.01	-0.02	361_Q	[ 27.27273333  -8.85233333 -37.52633333]
0.08	 0.96	0.03	-0.19	361_Q	[ 28.4485      -7.05238889 -35.45027778]
-0.14	 -0.57	-0.06	0.16	361_Q	[ 27.47572  -6.49168 -37.95672]
-0.01	 0.19	-0.16	-0.05	361_Q	[ 26.00695  -4.46175 -37.9983 ]
-0.2	 -0.75	0.17	0.3	361_Q	[ 27.84224138  -4.00351724 -36.78003448]
0.16	 1.22	0.08	-0.35	361_Q	[ 25.2350625  -3.1391875 -36.5409375]
0.05	 0.17	-0.1	-0.06	362_R	[ 28.84804545 -10.26395455 -36.12731818]
0.21	 1.3	0.09	-0.37	362_R	[ 27.64585185 -12.6777037  -34.17025926]
0.03	 -0.07	-0.09	-0.03	362_R	[ 30.52428571 -10.62314286 -31.87957143]
0.06	 0.37	0.11	-0.12	362_R	[ 28.85687879 -12.01084848 -31.20909091]
-0.11	 -0.38	-0.09	0.13	362_R	[ 31.10645161 -10.70341935 -34.58416129]
0.01	 0.33	0.08	-0.16	362_R	[ 30.47263492 -13.87860317 -33.63998413]
0.04	 0.68	-0.1	-0.15	362_R	[ 30.3886129  -14.11496774 -35.79448387]
-0.11	 -0.72	-0.13	0.1	362_R	[ 32.57226923 -12.98711538 -36.16961538]
-0.0	 0.58	-0.15	-0.0	362_R	[ 31.5887931  -13.06986207 -37.83548276]
-0.18	 -0.74	0.02	0.27	362_R	[ 30.69010638 -14.43534043 -39.02765957]
-0.29	 -1.15	0.14	0.48	362_R	[ 33.35109091 -12.87087273 -38.84276364]
0.04	 0.14	-0.15	-0.08	363_N	[ 30.41990909  -8.78977273 -33.50686364]
-0.02	 -0.21	0.01	-0.05	363_N	[ 30.88        -8.78966667 -30.679     ]
-0.13	 -0.67	0.01	0.17	363_N	[ 31.28405556  -7.13333333 -32.71191667]
-0.17	 -0.65	-0.03	0.2	363_N	[ 32.00072727  -6.90345455 -30.07981818]
-0.03	 -0.09	0.07	-0.11	363_N	[ 30.61420833  -6.79525    -28.59654167]
-0.18	 -0.51	0.11	0.22	363_N	[ 31.75018182  -4.52603636 -30.95870909]
0.22	 1.42	0.25	-0.49	364_P	[ 25.80766667  -6.2195     -27.46861111]
0.05	 0.95	-0.31	-0.21	364_P	[ 25.56474359  -8.30648718 -26.87853846]
-0.03	 -0.0	-0.1	-0.03	364_P	[ 27.72776667  -8.87526667 -26.7583    ]
0.01	 0.37	-0.21	-0.04	364_P	[ 29.41255556  -9.94844444 -28.55248148]
0.12	 1.14	0.34	-0.56	365_D	[ 26.25655556  -4.19988889 -27.30788889]
0.11	 0.36	-0.04	-0.17	365_D	[ 29.06709091  -2.71481818 -30.26636364]
-0.15	 -0.38	0.02	0.17	365_D	[ 26.7774      -1.50626667 -29.928     ]
-0.12	 -0.39	-0.09	0.11	365_D	[ 29.37674194  -2.94409677 -28.16329032]
-0.07	 -0.43	-0.15	0.02	365_D	[ 29.38260606  -4.41990909 -26.53157576]
-0.29	 -0.81	-0.01	0.37	365_D	[ 30.38021277  -3.79497872 -25.38597872]
-0.15	 0.34	-0.05	0.07	365_D	[ 28.05406667  -5.78718333 -25.78821667]
0.12	 1.23	0.38	-0.61	366_A	[ 29.3874  -3.3156 -30.9624]
-0.16	 -0.19	0.09	0.14	366_A	[ 28.27659091  -2.18190909 -32.239     ]
0.09	 0.95	-0.06	-0.33	366_A	[ 26.0929  -1.8839 -32.0576]
-0.1	 0.03	-0.02	0.07	366_A	[ 25.42793333  -1.88351111 -33.92928889]
-0.07	 -0.28	-0.03	0.07	366_A	[ 29.39095122  -4.07660976 -34.0074878 ]
0.12	 1.51	-0.05	-0.26	367_R	[ 23.92685714  -1.69342857 -32.37871429]
0.09	 0.06	-0.04	-0.15	367_R	[ 23.95918182  -1.80736364 -31.00981818]
0.01	 -0.12	0.04	-0.06	368_P	[ 22.21113636  -0.83390909 -31.91795455]
-0.03	 -0.17	-0.09	-0.04	368_P	[ 20.88485366  -0.12907317 -34.4122439 ]
0.16	 1.23	0.15	-0.39	368_P	[ 20.08555  -1.31845 -36.24   ]
0.2	 1.52	0.21	-0.48	368_P	[ 23.28008333  -1.78216667 -34.83491667]
0.14	 0.63	0.08	-0.21	369_S	[ 20.70764286  -0.50157143 -30.13964286]
0.11	 0.55	-0.05	-0.17	369_S	[ 18.99369231  -3.20438462 -28.94061538]
-0.15	 -0.65	0.05	0.16	369_S	[ 18.64414815  -0.54733333 -28.13346296]
-0.05	 -0.13	-0.15	0.06	369_S	[ 18.11295   1.7016  -29.1242 ]
0.08	 0.53	-0.18	-0.14	370_A	[ 16.37629032  -2.87309677 -28.91151613]
0.21	 1.17	0.12	-0.38	370_A	[ 14.30111111  -2.52072222 -28.42788889]
0.18	 1.31	0.16	-0.43	371_S	[ 15.14706667  -0.2058     -28.9278    ]
0.14	 1.33	0.01	-0.32	371_S	[ 12.67242857   2.17428571 -31.20714286]
0.12	 1.02	0.08	-0.34	371_S	[ 15.0465     3.799125 -31.983875]
0.02	 0.19	-0.04	-0.06	371_S	[ 13.25378261   3.40708696 -32.7326087 ]
-0.02	 0.2	-0.05	-0.01	371_S	[ 13.76094   2.4065  -29.0584 ]
-0.16	 -0.65	-0.05	0.17	371_S	[ 16.02608824   3.07526471 -29.08082353]
0.18	 1.42	0.1	-0.37	372_T	[ 18.28476923   1.04369231 -35.03338462]
-0.01	 -0.15	0.01	-0.02	372_T	[ 17.33321739   2.25813043 -36.53213043]
-0.06	 -0.11	-0.03	0.01	372_T	[ 18.83569231   2.99688462 -34.07365385]
0.02	 0.14	-0.08	-0.03	372_T	[ 19.91086364   1.66290909 -31.54854545]
-0.18	 -0.65	0.02	0.25	372_T	[ 18.19612329   4.70971233 -32.05663014]
0.13	 1.63	0.08	-0.32	373_L	[ 17.6646      -0.11406667 -36.14313333]
0.19	 1.55	0.16	-0.41	373_L	[ 18.51        -1.40986364 -37.30454545]
0.13	 1.46	0.34	-0.6	374_L	[ 11.527      2.979    -35.801875]
-0.04	 0.1	-0.03	-0.05	374_L	[ 11.04435135   1.9977027  -37.83310811]
0.02	 0.26	-0.09	-0.04	374_L	[ 10.91118182   2.06127273 -34.30472727]
0.02	 -0.11	-0.0	-0.07	374_L	[  9.89147619   1.00802381 -31.9112381 ]
0.18	 0.65	0.01	-0.25	374_L	[  8.79852381   0.30704762 -35.66919048]
-0.04	 -0.39	-0.04	-0.02	375_N	[ 12.82263636   4.31072727 -38.02281818]
0.14	 1.19	-0.0	-0.21	375_N	[ 15.09531579   3.42557895 -38.76368421]
-0.12	 -0.2	-0.28	0.31	375_N	[ 15.21878947   4.63031579 -40.25681579]
-0.09	 -0.31	-0.07	0.06	375_N	[ 15.76964865   5.43794595 -36.78754054]
-0.09	 -0.05	0.12	-0.12	375_N	[ 13.54283333   6.11372222 -35.69111111]
-0.19	 -0.75	0.07	0.27	375_N	[ 12.13502778   5.15238889 -35.34438889]
-0.17	 -0.61	0.06	0.25	375_N	[ 14.85210714   6.3175     -33.97669643]
0.04	 -1.02	-0.05	-0.08	376_H	[ 17.10814286   2.26707143 -39.547     ]
0.15	 0.92	0.11	-0.34	376_H	[ 13.02483333   2.43663333 -41.1332    ]
0.15	 0.85	0.01	-0.3	376_H	[ 17.42013333   0.3866     -38.31053333]
-0.06	 -0.21	-0.07	0.02	376_H	[ 18.84434615   0.59073077 -40.509     ]
0.2	 1.38	0.08	-0.33	376_H	[ 18.57763636  -0.37872727 -44.10586364]
0.03	 -0.11	-0.07	-0.07	376_H	[ 19.91514286  -0.44357143 -42.40980952]
0.18	 0.88	0.14	-0.37	377_S	[ 16.3687619    3.15390476 -42.09738095]
0.23	 0.11	0.01	-0.26	377_S	[ 12.64573684   1.10352632 -45.87347368]
0.18	 1.3	0.13	-0.41	377_S	[ 16.89219048   2.60095238 -45.40928571]
-0.17	 -0.54	-0.12	0.23	377_S	[ 17.86764151   3.3115283  -44.12775472]
0.17	 1.1	0.22	-0.48	378_F	[ 13.37809091  -1.11304545 -45.78995455]
0.18	 1.2	0.12	-0.36	378_F	[ 11.53531579  -0.65568421 -45.79468421]
0.04	 0.86	0.03	-0.23	379_F	[ 10.3778125   2.290125  -42.0953125]
0.04	 0.01	0.0	-0.09	379_F	[  7.89030435   1.9036087  -42.23669565]
0.15	 0.96	0.05	-0.27	379_F	[  9.98010714   1.13228571 -40.06964286]
0.16	 1.21	0.07	-0.37	380_K	[ 11.47944444   2.67822222 -42.67111111]
-0.07	 -0.2	-0.1	0.06	380_K	[  9.20105882   3.77611765 -43.78823529]
0.04	 0.5	0.02	-0.21	380_K	[  8.90683333   2.92366667 -45.937     ]
-0.14	 -0.25	0.1	0.08	380_K	[  7.39614286   3.60111905 -45.73130952]
-0.15	 -0.58	-0.13	0.13	380_K	[ 11.06916667   3.96013333 -46.3584    ]
-0.06	 -0.42	0.04	-0.01	380_K	[ 11.85327027   4.63110811 -43.24627027]
-0.06	 -0.16	-0.01	0.04	380_K	[ 13.307675   5.0572   -46.1823  ]
-0.12	 -0.42	-0.23	0.23	380_K	[ 14.146        6.07809756 -43.13965854]
-0.23	 -1.19	0.13	0.38	380_K	[ 15.38672414   7.07951724 -45.24882759]
0.11	 0.84	-0.02	-0.2	381_Q	[ 10.36555556   1.05116667 -46.69905556]
-0.13	 -0.23	-0.07	0.13	381_Q	[  7.93982353   1.73629412 -48.13658824]
0.09	 0.74	-0.08	-0.1	381_Q	[  5.88066667   2.00966667 -47.10583333]
-0.09	 0.18	-0.06	0.02	381_Q	[  4.96402778  -0.202      -47.67016667]
-0.12	 -0.35	0.05	0.15	381_Q	[  8.687025  -0.492575 -48.564675]
0.05	 0.18	-0.16	-0.07	381_Q	[ 10.89053333  -2.3832     -48.31366667]
-0.04	 -0.21	-0.08	0.02	381_Q	[  8.92978049  -3.6302439  -49.11856098]
0.14	 0.88	0.08	-0.27	381_Q	[ 11.92823529  -2.36247059 -47.00470588]
-0.13	 -0.36	0.01	0.06	382_I	[  3.43096875   1.824375   -45.50525   ]
-0.25	 -0.77	0.09	0.35	382_I	[  4.36858333   3.47183333 -44.3675    ]
0.08	 0.59	0.02	-0.21	382_I	[  5.95621053   1.96026316 -42.38131579]
-0.06	 -0.15	-0.09	0.12	382_I	[  3.17955814   0.89283721 -41.43216279]
-0.08	 -0.52	-0.05	0.1	386_A	[ -2.0015641   -0.76182051 -41.95871795]
0.14	 0.89	-0.05	-0.2	386_A	[ -1.81438462  -3.67630769 -38.577     ]
0.05	 0.49	-0.08	-0.17	386_A	[ -0.38948  -4.9738  -39.62196]
-0.2	 -0.57	-0.03	0.28	386_A	[ -0.31161194  -1.11379104 -39.21856716]
0.08	 0.67	-0.12	-0.14	387_S	[ -3.93754545  -1.69854545 -40.12654545]
0.12	 1.56	0.23	-0.49	387_S	[ -6.55785714  -2.54985714 -40.61485714]
0.01	 0.26	-0.09	-0.04	387_S	[ -7.29121053  -4.74031579 -40.43434211]
0.03	 0.47	-0.09	-0.13	387_S	[ -5.13385106  -3.57793617 -37.29934043]
-0.27	 -0.71	0.0	0.38	387_S	[ -5.61651163  -1.72288372 -38.36111628]
0.16	 2.52	0.08	-0.34	388_E	[ -4.8251  -1.9377 -41.529 ]
0.18	 1.13	0.02	-0.27	388_E	[ -6.73354545  -4.85172727 -43.33318182]
0.04	 0.13	-0.04	-0.12	388_E	[ -5.06345455  -2.36872727 -45.14890909]
0.12	 0.97	0.18	-0.33	388_E	[ -5.84895455  -4.91922727 -45.87002273]
-0.18	 -0.85	-0.13	0.21	388_E	[ -6.20456667  -1.54516667 -42.78846667]
-0.07	 0.2	-0.18	0.08	388_E	[ -7.88560784  -3.49498039 -44.76168627]
-0.14	 -0.68	-0.08	0.17	388_E	[ -8.51413333  -0.9698     -44.80463333]
-0.28	 -0.99	0.16	0.42	388_E	[ -8.875675  -0.19885  -43.305575]
-0.3	 -1.0	0.11	0.5	388_E	[ -8.72684615  -1.23341026 -46.38515385]
0.17	 0.67	0.04	-0.28	389_A	[ -3.71981818  -2.11590909 -44.00590909]
-0.03	 -0.08	-0.12	0.02	389_A	[ -3.19075  -3.6985  -46.43115]
0.15	 0.7	0.07	-0.29	389_A	[ -1.29372  -5.61044 -47.1504 ]
-0.07	 -0.44	0.0	0.08	389_A	[ -0.82721429  -2.47990476 -45.76447619]
0.27	 1.5	0.29	-0.53	390_L	[  0.7706   -6.66845 -39.8236 ]
0.14	 2.08	0.13	-0.39	391_P	[ -6.31269231 -10.42569231 -45.60576923]
0.17	 0.89	0.11	-0.34	391_P	[ -5.43173077 -11.80707692 -46.54388462]
-0.03	 0.23	-0.06	-0.05	391_P	[ -7.18789744  -8.889      -43.98112821]
0.09	 0.43	-0.01	-0.14	391_P	[ -7.04533333  -7.49558333 -42.33170833]
0.04	 0.01	-0.08	-0.1	392_E	[ -2.51627273  -8.25418182 -49.49572727]
0.1	 0.49	0.06	-0.19	392_E	[ -3.07773077 -10.32965385 -50.27903846]
-0.02	 0.06	-0.01	0.02	392_E	[ -3.79215152  -6.53684848 -48.94490909]
-0.07	 -0.35	-0.05	0.09	392_E	[ -6.25239286  -5.90767857 -49.66028571]
0.03	 0.89	0.09	-0.31	392_E	[ -8.085       -7.12178947 -47.86036842]
-0.14	 -0.34	-0.1	0.22	392_E	[ -7.90696154  -5.73453846 -47.21338462]
-0.09	 0.16	-0.05	0.08	392_E	[ -7.73345161  -9.01109677 -47.25741935]
0.12	 0.91	-0.07	-0.25	393_L	[ -1.785    -7.82    -48.84125]
0.01	 0.1	-0.13	-0.07	393_L	[ -0.75061111  -9.72       -49.60583333]
0.15	 1.07	0.13	-0.4	393_L	[ -1.1762 -11.6829 -49.4794]
0.11	 0.64	-0.02	-0.2	393_L	[  0.23710526 -12.23457895 -49.57836842]
0.04	 0.76	-0.1	-0.11	393_L	[ -0.2391   -6.57265 -48.33175]
0.2	 1.44	0.18	-0.45	393_L	[  1.07970588  -5.07464706 -46.91841176]
-0.07	 -0.4	0.03	0.03	393_L	[  1.42031579  -7.4982807  -49.95515789]
0.16	 1.41	0.32	-0.58	395_R	[ -5.29464286 -13.91642857 -47.97575   ]
0.08	 0.49	-0.05	-0.16	395_R	[ -3.58771429 -14.763      -51.74528571]
-0.01	 0.1	0.01	-0.05	395_R	[ -1.43166667 -14.38497436 -50.86389744]
-0.13	 -0.57	-0.05	0.15	395_R	[ -4.57117391 -13.334      -51.57952174]
-0.09	 -0.24	-0.08	0.09	395_R	[ -6.52634211 -12.67518421 -49.32210526]
-0.1	 -0.7	-0.02	0.13	395_R	[ -5.25404762 -11.24066667 -52.02542857]
-0.05	 -0.6	0.01	0.03	395_R	[ -7.8069  -10.64545 -50.38795]
-0.13	 -0.11	-0.05	0.14	395_R	[ -7.58375     -9.81525    -52.76166667]
-0.18	 -0.92	0.06	0.27	395_R	[ -5.87871429  -8.15708163 -52.6357551 ]
-0.24	 -0.96	0.07	0.35	395_R	[ -8.96483333  -8.10225926 -51.29875926]
0.06	 1.29	0.17	-0.46	396_P	[ -4.0318 -15.6848 -51.951 ]
-0.03	 0.1	-0.16	0.05	396_P	[ -6.49176471 -15.59123529 -50.48541176]
0.11	 0.99	0.05	-0.26	396_P	[ -5.67867857 -17.18467857 -48.82      ]
-0.17	 -0.44	-0.08	0.23	396_P	[ -7.31575676 -18.51275676 -48.92902703]
-0.2	 -1.01	0.05	0.29	396_P	[ -5.96131915 -17.29040426 -52.17757447]
-0.15	 -0.65	0.03	0.14	396_P	[ -3.99812821 -18.71494872 -52.11094872]
-0.03	 -0.01	-0.04	-0.03	396_P	[ -2.57353333 -16.633      -52.26993333]
0.06	 0.35	-0.04	-0.04	397_V	[ -5.18313333 -19.25553333 -47.11073333]
0.16	 1.42	0.14	-0.39	397_V	[ -7.62075  -16.652    -47.312125]
0.05	 0.3	-0.06	-0.12	397_V	[ -6.59294595 -14.95121622 -46.32543243]
-0.01	 -0.01	-0.06	-0.07	397_V	[ -4.68       -18.87652174 -43.53569565]
0.15	 1.51	0.05	-0.28	397_V	[ -3.17375 -19.6866  -46.84075]
0.09	 0.59	-0.02	-0.16	398_T	[ -7.42271429 -19.409      -46.17778571]
0.14	 0.93	0.13	-0.35	398_T	[ -9.00522222 -15.89288889 -45.33911111]
0.09	 1.28	0.39	-0.62	398_T	[ -6.98014286 -18.35457143 -42.63185714]
-0.18	 -0.44	-0.04	0.16	398_T	[ -8.148      -19.89802941 -43.18105882]
-0.13	 -0.74	-0.11	0.18	398_T	[ -9.59788 -17.19532 -47.15   ]
-0.2	 -0.42	0.03	0.25	398_T	[-11.42930556 -16.84211111 -45.17025   ]
-0.24	 -1.1	0.12	0.34	398_T	[-10.45289286 -19.88066071 -46.031125  ]
0.07	 0.69	-0.04	-0.18	399_P	[ -7.58175   -18.3200625 -41.091625 ]
0.06	 0.47	-0.09	-0.18	399_P	[-10.78269231 -19.47869231 -41.82869231]
-0.04	 0.01	-0.18	0.02	399_P	[-12.07941463 -17.4427561  -42.14360976]
0.15	 0.75	0.03	-0.22	399_P	[ -9.967875   -14.17241667 -41.37104167]
-0.01	 -0.47	-0.06	0.0	399_P	[ -9.5276  -14.94948 -43.65796]
0.09	 0.66	-0.02	-0.26	400_I	[ -9.65071429 -19.55771429 -39.81280952]
0.13	 1.4	0.13	-0.41	400_I	[-12.83741176 -19.01458824 -41.21458824]
0.21	 1.11	0.11	-0.35	400_I	[-12.04922581 -17.10567742 -36.58335484]
-0.11	 -0.42	-0.04	0.16	400_I	[-11.97121053 -21.27873684 -40.60942105]
-2.76	 -0.18	-0.08	0.11	400_I	[-14.3699697  -21.39766667 -38.13539394]
-0.02	 -0.04	-0.76	0.37	400_I	[-11.27323529 -21.09877647 -37.27834118]
-0.24	 -1.06	0.06	0.36	400_I	[-15.16866667 -20.50973913 -40.78256522]
0.23	 1.16	0.04	-0.3	401_T	[-14.05275    -17.393      -40.49991667]
-0.01	 -1.56	-0.09	0.03	401_T	[-14.14036364 -16.30627273 -36.45072727]
-0.06	 -0.12	-0.17	0.02	401_T	[-15.99508511 -17.90693617 -36.73895745]
-0.29	 -1.29	0.16	0.44	401_T	[-17.54512121 -16.62412121 -37.83506061]
-0.15	 -0.95	-0.02	0.19	401_T	[-15.50395238 -14.47880952 -38.04119048]
-0.23	 -0.74	0.09	0.3	401_T	[-15.964475 -15.784575 -40.419   ]
-0.11	 -0.35	-0.04	0.06	401_T	[-13.16698113 -14.23056604 -39.52081132]
