-0.25	 -0.99	0.12	0.37	22_S	[14.95633333 60.71489583 75.67447917]
0.08	 1.97	0.17	-0.47	22_S	[16.5645   61.147625 74.65575 ]
0.07	 0.79	-0.02	-0.2	22_S	[15.08035484 59.40580645 73.09177419]
-0.17	 -0.63	-0.1	0.19	22_S	[13.54081818 59.22765909 72.80470455]
0.02	 0.63	-0.04	-0.14	22_S	[16.90725 58.0273  74.8028 ]
-0.15	 -0.22	-0.29	0.17	22_S	[18.91873529 59.73247059 75.63067647]
-0.1	 -0.34	-0.25	0.37	22_S	[17.33011429 60.90714286 73.42334286]
-0.29	 -1.07	0.19	0.51	22_S	[16.10294118 57.96705882 76.22082353]
-0.17	 -0.35	-0.5	0.31	22_S	[18.03910526 57.73205263 74.14736842]
-0.28	 -0.45	-0.24	0.41	22_S	[19.21342308 58.32296154 76.171     ]
0.12	 1.26	-0.04	-0.24	23_L	[14.23833333 56.5465     72.48083333]
-0.02	 0.35	-0.07	-0.06	23_L	[16.14929268 55.54870732 72.15980488]
0.07	 0.41	-0.06	-0.23	23_L	[15.37687097 61.99964516 68.97306452]
-0.39	 0.21	0.1	0.01	23_L	[17.88172727 58.4685     72.34154545]
0.17	 1.05	-0.07	-0.17	23_L	[18.57975    57.87108333 70.46758333]
0.1	 0.77	-0.19	-0.1	23_L	[17.57996429 61.02925    70.88760714]
0.16	 0.79	0.02	-0.26	23_L	[19.53713636 59.10922727 69.79895455]
0.12	 0.61	-0.12	-0.22	23_L	[16.3894 62.7086 69.1329]
-0.0	 0.23	-0.06	0.06	23_L	[14.37058824 60.87182353 69.86770588]
0.07	 1.51	-0.04	-0.25	24_S	[13.06314286 56.78128571 72.033     ]
-0.12	 -0.52	-0.06	0.12	24_S	[10.83815385 55.28715385 71.20307692]
-0.07	 -0.65	-0.1	0.17	24_S	[13.23038889 55.26927778 72.48472222]
-0.11	 -0.58	0.0	0.16	24_S	[10.6607619  54.10857143 70.49419048]
-0.16	 -0.36	0.03	0.16	24_S	[11.50225926 57.02062963 71.12825926]
0.0	 0.28	-0.06	-0.03	24_S	[10.20669565 56.05508696 68.53965217]
0.13	 1.55	0.21	-0.49	25_P	[15.3096 53.2568 70.7269]
0.07	 1.08	0.18	-0.41	25_P	[15.40757143 51.86014286 69.727     ]
0.1	 1.2	-0.09	-0.2	25_P	[13.44361538 50.53761538 67.21715385]
0.0	 0.32	-0.17	-0.02	25_P	[15.41171429 50.968      66.888     ]
-0.08	 -0.16	-0.1	0.12	25_P	[13.8616875 49.694375  69.326625 ]
-0.12	 -0.07	-0.06	0.13	25_P	[13.14073333 50.3328     71.99006667]
-0.0	 1.01	0.0	-0.11	25_P	[13.50315789 52.99326316 72.13268421]
-0.02	 -0.37	-0.18	0.07	25_P	[16.0655     51.72733333 69.3775    ]
-0.14	 -0.17	-0.03	0.21	25_P	[12.13579167 50.28629167 69.004375  ]
-0.2	 -0.71	0.1	0.34	25_P	[14.79888889 49.59485185 69.62481481]
-0.31	 -0.89	0.2	0.46	25_P	[12.10663158 50.30352632 71.94242105]
-0.2	 -0.54	0.12	0.33	25_P	[14.84170833 50.98104167 72.01708333]
-0.11	 -1.16	0.11	0.1	25_P	[11.49252632 52.61715789 71.33626316]
-0.27	 -0.92	-0.04	0.37	25_P	[13.91907143 53.20692857 72.714     ]
0.12	 1.23	-0.02	-0.23	26_Q	[11.848  51.0634 66.9122]
0.19	 1.46	0.3	-0.55	26_Q	[12.735125 52.825875 62.978875]
0.01	 -0.24	-0.1	-0.03	26_Q	[ 9.5713125 52.3756875 66.635375 ]
0.04	 0.53	-0.08	-0.25	26_Q	[10.30183333 52.86043333 63.6633    ]
-0.03	 -0.13	-0.18	0.03	26_Q	[ 8.34790909 54.17872727 66.06890909]
-0.22	 -0.73	0.1	0.32	26_Q	[ 7.457275 54.36885  64.234575]
0.11	 1.22	-0.03	-0.24	26_Q	[ 9.948      56.17215385 64.68246154]
0.12	 0.88	0.04	-0.24	26_Q	[11.25335714 52.48064286 68.92992857]
-0.03	 0.52	-0.14	0.03	26_Q	[12.25231818 50.95809091 65.58922727]
-0.21	 -0.68	0.05	0.38	26_Q	[10.08073077 51.39507692 66.78796154]
0.02	 -0.34	-0.04	-0.04	26_Q	[ 9.90364706 53.89535294 67.80870588]
0.07	 0.46	-0.09	-0.17	26_Q	[11.65025    52.84033333 63.33733333]
-0.19	 -0.71	-0.02	0.31	26_Q	[ 9.34889286 52.12682143 63.97939286]
-0.25	 -0.58	-0.01	0.33	26_Q	[ 9.024      56.83333333 65.44463333]
0.04	 0.4	-0.17	-0.13	27_E	[10.66633333 58.26244444 66.76166667]
0.03	 -0.01	-0.15	0.02	27_E	[11.15115385 58.61130769 68.69584615]
-0.28	 -0.53	0.29	0.36	27_E	[11.55791176 60.64955882 67.79326471]
0.09	 0.68	-0.09	-0.16	27_E	[12.7378     59.1586     70.09733333]
0.24	 1.49	0.3	-0.54	27_E	[12.39363636 57.21040909 63.70336364]
0.02	 0.29	-0.16	-0.09	27_E	[11.29071429 58.62990476 65.32833333]
0.13	 1.42	0.03	-0.26	27_E	[10.512625 57.281375 67.2485  ]
0.1	 0.76	-0.11	-0.18	28_L	[17.93       52.155      65.39581818]
0.16	 0.79	0.12	-0.39	28_L	[19.28646154 52.97176923 64.243     ]
0.01	 0.85	-0.0	-0.07	28_L	[18.2177 52.5337 67.5045]
-0.07	 -0.68	-0.06	0.1	28_L	[19.14353846 54.04980769 70.09111538]
0.07	 0.56	0.09	-0.2	28_L	[17.4095     52.42557143 67.70878571]
-0.03	 0.09	-0.01	0.02	28_L	[19.446875   53.32008333 66.51995833]
-0.14	 -0.55	-0.22	0.2	28_L	[18.90405 55.943   70.77195]
-0.04	 -0.27	-0.03	0.07	28_L	[17.31059091 53.26145455 70.28345455]
-0.22	 -1.02	0.14	0.4	28_L	[20.08963158 53.73431579 69.233     ]
0.19	 1.81	0.13	-0.39	28_L	[20.14961538 56.99207692 69.39476923]
0.09	 0.52	-0.21	-0.11	28_L	[21.07636 55.42948 67.9808 ]
0.03	 1.03	-0.04	-0.14	29_A	[16.91255556 51.697      65.62077778]
0.09	 1.1	0.2	-0.38	29_A	[16.744875 50.51325  63.24175 ]
0.1	 1.65	0.08	-0.34	29_A	[14.57145455 51.54272727 61.16536364]
0.2	 1.37	0.09	-0.33	29_A	[17.006      50.55053846 61.10907692]
-0.08	 -0.76	0.01	0.14	29_A	[14.34458333 49.85541667 63.30179167]
-0.09	 0.15	-0.11	0.05	29_A	[17.89193103 50.621      63.49527586]
-0.21	 -0.47	-0.05	0.37	29_A	[15.13818519 49.60796296 62.19118519]
-0.09	 -0.44	0.14	0.14	29_A	[15.08644 49.8174  65.05968]
-0.01	 -0.25	-0.02	-0.03	29_A	[13.32485 51.4376  62.92965]
0.09	 1.56	0.05	-0.31	30_S	[13.97066667 52.55244444 61.17244444]
0.19	 1.47	0.27	-0.52	30_S	[15.38788462 54.73811538 58.02265385]
-0.01	 -0.0	-0.13	-0.1	30_S	[13.01141667 53.29183333 60.10008333]
0.09	 1.46	0.01	-0.27	30_S	[14.334125 52.796125 59.563125]
0.01	 0.45	-0.25	-0.08	30_S	[13.23661765 54.69658824 58.84923529]
0.09	 0.61	0.09	-0.31	30_S	[12.05783871 53.79729032 61.58480645]
0.13	 1.38	0.15	-0.38	32_K	[21.11814286 51.12114286 61.51207143]
0.0	 0.98	-0.13	-0.0	32_K	[20.69092308 49.51738462 62.89792308]
-0.17	 -0.57	-0.14	0.21	32_K	[23.21615385 48.11376923 62.41438462]
0.04	 0.91	0.12	-0.43	32_K	[22.52275  47.182625 59.526   ]
0.05	 0.14	-0.07	-0.15	32_K	[20.38033333 52.14004762 63.42942857]
0.04	 -0.1	-0.11	-0.19	32_K	[18.85253333 50.24153333 61.18733333]
0.17	 1.35	0.14	-0.41	32_K	[20.36926316 49.87952632 59.50726316]
0.09	 1.34	0.01	-0.21	32_K	[22.8892     51.86813333 62.10906667]
-0.21	 -0.54	0.14	0.12	32_K	[21.5586087  50.12408696 63.40313043]
-0.21	 -0.95	-0.09	0.26	32_K	[20.1534 48.458  61.67  ]
-0.04	 0.22	0.03	0.01	32_K	[24.22778571 49.52514286 61.80960714]
-0.19	 -0.71	0.17	0.37	32_K	[22.6255     47.32870833 62.52029167]
-0.22	 -0.45	0.12	0.34	32_K	[23.86362069 47.63286207 59.76637931]
-0.25	 -0.58	0.04	0.36	32_K	[21.443   47.37935 59.6194 ]
0.09	 0.64	0.01	-0.19	33_K	[18.86533333 51.61847619 54.84014286]
0.08	 1.1	0.2	-0.35	33_K	[17.4234 51.2198 55.6592]
-0.09	 -0.02	-0.11	0.06	33_K	[17.17844444 49.09955556 57.77911111]
-0.1	 -0.25	-0.29	0.16	33_K	[14.01583333 49.83283333 58.7145    ]
0.08	 0.84	-0.0	-0.21	33_K	[13.43735294 51.49305882 55.89623529]
0.05	 -1.59	0.27	-0.48	33_K	[14.42484615 49.87676923 54.40876923]
0.05	 0.34	-0.09	-0.09	33_K	[19.19888235 50.27758824 57.53429412]
0.15	 1.33	0.17	-0.42	33_K	[15.266      52.96733333 57.374     ]
0.17	 1.49	0.23	-0.52	33_K	[16.82492857 51.31914286 55.35428571]
-0.13	 -0.35	-0.04	0.17	33_K	[17.26809524 49.56333333 56.42119048]
-0.06	 0.1	-0.05	-0.01	33_K	[17.18014286 49.9375     59.27910714]
-0.19	 -0.87	0.2	0.27	33_K	[14.50535 48.7058  58.00685]
-0.09	 -0.11	-0.21	0.13	33_K	[14.0502     51.4595     58.91043333]
-0.26	 -0.54	-0.05	0.4	33_K	[12.80447826 51.35243478 56.31304348]
-0.25	 -0.38	0.01	0.33	33_K	[13.80653333 50.19366667 53.88496667]
-0.2	 -0.45	-0.05	0.23	33_K	[15.69267857 49.249      54.94335714]
-0.29	 -0.73	0.1	0.38	33_K	[13.3646087  48.35795652 55.78043478]
-0.04	 0.25	-0.2	0.0	35_R	[27.1355 52.5651 59.716 ]
-0.02	 0.73	0.03	-0.09	35_R	[27.24695833 54.185375   60.56891667]
-0.11	 -1.38	-0.09	0.11	35_R	[26.20066667 51.00966667 59.8728    ]
0.22	 1.45	0.31	-0.56	35_R	[27.60792308 54.60115385 58.48169231]
-0.02	 0.16	-0.18	-0.08	35_R	[26.76155556 55.87511111 60.93918519]
-0.24	 -0.35	-0.03	0.32	35_R	[26.652      53.83556522 62.49517391]
0.08	 0.17	0.06	-0.23	35_R	[25.51205556 50.66755556 59.20316667]
-0.09	 0.12	-0.0	0.03	35_R	[25.31094118 51.76555882 61.79247059]
0.09	 1.01	0.2	-0.37	36_D	[24.3386 50.9858 54.7026]
0.13	 1.21	0.05	-0.32	36_D	[22.51641667 50.67025    53.11533333]
0.18	 1.32	0.12	-0.37	36_D	[24.65946154 50.96607692 53.59923077]
-0.02	 0.55	-0.04	-0.05	36_D	[22.20715385 49.93953846 54.99123077]
-0.12	 0.25	-0.03	0.03	36_D	[24.00614286 49.378      56.94428571]
0.01	 0.02	-0.08	-0.09	36_D	[24.9958125 50.450125  57.665    ]
-0.11	 -0.27	-0.07	0.15	36_D	[21.82216 48.66152 57.41876]
0.14	 1.0	0.04	-0.26	36_D	[25.16705556 51.41083333 55.56466667]
0.07	 -0.31	-0.01	-0.07	36_D	[20.70046667 50.28873333 55.5792    ]
-0.16	 0.03	-0.12	0.28	36_D	[23.26626923 49.72892308 54.50361538]
0.06	 0.94	0.01	-0.24	37_A	[20.9919 51.3341 53.6985]
0.13	 1.21	-0.05	-0.2	37_A	[20.73466667 51.43666667 52.578     ]
0.11	 0.79	0.01	-0.18	37_A	[21.90228571 53.67935714 49.53992857]
-0.03	 -0.13	-0.04	0.01	37_A	[18.68661538 52.88730769 51.06546154]
-0.04	 0.4	-0.12	-0.0	37_A	[21.55555556 51.48918519 51.24411111]
-0.03	 -0.47	-0.1	0.08	37_A	[19.53223529 53.41488235 50.05623529]
-0.07	 -0.19	0.06	-0.0	37_A	[18.85184615 52.11734615 52.47646154]
0.26	 1.46	0.23	-0.48	38_L	[22.86180769 59.27711538 49.86269231]
0.14	 1.49	0.07	-0.34	39_E	[29.04614286 53.65928571 51.09221429]
0.09	 1.39	0.08	-0.31	39_E	[29.30863158 52.58142105 53.48868421]
-0.06	 -0.31	-0.11	0.0	39_E	[28.89793333 51.79873333 56.04846667]
-0.05	 0.07	-0.04	-0.06	39_E	[27.83795455 52.43304545 57.30515909]
-0.2	 -0.69	-0.0	0.31	39_E	[30.54193023 52.24362791 56.06809302]
0.12	 0.92	0.07	-0.25	39_E	[26.64786364 51.42113636 53.94527273]
0.02	 0.2	-0.12	-0.09	39_E	[29.89142857 52.12557143 53.52528571]
0.12	 1.15	0.06	-0.31	39_E	[29.4722     54.28773333 52.73446667]
0.11	 1.53	0.34	-0.59	40_E	[24.835      52.16966667 47.12477778]
0.05	 0.52	-0.03	-0.14	40_E	[22.90976923 51.65615385 49.232     ]
0.01	 1.13	0.05	-0.2	40_E	[23.70672727 49.31618182 51.63195455]
-0.18	 -0.71	-0.06	0.23	40_E	[25.50925    47.59566667 50.00058333]
-0.09	 -0.21	-0.07	0.15	40_E	[26.98715152 48.21384848 51.14221212]
-0.11	 0.0	-0.01	0.21	40_E	[25.97657143 48.60285714 48.02778571]
0.12	 -0.02	-0.18	-0.12	40_E	[22.41357143 51.92542857 49.854     ]
-0.09	 -0.65	0.01	0.12	40_E	[24.12717391 51.32334783 47.75930435]
-0.0	 0.26	-0.1	-0.06	40_E	[25.11194737 49.96773684 52.25731579]
-0.27	 -0.62	0.19	0.31	40_E	[23.05115 49.1054  49.9779 ]
0.11	 0.9	-0.02	-0.28	41_S	[23.47645455 53.24809091 48.20181818]
0.05	 0.7	0.02	-0.26	41_S	[23.78285714 53.45071429 47.17671429]
0.14	 0.63	0.01	-0.23	41_S	[26.173625  56.0336875 45.0660625]
-0.07	 0.32	-0.12	-0.03	41_S	[22.74725   56.049625  46.9135625]
0.13	 1.32	-0.03	-0.22	41_S	[24.0315     58.14940625 48.134     ]
-0.02	 -0.07	-0.08	-0.01	41_S	[24.6577619  53.85328571 45.89614286]
-0.26	 -0.44	-0.13	0.38	41_S	[23.78425    56.83708333 46.051125  ]
-0.05	 -0.16	-0.09	0.06	41_S	[22.15183333 54.98094444 47.85588889]
0.13	 1.39	0.09	-0.34	42_L	[30.68755556 54.69122222 48.90233333]
0.21	 1.47	0.18	-0.43	42_L	[31.92992857 55.52528571 46.92321429]
0.13	 0.93	0.11	-0.36	42_L	[30.48672727 56.16995455 50.69422727]
0.07	 0.66	0.02	-0.24	42_L	[29.63014286 55.1042381  50.83680952]
0.04	 0.46	0.36	-0.7	42_L	[31.0799 56.5202 50.4135]
0.14	 1.07	0.18	-0.44	43_K	[30.0971 53.8811 49.1387]
0.07	 0.89	0.45	-0.74	43_K	[31.82183333 52.14983333 46.75      ]
0.12	 1.42	0.24	-0.48	43_K	[31.8235 54.4935 45.813 ]
-0.2	 -0.66	0.06	0.25	43_K	[31.85327778 52.94180556 44.66108333]
-0.0	 0.47	-0.09	-0.16	43_K	[29.98454545 50.63954545 46.78127273]
0.06	 1.1	-0.05	-0.11	43_K	[31.01481818 51.87145455 49.28609091]
0.01	 0.87	-0.08	0.03	43_K	[29.40190476 48.86514286 48.40552381]
-0.16	 -0.85	-0.12	0.24	43_K	[30.9885 48.5136 51.1407]
0.07	 0.96	0.01	-0.21	43_K	[29.55277778 50.29822222 52.33211111]
-0.19	 -0.13	-0.22	0.16	43_K	[31.86336 53.62416 47.69196]
0.09	 1.42	0.09	-0.41	43_K	[28.49514286 50.24785714 46.82742857]
-0.12	 -0.15	-0.09	0.15	43_K	[30.48775    50.62607143 46.09025   ]
-0.19	 -1.04	0.0	0.26	43_K	[31.8144  51.4569  48.86335]
0.1	 1.48	0.07	-0.28	43_K	[29.86481818 53.04809091 49.87872727]
0.08	 0.58	0.0	-0.24	43_K	[28.21023529 49.35735294 47.84882353]
-0.19	 -0.57	0.09	0.2	43_K	[30.80578571 48.85607143 48.34692857]
-0.21	 -0.97	0.15	0.33	43_K	[29.64466667 47.85466667 51.10057143]
-0.16	 -0.47	0.09	0.26	43_K	[31.38964286 50.08167857 51.05535714]
-0.2	 0.09	-0.12	0.11	43_K	[29.09035294 50.12485294 53.21397059]
0.07	 0.7	-0.05	-0.19	43_K	[29.74       51.98094444 51.58944444]
0.09	 0.87	0.06	-0.3	43_K	[27.20133333 50.16958333 52.34025   ]
0.03	 0.79	0.12	-0.37	44_L	[29.77716667 54.1315     41.88783333]
0.02	 0.76	0.15	-0.36	44_L	[29.59973077 55.658      43.073     ]
-0.2	 -0.49	-0.01	0.21	44_L	[28.64590625 56.3        41.78534375]
0.08	 0.61	-0.05	-0.19	44_L	[27.70721429 53.68671429 42.0065    ]
0.07	 0.96	0.07	-0.23	44_L	[28.77922222 51.58022222 42.48055556]
0.07	 1.11	-0.02	-0.17	44_L	[26.42045455 50.79640909 45.45822727]
-0.13	 -0.45	-0.0	0.14	44_L	[26.2136129  51.22996774 41.70864516]
-0.15	 -0.42	-0.01	0.14	44_L	[30.60438889 53.26822222 42.607     ]
0.05	 -0.2	0.02	-0.06	44_L	[26.39173333 54.50986667 43.8052    ]
-0.15	 -0.21	-0.11	0.24	44_L	[27.89225 54.0876  41.3872 ]
-0.14	 -0.79	-0.05	0.17	44_L	[29.26294444 51.13505556 43.27155556]
-0.16	 -0.65	-0.17	0.16	44_L	[27.29094286 50.1338     45.05665714]
-0.01	 -0.28	-0.03	0.01	44_L	[25.4032  52.36925 44.9721 ]
-0.23	 -1.13	0.27	0.36	44_L	[26.61469565 49.92656522 42.33591304]
-0.26	 -0.99	0.11	0.4	44_L	[25.369   52.407   42.22675]
-0.24	 -1.01	0.14	0.39	44_L	[27.75071429 51.74119048 40.75304762]
0.13	 1.3	0.12	-0.39	45_K	[31.60963636 55.70281818 43.94654545]
-0.02	 0.47	-0.15	-0.08	45_K	[31.65833333 56.58833333 42.80933333]
-0.03	 0.29	-0.02	-0.03	45_K	[32.93936842 57.25326316 43.48731579]
-0.07	 0.09	-0.1	0.03	45_K	[33.03246429 56.72571429 45.66464286]
0.07	 0.88	0.02	-0.15	45_K	[29.18078571 59.71964286 42.60692857]
-0.1	 1.0	-0.12	0.12	45_K	[25.99775    59.66116667 44.04241667]
0.01	 0.58	-0.05	-0.16	45_K	[25.26416667 61.1075     45.04833333]
-0.19	 -1.16	-0.0	0.17	45_K	[30.975875  57.8090625 41.8796875]
-0.08	 -0.47	-0.01	0.12	45_K	[29.8394 60.4874 43.1093]
-0.14	 -0.16	-0.07	0.09	45_K	[27.84978947 58.602      42.76273684]
0.14	 1.27	0.13	-0.37	45_K	[27.25411765 57.46152941 44.31417647]
0.05	 -0.1	-0.07	-0.08	45_K	[28.71218182 61.71486364 44.42      ]
-0.19	 -0.91	0.13	0.3	45_K	[26.1516087 60.4066087 43.3476087]
0.02	 0.33	-0.04	-0.13	45_K	[25.35536 58.77116 45.52412]
-0.3	 -0.72	0.11	0.39	45_K	[24.393      61.53070833 45.16079167]
0.18	 1.62	0.09	-0.27	45_K	[25.01025 60.075   46.88875]
-0.0	 0.38	0.01	-0.16	45_K	[26.23585714 62.94778571 45.13292857]
0.04	 0.9	-0.08	-0.14	46_N	[32.659      58.23033333 42.47183333]
0.1	 2.15	-0.12	-0.08	46_N	[34.20133333 58.228      43.61366667]
0.0	 0.28	-0.09	-0.09	46_N	[31.91948571 62.66691429 44.68062857]
-0.02	 -0.6	-0.04	-0.03	46_N	[34.66607692 60.63561538 41.94769231]
0.0	 0.3	0.03	-0.09	46_N	[36.17390909 61.41263636 44.281     ]
-0.02	 0.51	-0.09	-0.07	46_N	[35.01938889 63.1615     45.10122222]
-0.14	 -0.78	-0.05	0.2	46_N	[37.38042308 60.42765385 43.55023077]
-0.1	 -0.87	0.02	0.14	46_N	[31.897375  59.9869375 42.44     ]
-0.0	 -0.29	-0.01	0.0	46_N	[34.81728571 58.53495238 45.043     ]
-0.17	 -0.57	-0.08	0.18	46_N	[34.80579167 59.061375   42.41333333]
-0.16	 -0.34	0.08	0.19	46_N	[33.62408696 61.64469565 42.65830435]
-0.21	 -0.25	-0.06	0.25	46_N	[38.34064 61.19612 44.27168]
-0.22	 -1.34	0.25	0.4	46_N	[37.067      59.75080952 42.60433333]
0.15	 1.45	0.14	-0.4	47_W	[35.54711111 60.65711111 48.57777778]
0.12	 1.07	-0.09	-0.19	47_W	[33.74363636 57.94445455 47.47027273]
0.11	 1.38	0.06	-0.28	47_W	[35.03978571 59.79314286 49.51935714]
0.01	 0.52	0.14	-0.26	47_W	[33.32905 57.00495 49.185  ]
-0.02	 -0.72	0.03	-0.16	47_W	[34.92292308 58.22661538 49.77569231]
0.14	 1.55	-0.01	-0.3	47_W	[35.59542857 60.37728571 50.32614286]
0.02	 0.46	0.05	-0.17	47_W	[33.78906818 56.71159091 51.56606818]
0.03	 0.67	-0.04	-0.18	47_W	[34.62780392 60.50068627 52.79911765]
-0.04	 0.25	0.15	-0.21	47_W	[35.24155556 58.145      53.09088889]
0.06	 -0.0	0.03	-0.16	47_W	[35.01456522 59.57313043 47.28152174]
-0.15	 -0.03	-0.11	0.02	47_W	[32.85532353 56.03785294 49.18226471]
-0.31	 -0.82	-0.03	0.42	47_W	[34.2558  55.93995 52.07205]
-0.23	 -0.18	-0.17	0.28	47_W	[34.58964516 61.33893548 53.30970968]
-0.36	 -0.57	-0.03	0.5	47_W	[35.20871429 57.86033333 53.91657143]
0.11	 0.89	-0.15	-0.11	48_S	[36.167      60.78633333 47.76355556]
0.09	 1.36	0.27	-0.63	48_S	[37.0694 61.0806 48.251 ]
0.14	 0.83	0.06	-0.29	48_S	[37.575   65.39    47.99475]
0.06	 -0.33	-0.03	-0.14	48_S	[35.70702326 65.94376744 47.55416279]
-0.01	 0.71	0.0	-0.1	48_S	[38.393      63.91457895 47.43352632]
-0.13	 -0.29	0.05	0.15	48_S	[38.17275862 60.82896552 46.96889655]
-0.09	 -0.29	-0.14	0.1	48_S	[37.13773077 61.59584615 49.55442308]
-0.09	 -0.13	0.01	0.06	48_S	[37.47395652 63.73108696 45.73656522]
-0.27	 -1.55	-0.08	0.35	48_S	[39.18652941 64.15811765 47.986     ]
-0.29	 -0.59	0.21	0.4	48_S	[39.57215789 61.78157895 46.22426316]
0.05	 0.32	-0.08	-0.16	49_C	[38.66       66.53026667 48.87993333]
-0.16	 -0.67	-0.07	0.18	49_C	[39.95980645 65.85954839 50.823     ]
0.11	 1.33	0.2	-0.43	49_C	[36.57842857 65.26928571 53.94128571]
0.08	 0.8	-0.0	-0.25	49_C	[35.19747368 64.14028947 53.24923684]
0.05	 0.27	0.1	-0.17	49_C	[37.5015     63.40309091 50.71859091]
-0.09	 -0.11	-0.11	0.06	49_C	[37.74481481 65.05296296 52.91774074]
0.06	 0.54	-0.16	-0.1	50_S	[38.03288889 67.619      48.68855556]
0.08	 2.84	-0.1	-0.08	50_S	[39.4905  67.72625 48.68275]
0.13	 1.42	0.01	-0.28	50_S	[40.37606667 68.89906667 51.91226667]
-0.22	 -0.71	0.0	0.33	50_S	[41.67622857 68.85225714 52.06654286]
-0.11	 -0.11	0.07	-0.11	50_S	[39.96138095 70.57580952 49.02666667]
0.03	 0.44	-0.15	-0.06	50_S	[38.57164706 71.93247059 49.94417647]
0.13	 2.08	0.13	-0.39	50_S	[37.0845     68.04166667 48.77675   ]
-0.11	 0.07	0.04	0.13	50_S	[40.83142105 67.87984211 49.42521053]
-0.21	 -0.47	0.17	0.44	50_S	[40.94488 70.57828 49.345  ]
-0.18	 -0.62	0.12	0.41	50_S	[38.68054167 69.60125    47.82      ]
0.1	 1.62	0.16	-0.44	51_S	[39.923    67.812875 53.8595  ]
0.11	 0.41	0.01	-0.21	51_S	[38.98136842 67.20268421 54.00278947]
0.09	 0.82	0.05	-0.26	51_S	[40.50311111 70.51311111 55.44322222]
-0.07	 -0.26	-0.0	0.11	51_S	[40.56167742 71.80558065 52.98474194]
0.03	 0.43	-0.11	-0.14	51_S	[40.85716 68.89376 54.13116]
0.09	 0.82	-0.06	-0.15	51_S	[39.8875    71.6879375 56.154375 ]
-0.1	 -0.22	-0.07	0.17	51_S	[39.61862069 73.14624138 54.62817241]
0.13	 1.68	0.02	-0.28	52_P	[38.99783333 66.744      55.51833333]
0.06	 1.58	0.05	-0.33	52_P	[38.398125 66.3755   55.663375]
0.09	 0.68	-0.14	0.04	52_P	[38.185      65.556      57.20566667]
-0.06	 -0.19	-0.13	0.08	52_P	[40.17747368 66.50031579 58.78947368]
0.01	 0.49	-0.02	-0.07	52_P	[40.54244444 68.313      56.52088889]
-0.01	 0.41	-0.09	-0.0	52_P	[37.25991667 65.86616667 55.787375  ]
-0.05	 0.26	-0.0	0.0	52_P	[37.559      65.71323333 58.72936667]
-0.14	 -0.26	-0.07	0.17	52_P	[40.51390476 67.64552381 59.28442857]
-0.21	 -1.01	0.16	0.39	52_P	[40.096625 65.838625 56.944875]
0.06	 0.68	-0.03	-0.12	52_P	[40.4045     70.14442857 57.18457143]
-0.19	 -0.95	-0.16	0.35	52_P	[41.031      68.05395238 55.3982381 ]
0.11	 0.54	0.07	-0.25	53_V	[34.83895833 66.01916667 56.28608333]
0.03	 0.42	0.0	-0.15	54_F	[35.89152632 65.88505263 60.24368421]
0.13	 -0.87	0.05	-0.22	54_F	[34.2369375 66.167125  58.191625 ]
0.03	 0.32	-0.04	-0.15	54_F	[33.31454286 65.34102857 61.2512    ]
0.12	 0.38	0.07	-0.25	54_F	[31.7672381  64.68119048 58.94861905]
0.18	 0.83	0.01	-0.28	55_P	[35.6905 65.8665 62.8955]
0.13	 0.88	0.08	-0.32	55_P	[38.9426     70.89014286 63.09042857]
-0.0	 0.26	-0.09	-0.05	56_G	[39.40718182 65.55636364 62.14872727]
0.03	 0.52	0.08	-0.26	56_G	[38.43873077 65.23069231 64.84369231]
-0.15	 -0.53	-0.04	0.16	56_G	[38.3497561  64.0707561  65.36390244]
0.0	 -0.1	-0.27	0.06	56_G	[39.70990323 68.29925806 61.91503226]
-0.18	 -0.22	-0.01	0.14	56_G	[37.66344444 64.66488889 62.65114815]
-0.24	 -0.9	0.11	0.38	56_G	[40.2296  65.62072 62.37368]
0.1	 1.3	-0.0	-0.24	57_N	[40.18345455 67.18045455 65.06636364]
0.06	 0.94	0.27	-0.48	57_N	[39.1892 65.8858 67.4905]
0.16	 1.1	-0.02	-0.25	57_N	[36.98183333 65.65991667 67.7275    ]
0.09	 1.05	-0.03	-0.2	57_N	[37.54777778 66.57177778 69.29372222]
-0.12	 -0.44	-0.13	0.08	57_N	[40.7804 67.1885 68.474 ]
-0.12	 -0.67	-0.03	0.18	57_N	[40.86527273 69.22054545 66.10054545]
0.06	 0.14	0.0	-0.14	57_N	[39.60115789 69.98968421 65.10715789]
-0.07	 -0.3	0.06	0.01	57_N	[41.51038462 70.43892308 67.77884615]
0.1	 0.71	-0.08	-0.17	57_N	[39.84115385 67.88638462 64.527     ]
-0.16	 -0.28	0.03	0.17	57_N	[39.21405556 65.28511111 67.39105556]
-0.04	 0.07	-0.02	0.04	57_N	[39.80463158 67.20552632 69.247     ]
-0.23	 -0.89	0.14	0.4	57_N	[41.20563636 67.03445455 67.07559091]
-0.03	 -0.32	-0.05	0.03	57_N	[40.58333333 71.84027778 67.42555556]
-0.05	 0.13	-0.1	-0.01	57_N	[41.02252174 69.41395652 69.442     ]
0.23	 2.16	0.11	-0.36	58_W	[35.31953333 64.9488     67.94506667]
0.08	 0.63	0.04	-0.23	59_D	[36.43184211 66.34189474 71.30173684]
-0.03	 -0.07	-0.09	0.0	59_D	[35.644      64.97810811 72.94878378]
0.01	 -0.16	-0.08	0.03	59_D	[35.89571429 65.2745     70.15357143]
0.12	 0.66	0.2	-0.54	59_D	[36.57216667 66.74083333 71.7405    ]
-0.08	 -0.21	0.04	0.04	61_R	[34.87970968 69.96970968 77.12564516]
0.07	 0.24	-0.02	-0.2	61_R	[34.83818182 66.48172727 75.89090909]
0.09	 0.79	-0.15	0.04	61_R	[32.63933333 66.18366667 77.912     ]
0.04	 -0.82	-0.05	-0.11	61_R	[31.7685 64.1672 77.9405]
0.03	 0.68	-0.02	-0.11	61_R	[34.60814286 63.89214286 75.37992857]
-0.09	 -0.55	0.02	0.04	61_R	[34.20947619 61.84842857 76.58680952]
0.07	 0.56	0.06	-0.26	61_R	[34.07263636 62.06740909 73.47427273]
0.12	 0.42	0.08	-0.29	61_R	[34.96289474 66.33421053 74.97926316]
-0.12	 -0.23	-0.05	0.17	61_R	[34.34945455 67.43227273 77.17259091]
0.03	 0.25	0.04	-0.18	61_R	[31.10083333 66.83463889 77.81747222]
-0.1	 -0.14	-0.03	0.13	61_R	[33.62819048 64.70504762 77.43595238]
0.11	 0.49	-0.17	-0.06	61_R	[31.35428571 63.54628571 77.77485714]
-0.2	 -1.22	0.01	0.26	61_R	[33.07752632 62.45057895 77.71510526]
-0.25	 -0.87	0.08	0.4	61_R	[34.09192857 60.81992857 76.075     ]
-0.26	 -0.71	0.04	0.35	61_R	[34.14948 61.12728 73.58204]
0.11	 0.79	0.03	-0.21	62_L	[35.0646 72.1466 76.0198]
-0.12	 -0.49	-0.06	0.14	62_L	[36.69805405 73.46281081 74.25535135]
0.08	 -0.47	-0.08	-0.07	62_L	[39.67255556 68.78833333 71.68288889]
-0.07	 -0.41	0.08	0.03	62_L	[38.31689286 68.09057143 74.43071429]
-0.01	 0.4	-0.02	-0.03	62_L	[37.12472222 70.83005556 75.32122222]
0.14	 0.91	0.28	-0.55	62_L	[38.16991667 71.46508333 73.72225   ]
-0.05	 0.18	0.01	-0.04	62_L	[38.6796087  67.56752174 71.01034783]
0.09	 0.55	-0.02	-0.22	62_L	[40.02025 69.75305 71.7392 ]
-0.19	 -0.34	5.63	0.94	62_L	[38.55833333 67.23318519 73.26451852]
-0.14	 -0.58	-0.01	0.1	62_L	[39.35       69.92569565 74.21669565]
-0.03	 -0.17	-0.15	0.07	62_L	[36.72618182 68.15590909 75.41368182]
0.02	 0.27	-0.11	-0.14	63_L	[34.06295455 74.32495455 76.40872727]
0.05	 0.69	0.05	-0.19	63_L	[33.45084615 72.48953846 76.94838462]
0.08	 2.23	0.06	-0.26	63_L	[34.7995     75.40008333 71.74633333]
0.08	 0.86	-0.05	-0.18	63_L	[34.64077273 75.10154545 73.97127273]
0.16	 1.32	0.12	-0.39	63_L	[34.1889 76.173  71.5655]
0.15	 1.54	0.09	-0.34	63_L	[35.5782 74.4796 72.3794]
0.01	 0.35	-0.46	0.06	64_Q	[31.01575  78.914125 77.63925 ]
0.04	 1.17	-0.03	-0.17	64_Q	[33.56033333 78.76433333 76.73677778]
-0.1	 -0.37	-0.1	0.1	64_Q	[34.21726316 77.10005263 78.61163158]
-0.24	 -0.6	0.09	0.25	64_Q	[33.36832258 75.97067742 79.60780645]
-0.12	 -0.51	-0.01	0.16	64_Q	[35.68532 78.0792  78.42772]
0.09	 0.84	0.01	-0.23	64_Q	[32.18257895 74.34468421 78.35563158]
0.15	 1.53	0.07	-0.33	64_Q	[30.99475    78.89091667 76.49008333]
0.0	 -0.01	-0.11	-0.07	64_Q	[31.21145455 78.09145455 78.74768182]
-0.05	 0.27	-0.12	-0.04	64_Q	[34.28254545 77.12745455 75.62004545]
-0.25	 -0.82	0.04	0.34	64_Q	[33.05438095 79.42461905 76.87585714]
-0.24	 -0.89	0.11	0.41	64_Q	[35.723      78.67796296 77.36803704]
-0.29	 -0.99	0.25	0.52	64_Q	[36.02642308 77.35784615 79.70711538]
0.18	 1.1	0.13	-0.4	65_V	[24.98357143 75.08014286 76.57595238]
0.06	 0.68	-0.04	0.07	65_V	[27.12733333 75.20766667 80.98766667]
0.06	 0.96	0.03	-0.17	65_V	[25.7255     74.02795833 80.034375  ]
-0.14	 -0.6	-0.11	0.16	65_V	[29.30065517 73.07241379 80.86813793]
0.19	 0.87	0.0	-0.23	65_V	[30.203      76.25591667 79.35866667]
-0.06	 0.1	-0.12	0.04	65_V	[27.77081481 76.3957037  80.07411111]
-0.19	 -0.73	-0.01	0.15	65_V	[25.68482609 73.9236087  80.96365217]
-0.06	 0.11	-0.07	0.01	65_V	[24.97031579 75.07305263 78.62594737]
0.15	 0.88	0.17	-0.4	65_V	[26.61615 71.7933  79.2994 ]
-0.21	 -0.84	0.14	0.38	65_V	[27.77166667 73.907125   81.86716667]
-0.03	 0.23	-0.15	-0.01	65_V	[28.88988889 71.79388889 80.20572222]
-0.09	 -0.09	-0.11	0.12	65_V	[30.42452 74.05128 80.05188]
0.08	 1.26	0.07	-0.29	66_R	[27.6265     79.07108333 74.29691667]
-0.07	 0.5	-0.08	-0.03	66_R	[25.43848 78.29696 73.65268]
0.06	 0.07	-0.11	-0.09	66_R	[26.95327273 80.02345455 76.054     ]
0.03	 0.79	-0.12	-0.16	66_R	[26.60190909 78.79190909 79.195     ]
0.06	 1.96	-0.01	-0.19	66_R	[27.53364706 81.00870588 78.07970588]
-0.03	 0.06	-0.07	0.04	66_R	[27.06984615 81.056      80.02176923]
-0.06	 -0.36	0.01	-0.0	66_R	[27.66545455 82.4839697  80.41369697]
-0.13	 -0.57	-0.03	0.21	66_R	[28.81688 83.59324 79.29524]
-0.21	 0.29	0.0	0.25	66_R	[26.9896  83.19575 82.09065]
-0.01	 -0.24	0.0	-0.08	66_R	[25.13372727 77.52977273 76.63777273]
0.04	 0.27	-0.04	-0.08	66_R	[28.77747059 79.66641176 75.81905882]
-0.2	 -0.61	-0.09	0.25	66_R	[26.14634783 80.25221739 76.024     ]
-0.1	 -0.39	-0.02	0.17	66_R	[25.66989655 79.0567931  78.73862069]
-0.03	 0.03	-0.04	-0.08	66_R	[28.60496296 78.33933333 79.25888889]
-0.16	 -0.59	-0.34	0.29	66_R	[29.51       80.284125   78.21908333]
-0.23	 -1.01	0.07	0.36	66_R	[27.158375  81.8901875 77.20225  ]
-0.2	 -1.2	-0.08	0.28	66_R	[26.39204348 80.28930435 80.55786957]
-0.2	 -0.63	0.01	0.31	66_R	[28.94109091 83.06390909 78.13922727]
-0.25	 -1.1	0.18	0.48	66_R	[28.75761538 84.72369231 80.27192308]
-0.27	 -1.03	0.18	0.48	66_R	[26.26119231 82.1035     82.27280769]
-0.31	 -1.23	0.32	0.58	66_R	[27.5477 84.306  82.2044]
0.02	 0.49	-0.04	-0.09	67_E	[30.0250625 79.6608125 73.8178125]
0.05	 0.41	-0.1	-0.15	67_E	[33.24308 78.81044 73.78592]
0.07	 0.5	-0.02	-0.11	67_E	[33.90504348 77.09391304 73.22621739]
-0.27	 -0.83	0.06	0.35	67_E	[33.27132258 79.75435484 72.41135484]
0.12	 0.97	-0.01	-0.2	67_E	[28.041      78.91983333 72.7405    ]
0.03	 0.04	0.11	-0.03	67_E	[29.94594737 79.74810526 72.27336842]
0.05	 0.56	-0.01	-0.12	67_E	[30.7245     79.28414286 75.14007143]
0.06	 0.91	-0.17	-0.17	68_R	[28.05871429 69.6882381  78.8542381 ]
0.07	 0.52	-0.01	-0.18	68_R	[31.77804 71.87916 78.57276]
0.08	 1.1	-0.32	-0.14	68_R	[27.05013333 69.95706667 78.7006    ]
-0.15	 -0.32	-0.06	0.18	68_R	[29.44754286 69.16542857 79.08188571]
0.04	 0.28	-0.15	-0.06	68_R	[33.1165   71.407    77.722875]
-0.14	 -0.45	-0.01	0.23	68_R	[31.84292857 69.93117857 79.06439286]
0.09	 0.83	-0.21	-0.15	69_P	[22.69475 74.53875 75.20915]
0.18	 1.46	0.13	-0.37	69_P	[22.89317391 76.91943478 72.55252174]
0.18	 1.08	0.15	-0.39	69_P	[20.86685185 74.22322222 72.938     ]
-0.16	 0.2	-0.21	0.22	69_P	[22.35582927 75.79368293 74.79758537]
0.21	 1.26	0.14	-0.39	69_P	[21.75714286 73.33321429 74.84057143]
0.17	 1.29	0.18	-0.46	70_V	[25.13621429 76.53085714 65.94985714]
-0.03	 -0.06	-0.11	-0.01	70_V	[26.25057143 78.85375    66.95667857]
-0.02	 -0.23	-0.55	0.38	70_V	[24.59718182 79.45786364 70.89263636]
0.13	 1.4	0.13	-0.41	70_V	[23.51542857 77.25942857 67.73342857]
0.0	 0.2	-0.01	0.01	70_V	[27.437625  79.8355625 67.890375 ]
0.1	 0.88	0.14	-0.4	70_V	[26.66944444 77.406      65.81022222]
-0.13	 -0.55	0.0	0.19	70_V	[24.83273333 78.68113333 67.33366667]
-0.06	 -0.03	0.04	0.15	70_V	[26.83010345 79.66327586 70.77103448]
-0.13	 -0.34	-0.29	0.15	70_V	[23.73683333 79.52591667 69.85741667]
0.17	 1.1	0.13	-0.38	70_V	[24.25053333 77.94513333 71.84546667]
0.09	 0.63	0.06	-0.37	72_L	[20.8354375 69.0395    71.091625 ]
0.17	 1.1	0.29	-0.52	72_L	[20.16313333 69.14453333 69.99673333]
0.11	 1.21	0.03	-0.37	73_E	[21.46133333 76.803      66.2835    ]
-0.09	 -0.35	0.02	0.0	73_E	[21.13175   77.2576875 64.721    ]
-0.15	 0.21	0.08	0.14	73_E	[23.19895349 76.63739535 63.89602326]
-0.03	 0.07	-0.0	0.05	73_E	[20.02182759 76.5722069  62.72958621]
0.12	 1.19	0.16	-0.4	73_E	[22.91793333 76.53113333 66.55      ]
0.12	 0.52	-0.07	-0.18	73_E	[20.28546154 77.06369231 66.45730769]
0.1	 0.63	0.01	-0.16	74_A	[25.27566667 74.561      61.427     ]
0.14	 1.09	0.06	-0.3	74_A	[25.33642857 73.5182381  60.46866667]
-0.04	 0.16	-0.02	-0.1	74_A	[26.0947 76.1014 62.6406]
0.04	 0.05	-0.03	-0.12	74_A	[24.27313333 75.0714     61.74346667]
0.03	 0.37	0.01	-0.12	74_A	[27.4522     75.24714286 61.65077143]
0.01	 0.1	-0.11	-0.05	74_A	[26.05982609 76.46569565 64.24321739]
0.07	 0.93	-0.07	-0.17	77_A	[22.43807692 73.12846154 58.17007692]
0.03	 0.35	-0.14	-0.12	77_A	[20.73538462 72.3085     57.07869231]
-0.03	 -0.05	-0.05	-0.08	77_A	[20.73141935 74.60970968 60.30419355]
0.14	 1.61	0.07	-0.29	77_A	[19.3124     72.27793333 59.40346667]
-0.2	 -0.71	-0.12	0.47	77_A	[20.32589286 74.14121429 59.08346429]
0.15	 1.45	0.1	-0.37	77_A	[19.66254545 74.65754545 61.27081818]
-0.01	 -1.21	0.04	0.03	77_A	[22.88621053 74.51868421 60.33473684]
0.11	 0.83	-0.08	-0.26	78_L	[23.7475   72.88425  58.720125]
0.03	 0.68	0.0	-0.22	78_L	[23.75366667 72.722      57.90083333]
0.11	 0.34	0.07	-0.25	78_L	[23.83452381 72.57833333 56.46328571]
0.08	 0.29	0.0	-0.09	78_L	[26.082      72.91408696 58.29952174]
0.17	 0.94	0.04	-0.28	78_L	[26.17013636 72.92190909 55.84386364]
0.11	 0.95	0.11	-0.29	80_L	[18.76516667 70.89583333 57.25508333]
0.11	 1.76	0.11	-0.36	80_L	[17.64864286 71.18978571 59.20621429]
0.14	 1.24	0.01	-0.27	80_L	[19.00233333 71.21266667 58.41622222]
0.06	 0.2	-0.01	-0.15	80_L	[17.54085185 70.39207407 56.47248148]
0.05	 0.32	-0.06	-0.07	80_L	[16.33731579 71.09831579 58.81542105]
0.11	 0.91	-0.03	-0.23	81_K	[18.906  70.985  55.2512]
0.2	 1.4	0.1	-0.36	81_K	[19.6343125 69.9396875 51.558875 ]
0.08	 0.87	0.29	-0.54	81_K	[20.661      72.67990909 54.72654545]
0.05	 0.32	0.04	-0.31	81_K	[20.1585  72.64425 52.7245 ]
-0.14	 -0.87	-0.1	0.16	81_K	[21.656375 74.739375 53.595875]
0.0	 -0.16	-0.22	0.05	81_K	[23.85888889 74.53822222 52.88866667]
-0.03	 -4.63	-0.02	-0.07	81_K	[23.81966667 73.2305     50.105     ]
0.07	 0.56	-0.12	-0.11	81_K	[18.65892 70.96236 53.77808]
-0.12	 -0.41	-0.09	0.19	81_K	[19.95763333 72.66823333 54.8936    ]
-0.02	 -0.08	-0.06	0.06	81_K	[20.7235   71.934    51.496625]
-0.3	 -1.09	0.19	0.44	81_K	[21.20905882 74.55611765 52.28252941]
-0.08	 -0.13	0.07	0.05	81_K	[22.53353571 73.85985714 54.81825   ]
-0.26	 -0.79	0.02	0.39	81_K	[24.07482353 75.18764706 52.21647059]
0.15	 1.24	0.15	-0.38	81_K	[24.62928571 73.38771429 54.2335    ]
-2.49	 -0.68	-0.01	0.24	81_K	[25.02775 73.42115 50.18985]
0.04	 0.5	-0.04	-0.06	81_K	[23.78028571 70.97132143 50.79467857]
-0.24	 -0.61	0.06	0.33	81_K	[22.602   73.29676 50.2188 ]
0.19	 0.39	0.04	-0.29	82_V	[22.65268421 69.011      51.04957895]
0.11	 0.76	0.07	-0.27	82_V	[24.48209091 66.6969697  50.7469697 ]
0.18	 1.22	0.05	-0.31	82_V	[24.828625  68.9829375 51.448125 ]
0.14	 0.82	-0.1	-0.26	84_E	[17.39236364 68.17936364 49.86690909]
-0.05	 0.13	-0.04	0.02	84_E	[16.48931818 66.23072727 48.70395455]
0.03	 -0.08	0.02	-0.16	84_E	[16.36508333 68.62291667 51.37966667]
0.06	 1.63	-0.06	-0.18	84_E	[14.46266667 67.74233333 52.79533333]
0.01	 0.54	0.09	-0.14	84_E	[14.77128 69.81656 54.49832]
-0.23	 -0.84	0.01	0.32	84_E	[15.7618     70.87611429 53.72314286]
-0.05	 -0.26	-0.01	-0.0	84_E	[13.38776923 69.15976923 54.87753846]
0.15	 1.38	0.31	-0.59	84_E	[15.2898     65.91906667 51.96553333]
0.08	 -0.31	0.02	-0.14	84_E	[17.91629412 69.31876471 51.54805882]
-0.14	 -0.32	-0.07	0.21	84_E	[15.35574074 68.13596296 51.19474074]
0.01	 0.45	-0.08	-0.14	84_E	[14.384375  66.9574375 53.1414375]
0.07	 1.02	0.08	-0.04	85_A	[18.28377778 68.49488889 49.62388889]
0.14	 1.19	0.1	-0.37	85_A	[21.15063636 66.03081818 47.60218182]
-0.12	 -0.24	-0.05	0.1	85_A	[19.19770213 65.40248936 46.75131915]
-0.13	 -0.55	-0.0	0.14	85_A	[21.30257692 68.55196154 48.24869231]
-0.26	 -1.44	0.13	0.32	85_A	[18.14735714 68.22492857 48.02307143]
-0.24	 -1.01	0.26	0.41	85_A	[20.62515 68.2296  46.93935]
-0.1	 -0.15	-0.29	0.26	85_A	[20.473625 69.76875  49.62925 ]
-0.04	 0.13	-0.16	-0.03	85_A	[22.32866667 66.94990476 49.46280952]
0.14	 1.46	0.03	-0.3	86_A	[19.04025 62.95175 46.8805 ]
-0.07	 0.24	-0.17	0.07	86_A	[19.27166667 61.51425    47.08075   ]
-0.09	 0.41	-0.04	0.07	86_A	[21.18829412 63.305      47.32370588]
0.1	 1.75	-0.02	-0.22	86_A	[21.6372  61.17292 48.88112]
0.13	 1.02	-0.06	-0.16	87_A	[16.40633333 64.1525     47.27241667]
-0.13	 -0.23	-0.1	0.13	87_A	[13.97792593 63.63574074 47.88085185]
0.08	 -0.83	-0.12	-0.09	87_A	[14.1095   63.845125 50.3815  ]
0.03	 -0.31	-0.04	-0.13	87_A	[13.75170588 62.82941176 50.64488235]
0.02	 0.44	-0.06	-0.06	87_A	[14.965      65.08231579 50.63057895]
0.05	 0.97	0.08	-0.41	88_G	[17.37507143 63.46542857 46.3985    ]
-0.02	 0.44	-0.14	-0.07	88_G	[16.6586087  62.02808696 45.451     ]
0.17	 1.51	0.16	-0.43	88_G	[13.25836364 61.89927273 45.80963636]
0.01	 0.72	-0.03	-0.13	88_G	[17.81404545 61.61336364 46.49009091]
-0.16	 -0.23	-0.03	0.18	88_G	[14.90858824 63.38517647 45.39164706]
-0.21	 -0.79	-0.01	0.21	88_G	[16.92990476 61.48680952 44.47333333]
0.09	 1.54	0.12	-0.42	89_P	[13.015  61.7054 44.9386]
0.15	 1.24	0.42	-0.65	89_P	[11.19533333 58.73411111 44.70311111]
0.11	 0.88	-0.13	-0.17	89_P	[12.8895 57.0068 43.5991]
-0.03	 0.18	-0.13	-0.01	89_P	[11.75591667 56.87169444 45.77713889]
-0.01	 0.59	0.03	-0.14	89_P	[11.61764 59.21516 43.05428]
-0.12	 -0.12	-0.07	0.15	89_P	[12.9590625 60.9498125 41.150125 ]
-0.0	 0.91	0.01	-0.14	89_P	[14.13857143 61.98671429 43.33761905]
-0.12	 -0.27	-0.01	0.12	89_P	[13.7217931  58.144      42.04782759]
-0.15	 -0.29	-0.09	0.32	89_P	[10.96645161 59.2953871  43.02725806]
-0.29	 -0.86	0.2	0.47	89_P	[13.72668182 60.48227273 40.63995455]
-0.23	 -0.58	0.1	0.29	89_P	[11.96529167 61.74245833 42.541625  ]
-0.17	 -0.38	0.1	0.18	89_P	[15.75195 60.47745 42.46535]
-0.23	 -1.1	-0.0	0.31	89_P	[14.53995238 62.85709524 43.21790476]
0.13	 1.42	0.0	-0.25	90_A	[14.5564 56.4976 43.3942]
-0.12	 -0.31	-0.06	0.11	90_A	[14.83204444 54.88742222 47.57486667]
-0.14	 -0.61	-0.02	0.19	90_A	[17.45561538 56.08869231 43.90396154]
0.03	 0.5	-0.17	-0.1	90_A	[15.92846154 58.91623077 43.49446154]
-0.11	 -0.23	-0.03	0.05	90_A	[14.28059259 55.50048148 44.421     ]
-0.2	 -0.9	0.14	0.38	90_A	[17.43881818 54.8745     45.08290909]
-0.26	 -0.9	0.13	0.46	90_A	[16.3386  56.43148 42.769  ]
-0.15	 -0.09	-0.06	0.12	90_A	[17.54848 57.86692 44.916  ]
0.08	 0.63	-0.08	0.07	91_L	[18.98333333 57.41233333 47.47616667]
-0.06	 0.59	-0.05	-0.01	91_L	[20.9948125 58.6064375 48.2849375]
-0.04	 -0.45	-0.25	0.08	91_L	[18.37954545 55.056      47.93163636]
0.14	 1.61	0.26	-0.51	91_L	[16.70447059 58.95829412 46.40894118]
0.11	 0.79	-0.01	-0.12	91_L	[15.7091875 55.253375  49.6445625]
0.17	 1.44	0.26	-0.48	91_L	[17.48007692 59.21946154 47.37807692]
-0.04	 0.31	-0.11	-0.1	91_L	[18.52744444 57.32940741 46.88474074]
-0.01	 0.18	-0.33	-0.01	91_L	[21.25913793 57.18096552 47.84296552]
-0.02	 0.29	0.05	-0.13	91_L	[19.53554545 59.59445455 47.67809091]
0.01	 0.12	0.06	-0.13	91_L	[20.07583333 55.21111111 48.46888889]
0.01	 0.45	-0.06	-0.06	91_L	[17.39166667 54.61996296 49.09151852]
0.11	 1.74	0.16	-0.43	92_E	[10.59683333 59.63966667 50.55633333]
0.07	 0.66	-0.07	-0.15	92_E	[11.65225 60.4484  51.86845]
0.13	 1.29	-0.05	-0.23	92_E	[12.1072 62.1746 48.456 ]
0.06	 1.11	-0.03	-0.22	92_E	[ 9.801      60.07066667 49.02833333]
-0.01	 -0.07	0.01	-0.11	92_E	[ 9.65694444 60.68522222 46.72266667]
-0.33	 -0.58	0.16	0.33	92_E	[ 8.89477273 59.32452273 46.26095455]
-0.18	 -0.16	0.01	0.15	92_E	[10.92939535 61.96290698 46.35211628]
0.21	 1.5	0.24	-0.49	92_E	[13.15525  61.2585   51.092875]
-0.19	 -0.45	-0.11	0.2	92_E	[11.52666667 61.5995     49.64191667]
0.1	 0.57	0.04	-0.19	92_E	[ 9.68188235 59.05576471 49.32758824]
0.09	 0.98	0.25	-0.41	93_D	[ 9.7582 56.3136 52.4676]
0.06	 0.47	-0.22	-0.09	93_D	[11.50966667 54.68866667 52.81044444]
-1.04	 -0.01	-0.01	-0.08	93_D	[10.42392857 56.22825    54.12278571]
0.0	 0.52	0.09	-0.19	93_D	[10.66621739 54.5186087  51.2003913 ]
-0.19	 -0.74	-0.03	0.24	93_D	[ 9.08823077 54.41761538 48.98776923]
-0.3	 -0.86	0.04	0.49	93_D	[ 7.87708108 56.35618919 49.63854054]
-0.14	 -0.37	0.03	0.11	93_D	[10.04754054 55.85316216 47.47075676]
0.03	 0.03	-0.04	-0.06	93_D	[ 9.6433913  57.87165217 51.63317391]
-0.08	 0.02	-0.08	0.08	93_D	[11.98066667 54.69257143 49.62366667]
-0.2	 -0.63	0.04	0.28	93_D	[ 9.55491667 54.75929167 51.72420833]
0.09	 1.06	0.19	-0.49	94_V	[12.61642857 54.421      52.07085714]
0.03	 0.96	-0.03	-0.2	94_V	[12.66377778 54.33633333 52.745     ]
0.19	 1.26	0.14	-0.4	94_V	[13.92865385 55.77761538 56.45084615]
0.07	 0.74	0.08	-0.21	94_V	[15.70172727 53.39027273 52.58336364]
0.03	 -0.12	-0.12	-0.12	94_V	[16.062    54.663875 50.8485  ]
0.09	 1.4	-0.04	-0.24	94_V	[15.11711765 53.308      55.05335294]
0.28	 1.36	0.21	-0.47	94_V	[13.87870588 55.30405882 50.36441176]
-0.18	 0.28	-0.15	0.05	94_V	[12.72526087 54.4966087  54.61969565]
-0.18	 -0.19	-0.1	0.19	94_V	[14.21394118 53.81688235 51.84770588]
0.1	 1.1	-0.02	-0.26	94_V	[16.89215385 53.95584615 51.48438462]
0.02	 0.27	-0.08	-0.11	94_V	[16.29748 52.26432 53.7036 ]
0.11	 1.15	0.04	-0.31	94_V	[14.11624138 53.1377931  54.99037931]
0.22	 1.52	0.13	-0.4	96_D	[10.595125 62.702875 56.9635  ]
0.04	 0.9	0.0	-0.25	96_D	[ 9.34094118 59.27011765 53.85629412]
-0.11	 0.24	-0.11	0.07	96_D	[ 8.10257895 60.80415789 54.94115789]
-0.29	 -0.89	-0.02	0.43	96_D	[ 8.65964103 62.32548718 54.98548718]
-0.2	 -0.82	0.07	0.35	96_D	[ 7.54720455 59.84665909 56.19888636]
0.08	 0.67	-0.11	-0.12	96_D	[11.41085714 61.98704762 54.25109524]
-0.05	 -0.03	-0.07	-0.14	96_D	[ 9.9065     60.10661111 52.99755556]
0.08	 0.39	0.05	-0.2	96_D	[ 9.4212     57.8646     55.53753333]
0.04	 0.58	-0.21	0.1	97_Q	[10.26066667 58.72433333 60.83966667]
-0.01	 0.64	-0.14	-0.06	97_Q	[ 8.681      57.6328     59.20093333]
-0.05	 0.1	0.12	-0.12	97_Q	[ 9.07488889 55.20594444 59.54011111]
-0.06	 0.16	-0.1	-0.01	97_Q	[ 8.99305769 55.34040385 61.39528846]
-0.09	 -0.62	-0.06	0.12	97_Q	[ 9.83784211 54.62710526 57.76652632]
0.14	 0.71	0.03	-0.29	97_Q	[ 9.6757561  60.37487805 59.73080488]
0.12	 0.67	0.2	-0.41	97_Q	[11.17086842 58.1175     61.669     ]
-0.2	 -0.24	-0.12	0.31	97_Q	[ 8.76588889 58.51340741 59.84207407]
-0.01	 0.34	-0.24	0.06	97_Q	[ 8.85091667 57.58908333 57.30716667]
-0.01	 -0.05	-0.14	-0.01	97_Q	[10.81475676 55.59856757 56.9777027 ]
-0.21	 -0.59	0.01	0.38	97_Q	[10.06054054 53.62821622 59.02718919]
0.1	 1.42	0.15	-0.41	99_L	[11.94044444 65.25222222 58.17888889]
0.07	 0.77	-0.0	-0.2	99_L	[12.49806667 64.7552     56.26993333]
-0.06	 -0.06	-0.13	0.03	99_L	[13.51847059 64.28958824 53.02141176]
0.03	 0.58	-0.01	-0.08	99_L	[12.0454     63.71726667 56.04133333]
0.08	 0.24	0.1	-0.24	99_L	[13.03884211 65.97547368 56.38357895]
0.07	 -0.04	-0.02	-0.08	99_L	[13.08424 62.9002  53.33904]
0.0	 0.03	0.04	-0.07	99_L	[13.82888 65.59092 53.71892]
0.1	 0.93	0.06	-0.28	100_H	[11.1842 64.0728 58.1147]
0.04	 0.79	-0.07	-0.16	100_H	[10.57  64.558 58.557]
0.18	 1.21	0.09	-0.36	100_H	[10.279      65.92833333 62.17183333]
0.1	 1.67	-0.11	-0.16	100_H	[ 9.0012 61.7226 59.6926]
0.01	 0.63	-0.05	-0.02	100_H	[ 8.295875 62.005375 60.613375]
0.06	 0.31	0.01	-0.14	100_H	[ 8.25755556 64.55244444 60.81022222]
-0.03	 0.21	-0.25	0.11	100_H	[ 9.12663636 61.97887879 62.92033333]
-0.26	 -0.91	0.04	0.33	100_H	[ 6.836625   64.53104167 62.567625  ]
0.08	 1.2	0.35	-0.52	100_H	[ 8.16590909 63.72486364 63.98327273]
-0.04	 0.04	-0.11	0.05	100_H	[10.35888 65.81772 59.49616]
-0.07	 0.14	-0.27	0.09	100_H	[ 9.12841667 62.84305556 58.47658333]
-0.35	 -0.85	0.17	0.48	100_H	[ 7.56989474 65.03984211 59.96594737]
0.02	 -0.43	-0.03	-0.06	100_H	[ 9.9936087  61.15152174 62.79665217]
-0.27	 -0.61	-0.32	0.6	100_H	[ 7.81378125 63.3130625  64.62046875]
0.17	 0.66	0.13	-0.37	101_T	[12.0125     59.64754167 63.210625  ]
0.14	 1.12	0.08	-0.34	101_T	[11.46747826 63.62217391 65.00065217]
-0.01	 0.34	-0.23	0.01	101_T	[11.21021739 61.23904348 64.86665217]
0.09	 1.13	-0.26	-0.18	101_T	[13.213625 62.656925 66.795475]
0.11	 1.38	0.42	-0.65	103_H	[11.35933333 69.55877778 63.34555556]
0.21	 1.24	0.5	-0.71	103_H	[13.4575625 70.9475    62.6703125]
-0.11	 1.67	-0.01	0.07	103_H	[10.73277778 68.48922222 60.89477778]
-0.01	 0.53	0.02	-0.05	103_H	[11.17754545 68.58927273 59.21354545]
-0.06	 0.03	-0.0	0.06	103_H	[11.4162 70.5474 58.943 ]
0.02	 0.23	-0.03	0.01	103_H	[11.89958824 67.35688235 57.86041176]
-0.03	 0.09	0.01	-0.04	103_H	[13.5175641  70.8195641  57.66571795]
-0.07	 0.84	-0.0	0.05	103_H	[12.16916667 68.808      56.66633333]
-0.0	 0.25	0.02	-0.08	103_H	[10.81952941 67.29764706 61.32129412]
-0.1	 -0.02	-0.07	0.21	103_H	[11.08371429 69.65192857 61.79089286]
-2.06	 0.11	-0.01	0.23	103_H	[12.93663333 71.42243333 60.40086667]
-0.29	 -0.52	0.0	0.4	103_H	[13.65481818 71.36331818 56.65468182]
0.02	 0.41	0.0	-0.16	103_H	[13.0239 67.7776 56.1346]
0.07	 0.8	0.19	-0.31	104_H	[11.01846154 67.878      63.057     ]
0.05	 1.79	-0.08	-0.14	104_H	[10.727      68.26916667 63.868     ]
0.12	 0.92	0.1	-0.37	104_H	[10.31111111 64.89705556 65.28666667]
-0.01	 0.95	-0.1	-0.0	104_H	[ 9.338      65.55783333 66.22866667]
0.0	 1.37	-0.04	-0.05	104_H	[ 8.544      67.01071429 66.24114286]
-0.1	 -0.28	-0.03	0.1	104_H	[10.20480769 64.75188462 67.81834615]
-0.07	 -0.07	-0.01	0.04	104_H	[ 8.60431579 67.93176316 68.56686842]
-0.1	 1.74	0.01	0.05	104_H	[ 8.619      65.368      68.93033333]
0.04	 -0.19	-0.07	-0.06	104_H	[10.62619048 69.49       64.73090476]
-0.03	 -0.16	-0.16	-0.11	104_H	[ 9.67772414 66.42913793 64.40796552]
-0.15	 -0.25	-0.27	0.29	104_H	[ 9.20916 69.1894  66.31356]
-0.07	 0.28	0.1	0.12	104_H	[11.95558974 64.69825641 68.12784615]
-0.29	 -0.71	0.16	0.49	104_H	[ 8.11404348 68.35143478 69.40208696]
-0.29	 -0.65	0.05	0.25	104_H	[ 9.39557895 65.68810526 70.49647368]
0.23	 1.31	0.39	-0.61	105_I	[16.53288889 69.46655556 69.18355556]
0.13	 0.52	0.12	-0.35	105_I	[14.62194737 64.77042105 68.138     ]
0.02	 0.32	-0.12	-0.12	105_I	[16.10496296 65.21259259 69.14744444]
0.15	 1.37	0.05	-0.35	105_I	[13.80516667 64.53191667 67.31233333]
0.06	 0.09	-0.15	-0.1	105_I	[17.27554545 67.82613636 69.49218182]
0.01	 0.32	-0.14	-0.0	106_L	[16.85176471 73.26870588 60.98529412]
0.16	 1.27	0.13	-0.38	106_L	[14.80515789 73.29047368 63.68357895]
-0.04	 -0.04	-0.23	0.14	106_L	[17.65704167 74.32604167 61.152375  ]
0.01	 -0.01	0.01	-0.08	106_L	[15.0400625 72.2579375 61.3955   ]
0.07	 1.2	0.1	-0.31	107_S	[12.2956 74.3086 66.7598]
0.12	 0.66	0.05	-0.35	107_S	[11.6389 72.9462 68.8109]
-0.02	 0.49	-0.2	-0.04	107_S	[12.43304762 74.81795238 68.20928571]
-0.03	 0.13	-0.11	0.02	107_S	[10.60957692 72.11138462 66.295     ]
-0.17	 -0.83	0.0	0.21	107_S	[11.74038235 73.01279412 64.24205882]
0.08	 0.59	-0.05	-0.09	107_S	[12.94846154 74.66084615 65.91561538]
0.08	 0.9	0.17	-0.55	107_S	[10.736     70.6799375 66.9408125]
-0.23	 -0.62	0.2	0.23	107_S	[10.73566667 73.52083333 66.77104167]
-0.08	 0.15	-0.14	-0.04	107_S	[12.21092308 71.66461538 63.52719231]
0.13	 1.51	0.02	-0.28	108_Q	[11.57457143 71.36042857 68.82542857]
0.09	 1.31	0.25	-0.44	108_Q	[13.16928571 72.12042857 71.89971429]
0.06	 0.46	1.14	-0.5	108_Q	[15.45525    71.53108333 71.56841667]
0.09	 1.02	0.07	-0.36	108_Q	[15.333125 72.3065   72.29375 ]
0.04	 0.26	0.33	-0.04	108_Q	[14.5276     70.29233333 71.2262    ]
0.07	 1.29	0.04	-0.26	108_Q	[11.27833333 69.94577778 70.28183333]
-0.09	 0.19	-0.21	0.08	108_Q	[13.0419 68.1921 72.2752]
-0.09	 -0.0	-0.02	0.01	108_Q	[14.09331707 66.89729268 70.52909756]
-0.11	 -0.6	-0.02	0.1	108_Q	[11.22853333 67.69046667 72.61153333]
-0.06	 -0.53	-0.1	-0.01	108_Q	[12.11188889 72.41388889 71.038     ]
0.08	 -0.16	-0.03	-0.17	108_Q	[15.48823529 69.39652941 70.002     ]
-0.22	 -0.42	-0.11	0.3	108_Q	[13.59468182 70.48922727 72.22027273]
-0.16	 -0.86	-0.13	0.16	108_Q	[10.93240909 70.19945455 70.88781818]
0.19	 1.55	0.29	-0.54	108_Q	[10.8882 69.6155 68.526 ]
-0.15	 -0.32	0.07	0.11	108_Q	[10.06804 68.17552 71.81104]
-0.21	 -0.72	0.07	0.33	108_Q	[11.60392857 65.96010714 71.84821429]
0.11	 0.75	0.05	-0.35	109_L	[16.132875 70.758125 70.379375]
0.03	 0.13	0.8	0.05	109_L	[16.496      71.16671429 70.81471429]
-0.07	 0.26	0.01	-0.17	109_L	[19.91663158 72.28094737 72.41557895]
0.0	 0.02	-0.01	0.01	109_L	[16.98010526 72.13621053 71.95594737]
0.09	 0.8	0.03	-0.2	109_L	[18.10189286 70.24903571 69.93007143]
0.05	 0.09	-0.07	-0.09	109_L	[18.9032     73.13093333 72.43406667]
0.06	 0.31	-0.02	-0.16	109_L	[19.79705263 70.72931579 71.33763158]
0.1	 0.52	-0.12	-0.16	110_Q	[14.00285714 77.62971429 68.88185714]
-0.01	 0.1	0.03	-0.1	110_Q	[16.02934615 78.707      69.63846154]
0.05	 0.34	-0.06	-0.18	110_Q	[14.818375  77.189875  67.3338125]
0.11	 1.63	0.0	-0.26	110_Q	[16.463      77.91166667 65.65566667]
-0.06	 -0.1	-0.07	0.11	110_Q	[15.838      77.68163636 64.51072727]
-0.17	 -0.48	-0.05	0.2	110_Q	[14.37118182 75.92245455 64.03290909]
-0.1	 -0.71	-0.09	0.16	110_Q	[17.52133333 77.37883333 63.37375   ]
0.09	 0.47	0.05	-0.2	110_Q	[13.82175    76.00341667 66.77866667]
-0.21	 -0.43	-0.03	0.28	110_Q	[15.2216  78.0731  67.13485]
-0.01	 -0.08	0.04	-0.07	110_Q	[17.90736364 77.60718182 66.36863636]
0.05	 0.24	-0.16	-0.11	110_Q	[18.38928571 77.30671429 64.01557143]
-0.15	 -0.43	0.14	0.25	110_Q	[16.87281818 76.25672727 62.12204545]
0.09	 0.97	0.11	-0.34	111_A	[13.33575    76.42083333 68.85625   ]
0.04	 1.0	-0.07	-0.17	111_A	[12.76633333 77.04966667 69.47933333]
0.11	 0.39	-0.1	-0.18	111_A	[15.170875 78.714    71.97475 ]
-0.16	 -0.57	0.11	0.19	111_A	[13.95613514 78.18664865 73.58924324]
-0.14	 -0.8	-0.08	0.2	111_A	[11.35642857 75.3982381  71.62009524]
-0.16	 -0.23	0.04	0.17	111_A	[12.97932 78.25064 70.65944]
-0.19	 -0.61	0.09	0.31	111_A	[11.60672 76.36528 72.66288]
-0.11	 -0.49	0.18	0.06	111_A	[11.39291304 75.56021739 69.89117391]
0.03	 0.38	-0.05	-0.12	111_A	[12.52528571 73.96707143 72.31757143]
0.1	 0.62	-0.18	-0.1	112_C	[17.12652632 78.48242105 74.65757895]
0.02	 0.49	-0.28	0.04	112_C	[19.02868421 77.01908772 74.97938596]
0.11	 1.27	-0.08	-0.22	112_C	[17.93546154 74.49884615 74.64046154]
-0.14	 -0.54	-0.05	0.16	112_C	[14.73189394 73.89537879 75.21425758]
-0.01	 0.34	-0.19	0.04	112_C	[15.54710526 77.05526316 75.60273684]
0.05	 0.6	-0.14	-0.13	112_C	[17.84981481 74.12907407 73.61022222]
-0.04	 0.04	-1.02	0.89	112_C	[14.09       72.8415     73.20068182]
0.12	 0.61	-0.11	-0.11	113_I	[17.18242857 80.221      73.18935714]
-0.03	 0.02	-0.08	0.04	113_I	[17.50255882 80.86488235 71.08526471]
-0.08	 -0.13	-0.2	0.06	113_I	[21.18825    80.55425    69.96733333]
0.08	 1.23	0.07	-0.31	113_I	[21.614      77.50533333 67.84306667]
0.11	 0.68	-0.01	-0.25	113_I	[20.73982353 77.81882353 73.13752941]
0.11	 0.34	0.12	-0.34	113_I	[18.32782353 78.84011765 69.16864706]
-0.14	 -0.72	0.07	0.24	113_I	[21.50229412 79.38958824 68.77464706]
0.01	 0.2	-0.01	-0.11	113_I	[20.205125  81.4575625 70.0139375]
0.04	 0.75	-0.2	-0.21	113_I	[22.3494     79.22654286 71.45957143]
0.09	 0.37	-0.07	-0.15	113_I	[19.75583333 77.87616667 67.96741667]
0.1	 0.57	-0.07	-0.17	113_I	[22.7035 78.0744 68.4799]
0.1	 0.63	-0.22	-0.1	114_Q	[17.92325  80.33725  74.357375]
0.04	 1.66	-0.02	-0.13	114_Q	[17.604   81.48475 74.1535 ]
-0.09	 -0.14	-0.26	0.33	114_Q	[22.23685185 81.30496296 72.79548148]
-0.2	 -0.75	0.08	0.26	114_Q	[19.20164474 82.36805263 75.67136842]
0.03	 0.06	-0.2	0.05	114_Q	[20.09133333 79.47233333 74.43947619]
-0.15	 -0.83	-0.07	0.24	114_Q	[17.398875 82.53875  73.647   ]
0.08	 0.99	0.26	-0.54	115_P	[21.45109091 83.72290909 70.35072727]
-0.21	 -0.87	0.1	0.26	115_P	[22.64757143 85.53628571 72.69361905]
-0.24	 -0.87	0.03	0.34	115_P	[23.05054054 84.06762162 73.98751351]
-0.05	 -0.41	-0.1	0.04	115_P	[21.2908  85.7197  69.96775]
-0.09	 -0.23	-0.04	0.12	115_P	[18.37225   85.577125  70.2868125]
-0.04	 0.45	0.05	-0.13	115_P	[17.68161538 84.50269231 73.006     ]
-0.14	 -0.1	-0.1	0.15	115_P	[22.16286364 83.00131818 70.78690909]
-0.14	 -0.69	0.03	0.25	115_P	[20.73934783 86.91765217 71.32886957]
-0.26	 -1.01	0.19	0.47	115_P	[21.26442857 85.19214286 69.21661905]
-0.25	 -0.9	0.23	0.51	115_P	[18.20825 86.4154  70.7096 ]
-0.11	 -0.13	-0.03	0.13	115_P	[18.84591176 83.66952941 69.83917647]
-0.15	 -0.53	0.07	0.21	115_P	[19.098      85.31945833 73.60825   ]
-0.18	 -0.85	0.01	0.29	115_P	[17.31027273 83.664      72.11954545]
-0.3	 -1.22	0.24	0.35	122_R	[40.52679487 91.05102564 69.97633333]
0.14	 1.81	0.03	-0.31	122_R	[38.423625 89.13925  71.473875]
0.02	 0.32	-0.03	-0.15	122_R	[40.74328571 88.82821429 69.06907143]
-0.04	 0.1	-0.14	-0.04	122_R	[38.33588372 87.93855814 68.13132558]
-0.27	 -1.3	0.15	0.4	122_R	[37.05648387 90.33545161 70.10579032]
-0.15	 -0.56	0.05	0.22	122_R	[39.01222222 89.33927778 72.16077778]
0.1	 1.1	0.3	-0.62	123_P	[41.55542857 87.59671429 69.13957143]
0.16	 1.46	-0.12	-0.19	123_P	[39.79242857 83.85285714 71.077     ]
-0.14	 -0.36	-0.04	0.13	123_P	[38.11875676 85.82367568 71.02027027]
-0.03	 0.39	-0.07	-0.01	123_P	[42.3434375 84.666125  70.7731875]
-0.11	 -0.31	-0.03	0.14	123_P	[43.26570588 87.13552941 71.86352941]
-0.03	 0.69	-0.11	0.01	123_P	[41.36121429 88.96407143 71.677     ]
-0.12	 -0.41	-0.05	0.13	123_P	[41.1287619  86.54466667 68.1392381 ]
-0.07	 -0.29	-0.05	0.13	123_P	[41.06774074 84.63092593 71.76814815]
-0.2	 -0.51	0.03	0.35	123_P	[42.83130435 84.91182609 69.88017391]
-0.36	 -1.14	0.3	0.59	123_P	[43.19805882 86.89447059 72.78964706]
-0.23	 -0.85	0.3	0.25	123_P	[43.22643478 87.85256522 70.18382609]
-0.15	 -0.53	0.04	0.23	123_P	[40.21741667 87.77425    72.82116667]
-0.18	 -0.96	-0.16	0.23	123_P	[41.71652941 89.64935294 71.34664706]
0.07	 0.53	-0.07	-0.09	124_R	[39.22868182 81.77004545 69.55309091]
-0.16	 -0.96	-0.06	0.26	124_R	[40.87083784 81.76710811 69.08748649]
0.04	 0.42	-0.08	0.03	124_R	[36.42033333 83.31366667 68.17166667]
0.12	 1.36	0.02	-0.26	124_R	[36.9852 86.4484 67.302 ]
-0.16	 -0.47	-0.17	0.15	124_R	[35.773  85.5934 65.5612]
0.03	 0.38	-0.17	-0.05	124_R	[39.04403125 85.24678125 63.93384375]
-0.07	 -0.07	-0.14	0.11	124_R	[38.65394118 86.92811765 64.28688235]
-0.13	 -0.35	-0.02	0.16	124_R	[40.48220833 84.46045833 63.03408333]
0.04	 0.24	-0.04	-0.08	124_R	[40.75444444 84.25538889 67.73144444]
-0.08	 -0.27	-0.11	0.1	124_R	[37.10782353 83.74282353 69.92676471]
0.06	 0.36	-0.0	-0.17	124_R	[39.30882759 82.67389655 66.28213793]
0.14	 1.36	0.24	-0.53	124_R	[36.20792308 82.939      67.98469231]
-0.2	 -0.74	-0.06	0.26	124_R	[36.28715789 85.25689474 67.95494737]
0.04	 0.46	0.01	-0.39	124_R	[35.4735 84.4663 65.981 ]
-0.03	 0.12	-0.06	0.0	124_R	[36.62764286 86.28057143 65.17228571]
0.17	 1.73	-0.19	-0.13	124_R	[39.36228571 82.852      64.73371429]
-0.38	 -0.91	-0.19	0.46	124_R	[38.13576923 87.66715385 64.98      ]
-0.33	 -1.34	0.35	0.63	124_R	[39.77868421 87.62036842 63.26426316]
-0.25	 -0.73	0.03	0.32	124_R	[40.132   83.23188 63.27632]
-0.25	 -1.12	0.18	0.47	124_R	[40.88030769 85.73469231 62.37507692]
-0.05	 -0.84	-0.13	-0.02	125_G	[37.76585714 81.67428571 70.65357143]
0.02	 0.29	0.06	-0.25	125_G	[38.837625   79.553125   70.22320833]
0.02	 0.38	-0.02	-0.16	125_G	[39.13926087 78.3823913  68.17486957]
0.14	 0.94	0.12	-0.38	125_G	[38.14190476 79.78833333 66.78028571]
-0.03	 -0.11	-0.1	-0.01	125_G	[36.2846875 81.147875  69.4339375]
-0.23	 -0.62	-0.15	0.3	125_G	[40.15815789 79.35994737 69.67810526]
-0.26	 -0.7	0.05	0.39	125_G	[37.85233333 79.17533333 71.33366667]
0.04	 0.96	0.01	-0.11	126_R	[39.76573333 75.53606667 69.501     ]
0.09	 1.14	-0.08	-0.17	126_R	[41.1785   74.160625 70.097625]
-0.0	 0.23	-0.06	-0.06	126_R	[41.45983333 72.4905     71.63688889]
-0.12	 -0.35	0.0	0.07	126_R	[42.70235714 71.64196429 71.56578571]
0.01	 0.08	0.15	-0.2	126_R	[40.29458621 72.281      73.10362069]
-0.07	 -1.02	-0.06	0.11	126_R	[38.15413333 77.1534     71.03466667]
0.15	 0.79	-0.1	-0.12	126_R	[39.007    76.649375 67.5365  ]
0.09	 0.83	0.01	-0.24	126_R	[36.91967857 75.22628571 71.23407143]
-0.01	 0.32	-0.02	-0.03	126_R	[39.70057692 74.59169231 67.65761538]
-0.1	 0.12	-0.13	0.13	126_R	[39.71593939 75.80633333 70.61387879]
0.15	 1.26	0.1	-0.34	126_R	[38.26625 73.89375 71.971  ]
-0.06	 -0.32	0.0	0.0	126_R	[41.35111111 73.1805     68.91038889]
-0.21	 -0.8	0.08	0.37	126_R	[43.04833333 71.78040741 69.95703704]
-0.26	 -1.38	0.18	0.48	126_R	[42.96568 71.3448  72.65784]
-0.09	 -0.67	-0.2	0.12	126_R	[39.20676923 73.23461538 73.084     ]
-0.26	 -0.66	0.05	0.36	126_R	[41.02958333 71.84808333 73.74129167]
-0.01	 0.37	-0.09	0.01	127_L	[29.91731818 80.02813636 69.40204545]
0.07	 0.81	-0.04	-0.23	127_L	[35.41658824 77.81264706 70.35605882]
0.07	 0.45	-0.13	-0.13	127_L	[33.76558824 79.337      69.835     ]
0.12	 1.31	0.19	-0.47	127_L	[31.99242857 79.80807143 67.61978571]
-0.05	 -0.25	-0.05	0.02	127_L	[29.1069 79.9374 68.9043]
-0.13	 -0.43	0.01	0.28	127_L	[31.44763636 80.39145455 69.64468182]
0.17	 1.29	0.09	-0.35	128_H	[33.73933333 80.24091667 62.99416667]
0.1	 0.95	0.1	-0.42	128_H	[35.0142 81.3248 67.88  ]
0.1	 1.11	0.03	-0.21	128_H	[33.63281818 81.74018182 63.75636364]
0.15	 0.96	0.12	-0.38	128_H	[37.49753333 81.22006667 62.85386667]
0.0	 0.28	-0.23	0.01	128_H	[35.234625   83.92495833 62.76135417]
0.14	 0.89	0.07	-0.34	128_H	[34.5248125 80.31425   68.2030625]
0.07	 0.57	-0.17	-0.17	128_H	[32.714   80.62205 65.40385]
-0.15	 -0.46	-0.04	0.13	128_H	[34.32127586 82.13568966 67.152     ]
-0.24	 -0.44	0.1	0.34	128_H	[33.48717391 83.30895652 64.82195652]
0.0	 0.3	-0.14	-0.07	128_H	[38.19858621 80.91568966 64.39886207]
-0.22	 -0.76	0.05	0.44	128_H	[35.3038     84.73743333 62.51663333]
-0.09	 -0.18	-0.15	0.09	128_H	[37.20612 82.63008 61.7222 ]
0.08	 0.85	0.15	-0.36	129_H	[39.08825   76.793625  65.9475625]
-0.1	 0.74	-0.09	0.09	129_H	[40.3535     76.55633333 64.1945    ]
0.01	 0.74	-0.03	-0.05	129_H	[40.50342857 77.50828571 63.05385714]
-0.08	 -0.03	0.04	0.01	129_H	[40.05305263 74.61289474 64.40989474]
-0.05	 -0.19	-0.03	0.04	129_H	[40.23719444 76.12536111 61.14633333]
-0.12	 2.05	0.01	0.05	129_H	[41.31166667 74.4515     62.90583333]
0.14	 0.9	0.07	-0.28	129_H	[37.21211765 79.25523529 62.31835294]
-0.1	 -0.25	-0.08	0.1	129_H	[38.99865217 78.61682609 65.09917391]
-0.19	 0.15	-0.14	0.19	129_H	[39.13803571 78.22910714 61.72407143]
0.1	 0.83	-0.01	-0.21	129_H	[39.2072     73.36773333 64.69633333]
-0.23	 -0.82	0.17	0.41	129_H	[40.88794737 75.85036842 60.07073684]
-0.06	 -0.62	0.0	0.08	129_H	[40.74453333 73.08053333 62.07933333]
0.21	 1.07	0.12	-0.39	130_W	[38.93752381 72.61471429 65.98552381]
0.11	 0.75	0.22	-0.44	131_L	[29.562875 76.30975  62.047875]
0.13	 0.91	-0.01	-0.28	131_L	[31.466875  78.9221875 60.939375 ]
0.14	 1.0	0.08	-0.31	131_L	[29.88889474 76.75010526 60.594     ]
-0.0	 1.1	-0.05	-0.05	131_L	[30.55388889 79.50466667 62.90377778]
-0.02	 0.06	-0.05	-0.01	131_L	[29.57425 80.05125 65.6551 ]
0.13	 1.03	0.34	-0.63	131_L	[29.54777778 76.07433333 61.89122222]
0.06	 -0.39	0.14	-0.34	131_L	[32.01123077 79.5825     63.04884615]
-0.08	 -0.56	-0.02	0.1	131_L	[29.80209091 78.43031818 61.81686364]
-0.07	 -0.4	0.04	0.05	131_L	[30.91927778 80.18661111 65.86316667]
-0.13	 -0.28	0.06	0.14	131_L	[28.49811538 79.55719231 64.65788462]
-0.0	 0.35	-0.12	-0.1	131_L	[27.85020833 77.44       63.85233333]
0.1	 1.08	-0.05	-0.32	132_H	[32.73671429 79.25857143 61.55242857]
0.09	 0.43	-0.08	-0.77	132_H	[32.66514286 79.36671429 60.86714286]
0.12	 1.17	0.12	-0.37	132_H	[36.29007143 79.99278571 60.95364286]
-0.04	 0.19	-0.38	0.11	132_H	[36.4808 80.6013 59.8654]
-0.01	 1.06	0.02	-0.04	132_H	[37.47928571 79.36742857 58.967     ]
-0.16	 -0.2	-0.26	0.14	132_H	[35.19233333 81.91747619 58.87780952]
-0.12	 -0.63	-0.03	0.13	132_H	[37.39204167 80.13366667 56.73620833]
-0.1	 2.05	0.01	0.05	132_H	[36.37783333 81.93683333 57.24516667]
0.16	 1.08	0.12	-0.32	132_H	[32.45633333 79.85766667 59.72506667]
0.14	 1.29	0.06	-0.24	132_H	[34.14694737 80.60568421 61.34684211]
0.14	 1.22	0.15	-0.4	132_H	[36.9805   78.628125 60.687125]
-0.07	 0.27	-0.23	0.09	132_H	[37.17902778 77.58       58.74944444]
-0.08	 -0.24	-0.17	0.14	132_H	[33.6084  81.68145 58.87875]
-0.22	 -1.31	0.26	0.41	132_H	[37.50935 79.6917  55.6373 ]
-0.14	 -0.35	0.07	0.24	132_H	[35.22565385 81.81380769 55.80319231]
0.03	 0.47	-0.07	-0.2	133_R	[40.2263 71.5653 58.0997]
-0.07	 -0.24	-0.12	0.08	133_R	[39.9792 73.3468 58.1434]
0.02	 0.42	0.01	-0.28	133_R	[40.31714286 69.97296429 60.15432143]
0.17	 0.67	0.09	-0.32	133_R	[35.91047619 75.65985714 57.14733333]
0.24	 1.52	0.35	-0.59	133_R	[37.09375 75.5289  59.87845]
0.09	 0.76	-0.01	-0.22	133_R	[37.59715 73.63805 56.6762 ]
-0.06	 -0.24	0.01	0.01	133_R	[38.50004167 74.48329167 58.57270833]
-0.1	 -0.79	-0.04	0.12	133_R	[40.90244444 73.67788889 59.74427778]
0.1	 -0.36	-0.12	-0.16	133_R	[40.141  69.0545 60.2775]
-0.13	 -0.46	-0.05	0.32	133_R	[40.7356  71.1344  60.73312]
0.09	 1.28	0.3	-0.58	134_L	[28.55385714 74.87785714 57.75642857]
0.18	 1.42	0.05	-0.3	134_L	[28.28761111 74.22111111 56.86361111]
0.11	 1.91	0.06	-0.32	134_L	[29.07572727 75.17236364 59.89063636]
0.13	 1.1	0.01	-0.3	134_L	[29.354625 75.35325  60.663   ]
0.04	 0.39	-0.06	-0.14	134_L	[28.09656667 74.22133333 59.203     ]
0.13	 1.07	0.2	-0.47	135_Q	[29.44833333 76.42644444 58.83633333]
0.09	 1.42	-0.09	-0.16	135_Q	[28.84416667 76.332      58.22983333]
0.12	 0.77	0.05	-0.28	135_Q	[28.63933333 77.17594444 54.19605556]
0.06	 0.58	0.06	-0.18	135_Q	[28.224      78.27366667 57.23133333]
0.1	 0.85	0.45	-0.78	135_Q	[28.5042 79.9728 57.3894]
-0.07	 -0.66	-0.07	0.1	135_Q	[29.3675 81.7318 56.3576]
-0.22	 -0.75	0.07	0.34	135_Q	[30.03081579 81.20657895 58.65210526]
-0.05	 -0.07	-0.17	0.04	135_Q	[31.34536364 82.32081818 55.35654545]
-0.13	 -0.43	-0.07	0.19	135_Q	[28.15318182 76.66740909 56.93504545]
-0.14	 -0.49	-0.06	0.16	135_Q	[28.94591304 78.55169565 58.80695652]
-0.19	 -0.12	0.06	0.19	135_Q	[28.33946154 79.6105     55.81773077]
0.06	 0.79	-0.13	-0.13	135_Q	[31.9428 81.8268 54.581 ]
-0.14	 -0.43	0.06	0.23	135_Q	[31.97864516 82.55506452 56.67432258]
-0.0	 0.09	-0.12	-0.11	136_E	[34.74088889 80.41888889 53.91983333]
0.09	 0.25	0.02	-0.22	136_E	[33.10035294 81.35017647 54.54505882]
-0.09	 -0.17	0.01	0.05	136_E	[34.63788636 79.41754545 52.29420455]
0.22	 1.62	0.2	-0.46	136_E	[35.5645     75.86342857 55.30792857]
-0.01	 0.72	-0.11	-0.15	136_E	[36.15037931 77.83024138 55.03458621]
0.12	 2.45	0.06	-0.32	138_P	[28.1595   75.492875 49.756125]
-0.07	 -0.14	-0.12	0.14	138_P	[28.30186364 73.58002273 48.57820455]
0.15	 1.15	-0.06	-0.22	138_P	[26.3955     74.23666667 50.311     ]
0.0	 0.02	-0.03	-0.01	138_P	[27.314      75.63317857 51.54507143]
0.22	 1.31	0.45	-0.68	138_P	[26.75166667 72.6805     50.22583333]
-0.05	 0.0	-0.08	-0.05	138_P	[26.9011     74.88713333 54.2944    ]
0.08	 0.82	0.42	-0.55	139_K	[30.6392 76.8174 47.5308]
0.11	 1.38	0.17	-0.44	139_K	[32.0401  75.1387  47.96195]
-0.19	 -0.65	0.02	0.28	139_K	[31.81936585 75.50860976 46.79790244]
0.09	 1.12	-0.01	-0.22	139_K	[32.2505  78.18825 49.67675]
0.05	 0.62	-0.1	-0.15	139_K	[28.77033333 77.85547619 50.44290476]
0.08	 0.79	-0.16	0.05	139_K	[30.15066667 80.11133333 49.84566667]
-0.02	 0.09	-0.03	-0.02	139_K	[28.76266667 80.28113333 52.11926667]
0.08	 0.5	-0.07	-0.21	139_K	[31.02791667 82.0045     53.28766667]
-0.1	 -0.11	-0.03	0.08	139_K	[29.16153846 76.28542308 48.2595    ]
0.16	 1.35	0.23	-0.5	139_K	[33.11655556 77.97966667 50.59677778]
-0.12	 -0.36	-0.04	0.13	139_K	[31.51508696 78.20930435 48.493     ]
-0.26	 -1.09	0.13	0.38	139_K	[28.85316667 78.75927778 49.57744444]
0.12	 0.65	0.0	-0.27	139_K	[28.72971429 77.30657143 51.905     ]
-0.1	 -0.22	0.03	0.07	139_K	[31.44911538 80.22376923 50.241     ]
-0.21	 -0.59	0.07	0.34	139_K	[28.82192593 80.83503704 51.01359259]
-0.04	 -0.71	-0.03	0.13	139_K	[28.53625    78.9915     53.01208333]
-0.16	 -0.36	-0.05	0.26	139_K	[29.58058824 81.87752941 53.87358824]
-0.23	 -0.64	0.14	0.31	139_K	[31.47175  81.972125 52.17275 ]
0.06	 0.63	-0.04	-0.14	140_K	[32.7535     72.86807143 46.83492857]
-0.14	 -0.46	-0.02	0.21	140_K	[35.10960976 71.92668293 46.91685366]
0.12	 0.68	-0.15	0.02	140_K	[35.81866667 74.72833333 47.99933333]
0.02	 0.33	-0.06	-0.09	140_K	[34.78911111 76.95061111 49.42183333]
0.05	 0.47	-0.13	0.02	140_K	[37.259      76.30133333 50.486     ]
0.03	 0.42	-0.2	0.05	140_K	[38.08966667 75.707      51.27866667]
0.09	 0.78	-0.08	-0.19	140_K	[38.17692308 74.25869231 53.99007692]
-0.14	 -0.26	-0.11	0.13	140_K	[34.3317619  75.22338095 47.18      ]
0.11	 0.27	0.08	-0.19	140_K	[36.60189474 73.80626316 48.61678947]
-0.29	 -0.9	0.19	0.44	140_K	[36.22235294 76.56470588 48.89847059]
0.06	 0.79	-0.13	-0.13	140_K	[34.05488235 77.27694118 49.87229412]
-0.02	 -0.28	0.0	0.06	140_K	[36.60266667 77.23338095 51.93433333]
-0.1	 -0.7	-0.03	0.11	140_K	[38.20709524 74.74561905 50.59214286]
0.12	 0.79	-0.01	-0.22	140_K	[38.963      73.49726667 52.18633333]
-0.26	 -0.78	-0.1	0.34	140_K	[38.16873077 75.72015385 53.2585    ]
0.14	 1.05	0.06	-0.3	140_K	[36.59677778 74.92844444 54.67938889]
0.01	 0.18	-0.19	-0.01	141_E	[32.51207143 70.54628571 46.25978571]
-0.05	 -0.02	-0.08	-0.0	141_E	[30.09435  71.026525 47.280325]
0.18	 1.23	0.0	-0.22	141_E	[35.81365 69.0887  48.43735]
0.11	 0.47	-0.03	-0.16	141_E	[34.4611 69.8854 47.2584]
0.01	 0.63	0.02	-0.15	142_S	[33.3203 69.5068 46.3207]
0.04	 0.68	-0.03	-0.18	142_S	[32.19216667 69.1695     45.36033333]
0.12	 1.33	0.04	-0.38	142_S	[28.99685714 68.95285714 47.13114286]
-0.12	 -0.03	-0.08	0.08	142_S	[32.1438     66.0468     44.35906667]
0.14	 0.46	0.01	-0.22	142_S	[34.07910526 67.85826316 47.13952632]
-0.18	 -0.65	0.0	0.22	142_S	[30.543625  69.188625  45.1635625]
-0.13	 -0.54	0.1	0.12	142_S	[30.884      66.23942105 44.254     ]
-0.17	 -0.52	0.21	0.22	142_S	[33.23716 67.33544 44.83628]
0.07	 0.56	-0.14	-0.11	142_S	[33.59057143 64.79228571 45.5772381 ]
0.03	 0.47	0.02	-0.16	143_A	[28.56690909 68.531      46.434     ]
0.04	 0.68	-0.09	-0.14	143_A	[27.54316667 68.325      47.074     ]
-0.13	 -0.51	-0.05	0.16	143_A	[25.94476923 66.28992308 45.24173077]
-0.17	 -0.63	-0.15	0.18	143_A	[28.81864286 67.56592857 44.74685714]
0.02	 0.61	-0.09	-0.14	143_A	[26.66724 67.23196 48.43436]
-0.0	 0.58	0.05	-0.11	143_A	[25.30075    65.57089286 46.78828571]
-0.24	 -0.76	0.26	0.4	143_A	[26.30538095 67.90890476 45.39033333]
-0.16	 -0.51	-0.03	0.21	143_A	[27.0028125 65.178625  44.618375 ]
0.12	 0.47	0.03	-0.21	144_G	[29.2908  64.28088 45.24768]
0.16	 1.39	0.38	-0.61	144_G	[29.93958333 62.65708333 45.43216667]
0.0	 -0.04	-0.16	-0.02	146_L	[26.80120588 70.39176471 49.76317647]
0.16	 1.87	0.06	-0.36	146_L	[26.47866667 67.35833333 50.07322222]
0.15	 1.39	0.04	-0.32	146_L	[28.5339 71.1098 48.8172]
0.0	 0.23	0.07	-0.1	146_L	[27.40232 69.13044 48.7168 ]
0.08	 1.37	0.08	-0.4	146_L	[25.7181 70.0299 50.7582]
0.11	 1.53	0.11	-0.35	147_E	[23.34263636 62.13063636 47.742     ]
0.09	 0.31	-0.01	-0.22	147_E	[24.1373913  60.80295652 48.42326087]
0.01	 0.33	-0.11	-0.12	147_E	[23.441      64.38010204 47.8262449 ]
0.18	 -0.05	0.12	-0.38	147_E	[25.37352941 65.42194118 49.50264706]
0.08	 0.71	0.12	-0.37	148_A	[31.75984615 61.52176923 54.10969231]
0.21	 1.34	0.42	-0.64	148_A	[32.12158333 61.76041667 53.31958333]
0.07	 1.28	0.33	-0.61	149_S	[31.91114286 62.56414286 54.88257143]
0.19	 2.13	0.05	-0.3	149_S	[30.715      62.65575    58.34983333]
0.04	 1.58	0.09	-0.28	149_S	[32.844625 64.8605   56.339375]
0.03	 0.16	0.03	-0.19	149_S	[32.95660714 63.74007143 54.521     ]
-0.05	 -0.29	-0.1	-0.05	149_S	[31.84811429 62.50677143 56.19591429]
0.1	 0.67	0.06	-0.24	149_S	[32.63709091 65.12554545 56.945     ]
0.19	 1.39	0.37	-0.61	151_T	[26.87277273 57.78963636 60.16063636]
0.07	 0.91	0.04	-0.24	152_F	[29.7415     59.766      60.71361111]
-0.24	 -0.59	-0.07	0.2	152_F	[30.01876667 58.84896667 61.78443333]
-0.01	 0.14	0.07	-0.06	152_F	[32.08153846 59.38438462 58.53507692]
-0.02	 0.09	0.03	-0.14	152_F	[32.29822222 57.19711111 57.15666667]
-0.12	 -0.68	-0.09	0.19	152_F	[31.08876923 55.92369231 58.08792308]
-0.05	 0.24	-0.05	-0.05	152_F	[33.04408696 58.46043478 55.81321739]
-0.08	 -0.09	-0.01	-0.1	152_F	[31.4269  55.13035 56.6716 ]
0.04	 0.22	-0.03	-0.19	152_F	[32.9726     56.8286     54.84846667]
-0.06	 -0.74	-0.07	-0.03	152_F	[32.36078947 55.62573684 54.44257895]
0.06	 0.62	-0.17	-0.14	152_F	[28.63630769 57.14084615 59.67892308]
0.01	 -0.28	-0.02	-0.05	152_F	[31.51331579 60.56689474 58.21373684]
-0.24	 -0.74	0.05	0.26	152_F	[31.72273684 58.48473684 59.70536842]
0.04	 -0.07	-0.03	-0.05	152_F	[29.44226923 56.00173077 58.71742308]
0.06	 0.78	-0.07	-0.06	152_F	[32.5727931  60.00568966 55.16551724]
0.05	 0.5	-0.02	-0.24	152_F	[29.8408 54.3994 57.2679]
0.03	 0.12	-0.14	-0.06	152_F	[31.29709375 55.61221875 53.071375  ]
0.13	 1.28	0.13	-0.4	153_N	[30.38645455 61.53790909 59.79018182]
0.08	 1.26	-0.12	-0.05	153_N	[30.52425 61.70575 61.043  ]
0.05	 0.98	0.18	-0.39	153_N	[30.5818 63.0378 61.8046]
0.18	 1.22	0.15	-0.41	153_N	[31.07557895 63.88973684 62.48289474]
0.01	 0.37	-0.08	-0.06	153_N	[30.44185185 61.42548148 62.78525926]
0.05	 -0.41	-0.08	-0.1	153_N	[30.85171429 63.45266667 60.59304762]
0.06	 1.45	-0.01	-0.18	155_F	[27.2654 57.9906 66.6947]
-0.03	 -0.16	-0.02	-0.05	155_F	[26.44666667 56.06377778 65.1825    ]
-0.08	 -0.37	-0.04	0.05	155_F	[24.56633333 54.641      64.74833333]
-0.02	 -0.18	-0.08	0.01	155_F	[23.33866667 55.10361111 66.23944444]
0.02	 0.36	-0.01	-0.21	155_F	[25.02557143 54.27178571 63.38007143]
0.0	 0.06	0.04	-0.15	155_F	[21.7616087  54.11356522 64.90704348]
0.1	 2.21	0.06	-0.26	155_F	[23.54025    53.67083333 63.06816667]
0.03	 0.74	-0.06	-0.13	155_F	[22.22483333 53.31308333 63.34808333]
0.13	 0.88	0.05	-0.34	155_F	[26.85136667 58.0185     62.28593333]
-0.09	 -0.56	-0.09	0.13	155_F	[26.84426087 56.41878261 63.92130435]
-0.01	 -0.34	0.01	0.0	155_F	[25.84095652 56.39213043 66.79430435]
0.11	 1.06	0.13	-0.4	155_F	[22.66546154 55.81615385 67.15723077]
0.01	 0.44	-0.14	-0.07	156_R	[27.9634 58.2847 65.6343]
0.07	 0.47	-0.14	-0.02	156_R	[28.36225 58.59975 66.834  ]
0.12	 0.97	0.19	-0.44	156_R	[30.13426667 60.37746667 65.30066667]
0.05	 0.41	0.06	-0.41	156_R	[30.473  59.489  67.6314]
0.01	 -0.07	-0.05	-0.11	156_R	[32.207      60.21754545 67.92409091]
0.13	 1.21	0.17	-0.44	156_R	[31.16441667 61.48841667 64.78666667]
-0.09	 -0.79	-0.13	0.08	156_R	[32.58578571 62.19228571 64.33335714]
-0.1	 -0.28	-0.07	0.14	156_R	[34.65953333 61.94653333 66.08626667]
0.05	 1.36	-0.07	-0.11	156_R	[32.4416875 63.7466875 63.4238125]
0.16	 0.67	-0.05	-0.21	156_R	[28.283875  58.8795625 64.2103125]
0.01	 -0.14	0.14	-0.23	156_R	[28.458625  58.8796875 67.98075  ]
-0.15	 -0.22	-0.06	0.11	156_R	[30.23068 59.62132 65.40196]
-0.0	 -0.7	-0.02	0.04	156_R	[30.066      59.67254545 68.83527273]
0.08	 0.52	-0.06	-0.13	156_R	[32.83876923 60.93076923 68.55530769]
-0.18	 -0.65	0.01	0.26	156_R	[32.41942857 60.143      66.23380952]
-0.18	 -1.01	0.06	0.34	156_R	[34.40923529 61.30505882 67.12423529]
-0.05	 0.35	-0.12	0.05	156_R	[35.56110811 63.42921622 65.82835135]
0.08	 0.3	-0.04	-0.14	156_R	[34.4035     64.70745833 63.95733333]
0.07	 0.46	-0.19	-0.11	158_L	[21.49546429 60.48407143 71.00953571]
0.05	 1.02	0.04	-0.19	159_T	[26.34827273 59.11454545 71.90863636]
0.1	 0.6	-0.13	-0.12	159_T	[25.58916667 59.25641667 73.1165    ]
-0.07	 0.49	-0.08	-0.04	159_T	[25.84266667 57.54266667 71.09411111]
-0.07	 -0.12	0.06	0.04	159_T	[26.92778261 57.99443478 69.78673913]
0.01	 0.45	-0.0	-0.11	159_T	[23.11205882 56.20329412 69.46035294]
0.19	 1.35	0.09	-0.35	159_T	[21.96       58.99523077 70.686     ]
-0.13	 -0.13	-0.02	0.14	159_T	[25.00128571 57.22614286 71.7252381 ]
0.09	 0.99	-0.07	-0.2	159_T	[26.6428 57.8179 68.1132]
-0.17	 -0.83	-0.01	0.27	159_T	[24.49195455 55.88859091 68.74413636]
-0.1	 0.2	-0.23	0.05	159_T	[22.10456 57.21984 70.11072]
0.03	 0.26	-0.21	0.12	160_R	[27.332      59.88766667 72.284     ]
0.04	 0.37	-0.16	0.04	160_R	[28.41633333 59.984      72.34133333]
0.06	 0.37	-0.2	0.06	160_R	[30.10033333 60.14033333 72.19033333]
0.06	 0.73	-0.01	-0.23	160_R	[31.93913333 60.88773333 72.28713333]
0.04	 0.3	-0.13	-0.09	160_R	[34.31366667 62.30066667 69.84983333]
0.08	 0.84	0.06	-0.22	160_R	[27.06493333 60.6134     73.45296667]
0.01	 -0.05	-0.01	0.03	160_R	[28.70886957 59.52786957 70.94595652]
0.03	 0.13	0.19	-0.21	160_R	[29.59947368 60.47105263 73.24126316]
-0.08	 -0.49	-0.02	0.2	160_R	[31.60884211 60.31       70.55247368]
-0.06	 0.13	0.0	0.07	160_R	[33.89621739 61.76417391 70.78117391]
0.01	 0.34	-0.08	0.01	160_R	[34.78466667 63.27257143 69.066     ]
0.13	 1.38	0.11	-0.41	162_L	[21.550875 63.646625 73.285125]
0.07	 0.68	-0.1	0.06	162_L	[19.5525     64.11783333 71.69866667]
-0.03	 0.39	-0.15	-0.05	162_L	[19.72422222 67.44161111 71.09027778]
-0.05	 -0.63	-0.09	0.14	162_L	[18.590625 62.92775  71.034125]
0.12	 1.09	0.07	-0.31	162_L	[21.86973077 62.55673077 72.12673077]
-0.05	 0.34	-0.15	0.08	162_L	[20.01426667 64.57036667 72.86043333]
-0.04	 -1.07	0.07	0.04	162_L	[18.64776471 66.70376471 70.73811765]
0.16	 1.14	-0.05	-0.21	162_L	[20.73236842 67.48036842 72.31978947]
0.06	 -0.34	-0.01	-0.09	162_L	[17.76517391 64.00056522 70.27208696]
0.01	 0.39	-0.2	-0.0	162_L	[19.45386957 62.13482609 70.99695652]
0.09	 1.04	0.7	-0.52	163_K	[22.19914286 62.95671429 73.56671429]
0.13	 1.04	0.51	-0.84	163_K	[22.0424 62.6276 74.2596]
0.15	 1.31	0.17	-0.41	163_K	[25.524      61.00733333 74.89877778]
0.01	 0.44	0.04	-0.2	163_K	[24.6417  62.30625 77.53855]
0.03	 0.67	-0.06	-0.12	163_K	[21.74535714 60.61792857 76.4375    ]
0.08	 1.15	-0.03	-0.25	163_K	[24.7675     59.00736364 74.39259091]
-0.03	 -4.68	-0.0	-0.09	163_K	[22.575      57.19816667 74.19716667]
0.03	 0.42	-0.15	-0.15	163_K	[21.574      63.57372727 75.20486364]
0.19	 1.63	0.17	-0.42	163_K	[26.46541667 61.84308333 75.14266667]
-0.09	 -0.03	-0.3	0.23	163_K	[25.45815789 60.96789474 76.80852632]
-0.1	 0.05	-0.24	0.04	163_K	[22.86429167 62.66254167 77.671125  ]
-0.14	 -0.34	0.03	0.12	163_K	[22.19430769 59.37307692 76.93219231]
-0.02	 0.39	-0.12	-0.1	163_K	[21.70524324 61.06037838 74.42667568]
-0.23	 -0.76	0.05	0.47	163_K	[24.83327273 58.66640909 75.37127273]
-0.12	 0.02	-0.08	0.13	163_K	[23.32952 57.1418  73.10844]
-0.23	 -0.38	0.05	0.26	163_K	[21.75352174 57.374      75.11904348]
-0.11	 0.2	-0.02	0.5	163_K	[21.25823684 58.82026316 73.20681579]
0.14	 1.61	0.3	-0.55	164_Y	[26.38938889 67.78255556 78.00244444]
0.1	 0.92	0.12	-0.36	164_Y	[27.70070588 64.51941176 77.762     ]
0.04	 1.12	-0.04	-0.2	164_Y	[28.84646667 63.03244444 77.85506667]
0.09	 0.09	0.02	-0.21	164_Y	[28.326125  61.59775   75.3688125]
-0.16	 -0.61	0.04	0.23	164_Y	[30.50511111 60.81092593 76.52622222]
0.12	 1.1	0.46	-0.74	164_Y	[26.78677778 66.543      77.73155556]
0.09	 0.77	-0.05	-0.27	164_Y	[27.89233333 67.49190476 77.38490476]
-0.05	 -0.08	-0.31	0.11	164_Y	[27.7611 65.5529 78.4371]
-0.3	 -0.88	-0.07	0.53	164_Y	[28.6716087  62.39986957 78.45373913]
-0.07	 0.06	-0.05	0.0	164_Y	[31.18417391 60.66330435 74.76569565]
-0.0	 0.35	-0.14	-0.06	165_V	[20.82046429 70.57471429 73.81182143]
0.09	 1.04	0.19	-0.49	165_V	[20.86442857 69.94585714 72.19028571]
0.07	 -0.03	0.01	-0.14	165_V	[20.68256 69.1298  74.4736 ]
0.14	 1.02	0.14	-0.39	165_V	[21.5203125 72.029625  74.364375 ]
0.13	 0.98	0.11	-0.32	166_A	[21.1661 65.9164 79.2562]
-0.12	 -0.15	0.02	0.1	166_A	[19.55882143 67.772      79.91607143]
-0.05	 -0.22	0.02	0.01	166_A	[19.69236364 65.446      76.36390909]
0.04	 0.61	-0.04	-0.17	166_A	[19.46019048 68.65628571 76.606     ]
-0.24	 -0.79	0.13	0.4	166_A	[18.77022727 66.08427273 77.60518182]
-0.12	 -0.19	-0.25	0.26	166_A	[19.68922222 66.3012963  74.60259259]
0.01	 -0.02	-0.14	-0.02	166_A	[21.36921739 64.61356522 77.36004348]
0.08	 1.26	0.02	-0.27	167_D	[22.8052 67.5274 81.9944]
0.03	 0.09	-0.02	-0.14	167_D	[23.71122222 69.911      81.75477778]
-0.16	 -0.57	-0.07	0.2	167_D	[21.50294737 69.515      82.13057895]
0.02	 1.13	-0.1	-0.03	167_D	[25.27536364 67.30490909 81.01563636]
-0.19	 0.16	-0.03	0.21	167_D	[24.70858333 65.08933333 81.50225   ]
-0.08	 0.07	0.05	-0.12	167_D	[26.44741071 64.85826786 79.46353571]
-0.12	 -0.2	0.01	0.14	167_D	[23.36254286 64.11654286 79.81285714]
-0.05	 -0.15	-0.0	-0.0	167_D	[22.08377778 66.62733333 81.38774074]
-0.04	 0.23	-0.52	0.3	167_D	[25.97925 68.3392  79.48895]
-0.19	 -0.42	0.03	0.35	167_D	[24.81984 67.66064 81.84608]
0.03	 0.59	-0.06	-0.08	168_G	[24.78409091 69.68581818 80.51954545]
-0.08	 -0.17	-0.16	0.02	168_G	[23.82305556 72.39905556 80.89866667]
0.08	 0.73	-0.13	-0.14	168_G	[22.407125   73.53004167 79.55208333]
0.13	 0.77	-0.01	-0.28	168_G	[22.88796552 73.60013793 77.26293103]
0.17	 1.58	0.14	-0.37	168_G	[25.296625 70.202875 79.361   ]
-0.09	 -1.15	0.06	0.2	168_G	[22.28285 72.01755 81.54905]
0.08	 0.43	-0.13	-0.13	168_G	[25.13693333 71.7246     80.28706667]
0.05	 0.61	-0.24	-0.1	169_N	[19.38843636 73.88830909 76.24312727]
-0.04	 0.16	-0.13	-0.02	169_N	[17.555875  70.2368125 78.546375 ]
-0.1	 -0.16	-0.1	0.07	169_N	[17.85378571 70.1695     80.77621429]
-0.1	 0.05	0.01	0.09	169_N	[19.28847619 71.56066667 81.7675    ]
-0.11	 -0.26	-0.04	0.18	169_N	[15.78394737 71.77410526 80.52184211]
0.09	 1.47	-0.05	-0.27	169_N	[20.84842857 72.43371429 81.15485714]
0.11	 0.94	-0.04	-0.2	169_N	[19.58957895 71.23057895 76.72452632]
-0.14	 -0.11	-0.03	0.11	169_N	[17.10045 71.5791  77.6753 ]
-0.02	 -0.02	-0.15	0.04	169_N	[18.46128571 69.14578571 78.80164286]
-0.21	 -0.84	0.09	0.35	169_N	[16.38487879 72.74551515 81.53760606]
-0.26	 -0.77	0.04	0.39	169_N	[15.65036364 72.18095455 79.124     ]
0.1	 2.05	0.11	-0.44	170_L	[20.62457143 74.52585714 79.95342857]
0.06	 1.1	0.19	-0.48	170_L	[19.15333333 76.39666667 80.29433333]
-0.02	 -0.15	-0.08	0.0	170_L	[16.20519231 74.8625     79.07326923]
-0.14	 -0.49	0.06	0.19	170_L	[16.80617778 77.35028889 78.40482222]
-0.21	 -0.72	-0.02	0.36	170_L	[20.35592982 76.82582456 78.47689474]
-0.03	 -0.61	-0.03	0.02	170_L	[19.69595238 74.01947619 80.84342857]
-0.26	 -0.54	0.1	0.35	170_L	[18.5904 75.8682 80.9991]
