-0.25	 -1.0	0.11	0.38	8_C	[ 30.52640385 -37.96088462   8.69263462]
0.18	 1.58	-0.06	-0.21	8_C	[ 30.126  -36.517    6.8445]
0.01	 0.06	-0.18	-0.02	8_C	[ 30.8092 -39.1112   6.2356]
-0.09	 -0.52	0.01	0.12	8_C	[ 33.21843243 -39.39310811   5.90062162]
-0.02	 -0.18	-0.08	-0.0	8_C	[ 34.09272222 -37.51886111   8.39541667]
0.01	 0.26	-0.04	-0.06	8_C	[ 32.4173 -35.2765   9.8678]
-0.05	 -0.19	-0.09	-0.05	9_N	[ 30.29154545 -36.69886364   5.36786364]
-0.16	 -0.07	-0.01	0.2	9_N	[ 30.966      -39.63186667   3.73486667]
-0.04	 0.53	-0.09	0.04	9_N	[ 33.27433333 -39.47716667   3.4635    ]
-0.21	 -0.53	0.1	0.21	9_N	[ 33.03244118 -38.76576471   1.27567647]
-0.19	 -0.94	0.01	0.25	9_N	[ 29.3926087  -38.30084783   2.58597826]
-0.12	 0.05	-0.04	0.12	9_N	[ 29.42325    -35.75925      2.92891667]
-0.01	 0.23	-0.02	-0.04	9_N	[ 31.38436111 -34.78247222   2.70725   ]
-0.17	 -0.68	0.07	0.22	9_N	[ 29.52065217 -36.21504348   0.40776087]
0.14	 0.24	-0.0	-0.17	10_I	[ 35.097      -38.36431579   3.36515789]
-0.08	 -0.42	-0.01	0.08	10_I	[ 35.58981081 -37.25721622   0.42051351]
0.18	 1.12	0.1	-0.38	10_I	[ 33.12796296 -33.66466667   1.67655556]
0.02	 0.14	-0.02	-0.12	10_I	[ 36.35278378 -35.83135135  -0.84827027]
0.1	 0.91	-0.02	-0.12	11_T	[ 37.0228 -37.6674   3.129 ]
0.16	 1.37	0.17	-0.43	11_T	[ 40.4385     -36.24516667   4.95558333]
-0.05	 0.06	-0.12	0.02	11_T	[ 39.0939697  -36.49412121   2.31015152]
-0.12	 -0.16	-0.11	0.1	11_T	[ 39.27986957 -37.84713043   5.2536087 ]
-0.14	 -0.45	-0.01	0.18	11_T	[ 36.68102632 -38.62086842   6.01310526]
-0.12	 -0.67	-0.01	0.12	11_T	[ 38.93831667 -36.52053333   7.78003333]
0.14	 1.7	0.0	-0.32	12_C	[ 40.26188889 -34.41855556   1.85833333]
0.08	 0.45	-0.14	-0.12	12_C	[ 41.33935714 -35.23057143   4.95314286]
0.06	 0.41	-0.05	-0.1	12_C	[ 42.33809677 -33.55058065   5.65919355]
0.11	 -0.13	0.12	-0.31	13_S	[ 41.50130435 -34.82991304   1.71326087]
-0.03	 -0.32	0.02	0.03	13_S	[ 44.15233333 -35.05970833   4.31283333]
-0.05	 -0.25	-0.18	-0.01	13_S	[ 46.06       -34.78176923   2.65      ]
-0.04	 0.14	-0.09	-0.01	13_S	[ 45.17992857 -32.24304762   2.8017381 ]
-0.21	 -0.98	-0.02	0.31	13_S	[ 44.57344681 -36.97644681   2.31693617]
-0.24	 -0.79	0.01	0.31	13_S	[ 42.25809756 -37.66631707   3.31095122]
0.13	 0.89	0.03	-0.29	14_K	[ 44.71777273 -35.51072727   0.81095455]
0.18	 1.49	-0.06	-0.25	14_K	[ 46.42955556 -32.532        0.71611111]
0.09	 2.05	0.06	-0.37	14_K	[ 44.0998 -33.7578  -2.0362]
-0.02	 -0.09	-0.02	-0.04	14_K	[ 42.19284615 -33.31115385  -0.83257692]
-0.14	 -0.4	-0.04	0.18	14_K	[ 45.36067568 -35.18540541  -1.8177027 ]
-0.14	 -0.66	0.03	0.17	14_K	[ 47.54465957 -35.62759574  -1.36914894]
-0.14	 -0.67	-0.06	0.16	14_K	[ 48.21446341 -32.85936585  -1.18256098]
-0.24	 -1.2	0.13	0.37	14_K	[ 50.42130612 -33.9917551   -0.40512245]
-0.25	 -1.08	0.07	0.35	14_K	[ 49.09581132 -35.05433962   1.62569811]
0.05	 0.43	-0.06	-0.14	15_M	[ 45.81536364 -31.09090909  -0.32781818]
0.14	 1.21	-0.01	-0.23	15_M	[ 44.0563913  -31.59234783  -3.21530435]
-0.16	 -0.42	-0.12	0.13	15_M	[ 45.75352632 -31.67131579  -3.74686842]
-0.17	 -0.65	-0.05	0.18	15_M	[ 45.23505556 -28.56127778  -1.35127778]
0.19	 1.68	0.17	-0.44	15_M	[ 43.84470588 -27.49752941  -1.60752941]
-0.03	 0.25	-0.08	-0.07	15_M	[ 43.481325 -28.20615    1.8467  ]
0.19	 1.39	0.31	-0.56	15_M	[ 43.5255 -30.566    2.5721]
0.07	 1.3	0.12	-0.36	16_T	[ 41.93018182 -31.57563636  -3.37672727]
-0.09	 -0.53	-0.04	0.1	16_T	[ 43.34175    -32.0525      -5.64058333]
0.08	 0.7	0.02	-0.23	16_T	[ 45.19121429 -29.10992857  -4.87035714]
0.08	 0.44	-0.03	-0.2	16_T	[ 43.93682759 -27.29782759  -4.85555172]
0.05	 0.68	-0.04	-0.15	16_T	[ 41.47704762 -32.15085714  -5.02328571]
-0.02	 -0.34	-0.01	-0.05	16_T	[ 41.63652174 -31.87252174  -7.74982609]
0.04	 0.18	-0.21	-0.06	17_S	[ 45.11992857 -30.54528571  -7.0405    ]
-0.07	 0.73	-0.22	-0.04	17_S	[ 45.68166667 -27.13344444  -7.08011111]
0.17	 1.67	0.08	-0.37	17_S	[ 44.1014 -29.384  -10.0678]
0.17	 1.6	-0.04	-0.2	17_S	[ 43.26435714 -29.91478571  -9.50571429]
-0.23	 -1.2	0.13	0.35	17_S	[ 47.20368182 -28.54372727  -8.59129545]
-0.3	 -1.06	0.17	0.44	17_S	[ 46.45936842 -30.65507895  -9.11797368]
0.03	 0.32	-0.14	-0.11	18_K	[ 45.40741935 -26.53722581  -9.58290323]
0.17	 1.5	0.2	-0.45	18_K	[ 42.57975  -26.863375 -12.9435  ]
-0.18	 -0.65	-0.01	0.2	18_K	[ 43.28937143 -28.87625714 -12.2032    ]
-0.07	 -0.4	-0.04	0.05	18_K	[ 44.88053659 -25.41802439 -11.85485366]
0.19	 1.52	0.11	-0.38	18_K	[ 42.70213333 -25.50086667 -13.21646667]
-0.14	 -0.75	0.06	0.17	18_K	[ 44.69316667 -22.65716667 -12.4502619 ]
-0.2	 -1.0	0.1	0.28	18_K	[ 43.49459615 -23.15915385 -14.63513462]
-0.12	 -0.16	-0.19	0.23	18_K	[ 41.01822034 -22.62554237 -13.72259322]
0.12	 1.6	0.01	-0.33	19_I	[ 40.916      -29.45528571 -12.56771429]
0.16	 0.96	0.11	-0.37	19_I	[ 38.97015789 -24.44673684 -11.80531579]
-0.01	 -0.25	0.01	0.01	19_I	[ 40.84251852 -30.55548148 -11.13525926]
0.13	 0.62	-0.01	-0.15	19_I	[ 37.97218519 -30.73740741 -12.64025926]
0.05	 0.34	-0.03	-0.11	19_I	[ 39.02603448 -31.96417241  -9.53062069]
0.01	 0.42	-0.12	-0.03	20_P	[ 39.67604348 -24.97330435 -15.40769565]
-0.06	 -0.03	0.01	0.02	20_P	[ 37.88894737 -26.66460526 -17.13292105]
-0.23	 -1.01	0.08	0.34	20_P	[ 40.24832432 -28.38802703 -16.91145946]
-0.02	 0.08	-0.01	-0.03	20_P	[ 40.97004082 -28.29953061 -14.4995102 ]
0.05	 0.6	0.01	-0.22	21_V	[ 37.9005     -23.65273333 -14.75196667]
0.14	 1.56	0.35	-0.59	21_V	[ 37.09585714 -23.94028571 -12.11842857]
0.13	 0.98	0.28	-0.52	21_V	[ 32.39577778 -24.0062963  -13.96603704]
-0.06	 0.13	-0.12	-0.0	21_V	[ 37.04385294 -22.18229412 -12.60776471]
-0.14	 -0.54	-0.0	0.17	21_V	[ 35.27583871 -21.20704839 -15.3088871 ]
0.11	 0.64	-0.1	-0.15	21_V	[ 35.70613333 -20.5092     -12.165     ]
0.2	 2.16	0.07	-0.33	22_A	[ 36.03272727 -24.36963636 -16.536     ]
-0.1	 0.04	-0.23	0.13	22_A	[ 32.71781818 -24.34009091 -16.08922727]
0.1	 1.85	0.13	-0.4	22_A	[ 31.94825 -25.96725 -14.87725]
-0.0	 0.05	0.01	-0.06	22_A	[ 31.27156522 -27.19508696 -15.59678261]
-0.16	 -0.66	-0.01	0.25	22_A	[ 34.08993056 -25.47277778 -18.28802778]
0.12	 0.25	-0.06	-0.14	23_L	[ 35.82784615 -28.77384615 -17.267     ]
-0.08	 -0.37	0.01	0.08	23_L	[ 37.10085937 -31.57295313 -15.94960938]
-0.03	 -0.01	-0.05	-0.01	23_L	[ 33.95365957 -31.08695745 -17.84446809]
0.08	 0.73	0.01	-0.24	24_L	[ 30.28211111 -26.07288889 -13.00886111]
0.17	 1.39	0.37	-0.6	24_L	[ 36.858      -24.26815789 -10.75647368]
0.03	 0.56	-0.18	-0.12	25_I	[ 27.999      -26.42790909 -11.40590909]
-0.04	 -0.13	-0.23	0.03	25_I	[ 27.214625 -25.656175  -9.31055 ]
-0.07	 -0.36	-0.02	0.1	25_I	[ 26.88392857 -28.33121429 -11.08464286]
-0.04	 -0.0	0.01	-0.02	25_I	[ 28.58424324 -29.0887027  -13.27467568]
-0.07	 -0.01	0.01	-0.01	25_I	[ 26.97811111 -31.689      -10.472     ]
0.12	 1.29	-0.04	-0.21	26_H	[ 28.44493333 -25.1774      -6.8112    ]
0.08	 1.1	0.12	-0.22	26_H	[ 29.87590909 -28.15936364  -4.60190909]
0.13	 1.34	0.34	-0.58	26_H	[ 31.04775    -28.40933333  -4.785     ]
-0.02	 -0.05	-0.13	0.0	26_H	[ 27.91457143 -28.2077619   -4.65957143]
-0.04	 1.22	-0.01	-0.04	26_H	[ 26.20225  -28.888125  -5.26925 ]
-0.17	 -0.27	-0.04	0.16	26_H	[ 26.19912903 -26.09354839  -5.66564516]
-0.07	 -0.7	-0.09	0.03	26_H	[ 25.39833333 -29.58309091  -7.78881818]
-0.25	 -1.24	0.19	0.42	26_H	[ 23.82080392 -26.60209804  -6.68082353]
-0.25	 -0.97	0.14	0.37	26_H	[ 23.869      -28.55842308  -7.90292308]
0.18	 1.36	0.12	-0.33	27_Y	[ 28.9946875 -24.9716875  -5.26     ]
0.14	 1.38	-0.06	-0.21	27_Y	[ 30.751625 -27.821125  -3.60975 ]
0.07	 0.62	-0.06	-0.15	27_Y	[ 29.76370588 -27.50794118  -2.67041176]
-0.11	 -0.04	-0.12	0.11	27_Y	[ 28.67168293 -24.91919512  -2.46302439]
0.17	 1.0	0.03	-0.26	27_Y	[ 29.59866667 -23.21322222  -4.811     ]
-0.02	 0.09	-0.03	0.0	27_Y	[ 31.10657895 -21.76110526  -0.65044737]
0.08	 0.44	0.05	-0.17	27_Y	[ 29.23795455 -21.40090909  -4.71663636]
-0.04	 -0.47	-0.02	-0.02	27_Y	[ 29.33236364 -21.44490909  -2.488     ]
-0.1	 -0.04	0.02	0.07	27_Y	[ 30.56126471 -19.15144118  -2.09729412]
0.18	 0.87	0.02	-0.23	28_Q	[ 29.82863636 -24.66045455  -0.15336364]
-0.02	 0.04	-0.05	-0.07	28_Q	[ 29.90820833 -28.71295833  -0.66575   ]
-0.12	 -0.41	-0.05	0.13	28_Q	[ 28.02628571 -26.56345714   1.07648571]
-0.07	 -0.19	-0.06	0.06	28_Q	[ 27.8883913  -28.94052174   1.7676087 ]
-0.21	 -0.48	0.01	0.24	28_Q	[ 28.81893182 -29.74940909   2.572     ]
-0.28	 -1.19	0.2	0.46	28_Q	[ 26.25519608 -29.28564706   0.69439216]
0.09	 0.4	-0.08	-0.13	29_Q	[ 30.44933333 -24.41471429   1.60771429]
0.09	 1.42	0.33	-0.63	29_Q	[ 33.75390909 -25.23745455   4.01627273]
0.11	 1.65	0.15	-0.44	29_Q	[ 31.54742857 -26.53128571   5.576     ]
-0.01	 0.32	-0.11	-0.07	29_Q	[ 30.59260784 -27.91729412   4.11656863]
-0.04	 -0.11	0.03	-0.06	29_Q	[ 31.15807143 -24.95788095   4.64957143]
-0.07	 -0.26	-0.14	0.1	29_Q	[ 32.37892105 -22.91289474   3.32886842]
-0.26	 -1.36	0.21	0.49	29_Q	[ 32.21734884 -22.50113178   5.43117054]
-0.26	 -0.95	0.1	0.38	29_Q	[ 31.39966667 -22.99333333   6.83176923]
-0.26	 -1.13	0.2	0.49	29_Q	[ 33.35731579 -21.04324561   5.33863158]
0.17	 0.81	0.03	-0.28	30_N	[ 34.04430769 -26.07361538   4.78492308]
0.14	 1.27	0.01	-0.27	30_N	[ 32.16176471 -29.63729412   4.48852941]
0.07	 0.73	-0.03	-0.19	30_N	[ 32.00216667 -27.20525      6.322     ]
0.04	 0.78	-0.08	-0.16	30_N	[ 34.04159459 -26.437        6.76862162]
0.19	 0.52	0.07	-0.28	30_N	[ 32.95814815 -31.94451852   4.38192593]
0.14	 1.33	0.08	-0.35	31_Q	[ 31.43292857 -29.24592857   6.16292857]
-0.05	 -0.01	-0.06	0.07	31_Q	[ 31.676   -28.37108   8.58728]
0.04	 -0.65	0.01	-0.07	31_Q	[ 31.35666667 -29.75377778   9.95355556]
-0.13	 -0.87	-0.08	0.12	31_Q	[ 30.48266667 -30.67360606   6.78018182]
-0.12	 -0.14	0.09	-0.03	31_Q	[ 29.146    -32.65925    8.364375]
-0.19	 -0.77	0.12	0.31	31_Q	[ 29.2357   -32.3807    10.013125]
-0.14	 -0.6	-0.07	0.14	31_Q	[ 29.66795652 -34.10367391   7.44736957]
0.02	 0.73	0.07	-0.12	32_A	[ 33.66286957 -27.62230435  10.06104348]
0.18	 0.92	0.12	-0.37	32_A	[ 36.96023529 -28.12794118  10.33917647]
0.01	 0.0	-0.12	-0.07	32_A	[ 35.63925  -29.414     13.093875]
-0.1	 -0.2	-0.03	0.11	32_A	[ 37.36524138 -30.34131034  11.72644828]
-0.17	 -0.52	0.05	0.17	32_A	[ 35.01924675 -26.75424675  12.17067532]
0.01	 0.05	-0.17	-0.05	33_S	[ 33.6548     -29.65806667  12.60086667]
-0.11	 -0.39	-0.02	0.16	33_S	[ 35.24905 -31.62725  13.449  ]
0.11	 1.65	0.15	-0.46	33_S	[ 34.06657143 -34.335       11.63314286]
-0.12	 -0.36	0.07	0.16	33_S	[ 36.06967568 -33.90943243  11.919     ]
-0.22	 -1.13	0.11	0.34	33_S	[ 32.72934783 -32.67634783  13.39595652]
-0.05	 0.28	-0.01	-0.02	33_S	[ 31.4671875  -31.8259375   11.61840625]
-0.06	 -0.16	-0.0	-0.02	34_C	[ 36.88788889 -35.34911111   9.80414815]
0.19	 0.95	0.11	-0.37	34_C	[ 31.96047619 -33.90695238   5.45428571]
0.05	 0.25	0.02	-0.14	35_G	[ 39.22602564 -33.26876923   8.919     ]
-0.12	 -0.55	-0.03	0.15	35_G	[ 40.57891667 -31.66866667   9.18525   ]
-0.04	 0.2	-0.03	-0.03	35_G	[ 38.98221875 -29.7830625    9.836125  ]
0.05	 0.42	-0.09	-0.09	36_K	[ 41.47866667 -31.90358333   7.6645    ]
-0.13	 -0.2	-0.19	0.04	36_K	[ 41.7703125 -29.3143125   8.26325  ]
0.11	 0.51	0.01	-0.19	36_K	[ 42.24952941 -28.42988235   5.07094118]
0.09	 0.85	0.08	-0.3	36_K	[ 43.55316129 -30.88696774   5.46522581]
-0.22	 -0.86	-0.1	0.24	36_K	[ 43.866825 -28.879625   6.82155 ]
-0.19	 -0.6	-0.08	0.28	36_K	[ 45.64163462 -31.26630769   6.18084615]
-0.3	 -1.29	0.22	0.47	36_K	[ 46.79503704 -29.5147963    7.97722222]
-0.01	 0.06	-0.07	-0.01	37_R	[ 40.64154545 -27.39959091   7.81381818]
0.14	 1.02	-0.0	-0.25	37_R	[ 39.11804545 -25.89372727   5.34440909]
-0.17	 -0.88	-0.14	0.18	37_R	[ 39.6766  -24.24405   5.4815 ]
0.04	 0.26	-0.02	-0.16	37_R	[ 38.82133333 -26.26238462   9.33212821]
-0.0	 0.07	0.02	0.09	37_R	[ 36.11039024 -24.97329268   7.78243902]
-0.18	 -0.85	0.15	0.29	37_R	[ 36.78733333 -22.95744444   8.72657778]
-0.08	 -0.39	-0.07	0.17	37_R	[ 39.45983333 -22.99783333   8.99944444]
0.0	 0.24	0.02	-0.08	37_R	[ 38.32496552 -23.73796552  11.16034483]
-0.2	 -0.73	-0.12	0.31	37_R	[ 37.09631148 -23.62380328  12.21029508]
-0.29	 -1.15	0.2	0.46	37_R	[ 40.45607547 -23.24226415  11.81543396]
0.16	 1.29	0.16	-0.4	38_A	[ 38.1988 -24.5583   3.9856]
0.12	 1.15	0.02	-0.2	38_A	[ 36.826      -24.72669231   2.94969231]
0.1	 0.91	0.09	-0.3	38_A	[ 35.69842857 -25.77285714   4.03003571]
0.18	 0.75	0.06	-0.26	38_A	[ 41.13929167 -26.546625     3.24595833]
0.12	 0.87	-0.02	-0.25	39_I	[ 36.35968421 -22.66942105   1.235     ]
0.03	 0.1	-0.06	-0.14	39_I	[ 34.19597368 -22.94518421   1.55831579]
0.15	 1.41	0.16	-0.39	40_I	[ 31.96430769 -28.80496154  -2.73815385]
0.17	 0.98	0.04	-0.3	40_I	[ 31.718875 -30.11675    0.289375]
0.05	 0.14	-0.0	-0.21	40_I	[ 32.5766  -30.53432   1.80508]
0.02	 0.24	-0.09	-0.1	40_I	[ 32.02311429 -31.27971429  -1.3934    ]
0.18	 1.19	0.2	-0.45	41_L	[ 32.20263636 -30.26409091  -4.32627273]
0.17	 1.48	0.15	-0.44	42_E	[ 31.63672727 -29.58027273  -4.90181818]
0.11	 0.61	0.01	-0.2	42_E	[ 30.07461905 -30.64109524  -5.09157143]
0.17	 1.36	0.1	-0.37	42_E	[ 29.9326875 -34.320625   -6.7065625]
-0.09	 0.04	-0.04	-0.03	42_E	[ 27.66047368 -32.98136842  -6.371     ]
-0.08	 -0.16	0.02	0.03	42_E	[ 27.04606452 -31.35180645  -6.02674194]
-0.03	 0.12	-0.13	-0.03	42_E	[ 27.23078378 -34.01610811  -7.56108108]
0.15	 0.91	0.05	-0.29	43_T	[ 36.05325806 -32.50487097 -11.31632258]
0.13	 0.83	0.08	-0.3	44_R	[ 28.7524375 -32.0331875 -13.4618125]
0.11	 0.52	0.04	-0.27	44_R	[ 30.72228571 -35.04292857 -14.94471429]
-0.14	 -0.26	0.04	0.14	44_R	[ 28.55820455 -34.741      -12.94334091]
-0.09	 -0.35	-0.13	0.05	44_R	[ 29.9223913  -33.19691304 -15.70230435]
-0.12	 -0.42	0.04	0.13	44_R	[ 28.93994286 -30.02602857 -15.93185714]
-0.1	 -0.46	-0.01	0.07	44_R	[ 30.14833333 -31.99996296 -17.70218519]
-0.04	 0.23	-0.0	-0.01	44_R	[ 30.08405882 -30.41723529 -18.81417647]
-0.08	 -0.52	0.01	0.12	44_R	[ 31.26876316 -28.33442105 -18.57813158]
-0.24	 -1.11	0.12	0.4	44_R	[ 31.04850847 -31.12279661 -20.20586441]
-0.13	 -0.56	-0.04	0.15	45_Q	[ 30.44421429 -37.02578571 -14.0855    ]
0.12	 -0.3	-0.1	-0.07	45_Q	[ 29.50511111 -37.50077778 -12.58522222]
-0.04	 -0.32	-0.01	0.0	45_Q	[ 31.01432143 -39.01510714 -11.39060714]
0.1	 0.44	-0.09	-0.04	45_Q	[ 32.35455556 -38.50611111 -13.652     ]
-0.1	 -0.52	-0.03	0.14	45_Q	[ 33.37205  -37.01265  -15.393375]
-0.02	 -0.09	-0.06	-0.0	45_Q	[ 35.5065     -35.06528571 -14.93371429]
0.05	 0.51	0.06	-0.23	45_Q	[ 35.40582051 -34.35464103 -12.74415385]
-0.07	 -0.13	0.02	0.06	45_Q	[ 33.49138235 -34.15211765 -16.37141176]
0.25	 1.59	0.26	-0.52	46_H	[ 28.57929412 -34.88341176 -10.22835294]
0.1	 0.65	0.04	-0.23	46_H	[ 30.25252 -36.11304  -7.39452]
-0.16	 -0.79	0.0	0.19	46_H	[ 30.78914815 -38.84951852  -7.93651852]
-0.14	 -0.71	-0.04	0.2	46_H	[ 28.20104167 -38.06925    -10.888625  ]
0.09	 1.45	0.02	-0.17	46_H	[ 27.61266667 -37.12872222  -8.68933333]
-0.14	 0.16	-0.08	0.08	46_H	[ 26.64180952 -35.53357143  -9.70252381]
-0.2	 -0.75	0.05	0.29	46_H	[ 27.35994118 -39.29372549  -8.02131373]
-0.23	 -1.13	0.09	0.37	46_H	[ 25.12679592 -36.39459184  -7.80140816]
-0.18	 -0.69	0.08	0.31	46_H	[ 25.33351351 -38.29278378  -6.98313514]
-0.01	 -0.23	-0.16	-0.03	47_R	[ 32.46211765 -37.02270588  -6.34970588]
0.15	 1.1	-0.06	-0.17	47_R	[ 34.9422 -37.4422  -7.1505]
-0.08	 -0.17	0.02	0.07	47_R	[ 33.78816129 -39.08925806  -8.4983871 ]
0.04	 0.4	0.19	-0.23	47_R	[ 36.0097561  -37.9724878  -10.01912195]
-0.1	 -0.46	-0.02	0.16	47_R	[ 34.30511765 -40.20076471 -10.75282353]
-0.11	 -0.32	-0.04	0.14	47_R	[ 36.47733333 -40.30541667 -11.63691667]
-0.19	 -0.7	-0.11	0.28	47_R	[ 37.08413793 -37.96718966 -12.52141379]
-0.21	 -0.8	0.13	0.32	47_R	[ 34.86324528 -40.33001887 -13.58933962]
0.03	 0.43	0.04	-0.1	48_L	[ 34.0944375 -36.6618125  -5.3098125]
-0.02	 0.18	-0.03	-0.04	48_L	[ 36.43609375 -36.24521875  -4.0543125 ]
0.09	 0.64	0.01	-0.09	48_L	[ 33.76290909 -36.32672727  -2.82354545]
-0.04	 -0.33	-0.06	0.07	48_L	[ 31.4114 -35.9488  -4.2688]
-0.08	 -0.4	-0.02	-0.0	48_L	[ 31.19175806 -35.36530645  -1.4581129 ]
-0.03	 0.15	-0.07	-0.04	48_L	[ 30.42007895 -33.15239474  -4.13281579]
0.07	 0.64	-0.08	-0.13	49_F	[ 38.29753333 -34.04133333  -2.77353333]
0.23	 1.35	0.02	-0.26	49_F	[ 39.86388889 -32.968       -4.28266667]
0.14	 1.98	0.1	-0.36	49_F	[ 39.59207692 -33.16184615  -7.38746154]
-0.07	 -0.5	-0.11	0.17	49_F	[ 39.89739535 -34.83851163  -5.55725581]
0.1	 1.05	0.25	-0.46	49_F	[ 38.98783333 -33.9465      -8.0215    ]
-0.24	 -1.16	0.1	0.33	49_F	[ 39.27844737 -36.91707895  -6.79415789]
0.01	 0.08	-0.03	-0.15	49_F	[ 37.12266667 -34.82145455  -9.66133333]
-0.06	 -0.09	-0.03	0.01	49_F	[ 37.69317778 -36.87044444  -8.12224444]
0.07	 0.78	0.08	-0.24	50_C	[ 39.35208 -32.82296  -2.10724]
0.21	 1.45	0.25	-0.52	50_C	[ 41.2952 -31.7321  -2.3021]
0.19	 1.36	0.08	-0.34	50_C	[ 40.36325    -33.03066667   0.04466667]
0.18	 0.68	0.12	-0.33	50_C	[ 38.88145 -33.93425   0.7943 ]
0.16	 1.35	0.16	-0.41	52_D	[ 42.57533333 -25.64581481  -2.67848148]
0.16	 1.59	0.24	-0.5	52_D	[ 42.28315385 -25.516        1.40207692]
0.0	 0.24	-0.14	-0.12	52_D	[ 44.32368085 -25.48846809  -0.61323404]
-0.16	 -0.64	-0.1	0.22	52_D	[ 44.83864706 -24.712        1.56735294]
-0.06	 -0.54	0.03	0.1	52_D	[ 43.45915152 -23.08263636   2.20387879]
-0.08	 0.05	0.06	0.03	52_D	[ 46.33830769 -23.45133333   0.33310256]
0.07	 0.75	-0.14	-0.11	53_P	[ 41.0433 -19.2807   1.0561]
0.11	 1.04	0.08	-0.23	53_P	[ 39.67872222 -18.48927778  -0.64516667]
-0.09	 -0.72	0.01	0.14	53_P	[ 38.71938462 -20.27646154   1.31805128]
-0.09	 -0.22	-0.03	0.1	53_P	[ 38.59432258 -22.44303226   2.85322581]
0.06	 0.76	0.01	-0.18	53_P	[ 41.04052632 -23.14863158   2.55668421]
0.07	 0.89	0.0	-0.22	54_K	[ 42.23246154 -20.57546154   1.48269231]
-0.01	 -0.31	-0.08	-0.03	54_K	[ 42.63453333 -18.0428       0.74353333]
0.07	 0.41	-0.06	-0.17	54_K	[ 44.64748485 -16.89457576  -2.19724242]
-0.16	 -1.11	0.01	0.24	54_K	[ 44.43530556 -18.71580556   1.591     ]
0.14	 0.79	-0.09	-0.11	54_K	[ 45.55433333 -21.2215       1.77766667]
-0.19	 -1.06	0.02	0.26	54_K	[ 47.40507895 -19.91115789   1.50410526]
-0.12	 -0.37	0.03	0.08	54_K	[ 48.365      -20.33145455  -1.25196364]
-0.22	 -0.93	0.11	0.31	54_K	[ 47.61704348 -17.71791304  -1.5803913 ]
0.04	 0.7	-0.02	-0.21	55_E	[ 46.0175     -19.52281818  -3.74209091]
0.05	 0.3	-0.01	-0.15	55_E	[ 45.5596875 -20.881      -5.36125  ]
0.15	 1.45	0.32	-0.57	55_E	[ 44.55008 -23.02208  -3.35896]
-0.04	 0.18	-0.06	-0.03	55_E	[ 46.49284375 -23.3244375   -3.7989375 ]
-0.15	 0.06	-0.06	0.09	55_E	[ 45.66621875 -24.3201875   -5.2713125 ]
-0.24	 -0.83	0.07	0.37	55_E	[ 47.96088571 -23.20391429  -3.18442857]
0.05	 0.25	-0.06	-0.05	56_Q	[ 44.93956 -17.91692  -5.43044]
-0.12	 -0.61	0.0	0.13	56_Q	[ 44.07502703 -16.64497297  -8.24032432]
-0.22	 -1.33	0.12	0.35	56_Q	[ 44.87459459 -14.63910811  -6.805     ]
-0.21	 -0.88	-0.05	0.22	56_Q	[ 43.1389 -12.9843  -6.3399]
-0.09	 -0.09	0.0	0.11	56_Q	[ 43.19264103 -13.81489744  -4.30533333]
-0.14	 -0.41	0.01	0.15	56_Q	[ 41.07964706 -13.97638235  -7.10232353]
0.06	 0.55	0.07	-0.26	57_W	[ 43.53030435 -19.17073913  -8.18886957]
-0.02	 0.24	-0.13	-0.04	57_W	[ 41.37389474 -19.46578947  -9.78973684]
0.17	 0.51	0.03	-0.2	57_W	[ 39.33294444 -20.83238889  -9.52955556]
-0.14	 -0.3	-0.15	0.1	57_W	[ 43.01346875 -21.1228125  -10.2476875 ]
0.02	 -0.24	-0.01	-0.05	57_W	[ 44.90435294 -22.67544118  -8.22538235]
0.2	 1.58	0.19	-0.43	57_W	[ 44.22583333 -24.99383333  -6.184375  ]
0.19	 1.13	0.06	-0.32	57_W	[ 39.95275862 -23.17493103  -9.97082759]
0.23	 1.71	0.21	-0.47	57_W	[ 42.50457143 -25.75271429  -5.11292857]
0.16	 1.51	0.22	-0.47	58_V	[ 42.46190476 -24.20261905  -4.20719048]
0.18	 1.42	-0.04	-0.27	59_K	[ 37.07257143 -17.33314286  -3.91928571]
0.11	 0.73	0.13	-0.35	59_K	[ 37.142      -16.02273333  -6.6334    ]
-0.03	 -0.59	-0.17	-0.01	59_K	[ 35.67547619 -16.70071429  -5.23642857]
-0.01	 -0.59	-0.03	-0.01	59_K	[ 38.38236364 -15.91345455  -4.62363636]
-0.05	 0.99	-0.07	0.06	59_K	[ 38.721      -16.88581818  -2.25372727]
-0.1	 -0.46	-0.01	0.13	59_K	[ 39.93676 -14.69212  -3.0792 ]
-0.1	 -0.63	-0.0	0.18	59_K	[ 40.66826923 -15.97846154  -0.44803846]
-0.18	 -0.59	0.05	0.26	59_K	[ 42.83968421 -14.65457895  -0.95484211]
0.03	 0.42	-0.14	-0.06	60_D	[ 36.40758824 -16.02217647  -8.87270588]
0.09	 0.74	-0.08	-0.17	60_D	[ 36.04938462 -19.00307692 -10.68938462]
0.07	 0.59	-0.08	-0.18	60_D	[ 34.7463 -16.8963 -10.196 ]
-0.12	 -0.84	0.02	0.18	60_D	[ 38.06091429 -17.55805714 -10.6502    ]
-0.11	 -0.05	0.01	0.05	60_D	[ 39.2922     -15.1782      -9.62326667]
-0.03	 0.3	0.02	-0.01	60_D	[ 38.9593125 -15.1500625  -7.6899375]
-0.17	 -0.53	0.09	0.23	60_D	[ 41.03704878 -16.58634146 -10.49253659]
0.05	 0.6	-0.15	-0.12	61_A	[ 37.02044444 -20.41855556 -10.28788889]
0.12	 1.46	0.02	-0.32	61_A	[ 36.75528571 -21.21928571 -10.56242857]
0.16	 0.99	0.03	-0.28	61_A	[ 37.29822727 -22.74936364  -9.8205    ]
0.12	 -0.25	-0.01	-0.17	62_M	[ 33.80105556 -18.11377778  -3.9815    ]
-0.02	 -0.27	-0.02	-0.01	62_M	[ 34.55361765 -20.08985294  -1.00335294]
-0.03	 -0.19	-0.0	-0.03	62_M	[ 36.85896667 -18.54473333  -1.9581    ]
0.18	 1.34	0.23	-0.48	63_Q	[ 33.74658333 -16.625       -5.38033333]
0.18	 1.87	0.13	-0.37	63_Q	[ 30.21352632 -15.13863158  -8.36694737]
0.01	 0.64	-0.13	-0.05	63_Q	[ 34.98608696 -14.80204348  -7.4773913 ]
-0.1	 0.21	-0.04	0.03	63_Q	[ 32.06430303 -13.4359697   -7.54369697]
-0.07	 0.04	-0.06	-0.04	63_Q	[ 32.63109677 -14.12832258  -5.36045161]
-0.18	 -0.45	0.01	0.17	63_Q	[ 31.58858621 -14.74951724  -4.38844828]
-0.25	 -1.14	0.16	0.43	63_Q	[ 33.56705263 -12.38535088  -4.69801754]
0.15	 0.56	0.07	-0.28	64_H	[ 34.05304167 -18.496      -12.09283333]
0.15	 1.46	-0.06	-0.23	64_H	[ 33.97214286 -19.40528571 -13.45828571]
-0.03	 -0.04	-0.04	-0.08	64_H	[ 32.61859259 -17.64322222 -13.94181481]
0.14	 1.45	0.25	-0.51	64_H	[ 31.72127273 -22.33781818 -13.94736364]
-0.16	 -0.82	0.04	0.24	64_H	[ 30.97551724 -18.54805172 -15.07301724]
-0.08	 0.19	-0.06	0.05	64_H	[ 31.23443333 -21.20966667 -15.06106667]
0.12	 1.42	0.4	-0.65	65_L	[ 28.14411111 -22.04777778  -9.55955556]
0.1	 1.67	-0.01	-0.22	65_L	[ 27.70021429 -20.59242857  -6.78128571]
0.03	 0.1	-0.0	-0.18	65_L	[ 26.89063636 -21.43386364  -8.83263636]
0.06	 0.84	-0.06	-0.17	65_L	[ 28.81497222 -22.73344444  -7.70194444]
0.2	 1.54	0.31	-0.56	65_L	[ 28.76146154 -23.68553846  -9.76823077]
0.1	 0.32	-0.09	-0.16	66_D	[ 27.06457143 -18.98285714  -5.98290476]
0.02	 -0.02	-0.1	-0.05	66_D	[ 27.23371429 -15.73771429  -7.67214286]
-0.02	 -0.34	-0.03	-0.06	66_D	[ 25.59847368 -16.55684211  -7.21673684]
-0.04	 -0.82	-0.05	0.0	66_D	[ 28.62057576 -15.83621212  -6.09809091]
-0.1	 -0.02	0.01	0.12	66_D	[ 29.05614286 -16.62978571  -3.73885714]
-0.15	 -0.24	0.02	0.19	66_D	[ 28.06088889 -18.77218519  -3.83333333]
-0.05	 -0.14	-0.12	0.02	66_D	[ 31.24831579 -16.86494737  -3.59094737]
0.14	 1.35	0.19	-0.42	67_R	[ 28.47577778 -15.54488889  -8.53177778]
-0.03	 -0.14	-0.14	-0.01	67_R	[ 26.31444444 -15.15194444  -9.47111111]
0.08	 0.33	0.06	-0.24	67_R	[ 26.64846154 -17.16484615 -12.29276923]
-0.03	 -0.27	-0.12	-0.01	67_R	[ 24.93912 -16.1402  -11.79132]
0.11	 0.56	-0.05	-0.14	67_R	[ 28.46629167 -16.98133333 -12.42875   ]
-0.16	 -0.74	0.05	0.16	67_R	[ 27.79839583 -14.06958333 -11.113375  ]
-0.18	 -0.77	0.07	0.21	67_R	[ 29.699      -13.95834211 -12.95676316]
-0.11	 -0.38	-0.01	0.12	67_R	[ 30.51182609 -12.95743478 -10.2833913 ]
-0.12	 -0.26	-0.04	0.14	67_R	[ 32.25091667 -12.67991667 -12.0175    ]
-0.14	 -0.53	0.07	0.17	67_R	[ 32.86492857 -14.85383333 -12.90171429]
-0.12	 -0.41	-0.01	0.14	67_R	[ 33.67002273 -13.51609091 -10.22786364]
-0.04	 -0.2	-0.16	0.03	68_Q	[ 24.84588235 -18.91494118 -12.82052941]
0.2	 1.22	0.14	-0.37	68_Q	[ 23.32528571 -19.96214286 -12.53814286]
0.04	 0.27	-0.18	-0.06	68_Q	[ 25.1072069  -21.65582759 -11.57937931]
-0.03	 -0.02	0.03	-0.04	68_Q	[ 27.434275 -19.923075 -13.560725]
-0.19	 -0.84	-0.01	0.26	68_Q	[ 27.68075    -22.3535     -14.33716667]
-0.01	 -0.01	0.05	-0.09	68_Q	[ 29.5947037  -22.88422222 -13.90244444]
-0.1	 -0.02	-0.03	0.05	68_Q	[ 27.15187273 -23.56654545 -11.93545455]
0.15	 1.23	0.22	-0.44	69_A	[ 24.57446154 -21.45784615  -9.46676923]
0.15	 1.57	-0.03	-0.24	69_A	[ 22.67846667 -21.39606667  -8.41013333]
0.04	 1.16	0.03	-0.17	69_A	[ 21.45875 -18.41725  -7.0705 ]
-0.04	 0.33	-0.1	-0.02	69_A	[ 20.47569231 -19.634       -7.61815385]
-0.19	 -0.91	0.01	0.28	69_A	[ 24.00490164 -20.71467213  -6.5022623 ]
0.09	 0.53	0.04	-0.18	70_A	[ 23.44545455 -17.33054545  -6.91563636]
-0.04	 -0.12	-0.16	0.0	70_A	[ 21.31988889 -16.69388889  -7.13244444]
0.17	 1.48	0.11	-0.4	70_A	[ 22.8702 -15.473  -10.8479]
-0.2	 -0.98	0.02	0.31	70_A	[ 22.86462712 -14.73923729  -8.19832203]
0.02	 0.29	-0.02	-0.09	71_A	[ 21.06933333 -15.05441667 -10.83291667]
-0.13	 -0.25	-0.04	0.11	71_A	[ 19.93554167 -15.60383333 -12.698375  ]
0.09	 0.79	-0.06	-0.11	71_A	[ 20.2475 -18.6175 -13.6755]
-0.22	 -0.8	0.14	0.3	71_A	[ 18.214375   -17.68384375 -13.33225   ]
-0.14	 -0.93	0.01	0.24	71_A	[ 22.37479661 -16.88033898 -13.5549322 ]
-0.04	 -0.5	-0.12	0.02	72_L	[ 18.327      -20.37038462 -12.50292308]
0.03	 0.27	-0.1	-0.05	72_L	[ 17.09063636 -19.13763636 -11.736     ]
-0.2	 -0.66	0.04	0.28	72_L	[ 16.703375   -20.7078125  -10.03190625]
0.0	 -0.05	-0.1	-0.06	72_L	[ 19.3736087  -21.58269565  -9.48191304]
-0.14	 -0.65	-0.01	0.18	72_L	[ 19.3714 -23.0332 -11.5148]
-0.2	 -0.91	0.04	0.28	72_L	[ 20.90381356 -21.82320339 -13.60257627]
-0.13	 -0.6	0.04	0.23	72_L	[ 22.23880882 -23.41241176 -10.50166176]
-0.16	 -0.74	0.04	0.12	73_T	[ 15.96678571 -17.81392857 -10.20442857]
-0.22	 -0.92	0.13	0.33	73_T	[ 16.3374878  -15.56143902 -10.32370732]
-0.21	 -0.65	0.09	0.29	73_T	[ 18.35027586 -14.58144828  -9.56813793]
-0.15	 -0.76	0.03	0.16	73_T	[ 16.5544  -16.80284  -7.3424 ]
-0.08	 -0.36	-0.05	0.07	73_T	[ 19.23886486 -16.7772973   -7.12764865]
-0.23	 -1.23	0.14	0.34	73_T	[ 17.06496 -19.6702   -7.04718]
