-0.26	 -1.1	0.06	0.37	-2_F	[-24.63056  -2.44076  -0.3611 ]
-0.13	 -0.53	-0.08	0.11	-2_F	[-24.71047059  -1.31823529   1.94605882]
0.15	 1.06	0.06	-0.31	-2_F	[-24.98784615   0.15946154  -0.38207692]
0.25	 1.66	0.15	-0.41	-2_F	[-22.3519375  -0.796875   -1.2808125]
-0.14	 -0.22	-0.07	0.14	-2_F	[-21.92570588  -2.96661765   1.03508824]
0.1	 1.01	-0.1	-0.09	-2_F	[-20.16785714  -2.23357143   2.54628571]
0.12	 1.47	-0.06	-0.18	-2_F	[-19.40866667  -1.34783333   2.58533333]
-0.15	 -0.78	-0.02	0.21	-2_F	[-22.22281818  -2.26443182   4.00879545]
-0.02	 0.21	0.01	-0.15	-2_F	[-1.88391379e+01  3.10344828e-03  3.19900000e+00]
-0.2	 -1.02	0.12	0.29	-2_F	[-21.41654348  -0.95226087   5.55443478]
-0.12	 -0.5	0.05	0.12	-2_F	[-20.25442308   0.74342308   5.10026923]
-0.11	 -0.51	-0.0	0.11	-1_G	[-24.29596   0.88552   2.3648 ]
-0.19	 -0.88	0.01	0.29	-1_G	[-25.13373171   2.56597561   0.66431707]
0.05	 0.26	-0.24	0.03	-1_G	[-23.735        4.45633333   1.433     ]
-0.01	 -0.06	-0.13	-0.03	-1_G	[-23.28039286   4.73178571  -0.57717857]
0.14	 1.04	0.11	-0.35	0_Q	[-22.64228571   2.60742857   2.92078571]
0.14	 1.19	0.03	-0.31	0_Q	[-21.06226316   5.30757895   0.89526316]
0.12	 1.42	0.04	-0.23	0_Q	[-18.29077778   2.89044444   0.61266667]
-0.04	 0.02	-0.13	-0.06	0_Q	[-19.03692   5.03648  -0.20836]
-0.05	 -0.12	-0.04	0.05	0_Q	[-18.65488   3.62784   2.8534 ]
-0.14	 -0.51	-0.05	0.15	0_Q	[-20.63335897   3.86002564   4.89969231]
-0.06	 0.03	-0.08	0.11	0_Q	[-20.83226667   6.126        4.15806667]
-0.29	 -0.95	0.14	0.41	0_Q	[-19.69602381   6.86402381   3.3562381 ]
-0.24	 -1.01	0.09	0.38	0_Q	[-22.73373077   6.10017308   3.50567308]
0.0	 0.68	0.04	-0.24	1_D	[-17.75420833   1.80295833  -1.475875  ]
0.18	 1.54	0.25	-0.51	1_D	[-20.44127778   0.67227778  -3.65738889]
0.19	 1.26	0.12	-0.37	1_D	[-17.649625    2.2785625  -3.36375  ]
-0.03	 0.01	-0.25	0.03	1_D	[-19.31009524  -0.67619048  -2.4192381 ]
-0.08	 0.05	-0.23	0.17	1_D	[-17.4498  -0.972   -0.38  ]
-0.15	 -0.5	0.04	0.24	1_D	[-17.18589189   0.46297297   0.95889189]
-0.19	 -0.59	0.09	0.28	1_D	[-18.55079545  -2.40886364   0.16943182]
0.23	 1.09	0.11	-0.38	2_L	[-24.36915789   3.01268421  -2.79494737]
0.02	 0.01	-0.06	-0.07	2_L	[-22.79352632  -0.50515789  -3.28673684]
-0.06	 0.02	-0.15	0.04	2_L	[-25.90814286   0.22622449  -3.16969388]
-0.02	 0.21	-0.03	-0.07	2_L	[-22.99394231  -0.49425     -6.06511538]
0.21	 1.32	0.23	-0.49	3_G	[-23.57069231   4.73869231  -3.04269231]
0.12	 1.13	-0.06	-0.2	3_G	[-22.44493103   6.32513793  -1.82631034]
0.16	 0.68	0.1	-0.29	3_G	[-20.26142857   7.58021429  -1.90492857]
0.1	 1.17	0.18	-0.34	4_K	[-18.8577   6.9901  -1.7341]
0.04	 0.57	-0.1	-0.15	4_K	[-17.46845455   7.35590909  -2.02390909]
0.21	 1.27	0.17	-0.42	4_K	[-16.06092308   4.99007692  -5.272     ]
0.1	 0.87	-0.07	-0.19	4_K	[-15.898        7.53873333  -5.1068    ]
0.03	 0.37	-0.04	-0.15	4_K	[-16.92528571   4.61728571  -1.68430952]
-0.23	 -0.5	-0.19	0.16	4_K	[-15.45165909   6.30161364  -3.40347727]
-0.27	 -0.96	-0.02	0.33	4_K	[-14.71644118   4.14488235  -1.44808824]
-0.23	 -1.18	0.05	0.32	4_K	[-12.73035294   5.80982353  -2.39927451]
-0.28	 -1.29	0.22	0.47	4_K	[-11.83269091   4.46612727  -0.47674545]
0.15	 1.37	0.07	-0.36	5_K	[-16.33154167   4.42191667  -7.049625  ]
0.16	 1.79	0.05	-0.26	5_K	[-17.83555556   4.91755556  -9.19022222]
0.02	 0.33	-0.0	-0.13	5_K	[-18.1668    2.5291   -8.44715]
-0.13	 -0.27	-0.19	0.12	5_K	[-16.51086486   2.27764865  -6.04745946]
0.03	 0.66	0.03	-0.19	5_K	[-19.22822222   0.28244444  -6.50453333]
-0.14	 -0.61	0.03	0.21	5_K	[-16.6804375   -0.4326875   -5.21466667]
-0.24	 -0.99	0.01	0.44	5_K	[-18.27713559  -2.05116949  -6.01905085]
0.15	 1.22	0.03	-0.32	7_L	[-16.10909091  10.373       -6.786     ]
0.04	 0.49	-0.04	-0.07	7_L	[-16.7214    9.9214   -4.55416]
0.03	 0.37	-0.04	-0.16	7_L	[-18.19585965  10.07803509  -2.22678947]
0.2	 1.48	0.21	-0.48	7_L	[-17.34635294  12.88182353  -3.69394118]
0.15	 1.2	0.02	-0.27	8_E	[-15.8757   8.9608  -6.4895]
0.02	 0.07	-0.02	-0.09	8_E	[-14.81508696   9.72952174  -8.33556522]
0.22	 1.03	0.02	-0.29	8_E	[-14.20607692   9.60453846 -10.99530769]
-0.0	 0.39	0.0	-0.16	8_E	[-14.9085625   6.54825    -7.7390625]
-0.08	 0.24	-0.23	0.04	8_E	[-13.77594231   7.02715385 -10.51288462]
-0.16	 -0.65	-0.02	0.24	8_E	[-12.8705       5.50282143  -9.05128571]
-0.79	 -0.61	0.17	0.44	8_E	[-13.99023684   4.53328947  -7.68565789]
-0.29	 -1.1	2.14	0.62	8_E	[-11.679625   5.384875 -10.13485 ]
0.13	 1.51	0.13	-0.39	9_A	[-16.66528571   6.23892857 -10.22871429]
0.17	 1.54	0.25	-0.5	9_A	[-16.39190909   6.29690909 -11.45409091]
0.14	 0.54	0.01	-0.23	9_A	[-17.89192857   5.17764286 -11.30735714]
0.15	 0.47	-0.04	-0.19	11_A	[-13.75933333  12.36791667 -12.30633333]
0.06	 0.25	0.02	-0.21	11_A	[-13.90888235  13.48847059 -14.17088235]
-0.03	 -0.06	0.02	-0.02	11_A	[-14.25424  12.67194  -9.83696]
0.05	 1.22	-0.0	-0.33	12_A	[-14.015625  10.981625 -12.2085  ]
-0.08	 -0.06	-0.03	0.08	12_A	[-13.47841176  11.35647059 -14.55982353]
0.11	 1.55	0.17	-0.43	12_A	[-14.1624  11.9944 -15.914 ]
-0.16	 -0.64	0.01	0.24	12_A	[-14.65609375  10.42853125 -17.27896875]
-0.08	 -0.35	0.03	0.1	12_A	[-13.36717778   8.84208889 -13.99282222]
0.09	 1.0	-0.0	-0.24	13_G	[-17.93611429  11.72245714 -17.8942    ]
0.1	 1.34	0.06	-0.31	13_G	[-16.707      8.757375 -17.9555  ]
-0.12	 -0.34	0.01	0.11	13_G	[-18.10273529   9.73570588 -19.12979412]
-0.1	 -0.45	-0.02	0.11	14_Q	[-17.98641667   7.03966667 -18.29116667]
0.16	 0.65	0.0	-0.28	14_Q	[-19.60888889   5.882      -17.897     ]
0.04	 0.33	-0.02	-0.11	14_Q	[-18.15176923   5.16646154 -16.90661538]
-0.1	 -0.43	-0.01	0.1	14_Q	[-15.66544828   6.69834483 -17.11886207]
0.02	 0.12	0.08	-0.09	14_Q	[-16.29566667   4.12855556 -15.35938889]
-0.03	 0.09	-0.13	0.03	14_Q	[-16.0062069    4.88789655 -12.93148276]
-0.22	 -0.67	1.46	0.14	14_Q	[-13.94654545   5.2084697  -14.8739697 ]
0.09	 0.22	-0.02	-0.08	15_D	[-20.0647   7.1635 -19.2506]
0.18	 1.37	0.11	-0.37	15_D	[-23.1595       8.59333333 -17.02366667]
0.09	 0.7	0.01	-0.23	15_D	[-23.52122222   5.791      -19.24261111]
0.01	 0.41	-0.03	-0.12	15_D	[-24.38646154   6.55623077 -17.16946154]
-0.14	 -0.56	-0.07	0.24	15_D	[-23.13233333   8.25652381 -19.85309524]
-0.06	 0.09	-0.11	-0.09	15_D	[-21.8565      10.62995455 -20.27822727]
-0.23	 -0.48	0.01	0.26	15_D	[-20.42168421  10.05892105 -20.86797368]
0.11	 1.07	0.02	-0.24	15_D	[-22.11123256  11.51860465 -18.84690698]
0.07	 0.18	-0.07	-0.15	16_D	[-20.958        5.38464706 -19.35394118]
0.15	 1.78	0.15	-0.42	16_D	[-23.70028571   4.73328571 -19.61028571]
-0.16	 -0.78	0.01	0.23	16_D	[-20.97882353   2.66297059 -19.60464706]
-0.2	 -0.88	-0.03	0.24	16_D	[-22.012        1.98664286 -21.28721429]
-0.11	 -0.47	0.06	0.09	16_D	[-23.76239286   1.11064286 -20.31267857]
-0.22	 -0.69	0.03	0.36	16_D	[-22.94709091   4.03538636 -21.72631818]
0.08	 0.59	0.06	-0.31	17_E	[-20.53692593   3.15488889 -17.14818519]
0.16	 1.26	0.12	-0.42	17_E	[-20.469875   1.837875 -15.959   ]
0.07	 0.34	-0.08	-0.06	17_E	[-18.67209524   2.93004762 -15.58919048]
0.04	 0.29	-0.02	-0.19	17_E	[-17.96681481   2.99766667 -12.65940741]
-0.1	 -0.06	-0.04	0.08	17_E	[-18.8232    0.47725 -13.5331 ]
-0.14	 -0.1	-0.04	0.16	17_E	[-19.86925     -0.10389286 -14.57489286]
-0.21	 -0.4	0.05	0.24	17_E	[-18.95530612   0.47955102 -11.65297959]
0.17	 1.39	0.26	-0.51	18_V	[-23.548        8.37327273 -15.35154545]
0.16	 0.86	0.06	-0.35	18_V	[-25.3682       8.36406667 -14.39766667]
0.17	 1.64	0.2	-0.46	19_R	[-25.32138462   6.48007692 -15.40684615]
0.06	 0.75	-0.23	-0.09	19_R	[-27.10082609   6.10352174 -14.20808696]
0.21	 0.99	0.06	-0.3	19_R	[-28.64818182   3.46554545 -13.56145455]
-0.07	 -0.23	-0.12	0.15	19_R	[-26.74095455   5.65872727 -16.81331818]
-0.18	 -0.84	0.17	0.3	19_R	[-29.06848387   4.50019355 -15.76670968]
-0.14	 -0.64	-0.05	0.27	19_R	[-29.0585122    2.25614634 -16.95039024]
-0.14	 -0.69	0.01	0.22	19_R	[-27.95656522   4.08404348 -18.97282609]
-0.11	 -0.29	-0.04	0.13	19_R	[-27.726        1.81191667 -19.78783333]
-0.07	 -0.3	0.03	0.09	19_R	[-26.37686957   0.48078261 -18.28997826]
-0.11	 -0.42	0.02	0.12	19_R	[-25.89325      3.64138462 -20.23907692]
0.13	 0.62	0.05	-0.25	20_I	[-26.64968182   0.53272727 -14.37554545]
0.18	 1.34	0.22	-0.46	20_I	[-26.87375    -0.7791875 -11.8973125]
-0.05	 -0.12	-0.07	0.05	20_I	[-25.24029167  -0.791375   -15.768125  ]
-0.05	 -0.2	-0.04	0.02	20_I	[-23.63545763  -1.38440678 -12.59755932]
-0.12	 -0.51	0.01	0.17	20_I	[-22.41        -0.92930159 -16.46574603]
0.18	 1.3	0.2	-0.46	21_L	[-19.29143478   3.159      -10.20156522]
0.02	 0.45	-0.02	-0.15	21_L	[-21.93083721   0.32288372  -9.40467442]
0.06	 0.35	-0.12	-0.07	22_M	[-30.050875   3.878875 -10.59125 ]
-0.08	 -0.18	-0.02	0.06	22_M	[-30.05883784   3.5847027   -8.40910811]
0.03	 0.19	-0.08	-0.06	22_M	[-29.06792593   5.34025926 -11.78251852]
0.13	 0.9	0.01	-0.23	22_M	[-29.02918519   7.59174074 -12.53625926]
0.01	 0.16	-0.07	-0.08	22_M	[-30.28897727   7.66147727  -9.147     ]
0.13	 1.1	0.04	-0.27	23_A	[-29.50536364   3.03       -11.98663636]
-0.12	 -0.48	-0.03	0.16	23_A	[-30.97557143   1.7467619  -10.9352381 ]
0.22	 1.02	-0.01	-0.3	23_A	[-30.597125   0.860875  -8.77725 ]
-0.2	 -0.65	0.06	0.24	23_A	[-30.76019444  -1.06061111  -9.59127778]
-0.16	 -0.68	-0.07	0.24	23_A	[-29.60473016   0.40833333 -13.29738095]
0.07	 0.04	-0.1	-0.02	24_N	[-28.75318182  -2.22145455  -7.99109091]
-0.0	 -0.26	-0.08	0.05	24_N	[-29.44441667  -1.06516667  -6.59258333]
-0.12	 -0.48	0.03	0.15	24_N	[-27.563375    -1.50246875  -5.3495    ]
0.03	 0.36	-0.11	-0.09	24_N	[-25.5504  -1.8381  -7.7905]
-0.02	 0.23	0.0	-0.07	24_N	[-26.66714286  -2.91961905  -9.76057143]
-0.2	 -0.75	0.06	0.29	24_N	[-28.05072727  -3.08339394 -10.51424242]
-0.2	 -0.72	0.05	0.25	24_N	[-24.81742308  -3.04365385 -10.26817308]
0.13	 0.82	-0.13	-0.14	25_G	[-30.133    0.7278  -7.1897]
-0.17	 -0.86	0.04	0.23	25_G	[-29.83060526   1.35313158  -4.91036842]
0.15	 1.08	-0.0	-0.23	25_G	[-28.81507143   2.84614286  -4.97314286]
-0.13	 -0.82	0.03	0.21	25_G	[-28.62433333   3.50374359  -3.36184615]
0.17	 0.86	0.05	-0.31	26_A	[-25.78825     3.902125   -3.6289375]
0.1	 1.31	0.41	-0.65	26_A	[-28.7905       5.57433333  -4.53733333]
0.05	 0.11	0.06	-0.2	26_A	[-28.85843333   5.8359      -6.71566667]
0.1	 0.7	0.03	-0.24	27_D	[-25.83704167   5.89379167  -3.113375  ]
0.04	 0.38	-0.1	-0.05	27_D	[-29.09376471   7.00411765  -4.30794118]
-0.15	 -0.44	-0.08	0.16	27_D	[-27.7694359    6.83815385  -1.60338462]
-0.15	 -0.91	-0.05	0.16	27_D	[-30.002        8.29184615  -2.24907692]
0.02	 0.24	-0.03	-0.09	27_D	[-29.90652174   9.996       -3.26665217]
-0.18	 -0.67	0.07	0.37	27_D	[-29.07636735   9.34626531  -0.37473469]
0.22	 0.83	0.09	-0.31	28_V	[-28.99223529   8.61770588  -6.34547059]
0.03	 0.04	-0.04	-0.11	28_V	[-30.69513333  10.71123333  -5.987     ]
0.11	 0.96	0.05	-0.34	29_N	[-27.14891667  11.21441667  -0.499     ]
-0.05	 -0.08	-0.15	0.03	29_N	[-26.23205   12.923575  -0.2024  ]
-0.09	 -0.08	-0.01	0.04	29_N	[-28.62246154  12.9934359   -1.17430769]
-0.1	 -0.31	-0.21	0.12	29_N	[-29.78        15.08593333  -1.973     ]
-0.09	 -0.17	0.05	0.09	29_N	[-31.05797368  13.56947368  -3.17363158]
0.16	 0.5	0.03	-0.27	29_N	[-27.4679  15.7765  -2.6801]
0.0	 -0.3	-0.04	-0.01	30_A	[-25.31276923   9.75142308  -0.34592308]
0.04	 0.39	-0.02	-0.17	30_A	[-23.25583721   8.27337209  -1.60230233]
0.02	 0.24	-0.04	-0.11	31_T	[-23.3562   10.8849    0.71625]
-0.12	 -0.38	0.07	0.1	31_T	[-20.42542857  10.34557143   1.23637143]
0.16	 1.29	-0.02	-0.28	31_T	[-21.9306  14.8464   2.7032]
-0.14	 -0.53	0.03	0.2	31_T	[-22.2685      12.91386957   3.04304348]
-0.11	 -0.36	-0.01	0.12	31_T	[-23.98216279  14.89402326   1.31869767]
-0.03	 0.42	-0.06	0.02	32_D	[-17.78430769  10.64376923   0.97023077]
-0.01	 0.13	-0.17	0.01	32_D	[-17.98275     11.39941667   3.0445    ]
0.05	 -0.2	-0.03	-0.1	32_D	[-19.23914286  13.63104762   3.61319048]
-0.2	 -0.82	-0.02	0.23	32_D	[-15.90826087  11.53356522  -0.59113043]
0.08	 1.24	-0.08	-0.12	32_D	[-14.87657143  14.14542857   0.89578571]
-0.04	 0.25	0.06	-0.07	32_D	[-15.33646939  14.16591837  -1.68453061]
-0.02	 0.19	-0.21	-0.04	33_D	[-15.78581818  11.807        2.50722727]
0.06	 0.84	-0.12	-0.07	33_D	[-17.53258333  12.576        4.745     ]
0.14	 1.67	0.23	-0.49	33_D	[-14.955   15.1782   5.4818]
-0.2	 -0.55	0.01	0.29	33_D	[-17.02097222  15.26233333   5.95111111]
-0.14	 -0.57	-0.16	0.18	33_D	[-13.93570455  13.45559091   4.56679545]
-0.11	 -0.31	-0.07	0.15	33_D	[-15.01240741  10.97785185   5.64155556]
-0.27	 -0.92	0.18	0.42	33_D	[-15.87036842  11.48489474   6.99797368]
-0.29	 -0.96	0.17	0.44	33_D	[-14.24088095   9.96657143   4.66630952]
0.21	 1.46	0.35	-0.59	34_N	[-14.79313333  14.65833333   2.69046667]
0.1	 0.81	-0.03	-0.22	34_N	[-16.34542857  17.87864286   5.04107143]
0.1	 0.47	-0.15	-0.03	34_N	[-18.32        17.53475      4.42091667]
0.14	 1.22	0.01	-0.29	34_N	[-18.894       18.92609091   3.84436364]
0.19	 0.87	0.02	-0.24	34_N	[-14.87165217  18.66817391   1.69969565]
-0.0	 0.08	-0.05	-0.05	34_N	[-13.39865  17.71945   3.82355]
-0.25	 -0.64	-0.03	0.26	34_N	[-13.56331818  17.49977273   5.18154545]
-0.23	 -0.73	0.06	0.34	34_N	[-12.58563636  16.53558182   2.22554545]
0.19	 0.73	-0.09	-0.14	35_G	[-18.83466667  16.02516667   4.0345    ]
-0.05	 -0.17	-0.05	-0.02	35_G	[-20.66553488  17.32013953   2.83902326]
0.24	 1.13	0.1	-0.33	35_G	[-22.3012381   17.91071429   0.27842857]
-0.08	 -0.27	0.04	0.06	36_L	[-14.72795775  17.35656338  -2.62856338]
0.1	 0.36	-0.01	-0.2	36_L	[-16.39967568  19.85283784  -3.53289189]
0.11	 0.62	0.03	-0.26	37_T	[-24.83307692  16.211       -1.59538462]
0.22	 1.39	0.26	-0.52	41_L	[-15.88491667  17.07616667  -9.36975   ]
-0.01	 0.1	0.02	-0.07	41_L	[-15.69196296  13.13168519  -5.93572222]
-0.03	 -0.17	-0.03	0.01	41_L	[-15.23252941  16.61752941  -6.852     ]
0.09	 1.27	0.02	-0.2	44_A	[-13.63286667  20.93446667 -13.4966    ]
0.01	 0.4	-0.04	-0.13	44_A	[-14.91585455  19.63796364  -9.33063636]
-0.0	 0.1	-0.04	0.0	45_N	[-13.7255      18.88741667 -14.83733333]
0.1	 1.3	0.04	-0.27	45_N	[-14.327375  19.529    -15.987875]
-0.1	 -0.42	0.02	0.12	45_N	[-14.85684375  17.7795     -17.18475   ]
0.06	 0.25	-0.02	-0.11	45_N	[-13.719       16.30571429 -14.7505    ]
0.02	 0.55	0.05	-0.16	45_N	[-13.80732258  16.96051613 -11.902     ]
-0.18	 -0.52	0.0	0.26	45_N	[-12.75024324  18.13335135 -11.75794595]
-0.1	 -0.49	0.02	0.13	45_N	[-13.21222727  15.04479545 -11.79479545]
0.07	 0.7	-0.12	-0.14	46_G	[-17.11073077  20.05784615 -18.04180769]
-0.09	 -0.52	0.0	0.12	46_G	[-18.53418605  18.28386047 -19.19395349]
-0.12	 0.5	-0.34	0.08	47_Q	[-19.80436364  15.46454545 -18.71545455]
0.14	 1.36	0.07	-0.33	47_Q	[-21.17046667  14.98726667 -18.3236    ]
0.12	 1.87	0.05	-0.25	47_Q	[-20.00442857  13.84295238 -17.28052381]
0.12	 1.45	0.18	-0.44	47_Q	[-15.8756  14.4227 -17.7723]
-0.15	 -0.5	0.02	0.21	47_Q	[-17.12888235  14.74361765 -18.63476471]
-0.08	 -0.06	-0.04	0.05	47_Q	[-14.746625  14.025225 -16.9376  ]
0.19	 0.86	-0.03	-0.22	48_L	[-20.37988889  16.59411111 -19.55944444]
0.06	 0.64	0.02	-0.14	48_L	[-21.62162162  18.93621622 -20.46297297]
0.23	 1.42	0.15	-0.41	48_L	[-25.6279375  20.8680625 -20.4095   ]
-0.08	 -0.29	-0.1	-0.01	48_L	[-24.04793548  19.57820968 -22.43054839]
0.17	 1.5	0.31	-0.56	49_E	[-22.18825     14.60325    -19.18616667]
0.09	 0.4	-0.06	-0.18	49_E	[-26.24882353  14.71611765 -19.71888235]
0.11	 1.26	0.05	-0.29	49_E	[-24.922375   12.1601875 -17.656    ]
0.03	 -0.4	-0.06	-0.1	49_E	[-26.7794   12.98805 -17.89575]
0.0	 0.27	-0.03	-0.09	49_E	[-24.1586      12.34885714 -19.98294286]
-0.17	 -0.84	0.05	0.23	49_E	[-24.65648077  13.36496154 -22.07998077]
-0.2	 -0.67	-0.05	0.23	49_E	[-22.52338462  14.23915385 -23.301     ]
-0.14	 -0.17	-0.04	0.15	49_E	[-21.43130769  14.42530769 -21.37871795]
-0.12	 -0.14	0.04	0.13	49_E	[-23.8776383   16.07989362 -22.97504255]
0.16	 1.53	0.28	-0.54	50_I	[-22.19614286  13.67266667 -17.871     ]
0.15	 1.6	0.26	-0.52	50_I	[-24.49233333  11.72133333 -16.63      ]
0.14	 1.25	0.07	-0.32	50_I	[-23.00247368  10.88286842 -16.43965789]
0.18	 1.52	0.16	-0.43	50_I	[-20.20075     11.96616667 -17.27041667]
0.15	 0.99	0.1	-0.32	52_E	[-29.4976   17.4447  -15.78705]
0.1	 0.52	-0.02	-0.17	52_E	[-30.17454545  14.01554545 -16.45754545]
-0.05	 -0.14	-0.14	-0.01	52_E	[-31.01204762  15.71757143 -15.27647619]
-0.1	 -0.62	-0.04	0.12	52_E	[-29.30659375  15.351625   -18.0384375 ]
0.13	 1.0	-0.09	-0.09	52_E	[-27.45116667  15.92       -19.69866667]
-0.06	 -0.28	-0.0	-0.06	52_E	[-29.10161111  17.846      -20.07677778]
-0.07	 -0.34	0.04	0.06	52_E	[-27.33788679  18.05296226 -20.90741509]
-0.13	 -0.1	-0.03	0.08	52_E	[-30.00857895  18.72571053 -18.46815789]
0.13	 0.95	0.04	-0.3	53_V	[-28.610875  13.25775  -17.0615  ]
0.09	 0.77	-0.02	-0.16	53_V	[-30.32028571  12.34278571 -16.22871429]
-0.12	 0.05	-0.08	0.15	53_V	[-27.89822222  11.29533333 -17.10761111]
0.05	 -0.2	-0.02	-0.14	53_V	[-26.04307692  10.40773077 -15.86465385]
-0.15	 -0.33	1.55	0.46	53_V	[-29.0588       9.22503333 -15.65426667]
0.11	 1.12	0.06	-0.35	55_L	[-33.064       16.82346667 -12.4264    ]
-0.01	 -0.3	-0.05	0.03	55_L	[-33.26783784  16.10475676 -10.33627027]
0.17	 1.28	0.14	-0.42	55_L	[-31.1554   17.83116 -13.16628]
0.17	 1.45	0.27	-0.53	55_L	[-29.8617   18.91615 -14.4115 ]
0.12	 -0.19	-0.01	-0.22	55_L	[-31.38548276  19.17775862 -10.13858621]
0.18	 1.36	0.16	-0.43	56_K	[-32.31688235  16.15241176 -13.94158824]
-0.17	 -1.14	-0.24	0.22	56_K	[-34.26922222  15.06055556 -13.49922222]
0.08	 1.1	0.34	-0.55	56_K	[-34.5486  14.5506 -11.57  ]
-0.12	 -0.44	0.02	0.19	56_K	[-35.2512    12.661325 -11.799525]
-0.03	 -0.07	-0.07	-0.05	56_K	[-32.659       13.85096429 -15.71703571]
-0.14	 -0.51	-0.05	0.12	56_K	[-35.38190625  12.54434375 -14.9955    ]
-0.09	 -0.24	-0.15	0.06	56_K	[-33.50363889  10.53086111 -15.71455556]
-0.28	 -1.35	0.15	0.4	56_K	[-34.155925  11.75925  -17.971625]
-0.32	 -1.41	0.27	0.52	56_K	[-36.41986957  10.70593478 -17.36995652]
-0.02	 0.36	-0.07	-0.08	57_N	[-34.10664286  10.69171429 -10.43457143]
-0.05	 -0.62	-0.06	0.06	57_N	[-34.38588889  11.754       -9.00277778]
-0.11	 -0.15	0.05	0.08	57_N	[-32.86016667  10.96933333  -7.35927778]
0.13	 0.72	-0.17	-0.11	57_N	[-32.5454   9.49    -9.3263]
0.09	 0.83	-0.06	-0.21	57_N	[-32.94609091   9.52395455 -12.54540909]
-0.23	 -1.02	0.07	0.34	57_N	[-32.74388372   7.98611628 -11.457     ]
0.06	 -0.01	-0.01	-0.11	57_N	[-31.51240909   9.08318182 -13.72145455]
0.2	 0.79	-0.08	-0.23	58_G	[-34.36677778  13.81177778  -9.42733333]
-0.19	 -1.13	0.07	0.3	58_G	[-34.32667568  14.23508108  -7.47254054]
0.17	 1.29	0.11	-0.33	58_G	[-32.43859091  14.48013636  -6.50422727]
-0.1	 -0.55	-0.07	0.1	58_G	[-32.551425  15.329625  -5.024275]
0.1	 1.42	0.16	-0.44	59_A	[-31.6438  17.4874  -5.5068]
0.02	 0.03	0.04	-0.1	59_A	[-31.58932  17.88856  -7.62184]
0.02	 -0.4	-0.07	0.05	60_D	[-31.392625   18.6168125  -4.7973125]
-0.03	 -0.14	-0.04	0.02	60_D	[-30.03880556  17.48022222  -2.65416667]
-0.14	 -0.57	-0.01	0.18	60_D	[-31.267875  19.914125  -2.23425 ]
-0.0	 -0.31	-0.04	-0.03	60_D	[-30.83114286  21.65425     -3.60153571]
-0.15	 -0.63	0.04	0.22	60_D	[-29.48914583  20.31104167  -0.83072917]
0.1	 -0.05	0.01	-0.21	61_V	[-30.939       20.45281818  -6.28009091]
0.15	 0.87	0.06	-0.29	61_V	[-30.99175   20.837625  -8.13075 ]
0.01	 0.1	-0.02	-0.02	61_V	[-31.71686667  23.05716667  -6.48386667]
0.15	 1.34	0.01	-0.3	62_N	[-28.424875  22.765125  -1.556125]
-0.03	 -0.25	-0.05	0.02	62_N	[-26.95934375  24.02446875  -1.25371875]
-0.11	 -0.42	-0.04	0.08	62_N	[-29.10559459  24.65740541  -2.51837838]
-0.0	 -0.12	-0.23	0.0	62_N	[-29.0942  26.602   -3.2418]
0.25	 1.04	0.23	-0.46	62_N	[-27.16961905  26.738       -4.24709524]
-0.13	 -0.44	0.01	0.16	62_N	[-31.4365814   25.49523256  -4.35239535]
0.03	 0.47	-0.05	-0.06	63_A	[-26.874       21.07623077  -0.56330769]
0.07	 0.14	0.05	-0.15	63_A	[-25.57041176  18.62444118  -1.35588235]
0.05	 0.1	-0.04	-0.05	64_S	[-25.24861111  21.648        0.38072222]
-0.12	 -0.3	0.0	0.04	64_S	[-22.99155882  20.38085294   1.58847059]
0.02	 0.19	-0.02	-0.08	64_S	[-24.06474074  25.01022222   0.50737037]
-0.19	 -0.6	0.07	0.28	64_S	[-23.78717949  23.82010256   2.59887179]
0.13	 1.26	0.42	-0.65	65_D	[-20.7465  19.9515   2.4865]
0.06	 0.16	-0.11	-0.04	65_D	[-20.5338  20.7351   3.3366]
0.01	 -0.07	0.03	-0.07	65_D	[-21.09733333  23.29095238   3.51842857]
0.06	 0.57	0.02	-0.19	65_D	[-15.75514583  21.26995833   0.54833333]
0.09	 1.23	0.14	-0.36	66_S	[-19.321   19.9987   3.7837]
-0.12	 -0.33	-0.06	0.12	66_S	[-19.671       21.95723529   5.21588235]
0.18	 -0.83	-0.11	-0.13	66_S	[-19.33675   24.17425    4.687875]
-0.18	 -0.33	0.06	0.23	66_S	[-18.03088462  24.73307692   6.01457692]
-0.17	 -0.68	0.07	0.22	66_S	[-17.72642222  20.71022222   6.33215556]
-0.01	 0.28	-0.04	-0.09	66_S	[-15.5082381   20.78630952   4.70609524]
0.14	 1.89	0.06	-0.33	67_A	[-17.1423  26.328    4.5841]
0.09	 1.09	-0.01	-0.19	67_A	[-18.29683333  27.09455556   3.55433333]
0.19	 1.37	0.29	-0.44	67_A	[-16.322       27.68380952   1.00809524]
-0.02	 -0.01	-0.07	-0.03	67_A	[-14.61187234  24.80653191   2.34912766]
0.03	 1.1	-0.09	-0.09	68_G	[-19.6002  25.4346   3.698 ]
-0.07	 0.05	-0.09	0.07	68_G	[-20.89367568  26.97002703   2.3152973 ]
0.19	 -0.13	0.13	-0.36	68_G	[-21.9385      27.67327273  -0.43463636]
0.09	 0.75	-0.0	-0.26	69_I	[-16.46589189  26.87540541  -1.82491892]
0.2	 1.38	0.07	-0.32	69_I	[-16.53436111  24.09219444  -3.93933333]
-0.2	 -0.74	-0.06	0.3	69_I	[-14.5530678   24.49542373  -1.85688136]
0.11	 0.67	-0.01	-0.22	70_T	[-24.621325  26.543275  -2.4247  ]
0.13	 1.49	0.06	-0.31	73_H	[-16.81985714  26.8217619   -7.62804762]
0.16	 1.26	0.2	-0.48	73_H	[-16.29866667  27.7295      -8.378     ]
0.1	 1.14	-0.0	-0.25	73_H	[-17.68752  27.125    -5.20596]
0.17	 1.47	0.37	-0.6	73_H	[-18.27272222  28.23727778  -3.72922222]
0.21	 1.25	0.17	-0.43	74_L	[-15.64103846  25.54307692  -8.94215385]
0.16	 1.2	0.02	-0.27	74_L	[-16.7652      20.67353333  -5.7988    ]
-0.15	 -0.39	-0.14	0.16	74_L	[-15.01753425  23.57609589  -6.86861644]
0.18	 0.88	0.04	-0.25	77_Y	[-12.22925     28.47191667 -13.93554167]
0.09	 0.27	0.1	0.01	77_Y	[-14.76345161  27.431       -8.99329032]
0.09	 0.31	0.04	-0.23	77_Y	[-12.44128571  29.08764286  -8.39971429]
0.16	 1.67	-0.14	-0.12	77_Y	[-12.3274  30.0496  -8.1718]
-0.01	 0.34	0.01	-0.04	77_Y	[-11.7353      27.1126     -10.14396667]
-0.02	 -0.06	-0.14	0.01	77_Y	[-10.6439   31.25505  -8.6693 ]
-0.18	 -0.91	0.03	0.25	77_Y	[-10.01652381  27.84340476 -10.56069048]
-0.03	 0.25	0.04	-0.01	77_Y	[-9.98458824 29.52458824 -9.53088235]
-0.18	 -0.41	0.09	0.25	77_Y	[ -8.60517857  30.58592857 -10.30530357]
-0.01	 -1.3	-0.02	-0.02	78_D	[-12.38254545  25.98818182 -13.93127273]
0.08	 0.93	-0.04	-0.16	78_D	[-12.976       27.39590909 -15.733     ]
-0.1	 -0.41	0.04	0.15	78_D	[-13.30996552  25.2882069  -16.72165517]
0.11	 0.54	0.0	-0.12	78_D	[-13.0555      23.62114286 -14.25714286]
-0.13	 -0.35	0.02	0.09	78_D	[-12.279       23.61861111 -12.695     ]
-0.02	 -0.03	-0.05	-0.05	78_D	[-12.62571795  25.24825641 -10.88312821]
-0.06	 -0.21	-0.01	0.01	78_D	[-13.31796  22.27284 -11.06912]
0.14	 0.7	-0.17	-0.12	79_G	[-14.16527273  27.56945455 -17.82527273]
-0.11	 -0.26	0.01	0.1	79_G	[-16.12404878  26.95117073 -19.23426829]
0.11	 -0.36	-0.1	-0.08	80_H	[-17.86845455  24.72536364 -19.15972727]
0.16	 1.05	0.01	-0.27	80_H	[-19.90891667  24.39758333 -18.86958333]
0.1	 0.27	0.09	-0.25	80_H	[-19.20911765  22.87894118 -17.94376471]
-0.13	 -0.61	0.02	0.2	80_H	[-15.83696875  22.9021875  -18.72575   ]
0.06	 0.51	0.0	-0.14	80_H	[-13.9086875  21.570375  -15.556875 ]
-0.14	 -0.27	-0.04	0.18	80_H	[-14.20090909  21.61739394 -17.31733333]
0.07	 0.22	-0.09	-0.06	81_L	[-19.24578571  26.04971429 -20.25092857]
0.03	 0.04	-0.01	-0.07	81_L	[-19.85273171  28.19178049 -21.25529268]
0.19	 1.3	0.37	-0.61	81_L	[-22.39636364  31.51236364 -21.23645455]
-0.07	 -0.17	-0.14	0.04	81_L	[-22.05879167  29.22597222 -23.03744444]
0.13	 0.84	-0.01	-0.21	82_E	[-21.21515385  24.46261538 -20.43361538]
0.16	 1.58	0.09	-0.38	82_E	[-25.1355    24.784875 -20.78125 ]
0.18	 1.67	0.05	-0.29	82_E	[-25.92586667  24.23466667 -19.8286    ]
0.08	 -0.11	0.02	-0.2	82_E	[-23.45317949  22.63089744 -20.9965641 ]
-0.07	 -0.33	-0.18	0.1	82_E	[-22.95162222  24.96297778 -23.12764444]
-0.11	 -0.23	0.02	0.03	82_E	[-22.41761111  22.84833333 -24.69527778]
-0.28	 -0.92	0.17	0.41	82_E	[-21.04834211  22.13184211 -23.72957895]
-0.24	 -0.98	0.12	0.35	82_E	[-23.98016216  22.12567568 -24.59583784]
0.19	 1.5	0.18	-0.43	83_I	[-21.39325    23.3578125 -18.6890625]
0.18	 0.93	-0.0	-0.22	83_I	[-21.04485  21.1013  -18.383  ]
0.2	 1.39	0.14	-0.41	83_I	[-19.65718182  20.73954545 -17.62863636]
0.13	 0.93	0.09	-0.34	85_E	[-28.04769565  28.80404348 -16.88291304]
0.07	 0.47	-0.03	-0.21	85_E	[-29.007875   25.350375  -18.1730625]
-0.05	 0.3	-0.09	-0.11	85_E	[-29.73865  27.19965 -16.8669 ]
-0.06	 -0.23	-0.07	0.07	85_E	[-27.93439286  26.49510714 -19.37564286]
0.04	 0.35	0.04	-0.18	85_E	[-27.5136  29.6008 -18.852 ]
-0.05	 -0.01	0.09	-0.08	85_E	[-26.57547619  28.61819048 -21.82866667]
-0.11	 -0.4	-0.05	0.14	85_E	[-25.68843902  30.12387805 -21.96580488]
-0.09	 -0.3	-0.02	0.05	85_E	[-25.77530769  26.58178846 -21.88632692]
0.19	 1.79	0.11	-0.39	86_V	[-29.69636364  24.105      -17.98681818]
0.23	 1.6	0.17	-0.43	86_V	[-29.98370588  20.45282353 -16.66191176]
-0.04	 -0.23	-0.1	0.05	86_V	[-27.94952273  22.26081818 -19.43247727]
0.13	 1.3	0.11	-0.41	88_L	[-31.76018182  28.73809091 -14.38663636]
-0.03	 -0.09	0.01	0.04	88_L	[-32.17271053  28.34539474 -12.25352632]
0.18	 1.59	0.21	-0.47	88_L	[-29.64314286  29.3707619  -14.60414286]
0.18	 0.81	0.06	-0.29	88_L	[-29.57910714  30.67907143 -11.80260714]
0.18	 1.61	0.27	-0.52	89_K	[-30.88970588  27.99217647 -15.58011765]
-0.08	 -0.4	-0.27	0.13	89_K	[-33.1218   27.36305 -15.1861 ]
-0.13	 -0.38	0.07	0.16	89_K	[-34.75323256  25.02895349 -13.82769767]
-0.06	 -0.46	-0.13	0.08	89_K	[-31.92682353  26.617      -17.22141176]
-0.08	 -0.15	-0.07	0.05	89_K	[-34.45146875  24.638      -16.83790625]
-0.07	 -0.1	-0.0	-0.01	89_K	[-31.98771111  24.11851111 -18.4174    ]
-0.23	 -0.95	0.15	0.31	89_K	[-34.90886364  24.28111364 -19.17325   ]
-0.27	 -0.98	0.01	0.42	89_K	[-34.17953571  22.05725    -19.43669643]
-0.02	 0.12	-0.13	-0.03	90_H	[-34.20647059  22.96164706 -12.31335294]
-0.06	 -0.19	-0.02	0.09	90_H	[-34.28936364  24.13263636 -10.73309091]
-0.05	 -0.19	0.05	0.05	90_H	[-32.93609677  22.42129032  -9.46025806]
0.1	 1.45	-0.07	-0.16	90_H	[-32.85791667  21.06975    -11.30925   ]
0.13	 1.15	-0.08	-0.21	90_H	[-33.98942857  22.24728571 -13.74      ]
-0.1	 -0.31	-0.04	0.09	90_H	[-33.6965      19.82571875 -12.53315625]
0.13	 1.31	0.09	-0.37	90_H	[-33.72633333  22.39588889 -14.90333333]
-0.23	 -0.64	-0.02	0.27	90_H	[-33.83669643  19.02483929 -14.57878571]
-0.0	 0.51	-0.05	-0.13	90_H	[-32.54361538  20.56275    -16.13101923]
0.28	 0.72	-0.05	-0.23	91_G	[-33.784   26.1717 -11.2936]
-0.15	 -0.78	0.05	0.24	91_G	[-33.79107317  26.13363415  -9.07541463]
0.16	 0.72	-0.01	-0.22	91_G	[-32.01155556  27.98944444  -9.03455556]
-0.05	 -0.09	0.0	0.01	91_G	[-32.25226667  27.07083333  -6.85353333]
0.01	 -0.09	0.02	-0.07	92_A	[-30.40473913  29.52682609  -9.28526087]
0.03	 -0.45	-0.08	0.02	93_D	[-30.35771429  30.029       -6.184     ]
-0.03	 -0.05	-0.03	-0.08	93_D	[-29.2309375   28.62178125  -3.950125  ]
-0.13	 -0.51	-0.02	0.18	93_D	[-30.121125  30.9955    -3.482   ]
0.0	 0.05	0.0	0.02	93_D	[-29.2627037   32.68718519  -4.59514815]
-0.18	 -0.5	0.09	0.24	93_D	[-28.49856098  30.94841463  -1.94441463]
0.08	 0.56	-0.0	-0.16	94_V	[-29.61736364  31.68336364  -7.54709091]
0.15	 0.69	0.11	-0.33	94_V	[-29.20620833  32.420375    -9.98445833]
-0.03	 -0.17	0.03	-0.04	94_V	[-29.74360606  34.46318182  -7.7739697 ]
0.12	 1.39	0.29	-0.54	95_N	[-27.31245455  33.55472727  -2.98990909]
-0.04	 -0.04	-0.16	0.04	95_N	[-26.60222222  34.09205556  -2.07438889]
0.02	 0.18	0.03	-0.1	95_N	[-27.19568085  35.9903617   -3.95438298]
0.1	 1.8	0.08	-0.37	95_N	[-27.2436  37.653   -4.4822]
-0.12	 -0.21	-0.01	0.16	95_N	[-28.97712121  37.34787879  -5.80660606]
0.09	 -0.69	0.01	-0.14	96_A	[-25.63184615  31.87746154  -1.41692308]
0.06	 0.64	0.03	-0.17	96_A	[-24.96708571  28.88        -2.39794286]
0.01	 0.03	-0.01	-0.06	97_Y	[-24.09513333  31.4698      -0.3824    ]
-0.02	 0.09	0.03	-0.02	97_Y	[-21.82585366  30.16797561   1.03463415]
-0.08	 -0.9	-0.06	0.08	97_Y	[-22.20328571  33.19528571   1.61082143]
-0.07	 0.32	-0.07	0.07	97_Y	[-22.66766667  35.21166667   1.664     ]
0.02	 0.49	0.07	-0.17	97_Y	[-21.43346154  36.27642308   1.36203846]
-0.08	 -0.57	0.03	0.13	97_Y	[-24.56441667  34.5635       0.548625  ]
-0.06	 -0.1	-0.11	0.04	97_Y	[-21.898125   38.186875    0.8566875]
-0.13	 -0.52	-0.07	0.18	97_Y	[-25.28765714  36.6908      -0.44848571]
-0.13	 -0.73	-0.03	0.16	97_Y	[-23.5933  37.888    0.8483]
0.02	 0.24	0.08	-0.09	97_Y	[-24.11761224  39.07514286  -1.41922449]
0.11	 -0.05	-0.02	-0.16	98_D	[-19.39058333  29.73783333   2.36325   ]
0.02	 -0.02	0.02	-0.06	98_D	[-19.07766667  32.4282381    2.58790476]
0.18	 1.29	0.32	-0.56	98_D	[-17.24404167  28.42245833  -1.68008333]
0.08	 0.53	0.04	-0.24	98_D	[-15.7916   29.44728  -0.1754 ]
0.0	 0.34	-0.2	-0.07	98_D	[-15.57125     29.63152273  -2.41384091]
0.09	 2.27	0.13	-0.39	99_R	[-18.4811  28.8338   2.7851]
-0.01	 -0.73	-0.04	0.05	99_R	[-17.71038095  30.235        4.08809524]
0.07	 0.85	0.15	-0.42	99_R	[-14.12833333  31.43183333   3.35041667]
-0.19	 -0.64	-0.15	0.34	99_R	[-15.95094595  33.03213514   4.55881081]
0.03	 0.24	-0.12	-0.07	99_R	[-15.09178125  28.98703125   3.10040625]
-0.13	 -0.43	-0.09	0.13	99_R	[-14.8258   29.99866   5.24554]
-0.18	 -0.82	0.11	0.26	99_R	[-13.05802778  28.42194444   5.24202778]
-0.02	 -0.01	0.07	-0.07	99_R	[-15.67364706  27.00923529   5.95329412]
-0.06	 -0.07	0.08	-0.08	99_R	[-13.60552941  25.67576471   6.36235294]
-0.22	 -0.99	0.08	0.34	99_R	[-12.06992982  25.60308772   5.48908772]
-0.1	 -0.29	-0.01	0.14	99_R	[-14.72282927  23.98429268   6.33812195]
0.12	 1.29	0.06	-0.38	100_A	[-14.4124   30.92285   1.8929 ]
-0.02	 0.14	-0.16	-0.01	100_A	[-13.87272  33.39696   3.11352]
0.13	 1.34	0.16	-0.44	100_A	[-15.986625  34.80125    3.251125]
0.18	 1.24	0.05	-0.27	100_A	[-13.93547368  36.30642105   0.92684211]
-0.08	 -0.38	0.02	-0.0	100_A	[-12.90024138  32.93446552   0.78768966]
0.14	 1.76	0.0	-0.24	101_G	[-17.15366667  34.27058333   2.89675   ]
0.03	 0.25	-0.02	-0.06	101_G	[-18.35962162  35.99005405   2.02545946]
0.24	 1.32	-0.09	-0.22	102_W	[-12.4161  37.0589  -3.4337]
0.19	 1.52	0.25	-0.51	102_W	[-13.06138462  35.60853846  -1.11138462]
0.12	 1.16	0.09	-0.35	102_W	[-13.67082353  30.99958824  -2.49611765]
-0.13	 -0.28	-0.09	0.15	102_W	[-11.04934043  35.42946809  -2.69023404]
-0.12	 -0.59	-0.05	0.18	102_W	[-12.01186  31.33918  -2.84718]
-0.2	 -1.02	0.07	0.31	102_W	[-10.16351282  33.04748718  -2.35546154]
0.1	 0.53	0.03	-0.2	107_L	[-16.38811538  28.97119231  -6.14596154]
0.04	 0.66	-0.08	-0.05	107_L	[-13.83413953  30.52725581  -6.17911628]
0.18	 1.25	0.37	-0.65	110_L	[ -9.89909091  33.35181818 -10.66363636]
-0.0	 -0.11	-0.1	-0.01	110_L	[ -9.09079487  34.56966667 -12.15894872]
0.04	 0.25	-0.2	-0.05	110_L	[-10.17335714  33.48714286  -9.31407143]
0.08	 0.48	0.1	-0.28	110_L	[-11.40217391  34.10028261  -6.24256522]
-0.12	 -0.63	-0.08	0.14	110_L	[-9.54264 35.87102 -7.33802]
-0.02	 0.21	-0.0	-0.06	111_S	[ -9.59444444  32.59705556 -13.44294444]
0.09	 0.59	0.04	-0.19	111_S	[ -9.87        34.59985714 -14.932     ]
-0.08	 -0.4	-0.01	0.08	111_S	[-10.65019355  32.94322581 -16.53270968]
-0.06	 -0.41	-0.05	0.09	111_S	[-10.39696154  30.66496154 -13.79984615]
0.17	 1.55	0.12	-0.39	112_G	[-11.42183333  36.3635     -17.275125  ]
-0.09	 -0.11	-0.03	0.1	112_G	[-12.755625    35.07160417 -18.7619375 ]
0.02	 0.13	-0.19	-0.04	113_Q	[-14.74169231  33.25661538 -19.09776923]
0.1	 1.42	0.18	-0.46	113_Q	[-16.35133333  33.61222222 -19.35255556]
-0.03	 -0.09	-0.02	-0.03	113_Q	[-15.42489583  31.3059375  -18.81039583]
-0.07	 -0.24	-0.02	0.14	113_Q	[-12.69633962  29.76339623 -17.53669811]
0.04	 -0.1	-0.08	0.0	114_L	[-15.45913333  34.59613333 -20.00973333]
-0.05	 -0.1	-0.11	0.07	114_L	[-15.47468293  36.70241463 -21.06329268]
0.15	 1.24	0.19	-0.46	114_L	[-18.77733333  37.07188889 -22.58316667]
0.1	 0.72	-0.08	-0.19	114_L	[-17.08152174  40.50217391 -20.94256522]
-0.22	 -0.98	0.08	0.39	114_L	[-16.53872222  38.84455556 -23.32625   ]
0.15	 0.24	-0.01	-0.18	115_E	[-17.449       33.72016667 -20.51283333]
0.12	 1.74	0.1	-0.38	115_E	[-21.2678  34.6212 -21.8882]
0.2	 1.03	0.05	-0.31	115_E	[-22.18583333  34.46605556 -21.02327778]
0.13	 0.57	0.04	-0.23	115_E	[-20.02006667  32.4106     -21.5074    ]
-0.07	 -0.19	-0.03	0.08	115_E	[-18.64340476  34.13083333 -23.65630952]
-0.17	 -0.83	-0.03	0.24	115_E	[-19.49507143  32.81764286 -25.62014286]
-0.26	 -0.77	0.08	0.37	115_E	[-21.5037027   32.47913514 -24.89418919]
-0.2	 -0.86	0.08	0.32	115_E	[-18.93257143  30.78147619 -24.43830952]
0.19	 1.54	0.34	-0.58	116_I	[-18.37590909  32.31954545 -19.137     ]
0.21	 1.3	0.15	-0.43	116_I	[-18.7284375  30.8744375 -18.99375  ]
0.15	 1.04	-0.01	-0.22	116_I	[-17.62535714  29.62       -18.70057143]
0.13	 0.82	0.07	-0.29	118_E	[-23.66982353  39.09841176 -18.25982353]
0.11	 0.71	-0.07	-0.17	118_E	[-25.04275     36.31458333 -19.67008333]
-0.01	 -0.13	-0.02	-0.03	118_E	[-26.07055  37.69355 -18.55635]
-0.04	 -0.27	-0.06	0.01	118_E	[-23.785       36.98496429 -20.77385714]
0.01	 0.21	-0.05	-0.08	118_E	[-22.18408333  40.0155     -20.31691667]
-0.04	 -0.6	-0.03	0.02	118_E	[-21.67444  38.44128 -22.81404]
-0.08	 -0.19	-0.0	0.07	118_E	[-21.53708889  36.31208889 -22.97346667]
-0.22	 -0.35	0.07	0.25	118_E	[-20.79908571  39.73471429 -23.02362857]
0.08	 0.46	-0.06	-0.21	119_V	[-26.63768182  34.80759091 -18.91322727]
0.1	 1.16	0.0	-0.2	119_V	[-27.23365217  32.28473913 -18.65895652]
-0.04	 -0.09	-0.03	0.02	119_V	[-24.67046512  32.89111628 -20.62244186]
-0.01	 -0.16	-0.1	-0.04	121_L	[-27.90714286  39.81528571 -15.82428571]
-0.04	 -0.16	-0.01	0.0	121_L	[-28.71658974  39.61597436 -13.73917949]
-0.01	 -0.15	-0.01	0.03	121_L	[-25.93289286  40.29560714 -15.96921429]
0.04	 0.02	-0.04	-0.05	121_L	[-23.72148276  41.30331034 -16.43706897]
0.08	 0.22	-0.0	-0.11	121_L	[-24.89588571  41.72182857 -13.03914286]
0.14	 0.82	0.07	-0.3	122_K	[-27.2689  38.8065 -17.1832]
-0.08	 -0.46	-0.02	0.12	122_K	[-29.66361111  38.99794444 -16.93344444]
0.08	 0.86	0.01	-0.25	122_K	[-30.44928571  38.55057143 -14.87085714]
-0.13	 -0.46	-0.01	0.16	122_K	[-31.67365909  36.87804545 -15.64886364]
-0.01	 -0.23	-0.11	-0.02	122_K	[-28.11095455  37.50468182 -18.94709091]
-0.03	 -0.07	-0.02	-0.02	122_K	[-31.1707027   36.783      -18.49797297]
-0.15	 -0.66	-0.05	0.1	122_K	[-29.315675  35.584725 -19.855525]
-0.21	 -1.22	-0.01	0.39	122_K	[-32.24856522  35.99915217 -20.20995652]
-0.21	 -1.0	0.13	0.4	122_K	[-31.63588889  35.32566667 -22.15649206]
-0.02	 0.47	-0.16	-0.02	123_H	[-31.6655      35.07071429 -13.97707143]
-0.09	 -0.29	-0.03	0.09	123_H	[-31.6823  36.2301 -12.6442]
-0.11	 -0.33	0.03	0.1	123_H	[-30.94623077  34.607      -11.10465385]
0.12	 1.03	0.01	-0.25	123_H	[-30.3316875  32.9960625 -12.7348125]
-0.17	 -0.44	-0.03	0.17	123_H	[-31.68514286  32.13264286 -14.3145    ]
0.22	 1.51	0.28	-0.53	123_H	[-28.68909091  33.68136364 -17.93781818]
-0.12	 -0.36	-0.04	0.14	123_H	[-31.44525714  31.48498571 -16.42864286]
-0.06	 -0.04	-0.13	0.04	123_H	[-29.57455   31.71155  -17.588775]
0.14	 0.95	-0.08	-0.16	124_G	[-30.7506  38.1287 -13.1559]
-0.13	 -0.63	0.08	0.16	124_G	[-30.6763913   38.31869565 -10.80704348]
0.17	 1.67	-0.19	-0.08	124_G	[-29.0238  39.6672  -9.7242]
-0.05	 -0.27	-0.02	0.03	124_G	[-29.61875862  38.38906897  -8.43617241]
0.04	 0.36	0.03	-0.07	125_A	[-26.97703125  40.6255     -10.514875  ]
0.04	 -0.46	-0.04	-0.06	126_D	[-27.1864375  41.06875    -7.604    ]
0.07	 0.28	0.01	-0.21	126_D	[-26.604025  39.112975  -4.859725]
-0.14	 -0.41	-0.03	0.14	126_D	[-27.36585714  41.76157143  -4.79564286]
0.06	 0.05	0.02	-0.12	126_D	[-26.265875    43.30070833  -5.86166667]
-0.14	 -0.35	-0.02	0.2	126_D	[-26.0628      41.20437778  -2.81326667]
0.1	 0.33	0.0	-0.18	127_V	[-25.85281818  42.64118182  -8.63681818]
0.13	 0.47	0.08	-0.28	127_V	[-20.99117241  44.84517241  -7.80037931]
0.06	 0.41	-0.07	-0.12	127_V	[-24.80852632  43.31194737 -10.75821053]
-0.09	 -0.7	-0.08	0.09	127_V	[-24.71054545  45.59050909  -9.18741818]
0.22	 1.49	0.08	-0.33	127_V	[-22.51027273  44.5155     -11.44272727]
0.16	 1.63	0.21	-0.47	128_N	[-21.94180952  45.72185714  -5.18061905]
0.14	 1.74	0.05	-0.3	128_N	[-23.90863636  43.37472727  -2.87454545]
-0.01	 -0.16	-0.1	-0.05	128_N	[-22.05972222  44.68738889  -2.33897222]
-0.09	 -0.54	-0.04	0.12	128_N	[-24.60009375  45.50325     -3.68253125]
-0.21	 -0.79	-0.04	0.22	128_N	[-25.0214  47.5588  -4.4731]
-0.25	 -0.82	0.04	0.38	128_N	[-23.16327273  47.58665909  -5.98675   ]
-0.2	 -0.7	0.08	0.27	128_N	[-26.07384  46.72534  -6.47488]
0.12	 0.95	-0.04	-0.06	129_A	[-23.3404  41.6176  -1.925 ]
0.08	 -0.07	-0.02	-0.08	130_Q	[-21.67944444  41.60611111  -0.74738889]
0.02	 -0.12	0.07	-0.11	130_Q	[-20.029       39.45211429   0.94851429]
-0.02	 -0.25	-0.05	-0.0	130_Q	[-19.56095652  42.375        1.08165217]
0.13	 2.52	0.03	-0.28	130_Q	[-20.933875  43.717875  -0.46825 ]
0.03	 0.26	-0.05	-0.04	130_Q	[-19.84445833  45.29854167   0.50204167]
-0.23	 -0.94	0.06	0.32	130_Q	[-19.205475  45.153675   2.071375]
-0.21	 -0.67	0.07	0.3	130_Q	[-19.70980702  46.80224561  -0.702     ]
0.14	 0.5	-0.01	-0.17	131_D	[-17.62154545  38.58054545   2.08154545]
0.02	 -0.14	-0.0	0.0	131_D	[-17.16866667  41.0918       2.43126667]
0.15	 1.68	0.09	-0.35	131_D	[-13.40444444  38.29461111   0.68627778]
0.04	 0.27	-0.04	-0.16	131_D	[-12.7055      38.50197727  -1.52654545]
0.12	 1.67	0.1	-0.38	132_A	[-16.91    37.7014   2.643 ]
-0.05	 0.4	-0.04	0.08	132_A	[-16.39377273  38.45390909   3.88390909]
0.21	 1.22	0.03	-0.32	132_A	[-15.529375  40.940625   3.784875]
-0.16	 -0.55	0.06	0.24	132_A	[-14.09833333  40.48261538   5.2825641 ]
-0.13	 -0.24	-0.11	0.15	132_A	[-14.31172857  36.64194286   4.1027    ]
0.19	 1.45	0.4	-0.62	133_L	[-12.99791667  38.70858333   1.96633333]
0.06	 0.43	-0.06	-0.11	133_L	[-12.08286667  42.18266667   3.91546667]
-0.05	 0.18	-0.07	0.05	133_L	[-13.5445      43.27258333   3.31183333]
-0.11	 -0.25	0.07	0.14	133_L	[-12.24984375  44.23978125   1.403375  ]
0.01	 0.01	-0.05	-0.03	133_L	[-10.45422727  42.28627273   2.18136364]
-0.05	 0.32	-0.23	0.06	133_L	[-11.36221739  38.55330435   2.08995652]
-0.18	 -1.09	0.08	0.31	133_L	[-8.73650667 39.69578667  1.91553333]
-0.25	 -1.31	0.09	0.33	133_L	[-10.46559184  39.82181633   4.97238776]
0.07	 0.79	-0.1	-0.13	134_G	[-15.2567  42.3828   3.1187]
-0.14	 -0.23	0.02	0.12	134_G	[-15.94        44.2876875    2.11284375]
0.13	 0.79	-0.03	-0.2	134_G	[-13.99033333  45.06266667  -0.162     ]
-0.01	 -0.0	-0.07	-0.02	134_G	[-16.09194872  45.69528205  -0.99971795]
-0.04	 -0.03	-0.08	0.02	135_L	[-10.55476812  41.66750725  -1.82017391]
-0.09	 -0.32	0.0	0.12	135_L	[-11.41439286  45.13353571  -2.438125  ]
0.21	 1.65	0.12	-0.36	136_T	[-18.87490909  44.97090909  -7.18154545]
0.05	 0.14	-0.09	-0.1	136_T	[-17.24854167  46.22854167  -6.45116667]
-0.03	 -0.27	-0.03	-0.02	136_T	[-19.11881579  45.75607895  -4.34647368]
0.14	 0.81	0.01	-0.19	138_F	[-18.421125    45.855625    -9.26408333]
0.15	 1.13	0.05	-0.29	138_F	[-18.06        47.60341667 -10.40225   ]
0.05	 0.08	-0.06	0.0	138_F	[-16.74605  48.05835  -8.94055]
0.12	 0.8	0.03	-0.21	138_F	[-15.70983333  48.60720833 -13.922125  ]
-0.13	 -0.05	-0.03	0.08	138_F	[-14.6646875   49.17520833  -9.57225   ]
-0.09	 0.02	-0.04	0.02	138_F	[-14.80757143  50.10082857 -12.05242857]
0.14	 1.06	0.04	-0.25	139_D	[-12.4229375  46.379375   -8.0149375]
0.16	 1.45	0.29	-0.55	139_D	[-10.87118182  45.743       -8.15690909]
0.07	 0.79	-0.08	-0.19	139_D	[-11.56106667  45.46933333  -5.9102    ]
-0.02	 0.27	-0.04	-0.03	139_D	[-13.43086364  46.78040909  -5.19954545]
-0.1	 -0.67	0.02	0.16	139_D	[-14.31331429  47.73231429  -6.47257143]
-0.04	 0.26	-0.0	-0.01	139_D	[-14.87206897  46.33941379  -3.63837931]
0.16	 1.22	0.07	-0.34	140_I	[-10.28292857  41.04671429  -7.61221429]
0.2	 1.57	0.28	-0.53	140_I	[-9.22846667 40.84353333 -9.03826667]
0.09	 0.46	0.0	-0.19	140_I	[-11.74936667  40.1893      -5.44886667]
0.14	 0.66	0.01	-0.19	140_I	[-10.04586667  39.0738      -8.12933333]
0.14	 0.86	0.01	-0.24	140_I	[-12.36        37.90547619  -5.10419048]
-0.02	 0.17	0.01	-0.03	142_I	[ -7.09671875  45.8825     -12.6179375 ]
0.16	 1.0	0.12	-0.36	142_I	[-11.40621053  47.04210526  -9.47136842]
-0.0	 0.12	-0.21	-0.08	142_I	[-12.23171429  48.49021429 -10.70678571]
-0.13	 -0.62	-0.05	0.18	142_I	[ -9.20280952  48.31666667 -10.87947619]
0.04	 0.22	-0.02	-0.08	142_I	[-12.06172222  48.67947222 -13.85997222]
0.02	 0.12	-0.09	0.0	143_N	[-6.4519  45.3092  -9.39225]
0.11	 1.23	0.08	-0.39	143_N	[ -5.95815789  43.53094737 -10.70610526]
-0.2	 -0.74	0.04	0.31	143_N	[ -4.86504651  43.09372093 -10.4135814 ]
-0.09	 -0.41	-0.03	0.11	143_N	[-7.1847027  42.41916216 -7.76194595]
-0.21	 -0.87	-0.03	0.24	143_N	[-7.32090909 44.52054545 -6.13027273]
-0.11	 -0.25	0.0	0.12	143_N	[-8.66601923 46.11328846 -7.35678846]
-0.06	 0.25	-0.12	0.0	143_N	[-9.68084906 43.25030189 -5.37579245]
-0.02	 0.5	-0.07	0.04	144_Q	[ -5.32636364  40.83818182 -12.30645455]
-0.05	 -0.79	-0.07	0.08	144_Q	[ -5.04266667  42.59777778 -13.38677778]
-0.13	 -0.52	0.07	0.18	144_Q	[ -5.92640625  40.7144375  -15.0456875 ]
0.03	 0.81	-0.04	-0.09	144_Q	[ -6.79907692  39.06676923 -13.14569231]
-0.1	 0.15	-0.08	0.04	144_Q	[-6.959      39.52772727 -9.98584848]
-0.1	 -0.63	0.02	0.08	144_Q	[ -7.01225     37.21358333 -11.826     ]
0.06	 0.03	-0.05	-0.12	144_Q	[ -8.25005882  37.29964706 -13.48611765]
-0.13	 -0.66	0.06	0.13	144_Q	[-7.690925 36.93465  -9.590475]
0.11	 1.15	-0.1	-0.15	145_G	[ -5.69314286  44.02771429 -13.12142857]
-0.12	 -0.57	0.03	0.18	145_G	[ -5.89234884  44.6994186  -15.06225581]
0.1	 0.1	-0.05	-0.09	145_G	[ -6.80309091  42.51127273 -16.96781818]
-0.17	 -0.71	0.06	0.25	145_G	[ -7.128       44.62419355 -17.81622581]
-0.05	 0.06	-0.1	-0.02	146_Q	[ -9.30909091  42.35118182 -18.40736364]
0.08	 0.54	-0.05	-0.14	146_Q	[-11.3902   41.04735 -18.0034 ]
-0.09	 -0.4	0.01	0.08	146_Q	[ -9.14573913  39.74306522 -17.69023913]
0.13	 1.31	0.08	-0.32	146_Q	[ -9.36941667  38.55629167 -16.09904167]
-0.18	 -0.6	-0.06	0.25	146_Q	[ -9.133       36.8514898  -16.78473469]
0.11	 -0.46	-0.22	0.07	147_E	[ -9.69618182  44.45054545 -18.83518182]
0.01	 0.1	-0.26	-0.02	147_E	[-12.05258333  46.42666667 -20.11825   ]
-0.06	 0.28	-0.09	-0.05	147_E	[-13.88357143  47.37860714 -18.65778571]
-0.06	 -0.1	-0.05	0.04	147_E	[-10.86963415  47.48256098 -18.2625122 ]
0.11	 0.77	-0.02	-0.25	147_E	[ -8.85445161  47.18567742 -15.74993548]
-0.09	 -0.89	-0.04	0.1	147_E	[ -9.15817241  49.13686207 -16.55334483]
-0.3	 -1.19	0.16	0.44	147_E	[ -9.49991892  49.937      -17.99521622]
-0.19	 -0.76	0.05	0.29	147_E	[ -8.64714634  49.535      -14.69660976]
0.11	 0.65	-0.09	-0.25	148_D	[-11.07421739  44.55704348 -19.91352174]
0.09	 0.95	-0.26	-0.12	148_D	[-14.53728571  45.99921429 -20.81371429]
0.11	 0.26	-0.34	-0.01	148_D	[-15.34722222  42.347      -20.37955556]
0.08	 0.27	0.09	-0.1	148_D	[-16.59587879  44.16257576 -20.42233333]
-0.13	 -0.58	-0.01	0.22	148_D	[-13.35009615  42.85284615 -21.36721154]
-0.13	 -0.42	-0.1	0.14	148_D	[-12.121625    44.69454167 -22.91258333]
-0.23	 -0.6	0.39	0.52	148_D	[-13.05164583  46.12889583 -22.7770625 ]
-0.25	 -0.97	0.08	0.48	148_D	[-10.73945455  43.79043182 -22.73277273]
0.12	 1.04	0.02	-0.27	149_L	[-13.559875  41.7845   -19.035375]
0.15	 1.67	0.06	-0.33	149_L	[-13.0052  40.7826 -18.068 ]
0.1	 0.55	0.05	-0.21	149_L	[-14.02488235  39.21441176 -18.52667647]
0.13	 1.1	0.02	-0.26	149_L	[-12.81957143  38.38014286 -17.41664286]
0.11	 1.54	-0.02	-0.26	150_A	[-15.783625  47.598375 -15.608125]
0.17	 1.01	0.07	-0.28	150_A	[-13.99585714  47.3617619  -15.46480952]
0.17	 1.51	0.15	-0.42	151_E	[-15.05971429  47.34071429 -16.82157143]
0.01	 0.6	-0.08	-0.13	151_E	[-16.98768966  48.40510345 -16.63168966]
-0.03	 -0.07	0.04	-0.02	151_E	[-20.18374359  47.66302564 -17.16569231]
0.08	 0.75	0.15	-0.33	151_E	[-15.468875    47.95329167 -19.41195833]
-0.16	 -0.29	-0.0	0.14	151_E	[-18.56238235  48.9175     -19.33852941]
-0.07	 -0.07	-0.95	0.57	151_E	[-16.7936    48.163725 -21.29945 ]
-0.27	 -0.65	-0.02	0.34	151_E	[-18.28297778  47.29055556 -21.97393333]
-0.32	 -0.78	0.36	0.49	151_E	[-16.078975  49.69945  -21.44885 ]
-0.03	 -0.28	-0.06	0.1	152_I	[-21.5453  45.3861 -17.8507]
0.1	 0.93	0.02	-0.23	152_I	[-21.48511111  45.75544444 -16.02466667]
-0.01	 0.3	-0.0	-0.07	152_I	[-22.58241935  43.83       -15.22522581]
0.06	 0.31	-0.02	-0.15	152_I	[-21.64385714  42.67319048 -18.65552381]
-0.11	 -0.32	-0.01	0.08	152_I	[-20.06489855  43.97943478 -20.54976812]
0.18	 1.24	0.18	-0.41	152_I	[-21.7743125  40.7995    -18.2711875]
0.21	 1.16	0.16	-0.39	153_L	[-20.31704762  45.37995238 -10.3252381 ]
0.2	 1.45	0.1	-0.38	154_Q	[-21.2287  46.6949 -14.7721]
0.12	 0.37	0.04	-0.25	154_Q	[-19.76625     47.60375    -11.08558333]
0.04	 0.64	0.01	-0.12	154_Q	[-21.98988  47.60812 -12.40404]
-0.34	 -1.13	0.01	0.47	154_Q	[-22.77774194  49.00977419 -11.38222581]
0.02	 0.46	-0.12	-0.05	154_Q	[-20.64971429  49.35457143 -14.3567619 ]
-0.1	 -0.15	-0.08	0.06	154_Q	[-19.87842857  49.84708571 -11.30571429]
-0.07	 0.3	-0.03	0.02	154_Q	[-18.98755556  51.49855556 -13.23505556]
-0.22	 -0.62	0.06	0.25	154_Q	[-18.124725  50.7786   -14.72925 ]
-0.23	 -0.85	0.09	0.32	154_Q	[-17.83054717  52.1320566  -11.75179245]
-0.11	 0.17	-0.01	0.04	154_Q	[-23.12459524  46.25019048 -13.16097619]
