-0.02	 -4.84	0.0	-0.09	1_V	[ -4.41983333  -4.42566667 -34.65083333]
0.08	 0.89	0.05	-0.3	1_V	[ -2.694  -5.673 -33.654]
0.1	 1.1	-0.01	-0.3	1_V	[ -1.86042857  -5.08304762 -33.07538095]
-0.13	 -0.31	-0.02	0.11	1_V	[ -0.97172727  -2.83357576 -34.28109091]
0.08	 0.66	-0.05	0.08	1_V	[ -1.51833333  -6.5275     -37.24816667]
-0.12	 -0.65	0.01	0.15	1_V	[ -3.79656667  -6.1313     -38.12616667]
-0.13	 -0.84	-0.05	0.19	1_V	[ -1.05957692  -3.55819231 -37.93638462]
-0.23	 -0.76	0.11	0.32	1_V	[ -4.80085  -5.01325 -35.48315]
-0.31	 -0.68	0.13	0.49	1_V	[ -3.84047619  -4.37761905 -33.56204762]
-0.27	 -0.86	0.01	0.3	1_V	[ -3.40742857  -2.679      -35.7685    ]
-0.7	 0.04	0.42	0.51	1_V	[ -2.58571429  -6.91714286 -34.36628571]
-0.08	 -0.02	0.0	0.05	1_V	[ -0.64556522  -6.58469565 -36.8123913 ]
-0.21	 -0.78	0.15	0.38	1_V	[ -2.65795833  -6.17266667 -39.10929167]
-0.21	 -1.28	0.13	0.35	1_V	[ -3.38459091  -7.48295455 -36.76072727]
-0.19	 -0.53	0.17	0.3	1_V	[ -4.63322222  -5.01       -37.53811111]
-0.23	 -0.95	0.25	0.44	1_V	[ -1.18775  -4.33105 -38.9858 ]
-0.09	 -1.02	0.18	0.16	1_V	[ -2.837       -2.91878947 -37.28705263]
-0.13	 -0.36	-0.14	0.19	1_V	[  0.09952941  -3.26723529 -36.71694118]
0.13	 1.27	0.01	-0.3	2_L	[  1.48927273  -3.28390909 -35.25545455]
-0.04	 0.16	-0.18	0.07	2_L	[  2.25866667  -5.56681481 -36.54344444]
-0.13	 -0.83	-0.0	0.15	2_L	[ -0.48104545  -5.51377273 -30.24022727]
0.12	 0.74	0.02	-0.33	2_L	[ -0.2096   -7.62636 -34.6334 ]
0.06	 0.03	-0.1	-0.07	2_L	[  0.62933333  -3.92391667 -32.06125   ]
0.02	 0.26	-0.19	-0.18	2_L	[ -1.36371429  -7.58457143 -32.34852381]
-0.05	 -0.09	0.0	0.0	2_L	[ -0.88783871  -7.16283871 -29.67293548]
0.05	 -0.16	0.06	-0.13	2_L	[  1.22213333  -4.9524     -30.098     ]
-0.1	 -0.43	-0.22	0.29	2_L	[ -1.04655556  -4.87805556 -31.56816667]
0.05	 -0.25	-0.21	-0.08	3_S	[  1.89628571  -2.78314286 -34.259     ]
0.04	 0.32	0.09	-0.31	3_S	[  2.55133333  -2.57333333 -35.094     ]
0.18	 1.39	0.4	-0.63	3_S	[  4.61072727  -5.32263636 -36.38972727]
-0.1	 -0.12	0.12	-0.17	3_S	[  4.3524      -1.18666667 -33.9356    ]
0.09	 1.45	-0.14	-0.05	3_S	[  4.18255556  -2.28744444 -31.86688889]
0.05	 0.35	0.02	-0.14	3_S	[  2.46514286  -3.39160714 -32.18407143]
-0.19	 -0.49	-0.05	0.16	3_S	[  3.5756087   -3.11517391 -36.35626087]
-0.1	 -0.38	0.06	0.12	3_S	[  5.91269231  -1.43676923 -35.07811538]
-0.2	 -0.67	0.07	0.38	3_S	[  3.38744  -1.19336 -33.85208]
-0.13	 0.08	-0.05	-0.02	3_S	[  5.88282759  -1.64289655 -31.83151724]
0.08	 1.07	0.26	-0.4	4_E	[  8.1442  -6.644  -36.089 ]
0.09	 1.71	-0.08	-0.21	4_E	[  9.86736364  -5.17209091 -35.016     ]
0.11	 0.87	0.02	-0.19	4_E	[  8.58072727  -7.521      -34.83818182]
0.05	 0.94	-0.08	-0.1	4_E	[  9.26541667  -4.7045     -36.82683333]
0.02	 0.62	-0.05	-0.16	4_E	[  6.58488235  -5.25894118 -38.393     ]
-0.16	 -0.78	-0.03	0.18	4_E	[  8.40488  -4.38608 -39.81984]
-0.3	 -1.1	0.18	0.47	4_E	[  9.88773529  -3.82505882 -39.56941176]
-0.33	 -0.98	0.2	0.46	4_E	[  7.13638889  -4.44094444 -41.07141667]
-0.03	 -0.03	-0.16	0.05	4_E	[  5.92541667  -2.9075     -37.06075   ]
0.12	 0.6	-0.03	-0.16	4_E	[  7.1578      -7.14613333 -36.246     ]
-0.08	 -0.35	0.0	0.06	4_E	[  8.21634783  -2.88821739 -37.02086957]
-0.14	 -0.57	0.0	0.17	4_E	[  9.28103846  -5.93938462 -36.78711538]
-0.24	 -0.73	-0.16	0.36	4_E	[  6.93308696  -6.66234783 -38.28008696]
-0.15	 -0.32	-0.04	0.12	4_E	[  5.58133333  -4.56728571 -38.03490476]
0.01	 0.3	-0.16	-0.1	5_E	[  9.33490909  -3.62327273 -35.04418182]
0.13	 0.89	-0.05	-0.19	5_E	[ 10.091  -3.574 -33.973]
0.19	 1.85	0.13	-0.38	5_E	[ 10.18890909  -5.29009091 -30.19918182]
0.07	 1.19	0.02	-0.22	5_E	[  8.67535714  -1.768      -33.34857143]
0.05	 0.71	0.03	-0.25	5_E	[  9.64204348  -2.23717391 -30.43530435]
-0.13	 -0.35	-0.21	0.15	5_E	[  9.45676923  -0.51473077 -30.53026923]
-0.3	 -1.07	0.23	0.45	5_E	[  9.09105   -0.390975 -29.005725]
-0.28	 -0.92	0.13	0.38	5_E	[ 10.36564103   0.30766667 -31.80092308]
0.05	 0.47	-0.2	-0.07	5_E	[  7.9965      -2.46258333 -35.05933333]
0.01	 0.21	-0.17	-0.01	5_E	[ 10.83935714  -4.57107143 -33.22946429]
-0.2	 -1.22	0.02	0.33	5_E	[  9.91164706  -1.92670588 -33.66858824]
0.06	 0.12	-0.18	-0.0	5_E	[  7.56522222  -1.20655556 -32.76633333]
-0.04	 0.03	-0.2	-0.03	5_E	[  8.21041176  -3.047      -29.86611765]
-0.17	 -0.57	-0.01	0.27	5_E	[ 11.1742   -2.93008 -30.98364]
0.16	 1.29	0.44	-0.67	6_E	[  6.7821  -3.2462 -30.7554]
0.14	 1.46	0.24	-0.5	6_E	[  6.631     -3.916875 -29.579875]
0.08	 1.61	-0.01	-0.23	6_E	[  3.4144  -3.8882 -30.7094]
0.08	 1.95	-0.06	-0.18	6_E	[  3.25366667  -4.24833333 -29.07866667]
-0.1	 0.69	-0.04	0.09	6_E	[  3.30692308  -4.87015385 -27.37153846]
-0.21	 -0.87	-0.04	0.32	6_E	[  5.63986111  -4.24736111 -27.39458333]
-0.11	 -0.04	-0.03	0.1	6_E	[  3.92055172  -6.70927586 -26.27741379]
0.12	 0.87	0.08	-0.32	6_E	[  7.33554545  -4.54731818 -28.96177273]
-0.05	 -0.3	-0.06	0.07	6_E	[  4.5216087   -3.37086957 -30.03186957]
0.06	 0.7	0.03	-0.15	6_E	[  2.31652941  -4.90852941 -29.50211765]
-0.02	 0.53	-0.03	-0.11	7_I	[  7.2095    -11.3895    -35.3214375]
-0.08	 -0.69	-0.01	0.08	7_I	[  3.86486364  -8.84718182 -36.77613636]
0.07	 0.58	0.13	-0.4	7_I	[  6.95346154  -8.66953846 -35.33907692]
-0.04	 -0.27	-0.11	0.12	7_I	[  6.08309091 -10.85486364 -36.05018182]
0.0	 0.19	-0.02	-0.14	7_I	[  8.21961905 -10.74033333 -34.38457143]
0.03	 -0.15	-0.05	-0.04	7_I	[  2.13828  -8.4058  -35.97008]
0.03	 0.28	-0.09	-0.1	7_I	[  4.99096154  -7.30173077 -36.74273077]
-0.05	 -0.19	-0.04	0.15	7_I	[  4.20461111 -10.40483333 -36.65594444]
0.13	 1.01	0.17	-0.43	8_E	[  8.6995  -8.8468 -33.9896]
0.1	 2.16	-0.05	-0.19	8_E	[  9.647       -9.43333333 -33.73133333]
0.18	 1.57	0.14	-0.39	8_E	[ 11.80873333 -10.93166667 -30.98346667]
-0.0	 0.58	-0.22	0.08	8_E	[ 11.04233333  -9.03133333 -33.995     ]
0.02	 0.61	-0.02	-0.19	8_E	[ 12.94463158  -9.05805263 -32.44989474]
-0.15	 -0.97	-0.08	0.16	8_E	[ 13.87503846  -7.26373077 -33.3795    ]
-0.24	 -0.68	0.05	0.38	8_E	[ 12.736875  -6.5882   -34.75155 ]
-0.29	 -1.09	0.16	0.49	8_E	[ 15.11085   -7.325425 -32.424   ]
-0.0	 0.19	-0.08	-0.07	8_E	[ 10.00572222 -10.87977778 -33.2605    ]
0.01	 -0.0	0.06	-0.14	8_E	[ 10.613   -8.2127 -34.3371]
0.15	 0.66	-0.01	-0.2	8_E	[ 11.3692   -6.30455 -31.45505]
-0.03	 0.53	-0.12	-0.1	8_E	[ 12.84068571  -8.47248571 -30.60491429]
-0.15	 -0.43	-0.05	0.35	8_E	[ 12.39714286 -10.12417857 -33.22357143]
0.12	 1.68	0.1	-0.36	9_Y	[ 10.89309091  -7.08245455 -29.79190909]
0.08	 1.42	0.09	-0.29	9_Y	[ 11.32333333  -7.5705     -29.03883333]
0.12	 1.05	0.01	-0.24	9_Y	[  8.26490909  -5.48809091 -27.61481818]
0.03	 0.44	-0.17	-0.07	9_Y	[  8.0543  -5.7252 -26.2958]
-0.1	 -0.6	0.07	-0.05	9_Y	[  9.57605556  -5.13511111 -25.57161111]
-0.06	 -0.12	-0.29	-0.0	9_Y	[  6.95355556  -6.80127778 -25.55933333]
-0.12	 -0.51	0.0	0.04	9_Y	[ 10.70379167  -5.71125    -23.57291667]
-0.01	 0.33	0.11	-0.18	9_Y	[  8.2795      -8.17915385 -23.44607692]
0.0	 0.21	-0.05	-0.09	9_Y	[  9.7643125   -7.52928125 -23.56940625]
-0.28	 -1.26	0.18	0.41	9_Y	[  9.99038462  -6.77392308 -21.45623077]
0.15	 1.04	0.15	-0.36	9_Y	[ 11.95841667  -8.11604167 -28.2415    ]
-0.09	 -0.4	-0.3	0.09	9_Y	[  9.89153333  -5.30813333 -28.43796667]
-0.12	 -0.0	-0.06	0.18	9_Y	[ 11.651       -5.61429167 -26.4       ]
0.15	 1.08	0.14	-0.35	9_Y	[  6.76696  -8.84292 -25.489  ]
-0.2	 -0.66	-0.04	0.27	9_Y	[ 11.67695833  -5.550375   -23.37083333]
-0.12	 -0.07	-0.16	0.19	9_Y	[  7.16652381  -8.85028571 -23.60338095]
-0.27	 -0.74	0.01	0.42	9_Y	[  8.61431034  -8.00489655 -21.52044828]
0.06	 0.95	0.2	-0.35	10_R	[  6.5022 -12.2594 -26.885 ]
0.16	 1.54	0.02	-0.24	10_R	[  6.63223077 -13.57507692 -27.10030769]
0.08	 0.55	-0.06	-0.2	10_R	[  5.372  -11.6855 -27.032 ]
0.06	 0.83	-0.01	-0.27	10_R	[  4.60575 -11.1045  -26.834  ]
0.03	 0.89	-0.11	-0.11	10_R	[  3.00783333 -10.47066667 -26.80133333]
0.03	 0.54	-0.13	-0.06	10_R	[  2.773   -9.2736 -26.506 ]
-0.07	 -0.73	-0.04	0.05	10_R	[  1.3776      -9.87266667 -26.36526667]
0.12	 0.92	-0.01	-0.27	10_R	[  0.2975     -11.03458333 -26.60116667]
-0.07	 -0.19	-0.1	0.09	10_R	[  0.15626316  -7.92542105 -26.40642105]
0.1	 0.9	0.06	-0.37	10_R	[  6.47594118 -11.72329412 -26.26664706]
0.08	 0.56	-0.08	-0.07	10_R	[  4.58315 -12.59835 -27.70725]
0.0	 0.1	-0.13	0.01	10_R	[  5.04372727  -9.63984848 -26.23224242]
0.1	 0.71	0.02	-0.21	10_R	[  2.88258824 -11.55347059 -27.157     ]
0.05	 1.69	0.17	-0.36	10_R	[  2.5882  -8.2139 -26.5081]
0.18	 1.79	0.14	-0.41	10_R	[ -1.3895     -10.33575    -28.29116667]
-0.1	 -0.34	-0.03	0.13	10_R	[  1.01956667  -6.75196667 -27.0219    ]
-0.06	 0.01	-0.14	-0.02	10_R	[ -1.05562963  -8.44581481 -27.68362963]
0.03	 -0.08	-0.17	-0.01	11_R	[ 10.827    -15.157375 -35.041   ]
-0.01	 -0.25	-0.03	0.14	11_R	[  9.556      -15.208      -35.57257143]
-0.07	 -0.51	0.01	0.04	11_R	[  8.26642857 -16.39278571 -35.58192857]
-0.0	 0.65	-0.01	-0.14	11_R	[  8.1096     -17.68753333 -33.61323333]
-0.09	 0.81	-0.0	0.04	11_R	[  6.64725  -15.9925   -36.228125]
0.1	 0.37	-0.07	-0.17	11_R	[ 11.47963158 -12.95478947 -31.93047368]
0.15	 1.32	0.1	-0.4	11_R	[  9.0331 -16.4271 -30.7506]
-0.04	 -0.07	-0.04	-0.03	11_R	[ 11.16731034 -13.53113793 -33.91186207]
0.1	 0.52	-0.2	-0.05	11_R	[ 10.38891667 -16.52133333 -34.68916667]
-0.07	 -0.11	0.03	0.05	11_R	[  8.75438462 -13.34396154 -35.14426923]
0.02	 0.14	-0.06	-0.1	11_R	[  8.91965517 -17.3637931  -32.2747931 ]
-0.02	 -0.19	-0.44	0.23	11_R	[  7.708  -18.2722 -33.9548]
-0.08	 -0.49	-0.02	0.12	11_R	[  6.59184 -14.06508 -36.1616 ]
0.08	 1.26	0.04	-0.26	11_R	[  5.44366667 -15.81283333 -36.0965    ]
0.17	 1.86	0.16	-0.41	12_R	[ 12.10630769 -13.11084615 -30.22569231]
0.06	 0.67	-0.25	-0.06	12_R	[ 13.071125 -13.38175  -29.7625  ]
0.17	 1.07	0.12	-0.38	12_R	[ 13.9187  -15.02185 -26.03785]
0.09	 0.84	-0.24	0.08	12_R	[ 13.97533333 -12.242      -29.03133333]
0.01	 0.33	-0.14	-0.07	12_R	[ 15.07415789 -12.74694737 -26.17631579]
-0.01	 -0.13	-0.1	0.02	12_R	[ 16.00566667 -10.37433333 -27.01041667]
0.01	 0.52	-0.11	-0.02	12_R	[ 14.34785714 -10.16771429 -24.95557143]
-0.01	 0.26	-0.01	-0.08	12_R	[ 14.35077143  -8.15025714 -25.80677143]
-0.14	 -0.8	0.01	0.2	12_R	[ 16.361       -7.58304167 -26.30354167]
-0.07	 0.7	0.01	0.05	12_R	[ 13.59457895  -7.08726316 -24.44342105]
-0.01	 0.18	-0.27	-0.0	12_R	[ 13.78961538 -14.12353846 -28.72176923]
0.05	 0.22	0.02	-0.17	12_R	[ 13.34746154 -11.40769231 -29.6125    ]
0.02	 0.34	-0.2	-0.05	12_R	[ 13.70987097 -12.37022581 -25.06906452]
-0.13	 -0.54	0.99	0.31	12_R	[ 15.28214286 -12.93764286 -27.33832143]
-0.24	 -0.96	0.23	0.28	12_R	[ 16.4009375 -10.7235    -26.2446875]
0.01	 0.1	0.01	-0.09	12_R	[ 14.70711111  -9.633      -28.5395    ]
0.13	 0.59	0.1	-0.26	12_R	[ 12.17088  -9.848   -25.3272 ]
-0.28	 -0.9	0.12	0.45	12_R	[ 17.03988235  -8.44511765 -26.94652941]
-0.29	 -1.24	0.17	0.48	12_R	[ 16.257     -6.37425  -25.709875]
-0.07	 -0.39	-0.21	0.12	12_R	[ 12.65566667  -8.11466667 -24.08225   ]
-0.26	 -0.74	0.04	0.42	12_R	[ 14.08827273  -5.91327273 -24.72468182]
0.16	 1.22	0.12	-0.37	13_D	[ 11.500125 -12.264875 -24.735375]
0.12	 1.26	0.01	-0.29	13_D	[ 10.44633333 -15.61233333 -22.66591667]
0.05	 1.21	-0.05	-0.2	13_D	[ 10.14166667 -11.90633333 -23.35166667]
-0.08	 -0.36	-0.11	0.04	13_D	[  8.02925    -13.06116667 -23.20113889]
-0.18	 -0.12	0.02	0.16	13_D	[  8.58715152 -14.45484848 -22.15566667]
-0.2	 -0.53	0.01	0.24	13_D	[  6.82568085 -11.56246809 -23.15478723]
0.02	 0.37	-0.04	-0.09	13_D	[ 11.55479167 -13.376375   -23.53404167]
0.1	 0.63	0.09	-0.27	13_D	[ 10.26791667 -10.748375   -24.4405    ]
0.17	 1.17	0.1	-0.37	13_D	[  7.2744     -12.90693333 -25.48586667]
0.13	 1.13	0.03	-0.34	14_A	[  7.45727273 -14.75527273 -25.68309091]
0.05	 1.05	-0.02	-0.2	14_A	[  7.31766667 -15.66883333 -25.22733333]
0.13	 0.81	-0.15	-0.14	14_A	[  9.02863636 -18.60272727 -27.748     ]
0.16	 1.46	0.15	-0.42	14_A	[  8.72925    -19.55882143 -26.24564286]
0.02	 0.16	-0.15	0.01	14_A	[  7.57728571 -17.62057143 -28.78928571]
0.09	 0.88	-0.06	-0.21	14_A	[  7.08583333 -16.95319444 -24.79005556]
-0.02	 0.45	-0.03	-0.05	14_A	[  6.54359459 -18.23494595 -27.36721622]
0.06	 0.16	-0.02	-0.16	14_A	[  5.84240909 -15.71954545 -26.56118182]
0.11	 0.18	0.02	-0.22	14_A	[  8.26525   -16.8778125 -29.312625 ]
0.12	 1.56	0.18	-0.42	15_R	[  9.64863636 -17.85372727 -28.43145455]
0.07	 1.46	0.26	-0.54	15_R	[ 12.58475  -19.702375 -27.95975 ]
0.15	 1.58	0.13	-0.38	15_R	[ 14.12814286 -18.94128571 -26.09107143]
0.11	 0.13	-0.02	-0.12	15_R	[ 12.57769231 -20.64169231 -26.80684615]
0.08	 1.59	-0.03	-0.2	15_R	[ 13.86588235 -17.82564706 -27.81152941]
0.06	 0.64	-0.01	-0.21	15_R	[ 11.76130769 -18.35138462 -30.453     ]
0.06	 0.54	-0.08	-0.14	15_R	[ 14.4626 -16.8139 -30.2252]
-0.08	 -0.03	-0.1	0.03	15_R	[ 14.3182 -18.393  -32.105 ]
-0.13	 -0.57	-0.01	0.14	15_R	[ 14.69328571 -17.182      -33.40935714]
-0.06	 -0.07	0.0	0.03	15_R	[ 14.22721739 -14.94804348 -32.81221739]
-0.08	 0.01	0.15	-0.04	15_R	[ 12.9968  -17.77908 -34.65068]
-0.07	 0.6	-0.21	-0.02	15_R	[ 10.7848     -19.91523333 -28.12816667]
0.14	 0.72	0.02	-0.23	15_R	[ 13.83664286 -16.11235714 -27.60742857]
-0.18	 -0.3	-0.15	0.24	15_R	[ 14.15581818 -18.60927273 -27.81631818]
-0.22	 -0.77	-0.1	0.3	15_R	[ 12.31204545 -19.49759091 -29.99804545]
0.06	 1.02	-0.14	-0.1	15_R	[ 10.20526316 -17.33084211 -30.13263158]
0.02	 0.63	-0.14	-0.11	15_R	[ 14.01916667 -15.2055     -29.97516667]
-0.21	 -0.9	0.06	0.32	15_R	[ 15.00872 -17.43344 -30.28212]
-0.13	 -0.6	0.09	0.12	15_R	[ 12.3272  -18.68405 -32.07375]
-0.03	 -0.45	-0.06	0.07	15_R	[ 13.63961538 -14.46903846 -31.5215    ]
-0.23	 -0.79	0.1	0.37	15_R	[ 13.82673077 -14.66061538 -34.21215385]
-0.23	 -0.79	-0.05	0.37	15_R	[ 12.20710714 -18.44903571 -34.15442857]
-0.22	 -1.08	0.15	0.39	15_R	[ 12.881   -16.48036 -35.49564]
0.07	 0.97	0.6	-0.88	16_N	[ 14.42414286 -18.31985714 -22.61628571]
0.12	 1.52	0.07	-0.38	16_N	[ 12.36622222 -18.28577778 -21.18833333]
0.02	 0.51	-0.14	-0.01	16_N	[ 13.84325  -19.034875 -21.756875]
0.13	 0.97	0.01	-0.29	16_N	[ 12.46857143 -15.83585714 -22.42357143]
-0.04	 -0.0	-0.15	-0.04	16_N	[ 15.1837     -15.79526667 -23.69006667]
-0.18	 -0.63	-0.15	0.3	16_N	[ 15.78081481 -16.88077778 -24.60016667]
-0.08	 -0.33	-0.04	-0.02	16_N	[ 15.24751724 -14.28741379 -22.66096552]
0.13	 1.18	-0.04	-0.25	16_N	[ 14.8179  -18.52415 -23.8861 ]
-0.14	 -0.44	-0.16	0.2	16_N	[ 12.84131034 -16.71293103 -21.4977931 ]
-0.27	 -0.85	-0.2	0.71	16_N	[ 16.2312     -14.07093333 -22.9753    ]
-0.21	 -0.35	0.04	0.27	16_N	[ 13.87617857 -14.04957143 -22.33382143]
0.15	 1.25	0.08	-0.37	17_A	[ 10.91909091 -16.98390909 -22.04609091]
0.07	 1.37	-0.06	-0.17	17_A	[ 10.78133333 -17.66066667 -21.31566667]
0.06	 1.01	-0.11	-0.12	17_A	[  8.2259 -20.7029 -22.5388]
0.12	 1.25	0.04	-0.3	17_A	[  8.46481818 -21.62981818 -21.44145455]
-0.09	 -0.2	0.1	0.11	17_A	[  7.76584615 -17.85269231 -22.10107692]
-0.07	 -0.04	-0.08	0.01	17_A	[ 10.56242308 -19.00238462 -20.38388462]
-0.16	 -0.73	-0.07	0.45	17_A	[  7.80326923 -19.44103846 -20.96426923]
-0.17	 -0.24	-0.07	0.18	17_A	[  8.9322 -16.6733 -21.538 ]
-0.06	 -1.75	0.24	0.69	17_A	[  7.41235714 -18.69207143 -23.744     ]
0.08	 1.35	-0.05	-0.21	18_L	[  8.352      -20.48622222 -23.66455556]
0.06	 0.63	0.05	-0.27	18_L	[  8.33866667 -21.63416667 -23.788     ]
0.02	 -0.64	0.01	-0.1	18_L	[  8.8777931  -22.76368966 -28.68951724]
0.09	 0.62	0.1	-0.28	18_L	[  8.19965217 -22.74195652 -23.2643913 ]
-0.08	 0.16	-0.17	-0.02	18_L	[  8.28745833 -21.017875   -25.85733333]
0.19	 0.79	0.04	-0.27	18_L	[ 11.24093333 -22.25133333 -26.93426667]
0.15	 0.42	-0.05	-0.16	18_L	[  6.93161111 -23.50566667 -25.31105556]
0.13	 1.32	0.1	-0.38	18_L	[  8.29711111 -24.73844444 -29.39022222]
-0.16	 0.18	-0.11	0.03	18_L	[  7.24421053 -22.595      -27.68589474]
-0.17	 -0.13	-0.14	0.23	18_L	[ 10.33508333 -22.84933333 -28.61483333]
0.21	 1.52	0.18	-0.43	19_A	[ 12.36507692 -22.72176923 -25.91823077]
0.16	 0.73	-0.19	-0.15	19_A	[ 13.34116667 -23.444      -25.8155    ]
-0.09	 -0.0	-0.19	0.14	19_A	[ 15.71737143 -21.14617143 -24.43108571]
0.03	 0.35	-0.2	-0.08	19_A	[ 14.19044444 -24.20894444 -25.10916667]
-0.12	 -0.5	-0.01	0.16	19_A	[ 16.29555 -22.7744  -24.1534 ]
-0.15	 -0.18	-0.02	0.2	19_A	[ 14.57604167 -21.556      -26.09320833]
0.03	 0.41	0.05	-0.21	19_A	[ 15.26441667 -20.55345833 -23.07991667]
0.16	 1.49	0.23	-0.48	20_S	[ 14.54435714 -21.385      -21.4335    ]
0.05	 1.1	-0.02	-0.28	20_S	[ 14.73771429 -21.52614286 -20.43385714]
0.14	 1.22	0.16	-0.43	20_S	[ 11.68918182 -23.58       -18.36909091]
0.01	 0.34	-0.17	-0.07	20_S	[ 13.07834286 -24.50485714 -17.86482857]
-0.03	 -0.36	-0.13	-0.11	20_S	[ 12.87118182 -20.35372727 -19.27027273]
-0.18	 -0.44	0.03	0.21	20_S	[ 13.20734483 -21.74586207 -17.73162069]
0.11	 0.64	-0.08	-0.24	20_S	[ 14.93747368 -22.55963158 -19.11978947]
-0.2	 -0.35	-0.13	0.24	20_S	[ 13.17811111 -19.68661111 -19.97911111]
0.08	 1.06	0.04	-0.26	20_S	[ 10.732      -20.95585714 -19.04021429]
-0.34	 -0.74	0.09	0.49	20_S	[ 12.30611111 -20.72411111 -17.3842963 ]
0.08	 0.97	-0.01	-0.19	21_Q	[  7.92578571 -23.26314286 -21.151     ]
-0.06	 0.31	-0.03	-0.01	21_Q	[  8.60657143 -24.068      -18.74033333]
-0.17	 -0.88	-0.06	0.23	21_Q	[  8.08064865 -25.67735135 -18.28424324]
-0.0	 0.28	-0.2	0.12	21_Q	[  9.04870968 -22.26748387 -18.89890323]
0.18	 1.25	0.11	-0.35	21_Q	[ 10.95982353 -25.82664706 -18.09811765]
0.26	 1.28	0.12	-0.39	21_Q	[  8.34163636 -27.214      -20.23318182]
-0.03	 0.4	-0.07	-0.14	21_Q	[  7.15222727 -24.66086364 -21.41831818]
0.07	 0.58	-0.26	-0.06	21_Q	[  8.75533333 -21.30442857 -20.01833333]
-0.23	 -0.48	0.02	0.39	21_Q	[  8.97066667 -22.5167     -17.76766667]
0.09	 1.01	-0.02	-0.2	22_R	[ 16.17030769 -27.21184615 -22.77884615]
-0.16	 -0.61	-0.14	0.24	22_R	[ 15.74640909 -29.88522727 -22.07195455]
0.06	 1.28	-0.04	-0.1	22_R	[ 14.77394118 -27.20752941 -24.48235294]
0.03	 0.68	-0.16	0.05	22_R	[ 13.12333333 -28.839      -25.55666667]
0.08	 0.91	0.0	-0.23	22_R	[ 13.24246667 -27.22653333 -26.646     ]
0.14	 0.73	-0.2	-0.02	22_R	[ 11.47616667 -28.66483333 -27.43983333]
-0.08	 -0.28	0.01	0.03	22_R	[ 11.20092308 -27.76115385 -28.93392308]
-0.09	 -0.25	-0.08	0.12	22_R	[ 12.28311111 -25.576      -29.14277778]
-0.04	 0.03	0.09	-0.1	22_R	[  9.2614  -27.78165 -29.2033 ]
0.13	 1.17	0.09	-0.33	22_R	[ 13.10245 -29.6893  -22.78485]
0.08	 0.12	-0.05	-0.12	22_R	[ 14.69894737 -25.73305263 -24.53831579]
-0.11	 -0.49	-0.01	0.06	22_R	[ 14.58354167 -28.45104167 -24.59729167]
0.05	 0.21	0.01	-0.11	22_R	[ 11.80548 -29.56348 -24.69496]
0.11	 1.34	-0.14	-0.09	22_R	[ 13.51525  -25.360875 -26.539875]
-0.22	 -0.86	0.14	0.27	22_R	[ 13.46078947 -27.89657895 -27.07831579]
-0.09	 -0.2	0.04	0.17	22_R	[ 12.68975 -24.867   -27.9165 ]
-0.2	 -0.8	0.07	0.35	22_R	[ 11.16620833 -25.00070833 -29.97120833]
0.09	 0.28	-0.07	-0.21	22_R	[  8.16966667 -27.7674     -28.86806667]
-0.17	 -0.5	0.16	0.17	22_R	[  8.81595455 -26.16563636 -29.98840909]
0.16	 1.35	-0.05	-0.19	23_L	[ 16.77877778 -29.34577778 -20.18655556]
-0.12	 -0.39	-0.01	0.17	23_L	[ 17.88121429 -28.52509524 -18.51095238]
0.07	 1.39	-0.03	-0.24	23_L	[ 16.94545455 -24.66327273 -18.32454545]
-0.07	 -0.03	0.17	-0.09	23_L	[ 17.64183871 -22.32474194 -20.3766129 ]
-0.13	 -0.64	-0.03	0.16	23_L	[ 19.70356667 -25.45423333 -21.68523333]
-0.07	 0.01	-0.19	0.09	23_L	[ 17.559      -28.07115385 -21.46569231]
0.12	 0.79	0.1	-0.29	23_L	[ 15.89122222 -24.34916667 -18.65494444]
-0.03	 -0.31	-0.24	0.07	23_L	[ 17.87388235 -25.66823529 -18.17635294]
0.09	 0.83	0.08	-0.31	23_L	[ 16.58125    -25.00792857 -22.86875   ]
-0.17	 -0.63	-0.03	0.24	23_L	[ 18.16619231 -22.23426923 -21.90815385]
-0.08	 0.24	-0.27	0.13	23_L	[ 16.147625   -22.12541667 -20.11891667]
-0.19	 -0.81	0.08	0.35	23_L	[ 18.6694  -23.31588 -19.1198 ]
-0.24	 -0.79	0.1	0.37	23_L	[ 19.326625   -24.12079167 -22.784625  ]
-0.17	 -0.76	0.1	0.28	23_L	[ 19.88440909 -25.3565     -20.16645455]
-0.13	 0.03	0.04	0.16	23_L	[ 18.63681481 -26.83144444 -22.01818519]
-0.02	 0.39	-0.04	-0.04	24_E	[ 15.6382     -31.32       -18.45666667]
-0.11	 -0.44	0.03	0.14	24_E	[ 13.45203226 -31.83929032 -17.06132258]
0.06	 0.77	0.02	-0.28	24_E	[ 13.27019355 -26.56467742 -16.12296774]
-0.1	 -0.06	-0.1	0.04	24_E	[ 15.80452941 -27.10541176 -14.76464706]
-0.22	 -0.74	0.14	0.34	24_E	[ 16.08530556 -28.84613889 -14.73477778]
-0.17	 -0.73	0.02	0.26	24_E	[ 16.55185106 -25.7166383  -15.8207234 ]
-0.03	 0.6	-0.13	0.03	24_E	[ 16.12225    -30.01483333 -16.77475   ]
0.04	 0.42	-0.02	-0.08	24_E	[ 13.08395455 -29.59159091 -15.64081818]
0.09	 0.38	-0.23	-0.09	24_E	[ 14.36971429 -25.27371429 -16.67471429]
-0.24	 -0.71	-0.2	0.36	24_E	[ 12.7051     -26.87463333 -15.55293333]
0.0	 -0.23	-0.13	0.06	25_G	[ 15.86555556 -30.79111111 -19.86277778]
-0.07	 -0.47	-0.04	0.03	25_G	[ 14.90311765 -32.468      -20.79488235]
0.1	 1.24	0.04	-0.22	25_G	[ 12.36938889 -32.30555556 -20.63877778]
-0.2	 -0.76	0.0	0.3	25_G	[ 11.29910256 -33.54282051 -20.807     ]
0.1	 1.55	0.2	-0.61	25_G	[ 15.96971429 -30.11228571 -20.52371429]
-0.19	 -0.89	0.06	0.3	25_G	[ 14.49045833 -31.98370833 -21.95670833]
-0.2	 -0.66	0.05	0.34	25_G	[ 14.37375 -33.2709  -19.5412 ]
0.22	 1.69	0.04	-0.32	26_L	[ 11.08085714 -30.68085714 -22.85807143]
-0.1	 -0.53	-0.09	0.08	26_L	[  9.26313636 -28.66263636 -16.04545455]
-0.09	 -0.41	0.04	0.07	26_L	[  9.156375   -32.40896875 -17.41134375]
0.01	 0.17	-0.21	-0.01	26_L	[  9.1028 -32.5295 -20.317 ]
0.01	 0.38	-0.05	-0.01	26_L	[  7.9390303  -29.56412121 -19.97342424]
-0.16	 -0.39	-0.06	0.21	26_L	[ 10.53092308 -29.70996154 -15.46253846]
-0.01	 0.37	0.13	-0.12	26_L	[ 10.66117647 -27.28876471 -17.02276471]
-0.21	 -0.31	0.01	0.26	26_L	[  8.12648 -28.79684 -17.15936]
-0.21	 -0.79	0.21	0.34	26_L	[ 10.03413636 -32.01381818 -15.98054545]
-0.18	 -0.75	0.01	0.3	26_L	[  7.918875   -31.56454167 -17.901625  ]
-0.04	 -0.05	0.02	-0.01	26_L	[ 10.52529167 -32.98116667 -18.372     ]
0.12	 1.06	0.14	-0.41	27_E	[  9.625      -32.27585714 -22.36714286]
0.03	 -0.16	-0.27	-0.07	27_E	[  6.44166667 -29.623      -21.71566667]
-0.1	 -0.44	-0.01	0.12	27_E	[  5.14046154 -31.25110256 -23.06523077]
-0.05	 0.13	-0.07	-0.01	27_E	[  8.84784615 -32.81653846 -24.07930769]
-0.09	 0.14	-0.5	0.07	27_E	[  6.88881818 -31.66131818 -26.66213636]
-0.1	 -0.56	-0.1	0.1	27_E	[  9.0530625 -30.2365625 -27.9216875]
-0.07	 -0.06	0.02	-0.03	27_E	[ 10.42547826 -30.26395652 -26.727     ]
0.02	 -0.15	-0.01	-0.03	27_E	[  6.83372414 -29.11203448 -27.8312069 ]
-0.07	 -0.18	-0.11	0.13	27_E	[  8.07041667 -32.110875   -21.42170833]
-0.07	 -0.46	0.03	0.09	27_E	[  9.88537931 -32.01151724 -24.40193103]
-0.19	 -0.56	0.07	0.25	27_E	[  7.34128571 -32.90238095 -23.98628571]
-0.3	 -0.76	-0.07	0.6	27_E	[  7.65486364 -32.39204545 -27.01604545]
0.11	 0.65	-0.01	-0.25	27_E	[  5.374375  -31.1989375 -25.952625 ]
0.13	 1.39	0.31	-0.55	28_P	[  6.80725    -28.69408333 -21.89566667]
0.05	 1.1	0.11	-0.37	28_P	[  5.90275  -28.363    -21.816625]
0.1	 1.38	0.34	-0.58	28_P	[  3.55122222 -30.80022222 -24.32177778]
0.25	 1.44	0.35	-0.58	28_P	[  4.8459375 -29.567125  -26.86825  ]
0.08	 0.92	-0.03	-0.19	28_P	[  4.16065 -25.54475 -23.5676 ]
-0.09	 -0.16	-0.1	0.06	28_P	[  5.6756 -25.05   -22.6648]
0.15	 1.53	0.22	-0.49	28_P	[  7.52577778 -28.30533333 -21.765     ]
-0.09	 -0.09	-0.06	0.14	28_P	[  4.45863636 -28.76809091 -21.72331818]
-0.11	 0.17	-0.1	0.07	28_P	[  3.36757692 -26.2005     -22.68653846]
0.05	 1.17	0.09	-0.2	28_P	[  6.33228571 -24.68164286 -23.62007143]
-0.03	 0.33	-0.1	-0.0	28_P	[  6.37707692 -26.59115385 -21.42969231]
0.01	 0.47	-0.18	-0.02	29_D	[  2.92383333 -30.38016667 -23.15666667]
0.02	 0.79	-0.04	-0.16	29_D	[  1.57225 -30.56275 -23.4115 ]
0.07	 1.21	0.12	-0.35	29_D	[ -0.40266667 -27.98166667 -22.55366667]
0.14	 0.35	0.03	-0.26	29_D	[ -2.34913333 -29.15153333 -23.61033333]
-0.11	 -0.15	-0.04	0.11	29_D	[ -1.85746667 -30.91646667 -25.51733333]
-0.1	 -0.16	-0.04	0.08	29_D	[  2.18604762 -28.97842857 -22.4132381 ]
-0.03	 -0.14	-0.02	0.02	29_D	[  1.47466667 -31.10822222 -24.34144444]
-0.22	 -0.12	0.07	0.16	29_D	[ -0.47734783 -29.46704348 -22.61730435]
0.02	 0.24	-0.03	-0.22	29_D	[  0.89126667 -27.18513333 -23.14653333]
0.09	 0.54	-0.04	-0.25	30_P	[  0.16469231 -28.45592308 -30.384     ]
0.0	 -0.03	-0.15	-0.06	30_P	[  1.3229  -27.38395 -30.7402 ]
-0.07	 -0.07	-0.07	0.11	30_P	[  2.051      -30.26878571 -30.53657143]
-0.13	 -0.14	-0.04	0.13	30_P	[  2.4419375 -32.3183125 -28.9386875]
-0.07	 0.02	-0.06	0.01	30_P	[  1.434      -32.28477778 -26.362     ]
0.07	 0.4	-0.05	-0.17	30_P	[  3.82008 -28.5192  -28.57228]
-0.17	 -0.51	-0.03	0.3	30_P	[-9.13043478e-04 -3.02276957e+01 -2.99644783e+01]
-0.28	 -0.8	0.19	0.44	30_P	[  2.83480952 -29.7772381  -30.70161905]
-0.24	 -0.71	0.14	0.4	30_P	[  1.4647619  -32.63604762 -29.05571429]
-0.01	 0.33	-0.01	-0.05	30_P	[  4.10008571 -31.2336     -28.16102857]
-0.06	 -0.9	-0.0	0.04	30_P	[  0.06295455 -31.59140909 -27.00977273]
-0.11	 0.03	0.08	0.11	30_P	[  3.0602 -31.5872 -25.8055]
0.09	 1.28	0.2	-0.51	31_Q	[ -0.96814286 -29.022      -29.66285714]
0.04	 0.29	-0.16	-0.08	31_Q	[ -1.22171429 -28.41085714 -29.988     ]
0.03	 1.02	-0.08	-0.12	31_Q	[ -2.813   -28.2235  -30.04525]
0.07	 0.65	0.44	-0.61	31_Q	[ -3.78957143 -28.11142857 -30.22828571]
-0.2	 -0.69	-0.08	0.19	31_Q	[ -5.4346 -28.0739 -30.4384]
-0.15	 -0.49	0.06	0.23	31_Q	[ -5.5268     -29.75225714 -28.9438    ]
-0.12	 0.03	-0.03	0.14	31_Q	[ -7.19093333 -26.6894     -29.52806667]
0.17	 1.91	0.05	-0.31	31_Q	[ -1.11372727 -29.85827273 -27.92781818]
0.04	 -0.01	0.07	-0.18	31_Q	[ -1.54363158 -27.21789474 -30.71726316]
-0.04	 -0.05	-0.1	0.07	31_Q	[ -2.79603846 -29.416      -28.82738462]
-0.03	 -0.08	0.02	-0.02	31_Q	[ -4.16939286 -25.95635714 -30.25642857]
-0.03	 -0.18	-0.04	0.07	31_Q	[ -6.81375   -25.422375  -29.0854375]
-0.2	 -0.41	0.22	0.34	31_Q	[ -7.82965714 -27.78628571 -28.49951429]
0.18	 1.26	0.33	-0.57	32_V	[  1.11725 -25.63925 -23.551  ]
0.03	 0.77	-0.05	-0.15	32_V	[  1.00911905 -22.7835     -23.3742619 ]
0.14	 1.13	0.3	-0.56	32_V	[  1.596      -26.02745455 -23.70854545]
-0.19	 -0.53	-0.3	0.42	32_V	[  1.21030435 -24.05313043 -22.63230435]
0.06	 0.51	0.02	-0.2	32_V	[  2.64347059 -23.54947059 -24.84535294]
0.08	 0.52	0.07	-0.27	32_V	[ -0.55063158 -25.91973684 -22.27189474]
0.1	 0.8	-0.1	-0.23	33_V	[  4.05585714 -22.02857143 -30.22561905]
0.1	 1.05	0.19	-0.39	33_V	[  4.44883333 -26.85416667 -29.11483333]
-0.11	 -0.37	0.02	0.02	33_V	[  6.03208333 -24.50008333 -30.33525   ]
0.11	 0.54	0.0	-0.24	33_V	[  3.95655 -22.91455 -26.9758 ]
0.06	 0.35	-0.11	-0.12	33_V	[  3.38626667 -26.7934     -29.86333333]
-0.11	 -0.34	-0.05	0.13	33_V	[  6.21666667 -26.21533333 -29.8875    ]
-0.14	 0.02	0.05	0.06	33_V	[  4.24738095 -24.47314286 -31.09290476]
-0.0	 0.18	-0.18	0.03	33_V	[  5.65071429 -22.92957143 -29.03507143]
0.18	 2.46	0.04	-0.3	33_V	[  5.50415385 -27.35592308 -28.18330769]
0.16	 0.69	0.08	-0.32	33_V	[  4.72654545 -24.36340909 -26.06209091]
0.15	 1.61	0.16	-0.43	34_A	[  2.40046154 -25.24076923 -30.98607692]
0.09	 2.1	-0.04	-0.21	34_A	[  2.39616667 -24.51233333 -31.8175    ]
0.11	 1.21	0.07	-0.34	34_A	[ -1.45966667 -22.33073333 -31.80866667]
0.08	 0.63	0.05	-0.3	34_A	[ -0.20985714 -21.5405     -33.06035714]
-0.14	 -0.44	-0.06	0.14	34_A	[ -0.76668 -24.77492 -32.6172 ]
-0.11	 -0.08	-0.16	0.08	34_A	[  2.33642857 -23.19990476 -32.63138095]
-0.21	 -0.72	-0.12	0.24	34_A	[ -0.69563333 -23.4433     -33.32543333]
-0.18	 -1.19	0.07	0.34	34_A	[  0.80766667 -25.99833333 -32.48209524]
0.05	 0.27	-0.23	-0.01	34_A	[ -1.88964286 -25.17142857 -31.30042857]
0.04	 0.69	-0.47	0.05	35_Q	[ -4.529  -22.0879 -30.4548]
0.18	 1.55	0.29	-0.54	35_Q	[ -5.0226 -20.8742 -27.5047]
0.07	 0.45	-0.1	-0.16	35_Q	[ -6.28041176 -21.71741176 -27.42376471]
0.17	 1.52	0.33	-0.57	35_Q	[ -2.418      -21.50607692 -31.29      ]
0.11	 1.42	0.32	-0.58	35_Q	[ -5.04511111 -21.317      -30.27261111]
0.09	 0.31	-0.06	-0.09	35_Q	[ -3.41641379 -23.09548276 -30.45734483]
-0.14	 -0.14	-0.17	0.2	35_Q	[ -6.16804651 -22.65530233 -29.20034884]
0.13	 1.35	0.07	-0.31	36_M	[  4.15721429 -18.6305     -29.15221429]
-0.05	 0.14	0.03	-0.08	36_M	[  4.02392857 -20.15571429 -27.93371429]
0.11	 1.74	0.11	-0.42	36_M	[  1.9188 -20.614  -24.1452]
0.02	 0.44	-0.05	-0.07	36_M	[  1.07955172 -18.79975862 -23.64093103]
-0.04	 0.09	-0.06	-0.03	36_M	[  3.39012903 -16.48174194 -24.38183871]
-0.02	 -0.18	-0.19	0.06	36_M	[  4.01246154 -21.23476923 -27.91592308]
0.03	 0.3	-0.15	-0.09	36_M	[  4.66543478 -18.95634783 -27.17121739]
-0.1	 -0.2	-0.04	0.0	36_M	[  3.39585714 -20.72621429 -25.15971429]
-0.09	 -0.66	-0.17	0.18	36_M	[  2.89031579 -15.64415789 -24.17789474]
-0.09	 -0.09	-0.29	0.49	36_M	[  4.82158621 -17.93203448 -24.54158621]
0.18	 1.54	0.15	-0.41	36_M	[  3.5415625 -15.937125  -26.688125 ]
0.12	 0.76	0.06	-0.25	37_E	[  3.88383333 -20.00433333 -30.27566667]
0.1	 1.66	0.09	-0.35	37_E	[  4.388   -19.22175 -31.04525]
0.06	 0.11	-0.25	0.01	37_E	[  3.16866667 -21.31566667 -33.41566667]
0.01	 0.26	0.07	-0.19	37_E	[  2.83396 -19.51548 -34.65076]
-0.09	 -0.29	-0.03	0.08	37_E	[  6.047      -18.966      -34.97570588]
-0.13	 -0.74	0.01	0.06	37_E	[  6.22948 -19.15692 -32.70192]
-0.07	 -0.04	-0.02	0.07	37_E	[  5.03217391 -17.69247826 -35.87069565]
0.12	 1.48	0.03	-0.25	37_E	[  4.7736875 -18.281125  -30.8735625]
-0.12	 -0.13	-0.38	0.24	37_E	[  4.18743478 -21.24326087 -32.0823913 ]
0.08	 0.16	-0.12	-0.07	37_E	[  1.72666667 -20.82175    -33.57408333]
-0.25	 -0.69	0.2	0.38	37_E	[  3.77018182 -20.38922727 -35.17259091]
-0.03	 0.26	-0.15	0.01	37_E	[  1.96203704 -17.99622222 -34.88459259]
0.02	 1.15	0.02	-0.14	38_R	[ -0.41184615 -19.20730769 -34.34284615]
0.06	 0.12	-0.0	-0.26	38_R	[ -2.91894118 -20.31188235 -33.79376471]
0.18	 1.29	-0.1	-0.2	38_R	[ -4.221  -18.3796 -35.4544]
-0.01	 -0.61	-0.04	0.01	38_R	[ -5.63407143 -18.8995     -35.18628571]
-0.08	 -0.75	-0.02	0.11	38_R	[ -6.27328571 -20.42390476 -33.01638095]
-0.01	 0.02	0.04	-0.11	38_R	[ -6.832      -16.64035714 -33.94025   ]
0.22	 1.48	0.31	-0.56	38_R	[  0.60206667 -17.04753333 -34.2848    ]
-0.04	 0.04	-0.01	0.03	38_R	[ -1.2947931  -18.00141379 -35.14531034]
0.09	 0.43	-0.04	-0.15	38_R	[ -0.557      -20.01328571 -33.81642857]
-0.21	 -0.62	-0.05	0.36	38_R	[ -3.09482759 -20.38327586 -34.51972414]
0.09	 1.24	-0.04	-0.22	38_R	[ -3.23842105 -20.95594737 -32.20136842]
-0.19	 -0.36	-0.5	0.45	38_R	[ -5.23310345 -21.09441379 -32.29927586]
-0.26	 -1.13	0.23	0.47	38_R	[ -7.35569565 -20.02526087 -33.08443478]
-0.07	 -0.05	-0.08	0.07	38_R	[ -6.19045 -15.77065 -34.53445]
-0.18	 -1.05	0.06	0.32	38_R	[ -7.83337037 -17.67248148 -33.63396296]
-0.0	 -0.11	-0.09	-0.1	39_V	[  1.37524138 -13.12789655 -25.97455172]
0.08	 1.05	-0.06	-0.19	39_V	[  1.69390909 -14.21681818 -24.90136364]
0.08	 0.32	-0.06	-0.12	39_V	[  2.70988 -14.04316 -27.0418 ]
0.16	 1.88	0.15	-0.4	39_V	[ -0.46193333 -12.24066667 -26.11193333]
0.15	 1.5	0.23	-0.49	40_V	[  4.77406897 -16.07386207 -28.66544828]
0.08	 0.51	-0.09	-0.18	40_V	[  6.47921739 -17.03186957 -30.50534783]
0.17	 1.46	0.04	-0.29	40_V	[  5.09721429 -14.28585714 -28.11785714]
0.07	 0.21	-0.06	-0.03	41_V	[ 5.50000000e-03 -1.03054583e+01 -3.49485833e+01]
0.1	 0.73	-0.05	0.08	41_V	[  1.82933333 -13.19666667 -36.733     ]
0.0	 -0.13	-0.05	-0.03	41_V	[  4.06272727 -13.09472727 -36.53163636]
0.11	 0.07	0.12	-0.35	41_V	[  0.438      -15.12566667 -35.46333333]
-0.09	 -0.1	-0.06	0.09	41_V	[  1.88722727 -12.02277273 -36.50722727]
-0.08	 -0.27	-0.01	0.12	41_V	[  3.3713871  -14.79158065 -36.53270968]
0.09	 0.23	-0.05	-0.13	41_V	[  4.85361538 -12.57930769 -36.081     ]
-0.11	 -0.55	-0.14	0.17	41_V	[  0.66703846 -15.09534615 -36.26411538]
0.17	 1.07	0.19	-0.49	41_V	[ -0.3245 -12.5058 -35.6543]
0.09	 1.74	0.04	-0.37	42_G	[ -1.55477778  -9.19422222 -30.79055556]
0.08	 0.14	-0.0	-0.18	42_G	[ -2.40864706 -10.81752941 -33.72647059]
-0.24	 -0.32	0.18	0.31	42_G	[ -3.49372727 -10.04975    -31.40727273]
0.15	 1.39	0.09	-0.32	42_G	[ -1.42838095  -9.90685714 -30.01366667]
0.15	 1.42	0.22	-0.48	42_G	[ -1.17872727  -9.24654545 -33.21536364]
0.06	 0.84	0.28	-0.58	43_E	[ -5.45116667 -13.07066667 -33.554     ]
0.18	 1.64	0.01	-0.3	43_E	[ -4.73       -11.858      -30.48671429]
-0.13	 -0.45	0.04	0.16	43_E	[ -6.30652381 -13.06802381 -31.59466667]
0.06	 1.03	-0.01	-0.26	43_E	[ -5.17975 -13.67975 -34.32275]
0.05	 0.98	0.02	-0.19	43_E	[ -3.4911  -13.2052  -35.63225]
-0.1	 0.04	0.06	-0.08	43_E	[ -3.81171429 -15.56319048 -36.68095238]
-0.09	 -0.24	-0.09	0.11	43_E	[ -4.02979167 -17.13191667 -36.16991667]
-0.19	 -0.57	0.03	0.3	43_E	[ -1.81823256 -15.4892093  -37.30225581]
-0.12	 -0.37	-0.07	0.19	43_E	[ -4.84245 -11.7555  -33.63055]
0.14	 1.07	-0.14	0.06	43_E	[ -5.5783 -14.3927 -34.0677]
-0.21	 -0.71	0.08	0.28	43_E	[ -4.21857692 -13.00876923 -35.90623077]
0.09	 0.53	0.03	-0.18	43_E	[ -1.74341176 -12.80329412 -35.62741176]
0.11	 0.16	-0.07	-0.19	44_L	[ -4.60983333 -12.09       -28.861     ]
0.14	 1.45	0.15	-0.42	44_L	[ -2.62552632 -11.31352632 -28.74431579]
0.05	 2.82	-0.04	-0.15	44_L	[ -5.69944444 -19.42355556 -29.36966667]
-0.07	 -0.11	-0.04	0.01	44_L	[ -7.39926667 -16.5946     -29.9656    ]
0.1	 0.79	-0.02	-0.18	44_L	[ -6.30718182 -13.46781818 -29.17690909]
0.03	 0.4	-0.08	-0.15	44_L	[ -5.76423529 -19.61064706 -30.56147059]
0.06	 0.75	-0.0	-0.21	44_L	[ -5.29036667 -19.24636667 -28.0195    ]
-0.1	 -0.75	-0.08	0.14	44_L	[ -7.345      -17.72331818 -30.85827273]
0.02	 0.14	-0.11	-0.09	44_L	[ -7.3724     -17.1236     -28.43826667]
-0.01	 -0.28	0.11	-0.05	44_L	[ -7.146125  -15.1030625 -30.665125 ]
0.16	 1.5	0.26	-0.52	45_E	[ -5.608    -12.670625 -27.788125]
-0.05	 0.16	-0.12	0.07	45_E	[ -5.64125  -10.361625 -26.548125]
-0.13	 -0.45	-0.09	0.14	45_E	[ -3.14041176  -9.00770588 -25.24276471]
-0.3	 -0.84	0.02	0.42	45_E	[ -3.5082381   -9.22761905 -23.51442857]
0.01	 0.58	-0.06	-0.07	45_E	[ -1.81778947  -9.70852632 -26.08078947]
0.09	 1.04	-0.04	-0.16	45_E	[ -6.79193333 -12.25626667 -25.1644    ]
0.18	 1.17	0.17	-0.43	45_E	[ -3.84686667 -11.6518     -23.09753333]
-0.09	 0.0	0.01	0.11	45_E	[ -4.78746154 -10.81953846 -27.47826923]
-0.16	 -0.69	0.17	0.29	45_E	[ -6.06504 -10.09576 -25.08936]
0.17	 1.32	0.39	-0.63	46_T	[ -3.1909 -15.3395 -20.5061]
0.01	 0.89	-0.13	-0.06	46_T	[ -0.08466667 -15.23666667 -20.772     ]
-0.13	 -0.46	-0.06	0.09	46_T	[ -1.90366667 -12.76596296 -21.64296296]
-0.02	 0.25	-0.09	-0.02	46_T	[  1.18       -15.01813636 -22.70186364]
0.06	 0.38	-0.11	-0.17	46_T	[ -1.61003704 -12.23959259 -24.11144444]
-0.0	 0.47	-0.13	-0.04	46_T	[ -1.01837037 -16.33288889 -20.87414815]
-0.22	 -0.61	0.04	0.3	46_T	[ -1.69834211 -13.89844737 -20.20142105]
-0.2	 -0.96	0.04	0.34	46_T	[  1.42556667 -14.74016667 -21.84266667]
0.18	 0.87	0.15	-0.4	46_T	[ -0.1975     -16.90275    -22.87708333]
-0.01	 -0.81	-0.1	0.07	46_T	[  0.38771429 -13.26514286 -23.71792857]
0.09	 1.56	-0.04	-0.3	47_S	[ -3.85371429 -13.88157143 -20.60657143]
0.04	 0.53	-0.1	-0.16	47_S	[ -4.27083333 -14.29483333 -20.2675    ]
0.12	 1.08	0.06	-0.27	47_S	[ -8.06253846 -15.11784615 -22.45146154]
0.05	 0.5	-0.14	-0.12	47_S	[ -8.19882759 -16.54596552 -20.99544828]
-0.08	 -0.27	0.04	-0.01	47_S	[ -7.1726  -13.0913  -20.51455]
-0.15	 -0.17	0.03	0.17	47_S	[ -7.50154545 -12.48990909 -22.79163636]
0.17	 1.13	-0.04	-0.21	47_S	[ -4.152      -12.54681818 -21.92281818]
-0.09	 0.03	-0.02	0.01	47_S	[ -5.30825 -15.31035 -19.76065]
-0.29	 -0.88	0.11	0.45	47_S	[ -7.8592381  -14.01061905 -20.31033333]
-0.19	 -0.92	0.03	0.34	47_S	[ -5.28723077 -12.7435     -20.13065385]
-0.14	 -0.47	-0.29	0.19	47_S	[ -5.8678 -11.3834 -22.78  ]
0.14	 1.83	0.08	-0.36	48_D	[ -6.1812 -18.7691 -25.9856]
0.04	 0.59	-0.06	-0.17	48_D	[ -8.3026     -19.395      -24.52003333]
0.08	 1.1	0.08	-0.39	48_D	[ -8.8946 -16.4956 -25.6648]
-0.02	 0.19	-0.01	-0.11	48_D	[ -8.35227778 -14.53894444 -26.78077778]
-0.2	 -0.71	0.05	0.27	48_D	[ -9.13568421 -14.38702632 -24.98981579]
-0.09	 0.02	-0.06	0.08	48_D	[ -7.43153846 -13.39115385 -27.34707692]
0.17	 1.24	0.07	-0.32	48_D	[ -9.10189655 -16.81375862 -23.70427586]
-0.06	 0.17	-0.02	-0.05	48_D	[ -7.71848148 -17.57207407 -26.45285185]
0.06	 0.79	0.04	-0.22	49_V	[ -1.41471429 -20.22578571 -23.028     ]
0.17	 1.49	0.2	-0.45	49_V	[ -5.37429167 -20.1155     -26.02766667]
0.15	 1.44	0.08	-0.32	49_V	[ -1.60747368 -18.20921053 -22.88957895]
0.17	 1.51	0.12	-0.4	49_V	[ -0.1553 -20.6202 -23.8632]
0.13	 1.09	0.05	-0.3	49_V	[ -2.20941935 -21.4923871  -22.18906452]
0.12	 1.37	-0.13	-0.19	50_I	[ -1.77185714 -17.21057143 -19.41      ]
-0.09	 -0.53	-0.03	0.02	50_I	[ -5.96408333 -19.27270833 -16.891875  ]
-0.15	 -0.69	-0.16	0.21	50_I	[ -1.89030303 -20.34709091 -18.13090909]
0.2	 0.86	-0.01	-0.24	50_I	[ -6.01484615 -17.368      -19.15046154]
0.13	 0.79	0.07	-0.32	50_I	[ -2.15909091 -18.73654545 -20.83518182]
-0.16	 -0.04	0.01	0.05	50_I	[ -3.08019231 -16.74384615 -18.73211538]
-0.22	 -0.76	0.19	0.38	50_I	[ -5.072      -17.951      -16.75966667]
-0.04	 -0.04	-0.14	0.02	50_I	[ -7.33333333 -19.06071429 -18.10309524]
0.0	 0.55	-0.12	-0.09	50_I	[ -4.45170833 -21.16145833 -17.397     ]
-0.25	 -1.0	0.19	0.51	50_I	[ -0.837625   -18.86679167 -18.38095833]
-0.11	 -0.98	0.17	0.23	50_I	[ -2.8067619  -19.57080952 -16.65119048]
-0.0	 0.25	-0.13	-0.04	50_I	[ -2.19858824 -21.27452941 -19.74070588]
0.11	 1.34	0.27	-0.55	51_K	[ -7.54881818 -18.24872727 -19.65172727]
0.08	 1.23	0.15	-0.35	51_K	[ -8.4122 -18.9982 -19.0966]
0.22	 1.44	0.15	-0.41	51_K	[-10.722   -21.794   -20.02875]
0.09	 0.68	-0.11	0.02	51_K	[-10.11933333 -18.694      -19.47833333]
0.11	 0.85	0.12	-0.3	51_K	[-10.427  -18.9752 -22.1009]
0.02	 0.37	-0.02	-0.08	51_K	[-11.2261875 -16.9234375 -21.884625 ]
-0.15	 -0.58	-0.13	0.2	51_K	[-14.13815385 -17.61969231 -21.80776923]
-0.0	 -0.62	-0.1	-0.01	51_K	[-14.10354545 -20.09972727 -23.07990909]
-0.66	 -0.11	-0.03	0.05	51_K	[ -9.32548 -20.08708 -18.78788]
-0.15	 -0.39	-0.05	0.13	51_K	[ -9.6476  -17.75355 -19.83305]
0.15	 0.89	-0.05	-0.2	51_K	[-10.62788889 -20.19594444 -23.11555556]
-0.07	 -0.6	-0.0	0.13	51_K	[-11.91292 -19.85156 -20.062  ]
-0.18	 -0.57	0.12	0.17	51_K	[-11.80004167 -16.83083333 -20.905375  ]
-0.06	 0.11	-0.17	0.03	51_K	[-11.17889286 -17.70014286 -23.45728571]
-0.22	 -0.87	0.18	0.38	51_K	[-14.15755 -18.83795 -20.66815]
-0.26	 -0.77	0.21	0.45	51_K	[-14.25108333 -17.18604167 -22.71658333]
-0.42	 -1.0	0.26	0.6	51_K	[-15.02263158 -20.00452632 -23.00663158]
-0.29	 -0.71	0.28	0.36	51_K	[-13.05680952 -19.47719048 -24.25980952]
0.0	 0.32	-0.78	0.27	51_K	[-13.06348936 -21.56004255 -22.33306383]
0.1	 1.42	0.09	-0.4	52_D	[ -9.80066667 -21.4365     -23.87716667]
0.08	 1.0	0.33	-0.62	52_D	[ -9.57033333 -21.71483333 -25.01816667]
0.03	 0.51	-0.12	-0.1	52_D	[ -8.43763158 -23.44784211 -26.99110526]
-0.24	 -0.69	0.03	0.35	52_D	[-10.06165909 -23.75486364 -26.05531818]
0.07	 0.72	-0.09	-0.18	52_D	[ -8.07634615 -25.11992308 -27.11111538]
0.04	 0.71	-0.19	-0.09	52_D	[-10.60960714 -22.32353571 -23.54764286]
-0.03	 0.47	0.02	-0.09	52_D	[ -8.21891667 -21.160875   -25.61545833]
0.09	 0.95	0.09	-0.3	53_L	[ -2.85172222 -27.75222222 -21.57538889]
-0.01	 0.03	-0.03	-0.06	53_L	[ -2.05763415 -24.21236585 -19.68831707]
0.14	 1.1	0.01	-0.33	53_L	[ -4.41454545 -24.91181818 -18.29590909]
-0.25	 -0.36	-0.47	0.22	53_L	[ -2.71128 -28.03252 -20.40712]
0.12	 0.42	0.04	-0.28	53_L	[ -5.10916667 -28.16155556 -21.80622222]
-0.25	 -1.03	0.11	0.31	53_L	[ -1.4737619  -26.00909524 -19.32138095]
-0.01	 0.39	-0.29	0.01	53_L	[ -1.21216667 -23.70011111 -21.36511111]
0.02	 0.12	-0.02	-0.01	53_L	[ -3.14252941 -23.26997059 -18.777     ]
0.19	 1.64	0.21	-0.47	54_M	[ -9.49038462 -26.75546154 -16.64484615]
-0.01	 0.08	0.0	-0.1	54_M	[ -9.89714286 -22.67078571 -17.99078571]
0.06	 1.48	-0.08	-0.23	54_M	[ -6.495  -21.4186 -15.8906]
-0.09	 0.01	0.0	0.05	54_M	[ -6.0053     -23.92963333 -15.47563333]
-0.1	 -0.49	-0.19	0.15	54_M	[ -9.03302778 -24.21972222 -13.63872222]
0.07	 0.56	-0.01	-0.19	54_M	[ -9.94092857 -22.35757143 -18.71835714]
0.08	 0.41	0.09	-0.29	54_M	[-10.36985 -23.48885 -16.8253 ]
0.2	 1.36	0.13	-0.39	54_M	[ -5.440375 -22.87225  -17.73175 ]
-0.1	 -0.52	-0.1	0.13	54_M	[ -8.02305 -21.05955 -16.5057 ]
-0.26	 -1.06	0.27	0.5	54_M	[ -7.691      -24.50826087 -12.92447826]
-0.17	 -0.49	-0.05	0.2	54_M	[ -9.0447037  -22.48355556 -14.35974074]
0.01	 0.54	-0.13	-0.07	54_M	[ -9.38061111 -25.60233333 -15.08872222]
0.14	 1.18	0.16	-0.44	55_E	[-10.959375 -24.22925  -18.687625]
0.17	 1.5	0.27	-0.52	55_E	[-11.9235   -24.506    -19.049625]
0.15	 1.26	0.18	-0.4	55_E	[-11.9381 -23.2609 -22.473 ]
0.03	 -0.36	0.12	-0.34	55_E	[-13.43721429 -24.17       -22.43871429]
-0.12	 -0.41	-0.15	0.08	55_E	[-15.3459 -24.3715 -20.8142]
-0.08	 -0.37	-0.03	0.07	55_E	[-15.82359091 -26.74031818 -20.26909091]
-0.08	 -0.02	-0.0	0.08	55_E	[-14.32687805 -24.09712195 -19.29719512]
-0.01	 0.01	-0.19	-0.02	55_E	[-11.984      -22.81677273 -20.38913636]
0.09	 0.52	-0.09	-0.24	55_E	[-11.30195238 -24.65052381 -23.1647619 ]
-0.06	 -0.19	-0.76	0.4	55_E	[-13.9381875  -23.73334375 -22.7813125 ]
0.1	 0.68	0.06	-0.24	55_E	[-12.48188889 -26.50777778 -23.08027778]
0.2	 1.15	0.42	-0.63	56_R	[-10.9355     -27.06833333 -22.78233333]
0.15	 1.76	0.15	-0.41	56_R	[ -7.40714286 -30.24242857 -21.17221429]
0.14	 1.63	0.12	-0.38	56_R	[ -6.62966667 -28.89544444 -22.13883333]
0.06	 0.54	0.04	-0.24	56_R	[ -9.54333333 -27.30518519 -25.26722222]
0.12	 1.11	0.08	-0.33	56_R	[ -4.89975    -29.18204167 -23.73483333]
-0.07	 0.55	-0.22	-0.02	56_R	[ -4.14155 -30.6032  -25.56935]
0.13	 1.14	0.37	-0.6	56_R	[-11.0294 -27.9704 -23.2172]
0.18	 1.19	0.14	-0.37	56_R	[ -6.77635714 -29.86142857 -22.87928571]
-0.04	 0.17	-0.28	0.06	56_R	[ -9.24372222 -28.54383333 -25.84861111]
0.08	 0.39	0.03	-0.22	56_R	[-10.03195455 -26.36131818 -24.00445455]
0.22	 1.47	0.08	-0.35	56_R	[ -7.9565     -26.66266667 -26.8185    ]
0.15	 1.13	-0.02	-0.25	56_R	[ -7.26665 -29.50725 -26.3243 ]
-0.11	 -0.25	-0.11	0.07	56_R	[ -5.02616667 -31.016      -26.01016667]
0.15	 0.39	-0.03	-0.26	56_R	[ -2.8925   -30.366375 -26.4915  ]
0.03	 0.37	-0.08	-0.08	57_I	[ -9.71022727 -32.24836364 -17.39918182]
0.03	 0.39	-0.12	-0.11	57_I	[ -5.1615     -29.43416667 -19.40575   ]
-0.1	 -0.34	0.04	0.06	57_I	[ -7.7183     -30.06076667 -15.59913333]
-0.04	 -0.07	-0.04	-0.01	57_I	[ -4.44268182 -26.64831818 -16.93595455]
0.01	 0.28	-0.08	-0.09	57_I	[ -7.44085714 -31.34861905 -19.43090476]
0.17	 1.08	0.17	-0.42	57_I	[ -8.0205     -27.471      -16.42083333]
-0.13	 -0.18	0.02	0.13	57_I	[ -5.05120833 -30.04145833 -17.87929167]
0.1	 1.14	0.02	-0.2	57_I	[ -5.93322222 -29.09       -20.17444444]
-0.18	 -0.59	0.05	0.29	57_I	[ -6.49604545 -28.90768182 -15.1865    ]
-0.15	 -0.57	-0.27	0.37	57_I	[ -9.08223529 -30.309      -15.571     ]
-0.31	 -1.18	0.18	0.44	57_I	[ -6.73069231 -31.58846154 -16.53638462]
-0.05	 -0.2	-0.1	0.09	57_I	[ -3.60882353 -27.45882353 -17.90464706]
-0.23	 -0.52	-0.08	0.23	57_I	[ -5.17933333 -27.57942857 -15.77838095]
0.09	 1.36	0.24	-0.59	58_K	[-13.2034 -30.2362 -16.411 ]
0.14	 2.02	0.1	-0.37	58_K	[-14.24855556 -30.21311111 -18.60044444]
-0.15	 -0.34	-0.05	0.16	58_K	[-13.49082927 -31.9205122  -17.43729268]
0.04	 1.74	0.01	-0.23	58_K	[-13.684625 -29.180875 -16.2285  ]
0.09	 1.04	0.04	-0.29	58_K	[-11.20453571 -27.60910714 -15.80075   ]
-0.11	 0.06	-0.11	0.07	58_K	[-14.89615385 -27.83523077 -15.66084615]
-0.08	 -0.18	-0.19	0.14	58_K	[-14.60157143 -24.66535714 -15.89735714]
0.02	 1.17	-0.07	-0.25	58_K	[-11.9972 -24.4117 -13.7053]
-0.09	 -0.37	-0.03	0.04	58_K	[-11.94127273 -30.32872727 -15.94659091]
0.03	 0.04	-0.05	-0.09	58_K	[-14.55896154 -28.57611538 -18.22523077]
-0.19	 -0.17	-0.08	0.22	58_K	[-12.00658333 -28.22195833 -14.888875  ]
0.1	 1.17	0.33	-0.59	58_K	[-10.604      -26.49055556 -15.91511111]
-0.14	 -0.47	0.01	0.23	58_K	[-15.29378947 -26.85542105 -17.11405263]
-0.21	 -0.7	0.14	0.38	58_K	[-14.4715     -27.37159091 -14.3355    ]
0.02	 0.74	0.02	-0.18	58_K	[-12.84174074 -24.35888889 -17.23685185]
-0.27	 -0.89	0.27	0.47	58_K	[-15.23681818 -24.80277273 -15.12259091]
-0.21	 -0.42	-0.03	0.23	58_K	[-12.31283333 -23.59626667 -14.7109    ]
-0.24	 -0.76	0.09	0.38	58_K	[-12.77630435 -25.45673913 -13.3556087 ]
0.07	 0.37	-0.2	0.01	58_K	[-10.87833333 -25.68022222 -14.39344444]
0.09	 0.79	0.1	-0.17	59_R	[-14.42533333 -32.31233333 -21.225     ]
0.19	 1.16	-0.16	-0.14	59_R	[-13.4384 -33.7916 -19.9666]
-0.02	 -0.47	-0.01	0.02	59_R	[-13.34652941 -33.77470588 -22.23158824]
0.1	 0.37	-0.24	0.08	59_R	[-14.781 -31.614 -21.861]
0.05	 0.37	-0.17	0.06	59_R	[-15.387      -30.73166667 -22.33733333]
0.05	 0.42	0.05	-0.27	59_R	[-16.25016667 -29.13016667 -23.217     ]
-0.05	 0.54	-0.06	0.06	59_R	[-16.5388 -28.1996 -22.7006]
-0.06	 0.23	-0.05	0.02	59_R	[-15.74278571 -26.84921429 -24.25389286]
-0.09	 -0.19	-0.01	0.15	59_R	[-15.48548 -27.86656 -25.88744]
-0.13	 -0.54	-0.08	0.18	59_R	[-16.58956522 -25.303      -23.95143478]
-0.07	 -0.29	0.06	-0.02	59_R	[-14.59740909 -31.902      -20.13168182]
0.02	 -1.02	0.07	-0.04	59_R	[-14.61364286 -31.7365     -22.72907143]
-0.06	 -0.24	0.05	0.1	59_R	[-15.61636667 -29.661      -21.12003333]
0.16	 0.8	0.06	-0.28	59_R	[-12.89182609 -28.06556522 -24.114     ]
-0.09	 -1.2	0.08	0.12	59_R	[-15.79376923 -29.96261538 -23.96069231]
0.03	 0.11	0.06	-0.2	59_R	[-16.5662 -27.2237 -22.1668]
-0.11	 -0.61	-0.26	0.25	59_R	[-14.94847368 -28.903      -26.01684211]
-0.25	 -0.69	0.12	0.63	59_R	[-16.10472414 -26.57713793 -26.41103448]
-0.22	 -1.54	0.06	0.32	59_R	[-16.7489375 -25.0470625 -22.687    ]
-0.28	 -1.4	0.35	0.59	59_R	[-17.06363636 -24.98459091 -25.02895455]
0.04	 0.68	0.14	-0.38	60_E	[ -8.73833333 -34.942      -20.544     ]
0.04	 0.56	-0.12	-0.07	60_E	[ -8.403      -34.784      -21.67872727]
-0.17	 -0.58	0.08	0.23	60_E	[-10.03814815 -35.57337037 -23.0877037 ]
0.09	 2.13	-0.03	-0.22	60_E	[-10.43566667 -36.3965     -20.441     ]
0.02	 0.53	0.0	-0.24	60_E	[-11.651625  -35.2703125 -18.176875 ]
-0.16	 -0.57	-0.1	0.16	60_E	[-11.32273077 -37.05073077 -17.86961538]
-0.33	 -0.99	0.19	0.44	60_E	[-12.42611765 -37.91235294 -19.06741176]
-0.31	 -1.0	0.19	0.45	60_E	[-10.96629268 -36.91292683 -16.38268293]
-0.01	 -0.02	-0.07	-0.05	60_E	[ -8.52235714 -33.63221429 -19.98760714]
-0.07	 -0.09	0.0	0.02	60_E	[-12.46006667 -35.73293333 -20.8484    ]
-0.2	 -0.74	-0.04	0.33	60_E	[ -9.62078947 -36.57184211 -20.35557895]
-0.08	 -0.54	-0.03	0.09	60_E	[-10.48789474 -34.25321053 -17.53142105]
-0.11	 -0.19	-0.07	0.05	60_E	[-13.08563636 -34.45509091 -18.70927273]
0.09	 0.89	0.01	-0.27	61_E	[ -8.48733333 -33.23666667 -25.54466667]
-0.06	 -0.05	-0.06	0.03	61_E	[ -7.08138889 -32.40538889 -25.33394444]
-0.15	 -0.44	0.04	0.17	61_E	[ -6.47534 -32.80884 -22.90564]
0.03	 0.42	-0.18	0.05	61_E	[ -9.71066667 -32.98833333 -25.97866667]
0.11	 1.55	-0.03	-0.27	61_E	[-12.2119 -33.1348 -25.0732]
-0.19	 -1.05	-0.03	0.22	61_E	[-12.32441667 -31.78       -26.92341667]
-0.11	 -0.17	-0.02	0.0	61_E	[-11.92309756 -29.45990244 -26.21497561]
-0.17	 -0.54	0.06	0.25	61_E	[-14.16489655 -31.74710345 -25.60696552]
-0.08	 0.06	-0.06	0.11	61_E	[ -9.03657895 -34.24431579 -24.90989474]
-0.05	 -0.04	0.01	0.06	61_E	[ -9.60928 -31.54896 -26.35816]
-0.21	 -0.46	-0.01	0.3	61_E	[-11.67052632 -33.69721053 -25.42968421]
