-0.17	 -0.54	0.03	0.24	470_Q	[ 16.6772069  -44.8445      -5.47210345]
0.1	 1.42	0.07	-0.42	470_Q	[ 16.85491667 -46.12058333  -7.02833333]
0.16	 1.07	0.04	-0.29	470_Q	[ 18.00983333 -46.25694444  -9.134     ]
-0.11	 -0.71	-0.1	0.17	470_Q	[ 14.798875 -42.696875  -7.004875]
0.09	 0.87	0.14	-0.47	470_Q	[ 15.87403571 -42.65392857 -10.18114286]
-0.02	 0.27	0.0	-0.05	470_Q	[ 14.44440909 -45.38890909  -9.6915    ]
-0.25	 -0.83	0.09	0.36	470_Q	[ 13.689      -46.30994118  -8.60138235]
-0.03	 0.1	-0.04	-0.03	470_Q	[ 14.32638462 -45.28926923 -11.73503846]
-0.13	 -0.26	-0.2	0.18	470_Q	[ 16.52178947 -46.45226316  -7.75194737]
-0.23	 -0.69	0.25	0.26	470_Q	[ 14.0506875 -43.6693125  -7.0424375]
-0.13	 -0.88	-0.06	0.22	470_Q	[ 15.87342857 -41.96964286  -7.60207143]
-0.29	 -0.61	-0.25	0.64	470_Q	[ 14.80009091 -42.51763636 -10.05940909]
-0.12	 -0.28	-0.05	0.17	470_Q	[ 14.68    -44.14655 -12.2443 ]
-0.34	 -1.08	0.24	0.6	470_Q	[ 13.66834783 -46.28573913 -11.69330435]
-0.05	 0.02	0.01	0.08	471_V	[ 20.67389474 -44.01026316  -5.48181579]
0.04	 0.47	-0.1	0.08	471_V	[ 20.81166667 -39.957       -6.904     ]
-0.05	 0.26	-0.14	-0.01	471_V	[ 23.13822222 -40.53755556  -7.03455556]
-0.16	 -0.5	-0.1	0.18	471_V	[ 19.30730435 -39.71495652  -9.12578261]
0.07	 -0.05	-0.0	-0.07	471_V	[ 18.10792857 -42.00307143  -6.32542857]
-0.21	 -0.17	0.12	0.06	471_V	[ 20.35063158 -40.59526316  -6.32447368]
-0.12	 0.11	-0.06	0.03	471_V	[ 22.61363636 -39.46772727  -8.48668182]
0.08	 -0.34	0.03	-0.15	471_V	[ 23.15779167 -41.80154167  -6.82683333]
-0.31	 -0.93	0.07	0.43	471_V	[ 20.2061  -38.97675  -8.44935]
0.01	 0.42	-0.16	-0.11	471_V	[ 20.02726316 -40.38015789 -10.65636842]
-0.02	 0.02	0.07	0.02	471_V	[ 17.79003704 -40.9227037   -8.58418519]
0.11	 1.06	-0.05	-0.16	472_V	[ 24.13353333 -43.91286667  -6.27966667]
-0.19	 -0.62	0.02	0.27	472_V	[ 25.14285714 -45.80442857  -5.97702857]
0.08	 0.47	-0.04	0.08	472_V	[ 22.69366667 -47.558       -6.36066667]
-0.03	 0.22	-0.08	-0.03	472_V	[ 19.91251282 -47.91925641  -7.74435897]
0.04	 0.27	-0.03	-0.12	472_V	[ 24.05478571 -47.80778571 -10.21942857]
-0.05	 -0.08	-0.05	0.05	472_V	[ 22.23747368 -46.18463158  -5.639     ]
-0.1	 -0.03	-0.04	0.09	472_V	[ 23.57356522 -48.18943478  -7.41886957]
-0.09	 -0.33	-0.22	0.16	472_V	[ 20.58838462 -49.39553846  -8.28538462]
-0.2	 -1.22	0.07	0.37	472_V	[ 20.57966667 -47.55571429  -6.22961905]
0.11	 0.95	-0.05	-0.18	472_V	[ 19.301625 -47.199     -8.8375  ]
0.1	 0.61	0.03	-0.34	472_V	[ 23.60722222 -48.85       -10.30522222]
0.05	 0.2	0.03	-0.22	472_V	[ 24.77573333 -47.062       -9.81046667]
0.12	 2.15	0.14	-0.4	473_Q	[ 25.0255     -42.84283333  -7.06233333]
0.11	 1.18	0.08	-0.29	473_Q	[ 25.34115385 -41.60069231  -7.38807692]
0.07	 1.42	0.0	-0.3	473_Q	[ 29.18654545 -44.45345455  -8.13990909]
-0.08	 -0.22	-0.1	0.1	473_Q	[ 28.459      -46.92192857  -9.33135714]
-0.11	 -0.19	-0.21	0.21	473_Q	[ 28.30854348 -45.87752174 -11.76784783]
-0.03	 -0.57	-0.01	0.02	473_Q	[ 30.79804 -46.03308  -9.18316]
-0.06	 -0.45	-0.06	0.05	473_Q	[ 26.55247059 -43.33117647  -6.70923529]
0.05	 0.55	0.07	-0.18	473_Q	[ 26.25252174 -46.421       -8.96021739]
-0.15	 -0.51	-0.04	0.23	473_Q	[ 28.62317391 -44.69713043  -7.43686957]
-0.18	 -0.48	-0.06	0.34	473_Q	[ 30.72377419 -45.05283871  -8.40948387]
-0.21	 -0.53	0.0	0.36	473_Q	[ 31.04274194 -46.36519355 -10.56887097]
0.08	 1.89	-0.05	-0.21	474_A	[ 26.261  -41.327   -7.0295]
0.06	 0.3	-0.08	-0.13	474_A	[ 29.277      -38.64026667  -8.54366667]
-0.09	 -0.29	-0.05	0.1	474_A	[ 29.92972727 -41.25775758  -7.85121212]
-0.12	 -0.38	-0.0	0.15	474_A	[ 26.55007692 -38.56538462  -7.12084615]
-0.06	 -0.27	-0.03	-0.04	474_A	[ 27.49078571 -41.73864286  -6.87507143]
-0.04	 0.51	-0.19	0.06	474_A	[ 27.03528205 -37.2065641   -8.5945641 ]
-0.03	 -0.15	-0.09	0.06	474_A	[ 24.97522581 -39.24912903  -7.74490323]
-0.31	 -1.48	0.28	0.39	474_A	[ 27.81625   -39.2789375  -6.390375 ]
0.1	 1.74	0.16	-0.46	475_K	[ 30.40536364 -38.38709091  -9.563     ]
0.09	 1.1	0.24	-0.48	475_K	[ 31.07890909 -37.60081818  -9.95181818]
0.2	 1.42	0.23	-0.49	475_K	[ 29.81217647 -42.46341176 -12.67741176]
-0.08	 0.39	-0.14	0.08	475_K	[ 33.5893 -41.2611 -10.5925]
-0.12	 -0.22	-0.06	0.11	475_K	[ 32.8035873  -43.41968254 -12.68815873]
-0.13	 -1.28	-0.07	0.15	475_K	[ 31.21236364 -39.33881818  -9.05654545]
0.2	 1.4	0.32	-0.56	475_K	[ 29.74523529 -43.22641176 -11.66988235]
0.11	 0.4	-0.14	0.04	475_K	[ 33.89644444 -40.49222222 -11.25111111]
-0.05	 0.01	0.07	0.06	475_K	[ 32.35658621 -42.22234483  -9.77437931]
0.09	 1.45	0.12	-0.42	476_K	[ 31.7681 -37.6405  -9.7842]
-0.02	 0.42	0.03	0.01	476_K	[ 35.04538889 -39.06633333 -13.03808333]
-0.02	 0.25	-0.01	-0.15	476_K	[ 33.89892857 -35.59842857  -9.78185714]
0.08	 1.4	-0.05	-0.21	476_K	[ 35.75696154 -35.44115385 -12.01734615]
-0.03	 0.24	-0.05	-0.09	476_K	[ 34.18890164 -33.02386885 -12.65242623]
-0.05	 -0.18	-0.06	-0.04	476_K	[ 32.93466667 -38.48225     -9.90720833]
-0.04	 0.06	-0.22	-0.13	476_K	[ 33.48981818 -35.13181818  -9.532     ]
-0.22	 -0.62	0.01	0.29	476_K	[ 34.89729412 -37.20270588 -10.20011765]
-0.4	 -0.77	-0.2	0.67	476_K	[ 36.37284211 -35.23947368 -11.49605263]
0.17	 1.42	0.15	-0.42	476_K	[ 36.10446154 -36.63438462 -13.48907692]
0.14	 0.29	-0.05	-0.04	477_F	[ 34.1415     -41.2145     -15.49971429]
0.08	 0.9	0.22	-0.54	477_F	[ 33.06736364 -43.098      -15.32954545]
0.1	 1.03	-0.01	-0.1	477_F	[ 31.77866667 -43.6605     -14.97283333]
0.03	 0.53	-0.2	-0.01	477_F	[ 35.42975    -39.30441667 -15.41866667]
-0.22	 0.03	0.97	0.45	477_F	[ 34.469575 -40.937425 -17.676275]
-0.18	 0.23	0.18	-0.1	477_F	[ 32.95587805 -43.56604878 -17.10104878]
0.02	 0.32	-0.04	-0.15	477_F	[ 30.0930303  -43.49642424 -14.89527273]
-0.02	 -0.0	-0.06	-0.03	478_S	[ 37.63226923 -33.71876923 -19.18707692]
0.08	 0.81	0.03	-0.36	478_S	[ 38.94575  -35.796375 -16.3025  ]
-0.06	 -0.13	-0.15	0.07	478_S	[ 37.75757447 -35.57821277 -14.57587234]
0.07	 0.45	-0.02	-0.11	478_S	[ 36.65121429 -38.26385714 -15.95732143]
-0.06	 -0.13	-0.17	0.19	478_S	[ 39.03763636 -37.77609091 -16.31490909]
-0.11	 -0.37	-0.02	0.15	478_S	[ 39.31377273 -35.00781818 -17.29218182]
-0.38	 -1.01	0.37	0.59	478_S	[ 39.8467619  -36.10809524 -14.65033333]
0.15	 0.95	0.12	-0.46	479_N	[ 36.10994444 -39.90994444 -21.75      ]
0.06	 0.69	0.01	-0.23	479_N	[ 38.84452941 -38.30152941 -22.11858824]
-0.13	 -0.74	-0.04	0.2	479_N	[ 40.36041667 -38.60891667 -21.03116667]
-0.24	 -0.95	0.05	0.37	479_N	[ 40.56230952 -36.31854762 -20.71540476]
-0.1	 -0.98	0.04	0.12	479_N	[ 40.00905882 -39.24841176 -18.95794118]
0.2	 1.17	0.08	-0.32	479_N	[ 36.09594737 -38.65178947 -18.70021053]
0.1	 0.58	-0.03	-0.13	479_N	[ 37.15410811 -35.04721622 -21.68962162]
-0.02	 -0.05	5.18	0.24	479_N	[ 37.6135     -39.516      -20.80084615]
0.08	 1.12	0.04	-0.32	479_N	[ 39.01316667 -37.46604167 -22.62025   ]
-0.21	 -0.26	0.04	0.31	479_N	[ 40.83757143 -37.94814286 -18.45410714]
-0.17	 -0.97	0.07	0.31	479_N	[ 38.66763158 -39.32236842 -18.37736842]
0.14	 1.12	0.26	-0.5	484_F	[ 21.34957143 -31.70828571 -21.89364286]
0.1	 0.57	0.26	-0.52	484_F	[ 21.9775  -33.21515 -22.04495]
0.04	 0.53	-0.13	-0.03	484_F	[ 19.953      -31.90524138 -22.96282759]
0.01	 0.22	-0.07	-0.09	484_F	[ 22.7763 -33.0624 -21.3031]
0.06	 0.67	0.04	-0.16	486_D	[ 15.46023077 -30.02915385 -29.30846154]
-0.05	 0.49	-0.03	0.03	486_D	[ 16.70655556 -27.95072222 -30.396     ]
-0.06	 0.08	-0.03	0.01	486_D	[ 15.29121053 -27.52897368 -32.28007895]
0.08	 0.19	-0.01	-0.19	486_D	[ 18.0079 -27.4407 -30.7378]
0.07	 0.14	-0.05	-0.17	486_D	[ 14.20546667 -29.769      -30.61886667]
-0.04	 0.19	-0.2	0.01	486_D	[ 16.41418182 -30.11       -28.61018182]
0.14	 0.87	0.06	-0.32	487_I	[ 13.18126316 -28.92026316 -32.82226316]
0.19	 1.5	0.3	-0.54	487_I	[ 11.675625 -32.16575  -37.417125]
0.02	 0.21	-0.02	-0.14	488_V	[ 11.68007143 -29.80614286 -37.97625   ]
-0.05	 -0.05	-0.04	0.0	488_V	[ 13.98488889 -25.6007037  -38.63840741]
0.19	 1.51	0.21	-0.48	488_V	[ 14.40571429 -27.02764286 -34.48035714]
0.16	 1.52	0.35	-0.59	488_V	[ 13.4981 -28.6587 -38.8854]
0.01	 0.37	-0.13	-0.07	488_V	[ 14.84988889 -26.14661111 -39.99138889]
-0.18	 -0.62	-0.23	0.2	488_V	[ 12.80547619 -26.93061905 -38.80452381]
-0.03	 -0.1	-0.02	-0.08	488_V	[ 13.873875  -25.1524375 -36.798875 ]
0.06	 1.1	0.14	-0.43	489_G	[ 12.258    -25.934125 -36.48025 ]
0.03	 0.64	0.06	-0.24	489_G	[ 10.16753125 -26.1838125  -35.6614375 ]
0.17	 1.5	0.22	-0.48	489_G	[  8.034875 -28.021    -36.79775 ]
-0.14	 -0.32	-0.14	0.1	489_G	[ 12.51691667 -26.376625   -34.83166667]
-0.2	 -0.35	-0.32	0.32	489_G	[  9.39732143 -25.70478571 -35.06203571]
-0.1	 -0.21	-0.07	0.15	489_G	[  9.65166667 -27.492875   -37.41691667]
0.06	 1.73	0.13	-0.48	490_F	[  8.4536 -33.2832 -28.0054]
0.14	 0.75	0.0	-0.23	490_F	[  8.207      -34.49877778 -28.68922222]
0.14	 0.68	0.01	-0.24	490_F	[ 11.35511111 -27.94305556 -33.17011111]
0.17	 0.92	0.04	-0.23	490_F	[ 11.36035294 -29.25170588 -31.25194118]
-0.03	 0.36	-0.03	-0.08	490_F	[  7.93571875 -31.652625   -28.010875  ]
0.02	 -0.3	-0.02	-0.08	490_F	[  6.60381818 -34.60227273 -29.03659091]
0.09	 1.34	-0.05	-0.16	491_T	[  5.33966667 -25.70906667 -31.85033333]
0.2	 1.1	0.01	-0.29	491_T	[  4.60145455 -27.64645455 -30.17490909]
0.05	 1.12	0.12	-0.33	491_T	[  6.63627273 -25.829      -29.98854545]
-0.2	 -0.64	-0.03	0.29	491_T	[  7.72417241 -24.78282759 -31.51337931]
-0.19	 -0.99	-0.09	0.23	491_T	[  9.06373684 -26.98084211 -28.16568421]
0.16	 0.76	0.08	-0.33	491_T	[  9.939      -27.18223077 -31.93723077]
0.11	 1.47	0.06	-0.33	491_T	[  5.8725  -28.14725 -29.758  ]
-0.28	 -0.67	-0.19	0.39	491_T	[  5.79508696 -26.00056522 -29.68434783]
-0.25	 -0.59	-0.18	0.19	491_T	[  9.41239286 -25.57292857 -31.74567857]
-0.25	 -0.82	0.24	0.43	491_T	[  8.84580952 -25.75285714 -28.2167619 ]
-0.03	 -0.2	-0.0	0.05	491_T	[  7.544      -28.49215625 -28.42621875]
0.02	 -0.3	-0.06	0.05	491_T	[ 10.2715     -27.81461111 -29.57122222]
0.12	 1.62	0.03	-0.31	492_A	[  6.199125 -25.340125 -32.971375]
0.02	 0.47	-0.09	-0.08	492_A	[  5.284   -25.19775 -33.347  ]
0.14	 1.27	0.04	-0.3	492_A	[  4.3268     -28.03633333 -36.56293333]
-0.03	 0.23	-0.0	-0.1	492_A	[  5.62426829 -25.4482439  -36.1665122 ]
0.19	 1.38	0.16	-0.41	492_A	[  7.8405625 -25.8171875 -33.7590625]
0.05	 -0.05	-0.02	-0.05	492_A	[  3.79990476 -25.39161905 -33.275     ]
-0.02	 -1.03	0.01	0.01	492_A	[  4.65041667 -26.07958333 -36.98975   ]
-0.26	 -0.76	-0.08	0.44	492_A	[  6.13136 -24.48108 -34.83448]
-0.07	 -0.16	-0.22	0.12	492_A	[  7.16155556 -26.61333333 -36.65777778]
0.12	 0.82	0.29	-0.54	493_I	[  5.3276 -28.7994 -36.641 ]
-0.04	 0.21	-0.35	0.05	493_I	[  6.15057895 -30.12015789 -38.46610526]
0.12	 0.9	0.09	-0.32	493_I	[  3.85784615 -29.708      -37.39115385]
0.11	 1.07	0.33	-0.63	493_I	[  6.02438462 -30.60192308 -39.20923077]
0.01	 -0.05	-0.03	-0.05	493_I	[  6.76176923 -29.09157692 -37.39830769]
-0.01	 0.41	-0.11	-0.1	493_I	[  9.14615789 -31.05368421 -38.69584211]
0.12	 1.29	-0.03	-0.2	494_C	[  2.2571 -29.7061 -30.1004]
-0.02	 -0.27	0.15	0.17	494_C	[  1.03253659 -32.13       -30.94602439]
-0.15	 -0.87	0.02	0.22	494_C	[  3.70902273 -32.37904545 -28.64304545]
0.08	 0.33	-0.0	-0.19	494_C	[  4.71233333 -29.57391667 -29.59475   ]
-0.18	 -0.65	0.08	0.26	494_C	[  5.57509524 -31.71533333 -27.89333333]
0.07	 1.42	0.2	-0.52	495_S	[  1.94614286 -28.71214286 -30.15214286]
0.09	 0.98	0.07	-0.31	495_S	[ -0.53345455 -27.17245455 -33.43972727]
-0.19	 -0.29	0.11	0.23	495_S	[ -1.60411111 -29.15625    -32.55952778]
-0.04	 0.04	0.08	-0.19	495_S	[  0.88430435 -26.09086957 -32.12282609]
-0.21	 -0.34	0.03	0.28	495_S	[  2.60728125 -26.64071875 -30.2769375 ]
-0.16	 -0.31	-0.02	0.12	495_S	[  0.1872381  -29.01809524 -30.37985714]
0.06	 0.38	-0.13	-0.18	495_S	[  1.7865 -25.7037 -33.0773]
-0.31	 -0.63	0.14	0.41	495_S	[ -0.20335 -26.36885 -31.39135]
0.01	 0.3	-0.13	-0.08	495_S	[  3.74155556 -25.90744444 -31.26055556]
0.12	 0.97	-0.03	-0.19	496_Q	[ -1.8035     -30.87033333 -34.67991667]
-0.15	 -0.48	0.07	0.26	496_Q	[ -2.14406897 -30.67675862 -37.0862069 ]
0.07	 0.58	-0.16	0.04	496_Q	[ -1.305      -27.58433333 -36.56566667]
0.05	 0.74	-0.11	-0.16	496_Q	[ -0.0354     -25.96853333 -35.11953333]
-0.1	 0.79	-0.02	0.04	496_Q	[  0.48375 -25.4475  -37.771  ]
-0.11	 -0.21	-0.16	0.2	496_Q	[  2.05227083 -27.01308333 -38.5799375 ]
-0.09	 0.26	-0.01	0.04	496_Q	[  1.886875  -23.9421875 -36.2783125]
-0.09	 -0.13	-0.08	0.08	496_Q	[ -1.97045 -28.4112  -35.057  ]
-0.03	 -0.23	-0.09	0.08	496_Q	[ -0.62378571 -28.3885     -38.09464286]
-0.16	 -0.43	0.07	0.2	496_Q	[ -0.90148276 -26.2322069  -35.60475862]
0.05	 0.68	0.32	-0.69	496_Q	[  0.6885 -25.7362 -34.1786]
-0.16	 -0.58	0.05	0.27	496_Q	[  1.92595652 -24.28956522 -34.98265217]
-0.17	 -0.26	0.01	0.27	496_Q	[  3.19993103 -24.06903448 -37.10189655]
0.04	 -0.26	-0.13	-0.05	497_C	[ -2.2374 -33.0336 -35.0685]
0.04	 0.05	-0.04	-0.17	497_C	[ -0.79005714 -33.2        -32.8726    ]
0.15	 1.24	0.44	-0.68	497_C	[  0.271      -33.49342857 -38.13514286]
0.08	 0.86	0.37	-0.63	497_C	[  0.86455556 -33.58711111 -38.65955556]
0.02	 -0.03	-0.14	-0.01	497_C	[ -1.19209091 -32.85118182 -37.57218182]
0.11	 0.86	0.03	-0.27	497_C	[  0.60369231 -32.82961538 -38.83976923]
0.04	 -0.12	-0.1	0.01	498_S	[ -2.603875 -34.320125 -35.944375]
0.12	 0.86	0.02	-0.32	498_S	[ -3.228  -34.7225 -35.0685]
-0.18	 -0.76	-0.08	0.13	498_S	[ -4.08618182 -36.62590909 -35.46854545]
0.1	 0.51	-0.05	-0.16	498_S	[ -2.11544444 -34.94288889 -37.10311111]
-0.1	 -0.11	0.12	0.05	498_S	[ -3.41976923 -34.79707692 -33.961     ]
-0.14	 -0.13	0.11	0.15	498_S	[ -3.8473  -37.7507  -34.39995]
-0.16	 -0.53	0.12	0.33	498_S	[ -3.50304762 -36.35571429 -36.71285714]
-0.05	 -0.3	-0.03	0.01	498_S	[ -2.81077778 -38.98755556 -36.3555    ]
0.14	 1.33	0.4	-0.65	499_P	[ -0.32671429 -35.21728571 -31.63542857]
0.12	 1.42	0.02	-0.28	499_P	[ -0.0735     -39.52408333 -30.4135    ]
-0.06	 0.09	-0.06	0.03	499_P	[ -1.07314286 -37.84921429 -29.07657143]
-0.11	 -0.34	-0.03	0.11	499_P	[ -3.014875  -35.9685625 -29.370125 ]
-0.03	 0.57	0.03	-0.1	499_P	[ -4.03246154 -35.82638462 -32.21207692]
0.02	 0.56	-0.01	-0.17	499_P	[  0.79011538 -35.73334615 -31.13403846]
-0.12	 -0.57	0.11	0.25	499_P	[ -2.43095 -38.7354  -30.0967 ]
-0.2	 -0.53	-0.11	0.32	499_P	[ -0.14588889 -37.40522222 -28.85481481]
-0.3	 -0.87	0.25	0.51	499_P	[ -3.77205263 -36.58431579 -29.36294737]
-0.12	 -0.39	0.27	0.42	499_P	[ -1.47185294 -34.76894118 -30.1515    ]
-0.2	 -0.81	0.01	0.21	499_P	[ -3.895875  -37.410875  -32.2116875]
-0.15	 -0.45	0.01	0.24	499_P	[ -3.3119375 -34.6311875 -32.1315   ]
0.13	 -0.11	-0.22	-0.05	500_L	[ -1.287      -39.96671429 -31.203     ]
0.05	 1.21	-0.04	-0.21	500_L	[ -1.11       -40.99033333 -31.64633333]
0.08	 0.42	0.1	-0.28	500_L	[ -2.84108333 -40.21525    -33.81508333]
0.1	 1.0	-0.07	0.08	500_L	[ -0.14266667 -43.54166667 -35.79633333]
-0.07	 -0.25	0.01	0.08	500_L	[ -0.49625926 -44.49977778 -33.21996296]
-0.1	 -0.74	0.02	0.11	500_L	[ -2.76225    -42.9960625  -35.95021875]
0.07	 0.5	-0.04	-0.13	500_L	[ -2.641      -39.17218182 -32.65318182]
0.05	 -0.1	-0.04	-0.06	500_L	[  0.08530435 -41.41652174 -31.41221739]
-0.2	 -0.87	0.05	0.24	500_L	[ -2.56684211 -41.38078947 -32.51105263]
-0.09	 -0.25	-0.18	0.08	500_L	[ -2.88728571 -40.188      -34.58742857]
0.09	 0.46	-0.04	-0.16	500_L	[  0.114      -42.13795455 -36.23240909]
-0.18	 -0.79	0.03	0.22	500_L	[ 2.740000e-02 -4.483996e+01 -3.478868e+01]
-0.09	 -0.12	-0.2	0.13	500_L	[  1.1675625 -43.2439375 -32.517875 ]
-0.2	 -0.71	0.08	0.32	500_L	[ -1.68330435 -43.96643478 -32.5563913 ]
-0.26	 -0.96	0.3	0.46	500_L	[ -1.83027273 -44.51618182 -36.28504545]
-0.21	 -0.93	0.15	0.36	500_L	[ -3.54727273 -43.27345455 -34.47836364]
-0.25	 -0.76	-0.04	0.32	500_L	[ -2.71527273 -41.67918182 -36.50427273]
0.1	 1.17	0.32	-0.66	501_Q	[  3.0524 -39.273  -37.2894]
0.11	 1.13	0.04	-0.25	501_Q	[  4.18575    -39.36591667 -37.07354167]
0.01	 0.98	-0.03	-0.16	501_Q	[  2.543  -38.7346 -37.903 ]
0.01	 0.23	-0.07	-0.07	501_Q	[ -0.19153846 -40.01961538 -38.01384615]
0.02	 -0.35	-0.09	-0.01	501_Q	[ -1.81846154 -37.678      -38.724     ]
-0.01	 0.27	-0.02	-0.09	501_Q	[ -0.82378571 -35.34085714 -38.79003571]
-0.07	 0.21	0.03	0.03	501_Q	[ -0.95635294 -37.98405882 -40.66711765]
0.1	 0.66	-0.11	-0.15	501_Q	[  2.22993333 -40.639      -37.20176667]
0.16	 1.16	0.26	-0.53	501_Q	[  2.72091667 -38.19275    -38.27541667]
-0.15	 -0.75	-0.23	0.36	501_Q	[  1.43247368 -39.76631579 -38.71442105]
-0.01	 0.57	-0.19	-0.02	501_Q	[ -1.0636  -40.1082  -37.37355]
-0.18	 -0.36	0.07	0.25	501_Q	[  0.24364 -38.72016 -40.70488]
-0.19	 -0.97	0.11	0.28	501_Q	[ -0.66633333 -36.32479167 -40.94916667]
0.05	 0.37	-0.1	0.07	502_V	[  3.02733333 -35.517      -31.021     ]
0.08	 0.81	-0.11	-0.16	502_V	[  4.98970588 -36.11329412 -30.00582353]
0.16	 0.89	0.11	-0.32	502_V	[  2.85136842 -36.44857895 -30.72610526]
0.04	 0.82	0.01	-0.21	502_V	[  4.21678947 -34.89015789 -30.24378947]
0.1	 0.86	-0.14	-0.13	502_V	[  2.34684615 -34.19953846 -31.28276923]
0.01	 0.74	-0.39	0.01	503_I	[  1.67       -39.017      -28.77557143]
-0.07	 -0.17	-0.15	0.07	503_I	[  4.47942857 -43.31819048 -29.08585714]
-0.06	 -0.03	0.03	-0.1	503_I	[  4.90719512 -38.60282927 -28.22697561]
0.11	 0.72	-0.06	-0.25	503_I	[  2.4306  -41.97855 -31.1398 ]
0.11	 1.32	0.14	-0.41	503_I	[  2.105875  -38.1360625 -29.759625 ]
-0.14	 -0.31	-0.08	0.23	503_I	[  1.836      -40.46672414 -28.90762069]
-0.18	 -0.71	0.13	0.27	503_I	[  3.31388 -42.73308 -28.69692]
-0.03	 -0.16	0.06	-0.05	503_I	[  4.28558824 -43.41952941 -31.20982353]
-0.02	 0.21	-0.07	-0.08	503_I	[  6.32784615 -41.84365385 -29.16488462]
-0.23	 -0.74	0.11	0.43	503_I	[  3.23607407 -38.35803704 -27.64551852]
-0.12	 -0.06	-0.03	0.23	503_I	[  5.29560714 -40.12628571 -27.69989286]
0.07	 1.6	-0.01	-0.32	503_I	[  5.28842857 -37.50257143 -28.97542857]
0.15	 1.11	0.08	-0.36	504_T	[  3.90658333 -42.71425    -32.83725   ]
0.07	 1.48	0.34	-0.59	504_T	[  4.4196 -43.2919 -33.2517]
0.13	 1.54	0.05	-0.27	504_T	[  7.4040625 -43.9485625 -35.2948125]
-0.07	 -0.12	-0.11	0.03	504_T	[  2.44526923 -43.59665385 -35.05780769]
-0.09	 -0.61	-0.04	0.13	504_T	[  4.6167     -43.13816667 -37.85966667]
0.01	 0.23	-0.09	-0.08	504_T	[  5.30445455 -43.94140909 -33.75863636]
0.14	 1.38	0.22	-0.48	504_T	[  2.69121429 -42.82764286 -33.36278571]
-0.15	 -0.78	-0.22	0.5	504_T	[  3.288      -42.62410714 -37.94692857]
-0.03	 -0.23	-0.09	0.03	504_T	[  6.21842308 -42.04657692 -37.73115385]
-0.19	 -0.51	0.03	0.31	504_T	[  5.29555 -44.56885 -36.66925]
0.11	 1.48	0.08	-0.31	505_M	[  6.8382 -40.3028 -37.3918]
0.11	 0.1	-0.01	-0.23	505_M	[  8.08204348 -40.67017391 -37.89317391]
0.13	 0.86	0.09	-0.31	505_M	[  6.29620588 -38.49947059 -37.91464706]
0.15	 1.44	0.3	-0.55	506_L	[  9.9676875 -41.913125  -30.6871875]
0.07	 0.52	-0.11	-0.15	506_L	[  8.61969231 -40.212      -29.98769231]
0.03	 0.74	-0.01	-0.16	506_L	[  7.45653659 -37.17568293 -28.91190244]
0.13	 0.8	0.0	-0.37	506_L	[  7.59334615 -40.37603846 -30.16130769]
0.1	 0.75	0.03	-0.19	506_L	[  9.74289474 -40.09505263 -29.56415789]
-0.16	 -0.47	-0.24	0.23	506_L	[  8.42262963 -37.94785185 -28.44474074]
0.12	 0.54	-0.16	-0.12	507_N	[ 10.15088889 -45.54044444 -34.27122222]
0.13	 1.3	0.06	-0.29	507_N	[ 11.25425  -45.851625 -34.3265  ]
0.01	 0.49	-0.04	-0.09	507_N	[  7.668625  -45.4096875 -32.864    ]
0.0	 0.49	-0.02	-0.15	507_N	[  8.50282927 -44.06195122 -30.43487805]
-0.37	 -0.32	-0.06	0.18	507_N	[  9.88757143 -44.73533333 -29.65307143]
-0.06	 0.86	0.13	-0.11	507_N	[  6.44340909 -45.00009091 -30.07363636]
0.12	 1.37	-0.0	-0.22	507_N	[  7.10383333 -44.70841667 -33.27408333]
-0.19	 -0.45	-0.04	0.29	507_N	[  9.25118182 -46.14345455 -32.90590909]
-0.33	 -0.88	0.01	0.4	507_N	[  6.65652381 -44.72157143 -28.92252381]
-0.08	 -0.88	-0.04	0.17	507_N	[  5.66571429 -44.79514286 -31.41264286]
0.11	 1.22	0.02	-0.27	508_A	[  9.115875  -44.6270625 -35.022375 ]
0.11	 1.84	-0.06	-0.19	508_A	[  9.76866667 -45.07566667 -35.94433333]
0.01	 0.16	-0.09	-0.01	508_A	[  9.14905 -43.22295 -38.1542 ]
-0.04	 -0.2	-0.05	0.07	508_A	[ 11.11695 -45.65455 -36.41225]
0.02	 0.14	-0.03	-0.13	508_A	[ 10.86222727 -43.71727273 -39.29531818]
-0.15	 -0.4	-0.23	0.32	508_A	[  8.32261538 -44.12703846 -37.40653846]
0.19	 1.47	0.29	-0.54	510_Y	[ 14.349      -44.887      -30.75376923]
0.07	 1.04	0.03	-0.26	510_Y	[ 13.50514286 -43.85607143 -30.07321429]
-0.01	 0.18	-0.06	-0.2	510_Y	[ 12.5752     -40.93373333 -28.08673333]
-0.01	 -0.47	-0.05	0.04	510_Y	[ 12.72496296 -39.66459259 -27.79507407]
0.08	 0.63	-0.14	-0.17	510_Y	[ 14.21041667 -38.03916667 -27.82916667]
0.07	 1.52	-0.1	-0.25	510_Y	[ 13.01642105 -37.05210526 -27.34547368]
0.15	 0.79	-0.02	-0.22	510_Y	[ 12.27825 -43.71045 -30.33365]
0.06	 0.63	0.0	-0.22	510_Y	[ 14.95264286 -42.69110714 -28.60292857]
-1.53	 -0.12	-0.4	0.21	510_Y	[ 11.45592857 -41.78121429 -28.82275   ]
-0.11	 -0.11	0.04	0.1	510_Y	[ 11.22216667 -38.51404167 -27.808125  ]
0.16	 1.44	0.04	-0.31	511_T	[ 17.03671429 -48.31257143 -32.75271429]
0.07	 1.24	0.01	-0.18	511_T	[ 12.209      -47.15414286 -33.965     ]
-0.16	 0.02	-0.25	0.18	511_T	[ 12.34653488 -46.56909302 -31.50944186]
-0.11	 -0.46	-0.0	0.11	511_T	[ 14.40231034 -49.31313793 -33.59134483]
0.16	 1.01	0.02	-0.32	511_T	[ 14.9351 -47.2254 -31.0081]
0.04	 0.3	-0.0	-0.18	511_T	[ 13.09411111 -46.70444444 -35.11588889]
0.12	 1.32	0.13	-0.4	511_T	[ 11.73152174 -45.81930435 -32.06134783]
-0.28	 -0.85	0.21	0.42	511_T	[ 12.82268182 -49.26609091 -33.87231818]
-0.1	 -0.3	-0.46	0.39	511_T	[ 15.82791304 -48.71565217 -34.66578261]
-0.19	 -0.7	0.07	0.3	511_T	[ 14.83642857 -49.05490476 -31.91280952]
0.19	 1.48	0.1	-0.33	512_R	[ 20.0769  -46.25385 -36.4176 ]
0.09	 0.89	-0.14	-0.07	512_R	[ 15.79877778 -46.78322222 -38.14477778]
0.1	 1.23	-0.12	-0.17	512_R	[ 15.67   -46.2444 -40.1892]
0.02	 0.07	0.05	-0.13	512_R	[ 13.76989474 -46.00863158 -39.92047368]
0.03	 0.11	-0.01	-0.34	512_R	[ 12.82007143 -46.16185714 -38.12957143]
-0.02	 0.06	-0.01	-0.12	512_R	[ 12.62525    -45.36529545 -41.44936364]
0.08	 0.54	0.02	-0.18	512_R	[ 17.35989286 -47.12392857 -36.17160714]
-0.09	 -0.42	-0.0	0.12	512_R	[ 17.00281818 -46.49295455 -38.84740909]
0.09	 0.08	0.01	-0.13	512_R	[ 14.6872  -46.46285 -36.92005]
0.06	 0.45	0.02	-0.15	512_R	[ 15.52516667 -46.09191667 -41.02725   ]
-0.24	 -0.5	-0.1	0.26	512_R	[ 11.45084615 -45.80384615 -38.77661538]
-0.12	 -0.6	-0.01	0.21	512_R	[ 13.85616667 -45.70220833 -42.72270833]
-0.24	 -0.71	-0.14	0.52	512_R	[ 11.7879697  -45.79257576 -41.18587879]
0.06	 1.05	0.03	-0.14	514_D	[ 20.071      -46.58533333 -29.075     ]
0.07	 1.07	-0.05	-0.23	514_D	[ 19.35555556 -48.48577778 -30.58688889]
-0.11	 -0.18	0.01	-0.06	514_D	[ 20.89405556 -47.85361111 -29.58227778]
-0.0	 0.45	-0.11	-0.02	514_D	[ 17.87883333 -47.612      -29.57275   ]
-0.1	 0.71	-0.27	0.09	514_D	[ 17.78595238 -45.51504762 -27.45090476]
0.08	 0.75	0.05	-0.37	514_D	[ 18.95378571 -44.74364286 -27.55657143]
-0.13	 -0.32	-0.03	0.14	514_D	[ 15.62874 -45.60466 -28.68996]
0.11	 0.95	0.21	-0.49	514_D	[ 20.14573913 -45.73234783 -28.71726087]
0.01	 0.13	-0.08	-0.15	514_D	[ 16.6650625 -47.714875  -30.7298125]
-0.34	 -0.7	0.08	0.45	514_D	[ 18.44494118 -47.81594118 -28.85670588]
0.1	 0.85	0.03	-0.27	515_Q	[ 18.72193333 -48.53026667 -31.94013333]
0.08	 2.16	0.23	-0.5	515_Q	[ 20.28433333 -49.90916667 -32.86183333]
0.21	 1.31	0.11	-0.43	515_Q	[ 22.327      -48.53916667 -35.2485    ]
0.01	 0.29	-0.05	-0.1	515_Q	[ 22.76864286 -50.05871429 -33.22078571]
-0.15	 -0.62	-0.01	0.24	515_Q	[ 19.5210625  -49.42175    -34.86295312]
-0.17	 -0.43	0.03	0.26	515_Q	[ 20.70465 -49.9206  -31.89565]
0.04	 -0.01	-0.05	-0.08	516_Q	[ 26.60459259 -46.53955556 -37.63537037]
0.08	 1.19	0.03	-0.22	516_Q	[ 22.85983333 -47.37333333 -37.13538889]
0.03	 0.26	-0.17	-0.08	516_Q	[ 21.80142857 -46.44947619 -37.26685714]
-0.2	 -0.25	-0.1	0.21	516_Q	[ 24.1102     -47.26473333 -38.4271    ]
0.02	 0.01	-0.03	-0.11	517_C	[ 23.00407692 -46.17753846 -27.662     ]
0.02	 0.02	-0.01	-0.07	517_C	[ 22.1525625 -46.8734375 -28.704375 ]
0.03	 -0.25	-0.02	-0.07	517_C	[ 24.23141176 -46.57982353 -27.47011765]
0.15	 1.17	0.06	-0.27	517_C	[ 21.73514286 -45.02357143 -27.48578571]
0.04	 0.73	-0.07	-0.17	518_G	[ 24.18733333 -48.25083333 -28.83525   ]
-0.17	 -0.1	-0.02	0.15	518_G	[ 25.42666667 -50.529      -29.09558333]
-0.23	 -0.87	-0.06	0.18	518_G	[ 26.6945   -51.345625 -31.16175 ]
-0.06	 -0.13	-0.01	0.03	518_G	[ 28.59132258 -50.58370968 -30.24596774]
0.05	 0.27	-0.07	-0.14	518_G	[ 23.16210526 -48.98731579 -30.24778947]
-0.08	 -0.04	0.03	0.08	518_G	[ 26.32124138 -49.17234483 -28.35710345]
-0.16	 -0.5	0.09	0.31	518_G	[ 24.65696 -50.82424 -30.52952]
0.12	 0.63	0.03	-0.33	519_E	[ 25.827625 -50.896125 -32.400875]
0.15	 1.26	0.38	-0.64	519_E	[ 29.25975  -48.03675  -34.927125]
-0.14	 -0.27	-0.08	0.16	519_E	[ 30.15817778 -49.4144     -33.8976    ]
0.09	 0.89	-0.09	-0.18	519_E	[ 24.07333333 -50.58616667 -35.207     ]
-0.09	 -0.19	-0.12	0.07	519_E	[ 26.18786207 -50.72548276 -36.68610345]
-0.31	 -0.96	0.21	0.47	519_E	[ 24.83892308 -52.02166667 -36.94166667]
-0.27	 -0.85	0.12	0.41	519_E	[ 28.00722581 -51.3783871  -36.79477419]
-0.14	 -0.18	0.05	0.13	519_E	[ 27.63592857 -51.34807143 -33.31028571]
0.04	 0.37	-0.04	-0.16	519_E	[ 28.04     -48.489625 -36.05125 ]
-0.06	 -0.3	-0.13	0.05	519_E	[ 24.79725 -50.9075  -33.625  ]
0.04	 0.61	-0.16	-0.05	519_E	[ 23.88814286 -49.30404762 -35.9757619 ]
0.12	 0.72	0.04	-0.24	520_L	[ 31.51964286 -47.37785714 -31.42557143]
0.11	 1.0	-0.23	-0.13	520_L	[ 32.11066667 -46.42166667 -31.15933333]
0.03	 0.49	0.06	-0.29	520_L	[ 30.98527273 -45.85760606 -35.271     ]
0.1	 -0.13	-0.01	-0.12	520_L	[ 31.48766667 -46.98608333 -33.0515    ]
0.15	 1.18	-0.01	-0.26	520_L	[ 28.43558333 -46.3735     -35.93941667]
-0.03	 -0.32	-0.08	0.01	520_L	[ 29.74480769 -44.83738462 -36.90019231]
-0.14	 -0.37	-0.17	0.26	520_L	[ 31.76795833 -45.9955     -35.04275   ]
0.21	 1.33	0.2	-0.41	521_D	[ 31.68842857 -45.47185714 -26.38407143]
0.01	 0.18	0.01	-0.16	521_D	[ 32.5375    -48.238     -29.3158125]
-0.1	 -0.19	0.03	-0.0	521_D	[ 31.31138889 -50.07138889 -27.70594444]
-0.17	 -0.38	-0.19	0.25	521_D	[ 29.71815385 -49.7694359  -26.32948718]
-0.2	 0.15	0.04	0.13	521_D	[ 32.76138 -48.44376 -25.99002]
0.19	 1.57	0.14	-0.4	521_D	[ 28.16530769 -48.16192308 -27.61453846]
-0.15	 -0.32	-0.05	0.22	521_D	[ 31.29459091 -49.307      -30.10259091]
-0.01	 0.44	-0.04	-0.16	521_D	[ 33.10366667 -47.72144444 -28.59777778]
0.09	 0.77	-0.0	-0.23	522_V	[ 26.43556667 -46.81726667 -26.63143333]
-0.0	 -0.37	-0.1	-0.03	523_Y	[ 24.96516667 -47.04516667 -24.20841667]
0.01	 0.22	0.02	-0.14	523_Y	[ 24.76764706 -47.958      -22.14691176]
-0.04	 -0.08	-0.2	0.06	523_Y	[ 22.30066667 -45.82633333 -21.92904762]
-0.04	 -0.09	0.12	-0.13	523_Y	[ 23.09492308 -47.03746154 -22.57246154]
-0.1	 -0.49	-0.15	0.03	523_Y	[ 22.67726316 -48.85473684 -20.90305263]
0.22	 0.97	0.01	-0.28	523_Y	[ 24.35608333 -45.7415     -25.56775   ]
0.08	 0.32	0.04	-0.18	523_Y	[ 26.624      -47.61013333 -24.4058    ]
-0.18	 -0.22	-0.06	0.26	523_Y	[ 25.56092857 -49.12057143 -22.05567857]
0.15	 0.81	0.01	-0.23	523_Y	[ 21.851      -45.24307692 -20.523     ]
0.14	 3.0	0.07	-0.31	523_Y	[ 21.84433333 -47.88811111 -20.32911111]
0.21	 1.29	0.09	-0.34	524_K	[ 21.289      -43.52627273 -21.66427273]
0.06	 0.38	0.07	-0.22	524_K	[ 20.0684 -44.4172 -25.7249]
0.04	 0.86	-0.14	-0.19	524_K	[ 18.07468182 -44.245      -26.33509091]
-0.09	 -0.14	0.03	-0.02	524_K	[ 16.64595588 -41.36213235 -25.12325   ]
0.07	 -0.44	0.01	-0.15	524_K	[ 22.74841935 -45.11       -24.85922581]
0.08	 0.18	0.03	-0.23	524_K	[ 20.591     -44.4704375 -26.84775  ]
-0.08	 -0.18	-0.05	0.02	524_K	[ 20.13645 -43.9058  -23.73565]
-0.21	 -0.0	-0.08	0.24	524_K	[ 18.16738889 -43.78544444 -24.49422222]
0.22	 1.2	0.16	-0.44	525_V	[ 18.46411111 -38.80718519 -23.63811111]
0.08	 1.05	-0.06	-0.19	525_V	[ 22.35894444 -35.89872222 -20.55427778]
0.19	 1.45	0.37	-0.61	525_V	[ 23.3283 -35.4168 -20.8793]
0.14	 0.91	0.1	-0.34	525_V	[ 21.36688889 -35.92877778 -21.44438889]
0.06	 0.51	-0.03	-0.18	526_E	[ 17.49026667 -36.60206667 -19.1792    ]
-0.05	 -0.45	-0.09	0.01	526_E	[ 19.57016 -35.8988  -19.6    ]
0.06	 1.18	-0.08	-0.18	526_E	[ 17.776625 -37.927625 -17.934   ]
0.04	 0.98	-0.07	-0.32	526_E	[ 16.943125 -42.108375 -20.886375]
-0.22	 -0.66	-0.03	0.32	526_E	[ 15.767225 -41.585725 -19.74405 ]
0.04	 0.47	-0.09	-0.1	526_E	[ 18.38935135 -43.07445946 -21.06864865]
0.1	 0.61	-0.18	-0.14	526_E	[ 17.2694375 -40.1730625 -21.8219375]
0.13	 0.85	0.06	-0.31	526_E	[ 18.71175   -37.6458125 -17.805625 ]
-0.12	 -0.4	-0.12	0.07	526_E	[ 16.56540741 -38.46614815 -18.62974074]
0.1	 0.48	0.06	-0.24	526_E	[ 17.72096774 -41.31874194 -16.61490323]
0.07	 1.95	0.16	-0.49	527_T	[ 16.98366667 -35.59266667 -19.52366667]
0.01	 0.14	-0.08	-0.1	527_T	[ 15.57913333 -35.47093333 -19.26826667]
-0.18	 -0.37	-0.03	0.15	527_T	[ 14.07710345 -36.4062069  -20.90851724]
0.08	 0.1	0.04	-0.16	527_T	[ 16.03407143 -36.79060714 -23.89964286]
0.12	 1.17	0.1	-0.38	527_T	[ 18.40266667 -33.37425    -23.43541667]
-0.03	 0.19	-0.1	-0.08	527_T	[ 16.39848276 -38.23348276 -21.83486207]
-0.12	 -0.28	-0.18	0.2	527_T	[ 17.4533125 -34.4965625 -19.840875 ]
0.12	 0.88	0.03	-0.19	527_T	[ 16.7994 -33.0549 -23.025 ]
0.04	 0.43	-0.12	-0.13	527_T	[ 19.48284375 -34.1064375  -22.0750625 ]
0.0	 -0.12	-0.1	-0.06	528_I	[ 14.48817857 -31.86814286 -23.57432143]
-0.03	 0.92	0.02	-0.15	528_I	[ 14.29511765 -34.11535294 -18.14158824]
-0.16	 -0.72	-0.02	0.2	528_I	[ 11.92077273 -30.60622727 -19.8865    ]
-0.15	 -0.51	-0.01	0.18	528_I	[ 15.06656667 -30.56186667 -17.24073333]
0.04	 -0.4	-0.03	-0.06	528_I	[ 16.5046875 -32.867625  -20.9818125]
-0.01	 -0.33	-0.09	-0.0	528_I	[ 12.6894     -34.5418     -19.70973333]
-0.06	 0.22	0.03	-0.0	528_I	[ 14.97106667 -30.99373333 -20.7228    ]
-0.17	 -0.3	0.06	0.12	528_I	[ 12.91032 -32.8792  -17.64268]
-0.14	 -0.02	-0.08	0.09	528_I	[ 15.74895 -33.5301  -18.24615]
-0.22	 -0.87	0.27	0.28	528_I	[ 12.8146875 -29.7623125 -19.21175  ]
-0.1	 -0.22	-0.01	0.22	528_I	[ 12.27735 -30.68725 -21.5161 ]
-0.16	 -0.85	0.14	0.17	528_I	[ 11.20154545 -32.17595455 -19.75759091]
-0.27	 -1.0	0.32	0.52	528_I	[ 15.18004762 -31.74138095 -15.9392381 ]
-0.19	 -0.69	0.1	0.32	528_I	[ 16.18504 -30.86148 -18.41488]
-0.21	 -0.49	0.04	0.33	528_I	[ 13.50505 -30.0835  -17.37095]
0.08	 1.61	0.21	-0.52	529_G	[ 10.94   -32.8396 -21.3808]
-0.01	 0.29	-0.06	-0.13	529_G	[ 10.54690323 -32.78083871 -23.36274194]
-0.09	 -1.06	-0.11	0.07	529_G	[ 10.42492857 -34.54178571 -25.39421429]
-0.05	 -0.02	-0.06	0.11	529_G	[ 12.29847619 -36.047      -24.86011905]
-0.14	 -0.21	-0.04	0.16	529_G	[ 11.23178261 -34.45269565 -21.58743478]
-0.26	 -0.84	0.24	0.45	529_G	[  9.79034783 -33.65656522 -23.57095652]
-0.21	 -0.46	-0.18	0.23	529_G	[ 11.39476471 -31.46329412 -23.90576471]
0.05	 0.87	-0.03	-0.19	530_D	[ 10.24746667 -32.93173333 -26.36893333]
0.1	 1.73	-0.06	-0.2	530_D	[ 10.5326 -34.4818 -26.568 ]
0.05	 0.5	-0.09	-0.12	530_D	[ 13.1041 -31.0788 -27.3698]
0.1	 0.44	-0.03	-0.14	530_D	[ 12.98492593 -30.33114815 -29.1957037 ]
-0.13	 -0.33	-0.15	0.13	530_D	[ 10.7034186  -30.36206977 -27.11804651]
0.13	 0.73	-0.1	-0.2	530_D	[ 11.65129412 -31.88164706 -25.63417647]
0.08	 0.37	-0.15	-0.1	530_D	[ 10.85533333 -35.68188889 -27.53077778]
0.06	 0.5	-0.05	-0.16	530_D	[  9.62595455 -34.13136364 -27.96895455]
0.12	 0.64	0.01	-0.22	531_A	[ 15.03765385 -36.62353846 -26.19588462]
0.14	 0.45	0.07	-0.24	531_A	[ 17.5079375 -32.1078125 -24.7150625]
0.12	 1.04	0.07	-0.27	531_A	[ 13.78453333 -31.8706     -25.89613333]
-0.02	 0.4	-0.04	-0.07	531_A	[ 16.54834 -31.04574 -26.47378]
0.07	 0.2	-0.0	-0.21	531_A	[ 16.85525 -32.5275  -24.24325]
0.09	 0.86	-0.08	-0.26	532_Y	[ 17.26372727 -37.90477273 -26.44727273]
0.21	 1.2	0.16	-0.41	532_Y	[ 15.84704 -39.1506  -27.8258 ]
0.17	 1.2	0.39	-0.63	533_C	[ 21.79653846 -34.90415385 -22.64284615]
0.21	 1.46	0.26	-0.52	533_C	[ 18.49359091 -38.04286364 -25.38386364]
0.13	 1.18	0.3	-0.55	537_G	[ 35.40930769 -41.44384615 -22.17184615]
0.14	 0.92	0.11	-0.4	537_G	[ 34.242      -41.60471429 -19.68130952]
0.18	 1.12	0.09	-0.37	537_G	[ 32.80686486 -43.66954054 -24.84027027]
0.16	 1.17	0.32	-0.53	537_G	[ 35.78691667 -40.84358333 -22.71775   ]
0.13	 1.0	-0.03	-0.22	538_L	[ 31.44368182 -44.83163636 -17.99736364]
0.14	 1.77	0.1	-0.32	539_H	[ 30.74522222 -46.22155556 -18.23877778]
-0.18	 -0.45	-0.07	0.22	539_H	[ 30.48170588 -48.13394118 -19.33761765]
0.01	 0.21	-0.15	-0.08	539_H	[ 29.17438462 -48.72134615 -23.41711538]
0.18	 1.01	0.08	-0.31	539_H	[ 31.71417391 -46.12056522 -24.17182609]
0.15	 1.5	0.24	-0.5	539_H	[ 29.69013043 -48.05882609 -24.67417391]
0.05	 0.7	0.01	-0.12	539_H	[ 27.744625   -47.73033333 -20.01316667]
-0.19	 -0.47	-0.05	0.27	539_H	[ 28.56471429 -49.09490476 -22.54033333]
0.15	 1.79	0.04	-0.34	539_H	[ 31.43390909 -44.93454545 -25.30154545]
0.06	 0.77	0.04	-0.23	539_H	[ 28.53123077 -47.90123077 -25.85615385]
0.08	 0.96	0.06	-0.32	540_K	[ 33.38166667 -45.602      -19.12444444]
0.06	 1.07	0.01	-0.35	540_K	[ 34.1123  -44.2963  -19.65825]
0.22	 1.37	0.16	-0.44	540_K	[ 33.58758333 -45.19908333 -23.19425   ]
-0.11	 -0.2	-0.13	0.18	540_K	[ 33.44766234 -48.22664935 -22.3544026 ]
-0.15	 -0.41	-0.04	0.16	540_K	[ 33.46426316 -47.01994737 -18.95047368]
0.05	 1.04	-0.11	-0.1	541_E	[ 35.20405 -45.6097  -19.6318 ]
0.05	 1.02	0.13	-0.48	541_E	[ 35.80564706 -43.64376471 -19.753     ]
0.09	 0.12	-0.07	-0.14	541_E	[ 37.20151613 -45.19932258 -21.98183871]
-0.15	 -0.23	-0.14	0.19	541_E	[ 39.31402128 -45.15161702 -21.99008511]
-0.27	 -1.28	0.35	0.45	541_E	[ 37.93133333 -44.36712281 -18.77245614]
-0.15	 -0.68	-0.02	0.24	541_E	[ 36.12641667 -46.70495833 -19.54108333]
-0.04	 0.44	6.38	0.22	541_E	[ 35.97360526 -42.67202632 -20.57442105]
0.07	 1.23	-0.09	-0.17	542_S	[ 37.0104 -45.8622 -23.7574]
0.18	 1.26	0.05	-0.32	542_S	[ 39.39808333 -42.924      -23.13191667]
0.04	 0.55	-0.08	-0.22	542_S	[ 37.83611364 -41.37975    -23.09902273]
0.13	 1.4	0.22	-0.47	542_S	[ 34.83116667 -44.55561111 -25.81588889]
-0.05	 -0.31	0.03	-0.07	542_S	[ 36.86553333 -45.40513333 -27.0118    ]
-0.11	 -0.28	0.06	0.14	542_S	[ 37.9848125 -45.914375  -24.5150625]
-1.41	 0.29	-0.3	0.23	542_S	[ 35.13634211 -45.61818421 -25.14244737]
0.02	 -0.09	-0.04	-0.23	542_S	[ 35.93688889 -45.31255556 -27.86366667]
0.05	 0.68	0.48	-0.76	543_D	[ 41.3195     -40.65533333 -25.74966667]
0.12	 1.51	0.25	-0.52	543_D	[ 41.29442857 -41.60414286 -28.21071429]
-0.15	 -0.12	-0.05	0.15	543_D	[ 40.44223077 -39.8534359  -27.45764103]
0.02	 0.46	0.0	-0.2	543_D	[ 42.622      -42.43541176 -26.47005882]
-0.11	 -0.09	-0.18	0.15	543_D	[ 43.09031579 -43.16505263 -24.31484211]
-0.31	 -1.02	0.16	0.49	543_D	[ 43.29097368 -44.6385     -24.49860526]
-0.3	 -0.92	0.16	0.41	543_D	[ 42.36761111 -41.96638889 -23.24802778]
0.07	 0.05	0.02	-0.14	543_D	[ 39.89673913 -44.72078261 -25.41082609]
-0.02	 0.23	-0.17	0.0	543_D	[ 40.44819231 -40.68053846 -24.62469231]
-0.16	 -0.57	-0.14	0.2	543_D	[ 41.99157895 -44.23489474 -26.93868421]
-0.15	 -0.17	-0.04	0.21	543_D	[ 42.45369231 -41.80630769 -27.09011538]
0.07	 1.79	0.01	-0.19	544_T	[ 37.59533333 -43.62583333 -31.40983333]
-0.1	 -0.05	-0.02	0.06	544_T	[ 37.43927273 -44.83124242 -29.70469697]
-0.05	 -0.33	0.01	-0.0	544_T	[ 40.57364103 -43.04153846 -30.90902564]
0.14	 1.56	0.17	-0.44	544_T	[ 38.95227273 -44.24418182 -27.64172727]
0.11	 0.65	0.01	-0.24	544_T	[ 39.15173077 -39.92534615 -29.71476923]
0.14	 1.15	0.05	-0.29	544_T	[ 37.55285714 -42.92735714 -32.02328571]
-0.28	 -0.84	0.09	0.39	544_T	[ 39.67468 -44.16396 -31.79676]
-0.15	 -0.12	-0.05	0.21	544_T	[ 40.67508 -41.47104 -31.1302 ]
-0.07	 0.11	-0.08	0.03	544_T	[ 40.75140741 -43.78488889 -29.00285185]
0.14	 1.08	0.28	-0.53	545_H	[ 38.4185    -38.8993125 -25.2680625]
0.13	 1.26	0.25	-0.51	545_H	[ 37.61925 -35.67475 -24.09075]
0.09	 0.57	-0.14	-0.22	545_H	[ 38.44776471 -37.67270588 -26.01582353]
0.11	 0.74	0.1	-0.4	545_H	[ 38.58357143 -39.7565     -23.8495    ]
0.13	 0.68	-0.05	-0.25	545_H	[ 36.893      -35.08652941 -23.94676471]
-0.15	 0.03	-0.39	0.15	545_H	[ 39.01758333 -37.30966667 -24.41855556]
0.1	 0.74	0.07	-0.33	546_A	[ 37.62907143 -38.13871429 -28.0915    ]
0.19	 1.07	0.08	-0.33	546_A	[ 38.13772222 -37.09744444 -30.19738889]
0.01	 0.12	-0.08	-0.09	547_V	[ 36.96122222 -42.06207407 -34.92555556]
0.1	 1.04	0.1	-0.28	547_V	[ 39.69763158 -38.97768421 -32.72173684]
-0.23	 -0.71	-0.03	0.21	547_V	[ 38.1925 -42.1448 -34.4871]
0.08	 0.82	-0.03	-0.2	547_V	[ 35.37144444 -42.74888889 -33.93266667]
0.18	 0.99	0.15	-0.4	547_V	[ 36.70605882 -40.53276471 -36.632     ]
-0.0	 0.33	-0.15	-0.05	547_V	[ 39.69145833 -40.816875   -33.386875  ]
0.06	 0.16	-0.05	-0.16	547_V	[ 38.70273333 -38.38033333 -31.3762    ]
0.05	 0.5	0.05	-0.18	548_Q	[ 34.68416667 -44.06538889 -32.17294444]
-0.05	 -0.13	-0.1	0.05	548_Q	[ 35.24       -45.44341667 -29.7125    ]
0.06	 0.79	-0.13	-0.09	548_Q	[ 35.75066667 -45.21733333 -28.76933333]
-0.05	 1.49	-0.02	-0.13	548_Q	[ 33.58923077 -46.438      -29.75253846]
-0.02	 -0.16	-0.0	-0.04	548_Q	[ 33.20980645 -45.13080645 -32.15716129]
0.06	 0.76	-0.08	-0.12	548_Q	[ 35.7716  -43.46375 -31.95525]
0.1	 1.13	0.16	-0.42	548_Q	[ 32.66281818 -46.56036364 -30.29263636]
0.14	 0.89	0.04	-0.26	548_Q	[ 33.65490476 -45.4862381  -27.34245238]
0.18	 1.59	0.15	-0.4	551_L	[ 29.11738462 -40.92930769 -38.34      ]
-0.01	 -0.1	0.02	-0.02	551_L	[ 34.16574194 -43.56012903 -36.91977419]
0.08	 0.82	-0.04	-0.27	551_L	[ 32.17232 -40.80572 -39.33312]
0.16	 1.22	0.23	-0.51	551_L	[ 30.30590909 -40.13154545 -38.50027273]
0.06	 0.54	-0.17	-0.11	551_L	[ 29.84908333 -42.56870833 -37.78529167]
-0.06	 -0.0	-0.14	0.06	551_L	[ 35.37782759 -42.2347931  -37.53665517]
0.04	 0.6	-0.01	-0.26	551_L	[ 33.539      -43.72066667 -34.80691667]
-0.11	 -0.53	-0.07	0.23	551_L	[ 32.72389474 -44.12347368 -37.35294737]
-0.05	 -0.05	-0.09	0.05	551_L	[ 32.11534286 -41.80305714 -39.35408571]
0.15	 0.99	0.08	-0.33	554_L	[ 25.8994375 -37.5615    -41.4914375]
0.07	 0.39	-0.17	-0.09	554_L	[ 28.509375 -39.494    -40.096375]
0.14	 1.29	0.34	-0.62	554_L	[ 30.9172 -38.8552 -39.9258]
0.02	 0.41	-0.06	-0.13	554_L	[ 27.73066667 -35.82266667 -41.76333333]
0.1	 0.3	-0.05	-0.14	554_L	[ 29.2355625 -39.546875  -39.4495   ]
0.06	 0.58	-0.06	-0.2	554_L	[ 27.77169697 -38.503      -41.42639394]
0.08	 0.71	-0.01	-0.24	554_L	[ 30.62456 -38.2588  -41.06348]
-0.11	 -0.17	-0.27	0.24	554_L	[ 28.799      -36.47273684 -42.45605263]
0.01	 0.33	-0.1	-0.1	554_L	[ 27.06472727 -34.86639394 -40.99345455]
0.0	 -0.02	-0.02	-0.08	555_K	[ 28.042      -43.33642857 -39.03228571]
-0.11	 -0.16	-0.05	0.09	555_K	[ 25.39432143 -44.25108929 -40.60128571]
0.01	 0.27	-0.0	-0.05	555_K	[ 27.61076667 -41.63596667 -40.00753333]
0.15	 0.76	0.04	-0.25	555_K	[ 27.94014286 -44.04721429 -38.00221429]
0.14	 0.9	0.01	-0.28	557_M	[ 22.12341176 -36.84341176 -42.73729412]
0.15	 0.97	-0.07	-0.18	557_M	[ 20.29808333 -35.63425    -41.90275   ]
0.02	 0.56	-0.0	-0.16	557_M	[ 24.07573684 -35.662      -41.66126316]
0.15	 1.21	0.08	-0.36	557_M	[ 21.21334146 -33.21043902 -40.49068293]
0.14	 1.32	0.39	-0.61	557_M	[ 20.4353 -35.1282 -40.5404]
0.06	 0.16	-0.09	-0.08	557_M	[ 24.919      -36.13384615 -41.33846154]
-0.16	 -0.11	-0.19	0.37	557_M	[ 22.33703333 -34.46203333 -41.7555    ]
0.06	 0.32	-0.05	-0.16	557_M	[ 24.69018182 -33.213      -40.41131818]
0.06	 1.01	0.21	-0.37	558_E	[ 21.3136 -39.753  -44.2374]
0.16	 0.86	0.24	-0.51	558_E	[ 20.54938889 -41.81666667 -42.83027778]
0.03	 0.34	-0.15	-0.01	558_E	[ 19.63440909 -40.69518182 -44.25072727]
0.08	 1.0	0.05	-0.27	558_E	[ 22.35444444 -41.62438889 -42.48177778]
0.02	 1.44	0.0	-0.14	558_E	[ 23.99685714 -38.57957143 -43.9325    ]
-0.04	 0.87	0.07	-0.15	558_E	[ 25.86488462 -41.28673077 -43.62784615]
-0.24	 -0.56	-0.02	0.24	558_E	[ 25.0945     -42.4996     -43.43726667]
-0.14	 -0.19	-0.0	0.18	558_E	[ 26.95823529 -39.67741176 -43.35001961]
0.01	 0.13	-0.01	-0.18	558_E	[ 21.15993548 -38.18864516 -44.22096774]
0.15	 1.64	0.16	-0.42	558_E	[ 23.454     -42.0830625 -41.666375 ]
-0.1	 -0.58	0.36	0.55	558_E	[ 22.02577778 -41.2347037  -43.87648148]
-0.27	 -0.87	0.06	0.35	558_E	[ 23.72410526 -39.09736842 -44.892     ]
-0.03	 0.36	-0.05	-0.06	558_E	[ 24.37157143 -37.71321429 -42.79528571]
0.02	 0.05	0.01	-0.11	559_L	[ 20.69375676 -44.94618919 -40.00235135]
0.17	 1.17	0.12	-0.37	559_L	[ 22.46853333 -42.895      -40.56786667]
-0.14	 -0.39	-0.14	0.2	559_L	[ 21.77266667 -45.56292593 -39.73866667]
0.1	 1.12	0.07	-0.31	559_L	[ 18.9581  -45.5119  -38.86445]
0.05	 0.52	-0.09	-0.09	559_L	[ 20.37915 -43.53045 -41.9409 ]
0.15	 1.23	0.04	-0.28	560_S	[ 18.55880769 -35.15311538 -41.09842308]
0.15	 1.58	0.08	-0.33	561_D	[ 16.23775 -40.21425 -45.5255 ]
0.08	 0.6	-0.03	-0.12	561_D	[ 14.60416 -38.66576 -46.25424]
0.01	 0.52	0.03	-0.18	561_D	[ 19.18909091 -38.41627273 -45.41954545]
-0.04	 -0.08	-0.11	0.02	561_D	[ 18.22333333 -35.73033333 -45.34936667]
-0.19	 -0.36	0.04	0.19	561_D	[ 16.61665714 -35.671      -46.69271429]
-0.15	 -0.27	0.34	0.4	561_D	[ 19.41395652 -35.22484783 -44.55280435]
0.05	 -0.02	-0.24	-0.09	561_D	[ 19.729125 -38.69225  -44.7605  ]
-0.04	 -0.19	-0.04	0.1	561_D	[ 17.57521429 -39.09035714 -45.92082143]
0.07	 0.94	0.23	-0.4	562_E	[ 14.1286 -42.596  -44.869 ]
-0.05	 -0.08	-0.11	0.13	562_E	[ 12.00725    -42.48205556 -43.66588889]
0.06	 0.42	-0.22	0.07	562_E	[ 14.96866667 -43.28733333 -44.85466667]
0.04	 0.55	0.04	-0.21	562_E	[ 17.06664706 -42.30070588 -45.25552941]
-0.07	 -0.57	-0.02	0.0	562_E	[ 16.56382353 -45.31064706 -43.96835294]
-0.02	 -0.18	-0.03	-0.0	562_E	[ 17.29296 -45.7138  -41.90748]
-0.18	 -0.53	0.14	0.2	562_E	[ 19.16203846 -44.64078846 -44.26492308]
-0.02	 -0.31	-0.02	-0.04	562_E	[ 14.311375   -41.51983333 -45.54770833]
0.11	 -0.18	-0.07	0.1	562_E	[ 14.49078571 -43.99614286 -44.04871429]
-0.24	 -0.76	0.05	0.32	562_E	[ 16.3412381  -43.19580952 -45.7282381 ]
0.03	 0.11	-0.15	-0.04	562_E	[ 18.30921429 -41.63564286 -44.76742857]
0.12	 0.25	-0.03	-0.11	563_V	[ 11.06207692 -41.76938462 -41.32846154]
0.09	 0.82	-0.03	-0.17	563_V	[  9.81375 -41.10295 -39.55765]
0.17	 1.38	0.23	-0.48	563_V	[ 12.11505882 -42.97288235 -40.41523529]
0.07	 0.01	-0.02	-0.09	564_M	[  7.5402 -38.7231 -40.0925]
0.15	 1.07	0.0	-0.27	564_M	[  6.59544444 -38.33366667 -43.92955556]
-0.16	 -0.98	-0.11	0.19	564_M	[  8.6704 -40.3043 -45.5369]
-0.06	 -0.27	-0.06	0.06	564_M	[  9.5265     -37.95286364 -47.23877273]
-0.07	 0.45	-0.03	0.1	564_M	[ 11.96738462 -39.56753846 -46.95915385]
0.12	 0.33	0.08	-0.2	564_M	[  9.37677778 -40.42527778 -42.01288889]
-0.24	 -0.61	0.04	0.23	564_M	[  7.13621429 -39.31964286 -42.87828571]
-0.02	 -0.86	0.05	0.04	564_M	[  9.338      -40.69364286 -44.38757143]
-0.19	 -0.61	0.1	0.3	564_M	[  7.55126087 -39.30408696 -45.87117391]
-0.12	 -0.36	0.15	0.12	564_M	[ 12.50828571 -38.38585714 -47.28078571]
-0.01	 -0.44	0.02	0.05	564_M	[ 11.13985 -40.3953  -46.18905]
0.17	 1.17	-0.02	-0.28	565_S	[  5.66022222 -37.29866667 -40.20011111]
0.04	 0.6	-0.06	-0.15	565_S	[  5.4282  -37.35385 -42.3553 ]
0.19	 1.28	0.15	-0.39	565_S	[  9.35922222 -32.62894444 -40.70122222]
0.1	 1.1	0.11	-0.32	566_P	[  5.3195     -37.00733333 -39.4075    ]
0.15	 0.92	0.47	-0.85	566_P	[  4.52385714 -37.20871429 -39.338     ]
0.13	 1.92	0.07	-0.36	566_P	[  1.3451 -34.8558 -41.3   ]
-0.11	 0.01	-0.13	0.13	566_P	[  2.00347619 -36.13119048 -42.81069048]
-0.07	 -0.27	-0.14	0.13	566_P	[  3.10965217 -37.7283913  -40.44678261]
0.15	 0.94	0.14	-0.39	566_P	[  1.32848 -34.41064 -39.79356]
0.14	 1.18	0.07	-0.34	566_P	[  4.2235625 -37.5084375 -38.141    ]
0.09	 0.72	0.3	-0.54	567_H	[  2.285 -32.826 -44.662]
-0.04	 -0.05	-0.04	-0.0	567_H	[  3.025      -34.8615     -45.13791667]
-0.14	 -0.54	0.02	0.2	567_H	[  4.03539394 -32.94230303 -46.16575758]
0.02	 0.47	-0.09	-0.07	567_H	[  3.79842857 -30.18328571 -43.05342857]
-0.09	 0.68	-0.09	0.09	567_H	[  2.36716667 -29.88283333 -42.79833333]
0.07	 1.47	0.11	-0.28	567_H	[  0.96145 -32.4217  -41.93245]
-0.07	 -0.03	-0.17	0.05	567_H	[  3.28853571 -29.41014286 -40.74428571]
-0.08	 -0.41	-0.06	0.11	567_H	[  0.05726316 -30.94128947 -40.83831579]
-0.08	 0.65	-0.18	0.01	567_H	[  1.33971429 -28.82828571 -40.37285714]
-0.11	 -0.1	-0.16	0.15	567_H	[  1.61418182 -33.943      -43.85363636]
0.08	 1.68	0.11	-0.41	567_H	[  4.43583333 -30.36516667 -42.65283333]
-0.1	 -0.12	0.0	0.07	567_H	[  2.80580769 -31.23376923 -44.52069231]
-0.31	 -0.76	0.03	0.34	567_H	[  0.35219048 -32.4267619  -43.04785714]
-0.01	 0.04	-0.08	-0.01	567_H	[  4.61045455 -30.05127273 -40.132     ]
-0.15	 -0.51	-0.08	0.31	567_H	[ -0.92576667 -30.66266667 -40.049     ]
0.19	 1.38	0.21	-0.46	567_H	[  1.92704167 -29.21804167 -38.73316667]
0.06	 0.91	-0.26	-0.06	568_G	[  3.6232 -35.8648 -44.5328]
-0.08	 -0.3	-0.09	0.06	568_G	[  4.5171875 -36.395     -45.63     ]
0.03	 -0.02	-0.09	-0.01	568_G	[  6.83121429 -33.79457143 -46.89735714]
-0.06	 -0.18	0.07	0.1	568_G	[  7.587625   -36.15854167 -47.289125  ]
0.18	 1.37	0.2	-0.47	568_G	[  4.38085714 -36.49042857 -43.43585714]
-0.06	 -0.33	-0.02	0.11	568_G	[  5.21324 -37.08948 -44.92356]
-0.23	 -0.65	0.13	0.38	568_G	[  4.72566667 -35.52944444 -46.94816667]
0.14	 1.37	0.3	-0.55	569_E	[  6.51542857 -32.93657143 -46.08742857]
0.06	 1.36	-0.0	-0.24	569_E	[  7.7824 -33.1508 -46.8096]
-0.07	 -0.55	0.0	0.0	569_E	[  9.27669231 -31.22146154 -46.46053846]
-0.0	 0.28	-0.1	-0.11	569_E	[  9.47138462 -30.55092308 -43.29246154]
-0.06	 0.01	0.1	-0.02	569_E	[  6.61185714 -29.83704762 -43.26657143]
-0.03	 -0.08	-0.07	-0.03	569_E	[  5.8607619  -30.6402381  -44.56714286]
-0.08	 0.03	-0.04	0.03	569_E	[  7.18130303 -30.26424242 -41.33539394]
-0.03	 -0.16	-0.11	0.1	569_E	[  8.86809091 -33.55236364 -47.32590909]
-0.05	 0.03	-0.04	0.12	569_E	[ 10.52817391 -31.275      -45.64404348]
-0.09	 -0.56	0.05	0.15	569_E	[  7.66339286 -31.45864286 -46.28517857]
0.12	 1.08	0.03	-0.21	569_E	[  9.804      -31.83821429 -42.13521429]
-0.08	 0.04	1.08	0.4	569_E	[ 10.34397222 -30.34133333 -43.72891667]
0.04	 0.44	-0.09	-0.22	570_P	[ 12.67578182 -31.95736364 -43.25687273]
-0.0	 0.58	0.01	-0.06	570_P	[ 13.42459091 -35.77459091 -47.3145    ]
-0.03	 0.3	0.06	-0.15	570_P	[ 10.96061538 -33.38469231 -47.58223077]
0.07	 0.34	-0.05	-0.13	570_P	[ 14.60908824 -34.00132353 -44.91958824]
-0.29	 -0.87	-0.08	0.44	570_P	[ 14.10709091 -34.77277273 -47.52863636]
0.02	 0.14	-0.06	-0.04	570_P	[ 12.03133333 -36.60893333 -47.6432    ]
-0.18	 -0.66	-0.05	0.2	570_P	[ 12.10008696 -32.67369565 -46.69178261]
-0.04	 -0.9	0.05	0.12	570_P	[ 10.33891667 -34.99591667 -47.76383333]
0.13	 0.84	0.0	-0.26	571_I	[ 16.25024 -34.27052 -42.60348]
0.17	 1.78	0.11	-0.39	571_I	[ 10.91692857 -33.12492857 -38.727     ]
0.18	 0.61	0.16	-0.33	571_I	[ 11.77161111 -32.96677778 -40.426     ]
0.1	 0.39	-0.19	-0.14	571_I	[ 10.46925    -33.08033333 -39.67175   ]
0.09	 -0.14	-0.05	-0.14	572_K	[ 15.10514286 -30.58242857 -43.71621429]
0.12	 1.03	0.08	-0.33	572_K	[ 15.90225    -26.91633333 -42.40333333]
-0.76	 -0.59	0.32	0.42	572_K	[ 13.56008974 -28.20365385 -43.43332051]
0.09	 0.68	-0.01	-0.23	572_K	[ 13.13539286 -31.58646429 -39.57875   ]
0.13	 0.98	0.03	-0.32	572_K	[ 17.3909  -32.67225 -41.4034 ]
0.16	 0.74	0.1	-0.33	572_K	[ 13.887125   -29.2175     -39.93329167]
0.04	 0.27	-0.03	-0.13	572_K	[ 16.39856522 -31.12904348 -43.41526087]
0.15	 1.75	0.03	-0.31	572_K	[ 13.74383333 -30.58244444 -42.56083333]
0.13	 0.93	-0.05	-0.22	572_K	[ 15.35822222 -26.89055556 -41.31577778]
0.22	 1.45	0.23	-0.49	573_M	[ 18.855   -32.79104 -40.09356]
0.12	 0.97	0.03	-0.32	574_R	[ 18.77271429 -24.36       -32.599     ]
-0.02	 1.04	-0.03	-0.1	574_R	[ 17.1838 -25.5493 -32.9957]
-0.08	 -0.45	-0.03	0.02	574_R	[ 17.482625 -23.7      -33.68875 ]
-0.12	 -0.55	-0.11	-0.26	574_R	[ 18.20907143 -22.43014286 -34.58878571]
-0.08	 -0.0	0.12	0.01	574_R	[ 15.69575   -23.5713125 -35.0235625]
0.1	 0.71	0.05	-0.27	574_R	[ 18.295   -26.10565 -31.96725]
0.05	 1.35	-0.11	-0.1	574_R	[ 16.39855556 -25.807      -33.50777778]
0.13	 1.01	0.43	-0.83	574_R	[ 19.79042857 -22.46871429 -34.32628571]
-0.17	 -0.94	-0.01	0.26	574_R	[ 18.28138095 -22.09942857 -36.10285714]
-0.12	 0.11	-0.14	0.08	574_R	[ 14.91721053 -25.23689474 -34.91978947]
-0.15	 -0.34	0.08	0.13	574_R	[ 15.93381481 -23.24518519 -36.67659259]
0.12	 1.39	0.2	-0.48	578_H	[ 33.927      -27.61454545 -22.65054545]
0.17	 1.41	0.14	-0.41	578_H	[ 34.22761111 -26.26777778 -22.59377778]
0.12	 0.66	-0.11	-0.09	579_S	[ 35.9597 -31.1556 -23.3428]
0.11	 0.85	-0.04	-0.26	579_S	[ 34.99981818 -29.12740909 -22.77381818]
0.07	 1.18	-0.04	-0.2	579_S	[ 36.436125 -32.0995   -24.56125 ]
0.13	 0.9	0.19	-0.44	579_S	[ 36.59035714 -31.38214286 -24.96521429]
0.09	 0.38	0.06	-0.26	579_S	[ 35.96118182 -33.27572727 -23.811     ]
0.2	 0.96	0.05	-0.3	580_G	[ 35.47518182 -33.22872727 -22.62763636]
0.1	 0.61	0.1	-0.37	580_G	[ 35.591      -31.18916667 -20.97927778]
-0.17	 -0.37	-0.03	0.21	580_G	[ 36.291   -31.48224 -21.17492]
0.11	 1.08	0.0	-0.24	580_G	[ 34.57433333 -29.40083333 -20.97008333]
0.14	 1.88	0.07	-0.28	581_S	[ 32.67590909 -32.20418182 -15.417     ]
0.13	 0.02	0.04	-0.21	581_S	[ 31.396875  -30.673375  -16.4841875]
0.02	 1.04	0.12	-0.35	581_S	[ 36.31014286 -32.21378571 -15.82714286]
-0.03	 -0.19	-0.14	0.03	581_S	[ 34.58226471 -30.52132353 -15.81211765]
0.03	 0.23	0.01	-0.01	581_S	[ 35.959      -30.88529412 -18.618     ]
0.18	 1.81	0.17	-0.45	581_S	[ 35.98025    -33.80883333 -14.74958333]
-0.06	 -0.17	-0.18	0.12	581_S	[ 37.0765     -32.57873077 -16.67096154]
-0.38	 -0.95	0.08	0.54	581_S	[ 35.60541667 -30.66975    -14.73354167]
0.11	 1.62	0.13	-0.4	582_V	[ 31.60135714 -32.73878571 -14.85292857]
0.15	 1.42	0.26	-0.52	582_V	[ 31.606   -33.201   -14.12025]
0.11	 1.42	-0.05	-0.19	582_V	[ 30.602     -31.9580625 -15.066    ]
0.15	 1.18	-0.02	-0.19	583_F	[ 28.316    -33.365    -10.324375]
-0.03	 -0.14	-0.14	-0.05	583_F	[ 29.08568421 -34.94021053  -9.34547368]
0.01	 -0.04	-0.03	-0.14	583_F	[ 30.14503226 -32.20877419 -12.05883871]
-0.07	 -0.15	0.03	0.04	583_F	[ 30.834      -34.00445833  -8.63316667]
-0.07	 -0.09	-0.1	0.06	583_F	[ 31.39211111 -31.47188889 -10.59018519]
-0.06	 0.0	0.16	-0.23	583_F	[ 32.238375   -32.726875    -9.04858333]
-0.05	 0.2	-0.24	0.03	583_F	[ 29.77271429 -36.74333333  -9.45552381]
-0.6	 0.32	-0.08	0.01	583_F	[ 29.15917647 -31.33694118 -12.52091176]
-0.28	 -0.55	0.07	0.26	583_F	[ 31.82373077 -35.59719231  -8.61311538]
-0.29	 -0.7	0.16	0.57	583_F	[ 31.86995 -30.79585 -10.9155 ]
-0.17	 -0.38	-0.06	0.34	583_F	[ 33.21709091 -32.91051515  -9.14790909]
0.1	 0.75	-0.02	-0.24	585_G	[ 22.34447619 -38.95133333 -11.26464286]
0.1	 0.9	0.26	-0.52	586_V	[ 24.502      -47.01228571 -12.22342857]
0.03	 0.37	-0.09	-0.14	586_V	[ 25.404      -46.82709259 -13.20118519]
0.14	 0.85	0.12	-0.39	586_V	[ 27.670725 -44.388875 -13.423975]
0.25	 1.64	0.09	-0.35	587_V	[ 18.907375  -47.1133125 -14.6473125]
0.05	 0.37	-0.07	0.08	587_V	[ 17.72166667 -43.227      -13.862     ]
0.07	 1.35	-0.05	-0.2	587_V	[ 16.6413  -45.69865 -12.5449 ]
0.09	 0.84	-0.02	-0.27	587_V	[ 18.07484211 -41.43210526 -11.18557895]
0.18	 1.25	0.19	-0.44	587_V	[ 18.229875 -43.220375 -14.736875]
-0.04	 -0.05	0.35	0.08	587_V	[ 16.36278571 -43.62110714 -13.20082143]
-0.09	 -0.15	-0.19	0.03	587_V	[ 16.9663     -46.21393333 -13.09326667]
0.12	 1.45	0.13	-0.39	587_V	[ 17.293      -45.95233333 -10.83866667]
-0.11	 -0.3	0.05	-0.09	587_V	[ 17.67870588 -41.62126471 -12.94629412]
0.24	 1.55	0.36	-0.6	587_V	[ 20.42052941 -40.93252941 -12.27147059]
0.02	 0.71	-0.05	-0.19	588_G	[ 18.36725    -47.174      -11.37416667]
-0.11	 -0.39	-0.1	0.04	588_G	[ 18.41518182 -48.85372727 -12.22118182]
0.13	 0.79	0.09	-0.32	588_G	[ 23.65956522 -48.53282609 -12.28417391]
0.08	 0.11	0.08	-0.33	588_G	[ 19.00371429 -47.27414286 -10.20435714]
-0.1	 -0.38	0.05	0.2	588_G	[ 19.03461905 -49.31338095 -10.68819048]
-0.02	 -0.0	0.02	-0.03	588_G	[ 19.31330769 -49.09315385 -13.82588462]
0.13	 1.74	0.28	-0.54	589_V	[ 20.654      -50.53333333 -13.77577778]
-0.07	 -0.33	0.02	-0.06	589_V	[ 23.6177     -52.61836667 -14.0853    ]
-0.13	 -0.12	0.0	0.07	589_V	[ 21.22819048 -52.82445238 -14.33559524]
0.05	 0.47	-0.09	0.08	589_V	[ 22.352      -53.853      -10.05733333]
-0.15	 -0.83	-0.04	0.19	589_V	[ 24.85432143 -53.32246429 -10.79942857]
-0.08	 -0.39	-0.11	0.07	589_V	[ 22.22653571 -51.27946429  -8.48771429]
-0.17	 -0.32	-0.09	0.12	589_V	[ 19.7815    -51.25175   -12.4074375]
0.03	 0.27	-0.05	-0.1	589_V	[ 24.18864706 -50.48064706 -12.18594118]
-0.17	 -0.38	0.09	0.2	589_V	[ 21.46588889 -53.60666667 -11.08766667]
-0.19	 -0.64	0.15	0.29	589_V	[ 24.01825926 -53.95655556  -9.56725926]
-0.17	 -0.95	0.1	0.27	589_V	[ 24.3405     -53.99272727 -12.33677273]
-0.24	 -1.38	0.3	0.38	589_V	[ 25.42747059 -52.01782353 -10.97535294]
-0.24	 -1.04	0.27	0.46	589_V	[ 22.29933333 -52.87428571  -8.45152381]
-0.08	 0.41	-0.14	-0.03	589_V	[ 23.78532 -50.4776   -9.44724]
-0.01	 -0.16	0.02	0.14	589_V	[ 20.512     -51.3315     -9.6458125]
-0.17	 -0.53	-0.0	0.15	591_M	[ 20.60455769 -52.58005769 -17.19444231]
0.1	 2.58	0.01	-0.24	591_M	[ 21.81466667 -52.59933333 -19.06166667]
0.13	 1.48	0.48	-0.69	591_M	[ 20.73294118 -50.19523529 -15.69529412]
-0.06	 0.23	-0.18	-0.01	591_M	[ 19.45780952 -48.72852381 -17.00390476]
-0.22	 -1.14	0.09	0.32	591_M	[ 20.08279687 -50.8625     -20.1320625 ]
-0.12	 -0.55	0.07	0.14	591_M	[ 22.735      -51.52366667 -19.34575   ]
0.09	 0.88	-0.01	-0.21	592_P	[ 20.76117391 -46.87847826 -19.09713043]
-0.03	 0.16	0.01	-0.04	592_P	[ 25.76933333 -48.92655556 -15.84794444]
-0.09	 -0.12	-0.06	0.0	592_P	[ 24.56411111 -50.70811111 -18.37188889]
-0.12	 -0.08	-0.01	0.03	592_P	[ 26.05633333 -48.69091667 -17.46966667]
-0.01	 -0.11	-0.03	-0.04	592_P	[ 24.71959259 -49.83922222 -14.84607407]
-0.02	 0.32	-0.13	-0.0	592_P	[ 24.42382353 -49.75711765 -19.38082353]
-0.07	 -0.19	-0.02	0.11	592_P	[ 23.83736842 -51.61236842 -17.06947368]
0.16	 1.83	0.11	-0.39	593_R	[ 17.8438 -43.3338 -16.1408]
0.02	 0.98	0.04	-0.15	593_R	[ 18.41946154 -46.64584615 -18.62346154]
-0.19	 -0.59	0.01	0.23	593_R	[ 15.99030769 -44.88604615 -17.32238462]
0.2	 1.08	0.08	-0.33	593_R	[ 20.461625  -44.4829375 -19.517    ]
-0.17	 -0.66	-0.02	0.18	593_R	[ 18.47392857 -45.3645     -19.54135714]
-0.06	 0.07	-0.08	-0.04	593_R	[ 18.12540909 -46.95281818 -16.88359091]
0.03	 0.44	-0.08	-0.13	594_Y	[ 27.59290909 -47.09754545 -16.91131818]
0.22	 1.31	0.45	-0.66	594_Y	[ 25.91606667 -47.25593333 -19.16766667]
0.17	 1.79	0.24	-0.5	594_Y	[ 28.37433333 -44.31883333 -15.07091667]
-0.1	 -0.46	-0.31	0.24	594_Y	[ 28.65326316 -45.85534211 -16.04492105]
-0.01	 0.45	0.05	-0.2	595_C	[ 20.56985714 -36.85342857 -13.84492857]
-0.14	 -0.44	-0.11	0.16	595_C	[ 18.02655172 -38.91237931 -15.41565517]
0.17	 1.56	0.31	-0.56	595_C	[ 20.82009091 -36.78809091 -17.50409091]
0.04	 0.21	-0.16	-0.06	595_C	[ 20.83936364 -38.04645455 -13.24109091]
-0.17	 -0.36	-0.09	0.11	595_C	[ 20.10139286 -36.46242857 -15.78717857]
-0.05	 0.08	-0.06	0.03	595_C	[ 19.15716667 -39.52783333 -13.33096667]
-0.14	 -0.25	-0.14	0.17	596_L	[ 22.1515     -33.82991667 -16.55845833]
0.04	 0.66	-0.06	-0.18	596_L	[ 21.9567  -35.94375 -18.10495]
0.15	 1.24	0.13	-0.38	596_L	[ 23.67534615 -34.49019231 -19.52353846]
-0.09	 0.0	0.03	-0.02	597_F	[ 22.96707143 -31.571      -12.90621429]
-0.07	 0.02	-0.09	0.09	597_F	[ 23.22885714 -32.74842857 -11.53628571]
-0.1	 -0.27	0.12	-0.06	597_F	[ 24.29747059 -33.09405882 -10.65152941]
-0.09	 -0.79	0.07	0.06	597_F	[ 22.02666667 -34.30213333 -12.19846667]
-0.11	 -0.28	0.05	0.02	597_F	[ 24.9302  -34.4322   -9.70455]
-0.08	 -0.03	0.15	-0.1	597_F	[ 22.24108696 -35.80278261 -11.42926087]
-0.08	 -0.1	0.1	-0.0	597_F	[ 23.9632  -36.00245  -9.7995 ]
0.03	 -0.12	0.11	-0.13	597_F	[ 23.62905882 -31.22976471 -16.18429412]
-0.13	 -0.29	-0.04	0.21	597_F	[ 24.46036842 -30.87242105 -12.46663158]
-0.11	 -0.6	0.02	0.24	597_F	[ 22.37055556 -32.09161111 -13.82233333]
-0.04	 0.51	0.08	-0.06	597_F	[ 26.48285714 -32.07867857 -11.59446429]
-0.01	 0.2	-0.07	-0.06	597_F	[ 21.64755 -34.8757  -14.0336 ]
-0.03	 0.34	0.05	-0.1	597_F	[ 26.83004762 -34.64233333  -9.8087619 ]
-0.09	 -0.08	-0.07	0.14	597_F	[ 21.79       -36.74341667 -12.09483333]
-0.06	 0.26	-0.13	-0.01	597_F	[ 24.3932381  -37.24366667  -9.61247619]
0.04	 0.53	-0.16	-0.02	598_G	[ 25.82225    -30.31883333 -13.07958333]
0.1	 1.24	0.13	-0.38	598_G	[ 27.89775    -29.94433333 -13.31354167]
0.11	 0.12	-0.04	-0.16	598_G	[ 26.09353333 -27.45433333 -15.17193333]
-0.13	 -0.07	-0.14	0.09	598_G	[ 24.8188  -29.2714  -15.06352]
-0.22	 -0.52	-0.07	0.28	598_G	[ 27.09203571 -29.24960714 -13.01475   ]
0.13	 0.56	-0.03	-0.16	598_G	[ 29.38447368 -30.14515789 -14.89957895]
0.03	 -1.48	-0.05	-0.08	599_N	[ 27.6112 -26.6938 -14.3442]
0.02	 1.1	-0.07	-0.17	599_N	[ 27.48433333 -25.699      -15.041     ]
0.01	 0.39	-0.02	-0.17	599_N	[ 29.76638889 -24.81572222 -15.02811111]
-0.14	 -0.5	-0.1	0.18	599_N	[ 29.51391667 -22.98958333 -15.77841667]
-0.26	 -0.03	-0.34	0.21	599_N	[ 27.7863  -22.98315 -17.7388 ]
0.06	 0.57	0.19	-0.25	599_N	[ 31.64144444 -23.49174074 -17.56374074]
-0.18	 -0.56	-0.1	0.21	599_N	[ 29.06711111 -27.32422222 -14.15666667]
-0.0	 0.25	-0.01	-0.07	599_N	[ 26.65561905 -25.18742857 -16.22509524]
-0.2	 -0.94	0.17	0.34	599_N	[ 28.95618182 -24.65013636 -14.56531818]
-0.08	 -0.45	-0.02	0.07	599_N	[ 31.04129412 -26.37964706 -15.96523529]
-0.01	 0.27	-0.09	-0.03	599_N	[ 30.60686364 -21.769      -18.05963636]
-0.2	 -0.46	-0.23	0.29	599_N	[ 32.15691176 -24.18282353 -16.94158824]
0.1	 1.22	-0.03	-0.26	600_N	[ 32.42425  -26.815125 -18.4285  ]
0.01	 0.5	-0.0	-0.09	600_N	[ 33.05758537 -26.7424878  -20.33914634]
-0.07	 -0.11	-0.28	0.04	600_N	[ 32.635      -27.87542857 -17.37928571]
0.17	 0.84	0.04	-0.28	600_N	[ 30.49566667 -28.610625   -16.59279167]
-0.14	 -0.47	-0.03	0.22	600_N	[ 34.46672414 -28.33882759 -18.56      ]
0.06	 0.69	-0.06	-0.11	600_N	[ 32.6164 -29.4289 -16.8227]
-0.03	 -0.38	-0.12	0.05	601_V	[ 23.11205882 -31.71488235 -19.01194118]
0.14	 0.82	0.13	-0.4	601_V	[ 24.5169  -29.59545 -17.55945]
0.02	 0.41	-0.06	-0.14	601_V	[ 23.109      -32.46184211 -18.21147368]
0.01	 0.2	-0.01	-0.13	601_V	[ 22.94259375 -30.2405     -20.0339375 ]
0.11	 1.21	0.38	-0.64	602_T	[ 23.582      -28.11166667 -19.07766667]
0.1	 1.05	0.15	-0.34	602_T	[ 25.33416667 -24.7585     -17.44633333]
-0.08	 0.08	-0.05	0.04	602_T	[ 23.38746429 -27.049      -17.55646429]
-0.12	 -0.82	-0.22	0.23	602_T	[ 23.7815     -23.56306667 -19.102     ]
0.02	 0.3	-0.17	-0.05	602_T	[ 22.65141667 -27.45479167 -20.39720833]
0.21	 1.29	0.38	-0.63	602_T	[ 26.13145833 -24.4575     -18.61654167]
-0.15	 -0.67	0.0	0.2	602_T	[ 24.11027273 -25.60209091 -16.48836364]
-0.31	 -0.94	0.39	0.69	602_T	[ 23.88115 -23.3379  -17.87015]
-0.04	 0.35	0.23	0.3	602_T	[ 24.68317391 -23.30117391 -20.55747826]
-0.19	 -0.51	0.06	0.27	602_T	[ 22.21646429 -24.723      -19.99485714]
0.21	 1.42	0.25	-0.51	603_L	[ 26.92835294 -22.48505882 -21.69064706]
0.22	 1.48	0.28	-0.54	603_L	[ 31.96025   -24.5864375 -20.09225  ]
0.07	 0.79	-0.08	-0.21	603_L	[ 27.76558065 -22.69183871 -20.31051613]
0.16	 1.66	0.21	-0.47	605_N	[ 21.58594118 -25.46235294 -24.87188235]
0.08	 1.18	0.36	-0.72	605_N	[ 21.50611111 -27.422      -21.86855556]
-0.07	 0.09	-0.06	0.08	605_N	[ 19.99353846 -26.78523077 -23.68807692]
-0.0	 0.19	-0.06	-0.04	605_N	[ 19.37257143 -27.69175    -25.59364286]
-0.13	 -0.64	-0.03	0.19	605_N	[ 19.44753333 -28.4246     -22.07213333]
0.0	 0.47	-0.09	-0.12	605_N	[ 21.88104348 -26.24656522 -22.4783913 ]
-0.03	 -0.29	-0.08	0.3	605_N	[ 18.65241935 -29.48490323 -23.53158065]
-0.11	 -0.29	0.06	0.1	605_N	[ 20.83961538 -29.11111538 -21.46926923]
-0.14	 -0.37	-0.08	0.2	606_K	[ 22.19247368 -21.47998684 -23.79575   ]
0.16	 1.42	0.49	-0.72	606_K	[ 21.9465  -24.217   -24.95425]
0.11	 0.74	0.03	-0.29	606_K	[ 22.42244444 -24.24244444 -23.08266667]
0.09	 0.79	0.36	-0.04	606_K	[ 25.13560714 -21.90678571 -22.41432143]
0.01	 0.11	-0.04	-0.17	608_E	[ 18.83396296 -28.28422222 -27.89474074]
0.19	 2.05	0.2	-0.46	608_E	[ 18.94783333 -29.78966667 -26.47191667]
0.01	 0.16	-0.12	-0.05	608_E	[ 17.59308333 -29.31875    -28.35191667]
0.19	 1.01	0.15	-0.41	608_E	[ 19.33842857 -26.93892857 -29.62971429]
0.1	 1.49	0.05	-0.31	609_S	[ 21.33053846 -21.38876923 -29.77192308]
-0.16	 -0.15	-0.03	0.08	609_S	[ 19.95717647 -22.21991176 -32.15735294]
0.01	 0.47	-0.09	-0.05	609_S	[ 20.44233333 -22.1256     -27.80186667]
-0.07	 0.08	-0.04	0.01	609_S	[ 19.3866087  -25.23634783 -27.33986957]
0.04	 0.03	-0.07	-0.01	609_S	[ 19.18516667 -24.62245833 -30.21454167]
0.11	 0.92	-0.06	-0.19	609_S	[ 21.938      -21.81285714 -27.25228571]
-0.24	 -0.53	0.07	0.32	609_S	[ 19.416      -22.11575    -28.41333333]
-0.17	 -0.18	-0.0	0.18	609_S	[ 19.91036364 -23.8960303  -25.71812121]
0.06	 0.71	0.47	-0.76	610_C	[ 24.02166667 -20.52383333 -32.24816667]
0.14	 1.42	-0.17	-0.12	610_C	[ 22.75   -21.4992 -33.5754]
-0.02	 0.26	-0.06	-0.08	610_C	[ 23.99873333 -20.9974     -34.0778    ]
0.1	 0.39	-0.03	-0.28	610_C	[ 24.563   -20.12375 -31.53875]
-0.07	 -0.08	-0.08	0.06	610_C	[ 23.74229787 -19.66608511 -29.16638298]
-0.06	 -0.01	0.02	0.04	610_C	[ 22.51938462 -20.78457692 -31.98565385]
0.16	 0.99	0.12	-0.32	610_C	[ 25.42757895 -20.24489474 -32.21447368]
0.12	 0.43	0.07	-0.32	610_C	[ 23.76021739 -20.69565217 -26.95282609]
0.05	 0.38	-0.04	-0.12	611_S	[ 21.46945161 -22.00332258 -34.9303871 ]
-0.04	 -0.19	0.02	-0.03	612_V	[ 21.33568182 -23.40759091 -41.08245455]
-0.02	 -0.16	-0.12	0.02	612_V	[ 23.04376 -20.79924 -37.87236]
-0.07	 0.1	-0.03	0.15	612_V	[ 23.42495238 -22.71057143 -41.23595238]
0.15	 1.36	0.03	-0.33	612_V	[ 21.82025 -24.71475 -41.53425]
-0.14	 -0.77	-0.02	0.17	612_V	[ 20.6964     -22.21713333 -40.20386667]
-0.07	 -0.07	-0.03	0.1	612_V	[ 24.0112  -21.23748 -39.41528]
-0.11	 -0.1	0.01	0.1	612_V	[ 21.22832353 -21.48385294 -37.9575    ]
0.16	 1.45	0.34	-0.59	612_V	[ 23.33109091 -21.45727273 -36.06809091]
0.1	 0.44	-0.01	-0.06	613_P	[ 20.50685 -26.04695 -41.8437 ]
0.05	 0.98	-0.01	-0.24	613_P	[ 16.42292308 -25.95738462 -40.83223077]
0.04	 0.55	-0.01	-0.17	613_P	[ 16.55178947 -24.24521053 -39.46957895]
-0.02	 -0.4	0.02	-0.07	613_P	[ 18.4955     -22.73408333 -38.4795    ]
-0.07	 0.27	-0.16	-0.02	613_P	[ 18.04615385 -25.6615     -41.76180769]
-0.23	 -0.71	0.08	0.38	613_P	[ 16.70559259 -23.98011111 -40.27762963]
0.13	 1.19	0.08	-0.33	613_P	[ 15.667      -24.49       -38.25542857]
-0.04	 0.29	-0.03	-0.0	613_P	[ 19.19538095 -23.19295238 -40.06209524]
0.09	 0.7	0.1	-0.32	613_P	[ 18.79741667 -22.6885     -37.72766667]
0.16	 1.42	0.37	-0.6	614_R	[ 21.37257143 -31.28028571 -41.45485714]
-0.06	 0.05	0.06	-0.13	614_R	[ 23.26391429 -30.8082     -41.59748571]
0.06	 0.71	-0.17	-0.08	614_R	[ 21.7436     -29.28713333 -43.0812    ]
0.1	 0.92	0.17	-0.37	614_R	[ 19.0135     -31.41433333 -43.12983333]
-0.01	 0.04	-0.01	-0.08	614_R	[ 19.762   -31.26075 -44.83325]
0.05	 0.16	-0.09	-0.07	614_R	[ 19.5726 -27.676  -44.5626]
-0.0	 -0.19	-0.03	-0.08	614_R	[ 17.6637037  -28.13822222 -45.63037037]
-0.08	 0.72	-0.05	0.06	614_R	[ 16.95090909 -26.447      -45.6325    ]
-0.1	 -0.37	0.02	0.14	614_R	[ 17.69031034 -29.37613793 -46.72368966]
0.06	 0.05	0.01	-0.13	614_R	[ 20.96116667 -27.83977778 -43.2295    ]
-0.15	 -0.58	-0.19	0.16	614_R	[ 22.05772222 -30.14783333 -43.19122222]
-0.13	 0.21	0.02	0.24	614_R	[ 19.93536364 -31.85942424 -42.31872727]
-0.14	 -0.8	-0.07	0.21	614_R	[ 20.47784615 -29.74342308 -45.2715    ]
-0.13	 -0.03	0.07	0.29	614_R	[ 18.29418182 -31.52259091 -44.55186364]
0.14	 0.94	0.06	-0.28	614_R	[ 18.8185     -26.95014286 -43.451     ]
-0.18	 -0.63	0.01	0.22	614_R	[ 17.09822727 -26.05386364 -44.12563636]
-0.28	 -1.18	0.12	0.53	614_R	[ 16.42591667 -26.46095833 -46.44175   ]
-0.22	 -0.76	0.09	0.35	614_R	[ 18.53831579 -30.367      -46.80510526]
-0.27	 -1.24	0.18	0.48	614_R	[ 17.28603846 -28.26430769 -47.82365385]
0.16	 1.07	0.34	-0.63	615_K	[ 26.17011111 -27.61733333 -40.61866667]
-0.02	 -0.0	-0.09	-0.03	615_K	[ 25.44578571 -24.1765     -43.0335    ]
-0.0	 -2.96	-0.01	-0.12	615_K	[ 25.52755556 -26.25011111 -44.49766667]
0.02	 0.35	-0.16	-0.07	615_K	[ 25.50207692 -29.868      -40.22438462]
0.03	 0.25	-0.09	-0.04	615_K	[ 25.56753333 -28.26586667 -41.40053333]
0.19	 1.48	0.32	-0.56	615_K	[ 22.7872     -26.83666667 -42.2846    ]
0.13	 1.18	-0.82	-0.21	615_K	[ 27.09007692 -26.90661538 -41.64215385]
-0.12	 -0.12	-0.1	0.12	615_K	[ 23.30042308 -24.96611538 -42.92280769]
-0.06	 0.11	-0.12	0.11	615_K	[ 26.102      -23.83619512 -42.70458537]
-0.36	 -0.92	0.26	0.52	615_K	[ 25.25863158 -25.77073684 -45.191     ]
-0.08	 0.09	-0.07	0.12	615_K	[ 27.12651724 -26.61062069 -43.29603448]
-0.19	 -0.12	-0.2	0.2	615_K	[ 24.30581481 -27.66874074 -43.55003704]
0.13	 1.39	0.09	-0.34	616_I	[ 26.83858333 -33.07866667 -39.80541667]
0.15	 1.1	0.17	-0.44	616_I	[ 26.72761905 -28.83128571 -39.68504762]
0.18	 1.39	0.14	-0.39	616_I	[ 25.91085 -31.4611  -39.4263 ]
0.15	 1.85	-0.07	-0.2	616_I	[ 27.72     -32.877375 -40.137875]
0.09	 1.27	0.13	-0.32	620_P	[ 38.50253333 -25.85253333 -27.91646667]
0.2	 1.45	0.26	-0.52	620_P	[ 38.98809091 -25.95754545 -30.30754545]
-0.01	 0.36	-0.34	-0.01	620_P	[ 38.45669231 -24.53723077 -30.25092308]
0.04	 0.64	-0.24	-0.09	620_P	[ 38.7451  -24.5571  -28.48765]
0.21	 1.35	0.3	-0.54	620_P	[ 37.68984211 -24.09994737 -31.27494737]
0.16	 1.25	0.16	-0.38	621_T	[ 38.42393333 -30.59446667 -26.72493333]
-0.01	 1.81	-0.07	0.04	621_T	[ 37.569    -27.27725  -23.464625]
0.06	 0.63	-0.04	-0.21	621_T	[ 38.77034375 -27.298625   -26.56265625]
-0.03	 0.05	0.02	-0.05	621_T	[ 37.50859259 -29.53296296 -24.80977778]
0.02	 0.17	-0.04	-0.06	621_T	[ 35.96743478 -27.27765217 -23.04817391]
-0.13	 -0.62	-0.11	0.15	621_T	[ 38.44742105 -26.42       -24.14589474]
0.19	 0.8	-0.09	-0.27	623_Y	[ 39.1781 -25.403  -33.0039]
0.16	 1.26	0.11	-0.34	623_Y	[ 39.10631818 -27.79636364 -37.60945455]
0.06	 0.64	-0.09	-0.16	623_Y	[ 40.23411765 -24.89617647 -35.28558824]
-0.14	 -0.65	-0.05	0.14	623_Y	[ 40.55551351 -26.83121622 -37.78778378]
0.08	 0.51	-0.02	-0.15	623_Y	[ 40.02145455 -26.07140909 -32.13404545]
-0.01	 -0.09	-0.33	-0.03	623_Y	[ 38.82845455 -27.86527273 -38.374     ]
-0.08	 -0.29	0.03	0.2	623_Y	[ 41.85545833 -25.985875   -34.34      ]
-0.23	 -0.74	0.09	0.36	623_Y	[ 41.85779167 -25.93741667 -36.93220833]
0.15	 1.23	0.4	-0.63	624_R	[ 42.1094 -31.7322 -29.194 ]
0.04	 0.25	-0.01	-0.17	624_R	[ 43.02725641 -31.80597436 -30.92576923]
0.11	 0.79	0.16	-0.32	624_R	[ 40.8326     -29.91473333 -27.6752    ]
-0.03	 -0.23	-0.12	-0.05	624_R	[ 40.67784615 -26.16976923 -28.61138462]
0.05	 1.1	-0.01	-0.15	624_R	[ 42.96125 -26.07425 -28.6865 ]
0.05	 0.33	-0.01	-0.14	624_R	[ 43.787625  -28.29975   -28.5860625]
-0.05	 -0.29	-0.04	-0.03	624_R	[ 45.1515     -27.89094737 -29.17189474]
-0.11	 0.16	-0.13	0.14	624_R	[ 45.91613043 -27.17208696 -30.85265217]
-0.19	 0.06	0.01	0.26	624_R	[ 46.62986364 -27.98722727 -27.60736364]
0.08	 0.24	-0.02	-0.24	624_R	[ 39.93118182 -29.58027273 -27.49709091]
-0.07	 -0.29	-0.24	0.07	624_R	[ 42.00595238 -30.8027619  -28.30628571]
0.01	 0.25	-0.31	0.05	624_R	[ 40.32852381 -26.03961905 -29.88671429]
-0.11	 -0.39	-0.01	0.13	624_R	[ 41.39930769 -27.03973077 -27.54538462]
-0.05	 -0.3	-0.02	0.08	624_R	[ 42.979      -26.28321212 -30.81166667]
-0.18	 -1.61	-0.04	0.22	624_R	[ 43.48105556 -28.43627778 -27.33211111]
-0.15	 -1.36	-0.06	0.23	624_R	[ 45.0154 -26.5842 -31.6134]
-0.27	 -1.12	0.15	0.54	624_R	[ 46.8952  -27.11124 -30.80024]
-0.29	 -1.17	0.17	0.47	624_R	[ 45.72675    -28.15595833 -26.66716667]
-0.26	 -1.17	0.18	0.49	624_R	[ 47.64052 -27.54492 -28.42852]
-0.05	 0.43	-0.04	-0.09	625_L	[ 40.93934 -35.69968 -31.98356]
0.07	 0.31	-0.13	0.09	625_L	[ 39.287      -32.404      -26.36466667]
-0.1	 -0.4	-0.08	0.1	625_L	[ 41.16141935 -33.96851613 -26.64425806]
-0.08	 0.53	-0.06	-0.0	625_L	[ 41.74533333 -34.3535     -29.752     ]
0.09	 0.69	-0.02	-0.16	625_L	[ 39.117625 -36.045125 -29.173625]
0.12	 0.68	-0.0	-0.24	625_L	[ 39.58716667 -31.75277778 -26.96172222]
-0.01	 0.27	0.03	-0.11	625_L	[ 38.10064516 -33.473      -25.32435484]
0.18	 1.65	0.13	-0.39	625_L	[ 38.39061111 -36.21311111 -27.36238889]
-0.24	 -0.8	0.11	0.43	625_L	[ 40.41445833 -33.64079167 -25.39270833]
-0.14	 -0.23	-0.12	0.18	625_L	[ 40.48841935 -35.71187097 -27.30067742]
-0.14	 -0.39	-0.02	0.22	625_L	[ 42.05675 -33.11645 -27.9671 ]
0.21	 1.74	0.27	-0.52	626_L	[ 40.49442857 -33.30464286 -37.27864286]
0.12	 1.35	0.32	-0.58	627_K	[ 42.80823077 -32.39792308 -37.02507692]
-0.17	 -0.45	0.0	0.18	627_K	[ 43.45844737 -31.87855263 -37.68173684]
0.16	 1.44	0.25	-0.51	627_K	[ 44.2355     -30.65235714 -33.64728571]
-0.08	 -0.23	-0.16	0.05	627_K	[ 44.53690278 -28.74522222 -33.41101389]
0.01	 -0.02	-0.03	-0.15	627_K	[ 40.6226087  -30.81043478 -37.19717391]
-0.03	 0.14	-0.07	-0.09	627_K	[ 42.82952 -29.26504 -36.4772 ]
0.09	 1.01	0.07	-0.33	627_K	[ 44.6865     -30.81366667 -35.26216667]
0.11	 0.46	0.0	-0.22	628_D	[ 43.8397     -35.68296667 -37.17876667]
-0.21	 -0.62	-0.02	0.24	628_D	[ 45.0293125  -36.41303125 -38.0318125 ]
0.0	 0.61	0.05	-0.15	628_D	[ 46.176      -35.18638889 -34.70161111]
-0.08	 0.05	0.08	-0.09	628_D	[ 46.91544444 -32.81122222 -33.59161111]
-0.18	 -0.46	0.03	0.27	628_D	[ 46.86415909 -32.04859091 -35.18297727]
-0.22	 -0.54	-0.01	0.25	628_D	[ 45.64895556 -33.124      -32.32302222]
0.17	 1.39	0.33	-0.57	628_D	[ 43.20038095 -33.68947619 -33.25638095]
-0.08	 -0.28	-0.1	0.05	628_D	[ 45.46047368 -33.50436842 -37.34689474]
-0.12	 -0.34	-0.05	0.17	628_D	[ 44.21982609 -35.49304348 -33.88486957]
-0.24	 -1.1	0.05	0.28	628_D	[ 46.53595238 -35.5962381  -35.57780952]
0.12	 1.14	-0.1	-0.23	629_C	[ 43.083375 -36.502    -35.07925 ]
0.02	 1.04	-0.02	-0.16	629_C	[ 42.9142 -37.4552 -35.5598]
0.11	 1.61	0.05	-0.36	629_C	[ 42.6912 -35.4804 -39.4114]
0.01	 0.86	-0.04	-0.19	629_C	[ 40.877      -34.56303125 -39.11678125]
0.08	 1.66	-0.05	-0.15	629_C	[ 42.116   -37.972   -35.14825]
-0.13	 -0.54	-0.03	0.14	629_C	[ 40.56264151 -40.03288679 -36.33941509]
-0.15	 -1.3	-0.03	0.14	629_C	[ 43.02607692 -38.42653846 -36.61161538]
0.11	 0.37	0.11	-0.21	629_C	[ 41.43270833 -36.89283333 -34.2745    ]
0.16	 1.21	0.16	-0.43	629_C	[ 38.3466     -39.90893333 -36.81686667]
0.09	 0.64	-0.02	-0.16	630_P	[ 42.77584615 -38.58884615 -38.76776923]
0.0	 1.61	-0.22	-0.09	630_P	[ 43.6188 -36.2366 -40.227 ]
0.04	 0.37	-0.05	-0.18	630_P	[ 40.86069231 -38.89115385 -42.27607692]
0.05	 0.21	-0.09	-0.07	630_P	[ 40.45815789 -39.71768421 -40.21273684]
-0.24	 -1.06	0.09	0.37	630_P	[ 43.7520597  -38.51719403 -41.34583582]
-0.12	 -0.3	-0.02	0.06	630_P	[ 42.61030769 -35.65203846 -40.88830769]
-0.07	 -0.38	-0.24	0.05	631_G	[ 41.17328571 -37.72214286 -43.07314286]
0.04	 0.16	-0.02	-0.16	631_G	[ 39.4811 -38.7576 -43.4564]
0.16	 1.75	0.14	-0.41	631_G	[ 38.49644444 -34.96666667 -43.573     ]
-0.06	 0.06	-0.09	0.05	631_G	[ 40.42753125 -35.725875   -42.775125  ]
0.01	 0.13	-0.07	-0.08	631_G	[ 39.51071429 -37.43821429 -44.51521429]
0.11	 1.48	0.15	-0.4	631_G	[ 39.04429412 -39.46388235 -42.34147059]
-0.09	 0.09	-0.03	-0.02	632_F	[ 38.83518421 -32.69139474 -41.57102632]
0.23	 1.45	0.3	-0.55	632_F	[ 38.9525     -33.73208333 -39.24475   ]
-0.1	 0.07	-0.07	0.09	633_V	[ 35.53192 -29.447   -45.62504]
0.08	 0.84	-0.0	-0.32	633_V	[ 36.84163636 -31.98254545 -46.403     ]
0.1	 0.38	-0.03	-0.13	633_V	[ 37.76261538 -30.86907692 -43.37261538]
-0.15	 -0.28	0.02	0.26	633_V	[ 34.64839286 -30.90996429 -46.21617857]
0.05	 0.11	-0.12	-0.16	633_V	[ 34.885375 -28.508875 -44.666625]
-0.21	 -0.74	0.03	0.34	633_V	[ 37.061      -29.49833333 -44.95144444]
0.06	 0.64	-0.04	-0.22	633_V	[ 35.48168421 -33.05642105 -46.70415789]
0.01	 0.26	-0.08	-0.09	633_V	[ 37.90409677 -32.69209677 -45.06209677]
0.13	 1.37	0.17	-0.44	634_F	[ 36.2665     -25.93033333 -40.81025   ]
-0.13	 -0.22	-0.07	0.1	634_F	[ 36.07554286 -26.57834286 -43.20997143]
0.12	 1.14	0.27	-0.53	634_F	[ 36.513875 -26.362875 -39.87275 ]
0.1	 0.45	0.03	-0.07	634_F	[ 37.5035625 -29.2688125 -42.119    ]
-0.02	 0.2	-0.06	-0.04	634_F	[ 37.47223333 -27.27083333 -39.92383333]
0.01	 0.28	-0.01	-0.1	634_F	[ 38.63219231 -29.88534615 -39.29788462]
0.16	 1.04	0.06	-0.31	634_F	[ 38.93066667 -32.17390476 -38.21419048]
0.13	 1.49	0.01	-0.29	635_T	[ 30.69588889 -25.077      -42.801     ]
-0.15	 -0.37	0.04	0.16	635_T	[ 32.29038095 -25.5747619  -44.43471429]
-0.1	 -0.02	-0.07	0.11	635_T	[ 31.69482609 -22.31082609 -43.24191304]
0.1	 1.13	-0.02	-0.08	635_T	[ 34.89727273 -24.72854545 -43.49254545]
0.18	 1.35	0.31	-0.56	635_T	[ 30.46633333 -25.38333333 -42.18577778]
0.01	 -0.29	-0.18	0.01	635_T	[ 33.8208 -26.3172 -44.1982]
-0.24	 -0.7	0.07	0.36	635_T	[ 30.60968182 -23.30918182 -43.57677273]
0.08	 1.28	0.06	-0.26	635_T	[ 31.09190909 -22.17181818 -41.14454545]
-0.09	 -0.47	0.13	0.13	635_T	[ 33.13421053 -22.60052632 -43.79205263]
-0.01	 0.25	0.01	-0.08	636_P	[ 33.03728571 -20.4308     -40.86434286]
-0.01	 -0.79	-0.03	-0.05	636_P	[ 37.676375 -20.503375 -39.262625]
-0.1	 0.04	-0.08	0.15	636_P	[ 37.2212 -20.8668 -41.6394]
-0.06	 0.93	-0.05	0.02	636_P	[ 36.16744444 -22.875      -43.13444444]
-0.08	 -0.09	-0.12	0.0	636_P	[ 36.45506667 -19.51753333 -39.11513333]
0.0	 0.04	-0.02	-0.04	636_P	[ 37.59631579 -22.69484211 -39.31973684]
-0.15	 -0.65	0.13	0.27	636_P	[ 35.646  -19.9994 -41.7392]
-0.24	 -0.7	0.14	0.39	636_P	[ 38.02645833 -21.61279167 -41.49583333]
-0.08	 -0.22	-0.03	0.1	636_P	[ 34.78157895 -22.08110526 -43.15752632]
-0.05	 -0.24	-0.0	0.02	636_P	[ 36.68644828 -23.93637931 -41.72858621]
0.17	 1.95	0.01	-0.25	637_R	[ 32.06783333 -17.76366667 -37.97233333]
-0.09	 -0.48	0.01	0.07	637_R	[ 34.43751724 -18.07955172 -38.35248276]
0.11	 0.94	-0.04	-0.26	637_R	[ 25.237625 -19.285625 -36.269875]
0.06	 -0.39	-0.01	-0.09	637_R	[ 31.07668421 -19.49047368 -38.81526316]
0.06	 0.76	-0.07	-0.17	637_R	[ 30.05471429 -21.46147619 -39.43371429]
0.13	 0.79	0.07	-0.32	637_R	[ 28.49221053 -20.08926316 -38.13836842]
-0.04	 -0.08	-0.15	0.01	637_R	[ 25.79360714 -19.78228571 -37.48664286]
-0.06	 0.41	0.01	-0.09	637_R	[ 25.23111538 -19.85188462 -34.96007692]
-0.03	 -0.36	-0.03	0.01	638_S	[ 33.12255 -15.09835 -36.12405]
0.08	 -0.76	0.06	-0.21	638_S	[ 30.59791667 -15.13166667 -35.47691667]
0.06	 0.53	-0.01	-0.12	638_S	[ 35.32236364 -17.12663636 -36.00172727]
-0.0	 0.18	0.1	-0.13	638_S	[ 34.34033333 -15.05441667 -35.22366667]
-0.12	 -0.5	0.03	0.14	638_S	[ 32.76845455 -16.07027273 -37.29222727]
0.04	 0.26	-0.11	-0.13	638_S	[ 30.731      -15.72744444 -36.44111111]
0.08	 0.83	0.09	-0.24	639_R	[ 31.07873333 -16.01433333 -29.13      ]
-0.03	 1.05	-0.02	-0.08	639_R	[ 36.51875    -14.95183333 -31.49691667]
0.03	 0.76	-0.03	-0.17	639_R	[ 34.70345 -14.2157  -29.60295]
0.08	 1.0	-0.08	-0.15	639_R	[ 37.303      -15.31033333 -28.15233333]
0.0	 0.39	-0.01	-0.05	639_R	[ 36.98775  -15.473125 -27.293125]
0.07	 0.06	-0.03	-0.12	639_R	[ 37.879      -16.92278571 -26.16607143]
0.11	 1.67	-0.02	-0.28	639_R	[ 37.2546 -16.4668 -25.021 ]
0.08	 -0.63	0.03	-0.11	639_R	[ 35.5455625 -15.7433125 -33.7435625]
-0.03	 -0.48	-0.09	0.03	639_R	[ 36.88542857 -15.94792857 -31.83664286]
-0.07	 0.21	-0.18	-0.02	639_R	[ 35.39954167 -13.84320833 -31.72479167]
-0.27	 -0.84	0.09	0.45	639_R	[ 35.95155 -13.93445 -29.1585 ]
-0.03	 -0.13	-0.14	0.06	639_R	[ 33.54823077 -15.03207692 -28.82930769]
-0.06	 -0.05	0.06	0.01	639_R	[ 37.8876129  -16.48374194 -29.45151613]
-0.15	 -0.05	0.02	0.21	639_R	[ 35.24661111 -15.51611111 -26.86744444]
0.01	 0.52	-0.02	-0.15	639_R	[ 35.23540541 -16.90010811 -25.32208108]
0.13	 1.38	0.14	-0.39	640_E	[ 29.2198     -15.1162     -30.91546667]
-0.2	 -0.76	-0.01	0.19	640_E	[ 28.04090625 -14.8488125  -30.76040625]
0.01	 0.51	-0.05	-0.15	640_E	[ 29.70794444 -12.935      -32.89383333]
-0.08	 0.18	-0.03	-0.02	640_E	[ 31.42338462 -11.017      -32.173     ]
-0.01	 0.39	0.01	-0.17	640_E	[ 33.72951613 -12.38006452 -32.79758065]
-0.03	 -0.25	-0.05	-0.04	640_E	[ 33.6306  -13.48388 -34.38176]
-0.28	 -0.82	0.1	0.42	640_E	[ 34.38917949 -10.99974359 -32.78333333]
-0.04	 0.16	0.01	-0.05	640_E	[ 31.31860714 -13.79242857 -29.95210714]
-0.09	 -0.29	-0.1	0.09	640_E	[ 30.46611765 -13.58676471 -34.32152941]
-0.21	 -0.74	0.04	0.27	640_E	[ 29.17171429 -12.50957143 -31.98119048]
-0.35	 -0.79	0.2	0.45	640_E	[ 30.98072222 -10.52094444 -32.74238889]
-0.21	 -0.47	0.09	0.24	640_E	[ 32.22622222 -11.89327778 -30.62038889]
0.14	 1.5	0.03	-0.3	641_E	[ 27.487    -17.210125 -30.4815  ]
0.1	 0.94	0.02	-0.25	641_E	[ 26.7838  -18.72468 -31.67876]
-0.05	 0.36	0.0	-0.01	641_E	[ 27.09618182 -15.89954545 -35.26881818]
-0.13	 -0.58	0.05	0.08	641_E	[ 28.6174 -16.1268 -36.9258]
-0.16	 -0.88	0.06	0.29	641_E	[ 27.14277778 -17.829      -37.7067037 ]
-0.02	 -0.11	-0.03	0.04	641_E	[ 29.97814286 -17.33314286 -37.61028571]
-0.08	 -0.12	-0.09	0.14	641_E	[ 27.05370588 -16.42076471 -32.53829412]
0.2	 1.29	0.38	-0.61	641_E	[ 26.9891 -18.8575 -33.8133]
-0.13	 -0.5	0.0	0.15	641_E	[ 26.35785185 -17.3017037  -34.7807037 ]
-0.01	 -0.22	-0.01	0.04	641_E	[ 28.41611538 -15.10126923 -34.39288462]
0.03	 0.47	-0.07	-0.15	642_L	[ 27.85766667 -17.03204762 -28.40719048]
0.16	 1.66	0.23	-0.49	642_L	[ 33.27608333 -18.13191667 -26.95991667]
0.12	 0.27	-0.05	-0.12	642_L	[ 31.06825   -17.3774375 -27.5880625]
0.11	 0.96	0.07	-0.31	642_L	[ 33.36658824 -17.20470588 -27.73041176]
0.16	 0.87	0.04	-0.27	643_P	[ 29.764375 -17.385125 -25.718   ]
0.2	 1.36	0.44	-0.66	643_P	[ 25.74677273 -20.429      -24.10981818]
0.15	 1.61	0.07	-0.37	644_P	[ 27.371125 -15.28575  -22.050375]
-0.14	 -0.55	-0.0	0.2	644_P	[ 29.21974419 -15.3854186  -22.90483721]
-0.04	 -0.14	-0.06	0.07	644_P	[ 25.81876471 -14.66905882 -23.27052941]
-0.09	 -0.19	-0.04	0.12	644_P	[ 24.038125  -15.493375  -25.2490625]
-0.03	 0.2	-0.03	-0.11	644_P	[ 24.176125  -18.3828125 -26.3344375]
-0.1	 -0.34	0.05	0.12	644_P	[ 28.37236842 -15.51978947 -25.50905263]
-0.11	 -0.29	-0.18	0.16	644_P	[ 25.08652941 -16.14352941 -22.59094118]
-0.21	 -0.75	0.09	0.38	644_P	[ 26.29647826 -14.00269565 -23.97330435]
-0.3	 -0.93	0.2	0.46	644_P	[ 23.4315  -16.0269  -24.68575]
-0.18	 -0.62	0.09	0.34	644_P	[ 25.48904 -15.21344 -26.52952]
-0.02	 0.34	-0.16	-0.06	644_P	[ 24.3784359  -18.97917949 -24.75287179]
-0.1	 -0.38	-0.12	0.02	644_P	[ 25.049     -17.6054375 -27.3845   ]
0.08	 1.29	0.25	-0.63	645_N	[ 29.5016 -17.8244 -19.67  ]
-0.0	 0.35	-0.24	-0.04	645_N	[ 30.9766 -17.7548 -20.7572]
-0.01	 -0.01	-0.03	-0.07	645_N	[ 30.49186667 -19.16576667 -19.52486667]
0.06	 1.03	-0.0	-0.27	645_N	[ 27.76541176 -19.653      -19.47788235]
-0.0	 0.18	-0.08	-0.04	645_N	[ 26.53554167 -17.46725    -19.56370833]
-0.24	 -0.82	0.07	0.3	645_N	[ 26.86425714 -15.73125714 -19.67491429]
-0.16	 -0.92	0.02	0.22	645_N	[ 25.09151852 -18.52433333 -18.88348148]
0.13	 0.85	0.12	-0.37	645_N	[ 26.275      -18.90475    -22.88570833]
-0.07	 0.23	-0.05	0.1	645_N	[ 29.41180952 -16.55495238 -20.43557143]
-0.07	 0.32	-0.29	-0.02	645_N	[ 26.50837037 -20.10485185 -21.11507407]
-0.13	 -0.19	-0.34	0.2	645_N	[ 28.11280952 -19.73328571 -18.7652381 ]
-0.3	 -0.87	0.26	0.53	645_N	[ 24.64440741 -17.33985185 -18.25818519]
-0.24	 -0.7	1.51	1.04	645_N	[ 25.16284615 -19.84296154 -19.18892308]
0.02	 0.3	-0.11	-0.09	646_F	[ 32.52317073 -17.37519512 -22.31343902]
0.17	 0.49	0.14	-0.32	646_F	[ 32.18386364 -18.26136364 -25.16581818]
0.1	 1.02	0.06	-0.29	647_P	[ 36.2073 -21.679  -19.2708]
-0.07	 0.2	-0.09	-0.03	647_P	[ 34.3955   -22.636125 -18.663   ]
-0.08	 -0.91	-0.06	0.09	647_P	[ 33.62311111 -18.71966667 -19.52455556]
-0.03	 0.12	-0.19	0.01	647_P	[ 35.48245455 -20.48904545 -18.35381818]
0.04	 0.34	-0.05	-0.12	647_P	[ 34.01312903 -23.71409677 -19.86467742]
-0.02	 -0.12	-0.09	-0.03	647_P	[ 32.88988 -21.24712 -18.73444]
0.05	 0.32	-0.11	-0.05	648_S	[ 39.362625 -16.1285   -21.191375]
-0.13	 -0.17	-0.04	0.08	648_S	[ 39.1185     -16.80738889 -23.85861111]
-0.01	 0.35	0.15	-0.29	648_S	[ 36.60965 -14.64135 -21.18645]
-0.09	 -0.22	-0.13	0.1	648_S	[ 37.51834483 -15.67458621 -19.35568966]
0.01	 0.28	-0.03	-0.04	648_S	[ 34.82775   -16.9558125 -19.8726875]
0.03	 0.89	-0.07	-0.17	648_S	[ 35.90331579 -16.15768421 -23.35831579]
-0.22	 -0.62	0.08	0.33	648_S	[ 37.78626087 -14.42256522 -22.10395652]
-0.29	 -0.77	0.05	0.44	648_S	[ 35.08131818 -14.84304545 -21.51340909]
-0.31	 -0.77	0.32	0.53	648_S	[ 37.10044 -14.0788  -19.23764]
0.09	 2.02	0.12	-0.37	649_E	[ 39.5628 -16.7644 -20.2237]
0.18	 1.54	0.13	-0.37	649_E	[ 40.53047368 -19.82194737 -22.21021053]
-0.14	 -0.28	-0.01	0.14	649_E	[ 41.67854839 -20.29187097 -21.88148387]
-0.15	 -0.7	-0.09	0.18	649_E	[ 41.25790909 -18.59209091 -18.45072727]
0.03	 0.65	-0.08	-0.1	649_E	[ 39.3248     -21.12234286 -18.74994286]
0.01	 0.37	-0.07	-0.12	649_E	[ 37.75108 -19.56584 -17.63452]
-0.03	 -0.18	-0.08	0.0	649_E	[ 36.71244444 -17.92627778 -18.25166667]
-0.27	 -1.11	0.17	0.46	649_E	[ 37.555925 -20.0944   -16.44415 ]
-0.28	 -0.77	0.03	0.32	649_E	[ 40.9922     -17.22326667 -21.28113333]
-0.17	 -0.65	0.1	0.27	649_E	[ 41.85904545 -19.49068182 -19.54190909]
-0.13	 -0.53	0.06	0.24	649_E	[ 39.98708333 -17.52645833 -18.48770833]
-0.25	 -0.8	0.04	0.36	649_E	[ 40.06604545 -21.01695455 -17.74554545]
-0.01	 0.48	-0.13	0.05	650_I	[ 39.50242857 -22.81314286 -20.9695    ]
0.11	 1.83	0.11	-0.37	650_I	[ 38.57863158 -24.51410526 -26.10468421]
0.02	 0.31	-0.02	-0.13	650_I	[ 36.612725 -24.66405  -21.234575]
0.13	 0.02	0.0	-0.14	650_I	[ 41.07155556 -22.15888889 -22.74233333]
-0.09	 -0.18	0.09	0.07	650_I	[ 39.63111538 -23.93030769 -21.94115385]
0.01	 -0.03	-0.32	-0.0	650_I	[ 38.54945455 -22.769      -20.18481818]
-0.03	 0.05	-0.03	0.01	650_I	[ 39.48685714 -24.5412381  -24.72961905]
-0.26	 -0.71	0.15	0.46	650_I	[ 37.03745833 -24.64708333 -20.114     ]
0.15	 1.36	0.28	-0.53	651_P	[ 40.44327273 -19.16390909 -24.50554545]
0.08	 1.32	-0.11	-0.18	651_P	[ 40.421375 -18.69775  -25.4015  ]
0.11	 1.19	0.02	-0.28	651_P	[ 40.886      -21.78136364 -28.90909091]
0.11	 0.03	-0.04	-0.13	651_P	[ 39.9079  -23.08315 -27.5553 ]
-0.05	 -0.21	-0.1	0.1	651_P	[ 42.53892308 -18.963      -27.78623077]
-0.12	 -0.2	-0.07	0.15	651_P	[ 43.640125  -21.3958125 -26.281875 ]
-0.04	 0.96	-0.04	0.02	651_P	[ 42.36611111 -22.25888889 -24.01777778]
-0.01	 0.7	-0.2	0.02	651_P	[ 39.63552941 -18.14047059 -26.36970588]
-0.27	 -0.47	0.04	0.43	651_P	[ 42.28642105 -20.11557895 -28.92652632]
-0.16	 -0.54	0.16	0.26	651_P	[ 42.33985714 -18.68110714 -26.08789286]
-0.18	 -0.47	0.12	0.32	651_P	[ 42.661      -22.32188889 -27.46605556]
-0.28	 -0.91	0.2	0.47	651_P	[ 44.12085714 -20.6307619  -25.81347619]
-0.02	 0.09	-0.03	0.0	651_P	[ 41.30044444 -23.14281481 -24.84325926]
-0.12	 0.05	-0.2	0.09	651_P	[ 42.64442857 -20.68995238 -23.82695238]
0.03	 0.63	0.13	-0.26	652_G	[ 41.2916 -20.0362 -29.666 ]
0.01	 0.63	-0.08	-0.05	652_G	[ 40.00838889 -20.94827778 -30.84238889]
0.14	 1.14	-0.11	-0.22	652_G	[ 38.85575 -18.894   -31.00425]
0.18	 1.63	0.2	-0.45	652_G	[ 38.271      -18.36083333 -30.39458333]
-0.08	 -0.3	-0.16	0.11	652_G	[ 40.22591667 -18.75308333 -29.35741667]
-0.21	 -0.62	0.01	0.31	652_G	[ 40.15336 -20.78268 -31.64292]
-0.05	 -0.66	0.06	0.03	652_G	[ 39.31591667 -22.72725    -30.59133333]
-0.02	 0.13	0.0	-0.09	653_I	[ 37.80388 -17.72628 -33.51176]
-0.03	 0.02	-0.11	-0.04	653_I	[ 37.54565 -19.7123  -37.35745]
0.15	 0.74	-0.01	-0.19	653_I	[ 38.3725     -22.39291667 -32.601     ]
-0.04	 0.05	-0.06	0.01	653_I	[ 38.6905 -21.1804 -34.6453]
-0.05	 -0.21	-0.02	0.08	653_I	[ 37.07647059 -17.44364706 -34.92694118]
-0.03	 -0.09	0.03	0.05	653_I	[ 38.58322727 -18.65895455 -32.62754545]
0.06	 0.23	0.05	-0.15	653_I	[ 38.29688235 -21.186      -37.13776471]
-0.13	 -0.33	0.04	0.2	653_I	[ 37.36029167 -18.78529167 -36.69508333]
0.08	 1.51	0.19	-0.52	655_H	[ 37.01528571 -25.45628571 -38.34357143]
0.1	 0.54	0.0	-0.02	655_H	[ 38.32452 -24.19032 -37.05316]
0.1	 0.86	-0.02	-0.25	655_H	[ 36.44656522 -24.89282609 -39.15947826]
-0.12	 -0.28	-0.3	0.29	655_H	[ 38.95204348 -23.52617391 -36.91034783]
0.12	 0.67	0.13	-0.37	655_H	[ 38.42272 -23.8974  -33.96084]
0.16	 0.91	0.36	-0.55	656_F	[ 28.7957 -26.1181 -41.4487]
0.09	 0.8	-0.08	-0.26	656_F	[ 28.50053125 -24.2213125  -41.35878125]
0.1	 1.1	0.06	-0.35	656_F	[ 26.89933333 -22.51054167 -40.63633333]
0.15	 1.14	0.11	-0.38	656_F	[ 28.28614706 -27.73311765 -40.51570588]
0.02	 0.39	-0.2	-0.06	656_F	[ 29.27997297 -23.48305405 -41.3867027 ]
-0.25	 -0.51	-0.26	0.4	656_F	[ 27.25675862 -21.68693103 -40.29196552]
0.18	 1.56	0.26	-0.52	656_F	[ 26.02       -21.34172727 -38.76027273]
0.08	 0.57	0.03	-0.24	657_L	[ 28.27373529 -31.07702941 -40.51876471]
-0.13	 -0.22	0.01	0.17	658_D	[ 28.7684375 -33.059125  -43.535    ]
0.12	 0.86	-0.01	-0.28	658_D	[ 31.72227273 -30.31881818 -44.91086364]
-0.16	 -0.88	-0.08	0.18	658_D	[ 30.8674 -28.2046 -44.9019]
-7.18	 0.35	-0.49	0.02	658_D	[ 29.34129412 -27.38405882 -42.94735294]
0.02	 0.27	-0.04	-0.08	658_D	[ 32.97665217 -27.84791304 -44.80078261]
-0.03	 0.56	0.05	-0.09	658_D	[ 28.96581818 -30.22272727 -42.56190909]
-0.12	 -0.42	-0.03	0.14	658_D	[ 30.60191176 -30.65102941 -45.13335294]
-0.05	 -0.52	0.03	0.05	659_A	[ 31.41385714 -34.65221429 -45.69778571]
0.16	 1.19	0.02	-0.3	659_A	[ 30.03736364 -35.43772727 -43.59854545]
-0.08	 -0.41	-0.01	0.17	659_A	[ 31.89675   -36.1934375 -45.706375 ]
-0.19	 -0.8	0.02	0.33	659_A	[ 30.43621053 -33.745      -45.78821053]
0.08	 0.29	0.1	-0.25	659_A	[ 33.03264286 -33.31060714 -45.71807143]
-0.09	 -0.14	0.05	0.06	660_Y	[ 33.08827273 -39.03709091 -44.98063636]
0.11	 1.51	0.08	-0.33	660_Y	[ 34.60335294 -41.20088235 -43.12364706]
0.13	 0.99	-0.01	-0.25	660_Y	[ 37.31192308 -40.28669231 -38.68223077]
0.03	 0.56	-0.04	-0.17	660_Y	[ 35.54197222 -42.24847222 -41.56955556]
0.03	 0.67	-0.06	-0.21	660_Y	[ 37.26510526 -41.39831579 -40.79447368]
-0.17	 -0.07	-0.05	0.21	660_Y	[ 38.74908333 -41.66083333 -40.60161111]
0.03	 -0.69	0.03	-0.07	660_Y	[ 31.21784615 -37.32392308 -43.28969231]
0.03	 0.1	-0.08	-0.09	660_Y	[ 32.18013043 -39.52486957 -41.74191304]
-0.16	 -0.28	-0.09	0.37	660_Y	[ 33.5443  -41.3426  -42.61985]
0.08	 1.02	0.21	-0.57	660_Y	[ 38.50966667 -40.24144444 -39.02022222]
-0.27	 -0.64	-0.05	0.35	660_Y	[ 36.05542857 -42.89728571 -42.65185714]
-0.27	 -0.93	0.21	0.4	660_Y	[ 37.96534783 -43.10695652 -41.58721739]
0.08	 1.1	0.09	-0.34	661_Q	[ 36.16566667 -39.423      -47.32933333]
-0.27	 -1.09	0.09	0.24	661_Q	[ 38.213      -39.77669565 -46.21717391]
-0.09	 -0.2	-0.08	0.06	661_Q	[ 37.54426087 -40.89791304 -44.39145652]
-0.13	 0.21	-0.09	0.12	661_Q	[ 35.417      -37.57633333 -48.19116667]
0.08	 1.0	-0.04	-0.2	661_Q	[ 38.39233333 -36.96933333 -47.66333333]
-0.07	 -0.47	-0.1	0.08	661_Q	[ 38.05592308 -35.97030769 -48.64915385]
-0.26	 -0.88	0.1	0.31	661_Q	[ 36.0763     -34.68493333 -48.6805    ]
-0.11	 -0.98	-0.05	0.14	661_Q	[ 39.44419048 -34.466      -47.65933333]
-0.12	 0.08	0.05	-0.01	661_Q	[ 34.84833333 -39.4717619  -46.28180952]
-0.17	 -0.75	0.06	0.3	661_Q	[ 36.79013043 -38.09943478 -48.302     ]
-0.06	 -0.14	-0.07	0.07	661_Q	[ 34.40684615 -36.35315385 -46.95815385]
0.01	 -0.08	-0.02	-0.01	661_Q	[ 38.83823529 -37.30123529 -46.71335294]
-0.12	 -0.09	0.05	0.15	661_Q	[ 39.51605882 -35.01329412 -46.11097059]
-0.23	 -0.88	0.12	0.39	661_Q	[ 38.67459375 -33.24190625 -48.17040625]
