-0.28	 -1.09	0.15	0.41	1_M	[ 17.12160784 -42.51323529 -58.98739216]
-0.04	 -0.19	-0.1	-0.04	1_M	[ 15.99505556 -44.59388889 -58.11783333]
0.02	 0.28	-0.25	-0.04	1_M	[ 15.20553846 -43.50584615 -60.70476923]
-0.16	 -0.56	0.01	0.19	1_M	[ 13.64002941 -41.46544118 -59.69176471]
-0.16	 -1.07	-0.05	0.16	1_M	[ 15.17661905 -41.93509524 -56.48071429]
0.12	 1.1	0.15	-0.38	1_M	[ 13.9723  -43.072   -55.84355]
-0.15	 -0.72	0.04	0.13	1_M	[ 14.38603922 -42.45558824 -53.67703922]
-0.14	 -0.32	0.05	-0.03	1_M	[ 13.62094444 -44.94108333 -53.14880556]
0.1	 1.63	0.1	-0.33	2_E	[ 14.7566     -44.98033333 -60.36613333]
0.07	 0.67	-0.14	-0.09	2_E	[ 12.13054545 -42.99663636 -61.73372727]
0.21	 1.05	0.1	-0.36	2_E	[ 11.28566667 -41.78091667 -59.02466667]
-0.02	 0.11	-0.08	-0.08	2_E	[ 10.74229032 -45.90341935 -61.38641935]
-0.12	 -0.61	-0.04	0.12	2_E	[ 13.23413158 -47.27610526 -61.22984211]
-0.12	 -0.6	-0.05	0.1	2_E	[ 13.41003226 -45.9323871  -63.28816129]
-0.23	 -0.58	0.07	0.27	2_E	[ 13.92905  -44.19105  -63.152925]
-0.31	 -1.01	0.21	0.47	2_E	[ 13.0571  -47.16815 -64.38645]
-0.1	 -0.5	-0.14	0.1	3_K	[ 10.35515 -42.5     -61.4997 ]
0.01	 0.19	-0.07	-0.1	3_K	[  9.72676471 -40.76464706 -59.35235294]
0.2	 1.7	0.24	-0.48	3_K	[  7.39416667 -41.54683333 -57.6125    ]
-0.1	 -0.32	0.02	0.09	3_K	[  7.62590909 -42.02986364 -61.76159091]
-48.07	 0.21	-0.14	0.01	3_K	[  7.43334146 -40.02668293 -59.46914634]
-0.18	 -0.84	0.09	0.21	3_K	[  6.07381579 -40.68984211 -62.16844737]
-0.15	 -0.79	-0.06	0.22	3_K	[  4.4194878  -39.63407317 -60.29985366]
-0.21	 -1.04	0.14	0.4	3_K	[  4.16721538 -38.49803077 -62.19613846]
0.13	 0.97	-0.01	-0.24	4_S	[  7.70060714 -44.57760714 -60.66542857]
0.15	 1.53	0.02	-0.27	4_S	[  6.16266667 -46.25588889 -58.20011111]
0.09	 0.73	0.01	-0.24	4_S	[  8.5606875 -47.34675   -56.74825  ]
-0.02	 -0.22	-0.09	-0.08	4_S	[  6.58242105 -46.53952632 -56.17773684]
-0.14	 -0.49	-0.09	0.16	4_S	[  8.47473333 -47.6144     -59.40122222]
-0.34	 -0.98	0.13	0.43	4_S	[  6.37495122 -47.13443902 -60.60836585]
-0.02	 0.18	-0.13	-0.05	5_Q	[  9.91833333 -47.17738889 -55.17983333]
0.13	 2.13	0.12	-0.34	5_Q	[ 10.6712     -45.9698     -53.47406667]
0.02	 0.25	-0.06	-0.12	5_Q	[ 12.45069231 -46.71261538 -55.05138462]
-0.09	 -0.53	-0.05	0.05	5_Q	[ 11.65447619 -48.16630952 -57.35716667]
0.02	 0.47	-0.0	-0.16	5_Q	[ 14.01372727 -47.35495455 -57.52427273]
-0.02	 -0.4	0.07	-0.05	5_Q	[ 14.96781818 -46.15031818 -57.60795455]
-0.28	 -1.14	0.12	0.44	5_Q	[ 14.56098113 -48.86462264 -57.93650943]
0.16	 1.64	0.17	-0.43	6_L	[  7.2779 -40.8834 -54.4941]
0.14	 1.23	0.08	-0.35	6_L	[ 10.25562791 -40.67181395 -56.89590698]
0.03	 0.36	-0.12	-0.08	6_L	[  8.19814286 -39.78014286 -55.18185714]
-0.09	 -0.11	-0.02	0.04	6_L	[ 11.15750769 -39.56273846 -53.36067692]
-0.28	 -1.26	0.1	0.43	6_L	[  9.97932258 -38.12822581 -56.42698387]
0.14	 0.85	-0.12	-0.18	7_E	[  7.0547 -41.3548 -55.7911]
0.01	 0.55	-0.15	-0.1	7_E	[  5.16841667 -41.792125   -54.0605    ]
0.16	 1.46	0.21	-0.46	7_E	[  4.90244444 -45.33033333 -53.83033333]
0.21	 1.46	0.29	-0.53	7_E	[  4.08719048 -42.55457143 -52.53466667]
0.05	 0.39	-0.07	-0.14	7_E	[  4.4029375  -44.86584375 -55.29484375]
-0.17	 -0.58	-0.12	0.15	7_E	[  4.23946512 -41.77244186 -56.20711628]
-0.05	 -0.05	0.01	-0.01	7_E	[  3.46913043 -43.2386087  -58.43452174]
-0.13	 -0.3	0.03	0.08	7_E	[  4.42931707 -44.65609756 -58.66717073]
-0.19	 -0.56	-0.05	0.26	7_E	[  3.20908571 -41.61485714 -59.14731429]
0.13	 1.26	-0.01	-0.28	8_S	[  5.748      -46.0785     -54.11116667]
0.05	 0.64	-0.11	-0.11	8_S	[  5.43194737 -46.42463158 -52.10657895]
0.2	 1.59	0.12	-0.34	8_S	[  6.00361538 -46.416      -49.68123077]
-0.08	 -0.12	-0.12	0.08	8_S	[  8.43735185 -47.52433333 -51.89322222]
-0.19	 -0.62	0.09	0.31	8_S	[  6.6193617  -48.13970213 -54.14202128]
0.19	 1.32	0.12	-0.42	9_R	[  9.37158333 -43.13879167 -47.69083333]
0.05	 0.54	-0.14	-0.13	9_R	[ 10.33237143 -41.6746     -49.82037143]
0.08	 1.4	0.15	-0.43	9_R	[ 12.13989189 -43.88697297 -51.61994595]
-0.06	 -0.14	-0.09	0.03	9_R	[ 12.040875   -45.91514583 -50.20127083]
-0.07	 -0.27	-0.17	0.14	9_R	[ 13.20476667 -43.16466667 -49.2898    ]
-0.04	 -0.2	-0.04	0.09	9_R	[ 12.67160714 -44.32510714 -47.71885714]
-0.21	 -0.93	0.06	0.3	9_R	[ 12.87897917 -46.1388125  -46.90977083]
-0.28	 -1.06	1.83	0.82	9_R	[ 13.85850943 -43.0170566  -46.66935849]
0.16	 1.47	0.14	-0.41	10_V	[  6.59041667 -39.65833333 -48.88583333]
0.24	 1.58	0.1	-0.37	10_V	[  4.65983333 -39.99216667 -47.80833333]
0.12	 1.1	-0.2	-0.08	10_V	[  5.3338 -40.3756 -52.8724]
-0.13	 -0.66	-0.0	0.14	10_V	[  4.07221053 -39.28689474 -50.83668421]
-0.08	 -0.07	-0.08	0.08	10_V	[  7.36855128 -38.94242308 -51.61530769]
0.21	 1.93	0.15	-0.4	11_H	[  1.95753846 -44.18415385 -46.92415385]
-0.03	 0.02	-0.09	-0.03	11_H	[  2.9265814  -45.76083721 -49.15811628]
-0.08	 -0.75	-0.05	0.15	11_H	[  1.116625 -45.435125 -50.71725 ]
-0.04	 0.58	-0.09	0.04	11_H	[  0.4055     -43.83741667 -49.89716667]
-0.11	 -0.55	-0.01	0.15	11_H	[  2.58087179 -45.75848718 -52.79346154]
-0.16	 -0.75	0.03	0.24	11_H	[  0.34185965 -42.51722807 -52.11178947]
-0.12	 -0.12	0.03	0.11	11_H	[  1.50880556 -43.79341667 -53.84505556]
0.22	 1.29	0.32	-0.56	12_L	[  4.6955     -46.25341667 -48.03341667]
0.06	 0.72	-0.03	-0.19	12_L	[  7.56545 -43.45375 -44.3783 ]
0.09	 0.21	0.01	-0.2	12_L	[  5.80090909 -45.28040909 -43.65813636]
-0.02	 -0.06	-0.09	-0.04	12_L	[  8.47619444 -45.22602778 -45.94111111]
0.06	 0.58	-0.02	-0.17	12_L	[  6.17334783 -47.33104348 -48.34269565]
-0.1	 -0.26	-0.08	0.12	12_L	[  9.42638462 -47.79383077 -47.74347692]
-0.18	 -0.88	0.04	0.28	12_L	[  6.36877049 -48.54039344 -45.68870492]
0.12	 1.21	0.23	-0.51	13_L	[  7.878      -42.50223077 -44.02576923]
0.03	 0.58	-0.03	-0.15	13_L	[  4.426  -39.7444 -45.0613]
0.05	 0.56	0.0	-0.2	13_L	[  5.34311538 -40.04019231 -42.941     ]
-0.0	 -0.07	-0.01	-0.02	13_L	[  6.13497059 -39.47564706 -46.09382353]
0.01	 0.32	-0.25	0.06	13_L	[  9.56925    -41.76975    -45.99879167]
-0.14	 -0.49	0.06	0.21	13_L	[  9.46804286 -39.34047143 -47.17481429]
-0.15	 -0.89	0.59	0.29	13_L	[  9.37992063 -40.12888889 -43.84993651]
0.1	 0.99	-0.02	-0.27	14_E	[  4.25385714 -39.92042857 -45.93085714]
-0.03	 0.08	-0.42	0.14	14_E	[  2.38614286 -39.6412381  -44.2972381 ]
0.11	 0.71	0.01	-0.25	14_E	[  0.9656  -40.54052 -42.86584]
-0.01	 0.14	-0.19	0.03	14_E	[  0.60951724 -42.04386207 -45.64593103]
-0.12	 -0.63	0.03	0.11	14_E	[  2.16588636 -39.29145455 -46.65293182]
-0.14	 -0.9	-0.04	0.16	14_E	[ -0.27964286 -40.23892857 -48.10507143]
-0.07	 -0.16	0.03	0.04	14_E	[  0.27984375 -42.3520625  -48.5450625 ]
-0.13	 -0.59	0.09	0.17	14_E	[  1.00224444 -39.26991111 -49.7588    ]
0.15	 1.39	0.08	-0.33	15_Q	[  0.73238462 -44.83438462 -42.12746154]
0.04	 0.11	-0.09	-0.05	15_Q	[  3.906      -45.40328571 -41.07285714]
0.02	 0.05	-0.01	-0.14	15_Q	[  2.13104348 -45.0776087  -40.13747826]
-0.07	 -0.9	-0.11	0.06	15_Q	[  3.2038125  -46.34171875 -42.6703125 ]
-0.09	 0.03	-0.08	-0.02	15_Q	[  0.53088889 -45.38126667 -44.68228889]
-0.02	 0.21	0.19	-0.2	15_Q	[  2.31895455 -47.66077273 -45.22154545]
-0.07	 0.12	-0.0	0.05	15_Q	[  2.71889189 -47.61781081 -46.98      ]
-0.28	 -1.04	0.04	0.41	15_Q	[  2.00065385 -48.82455769 -44.15042308]
0.06	 0.56	0.09	-0.26	16_Q	[  5.17328571 -44.92771429 -41.77657143]
0.01	 -0.07	-0.09	-0.03	16_Q	[  5.22086364 -44.54177273 -39.59513636]
0.17	 1.16	0.11	-0.39	16_Q	[  4.98754545 -43.19795455 -37.60909091]
0.06	 0.63	-0.02	-0.15	16_Q	[  7.07631429 -42.92542857 -41.5812    ]
-0.04	 -0.02	-0.01	-0.01	16_Q	[  7.38318421 -43.08668421 -39.00165789]
-0.14	 -0.77	-0.06	0.15	16_Q	[  9.02495 -42.29315 -40.3957 ]
-0.09	 -0.53	-0.07	0.06	16_Q	[  9.17417021 -41.71780851 -41.89457447]
-0.27	 -1.13	0.12	0.42	16_Q	[ 10.05801923 -42.39303846 -38.73288462]
0.12	 1.19	0.14	-0.37	17_K	[  5.417      -40.38083333 -40.44272222]
0.03	 0.16	-0.08	-0.13	17_K	[  4.22678947 -39.01031579 -39.10242105]
0.22	 1.39	0.13	-0.41	17_K	[  2.52316667 -38.666      -37.71275   ]
-0.02	 0.1	-0.02	-0.03	17_K	[  3.91238095 -38.32195238 -41.90638095]
0.03	 0.16	0.04	-0.11	17_K	[  2.16651515 -37.76981818 -40.15387879]
-0.14	 -0.54	-0.19	0.26	17_K	[  2.02806522 -36.91897826 -42.28641304]
-0.12	 -0.44	-0.01	0.11	17_K	[  1.34989474 -35.14368421 -40.11952632]
-0.34	 -1.35	0.24	0.51	17_K	[  0.43886667 -34.28304444 -42.26344444]
0.17	 1.3	0.47	-0.7	18_E	[  0.60954545 -40.32581818 -41.22118182]
0.16	 1.25	0.1	-0.35	18_E	[ -1.41218182 -40.97127273 -38.48181818]
0.08	 0.53	0.03	-0.22	18_E	[ -0.70690909 -43.75509091 -37.56954545]
-0.04	 -0.86	-0.11	0.02	18_E	[ -1.59170588 -42.17517647 -36.774     ]
-0.0	 -0.06	-0.11	-0.03	18_E	[ -0.99740741 -43.58774074 -39.57959259]
-0.13	 -0.37	-0.11	0.16	18_E	[ -1.84776316 -40.79457895 -41.00465789]
-0.06	 -0.39	-0.01	0.01	18_E	[ -2.30090625 -43.52546875 -42.35040625]
-0.12	 -0.2	-0.09	0.19	18_E	[ -1.59551111 -43.22508889 -43.79455556]
-0.27	 -1.08	0.2	0.46	18_E	[ -3.719625 -43.8778   -41.0524  ]
0.13	 1.31	0.08	-0.33	19_Q	[  0.69888889 -44.65122222 -38.68277778]
0.18	 0.37	0.04	-0.19	19_Q	[  0.10233333 -44.97558333 -36.68458333]
-0.1	 -0.46	-0.18	0.03	19_Q	[  2.84653571 -45.74728571 -38.05785714]
-0.11	 -0.41	0.03	0.11	19_Q	[  4.06063265 -45.61693878 -35.64034694]
-0.07	 0.22	0.05	-0.08	19_Q	[  1.750625  -47.1253125 -34.6144375]
-0.18	 -0.2	-0.1	0.14	19_Q	[  1.4172619  -46.40040476 -33.14359524]
-0.25	 -1.02	0.11	0.38	19_Q	[  0.86251923 -47.82273077 -35.84711538]
0.18	 1.32	0.22	-0.48	20_L	[  4.05504545 -42.7625     -34.2575    ]
0.05	 0.57	-0.03	-0.17	20_L	[  2.307125  -38.5609375 -34.265125 ]
0.05	 0.59	-0.0	-0.23	20_L	[  3.17520833 -39.72429167 -32.7475    ]
-0.0	 -0.05	-0.03	-0.0	20_L	[  3.93627586 -38.9897931  -35.75817241]
-0.05	 -0.08	-0.22	0.05	20_L	[  5.72464706 -42.62035294 -35.88770588]
-0.12	 -0.5	-0.07	0.12	20_L	[  7.11296825 -40.06626984 -37.03826984]
-0.2	 -1.16	0.09	0.33	20_L	[  6.554      -40.66655385 -33.59124615]
0.09	 1.15	0.1	-0.37	21_E	[  2.22514286 -38.57157143 -35.605     ]
0.14	 1.18	-0.07	-0.23	21_E	[  0.58566667 -37.66614286 -33.90171429]
0.07	 0.33	-0.11	-0.11	21_E	[ -2.42853846 -39.89176923 -33.81669231]
0.13	 0.8	0.02	-0.33	21_E	[ -1.36468 -38.19084 -32.70636]
-0.08	 -0.44	-0.08	0.1	21_E	[ -1.92658333 -38.85516667 -35.53405556]
-0.12	 -0.33	-0.12	0.17	21_E	[  0.72937143 -36.8972     -36.17325714]
-0.09	 -0.32	-0.08	0.14	21_E	[ -2.11785714 -36.88892857 -37.5965    ]
-0.02	 0.09	0.01	0.02	21_E	[ -1.45517073 -38.4        -39.34668293]
-0.23	 -0.76	0.04	0.3	21_E	[ -0.88721875 -35.385625   -38.34521875]
0.12	 1.21	0.11	-0.33	22_S	[ -2.02611111 -41.34633333 -35.11922222]
-0.03	 -0.18	-0.1	-0.01	22_S	[ -2.93782353 -41.72888235 -32.83629412]
0.14	 1.08	0.18	-0.47	22_S	[ -0.72981818 -44.25718182 -31.32472727]
0.18	 1.68	0.23	-0.47	22_S	[ -2.81      -42.602     -30.8868125]
-0.15	 -0.64	-0.04	0.22	22_S	[ -2.19003125 -43.839375   -35.11696875]
-0.16	 -0.19	-0.08	0.15	22_S	[ -2.0923871  -44.85182258 -32.67083871]
0.16	 1.34	0.33	-0.58	23_S	[  0.32075    -44.44883333 -32.4375    ]
0.06	 0.42	-0.06	-0.15	23_S	[  0.8415     -44.15204167 -30.426125  ]
0.06	 0.73	-0.06	-0.18	23_S	[  2.8293125 -41.201125  -29.2341875]
-0.02	 -0.32	-0.09	-0.05	23_S	[  1.83163158 -42.38189474 -27.95478947]
-0.18	 -0.44	-0.11	0.21	23_S	[  3.76916279 -43.00718605 -31.07127907]
-0.13	 -0.48	0.03	0.11	23_S	[  3.0604     -44.88506667 -32.10916667]
0.13	 0.92	0.04	-0.28	24_L	[  2.91075    -40.26508333 -30.96166667]
0.1	 -0.24	0.04	-0.19	24_L	[  2.845      -39.17958333 -29.01591667]
-0.04	 -0.16	-0.18	-0.0	24_L	[  3.01121053 -38.01963158 -31.38689474]
-0.13	 -0.64	0.02	0.19	24_L	[  3.09125926 -36.01398148 -28.64357407]
-0.15	 -0.62	0.0	0.22	24_L	[  1.43591026 -35.35775641 -31.60403846]
0.11	 1.85	0.03	-0.24	25_Q	[ -3.83725  -41.331875 -27.66625 ]
0.06	 0.7	0.03	-0.22	25_Q	[ -4.23945455 -39.3085     -26.66327273]
-0.06	 -0.29	-0.03	0.11	25_Q	[ -4.42044828 -40.51737931 -29.925     ]
-0.1	 -0.39	-0.01	0.17	25_Q	[ -4.352      -38.50223404 -31.86476596]
-0.16	 -0.79	-0.03	0.23	25_Q	[ -4.68515385 -36.19938462 -31.05876923]
-0.12	 -0.03	-0.04	0.09	25_Q	[ -5.17953333 -36.8219     -28.80956667]
-0.06	 -0.26	0.07	0.04	25_Q	[ -2.57761905 -35.63957143 -30.76478571]
0.01	 0.53	-0.09	-0.15	26_D	[ -3.24638889 -42.58983333 -26.16716667]
0.17	 1.58	0.27	-0.53	26_D	[  0.320625  -43.2555    -25.3168125]
0.2	 1.06	0.12	-0.32	26_D	[ -1.875875  -43.0784375 -23.9810625]
-0.07	 -0.15	-0.29	0.14	26_D	[ -0.59172222 -44.37916667 -26.449     ]
-0.15	 -0.59	-0.03	0.14	26_D	[ -3.0395     -45.10264286 -27.22035714]
-0.17	 -0.51	0.01	0.25	26_D	[ -4.00510526 -43.56328947 -28.75107895]
-0.18	 -0.51	0.06	0.25	26_D	[ -1.61418 -45.80092 -29.06212]
0.13	 1.1	0.04	-0.29	27_A	[  1.1086 -42.4652 -26.3054]
0.05	 -0.05	-0.23	-0.04	27_A	[  1.6369  -41.93175 -24.2024 ]
0.13	 1.1	0.04	-0.32	27_A	[  1.56544444 -38.18027778 -24.23122222]
0.06	 0.68	-0.04	-0.19	27_A	[  1.43475758 -39.47109091 -22.38824242]
-0.15	 -0.8	0.04	0.25	27_A	[  3.05256923 -40.13201538 -25.90155385]
0.19	 1.55	0.24	-0.49	28_L	[ -3.70653333 -36.8076     -21.95546667]
-0.04	 0.13	0.01	0.01	28_L	[ -1.35533333 -33.96602222 -27.50282222]
-0.01	 0.03	-0.12	-0.07	28_L	[  1.6087907  -35.27504651 -25.61055814]
0.04	 0.71	-0.07	-0.13	29_A	[ -4.82333333 -38.419      -22.58016667]
0.12	 1.23	0.21	-0.44	29_A	[ -3.88233333 -39.76122222 -21.39072222]
-0.23	 -0.78	-0.04	0.27	29_A	[ -4.79486842 -39.74489474 -20.59984211]
-0.17	 -0.95	0.06	0.26	29_A	[ -5.04678431 -41.2527451  -24.15401961]
-0.03	 -0.16	-0.1	-0.04	30_K	[ -2.68655556 -41.75483333 -19.77555556]
0.15	 0.41	-0.06	-0.12	30_K	[ -2.8518 -39.4859 -18.605 ]
-0.18	 -0.48	0.03	0.23	30_K	[ -0.70178049 -39.96568293 -17.73480488]
-0.11	 -0.38	-0.0	0.08	30_K	[  0.55908696 -41.54243478 -19.88882609]
-0.1	 -0.47	0.04	0.13	30_K	[ -1.70442424 -43.38236364 -20.84269697]
-0.13	 -0.75	0.03	0.17	30_K	[  1.47461765 -43.39555882 -21.0645    ]
-0.19	 -0.99	0.01	0.27	30_K	[ -0.59163043 -45.54923913 -21.97608696]
-0.24	 -0.92	0.01	0.41	30_K	[  1.54613115 -45.63060656 -23.30263934]
0.08	 0.72	-0.15	-0.15	31_L	[ -0.0445     -37.14414286 -17.71428571]
0.06	 0.63	0.04	-0.22	31_L	[ -3.19107143 -37.8385     -17.99      ]
-0.01	 0.17	-0.03	-0.06	31_L	[ -4.0897037  -36.41725926 -19.67051852]
0.13	 0.98	-0.01	-0.24	31_L	[  0.43655556 -35.26016667 -18.76544444]
0.12	 1.55	0.19	-0.46	31_L	[  1.8504 -37.6098 -21.8662]
0.03	 0.15	-0.07	-0.08	31_L	[  2.28408696 -35.33028261 -21.61521739]
-0.18	 -1.15	0.05	0.31	31_L	[  2.52945902 -37.38114754 -19.55052459]
-0.09	 -0.25	-0.12	0.06	32_K	[ -1.402375 -36.383375 -16.516   ]
-0.07	 -0.43	-0.05	0.09	32_K	[ -4.30745 -35.914   -16.3816 ]
0.15	 1.48	0.45	-0.64	32_K	[ -3.3074 -32.203  -16.504 ]
-0.19	 -0.52	0.07	0.24	32_K	[ -4.75827027 -33.15445946 -17.81789189]
-0.16	 -1.07	0.03	0.21	32_K	[ -1.78893548 -34.89035484 -14.82083871]
-0.15	 -0.58	-0.15	0.13	32_K	[ -3.97865714 -33.29562857 -14.84717143]
-0.23	 -1.12	0.01	0.27	32_K	[ -2.72019048 -34.58890476 -12.52347619]
-0.22	 -1.12	0.04	0.3	32_K	[ -4.32732653 -32.40269388 -12.21561224]
-0.3	 -1.31	0.22	0.47	32_K	[ -5.03605556 -33.80307407 -10.32777778]
0.16	 1.19	-0.01	-0.17	33_N	[ -0.64881818 -33.58172727 -17.59463636]
-0.0	 0.11	-0.19	-0.04	33_N	[ -3.55893333 -31.40466667 -18.451     ]
0.19	 1.54	0.09	-0.33	33_N	[  0.79936842 -32.90494737 -19.33268421]
-0.16	 -0.58	-0.09	0.15	33_N	[ -1.22024242 -31.26266667 -16.7290303 ]
-0.09	 -0.24	0.04	0.01	33_N	[ -2.0989375 -29.003875  -17.835375 ]
-0.09	 -0.56	0.06	0.16	33_N	[ -2.50985185 -29.01837037 -19.81866667]
-0.08	 0.03	-0.07	0.04	33_N	[  0.28975758 -28.42266667 -17.31960606]
0.09	 0.59	0.04	-0.21	34_R	[ -3.58571429 -31.66538095 -20.82147619]
0.0	 0.12	-0.12	-0.03	34_R	[ -1.9555   -30.83825  -23.951375]
0.0	 -0.14	-0.01	-0.05	34_R	[ -0.22745455 -32.14963636 -24.86031818]
-0.12	 -0.47	-0.01	0.08	34_R	[ -3.81864286 -31.95907143 -23.91853571]
-0.02	 0.13	-0.08	-0.08	34_R	[ -4.69780769 -34.34042308 -21.51769231]
-0.26	 -1.34	0.15	0.4	34_R	[ -6.47283333 -33.57933333 -23.17713889]
-0.12	 -0.62	0.12	0.13	34_R	[ -5.18877273 -33.51068182 -25.60890909]
-0.1	 -0.39	-0.02	0.18	34_R	[ -6.60957143 -35.39321429 -25.58892857]
-0.09	 0.07	-0.02	0.01	34_R	[ -5.61861111 -36.99111111 -24.01252778]
-0.04	 0.18	0.02	-0.01	34_R	[ -5.08152941 -35.66344118 -27.08085294]
0.01	 0.75	-0.12	0.04	35_D	[ -2.08166667 -29.90644444 -22.652     ]
-0.03	 -0.18	-0.06	0.02	35_D	[ 1.01176471e-02 -2.96662353e+01 -2.40602353e+01]
-0.1	 -0.46	-0.01	0.08	35_D	[ -1.23945833 -27.77875    -22.06616667]
-0.15	 -0.88	-0.03	0.17	35_D	[  0.36264286 -26.90228571 -24.04407143]
-0.06	 -0.17	0.0	-0.01	35_D	[  2.4993125  -27.43840625 -23.9891875 ]
-0.14	 -0.6	0.08	0.21	35_D	[  0.51619048 -25.26880952 -22.443     ]
0.12	 -0.3	0.03	-0.2	36_A	[  2.17592308 -30.79838462 -24.06838462]
0.18	 0.76	0.01	-0.28	36_A	[  3.97763636 -32.69827273 -20.90972727]
0.17	 1.39	0.05	-0.28	36_A	[  5.8937 -31.7584 -22.8679]
0.16	 1.36	0.41	-0.64	36_A	[  5.2954 -32.1651 -20.5067]
-0.17	 -0.7	-0.03	0.17	36_A	[  4.00022917 -33.52239583 -23.44308333]
0.03	 0.19	-0.09	-0.1	37_K	[  4.25773684 -30.34415789 -24.20921053]
0.01	 -0.16	-0.1	-0.01	37_K	[  6.94415 -30.10075 -23.19855]
0.09	 0.44	-0.08	-0.17	37_K	[  6.33188889 -26.33633333 -22.39322222]
0.17	 1.02	0.09	-0.34	37_K	[  7.77708333 -27.62145833 -22.06541667]
-0.12	 -0.57	-0.15	0.12	37_K	[  5.07158333 -28.40638889 -25.14058333]
-0.06	 -0.41	-0.47	0.29	37_K	[  7.54904444 -26.94277778 -23.93064444]
-0.16	 -0.83	0.04	0.28	37_K	[  5.86704444 -26.36522222 -26.56431111]
-0.25	 -1.21	0.12	0.37	37_K	[  8.26272917 -26.1541875  -27.5155    ]
-0.28	 -1.23	0.18	0.44	37_K	[  8.63682353 -28.61356863 -27.42698039]
0.11	 0.86	0.02	-0.24	38_Q	[  4.63369231 -26.45230769 -22.73392308]
-0.02	 -0.2	-0.08	0.03	38_Q	[  5.32917647 -25.43529412 -20.75329412]
0.18	 1.37	0.35	-0.59	38_Q	[  4.53183333 -27.04933333 -17.36566667]
0.16	 1.25	0.1	-0.31	38_Q	[  5.85776923 -25.603      -18.43      ]
-0.01	 0.38	0.01	-0.08	38_Q	[  3.1792381  -25.11071429 -21.32880952]
-0.11	 -0.14	-0.11	0.06	38_Q	[  3.1435     -25.30490909 -18.15663636]
-0.06	 0.23	0.01	-0.04	38_Q	[  0.75517647 -25.41264706 -18.21594118]
-0.07	 -0.1	-0.05	0.07	38_Q	[ -0.54561538 -26.31242308 -19.06903846]
-0.27	 -1.01	0.12	0.42	38_Q	[  0.63633929 -23.56666071 -18.91228571]
0.07	 0.49	-0.18	-0.01	39_T	[  4.05055882 -28.72694118 -16.88185294]
0.1	 0.85	0.1	-0.31	39_T	[  6.85312903 -30.07358065 -15.94641935]
0.08	 0.81	-0.04	-0.23	39_T	[  4.34094444 -32.22388889 -19.21644444]
0.05	 0.16	-0.08	-0.09	39_T	[  2.12203448 -31.36786207 -17.966     ]
-0.22	 -1.14	0.01	0.33	39_T	[  4.82461194 -32.38525373 -16.66328358]
0.06	 0.51	-0.1	-0.11	40_V	[  8.4698125 -31.7041875 -17.836625 ]
0.18	 1.15	0.19	-0.45	40_V	[ 10.85246154 -30.50284615 -17.36938462]
0.07	 0.7	-0.09	-0.05	40_V	[  8.85509091 -30.27736364 -21.63027273]
-0.1	 -0.59	-0.0	0.13	40_V	[ 10.832      -31.32261194 -20.39489552]
-0.17	 -0.67	-0.01	0.21	40_V	[  7.48755556 -33.05860317 -20.69009524]
0.1	 1.0	-0.0	-0.24	41_Q	[  9.51166667 -28.60866667 -20.73966667]
0.12	 1.32	0.0	-0.31	41_Q	[ 10.3068 -27.9024 -20.5456]
0.03	 0.16	-0.23	-0.06	41_Q	[  8.54659524 -25.88438095 -21.16719048]
-0.13	 -0.6	0.04	0.13	41_Q	[  9.51982927 -23.68626829 -20.1865122 ]
-0.19	 -0.73	-0.04	0.22	41_Q	[ 11.6224 -23.7952 -21.7466]
-0.15	 -0.48	-0.01	0.23	41_Q	[ 11.85675    -26.37829167 -21.69089583]
-0.13	 -0.6	0.06	0.17	41_Q	[ 13.04844118 -23.77320588 -20.19497059]
0.12	 1.4	0.05	-0.31	42_K	[  7.6315     -25.20007143 -17.86485714]
0.01	 0.38	-0.04	-0.09	42_K	[  8.5767619  -24.40642857 -16.28680952]
0.2	 1.23	0.18	-0.43	42_K	[  9.52222222 -24.66644444 -13.6215    ]
0.04	 0.53	-0.09	-0.13	42_K	[  5.63993478 -26.1446087  -15.90221739]
0.03	 0.53	-0.02	-0.1	42_K	[  7.11138889 -25.90127778 -13.55386111]
-0.25	 -0.9	-0.15	0.39	42_K	[  4.6395641  -25.30651282 -14.08097436]
-0.17	 -0.65	-0.06	0.17	42_K	[  5.31691304 -25.98747826 -11.36993478]
-0.29	 -1.26	0.22	0.47	42_K	[  3.46916364 -24.50338182 -11.12030909]
0.19	 1.59	0.13	-0.39	43_H	[  7.81527273 -28.50981818 -14.47690909]
0.14	 0.49	0.04	-0.27	43_H	[  8.8040625 -28.3441875 -13.0078125]
-0.07	 -0.24	-0.18	0.03	43_H	[  8.91006667 -30.94096667 -15.33716667]
-0.14	 0.83	-0.07	0.12	43_H	[  9.481      -32.40128571 -13.98585714]
-0.0	 0.39	-0.03	-0.05	43_H	[ 12.1322381  -31.626      -15.06607143]
-0.13	 -0.26	0.02	0.15	43_H	[ 10.09857692 -30.90436538 -11.72365385]
-0.21	 -0.75	0.02	0.28	43_H	[ 12.58678049 -33.60319512 -13.20646341]
-0.15	 -0.34	0.07	0.15	43_H	[ 11.88712121 -32.44651515 -11.1810303 ]
0.08	 1.05	-0.04	-0.24	44_I	[ 14.12166667 -29.529875   -15.33041667]
0.13	 0.62	0.08	-0.27	44_I	[ 15.85641176 -27.46488235 -15.07417647]
-0.1	 -0.28	0.0	0.1	44_I	[ 13.52010345 -30.52265517 -17.61506897]
-0.09	 -0.45	0.02	0.08	44_I	[ 15.45722222 -26.95653968 -18.14257143]
-0.17	 -0.75	0.07	0.23	44_I	[ 13.91998113 -29.45313208 -20.38124528]
0.13	 1.13	0.27	-0.55	45_D	[ 14.62009524 -23.75914286 -15.58747619]
0.21	 1.29	0.06	-0.34	45_D	[ 12.599      -23.25823529 -12.07217647]
0.25	 1.6	0.3	-0.54	45_D	[ 14.59955556 -22.77188889 -13.58477778]
-0.12	 -0.19	-0.15	0.13	45_D	[ 11.92564286 -22.70135714 -14.58528571]
-0.17	 -0.73	0.02	0.08	45_D	[ 12.7984     -22.0066     -16.99733333]
-0.08	 -0.27	-0.13	0.12	45_D	[ 14.13957576 -23.48821212 -17.27845455]
-0.14	 -0.68	0.03	0.21	45_D	[ 10.42928571 -22.45905714 -17.26045714]
0.07	 0.24	-0.1	-0.12	46_L	[ 13.29466667 -27.20966667  -9.42658333]
0.13	 -0.01	-0.06	-0.16	46_L	[ 13.47431579 -25.12121053  -9.08784211]
-0.05	 -0.25	-0.06	0.09	46_L	[ 11.01877778 -27.35381481 -10.01437037]
0.11	 0.55	-0.15	-0.11	46_L	[  9.5640625 -24.2570625 -12.0769375]
-0.14	 -0.51	-0.04	0.14	46_L	[  8.18205085 -26.39116949 -10.36      ]
-0.16	 -0.78	-0.07	0.28	46_L	[ 10.51920779 -23.57009091  -9.44175325]
0.21	 0.92	0.04	-0.3	47_L	[ 12.73583333 -28.40891667 -11.14916667]
0.12	 1.08	0.01	-0.2	47_L	[ 14.41091667 -28.42975     -9.71225   ]
0.13	 1.13	0.09	-0.36	47_L	[ 17.53981818 -28.33272727 -12.32863636]
0.13	 1.2	0.09	-0.34	47_L	[ 14.73013333 -29.49926667 -12.5337    ]
0.1	 0.51	-0.03	-0.15	47_L	[ 17.688375 -29.755375 -12.384125]
-0.08	 -0.22	-0.09	0.1	47_L	[ 15.48929577 -31.46153521  -9.87973239]
-0.21	 -0.76	0.02	0.27	47_L	[ 16.23449254 -31.95762687 -13.23965672]
0.21	 1.21	-0.0	-0.24	48_H	[ 16.76844444 -27.62411111 -13.43444444]
0.02	 0.02	0.03	-0.1	48_H	[ 18.64277778 -26.55022222 -12.7432963 ]
0.22	 1.74	0.14	-0.41	48_H	[ 20.021      -25.47011111 -11.28122222]
-0.06	 0.07	-0.25	0.03	48_H	[ 16.8175     -25.40071429 -15.3475    ]
0.02	 0.79	0.02	-0.1	48_H	[ 17.0079 -23.5783 -15.5007]
-0.11	 -0.21	0.02	0.15	48_H	[ 19.77541379 -24.44693103 -14.87903448]
-0.1	 -0.24	-0.12	0.08	48_H	[ 16.88459091 -21.73738636 -14.05075   ]
-0.21	 -1.06	0.05	0.31	48_H	[ 20.46641026 -22.11961538 -15.76212821]
-0.16	 -0.61	0.08	0.26	48_H	[ 19.04955556 -20.523      -14.7127037 ]
0.08	 0.96	-0.05	-0.23	49_T	[ 17.82627273 -21.57595455 -10.30659091]
0.18	 1.54	0.12	-0.37	49_T	[ 18.3339375 -21.7883125  -8.1309375]
0.14	 2.1	-0.07	-0.23	49_T	[ 13.84122222 -22.85255556  -9.40311111]
-0.1	 -0.36	-0.04	0.11	49_T	[ 14.83110526 -21.54144737 -11.7475    ]
-0.22	 -0.96	-0.03	0.32	49_T	[ 15.31916418 -20.88734328  -8.36391045]
0.12	 1.55	0.07	-0.32	50_Y	[ 15.187   -24.24525  -8.067  ]
0.13	 0.43	0.0	-0.15	50_Y	[ 16.002   -24.24     -6.51225]
-0.05	 -0.1	0.03	-0.0	50_Y	[ 14.89084375 -26.986375    -7.3223125 ]
-0.09	 0.34	-0.07	0.06	50_Y	[ 15.11671429 -28.49828571  -5.85871429]
-0.09	 -0.48	-0.04	0.11	50_Y	[ 16.05092857 -26.60364286  -4.291     ]
-0.0	 0.26	-0.05	-0.09	50_Y	[ 15.693      -29.5096      -6.98673333]
-0.09	 -0.48	-0.03	0.07	50_Y	[ 16.6572963  -28.23951852  -2.66174074]
-0.08	 -0.4	-0.07	0.1	50_Y	[ 17.35983333 -31.05473333  -6.22916667]
-0.03	 0.24	0.15	-0.24	50_Y	[ 15.97495 -30.00545  -4.1597 ]
-0.01	 0.24	0.12	-0.12	50_Y	[ 17.877125  -31.550625   -3.5044375]
0.13	 1.25	0.15	-0.44	51_N	[ 21.43433333 -28.01733333  -6.75466667]
0.2	 1.42	0.1	-0.34	51_N	[ 22.54008333 -25.97133333  -9.04716667]
0.27	 1.38	0.42	-0.64	51_N	[ 22.13386667 -27.36146667  -6.0248    ]
-0.04	 -0.09	-0.08	0.03	51_N	[ 21.46946154 -27.65574359  -9.80753846]
-0.23	 -1.17	-0.04	0.22	51_N	[ 21.2099 -29.9122  -9.9366]
-0.08	 -0.32	-0.04	0.07	51_N	[ 19.20387879 -29.93887879 -11.09278788]
-0.06	 -0.07	-0.04	0.03	51_N	[ 20.40804444 -30.379       -7.83917778]
0.05	 0.19	-0.16	-0.06	52_E	[ 23.236   -24.15765  -8.9687 ]
0.16	 1.29	0.33	-0.6	52_E	[ 21.4728 -21.1513  -7.2553]
0.18	 1.1	0.18	-0.43	52_E	[ 23.85305882 -22.33794118  -7.48447059]
0.04	 0.01	-0.16	-0.06	52_E	[ 21.43283333 -21.238       -9.16680556]
-0.06	 -0.31	0.03	0.04	52_E	[ 21.89664103 -24.02948718 -11.398     ]
-0.14	 -0.45	-0.02	0.18	52_E	[ 22.7044     -21.0712     -11.72986667]
-0.2	 -0.72	0.01	0.26	52_E	[ 20.67764865 -20.26862162 -11.49716216]
-0.19	 -0.53	0.08	0.3	52_E	[ 22.35617857 -22.16314286 -13.47107143]
0.17	 0.66	0.06	-0.35	53_I	[ 19.93575 -21.55675  -7.2955 ]
0.1	 1.27	0.01	-0.25	53_I	[ 21.04630769 -20.685       -6.38215385]
0.13	 1.34	0.06	-0.31	53_I	[ 20.01966667 -22.80633333  -2.52483333]
0.16	 1.04	0.27	-0.56	53_I	[ 20.52057143 -22.30814286  -1.99228571]
-0.1	 -0.81	-0.23	0.09	53_I	[ 18.36883333 -20.68877778  -6.19616667]
-0.15	 -1.25	-0.03	0.22	53_I	[ 18.41702857 -20.51822857  -2.82697143]
-0.07	 -0.18	-0.02	0.09	53_I	[ 17.24360784 -22.82817647  -4.4787451 ]
-0.14	 -0.63	0.05	0.19	53_I	[ 20.33525676 -18.67809459  -3.87204054]
-0.02	 0.16	-0.12	0.0	54_R	[ 20.546      -24.50178947  -1.877     ]
0.18	 1.59	0.26	-0.51	54_R	[ 22.71954545 -24.91645455  -0.80827273]
0.08	 0.63	0.04	-0.17	54_R	[ 19.23845455 -25.90422727  -2.91240909]
0.09	 0.86	0.19	-0.34	54_R	[ 22.41235294 -27.56185294  -1.86544118]
0.01	 0.21	-0.11	-0.08	54_R	[ 20.8165625  -29.0369375   -1.18090625]
0.13	 0.99	-0.14	-0.17	54_R	[ 22.00316667 -29.28380556  -4.47705556]
-0.15	 -0.59	-0.14	0.17	54_R	[ 22.36257143 -31.05714286  -2.93957143]
-0.18	 -0.76	0.04	0.24	54_R	[ 20.45871875 -32.5120625   -2.36325   ]
-0.21	 -0.75	-0.01	0.32	54_R	[ 21.15459184 -31.82944898  -5.11818367]
0.12	 0.43	0.04	-0.23	55_D	[ 25.888625  -26.3579375  -3.6674375]
-0.02	 -0.27	-0.11	-0.05	55_D	[ 26.79954545 -23.75218182  -4.95427273]
-0.0	 -0.43	-0.09	0.07	55_D	[ 27.38082609 -24.22734783  -3.30808696]
-0.09	 -0.38	-0.04	0.12	55_D	[ 26.0402     -24.56556667  -6.68963333]
-0.07	 0.12	0.01	0.02	55_D	[ 25.81213043 -27.08426087  -6.54604348]
-0.06	 -0.25	-0.37	0.25	55_D	[ 24.2090339  -28.08076271  -5.37769492]
-0.26	 -0.84	-0.02	0.44	55_D	[ 25.30145  -26.9376    -8.268725]
0.13	 1.34	0.13	-0.41	56_I	[ 26.088375 -22.523625  -5.459375]
0.06	 -0.56	-0.07	-0.06	56_I	[ 26.75572727 -21.21854545  -4.23490909]
0.17	 1.01	0.1	-0.32	56_I	[ 27.06771429 -20.10078571  -2.24157143]
-0.16	 -0.91	0.01	0.24	56_I	[ 25.91474074 -20.59603704  -6.48655556]
-0.03	 0.02	-0.15	-0.01	56_I	[ 24.57425424 -18.15818644  -3.59571186]
-0.16	 -0.73	-0.02	0.27	56_I	[ 23.73277941 -19.06648529  -7.45516176]
0.1	 1.0	0.03	-0.21	57_A	[ 23.48667857 -20.27075     -0.29510714]
0.17	 1.64	0.22	-0.49	57_A	[ 24.9813 -20.7465   1.916 ]
-0.13	 -0.35	-0.05	0.12	57_A	[ 21.76952239 -22.27028358   0.31449254]
0.04	 -0.0	-0.12	-0.06	58_L	[ 28.3985   -25.263375   0.036   ]
0.1	 0.64	-0.07	-0.14	58_L	[ 28.33316667 -24.79856667   2.44016667]
-0.01	 -0.02	-0.01	-0.0	58_L	[ 26.97953125 -26.70171875  -0.7445625 ]
0.09	 0.81	-0.12	-0.14	58_L	[ 23.47141176 -26.23782353   0.34941176]
-0.14	 -0.56	-0.08	0.2	58_L	[ 24.78995588 -28.84523529  -1.12994118]
-0.01	 -0.14	-0.07	-0.07	58_L	[ 25.10751471 -27.25791176   2.31379412]
0.17	 1.28	-0.04	-0.2	59_G	[ 28.11211111 -24.61611111  -1.45188889]
-0.13	 -0.73	0.04	0.19	59_G	[ 29.54586 -22.69294  -1.34834]
-0.06	 -0.25	-0.14	0.09	59_G	[ 29.93435714 -20.45385714  -0.5165    ]
-0.0	 0.19	-0.2	-0.02	59_G	[ 31.31652 -21.89268   0.77992]
0.12	 0.44	0.25	-0.5	60_M	[ 28.32445455 -20.19772727  -1.00027273]
0.03	 0.32	-0.14	-0.09	60_M	[ 29.45105263 -18.64284211   1.01736842]
0.16	 1.04	0.05	-0.3	60_M	[ 27.2103 -19.054    3.9633]
0.18	 1.21	0.05	-0.29	60_M	[ 29.27757143 -18.31714286   3.43828571]
-0.11	 -0.2	-0.14	0.07	60_M	[ 26.40475676 -18.30448649   2.09251351]
-0.1	 -1.17	-0.02	0.13	60_M	[ 28.047      -17.94095833  -0.652875  ]
-0.17	 -0.84	0.05	0.27	60_M	[ 24.88178 -16.75508   0.27732]
-0.23	 -1.09	0.08	0.32	60_M	[ 26.40523881 -15.62597015  -2.01235821]
0.14	 1.38	0.0	-0.29	61_I	[ 26.365125 -19.92525    3.784625]
0.13	 1.42	0.18	-0.43	61_I	[ 26.62542857 -20.12357143   5.00378571]
0.18	 1.38	0.3	-0.54	61_I	[ 26.94022222 -24.5927037    4.28759259]
0.04	 0.5	-0.0	-0.2	61_I	[ 24.40235897 -20.91164103   4.113     ]
0.16	 1.36	0.23	-0.5	61_I	[ 27.122      -25.20045455   5.23836364]
0.07	 0.7	-0.11	-0.16	61_I	[ 22.86880851 -23.60582979   3.49857447]
-0.06	 -0.15	-0.06	0.01	62_G	[ 30.94130769 -24.52471795   3.62194872]
-0.01	 0.13	-0.14	-0.01	62_G	[ 32.83014286 -22.34047619   3.05952381]
-0.0	 0.04	-0.01	-0.06	62_G	[ 33.47938462 -23.27357692   5.32234615]
0.15	 1.0	0.32	-0.55	63_K	[ 32.1495     -21.74983333   2.25616667]
0.13	 1.42	0.27	-0.52	63_K	[ 33.9895     -21.29021429   3.7785    ]
0.14	 1.59	0.12	-0.42	63_K	[ 32.32866667 -17.721        5.38922222]
0.23	 1.51	0.34	-0.58	63_K	[ 34.5317619  -18.94647619   5.3527619 ]
-0.04	 -0.02	-0.13	0.04	63_K	[ 32.43490909 -17.88957576   3.46024242]
-0.06	 -0.18	-0.06	0.06	63_K	[ 32.44543243 -19.54756757   1.02964865]
-0.1	 -0.39	-0.07	0.14	63_K	[ 35.04160976 -19.33773171   2.5755122 ]
-0.19	 -1.16	-0.0	0.3	63_K	[ 34.6257963  -20.50742593   0.1417963 ]
-0.22	 -1.06	0.14	0.4	63_K	[ 36.99281538 -19.73281538   0.15147692]
0.13	 1.02	0.04	-0.31	64_V	[ 31.30291667 -17.92741667   5.61308333]
0.03	 0.37	-0.25	-0.06	64_V	[ 31.17453333 -17.44126667   7.1166    ]
0.04	 0.16	-0.03	-0.09	64_V	[ 29.85515  -17.523475   9.569925]
-0.12	 -0.44	-0.03	0.16	64_V	[ 28.11347368 -17.47670175   6.37852632]
0.14	 1.13	0.07	-0.31	65_A	[ 33.71372727 -23.90181818   7.76927273]
0.19	 1.14	0.19	-0.44	65_A	[ 35.2590625 -23.8184375   9.7219375]
0.14	 0.35	0.03	-0.23	65_A	[ 32.05822222 -24.92027778   7.08894444]
0.12	 1.29	-0.02	-0.27	66_E	[ 34.0244 -23.2998   6.8568]
0.03	 0.54	-0.12	-0.11	66_E	[ 35.07726316 -23.51778947   7.84268421]
0.18	 2.1	0.1	-0.35	66_E	[ 37.25683333 -19.71525      8.419     ]
0.15	 2.88	0.15	-0.4	66_E	[ 37.83936364 -20.391        9.31318182]
0.04	 0.47	-0.1	-0.14	66_E	[ 35.60548718 -21.09171795   5.25810256]
-0.23	 -0.94	-0.08	0.29	66_E	[ 38.14362162 -20.87778378   6.1077027 ]
-0.11	 -0.37	-0.05	0.08	66_E	[ 38.32181481 -23.35822222   6.90885185]
-0.28	 -1.04	0.17	0.44	66_E	[ 38.19097619 -24.20269048   5.6805    ]
-0.07	 -0.28	-0.02	0.0	66_E	[ 38.30304762 -23.36830952   8.81430952]
-0.02	 -0.07	-0.14	0.02	67_H	[ 37.08066667 -18.22146667   9.7598    ]
0.16	 2.28	-0.03	-0.26	67_H	[ 34.27214286 -17.873       12.00785714]
-0.12	 -0.22	0.04	0.12	67_H	[ 36.37065116 -18.53795349  12.50553488]
-0.07	 -0.41	0.01	0.06	67_H	[ 33.80621212 -16.84548485  10.09012121]
-0.08	 -0.24	-0.04	0.16	67_H	[ 35.390125 -15.381      9.07775 ]
-0.17	 -0.03	-0.02	0.18	67_H	[ 32.98185 -15.8595    7.91655]
-0.18	 -0.81	-0.05	0.22	67_H	[ 37.07393333 -17.02731111   7.57888889]
-0.18	 -0.4	-0.03	0.22	67_H	[ 34.00509836 -15.61806557   5.78919672]
-0.17	 -0.12	0.17	0.18	67_H	[ 36.23966667 -16.31202778   5.83488889]
-0.09	 -0.3	-0.12	0.04	68_E	[ 34.1911875 -19.444625   13.84375  ]
0.08	 0.41	0.02	-0.2	68_E	[ 35.697  -20.9223  14.0948]
-0.15	 -0.29	0.04	0.15	68_E	[ 33.79840741 -22.33522222  14.85314815]
0.0	 0.63	-0.01	-0.05	68_E	[ 32.21741667 -21.33241667  14.20083333]
0.03	 0.22	-0.07	-0.08	68_E	[ 32.28103448 -18.31317241  12.25962069]
-0.1	 -0.67	-0.1	0.11	68_E	[ 31.03992308 -19.54207692  14.84876923]
-0.06	 0.08	0.11	0.03	68_E	[ 29.5093     -21.047       14.10413333]
-0.19	 -0.76	0.02	0.26	68_E	[ 29.9747  -17.66152  13.81858]
0.07	 0.31	-0.02	-0.18	69_K	[ 36.57921429 -24.33242857  11.14557143]
-0.11	 -0.33	-0.03	0.13	69_K	[ 36.27545455 -25.94690909  12.28145455]
-0.17	 -0.8	0.07	0.22	69_K	[ 35.40146667 -25.83666667  14.38156667]
-0.14	 -0.68	-0.03	0.13	69_K	[ 37.35702778 -23.77325     14.46530556]
-0.13	 -0.73	-0.02	0.13	69_K	[ 38.58887879 -21.32245455  14.03154545]
-0.11	 -0.5	0.0	0.18	69_K	[ 39.77764865 -23.6067027   12.16537838]
-0.1	 -0.08	-0.1	0.05	69_K	[ 39.651225 -21.058575  10.3725  ]
-0.35	 -1.36	0.22	0.51	69_K	[ 41.16693333 -20.17666667  12.17706667]
0.1	 0.25	-0.1	-0.1	70_C	[ 35.2112 -25.7708  10.8781]
-0.04	 -0.2	-0.11	0.06	70_C	[ 34.19592857 -27.47521429  12.58428571]
-0.02	 0.02	-0.09	0.05	70_C	[ 34.28758333 -27.82133333  10.51516667]
-0.04	 -0.52	-0.08	0.07	70_C	[ 33.80389655 -26.07555172   8.90234483]
-0.02	 -0.14	-0.09	0.01	70_C	[ 32.37013043 -26.11995652  14.35343478]
0.06	 0.21	0.0	-0.2	70_C	[ 30.49906452 -24.26135484  13.40783871]
0.12	 0.65	-0.04	-0.22	71_T	[ 33.39166667 -28.82888889  11.915     ]
0.05	 0.3	-0.06	-0.01	71_T	[ 33.03926667 -28.92         8.73693333]
0.18	 0.41	0.04	-0.25	71_T	[ 30.85390909 -31.082       11.20481818]
-0.24	 -0.76	0.07	0.33	71_T	[ 33.36302564 -31.01807692  10.79589744]
-0.2	 -0.92	0.04	0.27	71_T	[ 31.43939583 -31.45879167   8.13964583]
0.1	 0.33	0.03	-0.21	72_S	[ 31.394   -27.76205   7.241  ]
-0.07	 0.22	-0.07	-0.03	72_S	[ 29.2867907  -26.64681395   5.14586047]
-0.1	 -0.29	0.02	0.1	72_S	[ 28.96991667 -29.44611111   5.47986111]
0.11	 1.1	-0.04	-0.21	73_V	[ 26.002    -30.35675   11.310875]
-0.0	 -0.1	-0.18	0.13	73_V	[ 24.13188571 -28.89562857  10.89131429]
-0.11	 -0.31	0.0	0.11	73_V	[ 25.37538462 -31.58107692   9.74376923]
-0.15	 -0.71	0.03	0.2	73_V	[ 26.58303636 -32.07941818   7.16243636]
-0.12	 -0.49	0.03	0.11	73_V	[ 28.13107547 -32.16854717  10.54345283]
-0.05	 -0.24	0.01	0.02	74_E	[ 26.062   -28.94     12.89025]
0.15	 1.3	0.14	-0.41	74_E	[ 26.18809091 -26.16372727  12.68245455]
-0.18	 -0.18	-0.11	0.21	74_E	[ 24.8855625  -25.80866667  13.49170833]
-0.1	 -0.41	-0.08	0.08	74_E	[ 27.8823  -26.91055  14.31015]
-0.13	 -0.59	-0.01	0.18	74_E	[ 28.22635714 -30.02192857  13.81157143]
-0.18	 -1.04	-0.03	0.25	74_E	[ 30.26906667 -29.93173333  15.2078    ]
-0.17	 -0.85	0.06	0.24	74_E	[ 30.40968293 -27.6982439   15.51004878]
-0.11	 -0.3	0.04	0.12	74_E	[ 31.69302778 -30.07627778  13.53347222]
0.18	 1.3	0.05	-0.3	75_L	[ 25.3700625 -23.039875   12.0858125]
0.15	 0.77	0.0	-0.22	75_L	[ 27.623375   -22.81359375  12.25753125]
0.04	 0.3	-0.09	-0.1	76_F	[ 21.85266667 -28.54366667   9.63114815]
0.15	 0.81	0.05	-0.23	76_F	[ 23.03320833 -30.49145833   7.61258333]
0.2	 1.32	0.35	-0.58	76_F	[ 26.21810526 -26.35926316   4.63142105]
-0.01	 0.49	-0.1	-0.08	76_F	[ 23.22111765 -29.85555882   4.92429412]
0.05	 0.26	-0.07	-0.12	76_F	[ 24.78848837 -28.70969767   4.26769767]
0.13	 1.23	-0.02	-0.27	77_D	[ 22.47337931 -26.94789655  11.6847931 ]
0.13	 1.07	0.03	-0.28	77_D	[ 18.59165 -25.38975  10.87335]
0.04	 0.02	-0.09	-0.05	77_D	[ 19.72042857 -23.224       13.42828571]
-0.14	 -0.7	-0.0	0.19	77_D	[ 18.13866667 -23.03940741  11.87211111]
-2.25	 -0.36	-0.28	0.19	77_D	[ 20.5337551  -25.42746939  13.82883673]
-0.1	 -0.41	-0.25	0.17	77_D	[ 20.17297059 -27.68076471  13.14720588]
-0.22	 -0.63	-0.04	0.25	77_D	[ 18.68482609 -27.83665217  11.86284783]
-0.29	 -0.96	0.23	0.49	77_D	[ 20.70504878 -28.31146341  14.51690244]
0.14	 0.6	0.03	-0.22	78_R	[ 22.16838889 -23.64538889  13.06877778]
-0.12	 -0.61	-0.01	0.16	78_R	[ 20.49961111 -21.05988889  13.20472222]
-0.14	 -0.2	0.1	0.13	78_R	[ 19.91206977 -19.51881395  10.755     ]
-0.06	 -0.3	-0.07	0.09	78_R	[ 23.2567037  -21.80596296  13.4247037 ]
-0.09	 -0.8	0.03	0.08	78_R	[ 22.31491304 -18.72030435  12.27486957]
-0.11	 -0.27	0.09	0.1	78_R	[ 24.51753846 -19.88353846  13.53146154]
-0.09	 -1.12	-0.0	0.1	78_R	[ 24.27964706 -17.25294118  11.97929412]
-0.1	 -0.3	0.1	-0.04	78_R	[ 26.58206667 -17.26166667  13.397     ]
-0.07	 -0.02	-0.08	-0.02	78_R	[ 27.00382353 -19.47647059  13.60582353]
-0.15	 -0.67	0.03	0.22	78_R	[ 26.78137255 -16.49535294  11.093     ]
0.13	 0.83	-0.16	-0.06	79_F	[ 19.924625 -19.80125    8.3145  ]
-0.02	 -0.55	-0.09	0.06	79_F	[ 18.38175  -20.71075    8.518375]
-0.13	 -0.34	0.04	0.15	79_F	[ 18.918425 -21.272425   6.202525]
0.06	 0.47	0.01	-0.22	79_F	[ 21.36858333 -21.48970833   5.868625  ]
0.11	 1.29	0.46	-0.67	79_F	[ 22.703  -20.5976   5.8932]
-0.16	 -0.68	-0.03	0.23	79_F	[ 21.95890625 -18.91928125   6.96721875]
-0.13	 -0.59	0.01	0.2	79_F	[ 23.73591489 -17.77208511   7.79148936]
0.17	 1.3	0.08	-0.33	79_F	[ 25.70633333 -18.72444444   7.25011111]
0.18	 1.1	0.02	-0.28	80_G	[ 18.01     -21.8455     9.897375]
-0.16	 -0.71	-0.04	0.19	80_G	[ 16.44378723 -23.07151064   8.81225532]
0.08	 0.94	-0.02	-0.12	80_G	[ 16.92785 -24.5856    7.6515 ]
-0.18	 -0.72	0.04	0.25	80_G	[ 15.53594872 -25.16107692   6.45264103]
0.17	 1.46	0.25	-0.51	81_V	[ 16.57425  -26.9795     6.723125]
0.1	 0.55	-0.02	-0.22	81_V	[ 17.122125  -27.6415625   7.518875 ]
0.19	 0.93	0.13	-0.36	81_V	[ 19.07383871 -27.61880645   9.36816129]
0.06	 0.67	-0.04	-0.1	81_V	[ 19.54781818 -27.10254545   3.98318182]
-0.14	 -0.42	-0.04	0.19	81_V	[ 18.68590769 -24.52790769   3.85952308]
0.06	 0.48	-0.01	-0.21	81_V	[ 21.64404 -26.47024   4.70388]
0.15	 0.91	-0.02	-0.25	82_N	[ 20.6364 -30.3675   7.9099]
0.1	 0.36	0.05	-0.22	82_N	[ 20.02052778 -29.43858333   3.89616667]
-0.19	 -0.51	-0.05	0.17	82_N	[ 18.737225 -30.7085     8.573175]
-0.23	 -0.88	-0.04	0.22	82_N	[ 16.8708 -32.5287   7.6641]
0.07	 0.61	-0.06	-0.18	82_N	[ 17.12990323 -32.89819355   6.08696774]
-0.19	 -0.79	0.06	0.26	82_N	[ 15.39742222 -30.6312       7.57631111]
-0.02	 0.01	0.03	-0.01	83_G	[ 20.47621053 -32.48294737   6.76278947]
-0.17	 -0.47	-0.09	0.16	83_G	[ 22.19858974 -32.35405128   4.92415385]
0.02	 0.45	-0.0	-0.17	83_G	[ 20.48116667 -33.63341667   3.71033333]
-0.22	 -0.8	-0.02	0.29	83_G	[ 21.06006977 -33.95874419   2.394     ]
0.11	 0.16	0.04	-0.22	84_S	[ 19.378375 -34.02725    5.640125]
-0.12	 -0.32	-0.04	0.11	84_S	[ 18.5535     -35.42033333   2.42208333]
0.11	 1.01	0.03	-0.21	84_S	[ 17.5864375 -33.5385625   1.9275625]
-0.23	 -0.87	0.09	0.34	84_S	[ 16.19235135 -33.89262162   1.10408108]
-0.17	 -0.78	-0.01	0.2	84_S	[ 16.24646939 -35.13769388   3.99632653]
-0.28	 -0.9	0.14	0.41	84_S	[ 18.10732558 -36.22702326   5.41337209]
-0.05	 0.06	-0.06	0.1	85_E	[ 15.7463 -31.2254   0.7595]
0.07	 0.31	-0.09	-0.1	85_E	[ 18.11561538 -30.99796154   0.0815    ]
-0.1	 -0.33	-0.12	0.07	85_E	[ 16.97123077 -29.56480769  -1.05680769]
-0.06	 0.11	-0.15	0.03	85_E	[ 17.29097222 -28.77772222   1.942     ]
-0.05	 -0.71	-0.04	0.07	85_E	[ 14.9102973  -30.88578378   3.33494595]
-0.06	 -0.22	0.02	-0.03	85_E	[ 15.059875  -27.7574375   3.8501875]
-0.01	 0.13	-0.1	-0.04	85_E	[ 16.26941667 -26.7915       4.03916667]
-0.17	 -0.29	0.01	0.18	85_E	[ 14.53509804 -28.54833333   5.59552941]
-0.03	 -0.19	-0.26	0.01	85_E	[ 19.56575676 -31.85302703   0.34086486]
