-0.2	 -0.61	-0.01	0.3	6_N	[ 45.52008475 -10.00279661  84.37994915]
-0.12	 -0.27	-0.07	0.13	6_N	[ 45.78623529 -10.42523529  81.62011765]
0.08	 0.16	-0.11	-0.08	6_N	[43.80484211 -9.63594737 81.68705263]
-0.16	 -0.59	-0.07	0.18	6_N	[ 43.38521875 -10.20065625  80.21265625]
-0.17	 -0.89	0.0	0.22	6_N	[ 43.90092308 -12.70479487  82.58946154]
-0.09	 -0.45	-0.11	0.14	6_N	[ 46.06826087 -13.45908696  82.61495652]
-0.23	 -0.86	0.11	0.33	6_N	[ 47.32626667 -12.66444444  81.8546    ]
-0.28	 -1.32	0.21	0.47	6_N	[ 45.83338462 -14.93819231  83.56765385]
0.1	 1.02	-0.17	-0.13	7_I	[43.0512963  -9.92977778 83.90962963]
-0.01	 0.62	-0.16	-0.03	7_I	[40.88670588 -9.78923529 82.33047059]
-0.1	 -0.26	-0.01	0.1	7_I	[43.46409756 -6.38629268 81.6187561 ]
-0.12	 -0.33	-0.04	0.15	7_I	[42.6679375 -7.374     84.7504375]
-0.21	 -1.03	0.04	0.3	7_I	[41.33794444 -8.97294444 86.08113889]
-0.1	 -0.56	-0.05	0.05	7_I	[40.07806667 -6.09788889 83.88784444]
-0.23	 -1.25	0.14	0.36	7_I	[39.00027536 -9.55726087 84.86937681]
0.03	 0.05	-0.01	-0.09	8_R	[40.35745833 -8.46933333 80.665875  ]
0.15	 1.06	0.11	-0.35	8_R	[42.753625 -5.42775  79.8135  ]
-0.09	 -0.33	0.06	0.1	8_R	[38.32525714 -6.48965714 79.54797143]
0.04	 0.75	0.01	-0.09	8_R	[40.79561111 -8.35311111 78.2145    ]
-0.17	 -0.59	-0.12	0.19	8_R	[43.4175     -8.99535714 78.04953571]
-0.1	 -0.38	-0.04	0.07	8_R	[44.83710345 -6.89015517 78.21625862]
0.04	 0.67	0.01	-0.1	8_R	[43.43907143 -4.36       78.40164286]
-0.21	 -0.88	-0.02	0.21	8_R	[44.9573 -3.8777 77.3789]
-0.23	 -0.97	0.13	0.36	8_R	[45.4940566  -5.22079245 75.39911321]
-0.1	 -0.18	-0.1	0.16	8_R	[43.18822727 -2.81118182 75.65888636]
0.12	 0.27	0.04	-0.21	9_I	[41.44431579 -4.31852632 80.34089474]
0.11	 0.91	-0.06	-0.1	9_I	[37.62338889 -4.12555556 79.42394444]
0.14	 1.65	0.18	-0.44	9_I	[39.01357143 -0.82757143 78.87742857]
-0.04	 0.24	-0.0	-0.03	9_I	[41.05280488 -1.67026829 78.33858537]
-0.06	 0.01	-0.08	0.09	9_I	[40.39193333 -2.13933333 81.15593333]
0.02	 0.46	-0.04	-0.05	9_I	[38.5061875 -4.4290625 82.1611875]
-0.22	 -1.06	0.03	0.33	9_I	[37.36584483 -1.15648276 80.73243103]
-0.24	 -1.23	0.07	0.33	9_I	[38.71901515 -2.71301515 84.04122727]
0.04	 0.51	-0.03	-0.16	10_Y	[37.18561111 -2.93266667 77.486     ]
0.05	 0.56	-0.02	-0.19	10_Y	[3.83244000e+01 2.96666667e-02 7.77780667e+01]
-0.17	 -0.57	-0.01	0.18	10_Y	[35.8942963 -0.9397037 76.4417037]
0.15	 1.89	0.12	-0.38	10_Y	[36.8625  -2.89025 75.58575]
0.03	 0.43	-0.13	-0.1	10_Y	[40.07712121 -3.60315152 73.19666667]
-0.04	 0.19	-0.0	-0.04	10_Y	[37.16182759 -4.94386207 75.81303448]
-0.11	 -0.4	0.07	0.13	10_Y	[41.45819231 -5.39538462 73.516     ]
-0.17	 -0.66	-0.12	0.23	10_Y	[38.33423684 -6.94810526 75.28752632]
-0.05	 0.06	0.04	0.0	10_Y	[39.69684615 -6.50492308 73.58607692]
-0.18	 -0.58	0.06	0.2	10_Y	[41.34068293 -8.07841463 74.98839024]
0.08	 0.71	-0.13	-0.02	11_P	[38.6635  1.009  77.368 ]
-0.05	 0.18	-0.02	0.04	11_P	[37.00743478  2.03917391 76.74208696]
-0.13	 -0.44	0.01	0.08	11_P	[38.50111111  3.94541667 75.18680556]
-0.24	 -1.35	0.12	0.37	11_P	[40.6397381   2.95011905 76.12666667]
-0.06	 -0.06	-0.07	-0.02	11_P	[40.94057576  0.383      76.02909091]
-0.01	 0.1	-0.04	0.0	12_L	[35.30111765  2.473      75.00494118]
0.18	 1.24	0.06	-0.32	12_L	[ 3.43611429e+01 -4.96428571e-02  7.42850000e+01]
0.12	 1.58	0.23	-0.48	12_L	[34.25707143  3.32171429 70.87964286]
-0.15	 -0.78	-0.1	0.13	12_L	[33.05827907  2.53772093 74.20390698]
0.13	 1.33	0.13	-0.37	12_L	[32.39713636  2.49154545 71.15436364]
-0.1	 -0.59	-0.02	0.18	12_L	[31.5160303  -0.41851515 72.21566667]
-0.28	 -1.39	0.08	0.45	12_L	[30.36909375  2.63860938 72.64645313]
0.02	 0.01	-0.01	-0.13	13_S	[35.40028571  4.14138095 72.65071429]
0.12	 1.05	-0.09	-0.16	13_S	[34.844       4.47466667 70.77      ]
0.13	 0.76	0.04	-0.26	13_S	[39.02807692  3.32538462 70.38846154]
0.14	 0.76	-0.0	-0.24	13_S	[39.01316667  3.53041667 68.89516667]
-0.18	 -0.54	-0.02	0.19	13_S	[37.04602273  5.89838636 70.63229545]
-0.16	 -0.65	0.02	0.21	13_S	[38.53807692  5.04784615 72.63851282]
-0.04	 -0.56	-0.14	0.02	14_N	[39.79842857  1.45535714 69.05778571]
0.13	 1.2	0.1	-0.31	14_N	[37.9605 -1.7583 68.9782]
-0.13	 -0.26	0.01	0.06	14_N	[38.83288 -0.35604 67.179  ]
-0.05	 -0.1	-0.03	0.02	14_N	[39.52654545 -1.55630303 70.46109091]
-0.11	 -0.35	-0.02	0.12	14_N	[41.41130769  0.10415385 70.97369231]
-0.09	 -0.29	0.03	0.09	14_N	[40.95776316  1.91447368 72.09639474]
-0.11	 -0.17	-0.03	0.07	14_N	[41.4879375 -1.469125  73.01625  ]
-0.04	 -0.09	-0.1	0.05	15_F	[36.53446667 -2.03506667 67.49853333]
0.05	 0.6	-0.06	-0.17	15_F	[36.305      -0.19885714 65.83607143]
-0.24	 -0.69	0.11	0.31	15_F	[34.05844118 -0.79444118 65.89064706]
-0.06	 -0.22	-0.03	0.04	15_F	[33.50766667 -1.73257576 68.68318182]
0.01	 1.05	-0.0	-0.11	15_F	[33.48727273 -2.68681818 70.78681818]
-0.13	 -0.49	-0.0	0.13	15_F	[35.73314583 -3.92364583 69.449375  ]
0.11	 0.66	-0.16	-0.05	15_F	[33.4766 -2.431  71.8626]
-0.19	 -0.8	-0.08	0.28	15_F	[36.72373077 -5.14730769 71.46809615]
-0.02	 0.12	-0.0	-0.09	15_F	[34.647      -2.73194595 73.50240541]
-0.02	 0.2	0.1	-0.14	15_F	[36.270825 -4.2699   72.895875]
-0.12	 0.24	-0.06	0.12	16_I	[33.93036364  1.73218182 65.02263636]
-0.06	 -0.09	-0.1	-0.01	16_I	[36.00944444  1.55361111 64.44816667]
-0.19	 -0.87	0.04	0.22	16_I	[35.62597674  4.0744186  64.23181395]
-0.07	 0.2	-0.09	0.05	16_I	[33.09106667  3.79973333 65.99413333]
-0.07	 -0.37	0.02	0.04	16_I	[32.29429851  2.37664179 68.39665672]
-0.19	 -0.75	0.07	0.26	16_I	[34.2823125   5.94376562 67.94601563]
0.18	 0.9	0.25	-0.48	17_T	[36.94728571  0.88028571 65.17414286]
-0.02	 0.01	-0.09	0.02	17_T	[38.15561538  4.276      64.00692308]
0.05	 0.81	-0.03	-0.27	17_T	[38.82105263  1.77221053 63.93415789]
-0.11	 0.16	-0.1	0.12	17_T	[39.19177778  0.42752778 65.06572222]
0.1	 0.68	-0.08	-0.14	17_T	[39.86046667  2.87046667 67.20026667]
-0.07	 -0.36	-0.05	0.08	17_T	[38.23969444  5.54775    66.93363889]
-0.24	 -0.91	0.03	0.31	17_T	[41.08054545  4.39778788 65.37354545]
-0.05	 -0.36	-0.14	0.04	18_S	[38.76141176  3.09382353 62.43023529]
-0.02	 0.01	-0.1	-0.01	18_S	[41.01084211  0.79473684 63.62957895]
0.15	 1.42	0.12	-0.4	18_S	[42.24117647  2.87352941 63.11111765]
-0.12	 -0.38	0.02	0.14	18_S	[41.04005128  3.65351282 60.78035897]
-0.1	 -0.3	-0.11	0.07	18_S	[38.4966875   0.4311875  61.25240625]
-0.02	 -0.29	-0.02	0.0	18_S	[40.92718182 -1.41286364 61.01495455]
0.09	 0.41	0.01	-0.19	19_T	[42.58663158  0.45226316 61.91773684]
-0.04	 0.06	-0.11	0.05	19_T	[43.65953846  3.59076923 60.26453846]
0.11	 0.65	0.15	-0.34	19_T	[43.50855556  1.66655556 58.86944444]
-0.1	 -0.06	-0.16	0.06	19_T	[44.52923913  1.88908696 57.5231087 ]
-0.17	 -0.73	-0.07	0.2	19_T	[46.06372727  2.21768182 60.24968182]
-0.18	 -0.49	0.16	0.36	19_T	[45.32482609 -0.26878261 60.96345652]
-0.23	 -0.98	0.06	0.34	19_T	[45.31134667  2.68401333 62.98462667]
0.09	 0.97	0.04	-0.3	20_K	[41.33245833  2.45       56.793625  ]
-0.01	 -0.22	-0.06	-0.06	20_K	[39.08384  1.90996 57.8652 ]
0.14	 1.1	0.0	-0.27	20_K	[44.02258974 -1.57525641 58.88364103]
0.01	 0.07	-0.13	-0.09	20_K	[41.49683333 -4.09011111 58.69475   ]
-0.14	 -0.53	-0.05	0.17	20_K	[44.20429167 -4.39816667 59.59695833]
0.01	 0.14	0.02	-0.12	20_K	[44.334      -6.00158333 56.86838889]
0.13	 0.87	-0.1	-0.14	21_N	[38.40183333  2.2835     55.79883333]
0.12	 0.86	0.1	-0.38	21_N	[38.76782143  2.82607143 52.64546429]
0.14	 0.98	-0.09	-0.12	21_N	[41.243875  3.903375 55.423375]
0.05	 0.45	0.02	-0.19	21_N	[42.69323529  3.82126471 54.17505882]
-0.11	 -0.32	-0.13	0.14	21_N	[39.13997619  4.51390476 54.65552381]
0.02	 0.32	-0.04	-0.1	22_Y	[36.77705263  1.60831579 54.70131579]
-0.0	 0.32	-0.03	-0.11	22_Y	[35.38364706  1.65991176 52.63167647]
-0.07	 -0.69	-0.16	-0.0	22_Y	[34.20480645 -0.2933871  55.71980645]
-0.04	 -0.07	-0.02	0.04	22_Y	[36.24888571  0.32582857 58.06717143]
0.09	 0.91	0.05	-0.15	22_Y	[38.1078125 -4.85925   57.988125 ]
-0.05	 0.03	-0.11	0.0	22_Y	[37.05694444 -1.15566667 60.23988889]
0.14	 0.67	-0.03	-0.17	22_Y	[36.59825  -3.093375 59.88775 ]
-0.1	 -0.23	-0.1	0.16	22_Y	[38.71887234 -3.74365957 60.08187234]
0.18	 1.29	0.08	-0.36	23_I	[34.87773333  0.0598     49.92113333]
0.18	 0.9	0.12	-0.35	23_I	[32.11124242 -0.72363636 53.64333333]
0.1	 0.77	0.04	-0.26	23_I	[34.1455     -0.78804545 48.49568182]
0.08	 -0.09	-0.01	-0.15	24_N	[33.15213636  1.158      50.45545455]
0.16	 1.4	0.18	-0.45	24_N	[28.9408   1.06125 50.81925]
0.0	 0.29	-0.5	0.21	24_N	[30.63865217  1.1333913  47.91004348]
-0.22	 -0.85	-0.06	0.23	24_N	[30.57789189  2.76845946 50.63027027]
-0.04	 0.08	-0.01	-0.0	24_N	[30.871    2.5636  53.30945]
-0.21	 -0.55	-0.09	0.4	24_N	[29.63492157  2.29168627 53.84229412]
-0.21	 -0.64	0.07	0.23	24_N	[32.88474  2.94462 53.5892 ]
0.17	 1.46	-0.15	-0.15	25_L	[28.131       1.42871429 48.427     ]
-0.02	 -0.31	-0.09	0.05	25_L	[26.46579412  0.88905882 50.00070588]
0.2	 1.09	0.08	-0.34	25_L	[26.48968 -4.77344 51.46452]
0.1	 1.1	-0.03	-0.28	26_P	[28.456875  1.107    47.018875]
-0.13	 -0.24	-0.04	0.14	26_P	[26.53426316  1.91689474 47.14363158]
0.03	 0.09	-0.12	-0.08	26_P	[26.86928571  2.00077143 44.9224    ]
0.18	 1.66	0.19	-0.44	26_P	[29.34164706  0.66117647 46.04647059]
0.12	 0.68	-0.03	-0.21	27_N	[24.19152174  1.5286087  46.76921739]
0.15	 0.65	-0.14	-0.14	27_N	[21.09242857 -1.23414286 45.11971429]
0.01	 0.06	-0.09	-0.01	27_N	[21.05259459 -2.6492973  46.9972973 ]
-0.12	 -0.12	-0.08	0.03	27_N	[21.58713158  1.12055263 45.02631579]
-0.03	 0.21	-0.04	-0.01	27_N	[21.13854545  1.87481818 47.71968182]
-0.2	 -0.78	0.09	0.34	27_N	[19.72091304  1.5303913  47.94876087]
-0.25	 -0.88	0.18	0.38	27_N	[22.3034   3.28434 47.43424]
-0.04	 -0.03	-0.03	0.02	28_E	[21.70381481 -2.49333333 43.4937037 ]
0.15	 1.02	0.05	-0.25	28_E	[22.00525  -4.441375 45.583125]
-0.03	 0.02	0.04	-0.05	28_E	[22.68638235 -5.76205882 44.20755882]
0.15	 1.79	0.01	-0.28	28_E	[22.69833333 -3.69316667 42.06666667]
-0.05	 0.15	0.07	0.07	28_E	[23.05178723 -2.07238298 40.61197872]
0.06	 0.04	0.04	-0.18	28_E	[22.32870588  0.68564706 42.71641176]
-0.1	 -0.14	-0.03	0.1	28_E	[22.73923333  1.1457     40.504     ]
0.22	 1.39	0.32	-0.56	29_L	[25.1644 -6.2763 50.2443]
0.1	 0.64	-0.02	-0.23	30_R	[23.8445 -4.6991 51.2899]
0.08	 0.61	0.03	-0.21	30_R	[21.739    -5.99105  47.692025]
-0.0	 0.1	-0.2	0.13	30_R	[21.46216216 -3.23813514 51.16610811]
-0.07	 0.16	-0.23	0.01	30_R	[21.44052174 -0.69673913 49.50295652]
0.09	 0.88	-0.1	-0.16	30_R	[23.67452941  0.37417647 49.79911765]
0.17	 1.1	0.08	-0.35	30_R	[24.875      -3.23426667 51.99      ]
0.04	 0.08	-0.06	-0.15	30_R	[24.89148148 -0.78322222 52.7682963 ]
-0.22	 -0.86	0.11	0.33	30_R	[22.82833333  0.35664583 52.52602083]
-0.11	 -0.28	-0.28	0.18	30_R	[23.87377193 -1.95654386 54.42842105]
0.0	 0.1	-0.07	-0.12	31_N	[22.24245833 -5.46541667 52.15729167]
-0.06	 0.14	-0.09	0.02	31_N	[20.65980952 -7.62285714 52.56285714]
-0.01	 0.41	-0.01	-0.07	31_N	[21.80926667 -9.10666667 52.35966667]
-0.2	 -0.75	-0.04	0.23	31_N	[20.56926471 -9.95132353 50.14364706]
-0.14	 -0.33	0.04	0.15	31_N	[19.39582143 -7.86392857 49.709     ]
-0.11	 0.24	-0.04	0.06	31_N	[18.1704     -5.79306667 51.09146667]
-0.25	 -0.86	0.14	0.39	31_N	[18.47621053 -5.55781579 52.53273684]
-0.2	 -0.84	0.11	0.36	31_N	[18.35041667 -4.648125   49.58197917]
0.21	 1.43	0.25	-0.5	32_L	[24.22573913 -7.42586957 51.33469565]
0.18	 0.84	0.03	-0.26	32_L	[ 23.18076923 -11.18223077  50.03307692]
-0.04	 -0.21	-0.11	0.09	32_L	[ 23.08753846 -10.82707692  52.254     ]
-0.09	 -0.2	0.06	0.1	32_L	[ 24.82751852 -12.48948148  51.69240741]
0.13	 1.36	0.43	-0.66	32_L	[22.8102 -7.9432 47.297 ]
0.17	 0.79	0.11	-0.38	32_L	[23.499  -7.8993 45.9464]
-0.07	 -0.35	-0.06	0.09	32_L	[ 22.40715  -10.3225    47.234825]
0.15	 2.14	0.02	-0.36	33_I	[23.37542857 -9.705      53.31628571]
0.0	 0.16	-0.12	-0.09	33_I	[ 24.9935     -11.27528571  53.91921429]
-0.02	 -0.2	-0.02	0.01	33_I	[23.49264286 -9.53642857 54.28271429]
-0.15	 -0.05	-0.17	0.04	33_I	[23.769      -7.3935641  53.94048718]
0.19	 0.95	0.06	-0.32	33_I	[26.24611111 -6.90503704 52.82266667]
0.16	 1.68	0.23	-0.48	33_I	[ 28.04455882 -11.28576471  53.30108824]
0.2	 1.44	0.35	-0.59	33_I	[29.88685714 -9.04342857 53.93614286]
-0.01	 0.19	0.11	-0.19	34_S	[ 24.41666667 -10.64844444  55.98733333]
-0.11	 -0.44	-0.03	0.15	34_S	[23.22895 -8.5214  56.9427 ]
0.07	 0.39	-0.07	-0.17	34_S	[25.07146667 -6.23746667 56.30546667]
0.17	 1.52	0.16	-0.44	34_S	[26.15555556 -6.23544444 55.76722222]
-0.16	 -0.91	0.05	0.25	34_S	[24.31993878 -9.86234694 59.13383673]
0.08	 0.75	-0.06	-0.13	34_S	[ 26.5459375 -10.2650625  59.8063125]
-0.08	 0.12	-0.09	0.05	35_E	[23.80588 -6.26696 58.32736]
0.08	 1.39	-0.2	-0.15	35_E	[25.74887879 -4.24336364 57.0810303 ]
0.05	 0.4	-0.04	-0.14	35_E	[27.05083333 -4.23875    60.58791667]
-0.01	 0.22	-0.03	-0.1	35_E	[27.54042105 -3.54426316 58.51257895]
-0.16	 -1.01	-0.06	0.19	35_E	[24.51548276 -4.29313793 60.16396552]
-0.11	 -0.28	-0.31	0.18	35_E	[24.21908 -2.78354 57.43116]
-0.14	 -0.68	-0.01	0.16	35_E	[22.57906667 -2.3597     59.36243333]
-0.28	 -1.18	0.12	0.41	35_E	[22.45110526 -2.73744737 60.95342105]
-0.28	 -0.93	-0.11	0.6	35_E	[21.75912195 -1.46512195 57.96263415]
-0.0	 0.24	-0.05	-0.08	36_E	[25.82865 -6.36485 60.8712 ]
0.04	 0.28	0.0	-0.11	36_E	[28.5350625 -5.3625625 61.645875 ]
-0.14	 -0.76	-0.03	0.19	36_E	[26.93088235 -7.80138235 62.28111765]
-0.13	 -0.73	0.06	0.2	36_E	[29.58892683 -7.84985366 63.51529268]
-0.09	 -0.25	0.0	0.03	36_E	[ 30.10695238 -10.32880952  62.47995238]
-0.19	 -0.67	-0.01	0.3	36_E	[ 28.59053846 -10.95089744  61.67915385]
-0.07	 -0.35	0.07	0.05	36_E	[ 31.18746154 -10.22303846  61.63184615]
0.16	 0.89	-0.03	-0.2	37_Q	[30.93911111 -9.61977778 57.86455556]
0.18	 0.17	0.06	-0.26	37_Q	[32.2082  -8.17768 56.41436]
-0.0	 0.16	-0.09	-0.09	37_Q	[ 29.90465217 -10.05408696  55.52817391]
-0.06	 -0.19	-0.14	0.0	37_Q	[ 29.47134211 -11.16468421  58.57434211]
-0.05	 -0.62	-0.05	0.04	37_Q	[ 26.94492308 -12.099       58.19076923]
-0.09	 -0.19	0.04	0.01	37_Q	[ 26.00038095 -11.94919048  55.8627619 ]
-0.17	 -0.34	-0.02	0.24	37_Q	[ 28.46129687 -13.18934375  56.01082812]
0.08	 1.1	-0.03	-0.21	38_E	[29.78822222 -2.66633333 56.30077778]
0.18	 0.46	0.04	-0.26	38_E	[31.941   -2.20556 55.73196]
0.11	 0.6	-0.15	-0.16	38_E	[27.41016667 -4.12038889 55.64675   ]
0.09	 0.98	-0.06	-0.18	38_E	[29.818   -2.06875 54.711  ]
-0.1	 -0.23	-0.2	0.15	38_E	[28.4502381  -1.08614286 54.12438095]
0.1	 0.68	0.03	-0.28	38_E	[28.63627778 -0.35166667 52.78875   ]
0.01	 0.47	-0.2	-0.08	38_E	[26.39778261 -2.88747826 54.10021739]
0.17	 1.07	-0.03	-0.19	39_S	[29.06011111 -3.11155556 57.50144444]
-0.13	 -0.38	0.06	0.17	39_S	[30.68790476 -1.95442857 58.383     ]
0.15	 1.18	-0.02	-0.27	39_S	[32.971375 -1.88975  57.488625]
-0.04	 0.12	-0.1	0.0	39_S	[33.86539286 -2.09617857 59.25185714]
-0.22	 -1.09	0.05	0.26	39_S	[30.00075    -2.74940625 60.75590625]
-0.06	 0.04	-0.01	0.01	39_S	[32.03794444 -4.71377778 61.56844444]
0.16	 1.4	0.21	-0.48	40_K	[34.2645    -7.3816875 55.525    ]
-0.02	 0.02	-0.12	0.01	40_K	[36.37124138 -7.1397931  56.07513793]
0.11	 0.75	-0.06	-0.18	40_K	[35.72564516 -5.3326129  59.65729032]
0.02	 0.17	-0.06	-0.16	40_K	[34.55371429 -7.86928571 58.13947619]
-0.23	 -1.15	-0.01	0.31	40_K	[35.40975    -6.92180556 61.17638889]
-0.13	 -0.75	0.04	0.18	40_K	[33.70652381 -8.34680952 62.24480952]
-0.16	 -0.89	0.01	0.19	40_K	[32.92908333 -9.84266667 59.71686111]
0.12	 0.79	0.04	-0.3	41_L	[32.04181081 -8.87564865 53.61778378]
0.16	 1.29	0.27	-0.52	42_G	[37.5244 -6.577  54.8366]
0.16	 0.82	0.08	-0.34	42_G	[38.92341176 -6.35147059 54.14105882]
0.06	 0.32	0.0	-0.2	43_F	[40.652725 -9.11125  52.78175 ]
0.02	 0.39	-0.03	-0.17	43_F	[43.47767857 -9.00821429 52.88842857]
0.2	 1.35	0.1	-0.36	49_S	[ 32.04066667 -11.72488889  30.98544444]
0.08	 0.51	-0.09	-0.1	49_S	[29.54211111 -9.47877778 29.96377778]
-0.12	 -0.46	0.03	0.19	49_S	[31.813025 -9.924875 29.17915 ]
-0.11	 -0.33	0.03	0.09	49_S	[ 29.34571739 -12.28686957  31.11286957]
-0.03	 -0.15	-0.13	0.05	49_S	[ 27.23421277 -10.60970213  31.79942553]
0.16	 1.74	0.11	-0.36	50_D	[29.25122222 -8.332      30.77666667]
-0.04	 -0.22	-0.09	0.07	50_D	[30.0558     -7.23066667 29.72953333]
0.06	 0.28	0.01	-0.13	50_D	[29.86526667 -4.7076     30.36066667]
-0.09	 0.08	0.01	0.07	50_D	[27.61796 -6.32792 31.12756]
-0.01	 0.14	-0.06	0.04	50_D	[28.99167742 -3.22235484 31.71758065]
0.06	 0.19	-0.03	-0.11	51_F	[31.88473333 -5.73556667 29.03786667]
0.13	 0.62	-0.04	-0.24	51_F	[33.78590909 -7.49109091 28.88936364]
-0.12	 -0.34	0.02	0.1	51_F	[33.82233333 -5.91466667 27.2835641 ]
-0.07	 -0.21	-0.07	0.07	51_F	[35.93028571 -5.43842857 26.07028571]
0.02	 0.16	-0.03	-0.04	51_F	[37.14265217 -6.74565217 27.40252174]
-0.06	 0.75	-0.07	0.05	51_F	[35.38713333 -3.88273333 25.4452    ]
-0.04	 -0.1	-0.01	-0.11	51_F	[38.96231818 -5.37677273 27.06961364]
-0.16	 -0.37	-0.02	0.15	51_F	[37.28884211 -1.99823684 25.89305263]
-0.13	 -0.43	-0.01	0.15	51_F	[39.20996429 -3.12692857 26.28060714]
-0.1	 -0.8	-0.03	0.1	52_K	[31.88207143 -0.65525    30.27192857]
-0.11	 -0.47	-0.05	0.13	52_K	[31.65088571 -2.03788571 28.46902857]
0.04	 0.62	-0.08	-0.12	52_K	[34.62036 -0.04908 27.67236]
-0.19	 -0.55	-0.05	0.18	52_K	[33.68369444 -1.82483333 25.46769444]
-0.32	 -1.24	0.21	0.47	52_K	[32.86546  0.31346 25.35502]
0.08	 0.43	-0.02	-0.16	53_P	[30.41407407 -0.79855556 32.84218519]
0.08	 0.47	0.01	-0.21	53_P	[34.29667647  1.54405882 33.97111765]
0.09	 0.34	-0.03	-0.17	53_P	[33.23882353  0.57141176 32.09194118]
0.14	 0.94	0.03	-0.23	54_S	[27.88621429 -2.56842857 34.15621429]
0.14	 1.6	0.15	-0.41	54_S	[28.37291667 -0.41375    34.793     ]
0.01	 0.47	-0.15	-0.12	55_V	[26.74184211 -1.87589474 35.68484211]
0.21	 1.46	0.35	-0.59	55_V	[27.93555556  2.38877778 38.72622222]
-0.08	 -0.02	-0.13	0.07	55_V	[25.05404348 -0.43017391 37.16243478]
-0.07	 0.17	-0.1	0.04	55_V	[25.08668182  1.9245     38.32429545]
-0.15	 -0.69	0.06	0.22	55_V	[25.90689333  1.93457333 35.39681333]
0.25	 1.53	0.36	-0.6	56_A	[25.71445 -1.4558  39.05205]
0.16	 1.33	0.13	-0.39	58_Q	[32.7829  3.5224 38.644 ]
0.2	 1.36	-0.03	-0.21	58_Q	[30.66072727  4.24563636 39.85454545]
0.2	 1.46	0.3	-0.55	58_Q	[33.4466875  3.9475625 39.482375 ]
0.01	 0.43	-0.18	0.0	58_Q	[30.29902778  3.42702778 37.87036111]
0.04	 0.66	-0.15	-0.11	58_Q	[32.71713333  3.25473333 35.87506667]
0.02	 0.5	-0.13	-0.06	58_Q	[30.345125    3.13141667 34.952375  ]
-0.28	 -1.06	0.17	0.45	58_Q	[30.77065   4.630275 34.798275]
-0.12	 -0.23	-0.01	0.13	58_Q	[29.73458537  1.87270732 33.57870732]
0.04	 0.23	-0.11	-0.11	59_K	[30.06514286  4.5797619  41.67933333]
0.14	 1.39	0.11	-0.39	59_K	[29.90418182  1.97536364 44.72309091]
-0.03	 0.25	-0.2	0.09	59_K	[30.72894737  3.80305263 44.55192105]
-0.02	 0.67	-0.03	-0.01	59_K	[28.22415385  3.394      43.74276923]
-0.07	 -0.55	0.01	0.09	59_K	[27.92693103  4.145      40.6317931 ]
-0.01	 -0.47	-0.1	-0.06	59_K	[25.9985     3.5996875 43.3425625]
-0.15	 -0.51	0.01	0.15	59_K	[25.05418182  4.52215909 40.40559091]
-0.22	 -0.4	0.2	0.27	59_K	[23.3300339  3.7589661 42.4430678]
0.12	 1.23	-0.1	-0.29	60_L	[31.463       1.47614706 45.63926471]
0.09	 0.83	-0.0	-0.17	60_L	[34.33423077  1.70611538 46.08296154]
0.21	 1.12	0.1	-0.38	60_L	[32.88395238 -0.37161905 46.54209524]
0.16	 0.9	0.02	-0.26	62_N	[34.5025625  8.3161875 42.999875 ]
-0.13	 -0.31	0.06	0.22	62_N	[32.05568293  7.63509756 43.30053659]
-0.09	 -0.33	-0.08	0.16	62_N	[32.84221538  6.67635385 40.05578462]
-0.09	 -0.12	-0.06	0.0	63_C	[32.78877778  7.60827778 45.80072222]
-0.03	 0.26	-0.16	0.03	63_C	[33.69322222  8.53744444 46.77966667]
-0.12	 -0.26	0.02	0.05	63_C	[35.06867442  6.91806977 48.01176744]
-0.07	 -0.34	-0.1	0.15	63_C	[33.49166667  4.7047963  46.72294444]
0.06	 0.55	-0.14	-0.14	64_T	[34.61033333  9.1345     44.995     ]
0.19	 0.93	0.06	-0.35	64_T	[37.96928125  8.399625   46.76840625]
0.12	 0.64	-0.12	-0.13	64_T	[34.32472727  9.66863636 48.16172727]
-0.2	 -0.61	-0.04	0.24	64_T	[34.617875  11.541625  46.6644375]
-0.03	 0.18	-0.09	-0.02	64_T	[37.15835294 10.85664706 44.76211765]
0.14	 0.7	-0.06	-0.23	65_T	[36.1665      9.23833333 49.31288889]
-0.09	 -0.61	-0.05	0.14	65_T	[34.35615789 11.54636842 49.58389474]
0.08	 0.72	0.09	-0.24	65_T	[36.71465217 13.129      49.05643478]
-0.25	 -0.94	0.07	0.34	65_T	[35.91615152 13.92690909 48.18151515]
-0.19	 -0.53	-0.05	0.33	65_T	[35.98952055 10.6830411  51.61934247]
0.08	 0.57	-0.04	-0.2	66_G	[38.448     12.3758125 51.100875 ]
-0.2	 -0.87	0.0	0.26	66_G	[37.78044737 14.933      50.24902632]
-0.09	 -0.2	0.0	0.04	66_G	[40.27292857 15.80142857 49.4635    ]
-0.26	 0.08	-0.36	0.09	66_G	[39.98919608 14.17568627 47.21768627]
-0.11	 -0.5	-0.12	0.05	67_D	[40.494      14.45353571 51.15382143]
0.02	 0.25	-0.04	-0.14	67_D	[42.689      14.19826923 48.38392308]
0.16	 0.71	-0.07	-0.21	67_D	[41.85725 12.036   51.54915]
0.17	 1.15	0.33	-0.57	67_D	[43.72877778 12.30866667 51.7225    ]
-0.23	 -1.11	0.05	0.31	67_D	[43.3814     15.2314     51.22578182]
0.23	 1.3	0.19	-0.46	68_E	[40.28115385  8.47723077 46.99869231]
0.25	 1.65	0.23	-0.48	68_E	[40.33415385 11.6785     46.42588462]
0.18	 0.77	0.08	-0.35	68_E	[39.373       9.5345     50.17130769]
-0.03	 0.02	0.02	-0.01	69_K	[44.82677778 12.4397037  44.16031481]
-0.25	 0.57	-0.23	-0.11	69_K	[42.22978947 13.72361404 44.5457193 ]
0.27	 1.42	0.38	-0.61	70_I	[39.35476471  7.18958824 45.69182353]
0.1	 0.69	-0.08	-0.22	70_I	[38.75921429  5.6072381  47.13259524]
0.01	 -0.08	-0.02	-0.03	75_I	[45.33462069 -4.21613793 29.59765517]
0.2	 0.77	0.06	-0.3	75_I	[45.4638125  -7.040375   30.90359375]
0.03	 0.66	-0.03	-0.15	76_V	[42.09329167 -4.78825    29.23191667]
0.16	 0.84	-0.01	-0.14	76_V	[43.57107692 -2.53776923 28.36023077]
-0.04	 0.26	-0.01	-0.04	76_V	[41.23857692 -2.54130769 27.64496154]
0.12	 1.48	0.21	-0.48	76_V	[40.8862 -4.6386 29.0042]
0.14	 1.52	0.35	-0.59	76_V	[40.856  -5.5346 29.2146]
0.13	 1.56	0.3	-0.55	77_S	[43.42442857  2.18514286 29.59985714]
0.17	 1.36	0.37	-0.6	77_S	[42.44873333  2.41873333 29.0914    ]
0.05	 0.49	-0.03	-0.17	77_S	[40.8595      0.81223077 27.16838462]
-0.13	 -0.54	-0.12	0.15	77_S	[43.66621739  0.96963043 27.47634783]
-0.15	 -0.31	0.01	0.18	77_S	[45.80433333 -0.67808333 28.09230556]
0.16	 1.41	0.14	-0.41	78_I	[38.11565625 -0.18434375 27.96825   ]
0.04	 0.46	-0.15	-0.1	78_I	[36.35104839  1.86795161 30.51630645]
0.14	 0.87	0.04	-0.3	79_W	[37.94483333  3.90670833 33.34741667]
0.23	 1.42	0.19	-0.46	79_W	[39.14805  5.41035 35.08865]
0.19	 1.54	0.29	-0.54	79_W	[37.02146154  1.92646154 34.23038462]
0.0	 0.26	0.1	-0.02	79_W	[37.25454545  4.00495455 36.01393182]
0.07	 0.72	0.02	-0.21	79_W	[34.67148485  3.36566667 37.35160606]
0.14	 1.37	-0.18	-0.15	80_S	[43.47728571  5.44671429 29.92228571]
0.11	 0.33	0.06	-0.24	80_S	[44.0992963   7.10022222 30.07888889]
0.17	 1.17	0.16	-0.44	80_S	[45.54444444  5.25011111 31.80266667]
0.06	 0.43	0.01	-0.24	80_S	[44.11571111  3.78617778 30.40795556]
0.11	 1.6	0.31	-0.57	81_Q	[42.56257143  4.79542857 29.52785714]
-0.03	 0.3	-0.08	0.02	81_Q	[42.60225  5.79245 28.52375]
0.07	 0.48	0.04	-0.31	81_Q	[39.17416667  6.88166667 27.35305556]
-0.06	 -0.18	0.02	-0.02	81_Q	[41.78577419  4.04129032 27.35729032]
-0.0	 0.05	0.09	-0.1	81_Q	[39.30322222  3.70837037 26.70085185]
-0.17	 -0.35	-0.06	0.32	81_Q	[38.33180392  5.18052941 25.99476471]
-0.18	 -0.43	-0.06	0.32	81_Q	[38.99992105  1.93136842 26.38221053]
0.01	 0.34	-0.04	-0.14	82_Q	[42.16542857  8.17138095 27.82590476]
0.09	 1.04	-0.03	-0.17	82_Q	[40.0484375 12.177875  28.774125 ]
-0.0	 -0.19	0.0	-0.02	82_Q	[39.6432     11.76225714 30.84257143]
-0.18	 -0.65	-0.1	0.22	82_Q	[41.23611429 11.5076     26.87102857]
-0.21	 -0.97	0.04	0.28	82_Q	[44.00763636 10.54409091 26.82279545]
-0.18	 -0.62	-0.04	0.22	82_Q	[45.24409091 12.161      28.24636364]
-0.13	 -0.38	0.05	0.2	82_Q	[43.57046667 12.63177778 29.79193333]
-0.16	 -0.7	0.07	0.19	82_Q	[45.80786047 10.07006977 29.51946512]
0.13	 0.88	0.03	-0.25	83_K	[39.30378571  9.19571429 27.21664286]
-0.0	 -0.08	-0.1	0.04	83_K	[37.172     12.012625  28.7973125]
0.13	 0.91	-0.08	-0.16	83_K	[37.20725  11.00275  31.286875]
-0.19	 -0.54	0.05	0.23	83_K	[35.20065714 10.25211429 30.15365714]
-0.04	 -0.24	-0.45	0.21	83_K	[36.7162766   9.32134043 27.21638298]
-0.14	 -0.59	-0.11	0.15	83_K	[37.82546875 11.96425    26.547     ]
-0.23	 -1.15	0.04	0.3	83_K	[36.50604444 10.29935556 24.68877778]
-0.26	 -1.25	0.12	0.36	83_K	[36.59134783 12.76934783 23.60880435]
-0.25	 -1.1	0.16	0.41	83_K	[34.65830909 13.35523636 25.02598182]
0.18	 0.88	-0.12	-0.15	84_Q	[35.5057  8.4452 32.1109]
0.1	 0.47	-0.04	-0.13	84_Q	[36.304       9.51485714 32.77      ]
-0.05	 0.04	0.08	0.0	84_Q	[36.94985417  7.4281875  34.37010417]
0.1	 0.91	0.08	-0.25	84_Q	[37.08305556  5.03522222 32.13383333]
0.16	 0.93	0.0	-0.26	84_Q	[36.84542857  4.36528571 29.49903571]
-0.08	 -0.08	-0.29	0.12	84_Q	[34.92918182  5.38854545 29.87222727]
-0.23	 -0.83	0.08	0.3	84_Q	[34.207375  6.342725 31.09265 ]
-0.13	 -0.39	-0.02	0.22	84_Q	[35.18688333  6.61993333 28.01151667]
0.13	 1.67	-0.09	-0.18	85_R	[39.7796 11.6118 35.122 ]
-0.14	 -0.46	0.04	0.16	85_R	[37.60685  11.378825 34.2961  ]
0.01	 0.47	-0.01	-0.06	85_R	[40.91660714 11.13146429 34.40021429]
-0.05	 -0.33	0.01	-0.03	85_R	[43.15958974 11.22635897 33.03807692]
0.04	 0.86	-0.07	-0.14	85_R	[45.85792308 10.27361538 32.27438462]
-0.17	 -0.69	0.05	0.27	85_R	[46.11152941  9.99327451 34.57429412]
-0.14	 -0.21	0.02	0.17	85_R	[46.72909524  7.58152381 32.27942857]
-0.09	 -0.16	-0.22	0.06	86_Q	[37.52325    11.88425    36.63266667]
0.0	 0.24	-0.1	-0.05	86_Q	[39.772375 11.918875 36.84875 ]
0.12	 0.21	0.0	-0.19	86_Q	[41.35834783 11.05747826 38.09804348]
-0.07	 -0.49	0.02	0.06	86_Q	[36.12802632 10.14594737 38.21410526]
-0.04	 0.27	-0.13	-0.05	86_Q	[36.79269697  7.26669697 37.15775758]
-0.0	 0.21	-0.2	-0.06	86_Q	[35.08276923  7.76230769 38.75861538]
0.07	 0.26	0.07	-0.21	86_Q	[35.9812963   8.9172963  41.23925926]
0.13	 0.68	0.05	-0.27	86_Q	[35.67377778  5.4345     38.44716667]
-0.04	 -0.19	-0.05	-0.0	87_H	[37.87395455 12.5515     38.93513636]
-0.16	 -0.85	-0.04	0.12	87_H	[40.5842 13.4186 38.779 ]
0.13	 0.43	0.04	-0.22	87_H	[42.32634783 12.43882609 41.12721739]
-0.19	 -0.98	0.05	0.25	87_H	[38.36165 14.66905 39.78755]
-0.1	 0.38	-0.08	0.12	87_H	[39.029      16.49914286 40.97428571]
-0.12	 -0.47	-0.18	0.27	87_H	[38.22708571 14.64577143 42.88102857]
-0.15	 -0.67	0.05	0.23	87_H	[41.54962791 15.98830233 40.9705814 ]
-0.18	 -0.41	-0.19	0.23	87_H	[39.65423729 15.80567797 44.49208475]
-0.24	 -0.62	0.09	0.34	87_H	[41.71682609 16.87226087 43.272     ]
0.1	 -0.07	-0.04	-0.14	88_G	[37.90879167 11.07691667 41.96604167]
0.16	 1.29	0.13	-0.39	88_G	[39.3257931  12.0147931  43.79048276]
0.05	 0.0	0.01	-0.07	89_A	[43.85341935 10.19790323 40.04903226]
0.12	 -0.87	-0.03	-0.16	90_I	[46.29721053  8.43221053 39.385     ]
-0.0	 0.18	-0.13	-0.0	90_I	[46.43682143 10.00167857 41.98078571]
0.19	 1.52	0.11	-0.37	90_I	[47.89575     8.44141667 40.18633333]
0.18	 1.67	0.26	-0.51	90_I	[47.04713333 10.148      43.88666667]
0.09	 1.17	0.09	-0.33	91_Y	[47.12771429  7.18935714 37.76164286]
0.04	 0.43	-0.02	-0.14	91_Y	[49.00871429  5.44165714 36.32731429]
0.09	 0.54	-0.0	-0.25	91_Y	[46.79903704  5.6372963  34.84837037]
0.12	 0.33	-0.05	-0.2	91_Y	[45.28661111  8.31311111 36.92688889]
0.17	 0.25	0.02	-0.23	91_Y	[43.02078947  9.54452632 36.57321053]
0.22	 1.62	0.29	-0.54	91_Y	[39.20042857  6.47039286 36.45867857]
0.13	 1.51	0.12	-0.38	92_M	[50.1126  3.1326 35.7174]
0.11	 1.11	-0.08	-0.2	92_M	[52.77628261  0.71843478 35.81373913]
0.02	 0.53	-0.19	-0.1	92_M	[52.78092308  2.46279487 36.39387179]
0.13	 0.52	0.0	-0.2	93_N	[49.13642857  3.29795238 34.0347619 ]
0.05	 0.89	-0.08	-0.17	93_N	[49.3546      0.93633333 30.47806667]
-0.18	 -0.83	0.06	0.23	93_N	[50.34342857  3.03805714 31.41325714]
0.04	 0.9	0.04	-0.19	93_N	[47.16915789  4.06894737 32.15342105]
0.06	 0.68	0.03	-0.19	93_N	[47.565       1.02433333 29.4855    ]
-0.15	 -0.4	-0.02	0.22	93_N	[47.06382979  2.79174468 29.26717021]
0.16	 0.52	0.09	-0.31	93_N	[47.39581818 -0.45145455 30.39140909]
0.17	 1.17	0.11	-0.38	94_S	[49.29821053 -0.61894737 31.05273684]
-0.12	 -0.77	-0.16	0.06	94_S	[51.672       1.39694444 30.65461111]
0.1	 0.59	-0.0	-0.18	94_S	[50.8359375 -1.0893125 29.8153125]
0.02	 0.12	0.0	-0.13	94_S	[53.171       1.33894737 33.51184211]
-0.13	 -0.2	0.09	0.15	94_S	[54.71710345  0.54368966 31.76651724]
-0.02	 -0.16	-0.2	-0.02	95_L	[52.86240909 -0.07272727 29.19659091]
0.04	 0.5	-0.12	-0.11	95_L	[55.7024 -2.9005 29.8554]
-0.02	 0.07	-0.22	0.16	95_L	[54.24117949 -5.41966667 29.96871795]
-0.1	 -0.44	0.02	0.07	95_L	[54.73958824 -2.72497059 28.12547059]
-0.23	 -0.92	0.02	0.25	95_L	[5.33746667e+01 2.80666667e-02 2.69898000e+01]
-0.21	 -1.25	0.12	0.37	95_L	[54.84346479 -1.39073239 25.3988169 ]
-0.17	 -0.8	0.03	0.22	95_L	[51.48584211 -2.28310526 26.43364912]
0.12	 1.56	-0.04	-0.18	96_S	[55.26845455 -1.39472727 30.63018182]
-0.1	 -0.24	-0.11	0.1	96_S	[56.12736842 -4.26221053 31.85678947]
0.15	 1.42	-0.02	-0.23	96_S	[54.57533333 -5.487      32.45777778]
0.03	 0.38	-0.02	-0.19	96_S	[54.91848485 -5.09033333 34.62681818]
-0.25	 -1.0	0.01	0.35	96_S	[57.13033333 -2.2274902  33.11313725]
-0.04	 0.22	-0.62	0.24	96_S	[55.30837931 -1.25117241 35.16387931]
0.16	 1.29	0.13	-0.43	97_C	[53.241375   -2.49453125 36.39521875]
-0.02	 0.23	-0.1	-0.06	98_I	[48.8184878  -9.06497561 30.82446341]
0.12	 0.83	0.02	-0.16	98_I	[47.96713333 -6.1766     29.86386667]
0.07	 0.59	-0.04	-0.18	98_I	[51.69       -7.126      29.58740909]
-0.02	 0.03	-0.08	-0.1	98_I	[48.47319444 -3.14222222 29.71083333]
-0.15	 -0.83	0.03	0.24	98_I	[50.30388406 -5.73049275 27.51453623]
0.15	 0.97	-0.13	-0.18	99_N	[ 49.67908333 -10.86841667  32.57166667]
-0.13	 -0.53	0.0	0.17	99_N	[ 51.79502439 -11.02902439  31.67914634]
0.05	 0.64	-0.0	-0.17	99_N	[54.21923333 -9.9857     32.9074    ]
-0.07	 -0.27	-0.29	0.05	99_N	[55.14782353 -9.44047059 33.18152941]
-0.15	 -0.49	-0.11	0.27	99_N	[54.16519118 -8.74495588 30.95795588]
0.15	 0.9	0.07	-0.34	100_I	[ 50.137   -12.1318   34.05605]
0.17	 1.28	0.39	-0.62	100_I	[ 53.13027273 -12.45554545  37.90936364]
0.06	 0.61	-0.0	-0.18	100_I	[ 51.84975    -14.34026471  36.10972059]
0.21	 1.42	0.31	-0.55	100_I	[ 48.91526316 -14.81884211  37.66994737]
0.22	 1.46	0.25	-0.5	101_T	[ 53.44366667 -12.00786667  34.71066667]
0.06	 0.65	-0.07	-0.13	101_T	[ 54.8076 -12.0047  37.9797]
0.2	 1.3	0.15	-0.4	101_T	[ 56.13352632 -10.01473684  38.99331579]
-0.12	 -0.4	-0.19	0.09	101_T	[ 56.08494118 -11.17882353  34.23023529]
-0.1	 -0.19	-0.14	0.13	101_T	[ 55.27149057 -13.89975472  35.71471698]
-0.18	 -0.99	0.06	0.26	101_T	[ 57.88671831 -11.48030986  36.5273662 ]
0.13	 1.1	-0.09	-0.15	102_G	[55.997 -9.04  34.934]
0.02	 0.08	-0.02	-0.07	102_G	[55.87930769 -7.47953846 35.31358974]
0.11	 0.88	-0.01	-0.25	102_G	[55.46795652 -4.69913043 37.74534783]
0.13	 1.6	-0.02	-0.27	104_I	[ 54.9125     -10.874       40.14133333]
0.17	 1.04	0.08	-0.34	104_I	[ 55.16754902 -10.47896078  42.8325098 ]
0.09	 0.75	-0.04	-0.2	104_I	[ 53.54336364 -13.13697727  40.19045455]
0.12	 1.58	0.11	-0.39	105_V	[58.1693 -6.4024 42.0188]
0.13	 0.55	0.0	-0.24	105_V	[58.12305882 -4.70976471 42.51352941]
0.07	 0.47	-0.15	-0.08	105_V	[57.402  -5.7761 37.9622]
-0.06	 -0.45	0.0	0.12	105_V	[59.06721333 -4.89656    39.69193333]
-0.13	 -0.54	-0.06	0.15	105_V	[58.65339062 -8.53473437 39.139375  ]
0.1	 1.01	-0.29	-0.06	106_F	[54.14478947 -2.40221053 38.06255263]
0.18	 1.56	0.28	-0.53	106_F	[53.9755    -0.377125  38.3924375]
0.15	 1.92	0.16	-0.38	108_E	[56.0664 -5.7749 47.4835]
0.17	 1.81	0.16	-0.42	108_E	[58.39469231 -4.22676923 45.81884615]
0.15	 1.15	0.16	-0.43	108_E	[56.862   -4.8115  48.11835]
-0.02	 -0.01	-0.1	-0.03	108_E	[58.08797297 -6.22910811 45.64275676]
0.04	 0.37	0.1	-0.28	108_E	[55.77997368 -8.5295     46.38452632]
-0.18	 -1.2	0.0	0.17	108_E	[58.4216 -8.8271 45.7797]
-0.1	 -0.07	-0.13	0.12	108_E	[58.37176744 -8.71234884 42.90860465]
-0.34	 -0.24	-0.01	0.23	108_E	[ 56.99955  -10.6112    45.624975]
0.14	 1.37	0.04	-0.28	109_L	[58.11425    -3.81783333 44.21683333]
0.16	 0.86	0.06	-0.21	109_L	[58.89366667 -2.66488889 45.409     ]
0.08	 0.07	-0.02	-0.17	109_L	[58.579      -2.19604348 42.29969565]
-0.1	 -0.59	0.0	0.16	109_L	[60.60627586 -0.16227586 44.43758621]
0.02	 0.15	-0.04	-0.09	109_L	[59.41787097  1.07619355 41.66245161]
0.22	 1.6	0.3	-0.55	110_L	[50.8746087   3.02491304 47.35504348]
0.16	 0.74	0.07	-0.29	111_Y	[56.31266667 -1.25366667 52.41333333]
0.15	 1.35	0.44	-0.66	111_Y	[55.61807143 -5.04678571 49.11442857]
0.11	 0.76	-0.08	-0.16	111_Y	[56.2289  -5.91625 50.79905]
0.16	 1.36	0.1	-0.38	111_Y	[52.3922 -5.1347 54.5399]
-0.09	 -0.27	-0.04	0.06	111_Y	[56.55230769 -4.93821154 53.29809615]
0.13	 0.91	-0.08	-0.16	111_Y	[54.8358 -3.3373 54.521 ]
-0.16	 -0.48	0.04	0.21	111_Y	[54.34682 -5.67912 55.22104]
0.03	 0.45	-0.06	-0.0	112_D	[58.27406667 -2.00486667 51.55586667]
0.16	 1.51	0.07	-0.39	112_D	[6.02395714e+01 5.75714286e-02 4.97362857e+01]
-0.15	 -0.5	-0.01	0.26	112_D	[58.75727273  0.63536364 51.72918182]
-0.05	 -0.28	-0.04	0.02	112_D	[60.35581481 -1.39222222 48.61848148]
-0.1	 -0.05	-0.01	0.06	112_D	[59.951875   -4.02620833 49.584125  ]
-0.1	 -0.47	0.02	0.11	112_D	[58.59882857 -4.64551429 50.46434286]
-0.25	 -0.64	-0.06	0.3	112_D	[60.13266667 -4.2354     47.70842222]
0.07	 0.26	-0.1	-0.11	113_S	[58.6865625  3.1349375 49.9906875]
0.15	 1.65	0.18	-0.44	113_S	[57.79918182  4.19645455 49.04336364]
-0.05	 -0.28	-0.03	0.04	113_S	[60.71108571  1.64962857 48.09471429]
-0.1	 -0.47	-0.01	0.04	113_S	[59.85935714  4.51532143 48.39396429]
0.12	 1.53	0.26	-0.52	114_P	[54.29109091  6.16263636 48.118     ]
-0.0	 0.33	-0.04	-0.06	114_P	[52.66952778  4.37958333 49.384     ]
-0.07	 -0.01	-0.02	0.06	114_P	[54.40821739  4.08852174 51.56778261]
-0.02	 -0.29	-0.05	0.01	114_P	[56.56467857  3.02428571 51.44514286]
0.05	 0.25	-0.16	-0.13	115_M	[56.17121429  5.95092857 48.94028571]
0.17	 1.69	0.23	-0.49	115_M	[54.69533333  7.3572     47.71046667]
0.05	 0.08	-0.02	-0.11	115_M	[58.62186364  7.36054545 48.37731818]
-0.08	 -0.06	-0.04	0.08	115_M	[55.55127273  9.07863636 49.20909091]
-0.22	 -0.88	0.02	0.28	115_M	[57.7165  10.71236 49.66474]
-0.19	 -0.68	-0.02	0.22	115_M	[59.92898387 10.2121129  47.56803226]
0.13	 1.37	0.1	-0.36	116_D	[59.12208333  5.94416667 42.77275   ]
0.09	 0.08	0.03	-0.17	116_D	[58.24519048  4.72980952 41.34528571]
0.08	 0.16	-0.13	-0.02	116_D	[60.15876923  3.64161538 43.42784615]
-0.14	 -0.4	-0.18	0.15	116_D	[61.53290909  4.61140909 45.13454545]
-0.13	 -0.37	0.02	0.16	116_D	[61.12719149  6.60295745 44.24576596]
-0.1	 -0.39	0.12	0.08	116_D	[61.33233333  4.69889744 46.61671795]
0.01	 0.58	-0.04	-0.13	118_L	[51.27298148  6.31683333 47.64774074]
0.19	 1.23	0.45	-0.67	119_R	[55.5956  9.7298 40.3373]
0.06	 0.79	-0.05	-0.22	119_R	[57.10066667  6.80941667 39.15733333]
-0.01	 -0.03	-0.02	-0.09	119_R	[55.55115625  8.72053125 37.9806875 ]
0.08	 0.72	0.1	-0.32	119_R	[58.05668421  6.85621053 40.97884211]
-0.12	 -0.55	-0.06	0.12	119_R	[57.72636842  9.77984211 39.81976316]
-0.18	 -0.86	0.02	0.23	119_R	[60.03045833  9.27154167 41.07797917]
-0.0	 0.13	-0.1	-0.08	119_R	[60.36164286  9.03342857 43.59107143]
-0.12	 -0.53	-0.04	0.13	119_R	[60.52175    10.98516667 43.36508333]
-0.19	 -0.7	0.09	0.29	119_R	[58.50314583 12.51579167 42.51677083]
-0.0	 0.02	0.06	-0.05	119_R	[59.33244828 11.107      45.14365517]
0.12	 1.24	-0.08	-0.27	120_R	[57.13985714  6.06685714 39.56228571]
-0.09	 0.01	-0.1	0.06	120_R	[56.35911765  5.71423529 37.30735294]
-0.01	 0.14	-0.03	0.03	120_R	[53.82161538  6.04110256 35.85015385]
0.04	 -1.46	-0.05	-0.06	120_R	[55.48477778  3.45677778 36.83255556]
-0.08	 -0.52	0.04	-0.02	120_R	[57.74971429  4.09017143 38.84862857]
-0.12	 -0.04	-0.27	0.1	120_R	[56.30936842  1.35831579 37.13631579]
-0.12	 -0.41	-0.05	0.06	120_R	[58.86586667  1.7558     38.778     ]
-0.15	 -0.43	-0.19	0.15	120_R	[58.03806667 -0.13913333 37.10713333]
-0.04	 0.17	-0.29	-0.01	120_R	[56.41179245 -1.38381132 37.61181132]
-0.16	 -0.51	0.02	0.2	120_R	[59.71944444 -0.93822222 39.25112963]
0.13	 0.92	0.08	-0.31	121_C	[51.31721053  5.72142105 36.74968421]
0.13	 0.68	-0.08	-0.16	121_C	[50.505       7.36266667 36.6275    ]
-0.05	 -0.22	-0.08	-0.01	121_C	[49.36633333  8.6996     38.0594    ]
0.06	 0.47	0.01	-0.12	122_Q	[54.03228571 10.7517619  38.21447619]
0.07	 0.81	-0.01	-0.22	122_Q	[51.82988889 11.45005556 38.77855556]
-0.22	 -0.74	-0.05	0.24	122_Q	[51.013875  12.3903125 38.1031875]
-0.2	 -1.17	0.03	0.26	122_Q	[51.60870833 11.43841667 35.92666667]
-0.09	 -0.55	0.01	0.09	122_Q	[51.53461538  8.93365385 34.88234615]
-0.02	 0.11	-0.07	0.01	122_Q	[53.91085714  9.81175    34.45946429]
-0.26	 -0.95	0.08	0.38	122_Q	[54.74921951 11.208      34.51326829]
-0.27	 -0.96	0.09	0.43	122_Q	[53.86103774  8.57935849 32.96690566]
0.02	 -0.03	-0.08	-0.1	123_V	[50.15457895 11.64957895 40.83142105]
0.08	 0.13	-0.15	-0.12	123_V	[53.87463636 12.28727273 40.19509091]
0.09	 0.49	0.01	-0.29	123_V	[54.91390244 11.72617073 41.54053659]
0.06	 0.21	0.02	-0.17	123_V	[49.42057692 11.51080769 43.11934615]
0.08	 0.44	0.03	-0.21	123_V	[49.17321053  9.83721053 41.039     ]
0.09	 0.19	-0.04	-0.17	124_D	[52.09182609 13.55195652 40.36886957]
-0.19	 -0.81	0.02	0.24	124_D	[54.6706     14.68253333 40.97293333]
0.22	 1.28	-0.1	-0.21	124_D	[53.31885714 16.77614286 43.19414286]
-0.1	 -0.37	-0.01	0.16	124_D	[54.93402439 15.2232439  43.75670732]
-0.26	 -1.12	0.04	0.38	124_D	[52.61819718 16.27285915 40.46991549]
0.12	 0.64	0.07	-0.29	125_N	[50.66668421 14.72673684 43.22473684]
0.16	 0.66	-0.03	-0.19	125_N	[53.3755 15.4593 46.0469]
0.12	 0.94	0.07	-0.25	125_N	[49.26836842 13.35773684 44.97563158]
-0.09	 -0.42	-0.08	0.12	125_N	[51.7916     17.4692     45.50631111]
0.01	 0.17	-0.17	-0.05	125_N	[49.25105 16.6031  45.801  ]
0.04	 0.24	-0.11	-0.02	125_N	[48.21973684 15.38510526 46.72589474]
-0.28	 -1.14	0.15	0.46	125_N	[48.73996 17.399   44.37298]
0.09	 -0.16	-0.02	-0.08	126_F	[52.2164     15.30973333 47.88773333]
0.05	 0.42	0.0	-0.19	126_F	[51.37783333 14.56166667 49.75272222]
-0.09	 -0.38	0.04	0.09	126_F	[50.44394444 11.95352778 50.49616667]
-0.07	 -0.51	-0.09	0.05	126_F	[53.14175556 12.11182222 49.22113333]
-0.03	 0.0	0.02	0.04	126_F	[55.15840741 13.46903704 47.2397037 ]
0.1	 1.37	0.0	-0.23	126_F	[52.87688462  9.36661538 47.85138462]
0.1	 0.3	-0.08	-0.09	126_F	[56.6873  12.69475 45.7049 ]
-0.09	 -0.35	-0.21	0.01	127_N	[49.49153846 14.72730769 51.32892308]
-0.0	 0.14	-0.1	-0.02	127_N	[46.9856875 14.6543125 51.133125 ]
-0.0	 0.09	-0.09	-0.04	127_N	[45.96605882 14.80102941 48.95047059]
-0.09	 -0.29	-0.07	0.1	127_N	[47.6795     16.82515385 49.2525    ]
-0.09	 -0.09	-0.06	0.04	127_N	[49.81763158 17.00557895 50.77010526]
-0.26	 -0.92	0.18	0.44	127_N	[49.536675 17.058775 52.16715 ]
-0.2	 -0.85	0.11	0.32	127_N	[50.902625   18.0584375  49.44772917]
0.01	 -0.51	0.02	-0.07	128_F	[48.10433333 12.83333333 51.40088889]
0.1	 0.52	0.02	-0.2	128_F	[45.84942857 12.71521429 51.4965    ]
0.02	 -0.14	-0.15	0.02	128_F	[46.50738462 11.36753846 52.28330769]
-0.02	 -0.06	-0.02	0.02	128_F	[48.14540541  9.96837838 51.04864865]
0.23	 1.12	0.13	-0.41	128_F	[44.75576471 12.87147059 47.84147059]
0.09	 0.77	-0.1	-0.18	128_F	[47.19673913 12.81326087 46.34069565]
0.13	 0.88	0.06	-0.27	128_F	[48.63888889  8.24359259 48.3937037 ]
0.16	 0.98	0.05	-0.32	128_F	[47.62926667 11.21453333 44.97626667]
0.17	 1.14	0.08	-0.32	128_F	[50.2494   9.75985 47.752  ]
-0.01	 0.21	-0.14	-0.08	129_Q	[46.41978947  8.30047368 52.84005263]
0.16	 0.77	0.02	-0.27	129_Q	[43.90033333  6.853      53.17088889]
-0.04	 0.53	-0.01	-0.08	129_Q	[43.70893548 11.10903226 53.23003226]
-0.04	 -0.17	-0.17	0.04	129_Q	[45.48866667  9.59085714 54.82485714]
-0.3	 -1.0	0.15	0.4	129_Q	[45.62246875  7.8551875  55.55021875]
-0.26	 -1.14	0.16	0.41	129_Q	[44.35945098 10.50688235 56.42605882]
0.04	 0.29	0.0	-0.1	130_L	[46.62921739  6.98834783 51.0343913 ]
0.2	 0.8	0.05	-0.32	130_L	[44.459375    4.58120833 52.08504167]
0.06	 0.22	-0.05	-0.11	130_L	[47.468475  4.82715  49.98345 ]
0.22	 1.39	0.1	-0.37	130_L	[48.96861905  3.54995238 48.13947619]
0.04	 0.54	0.0	-0.17	131_R	[39.12291667  4.60741667 49.83691667]
0.06	 0.61	-0.05	-0.17	131_R	[39.54125  6.772   49.373  ]
-0.02	 -0.22	0.07	-0.09	131_R	[38.86340625  6.411875   51.9613125 ]
-0.1	 -0.07	-0.43	0.2	131_R	[38.77828571  8.47328571 52.88214286]
-0.07	 -0.24	0.01	0.04	131_R	[39.28026667  7.6802     54.51453333]
-0.09	 -0.36	-0.03	0.05	131_R	[41.75234884  7.03911628 55.36593023]
-0.21	 -0.49	0.01	0.25	131_R	[40.39406383 10.01057447 54.35002128]
0.1	 0.61	0.03	-0.22	139_S	[ 43.02566667 -14.45255556  31.06077778]
0.1	 1.19	0.08	-0.25	140_F	[ 43.52775    -12.82275     30.33516667]
0.15	 1.66	0.04	-0.27	140_F	[ 45.2685    -13.7841875  31.536    ]
-0.09	 -0.21	-0.07	0.11	140_F	[ 46.72141026 -11.83976923  30.90815385]
0.09	 0.22	-0.08	-0.08	140_F	[45.1925625 -9.6425625 30.2458125]
-0.02	 1.14	0.03	-0.09	140_F	[43.90455556 -8.699      29.474     ]
-0.09	 -0.43	-0.02	0.11	140_F	[ 43.47657692 -11.10857692  28.5925    ]
0.07	 1.16	-0.02	-0.13	140_F	[42.9705625 -7.248375  29.6720625]
-0.17	 -0.67	0.01	0.23	140_F	[ 41.80977778 -10.72418519  26.96711111]
0.05	 0.36	0.02	-0.18	140_F	[41.38390909 -7.17731818 28.42218182]
-0.09	 -0.5	-0.02	0.12	140_F	[40.03460526 -8.86131579 27.32171053]
0.17	 0.95	-0.01	-0.25	141_L	[ 48.27416667 -12.37983333  33.16088889]
0.17	 1.0	0.01	-0.27	141_L	[ 47.54188889 -14.12333333  32.33666667]
0.0	 0.26	-0.05	-0.11	141_L	[ 48.6562439  -14.95368293  34.37765854]
-0.1	 -0.26	-0.06	0.13	142_N	[ 47.24525   -18.16575    32.9443125]
-0.23	 -0.69	0.1	0.31	142_N	[ 47.1535641  -16.42        31.33402564]
0.08	 0.17	-0.0	-0.18	142_N	[ 43.86652 -16.26092  31.56088]
0.09	 0.98	0.1	-0.29	142_N	[ 43.70263636 -18.87354545  33.07518182]
-0.02	 0.36	-0.07	0.02	142_N	[ 44.18490909 -19.62581818  34.52915152]
-0.2	 -0.73	0.07	0.28	142_N	[ 42.74655814 -19.22002326  31.71848837]
-0.23	 -0.79	0.06	0.33	150_D	[ 46.84105556 -24.54440741  34.44677778]
-0.16	 -0.51	0.02	0.19	150_D	[ 48.17011765 -26.74235294  34.52176471]
0.01	 -0.63	0.02	-0.12	150_D	[ 48.8445     -27.23233333  36.72291667]
-0.16	 -0.51	0.05	0.18	150_D	[ 47.155      -25.43297872  37.56821277]
-0.08	 -0.4	-0.01	0.13	150_D	[ 49.54045161 -23.75616129  33.79422581]
-0.07	 0.1	0.01	-0.01	150_D	[ 51.51895652 -25.89943478  34.30656522]
-0.19	 -0.66	-0.0	0.26	150_D	[ 51.14059459 -27.21983784  35.06235135]
-0.14	 -0.17	0.03	0.14	150_D	[ 52.68490625 -24.523625    34.66015625]
0.19	 1.38	-0.05	-0.27	151_V	[ 48.13711111 -25.43655556  39.47588889]
0.15	 1.48	-0.13	-0.12	151_V	[ 52.3542 -24.4308  39.601 ]
0.06	 0.03	0.04	-0.18	151_V	[ 51.06844444 -23.89640741  41.37677778]
-0.16	 -0.32	-0.1	0.14	151_V	[ 49.04757143 -27.846       38.94514286]
-0.14	 -0.58	0.03	0.18	151_V	[ 52.02432051 -27.33747436  38.79316667]
-0.19	 -0.72	0.01	0.23	151_V	[ 49.43874576 -26.96694915  41.36233898]
0.16	 0.86	-0.05	-0.26	152_I	[ 52.54342857 -24.79914286  37.75364286]
0.07	 0.75	-0.02	-0.22	152_I	[ 52.91392857 -23.60735714  39.33785714]
-0.1	 -0.71	-0.08	0.07	152_I	[ 53.98766667 -23.599       36.63425   ]
-0.09	 -0.25	-0.07	0.11	152_I	[ 55.2736087  -21.09952174  36.50534783]
-0.09	 -0.35	0.01	0.09	152_I	[ 52.2052381  -21.25547619  35.09730952]
-0.15	 -0.6	-0.01	0.22	152_I	[ 55.5257375 -21.729875   39.1308875]
0.18	 1.33	0.12	-0.35	153_N	[ 50.11071429 -19.56014286  36.69207143]
0.01	 0.15	-0.12	-0.05	153_N	[ 47.65402703 -21.66543243  36.47616216]
0.03	 0.23	-0.17	-0.09	153_N	[ 46.70178571 -20.03057143  35.22785714]
0.07	 0.48	-0.04	-0.18	153_N	[ 48.2685    -17.9883125  36.1985   ]
-0.02	 0.08	0.02	-0.04	153_N	[ 44.81708571 -20.34091429  37.57591429]
0.16	 1.23	0.17	-0.39	154_L	[ 47.28135 -22.0761   39.49105]
0.12	 1.85	0.14	-0.4	154_L	[ 46.394   -21.632    40.80075]
0.03	 -0.04	-0.1	-0.07	154_L	[ 47.00134483 -23.55675862  41.17575862]
0.13	 1.46	0.06	-0.3	154_L	[ 49.77475   -22.9366875  43.4916875]
-0.0	 -0.04	-0.03	-0.06	154_L	[ 45.85809375 -22.69971875  44.6704375 ]
-0.17	 -0.87	0.0	0.24	154_L	[ 47.85857143 -25.10246032  43.96263492]
0.16	 1.55	0.16	-0.41	155_S	[ 50.87308333 -22.28983333  42.49441667]
0.04	 0.41	-0.11	-0.13	155_S	[ 51.58342857 -21.07809524  43.99395238]
0.13	 1.42	-0.04	-0.23	155_S	[ 53.1806875 -17.9270625  42.2575   ]
0.04	 0.21	-0.08	-0.13	155_S	[ 52.53229167 -18.059875    44.352375  ]
0.07	 0.31	-0.01	-0.14	155_S	[ 53.32642424 -20.93715152  41.50627273]
-0.29	 -0.94	0.11	0.41	155_S	[ 54.35407895 -20.44839474  43.17131579]
0.18	 1.46	0.1	-0.38	156_K	[ 53.14558824 -16.62052941  41.79458824]
0.19	 1.68	0.26	-0.51	156_K	[ 49.93236364 -16.46713636  38.34863636]
0.07	 0.45	0.0	-0.17	156_K	[ 53.57115686 -16.38882353  39.21262745]
-0.07	 0.34	-0.25	-0.01	156_K	[ 50.983625   -17.32416667  36.67754167]
-0.08	 -0.12	0.01	0.01	156_K	[ 53.03024324 -18.29175676  35.69189189]
-0.13	 -0.29	0.03	0.16	156_K	[ 55.24980357 -17.09369643  36.78576786]
0.21	 1.41	0.2	-0.46	157_F	[ 47.71517391 -15.97934783  37.38604348]
0.13	 1.38	0.2	-0.45	158_E	[ 51.03852941 -16.42941176  47.39876471]
0.19	 1.47	0.3	-0.55	158_E	[ 48.35553846 -15.53438462  48.17615385]
0.12	 1.05	0.06	-0.31	158_E	[ 48.85937143 -17.49991429  47.69365714]
0.05	 0.65	-0.02	-0.1	158_E	[ 51.11725   -19.056      46.4684375]
-0.03	 0.6	0.04	-0.07	158_E	[ 49.87633333 -21.18008333  46.97729167]
-0.17	 -0.48	-0.03	0.23	158_E	[ 48.86425714 -20.59888571  48.45065714]
-0.17	 -0.29	-0.01	0.16	158_E	[ 49.85588889 -22.49633333  45.79592593]
0.11	 0.79	-0.03	-0.21	159_K	[ 51.51118182 -17.01318182  45.92909091]
-0.01	 -0.16	-0.15	-0.07	159_K	[ 52.49980952 -15.3437619   46.68947619]
0.21	 0.8	0.1	-0.36	159_K	[ 52.34196154 -11.83434615  46.30103846]
0.07	 0.02	-0.12	-0.04	159_K	[ 53.35885714 -16.263       44.96357143]
-0.06	 -0.41	-0.0	0.07	159_K	[ 54.28553846 -13.58587179  45.76084615]
-0.14	 -0.29	-0.12	0.12	159_K	[ 54.85294737 -15.58939474  43.26147368]
-0.2	 -0.78	-0.03	0.22	159_K	[ 56.94848485 -13.879       45.29978788]
-0.19	 -0.8	0.1	0.28	159_K	[ 57.64041509 -13.30507547  42.65118868]
0.08	 -0.02	0.05	-0.24	161_F	[ 46.01841667 -15.35544444  49.76155556]
-0.07	 0.34	-0.05	-0.04	161_F	[ 45.02040741 -14.82492593  52.04744444]
0.06	 0.43	0.0	-0.16	161_F	[ 43.20785714 -12.45457143  52.31185714]
0.16	 1.56	0.1	-0.37	162_K	[ 52.05018182 -11.05218182  49.94672727]
0.2	 1.24	0.11	-0.38	162_K	[ 49.8988125 -11.15475    51.954375 ]
-0.06	 0.32	0.01	-0.06	162_K	[ 51.7007 -12.9251  50.153 ]
0.13	 0.97	0.02	-0.32	162_K	[ 49.38657895 -15.24442105  50.39705263]
-0.15	 -0.92	0.03	0.16	162_K	[ 52.23478049 -15.40887805  50.58592683]
-0.2	 -0.79	0.01	0.28	162_K	[ 50.62857447 -17.21306383  52.08789362]
-0.11	 -0.31	-0.02	0.12	162_K	[ 50.66935088 -18.33889474  49.71445614]
0.13	 0.91	-0.02	-0.17	163_I	[ 51.984375 -11.319125  48.61525 ]
0.18	 1.35	0.12	-0.37	163_I	[ 52.393      -10.053       49.25211111]
0.12	 0.63	-0.03	-0.18	163_I	[53.24342857 -9.5484     46.93822857]
0.05	 0.57	-0.09	-0.15	163_I	[54.819      -7.63144118 49.10070588]
0.2	 1.42	0.43	-0.65	165_R	[45.49966667 -8.12077778 52.90133333]
0.22	 1.49	0.19	-0.45	165_R	[48.387      -8.46533333 54.46888889]
0.2	 0.47	-0.01	-0.25	165_R	[46.69205263 -7.14884211 54.85231579]
-0.33	 -0.19	-0.09	0.08	165_R	[46.79004255 -9.60108511 54.29568085]
-0.14	 -0.62	0.08	0.11	165_R	[ 45.66786842 -11.82468421  54.67715789]
0.06	 0.22	-0.03	-0.12	165_R	[ 48.85094737 -12.00421053  53.50563158]
-0.06	 0.07	0.03	-0.01	165_R	[ 48.16922222 -14.06977778  54.42072222]
-0.24	 -1.09	0.11	0.36	165_R	[ 46.56010417 -14.93214583  55.0146875 ]
-0.04	 0.01	-0.07	0.01	165_R	[ 48.92558333 -15.16375     53.04675   ]
0.1	 1.48	0.27	-0.53	166_K	[49.3406 -9.1534 53.5348]
0.02	 0.57	-0.1	-0.13	166_K	[50.36062963 -7.66551852 54.29781481]
0.2	 1.3	0.22	-0.47	166_K	[50.92525   -5.1798125 54.9285   ]
-0.0	 0.15	-0.01	-0.02	166_K	[51.58847619 -9.51847619 53.40183333]
0.08	 0.77	0.08	-0.3	166_K	[ 53.35736842 -10.02468421  50.64984211]
-0.2	 -0.72	-0.09	0.28	166_K	[ 54.48106 -10.28652  53.47   ]
-0.2	 -0.85	0.06	0.36	166_K	[56.2679     -9.69306667 51.79271667]
0.15	 0.99	0.21	-0.47	168_R	[44.93025926 -6.35555556 53.86496296]
0.16	 1.48	-0.07	-0.22	168_R	[44.3784 -5.8434 55.0062]
0.0	 -0.12	-0.1	-0.0	168_R	[42.7866875 -6.76125   54.3046875]
0.04	 -0.12	-0.01	-0.08	168_R	[41.06592308 -6.08623077 55.01861538]
0.13	 1.02	0.09	-0.29	168_R	[39.35796 -4.88008 56.37796]
0.18	 1.36	0.4	-0.62	169_E	[46.09727273 -5.82590909 55.21427273]
0.08	 0.68	-0.06	-0.21	169_E	[50.348      -3.86091667 57.03233333]
-0.05	 -0.16	0.09	0.11	169_E	[47.98444444 -2.39177778 58.14509259]
-0.06	 -0.47	-0.19	0.01	169_E	[49.3579375  -6.76021875 56.27296875]
-0.18	 -1.0	0.07	0.28	169_E	[49.65688095 -6.48764286 58.63319048]
-0.22	 -0.74	-0.04	0.24	169_E	[47.68030769 -7.24846154 59.91053846]
-0.17	 -0.18	0.05	0.21	169_E	[46.256      -7.29377778 58.17527778]
-0.21	 -0.47	0.1	0.27	169_E	[47.30207692 -4.98005128 60.40461538]
0.09	 1.04	0.22	-0.46	170_F	[50.4566 -4.1058 56.3876]
-0.03	 0.06	-0.1	-0.01	170_F	[50.77161538 -1.868      57.41953846]
0.17	 1.37	0.35	-0.57	170_F	[48.23885714 -0.49371429 56.70257143]
-0.12	 -0.23	0.03	0.14	170_F	[49.79462162  0.93248649 56.78056757]
0.04	 0.19	-0.01	-0.15	170_F	[51.87060714 -3.45557143 55.86753571]
0.06	 1.54	-0.15	-0.09	170_F	[53.98946154 -2.07923077 55.35376923]
-0.15	 -0.72	-0.03	0.18	170_F	[52.97931034 -0.4552069  57.11282759]
0.12	 1.27	-0.02	-0.25	170_F	[54.70869231 -1.84307692 54.09953846]
-0.19	 -1.02	0.09	0.28	170_F	[53.8042619   1.64752381 56.52788095]
0.01	 0.37	-0.03	-0.13	170_F	[55.57786667 -0.41786667 53.53153333]
-0.13	 -0.51	0.06	0.1	170_F	[55.24635417  1.6154375  54.54379167]
0.05	 0.32	-0.14	-0.06	171_L	[48.72658333  2.34516667 54.64116667]
0.03	 0.38	-0.15	-0.11	171_L	[47.08035294  1.43305882 56.05235294]
-0.15	 -0.17	-0.04	0.12	171_L	[46.06780556  2.87166667 54.19758333]
0.17	 0.93	0.01	-0.26	171_L	[47.9970625  2.670125  51.9469375]
0.19	 1.07	-0.03	-0.24	171_L	[50.0672  2.6139 49.6565]
-0.02	 -0.25	-0.0	0.03	171_L	[50.93293333  2.97531111 52.80948889]
0.11	 1.36	-0.0	-0.27	172_G	[47.13381818 -0.28663636 56.28872727]
0.21	 1.12	0.17	-0.42	172_G	[44.99223529  0.51808824 55.98852941]
0.15	 1.42	0.37	-0.61	174_W	[37.640875  1.796    51.92075 ]
-0.02	 -0.01	-0.11	0.0	174_W	[37.30284211  2.31486842 50.17526316]
0.12	 2.05	0.09	-0.35	174_W	[36.2207  0.5062 48.8489]
0.08	 0.56	-0.16	-0.1	174_W	[36.533075  2.016725 47.42435 ]
0.21	 1.57	0.24	-0.5	176_I	[35.16228571 -0.79478571 46.485     ]
0.21	 1.07	0.07	-0.32	180_F	[ 34.3908 -13.1027  30.9152]
0.12	 1.07	-0.1	-0.16	180_F	[ 35.5326 -12.0453  29.9509]
0.05	 0.57	0.07	-0.26	180_F	[ 34.28695 -11.21315  30.4945 ]
0.1	 1.34	0.24	-0.49	180_F	[ 36.319125 -11.555875  29.41175 ]
0.08	 0.68	0.02	-0.23	180_F	[34.69755556 -8.92261111 29.41311111]
0.12	 1.18	0.02	-0.26	180_F	[ 37.357      -10.69194118  28.72276471]
0.06	 0.39	-0.0	-0.12	180_F	[36.79031818 -8.69804545 28.67318182]
0.15	 1.38	0.19	-0.44	181_P	[ 30.10673333 -16.48436667  34.2734    ]
0.02	 0.61	-0.15	-0.12	181_P	[ 30.349625   -14.29654167  32.39947917]
0.11	 0.82	0.12	-0.32	181_P	[ 32.85547368 -13.46105263  31.34715789]
0.2	 1.58	0.24	-0.5	182_T	[ 31.47725   -18.106375   33.9640625]
-0.08	 -0.03	-0.14	0.07	182_T	[ 31.27963333 -19.9275      33.62256667]
0.05	 0.39	-0.06	-0.15	182_T	[ 33.06138889 -20.86838889  35.80105556]
-0.09	 -0.5	-0.04	0.09	182_T	[ 32.99536 -22.3763   32.93756]
0.15	 1.46	0.09	-0.35	183_D	[ 31.87013333 -20.0032      30.95193333]
0.12	 1.69	0.27	-0.53	183_D	[ 31.55871429 -19.88414286  29.90114286]
0.01	 0.43	-0.11	-0.09	183_D	[ 32.954    -16.815875  27.7285  ]
-0.02	 0.44	0.02	-0.05	183_D	[ 33.8909     -18.467       26.86856667]
-0.11	 -0.64	-0.01	0.16	183_D	[ 31.05752632 -16.84323684  28.59357895]
-0.06	 0.2	-0.05	0.04	183_D	[ 29.74740625 -17.88765625  30.24778125]
-0.22	 -0.03	-0.03	0.14	183_D	[ 29.62216667 -17.5777      32.11426667]
-0.28	 -1.1	0.19	0.48	183_D	[ 28.86580556 -18.94308333  28.97977778]
0.09	 0.86	0.03	-0.23	184_F	[ 33.341      -15.59778947  29.68673684]
-0.07	 -0.65	-0.01	0.15	184_F	[ 34.8269375 -15.868375   27.490875 ]
0.05	 0.4	-0.07	-0.13	184_F	[ 37.831575 -17.208175  26.991525]
0.06	 1.02	0.0	-0.11	184_F	[ 34.76921053 -14.15178947  29.61236842]
-0.08	 -0.13	-0.03	0.11	184_F	[ 36.80545161 -13.55206452  27.5723871 ]
-0.12	 -0.48	-0.0	0.17	184_F	[ 39.16727586 -13.08724138  26.92451724]
0.06	 0.2	-0.04	-0.07	184_F	[ 40.73546429 -16.00975     29.76496429]
-0.04	 -0.93	0.03	0.02	184_F	[ 41.1063     -14.2776      28.32636667]
0.09	 0.93	-0.15	-0.15	185_Y	[ 39.3978  -19.08125  28.9756 ]
0.16	 1.39	0.33	-0.57	185_Y	[ 37.03672727 -22.09045455  29.76327273]
-0.02	 0.35	-0.14	-0.03	185_Y	[ 38.55009375 -21.9086875   29.19740625]
0.1	 0.81	0.06	-0.22	185_Y	[ 38.8195625 -20.993375   31.5334375]
0.06	 0.47	-0.1	-0.14	185_Y	[ 40.32991667 -19.13397222  31.54252778]
0.19	 1.73	0.18	-0.45	186_N	[ 36.72008333 -22.96008333  28.20016667]
0.26	 1.46	0.05	-0.3	186_N	[ 33.82213333 -20.71386667  25.725     ]
0.13	 1.31	-0.13	-0.07	186_N	[ 33.053      -23.577       28.50766667]
0.01	 0.49	-0.14	-0.06	186_N	[ 34.75863636 -23.09447727  29.82011364]
-0.12	 -0.39	-0.09	0.12	186_N	[ 31.80998462 -21.59316923  28.19490769]
0.12	 1.18	0.2	-0.48	187_G	[ 36.259875 -18.73625   25.501375]
-0.05	 -0.08	-0.16	-0.01	187_G	[ 38.61675    -18.54878125  24.53834375]
-0.06	 -0.3	-0.04	0.09	187_G	[ 36.51725   -18.2010625  23.6860625]
-0.02	 -0.28	-0.05	0.01	187_G	[ 34.93973913 -19.80043478  23.59521739]
0.01	 0.2	-0.12	-0.08	188_I	[ 38.94848 -18.84588  22.31416]
0.01	 1.02	-0.06	-0.0	188_I	[ 35.9390625 -18.237375   21.144125 ]
0.2	 1.18	0.19	-0.46	188_I	[ 38.2792 -21.3116  19.0605]
0.03	 0.28	-0.15	-0.01	188_I	[ 39.59777778 -18.98716667  19.94522222]
-0.17	 -0.86	0.04	0.25	188_I	[ 37.61421212 -16.18763636  20.62357576]
-0.12	 -0.56	-0.03	0.13	188_I	[ 37.41633333 -18.25442105  17.75008772]
-0.26	 -1.37	0.16	0.42	188_I	[ 40.2563913  -16.08849275  19.73255072]
-0.07	 -0.54	0.06	0.04	189_E	[ 34.6272     -19.75566667  20.36973333]
-0.1	 -0.5	-0.04	0.05	189_E	[ 33.48057143 -21.95517857  19.96546429]
-0.03	 0.26	-0.27	0.05	189_E	[ 33.41366667 -23.28616667  20.25583333]
-0.07	 -0.74	0.06	0.06	189_E	[ 34.93664706 -24.73032353  20.01647059]
-0.09	 -0.47	-0.01	0.07	189_E	[ 35.30172727 -23.30745455  17.71009091]
-0.16	 -0.93	0.04	0.23	189_E	[ 33.97632353 -20.74305882  17.12035294]
-0.06	 -0.05	0.02	-0.04	189_E	[ 35.85166667 -20.92070833  15.468625  ]
-0.28	 -1.0	0.12	0.44	189_E	[ 35.28327273 -19.73179545  14.75747727]
-0.19	 -0.46	-0.04	0.24	189_E	[ 37.63534146 -21.60268293  16.1362439 ]
0.14	 1.18	-0.03	-0.21	190_N	[ 33.89383333 -21.53591667  22.28466667]
0.12	 1.28	0.14	-0.38	190_N	[ 35.74728571 -25.571       21.77642857]
0.02	 -0.04	0.05	-0.09	190_N	[ 36.40654545 -26.47545455  23.29509091]
-0.13	 -0.5	-0.0	0.14	190_N	[ 33.68352381 -25.71147619  22.7402381 ]
-0.04	 -0.07	-0.12	0.02	190_N	[ 32.33894444 -23.85855556  23.71011111]
-0.08	 -0.28	-0.05	0.03	190_N	[ 32.48825    -22.43682143  24.68660714]
-0.23	 -0.94	0.11	0.35	190_N	[ 31.25788525 -24.08954098  22.57981967]
0.0	 0.76	-0.03	-0.03	191_T	[ 38.12745 -25.8811   21.60645]
0.09	 1.04	0.07	-0.35	191_T	[ 38.7486 -26.4061  23.3819]
-0.21	 -0.45	0.01	0.26	191_T	[ 40.99648485 -25.71924242  23.39254545]
-0.12	 -0.57	-0.06	0.08	191_T	[ 40.9048  -24.34216  21.12208]
-0.04	 0.08	-0.04	0.04	191_T	[ 40.1953871  -21.6183871   21.15296774]
-0.19	 -0.76	0.04	0.24	191_T	[ 39.02387037 -24.4512963   18.92664815]
0.04	 0.67	-0.13	-0.07	192_L	[ 41.405      -24.65909091  25.99027273]
0.1	 0.81	-0.02	-0.18	192_L	[ 40.04141667 -26.40091667  25.94358333]
-0.18	 -0.53	0.02	0.26	192_L	[ 39.79548649 -24.92848649  28.15956757]
0.06	 0.16	-0.06	-0.03	192_L	[ 40.99269231 -22.74492308  27.50376923]
0.14	 1.38	0.01	-0.25	192_L	[ 40.51447059 -20.87835294  23.72423529]
-0.18	 -0.83	0.04	0.23	192_L	[ 41.30666667 -19.64672549  26.49172549]
-0.22	 -1.06	0.04	0.29	192_L	[ 42.99314286 -22.19761429  24.98111429]
0.05	 0.66	0.01	-0.13	193_V	[ 36.82244 -25.12716  28.10284]
-0.2	 -1.17	-0.0	0.26	193_V	[ 38.0144   -28.39805   27.647125]
-0.17	 -0.5	0.09	0.25	193_V	[ 38.15091892 -28.39408108  25.22816216]
0.07	 0.23	-0.13	-0.07	193_V	[ 34.883      -27.02755556  25.14266667]
-0.22	 -1.26	0.12	0.36	193_V	[ 34.52651563 -27.89478125  27.5056875 ]
-0.0	 0.12	-0.12	-0.06	193_V	[ 33.81606452 -25.10087097  26.83529032]
-0.24	 -1.15	0.16	0.38	206_L	[ 32.27766667 -25.62290741  41.99872222]
-0.05	 -0.37	-0.01	0.06	206_L	[ 34.6138  -24.30696  43.2606 ]
0.06	 0.84	-0.05	-0.17	206_L	[ 32.47647059 -22.94358824  41.98747059]
-0.01	 0.22	-0.17	-0.04	206_L	[ 32.1355625 -22.917875   43.9620625]
-0.11	 -0.76	-0.06	0.12	206_L	[ 34.1466875  -25.204125    40.15690625]
-0.04	 0.29	-0.22	-0.02	206_L	[ 36.9177037  -24.18562963  42.23122222]
-0.18	 -0.73	0.0	0.31	206_L	[ 37.13938961 -25.4231039   39.38594805]
0.14	 1.06	0.02	-0.27	206_L	[ 37.06746154 -22.63428846  39.48605769]
0.2	 1.1	0.05	-0.26	207_Y	[ 31.2451 -20.9735  41.6159]
-0.0	 -0.33	-0.07	0.01	207_Y	[ 30.91446667 -21.1506      39.9092    ]
-0.05	 -0.19	-0.02	0.01	207_Y	[ 32.66937209 -21.98704651  38.46290698]
0.23	 1.44	0.38	-0.61	207_Y	[ 32.96869231 -18.46669231  46.914     ]
0.08	 0.33	-0.02	-0.19	207_Y	[ 35.30480769 -21.93784615  44.96446154]
0.11	 1.48	0.18	-0.45	207_Y	[ 34.6416 -21.337   46.455 ]
-0.05	 0.2	-0.05	0.0	207_Y	[ 35.59061818 -19.72785455  47.38941818]
0.07	 1.04	0.49	-0.86	208_P	[ 30.2852 -20.1276  39.4392]
-0.08	 -0.32	-0.11	0.11	208_P	[ 30.46225  -20.376875  37.662375]
0.16	 1.68	0.28	-0.53	208_P	[ 31.24209091 -18.017       35.684     ]
-0.05	 -0.1	-0.03	0.07	208_P	[ 29.32012195 -18.80704878  37.39321951]
0.2	 1.02	0.13	-0.29	208_P	[ 28.2406875 -17.948      40.1668125]
0.07	 0.83	-0.0	-0.1	208_P	[ 29.92647059 -19.358       40.97717647]
0.17	 1.44	0.31	-0.56	209_T	[ 35.0936875 -20.3810625  36.9523125]
0.2	 1.4	0.17	-0.44	209_T	[ 35.65745 -21.10625  37.974  ]
0.18	 1.2	0.09	-0.32	210_K	[ 38.4915    -21.0914375  37.9825625]
0.02	 0.5	-0.03	-0.13	210_K	[ 40.24561538 -20.24169231  37.86238462]
0.12	 0.72	-0.01	-0.23	210_K	[ 41.70222222 -19.07518519  36.29851852]
-0.04	 -0.2	-0.05	0.08	210_K	[ 39.8264  -21.09568  35.16252]
0.15	 1.89	0.09	-0.32	210_K	[ 38.77591667 -21.51966667  33.46033333]
-0.02	 0.26	-0.06	-0.03	210_K	[ 37.29371429 -22.86767857  36.26510714]
-0.16	 -0.57	-0.02	0.24	210_K	[ 35.75042105 -23.90460526  34.66542105]
-0.16	 -0.56	-0.02	0.18	210_K	[ 37.16456522 -23.56858696  32.20554348]
0.0	 -0.06	-0.15	-0.03	211_L	[ 40.869  -20.5744  39.6554]
0.09	 0.64	0.07	-0.29	211_L	[ 39.31654286 -21.08925714  41.02768571]
-0.06	 -0.18	-0.03	0.02	212_P	[ 41.50328 -21.8014   42.0216 ]
-0.01	 -0.1	-0.05	-0.05	212_P	[ 44.09536364 -21.81268182  41.913     ]
0.15	 1.23	0.08	-0.32	212_P	[ 45.12915385 -20.73623077  40.34015385]
0.11	 0.31	0.01	-0.21	212_P	[ 42.72177778 -19.90014815  39.07585185]
0.03	 0.38	-0.1	-0.09	213_D	[ 42.0437619  -22.37209524  44.276     ]
0.17	 0.6	0.01	-0.21	213_D	[ 42.1348 -21.0344  48.0746]
-0.07	 -0.06	-0.02	-0.02	213_D	[ 40.06339623 -21.96928302  47.22711321]
-0.01	 0.16	-0.01	-0.01	213_D	[ 38.74075    -22.89496875  45.37028125]
0.06	 0.69	-0.3	-0.12	213_D	[ 37.85197561 -22.71143902  43.77407317]
-0.32	 -1.15	0.27	0.48	213_D	[ 39.79405556 -24.53305556  45.02152778]
0.04	 0.05	-0.06	-0.07	214_S	[ 43.45064706 -21.80517647  46.21552941]
-0.1	 -0.34	-0.1	0.12	214_S	[ 44.28526087 -19.98369565  48.27269565]
0.11	 1.42	0.01	-0.32	214_S	[ 43.37171429 -18.49657143  48.59142857]
0.13	 0.35	0.08	-0.22	214_S	[ 44.79017073 -16.97168293  48.41378049]
0.04	 0.34	-0.04	-0.14	214_S	[ 46.28493548 -20.68590323  47.19112903]
0.19	 0.74	0.08	-0.31	216_M	[ 36.90517241 -16.39651724  48.84937931]
0.23	 1.5	0.28	-0.53	217_K	[ 38.5548125 -19.0843125  47.4859375]
-0.05	 0.5	-0.24	0.01	217_K	[ 38.21085714 -18.6807619   49.48342857]
0.18	 0.96	-0.15	-0.18	217_K	[ 41.15644444 -16.91677778  51.56088889]
-0.12	 -0.2	-0.05	0.16	217_K	[ 38.75014286 -16.30346429  52.06510714]
0.0	 0.24	-0.02	-0.17	217_K	[ 41.71681818 -19.54524242  50.18745455]
-0.21	 -0.75	-0.09	0.24	217_K	[ 39.29686047 -20.95818605  50.55667442]
-0.21	 -0.98	0.05	0.26	217_K	[ 38.77824242 -19.55848485  53.18124242]
-0.24	 -1.14	0.08	0.33	217_K	[ 41.68071795 -19.16617949  53.78507692]
-0.27	 -1.06	0.18	0.4	217_K	[ 41.70112281 -21.65133333  53.70310526]
0.23	 0.98	-0.01	-0.25	218_G	[ 42.01953846 -16.86423077  49.67730769]
0.02	 0.26	-0.03	-0.11	218_G	[ 41.78469231 -15.09146154  51.25869231]
0.1	 0.68	0.01	-0.18	218_G	[ 39.05677778 -13.61888889  51.98177778]
0.09	 0.09	0.03	-0.19	218_G	[ 40.03621739 -12.1136087   52.21517391]
0.1	 1.42	0.31	-0.55	219_M	[ 37.68466667 -12.812       52.24866667]
-0.03	 0.08	-0.05	-0.01	219_M	[ 36.23659184 -13.96881633  51.16340816]
-0.05	 0.16	-0.08	0.05	220_D	[ 35.03972727 -12.312       53.24463636]
0.08	 0.68	-0.03	-0.21	220_D	[ 33.60514286 -12.89707143  50.90364286]
-0.02	 -0.28	-0.11	-0.01	220_D	[ 32.81546154 -12.03234615  52.70003846]
0.04	 0.32	0.02	-0.14	220_D	[34.6857619  -9.5802381  54.16514286]
-0.03	 0.39	-0.17	-0.06	220_D	[37.21315789 -9.30689474 54.79289474]
-0.17	 -0.53	0.06	0.24	220_D	[ 37.66756522 -11.21984783  54.2908913 ]
0.11	 0.19	-0.0	-0.17	220_D	[38.33614286 -8.19795238 54.13185714]
0.15	 1.02	0.05	-0.33	221_L	[ 32.65233333 -12.76925     50.19241667]
0.14	 1.5	0.32	-0.56	221_L	[ 34.040375  -12.7061875  49.0096875]
0.15	 0.56	0.05	-0.27	222_I	[ 31.99616667 -13.355       48.73544444]
0.18	 1.06	0.1	-0.37	222_I	[ 34.20275 -14.1611   48.0015 ]
0.05	 0.23	-0.07	-0.06	222_I	[ 34.17747826 -16.41656522  47.62282609]
0.22	 1.59	0.19	-0.45	224_Y	[ 28.67494118 -14.26388235  35.18305882]
0.03	 1.02	-0.11	-0.07	224_Y	[ 26.42306667 -17.61793333  37.6396    ]
-0.17	 -0.05	-0.04	0.13	224_Y	[ 27.5198  -16.49132  35.10758]
0.19	 1.31	0.16	-0.39	225_R	[ 27.78540625 -12.5529375   34.921     ]
0.05	 0.6	0.04	-0.2	225_R	[25.7381     -7.4718     32.19736667]
-0.07	 -0.36	-0.04	0.06	225_R	[25.22188372 -4.19869767 33.73916279]
0.13	 0.84	-0.04	-0.17	226_E	[ 25.57875    -12.30708333  34.09666667]
0.02	 -0.03	-0.05	-0.12	226_E	[ 24.59321739 -14.36765217  34.63608696]
0.2	 1.58	0.34	-0.57	226_E	[ 23.3099375 -13.496125   38.971875 ]
0.08	 0.94	-0.07	-0.18	226_E	[ 21.96253333 -15.82333333  37.87593333]
-0.07	 0.07	-0.19	-0.02	226_E	[ 22.70872 -14.89124  39.34344]
-0.1	 -0.24	-0.0	0.13	226_E	[ 23.35131579 -16.65105263  36.01831579]
0.15	 -0.86	0.01	-0.13	227_V	[ 24.05064286 -12.45071429  33.02735714]
-0.09	 -0.26	0.01	0.11	227_V	[ 21.16347917 -14.0375625   31.88997917]
-0.08	 -0.37	-0.07	0.09	227_V	[ 22.74352632 -11.80026316  30.81994737]
-0.07	 -0.17	-0.06	0.05	227_V	[ 20.79425926 -10.24874074  29.83922222]
-0.02	 -0.41	-0.1	0.07	227_V	[23.72877778 -9.28011111 31.22953704]
0.08	 0.89	-0.07	-0.11	228_V	[ 19.15330769 -15.41123077  32.93792308]
0.12	 1.61	0.04	-0.33	228_V	[ 18.944375 -13.6885    31.145   ]
-0.13	 -0.46	0.02	0.19	228_V	[ 17.20826316 -14.91821053  31.50542105]
0.16	 1.45	0.35	-0.59	228_V	[ 17.33055556 -12.99166667  35.04155556]
-0.21	 -0.92	0.05	0.27	228_V	[ 16.59183019 -15.54924528  35.06860377]
-0.06	 -0.05	-0.03	0.05	228_V	[ 19.75334615 -15.97276923  36.06428846]
0.17	 1.42	0.16	-0.42	229_D	[ 16.80813043 -11.74104348  33.931     ]
-0.03	 0.06	-0.08	0.04	229_D	[ 15.94430769 -12.66623077  30.10246154]
-0.13	 -0.98	-0.04	0.11	229_D	[ 16.5627 -11.1477  29.3139]
-0.15	 -0.47	0.11	0.17	229_D	[ 18.74       -12.04926667  29.38763333]
-0.13	 -0.6	-0.13	0.1	229_D	[ 14.73677143 -10.52768571  31.75468571]
-0.13	 -0.72	-0.08	0.17	229_D	[ 13.71713636 -12.44336364  32.17722727]
-0.17	 -0.88	0.02	0.22	229_D	[ 14.21352778 -13.48444444  33.41816667]
-0.32	 -1.21	0.3	0.53	229_D	[ 12.85624324 -12.55562162  30.72851351]
-0.09	 -0.23	-0.13	0.08	230_G	[15.94961538 -9.34307692 30.307     ]
-0.19	 -0.89	0.11	0.29	230_G	[18.02726316 -8.39557895 29.03244737]
-0.16	 -0.44	-0.02	0.18	230_G	[17.06011111 -6.88388889 31.02177778]
-0.12	 -0.47	0.06	0.13	230_G	[19.36409302 -6.45997674 31.00272093]
0.1	 -0.3	0.04	-0.21	231_R	[16.34722222 -8.13355556 31.96222222]
0.05	 0.26	-0.11	-0.11	231_R	[17.21477778 -6.48577778 32.99233333]
-0.08	 -0.07	-0.03	-0.0	231_R	[15.95212121 -8.89630303 34.31860606]
-0.19	 -0.86	0.09	0.24	231_R	[15.87502564 -7.69174359 36.51174359]
-0.14	 -0.98	0.05	0.2	231_R	[16.36146667 -5.27183333 35.0682    ]
-0.14	 -0.69	-0.01	0.11	231_R	[16.81372 -5.91608 37.8372 ]
-0.11	 -0.47	-0.03	0.16	231_R	[17.29869231 -3.48353846 37.29746154]
-0.14	 -0.8	0.03	0.16	231_R	[19.52720513 -3.69253846 36.17969231]
-0.21	 -0.9	0.09	0.42	231_R	[18.80525    -4.19189062 39.19971875]
0.17	 0.91	0.09	-0.35	232_P	[19.80782759 -7.07489655 38.28427586]
0.21	 1.04	0.15	-0.39	232_P	[22.69342105 -5.23305263 36.36668421]
-0.07	 -0.28	-0.04	0.05	232_P	[22.27565116 -5.27472093 33.46276744]
-0.05	 0.17	-0.05	-0.01	232_P	[19.5688  -5.08625 33.3123 ]
0.03	 0.71	-0.05	-0.11	233_Q	[20.74758333 -7.84875    39.57875   ]
0.26	 1.43	0.36	-0.59	233_Q	[ 23.29570833 -12.17029167  39.89991667]
-0.1	 -0.31	-0.02	0.06	233_Q	[ 19.55161538 -10.24707692  39.85671795]
-0.0	 0.32	-0.24	-0.08	233_Q	[ 21.08926316 -12.81105263  39.38342105]
-0.0	 0.3	-0.13	-0.0	233_Q	[ 17.90922222 -11.15733333  38.862     ]
0.01	 0.04	-0.06	-0.1	233_Q	[ 17.47272222 -11.40741667  36.44113889]
-0.22	 -0.79	0.06	0.32	233_Q	[ 18.20146 -13.7412   38.93686]
0.12	 0.6	-0.06	-0.04	234_Y	[21.66758333 -8.28908333 41.13891667]
-0.03	 0.23	0.0	-0.02	234_Y	[22.13278261 -9.98182609 43.28906522]
0.18	 1.6	0.19	-0.46	234_Y	[22.95757143 -7.50692857 42.59178571]
0.07	 0.58	-0.01	-0.14	234_Y	[22.52091667 -5.87883333 40.67066667]
-0.06	 0.0	-0.19	-0.02	234_Y	[22.97       -4.63796154 38.80634615]
0.08	 0.3	-0.05	-0.19	234_Y	[25.19214706 -3.51832353 37.69097059]
0.17	 0.76	-0.04	-0.25	235_R	[ 22.98407692 -11.83269231  45.07738462]
-0.06	 -0.06	-0.08	0.03	235_R	[ 22.87480851 -13.33078723  42.6672766 ]
-0.08	 -0.47	0.02	0.12	235_R	[ 22.88311905 -15.78716667  43.1522619 ]
-0.12	 -0.47	-0.15	0.13	235_R	[ 22.5645 -16.422   40.8745]
-0.13	 -0.57	-0.03	0.16	235_R	[ 23.04969231 -18.288       41.51446154]
-0.16	 -0.68	0.07	0.2	235_R	[ 25.09508696 -18.78584783  42.43121739]
-0.11	 -0.34	0.06	0.14	235_R	[ 24.50873469 -18.41993878  39.40544898]
0.14	 0.58	0.01	-0.19	236_R	[ 24.09591667 -13.06825     46.21158333]
0.13	 1.56	0.14	-0.42	236_R	[ 26.567      -15.78744444  47.36111111]
-0.06	 -0.11	-0.01	0.03	236_R	[ 25.48892308 -16.04788462  45.67634615]
0.04	 0.27	0.03	-0.05	236_R	[ 25.05867857 -13.47878571  48.46925   ]
0.12	 1.48	0.05	-0.27	236_R	[ 26.87781818 -15.58054545  48.763     ]
-0.05	 0.18	-0.05	0.05	236_R	[ 26.62092308 -14.29676923  51.17380769]
-0.08	 0.19	-0.07	0.09	236_R	[ 28.23863636 -15.28127273  51.99572727]
0.12	 1.25	0.11	-0.34	236_R	[ 29.4443     -13.74546667  51.6183    ]
0.13	 1.28	0.06	-0.32	236_R	[ 30.03668 -11.64648  53.25428]
-0.13	 -0.6	-0.11	0.2	236_R	[ 30.95806557 -14.57719672  52.33078689]
0.12	 1.1	0.03	-0.23	237_I	[ 28.10621429 -17.82414286  45.78328571]
0.11	 0.6	0.02	-0.26	237_I	[ 31.27002703 -15.7007027   48.24537838]
0.16	 1.58	0.01	-0.3	237_I	[ 29.34457143 -18.8377619   43.77809524]
0.02	 0.28	-0.2	-0.06	237_I	[ 27.62612903 -18.10625806  43.0916129 ]
-0.01	 0.45	0.01	-0.09	238_A	[ 27.60873333 -17.36273333  47.71766667]
-0.02	 0.01	-0.02	0.0	238_A	[ 30.69517647 -17.15258824  49.81358824]
0.03	 0.34	-0.05	-0.1	238_A	[ 30.70996774 -19.1826129   48.34816129]
-0.21	 -1.05	0.02	0.29	238_A	[ 30.21048571 -20.59814286  50.03617143]
-0.19	 -0.95	0.04	0.29	238_A	[ 28.16159259 -17.99468519  50.70946296]
0.14	 1.07	0.02	-0.28	239_A	[ 29.0018 -19.364   46.5919]
-0.08	 -0.26	0.0	0.12	239_A	[ 29.30814286 -21.50247619  47.00838095]
-0.01	 0.16	-0.06	-0.07	239_A	[ 32.73963889 -21.71477778  47.65508333]
-0.26	 -0.75	0.12	0.38	239_A	[ 31.32261905 -23.49671429  47.28945238]
-0.05	 -0.13	0.02	-0.01	239_A	[ 29.78002632 -20.63410526  44.38013158]
