-0.23	 -0.8	0.12	0.32	136_Y	[-3.26235556 -9.58966667 -7.23668889]
-0.08	 -0.24	-0.14	0.06	136_Y	[-1.09187879 -9.57621212 -5.93154545]
0.16	 0.97	0.1	-0.32	136_Y	[-0.93947826 -9.377      -3.37278261]
-0.18	 -1.17	0.06	0.27	136_Y	[-1.95788095 -6.63169048 -5.4405    ]
-0.08	 0.29	-0.02	0.16	136_Y	[-3.37114286 -5.53557143 -4.21342857]
-0.07	 -0.62	0.0	0.09	136_Y	[-2.58759259 -6.45514815 -2.44785185]
-0.14	 -0.83	0.03	0.22	136_Y	[-5.18728571 -6.38021429 -5.55117857]
-0.09	 0.14	-0.03	0.05	136_Y	[-4.53128125 -7.00659375 -1.02378125]
-0.14	 -0.63	0.05	0.15	136_Y	[-6.73264103 -6.19358974 -4.03682051]
-0.12	 -0.79	-0.05	0.19	136_Y	[-5.6331 -5.2589 -2.3772]
-0.24	 -0.76	0.09	0.36	136_Y	[-7.10215556 -6.95215556 -1.231     ]
0.16	 0.96	0.07	-0.34	137_V	[ -4.87161538 -10.88430769  -5.57084615]
0.17	 1.7	0.24	-0.49	137_V	[ -4.042625  -12.6429375  -0.854375 ]
-0.05	 -0.04	-0.19	-0.0	137_V	[ -6.26625    -12.46945833  -4.411     ]
-0.1	 -0.3	-0.07	0.07	137_V	[ -6.7166129  -11.4623871   -1.35598387]
-0.14	 -0.9	0.03	0.23	137_V	[-7.50176744 -9.92544186 -4.49495349]
0.12	 1.45	0.14	-0.4	138_T	[ -4.88403704 -13.05907407  -4.88903704]
0.14	 1.04	0.08	-0.38	138_T	[ -4.51525 -15.228    -3.9692 ]
0.15	 0.9	0.03	-0.29	138_T	[ -0.72837931 -15.96003448  -3.81989655]
-0.18	 -0.44	-0.09	0.17	138_T	[ -2.98757143 -13.743       -6.85885714]
-0.23	 -1.0	-0.01	0.37	138_T	[ -5.27102 -15.14362  -6.22848]
-0.21	 -0.64	-0.42	0.47	138_T	[ -2.30008571 -16.77084286  -6.18918571]
0.14	 0.88	0.1	-0.32	139_Q	[ -1.37856 -12.80696  -5.69616]
0.12	 0.72	-0.04	-0.24	139_Q	[  1.33871429 -11.76378571  -1.76857143]
-0.08	 -0.27	-0.08	0.05	139_Q	[  0.683525 -11.3789    -5.118275]
-0.17	 -0.85	0.0	0.24	139_Q	[  3.04348837 -11.72718605  -4.41595349]
-0.21	 -0.72	-0.04	0.22	139_Q	[  3.9051 -13.326   -6.0857]
-0.29	 -0.39	-0.0	0.21	139_Q	[  2.00820455 -14.82670455  -6.09354545]
-0.1	 -0.32	0.0	0.1	139_Q	[  4.32284 -14.6159   -3.82408]
0.11	 0.88	-0.01	-0.3	140_L	[  0.23211111 -10.80277778  -1.91877778]
0.15	 1.25	0.31	-0.54	140_L	[  1.22466667 -11.48006667  -0.6918    ]
0.09	 0.71	0.01	-0.25	140_L	[ -2.9145     -11.90852941   0.64423529]
0.16	 0.56	-0.12	-0.09	140_L	[-0.66081818 -8.77845455 -1.38563636]
-0.17	 -0.82	-0.04	0.22	140_L	[-2.79010909 -8.47345455  0.79605455]
-0.1	 -0.42	-0.05	0.12	140_L	[ 0.60167089 -9.30912658  0.96017722]
0.17	 1.62	0.27	-0.53	141_Y	[ -2.20738462 -16.03038462   2.16653846]
0.16	 0.79	0.05	-0.24	141_Y	[ -0.84766667 -18.13388889  -0.32211111]
0.19	 0.81	-0.0	-0.26	141_Y	[ -1.5746875 -17.22925     2.21175  ]
-0.09	 -0.3	-0.1	0.08	141_Y	[ -2.88343243 -17.37481081  -0.66405405]
0.07	 0.94	0.2	-0.37	141_Y	[ -4.5529  -14.88425   0.0271 ]
-0.05	 -0.12	-0.08	0.03	141_Y	[ -4.29438462 -15.79123077   1.84057692]
-0.03	 -0.12	-0.07	-0.02	141_Y	[ -5.1735     -15.78116667  -1.90653333]
-0.27	 -1.26	-0.02	0.36	141_Y	[ -6.25378049 -15.09290244   2.23321951]
-0.07	 0.22	0.13	-0.08	141_Y	[ -6.59140476 -14.91114286  -1.52614286]
-0.08	 -0.22	-0.06	0.01	141_Y	[ -7.06445455 -14.88340909   0.41709091]
-0.27	 -0.95	0.11	0.39	141_Y	[ -8.74390476 -14.21454762   0.69261905]
0.13	 0.94	-0.0	-0.23	142_Y	[ -0.6537 -17.4005  -1.7005]
0.09	 0.82	-0.11	-0.2	142_Y	[  0.0638 -18.475   -1.2935]
-0.02	 -0.01	-0.18	0.01	142_Y	[  1.27908571 -17.56411429  -3.40997143]
0.04	 -0.02	-0.11	-0.05	142_Y	[  3.26222222 -17.99066667  -3.79433333]
0.09	 0.85	-0.12	-0.15	142_Y	[  3.72171429 -19.30257143  -3.81014286]
0.06	 0.57	-0.02	-0.19	142_Y	[  4.92132258 -16.40851613  -2.40335484]
0.14	 1.26	0.0	-0.26	142_Y	[  4.582875 -20.09875   -3.727125]
-0.16	 -0.39	-0.11	0.2	142_Y	[  6.45058065 -17.31064516  -2.53854839]
-0.05	 0.04	-0.15	0.04	142_Y	[  5.692      -19.75330769  -3.43030769]
-0.05	 0.11	0.02	-0.0	142_Y	[  7.12361905 -20.62371429  -1.73228571]
0.18	 1.35	0.16	-0.41	143_K	[  4.52411765 -14.671       -0.23717647]
0.16	 1.26	0.08	-0.34	143_K	[  2.88033333 -13.67958333   3.715     ]
0.0	 -0.28	0.02	-0.03	143_K	[  4.20934783 -15.30652174   4.25569565]
0.01	 0.04	-0.23	-0.06	143_K	[  3.35074074 -12.69074074  -0.69862963]
0.04	 0.46	-0.08	-0.07	143_K	[  4.67688235 -12.64629412   2.18179412]
-0.06	 0.0	-0.04	-0.03	143_K	[  3.06867347 -10.60326531   1.16195918]
-0.23	 -1.15	0.08	0.36	143_K	[ 5.08947059 -9.49370588  2.65466667]
-0.26	 -0.97	0.15	0.4	143_K	[  7.01884 -10.32538   1.19208]
-0.03	 -0.89	-0.05	0.01	144_I	[  1.91215385 -14.57730769   5.37669231]
0.03	 0.39	-0.06	-0.06	144_I	[  2.81113793 -17.35748276   6.00703448]
0.13	 1.25	0.12	-0.37	144_I	[ -1.3056     -16.26446667   3.74626667]
-0.09	 -0.3	-0.04	0.06	144_I	[  0.62097561 -12.8437561    4.53207317]
0.04	 0.11	-0.01	-0.09	144_I	[ -0.958775 -15.846575   6.37535 ]
-0.11	 -0.3	-0.09	0.12	144_I	[ -2.25469737 -13.04935526   4.12409211]
0.18	 1.64	0.15	-0.41	145_S	[  2.93330769 -19.73846154   4.97707692]
0.17	 1.94	0.16	-0.41	145_S	[  2.80804545 -20.97190909   5.26159091]
-0.04	 0.08	-0.03	0.02	145_S	[ -1.46266667 -19.61940476   3.86533333]
0.06	 0.63	0.02	-0.17	145_S	[ -1.00841667 -19.91670833   0.90608333]
0.12	 1.19	0.49	-0.67	146_R	[  4.46242857 -20.89571429   4.14671429]
0.0	 0.21	-0.2	0.0	146_R	[  5.39755  -19.4832     4.261825]
0.05	 0.61	-0.07	-0.14	146_R	[  7.4061 -19.1286   1.7693]
0.04	 0.27	-0.1	-0.08	146_R	[  6.378      -16.98714286   3.60935714]
0.01	 1.4	0.04	-0.11	146_R	[  7.03792 -15.90148   1.611  ]
-0.2	 -0.65	0.04	0.26	146_R	[  8.25087037 -16.35662963   0.52659259]
-0.16	 -0.5	-0.08	0.21	146_R	[  7.05053061 -13.9745102    2.64044898]
0.03	 0.2	-0.06	-0.12	147_I	[ -0.28235714 -21.0572619   -1.95959524]
0.13	 0.9	-0.02	-0.26	147_I	[ -1.80569565 -22.41791304   0.24730435]
0.08	 0.77	-0.01	-0.23	147_I	[ -2.2766875  -23.05464583   3.60795833]
-0.0	 0.88	-0.28	-0.18	148_D	[  0.19957895 -22.53336842  -4.72373684]
0.1	 1.26	0.15	-0.43	148_D	[  0.758625 -25.52825   -5.37625 ]
0.19	 0.53	0.11	-0.29	148_D	[  1.45453333 -26.61153333  -4.26566667]
-0.05	 -0.03	-0.01	-0.04	148_D	[  2.0052973  -24.34710811  -5.43637838]
-0.19	 -0.74	-0.05	0.23	148_D	[  3.052      -22.35515385  -6.15653846]
-0.13	 -0.44	0.48	0.33	148_D	[  2.25529032 -20.86135484  -4.93977419]
-0.1	 -0.46	0.01	0.13	148_D	[  4.95984091 -22.66286364  -5.18327273]
0.17	 1.45	0.18	-0.44	149_W	[ -1.20939286 -22.97214286  -5.06378571]
0.13	 0.97	0.04	-0.24	149_W	[ -0.43721429 -26.859       -5.90021429]
-0.07	 -0.04	-0.1	-0.01	149_W	[ -0.6402069  -25.3307931   -7.29793103]
0.09	 0.68	0.03	-0.25	149_W	[ -4.87592593 -25.23381481  -4.84451852]
-0.08	 0.63	-0.08	0.08	149_W	[ -5.47916667 -24.458       -3.83783333]
-0.14	 -0.4	-0.07	0.14	149_W	[ -4.39182927 -22.11912195  -3.86231707]
-0.04	 -0.13	0.06	-0.1	149_W	[ -5.61527273 -25.11327273  -2.30945455]
-0.15	 -0.74	0.05	0.19	149_W	[ -4.62855556 -21.84888889  -1.53083333]
-0.0	 0.43	0.05	-0.12	149_W	[ -5.30811111 -23.66611111  -1.23461111]
0.05	 0.09	-0.07	-0.09	149_W	[ -5.1954     -26.9346      -2.12433333]
-0.15	 -0.45	-0.04	0.15	149_W	[ -5.22       -23.31483333   0.92419048]
0.12	 1.05	0.15	-0.35	149_W	[ -5.82075    -26.73191667  -0.71408333]
0.12	 0.4	0.01	-0.16	149_W	[ -6.17535714 -25.529        0.779     ]
0.12	 1.61	0.17	-0.42	150_D	[ -1.0903 -28.2669  -5.8222]
-0.06	 -0.61	-0.1	0.06	150_D	[ -1.50136842 -28.10147368  -8.00621053]
0.05	 0.25	0.01	-0.15	150_D	[ -5.81442857 -27.65108571  -6.5298    ]
0.13	 0.55	-0.01	-0.18	150_D	[ -1.18975   -29.83575    -6.5664375]
0.02	 0.01	-0.08	-0.06	150_D	[ -2.32269231 -29.73892308  -9.28692308]
-0.1	 -0.43	0.06	0.12	150_D	[ -2.19763636 -31.64036364  -8.96739394]
0.12	 0.74	0.07	-0.24	151_Y	[ -3.17236 -27.58804  -9.96384]
0.07	 0.93	-0.15	-0.07	151_Y	[ -6.52315385 -25.93523077  -8.79869231]
0.15	 1.24	0.18	-0.43	151_Y	[ -6.63378947 -27.47042105 -10.19126316]
-0.18	 -0.39	-0.02	0.25	151_Y	[ -7.69115909 -27.20870455 -11.17659091]
-0.16	 -0.29	-0.09	0.14	151_Y	[ -5.35246341 -25.2024878  -11.24895122]
-0.1	 0.21	-0.06	0.08	151_Y	[ -4.65233333 -23.12133333 -10.64683333]
-0.11	 -0.75	0.08	0.15	151_Y	[ -5.86563889 -23.56769444  -8.36844444]
-0.14	 -0.83	0.03	0.17	151_Y	[ -2.51140541 -24.12318919 -10.56218919]
-0.2	 -0.64	0.01	0.18	151_Y	[ -5.20777778 -21.95051852  -7.32740741]
-0.16	 -0.57	0.03	0.18	151_Y	[ -1.38364286 -22.50328571  -8.85045238]
-0.13	 -0.67	-0.03	0.11	151_Y	[ -3.447      -21.12772727  -9.01409091]
-0.19	 -0.18	0.44	0.47	151_Y	[ -2.41392982 -20.78629825  -6.61180702]
0.21	 1.45	-0.03	-0.26	152_E	[ -7.5773 -29.1315 -12.4353]
0.15	 1.16	0.11	-0.36	152_E	[ -7.53644444 -31.046      -10.68316667]
-0.19	 -0.59	-0.16	0.26	152_E	[ -8.9889   -31.171575 -11.265625]
-0.08	 -0.49	-0.09	0.15	152_E	[ -5.0670625  -31.8175     -11.68521875]
-0.1	 -0.6	-0.02	0.15	152_E	[ -3.52016981 -29.86084906 -12.80349057]
-0.11	 -0.29	-0.14	0.16	152_E	[ -5.24881818 -29.30531818 -14.74204545]
-0.24	 -1.1	0.1	0.33	152_E	[ -6.70080556 -30.03191667 -14.59377778]
-0.28	 -0.8	0.19	0.41	152_E	[ -4.6302093  -27.94588372 -14.97490698]
0.12	 0.65	0.06	-0.27	153_V	[ -8.37121429 -33.02135714  -9.46264286]
0.19	 1.03	0.07	-0.31	153_V	[-10.27066667 -30.95688889  -9.64977778]
-0.04	 -0.22	-0.09	0.05	153_V	[ -9.55613725 -28.97576471  -8.0182549 ]
0.03	 0.27	-0.0	-0.11	153_V	[ -5.64344186 -33.7802093   -8.56393023]
0.12	 1.25	0.08	-0.33	153_V	[ -6.70767857 -29.77039286  -5.52453571]
0.06	 0.58	-0.12	-0.04	154_E	[-11.81817647 -30.49229412  -8.846     ]
0.1	 0.97	0.51	-0.7	154_E	[-10.93557143 -28.89092857  -6.37292857]
0.16	 1.4	0.06	-0.29	154_E	[ -9.5895625 -29.625875   -5.3715625]
-0.08	 -0.1	-0.05	0.05	154_E	[-12.86964706 -32.82164706  -6.25726471]
-0.22	 -0.9	0.05	0.28	154_E	[-12.953425 -32.8228    -9.468775]
-0.11	 -0.42	-0.08	0.08	154_E	[-11.22254839 -34.48848387  -8.85522581]
-0.03	 -0.17	-0.04	0.0	154_E	[ -9.96736667 -34.5319      -7.5643    ]
-0.29	 -1.04	0.21	0.47	154_E	[-12.29565 -35.7973   -9.61495]
-0.09	 -0.65	0.01	0.24	155_P	[-11.22361905 -28.05680952  -4.81385714]
0.04	 0.29	-0.09	-0.05	155_P	[-13.61557143 -29.14871429  -2.31871429]
-0.1	 -0.12	-0.03	0.06	155_P	[-11.19255263 -28.62963158  -1.64371053]
-0.18	 -0.92	0.04	0.28	155_P	[-14.02180435 -27.52482609  -4.1091087 ]
-0.24	 -1.13	0.12	0.34	155_P	[-14.19504348 -27.45702174  -6.77091304]
-0.14	 -0.59	-0.03	0.18	155_P	[-14.19755263 -29.92139474  -7.15255263]
0.03	 0.44	-0.1	-0.14	156_A	[-13.941   -30.9796   -3.79455]
0.06	 0.61	-0.02	-0.08	156_A	[-13.54477778 -30.19722222  -1.00466667]
0.11	 0.77	-0.01	-0.24	156_A	[-11.53938889 -33.77011111  -1.68472222]
-0.17	 -0.77	0.01	0.2	156_A	[-14.55160377 -32.63407547  -1.59783019]
0.21	 0.97	0.12	-0.34	157_R	[-11.64057143 -32.71271429  -3.78178571]
0.15	 1.18	-0.08	-0.22	157_R	[-10.15891667 -34.04941667  -1.6615    ]
0.1	 0.4	0.0	-0.17	157_R	[ -8.233      -29.55546875  -3.3995    ]
0.01	 0.1	-0.14	0.0	157_R	[ -9.8529     -34.08483333  -3.48966667]
0.12	 1.17	-0.03	-0.17	157_R	[ -7.50163158 -34.79368421  -2.08573684]
-0.06	 -0.37	0.02	0.06	157_R	[ -8.19796 -35.57588  -4.91152]
0.06	 0.66	-0.01	-0.19	157_R	[ -5.965      -36.1295      -3.33858333]
0.05	 0.31	0.08	-0.21	157_R	[ -5.02008696 -36.4793913   -5.54826087]
-0.23	 -0.91	0.05	0.34	157_R	[ -6.29902632 -36.70423684  -7.20268421]
-0.14	 -0.42	-0.01	0.16	157_R	[ -3.33490909 -36.93286364  -5.60002273]
0.08	 1.17	0.04	-0.21	158_I	[ -7.4669 -28.6857  -1.1765]
-0.03	 0.14	-0.0	0.02	158_I	[ -9.4461  -28.24575   0.28445]
0.11	 0.96	0.04	-0.29	158_I	[ -7.02726316 -27.18889474   1.058     ]
-0.02	 -0.26	-0.01	-0.01	158_I	[ -9.65748148 -27.57714815   2.40566667]
0.17	 1.23	0.12	-0.36	159_K	[ -5.58483333 -29.16355556  -2.86916667]
0.22	 1.41	0.16	-0.42	159_K	[ -4.48340909 -28.33540909  -3.98890909]
0.17	 1.05	0.06	-0.33	159_K	[ -1.04847368 -32.608       -3.33852632]
-0.09	 -0.66	-0.03	0.11	159_K	[ -1.54478261 -34.62115217  -5.86732609]
-0.17	 -0.87	-0.04	0.25	159_K	[ -0.1455 -32.329   -6.2402]
0.13	 0.67	-0.07	-0.17	160_G	[ -0.079   -28.93264  -4.3596 ]
0.11	 0.31	-0.26	-0.04	160_G	[  0.96675  -30.00975   -3.533375]
0.15	 0.39	0.04	-0.22	160_G	[  1.21857895 -31.10273684  -2.35315789]
-0.04	 0.03	-0.15	-0.02	161_I	[  3.40967442 -29.82095349  -3.23630233]
0.08	 0.3	-0.04	-0.18	161_I	[  6.16929032 -29.51448387  -1.53067742]
-0.23	 -1.21	0.11	0.32	161_I	[  5.27806557 -29.50288525  -4.77293443]
0.17	 1.42	0.34	-0.58	162_H	[  6.5604 -27.4067   3.5889]
0.16	 1.03	0.03	-0.29	162_H	[  2.78191304 -27.85169565   4.14978261]
0.05	 0.64	-0.17	-0.14	162_H	[  4.79779245 -27.19245283   5.33581132]
0.01	 0.17	-0.0	-0.08	162_H	[  5.21031579 -24.89936842   7.10086842]
0.17	 1.03	0.32	-0.26	162_H	[  4.54897222 -22.30691667   5.91025   ]
0.13	 1.61	0.15	-0.39	163_Y	[  8.83744444 -24.82816667   1.67166667]
0.14	 1.19	0.27	-0.53	163_Y	[  9.27242857 -24.13471429   2.65428571]
0.17	 1.03	0.08	-0.36	163_Y	[  7.74989474 -24.84489474   5.12065789]
-0.02	 0.56	-0.07	-0.07	163_Y	[  8.42403704 -22.56796296   0.34951852]
0.13	 0.74	-0.14	-0.11	163_Y	[  7.90671429 -22.855       -1.73828571]
-0.16	 -0.81	0.12	0.11	163_Y	[  9.18788462 -24.40876923  -1.58476923]
0.08	 1.33	-0.06	-0.2	163_Y	[  6.93757143 -22.93985714  -2.52985714]
-0.12	 -1.01	0.02	0.12	163_Y	[  8.611      -26.3367561   -3.13378049]
0.17	 1.03	0.04	-0.27	163_Y	[  6.33066667 -23.16366667  -3.38033333]
-0.07	 -0.17	-0.06	0.01	163_Y	[  7.29954545 -24.34927273  -4.12754545]
-0.13	 -0.23	-0.03	0.13	163_Y	[  6.15511364 -26.2055      -4.97484091]
0.17	 0.54	0.05	-0.23	164_G	[  8.35792857 -21.29285714   2.11928571]
0.1	 0.62	-0.06	-0.18	164_G	[  7.48789744 -20.92571795   4.61448718]
-0.11	 -0.05	0.01	0.05	164_G	[  9.98816667 -20.63508333   4.21808333]
-0.09	 -0.23	-0.04	0.13	164_G	[ 10.7052     -22.57394286   3.1208    ]
0.09	 1.21	-0.13	-0.06	165_P	[ 10.25966667 -20.246        5.49633333]
-0.12	 -0.32	0.05	0.12	165_P	[ 11.8638  -20.6927    5.70525]
0.16	 1.69	-0.01	-0.27	165_P	[ 12.469375 -23.308      8.1795  ]
-0.18	 -0.63	0.07	0.29	165_P	[ 13.53839535 -23.33309302   6.21348837]
-0.24	 -1.32	0.12	0.33	165_P	[ 11.94484615 -20.71533333   8.38520513]
-0.02	 0.28	-0.03	-0.06	165_P	[  9.40155  -21.339975   9.3477  ]
-0.01	 -0.07	-0.07	-0.04	165_P	[  8.20487719 -21.30570175   6.96445614]
0.2	 1.92	0.22	-0.47	166_D	[  9.37126316 -24.22336842   6.74915789]
-0.02	 0.09	-0.13	-0.09	166_D	[ 12.88045455 -25.782        7.39095455]
-0.02	 -0.51	-0.15	0.01	166_D	[ 12.82588889 -25.67911111   5.08666667]
0.09	 0.03	0.03	-0.2	166_D	[ 10.7224  -25.1132    3.44284]
-0.12	 -0.39	-0.12	0.13	166_D	[ 10.00886047 -26.82102326   7.72618605]
-0.06	 -0.22	-0.08	0.06	166_D	[ 11.10793939 -25.41909091   9.57239394]
-0.33	 -1.22	0.28	0.54	166_D	[ 12.11485714 -26.46788571  10.44842857]
-0.17	 -0.42	-0.17	0.25	166_D	[  9.55705  -24.083475   9.8292  ]
-0.02	 0.08	-0.21	-0.03	167_I	[ 12.12105 -27.81905   6.26845]
-0.03	 -0.43	-0.02	-0.0	167_I	[ 12.50838462 -27.08123077   3.478     ]
0.05	 0.5	-0.1	-0.19	167_I	[  8.68204082 -28.31297959   5.03365306]
-0.01	 -0.18	-0.07	0.04	167_I	[ 11.32155556 -30.25855556   5.263     ]
-0.19	 -0.93	-0.01	0.24	167_I	[ 14.27055  -28.65305    5.052275]
-0.14	 -0.78	-0.02	0.2	167_I	[ 12.40535385 -30.80461538   2.60407692]
-0.27	 -1.44	0.2	0.44	167_I	[ 14.95095238 -31.19093651   5.3774127 ]
0.05	 0.3	-0.07	-0.14	168_A	[ 10.58584615 -27.45838462   1.76134615]
0.1	 1.37	0.03	-0.27	168_A	[  7.26161538 -30.29361538   0.51507692]
-0.11	 -0.33	-0.07	0.07	168_A	[  8.86802778 -31.44236111   1.88247222]
-0.08	 -0.21	-0.04	0.04	168_A	[  9.29502174 -28.12423913  -0.27267391]
0.19	 1.34	0.37	-0.61	169_Q	[  6.4464     -28.44286667   3.62026667]
0.12	 1.4	0.26	-0.51	169_Q	[  6.8476     -31.83626667   1.76553333]
0.14	 1.36	0.01	-0.27	169_Q	[  5.7723 -31.0075   0.3257]
0.19	 1.54	0.29	-0.53	169_Q	[  3.17989474 -29.69926316   2.80315789]
0.06	 0.54	0.04	-0.25	169_Q	[  5.16052083 -30.14060417   4.55127083]
-0.02	 0.06	-0.05	-0.07	169_Q	[  7.869875 -31.41505    4.6206  ]
-0.07	 0.01	-0.17	0.09	169_Q	[  6.6427619  -31.22619048   6.55338095]
-0.2	 -0.33	-0.01	0.3	169_Q	[  5.74011765 -29.51211765   6.70239216]
-0.26	 -1.09	0.15	0.41	169_Q	[  7.01203509 -32.75935088   7.18163158]
0.12	 1.81	0.19	-0.42	170_P	[  4.80125    -31.30483333  -0.33066667]
0.12	 1.42	0.16	-0.43	170_P	[  4.3836 -31.7146  -0.7676]
0.14	 1.26	-0.03	-0.2	170_P	[  0.91666667 -33.419        1.54566667]
-0.11	 -0.24	-0.02	0.08	170_P	[  1.739825 -32.193225   3.1448  ]
-0.11	 -0.32	-0.12	0.18	170_P	[  2.32330769 -33.78771154  -0.693     ]
-0.23	 -0.97	0.11	0.32	170_P	[  3.74168182 -35.07215909   1.08077273]
-0.13	 -0.52	-0.02	0.18	170_P	[  5.67352273 -33.48427273   1.56906818]
0.11	 0.56	-0.06	-0.23	171_I	[ -0.85253333 -31.67733333   3.08506667]
0.25	 1.43	0.11	-0.37	171_I	[ -0.23980952 -32.74057143  -1.40709524]
0.09	 0.81	-0.15	-0.13	171_I	[  0.3265     -29.37459375   3.77590625]
0.03	 0.43	0.08	-0.26	172_N	[ -1.92132432 -33.35602703   2.03008108]
0.12	 1.64	-0.01	-0.31	172_N	[ -3.43014286 -34.18014286   2.66585714]
-0.2	 -0.59	-0.01	0.25	172_N	[ -3.516      -36.1169697    2.04657576]
-0.09	 -0.18	-0.28	0.19	172_N	[ -1.12951515 -35.15275758  -0.55193939]
0.12	 0.95	-0.05	-0.21	172_N	[ -3.71509091 -35.83122727  -1.82540909]
0.17	 0.77	0.09	-0.37	172_N	[ -5.3796     -35.35126667  -1.7294    ]
-0.21	 -0.77	0.01	0.29	172_N	[ -3.36060714 -37.51383929  -1.46619643]
-0.03	 -0.11	-0.16	0.01	173_M	[ -6.20604762 -36.10871429   1.54161905]
0.14	 0.44	0.11	-0.31	173_M	[ -7.12919048 -35.0802381   -0.10838095]
-0.15	 -0.59	0.01	0.1	173_M	[ -5.82245946 -34.68267568   4.3312973 ]
0.14	 1.3	0.2	-0.47	173_M	[ -4.72331579 -32.92915789   4.47947368]
0.01	 0.3	-0.02	-0.09	173_M	[ -7.49475472 -32.81883019   6.69830189]
-0.04	 -0.45	-0.14	0.04	174_D	[ -8.48377273 -36.30540909   1.95063636]
0.07	 0.81	-0.28	-0.05	174_D	[ -9.31576923 -35.04484615  -0.45561538]
0.09	 0.98	-0.01	-0.19	174_D	[-10.82008108 -35.46518919   4.18381081]
-0.18	 -0.85	0.01	0.22	174_D	[-10.36345455 -37.06018182   0.80895455]
0.03	 0.65	0.04	-0.13	174_D	[-12.50274286 -36.41888571   1.02917143]
0.11	 0.63	-0.08	-0.18	174_D	[-12.98325    -35.15475     -0.63158333]
-0.23	 -0.61	-0.1	0.37	174_D	[-13.350825 -38.072725   1.1692  ]
0.13	 1.92	-0.11	-0.17	175_S	[-14.5376 -31.7162   2.6536]
0.06	 0.51	0.06	-0.19	175_S	[-14.24796 -30.89912   4.44612]
0.12	 0.47	-0.04	-0.16	175_S	[-12.15833333 -29.4836       3.651     ]
-0.0	 0.22	0.01	-0.05	175_S	[-12.90711429 -30.21922857   1.43034286]
-0.01	 -0.09	-0.05	-0.04	176_S	[-15.72924 -32.6648    2.09636]
-0.13	 -0.33	0.05	0.12	176_S	[-17.27226 -33.03764   4.75492]
-0.04	 -0.41	-0.02	-0.02	176_S	[-16.48248276 -35.83731034   1.75717241]
-0.15	 -0.3	-0.02	0.12	176_S	[-15.36565517 -34.99106897  -0.18765517]
0.17	 1.35	0.2	-0.45	177_H	[-13.97480769 -35.70111538   4.48096154]
-0.07	 -0.27	-0.1	0.08	177_H	[-17.32927273 -34.48272727   6.54381818]
-0.07	 -0.04	-0.03	-0.09	177_H	[-16.42955556 -33.506        7.85166667]
-0.18	 -0.52	0.06	0.25	177_H	[-14.98063636 -34.87354545   9.19093939]
-0.15	 -0.43	-0.1	0.15	177_H	[-15.47457778 -36.77911111   7.26942222]
-0.12	 0.38	-0.07	0.12	177_H	[-16.75642857 -38.51657143   6.49071429]
-0.18	 -0.49	0.01	0.27	177_H	[-18.582      -36.72873913   5.69021739]
-0.14	 -0.56	-0.02	0.16	177_H	[-14.9855625  -38.5163125    4.47270833]
-0.22	 -1.11	0.13	0.32	177_H	[-18.84060784 -38.03562745   3.87672549]
-0.22	 -0.95	0.11	0.32	177_H	[-16.93264286 -39.25264286   3.01560714]
0.1	 1.92	0.18	-0.49	178_H	[-16.27842857 -32.51985714   6.90414286]
0.01	 -0.06	-0.06	-0.13	178_H	[-14.30563158 -32.00236842   9.57289474]
0.0	 0.03	-0.0	-0.09	178_H	[-16.33491667 -31.35533333   7.99283333]
-0.08	 -0.36	-0.06	0.06	178_H	[-15.41893333 -29.9226       6.39716667]
0.16	 1.46	0.25	-0.51	178_H	[-11.9768  -31.0672    9.26664]
-0.09	 -0.09	-0.11	0.15	178_H	[-11.328      -33.02460606   9.46963636]
0.18	 1.48	0.05	-0.32	178_H	[-12.62536364 -35.35481818   6.00172727]
-0.19	 -0.87	0.02	0.29	178_H	[-10.43039655 -35.14510345   8.94324138]
-0.13	 -0.59	-0.1	0.19	178_H	[-10.62637037 -35.75918519   6.72714815]
-0.02	 0.13	0.02	-0.12	179_S	[-14.86072 -30.58888  10.47328]
-0.11	 -0.34	-0.01	0.1	179_S	[-16.9418125 -28.843375    8.674375 ]
0.13	 1.02	0.09	-0.37	179_S	[-14.39591667 -27.96991667   7.04483333]
-0.2	 -1.05	0.04	0.28	179_S	[-16.64786792 -28.48745283  11.28045283]
0.11	 0.83	-0.02	-0.24	179_S	[-14.88925    -28.27954167  12.39483333]
0.02	 0.32	-0.17	-0.07	180_R	[-16.19380769 -26.61015385   8.15384615]
0.05	 0.05	-0.13	-0.04	180_R	[-14.14983333 -26.07188889   6.56277778]
0.19	 0.89	0.02	-0.26	180_R	[-13.59308333 -23.3655       8.93641667]
0.18	 1.02	0.02	-0.27	180_R	[-12.30238889 -24.69233333   7.21661111]
-0.04	 -0.17	-0.21	0.05	180_R	[-15.8671   -23.476775   7.958725]
-0.23	 -1.11	0.07	0.3	180_R	[-16.60714286 -25.30982857   5.79148571]
-0.2	 -1.05	0.01	0.27	180_R	[-17.282025 -23.0623     5.116125]
-0.18	 -0.97	-0.05	0.24	180_R	[-19.1263913  -23.87721739   7.21995652]
-0.12	 -0.21	-0.03	0.25	180_R	[-18.46911111 -22.27574074   7.53407407]
-0.26	 -1.18	0.17	0.43	180_R	[-18.210875   -20.38625      6.56520833]
-0.32	 -1.4	0.3	0.54	180_R	[-20.36657447 -21.8503617    8.37251064]
0.18	 1.49	0.06	-0.33	181_C	[-15.52642857 -25.04685714  10.54328571]
0.01	 0.49	-0.03	-0.21	181_C	[-12.43160714 -23.08785714  10.90142857]
0.17	 1.54	0.16	-0.43	181_C	[-10.66876923 -23.37692308  11.61607692]
-0.08	 -0.15	-0.12	0.0	181_C	[-13.63346939 -24.5294898   13.24620408]
-0.24	 -1.22	0.1	0.44	181_C	[-15.37452439 -22.4622439   12.07297561]
0.16	 1.48	0.21	-0.48	182_F	[ -9.66427273 -27.87763636  12.91581818]
0.09	 0.67	0.05	-0.28	182_F	[ -9.98066667 -29.2315      10.01877778]
-0.02	 -0.19	-0.15	-0.03	182_F	[ -8.7274  -28.3641   11.81615]
-0.03	 0.32	-0.11	-0.04	182_F	[-11.69147222 -30.21980556  11.38266667]
0.01	 1.02	0.08	-0.2	182_F	[-13.19414286 -30.11592857  12.70042857]
-0.2	 -1.05	-0.02	0.29	182_F	[-10.6144878  -30.09656098  14.30692683]
0.11	 1.09	0.0	-0.25	182_F	[-13.55715152 -27.79166667  13.81051515]
-0.21	 -1.23	0.09	0.32	182_F	[-11.24113043 -30.15058696  16.23063043]
-0.27	 -1.0	-0.17	0.35	182_F	[-14.23085417 -27.97258333  15.213375  ]
-0.19	 -1.05	0.14	0.25	182_F	[-13.0783  -29.44998  16.65576]
0.18	 1.51	0.37	-0.6	183_I	[ -8.8766 -28.9328   8.9064]
0.13	 0.79	-0.09	-0.18	183_I	[-11.86688889 -26.42555556   6.31266667]
0.14	 0.92	0.01	-0.19	183_I	[-12.58714286 -28.485        5.86733333]
-0.03	 -0.13	-0.05	-0.01	183_I	[-10.29542857 -26.09583333   5.19340476]
0.16	 0.82	0.02	-0.28	183_I	[ -9.5638125  -30.43653125   7.87584375]
0.15	 1.18	0.04	-0.29	184_S	[ -8.19609091 -23.39213636   7.13454545]
0.2	 1.45	0.31	-0.56	184_S	[ -7.9765 -22.3081  10.63  ]
-0.11	 -0.2	-0.12	0.09	184_S	[ -9.6292   -21.663925   9.14985 ]
-0.25	 -0.7	0.11	0.32	184_S	[-10.94935  -22.3618     7.257525]
0.04	 0.31	-0.07	-0.16	185_D	[ -6.53961111 -22.96583333  12.28961111]
0.07	 0.53	-0.07	-0.11	185_D	[ -5.50854545 -26.384       12.78590909]
-0.0	 0.17	-0.08	-0.05	185_D	[ -4.49503448 -24.59748276  12.72662069]
-0.13	 -0.58	-0.0	0.15	185_D	[ -7.56940625 -25.96596875  13.9604375 ]
-0.04	 0.13	0.04	-0.03	185_D	[ -8.62852174 -23.60673913  14.53069565]
-0.21	 -0.73	0.02	0.26	185_D	[ -9.10297826 -22.4628913   13.20786957]
-0.1	 -0.13	-0.08	0.21	185_D	[-10.19261538 -25.10215385  14.91080769]
0.13	 0.67	-0.02	-0.19	186_Y	[ -6.63275  -27.2805    12.089625]
0.05	 0.29	-0.01	-0.06	186_Y	[ -4.63476471 -27.92635294  11.60223529]
-0.06	 -0.18	0.0	0.0	186_Y	[ -6.84934286 -29.34765714  10.11217143]
-0.06	 -0.26	-0.28	0.03	186_Y	[ -6.21066667 -30.69377778   8.31533333]
-0.03	 -0.02	0.01	0.01	186_Y	[ -3.7274186  -30.23483721   9.61916279]
0.16	 1.49	0.31	-0.55	186_Y	[ -7.11264286 -30.15878571   7.73535714]
-0.17	 -0.43	0.0	0.19	186_Y	[ -2.75822581 -31.29416129   7.93348387]
0.07	 0.82	-0.09	-0.12	186_Y	[ -4.25877778 -32.06888889   6.33044444]
-0.02	 0.14	-0.07	-0.05	186_Y	[ -2.45786667 -31.46502222   5.1354    ]
0.1	 0.85	0.1	-0.3	187_L	[ -3.33084 -22.7238    7.14424]
0.19	 1.24	0.09	-0.36	187_L	[ -1.52664286 -23.10121429   6.31692857]
0.05	 0.75	0.0	-0.14	187_L	[ -5.15512903 -23.46622581   5.82551613]
-0.04	 -0.04	0.0	-0.04	187_L	[ -6.73988 -24.68772   3.71918]
0.19	 1.45	0.22	-0.49	188_W	[ -2.66241667 -21.53725      8.03266667]
0.03	 0.82	-0.01	-0.16	188_W	[ -2.68318182 -22.64445455  12.04790909]
0.03	 0.28	-0.03	-0.11	188_W	[ -0.73748 -21.2886   11.3334 ]
-0.07	 -0.09	0.0	0.06	188_W	[ -4.41993333 -21.4743      11.6652    ]
0.0	 0.58	0.02	-0.1	188_W	[ -4.71541667 -20.2425       9.67141667]
-0.03	 0.45	-0.08	-0.08	188_W	[ -6.36316667 -21.121625     9.02377083]
0.03	 0.56	0.03	-0.18	188_W	[ -3.79892593 -19.50951852   8.97240741]
-0.21	 -0.54	-0.08	0.32	188_W	[ -7.11796667 -19.56573333   7.99346667]
-0.07	 0.14	-0.05	0.07	188_W	[ -5.01643478 -18.58934783   8.1973913 ]
-0.02	 0.2	0.02	-0.01	188_W	[ -2.29725714 -18.74125714   9.75971429]
-0.24	 -1.13	0.08	0.33	188_W	[ -5.53320455 -17.10488636   7.19802273]
0.02	 0.37	0.14	-0.17	188_W	[ -2.09773333 -17.37002222   8.41406667]
-0.15	 -0.59	-0.16	0.17	188_W	[ -3.42026829 -16.23887805   7.2204878 ]
0.13	 1.42	-0.06	-0.23	189_S	[ -3.0162 -23.8384  12.3126]
-0.05	 -0.07	0.02	-0.03	189_S	[ -0.96865385 -23.84588462  12.73153846]
0.12	 1.37	0.24	-0.5	189_S	[  0.75535714 -25.15235714  11.46628571]
-0.18	 -0.64	-0.02	0.27	189_S	[  1.523825 -25.34265   12.1663  ]
-0.19	 -0.97	0.06	0.29	189_S	[ -2.03997436 -26.58141026  13.30474359]
-0.07	 -0.11	0.0	0.08	189_S	[ -1.18757143 -28.11475     11.23842857]
0.06	 0.5	-0.02	-0.13	190_L	[  2.596      -25.99176923   9.36030769]
0.16	 0.79	-0.02	-0.21	190_L	[  3.17238462 -23.99307692  10.39923077]
-0.05	 0.38	-0.02	0.02	190_L	[  4.16429412 -24.245        9.39170588]
0.19	 1.63	0.11	-0.4	190_L	[  0.05869565 -28.51408696   5.45213043]
-0.09	 -0.17	-0.05	0.11	190_L	[  0.9894125 -28.5030875   8.0218875]
0.18	 1.65	0.26	-0.51	191_V	[  2.75606667 -21.15646667   7.30453333]
0.17	 0.94	-0.16	-0.2	191_V	[  3.15663636 -22.64672727  11.45327273]
-0.02	 0.22	-0.1	-0.1	191_V	[  1.60619048 -20.90885714  12.10559524]
0.2	 1.6	0.09	-0.33	191_V	[  0.10622222 -19.82433333  10.12688889]
-0.04	 0.22	-0.11	-0.02	191_V	[  2.06052308 -18.49530769   8.55335385]
0.14	 1.16	0.08	-0.34	191_V	[ -0.98904878 -20.85834146   6.75090244]
0.08	 1.38	0.14	-0.42	192_P	[  4.21488889 -22.596       10.76022222]
-0.09	 -0.29	-0.02	0.09	192_P	[  4.55073684 -21.70905263  12.75852632]
0.16	 1.61	0.12	-0.41	192_P	[  6.3229 -18.4188  12.3507]
-0.08	 -0.03	-0.03	0.07	192_P	[  4.45536842 -17.94634211  11.13739474]
-0.14	 -0.61	-0.09	0.13	192_P	[  7.11134783 -20.89732609  12.12858696]
-0.04	 0.03	-0.24	0.08	192_P	[  7.25975    -20.73891667   9.62688889]
0.11	 0.72	0.04	-0.23	192_P	[  5.42865385 -21.492        8.61938462]
0.05	 0.52	0.09	-0.23	193_T	[  4.212  -20.2838  14.1928]
-0.02	 0.41	-0.13	0.01	193_T	[  3.84563636 -16.82172727  13.45727273]
0.09	 0.39	-0.09	-0.13	193_T	[  5.671375  -16.8671875  14.787    ]
-0.09	 -0.35	-0.18	0.01	193_T	[  5.09476923 -15.8365641   16.00448718]
-0.21	 -0.99	0.01	0.26	193_T	[  2.75476471 -17.17217647  16.29770588]
-0.22	 -0.69	0.1	0.31	193_T	[  3.50965116 -19.5484186   16.62937209]
-0.21	 -1.05	0.11	0.35	193_T	[  1.19932759 -18.37239655  14.48368966]
0.11	 0.52	-0.05	-0.18	194_A	[  6.33361538 -19.57415385  15.26830769]
-0.04	 -0.17	-0.06	0.01	194_A	[  6.96031818 -17.8225      17.00077273]
-0.01	 0.61	-0.12	-0.07	194_A	[ 10.09977778 -17.06833333  15.33722222]
-0.15	 -0.17	0.07	0.12	194_A	[  8.22514634 -16.69543902  13.37682927]
-0.24	 -0.98	0.06	0.37	194_A	[  9.0593     -19.47797143  15.70064286]
-0.09	 -0.34	-0.19	0.06	195_W	[  9.1331875 -16.4075     17.026875 ]
-0.1	 -0.35	-0.05	0.14	195_W	[ 10.62866667 -15.12719048  15.12609524]
-0.24	 -1.33	0.09	0.33	195_W	[ 10.52227027 -14.12578378  17.718     ]
-0.25	 -0.89	0.15	0.38	195_W	[ 10.74469231 -12.088       16.71971795]
-0.19	 -1.14	-0.05	0.19	195_W	[  9.01451852 -13.32188889  13.88414815]
0.12	 1.1	-0.01	-0.27	195_W	[  7.2829 -13.4074  14.9993]
-0.06	 -0.12	-0.02	0.02	195_W	[  7.17427778 -13.67725     17.64802778]
0.0	 0.54	-0.02	-0.11	195_W	[  6.76191667 -12.29329167  14.79170833]
-0.23	 -0.76	0.07	0.34	195_W	[  5.26661538 -12.74476923  17.62584615]
-0.07	 -0.02	-0.12	0.04	195_W	[  5.39190909 -11.97636364  15.80068182]
-0.22	 -0.95	0.0	0.27	195_W	[  7.273625 -11.456875  13.149625]
-0.24	 -1.05	0.08	0.33	195_W	[  3.86555814 -10.84504651  16.129     ]
-0.2	 -1.01	0.15	0.24	195_W	[  5.62826531 -10.07987755  12.97871429]
-0.25	 -1.26	0.12	0.36	195_W	[ 4.002      -9.64365854 14.1274878 ]
