-0.26	 -1.05	0.13	0.4	1_S	[17.04053061 30.7975102  18.46542857]
-0.13	 -0.37	0.02	0.15	1_S	[16.57042857 33.01003571 16.81421429]
0.09	 1.13	0.03	-0.24	1_S	[17.92334783 32.17952174 15.54595652]
-0.28	 -0.99	-0.05	0.38	1_S	[16.99347368 30.81405263 14.55778947]
-0.17	 -0.58	-0.05	0.18	1_S	[18.19321212 34.17990909 18.29518182]
-0.1	 -0.17	0.02	0.11	1_S	[20.32993617 32.80459574 17.78765957]
0.16	 1.14	0.01	-0.24	2_L	[18.9534 31.0463 13.0032]
0.1	 0.68	-0.11	-0.13	2_L	[19.04311111 29.40044444 15.40944444]
-0.14	 -0.41	-0.11	0.13	2_L	[21.15921053 29.82142105 16.24176316]
0.18	 0.67	0.02	-0.26	2_L	[21.866125  32.6421875 15.271    ]
0.16	 1.74	0.18	-0.44	2_L	[20.93090909 34.14845455 15.41327273]
0.14	 0.91	-0.0	-0.2	2_L	[22.45928571 35.13157143 14.717     ]
0.0	 1.16	-0.01	-0.32	2_L	[18.95453226 33.47614516 12.07972581]
-0.02	 -0.11	-0.12	-0.03	3_S	[19.13826316 29.48868421 13.09484211]
-0.11	 -0.35	-0.02	0.09	3_S	[20.22777778 27.57633333 14.80661111]
0.17	 0.54	0.09	-0.36	3_S	[23.0388 28.5984 15.0425]
-0.25	 -1.15	0.08	0.31	3_S	[19.2809375  26.84759375 12.44646875]
-0.04	 -0.27	-0.01	-0.03	3_S	[20.33159091 27.92863636 10.41681818]
0.07	 0.46	-0.11	-0.13	4_T	[22.21573913 26.32421739 14.59234783]
0.05	 0.71	-0.18	-0.08	4_T	[24.92156 28.20968 14.79156]
0.14	 0.57	0.0	-0.23	4_T	[25.71323077 25.63038462 11.96453846]
0.04	 0.49	-0.08	-0.14	4_T	[26.789625   27.63590625 12.57234375]
-0.22	 -1.12	0.05	0.29	4_T	[26.30541176 25.26735294 14.28623529]
-0.09	 -0.18	0.01	0.07	4_T	[24.18841935 24.02648387 13.84990323]
-0.28	 -1.53	0.18	0.44	4_T	[24.76106557 25.57386885 16.55129508]
-0.01	 0.14	-0.15	-0.03	5_E	[25.8025    26.1321875  9.6229375]
0.01	 0.06	-0.13	-0.09	5_E	[23.5574 27.9735  8.0459]
0.0	 -0.26	-0.06	-0.08	5_E	[25.43980952 28.2707619   7.95752381]
-0.15	 -0.93	0.04	0.24	5_E	[23.13336667 25.84426667  8.22203333]
-0.18	 -0.94	0.08	0.23	5_E	[24.096375   23.69941667  9.28385417]
-0.17	 -0.98	-0.05	0.23	5_E	[22.09061538 22.84792308 10.26923077]
-0.12	 -0.35	0.04	0.08	5_E	[21.15406452 24.57451613 11.28693548]
-0.27	 -0.63	0.06	0.33	5_E	[23.54338889 22.60794444 11.97241667]
0.12	 1.17	0.08	-0.29	6_A	[21.9859 28.307   9.0408]
-0.12	 -0.38	-0.31	0.15	6_A	[23.01265 30.2814   7.81335]
0.23	 1.26	0.23	-0.47	6_A	[24.01508696 32.27404348  8.07347826]
-0.21	 -0.6	-0.05	0.09	6_A	[20.70404255 31.22346809  9.70761702]
0.14	 0.58	-0.22	-0.01	7_T	[25.40383333 29.94633333 14.76583333]
0.0	 -0.22	0.02	-0.07	7_T	[23.91355556 31.62677778 14.99251852]
-0.11	 -0.47	-0.01	0.12	7_T	[27.06109524 31.78353968 14.79393651]
0.14	 1.55	0.31	-0.56	8_A	[27.6014 29.5293 12.4513]
0.05	 0.1	-0.11	-0.04	8_A	[29.29635294 30.15894118 11.62811765]
0.18	 1.04	-0.06	-0.21	8_A	[29.22990909 29.54163636  7.89063636]
0.19	 1.21	0.01	-0.26	8_A	[30.72453333 30.73813333  9.3636    ]
-0.25	 -1.15	0.11	0.36	8_A	[28.99712 27.6864  10.34596]
0.15	 1.03	0.04	-0.29	9_K	[27.408      29.09125     7.69808333]
-0.06	 -0.29	-0.08	0.03	9_K	[28.56558824 30.33070588  6.20647059]
0.18	 0.49	0.01	-0.24	9_K	[28.77664286 32.63142857  5.11042857]
-0.07	 -0.28	-0.03	0.04	9_K	[25.837      29.58378261  6.13495652]
0.05	 0.24	0.04	-0.14	9_K	[26.370825 32.567625  4.689375]
-0.14	 -0.64	-0.13	0.19	9_K	[24.3805625 30.8009375  5.0213125]
-0.17	 -0.89	-0.05	0.26	9_K	[25.02535556 32.57313333  2.54522222]
-0.29	 -1.29	0.22	0.47	9_K	[22.89355556 31.47746296  2.00496296]
-0.04	 0.23	-0.07	-0.04	10_I	[24.82430952 35.6507619   7.64057143]
0.14	 1.2	0.37	-0.64	10_I	[25.78092308 37.62515385  8.196     ]
0.03	 0.37	-0.04	-0.17	10_I	[22.619      35.13516216  9.22202703]
0.1	 0.62	0.0	-0.23	11_V	[31.3132     31.89893333 10.5776    ]
0.14	 0.83	-0.01	-0.26	11_V	[32.49633333 32.08352381 11.06514286]
0.07	 0.64	-0.05	-0.17	11_V	[30.17082927 33.0824878  13.56053659]
0.1	 0.62	0.01	-0.24	12_S	[33.89204545 32.68659091  7.52104545]
-0.0	 0.43	-0.13	-0.1	12_S	[31.971625 33.44225   4.455375]
-0.09	 -0.1	0.03	0.1	12_S	[33.89558824 34.74885294  5.28294118]
-0.2	 -0.9	0.06	0.29	12_S	[31.56270968 31.46887097  5.05541935]
-0.19	 -0.26	-0.08	0.21	12_S	[32.16559615 30.51038462  7.45271154]
0.15	 1.23	0.11	-0.38	13_E	[30.28969231 33.79053846  4.66569231]
-0.08	 -0.53	-0.07	0.1	13_E	[31.4068125 35.1833125  3.6684375]
-0.14	 -0.1	-0.01	0.12	13_E	[31.968125 38.333175  4.2075  ]
0.06	 0.43	-0.03	-0.08	13_E	[28.7040625 34.6675625  3.838875 ]
0.01	 -0.0	-0.06	-0.01	13_E	[29.22439474 37.85115789  2.50323684]
-0.04	 0.4	-0.06	0.05	13_E	[27.16561905 36.70685714  2.39533333]
-0.04	 0.35	-0.1	-0.05	13_E	[26.22507018 35.30373684  4.0387193 ]
-0.08	 -0.27	-0.04	0.08	13_E	[26.23568966 38.51775862  2.17034483]
0.21	 0.87	-0.15	-0.06	14_F	[31.97625  40.005125  5.974625]
0.13	 0.62	-0.05	-0.14	14_F	[33.93207692 38.95376923  6.64861538]
-0.01	 0.21	-0.05	-0.03	14_F	[33.62713043 40.74126087  8.20882609]
-0.01	 0.28	-0.04	-0.06	14_F	[30.50196154 41.63807692  6.13396154]
0.03	 0.24	-0.03	-0.13	14_F	[25.9785     38.64807143  6.09182143]
0.12	 0.82	0.07	-0.32	14_F	[29.0104359  41.42110256  4.47033333]
0.08	 0.15	-0.02	-0.21	14_F	[26.07832 40.96776  4.05208]
0.14	 1.6	-0.04	-0.28	15_G	[35.356      39.20757143  9.199     ]
0.01	 -0.2	-0.05	-0.1	15_G	[36.08953333 38.6476      8.06846667]
-0.02	 0.11	0.01	-0.09	15_G	[35.54788889 36.19902778  6.63980556]
0.08	 0.98	-0.04	-0.14	16_R	[37.354875 38.713625  9.059375]
0.11	 1.83	0.02	-0.32	16_R	[36.797      34.58328571  7.25214286]
-0.18	 -0.61	0.02	0.22	16_R	[38.87760526 34.56031579  6.76873684]
-0.09	 0.36	-0.06	0.06	16_R	[38.44868182 37.43322727  7.18690909]
-0.04	 -0.4	-0.04	0.06	16_R	[39.5118  38.62325  9.49765]
-0.19	 -0.88	0.09	0.25	16_R	[41.27548485 36.69493939  8.10924242]
-0.2	 -1.02	0.09	0.3	16_R	[42.56993023 37.0247907  10.19397674]
-0.05	 0.05	-0.07	0.05	16_R	[42.3195     34.93064286 11.51514286]
-0.15	 -0.6	-0.03	0.21	16_R	[42.0851 36.1858 12.986 ]
-0.16	 -0.77	0.06	0.2	16_R	[40.440575 38.033675 13.1231  ]
-0.13	 -0.3	0.06	0.1	16_R	[40.50834615 34.89211538 14.05576923]
-0.04	 0.46	-0.08	-0.02	17_D	[36.4204  33.01836  7.99944]
0.14	 1.61	0.05	-0.34	17_D	[35.295    32.4605    8.637625]
-0.2	 -0.97	0.06	0.25	17_D	[39.31581818 31.66633333  8.79112121]
-0.0	 0.11	-0.19	-0.03	17_D	[39.57566667 31.20672222 11.36688889]
-0.09	 -0.19	-0.0	0.13	17_D	[41.16274419 32.6962093  10.88688372]
-0.01	 0.35	-0.02	-0.12	18_A	[36.74914286 30.62753571 10.10703571]
0.01	 0.73	-0.41	-0.04	18_A	[33.92508 31.00372 10.32652]
-0.03	 0.13	-0.02	0.03	18_A	[34.03162162 31.14321622 14.04143243]
-0.24	 -1.0	0.13	0.38	18_A	[35.41983582 28.80129851 11.43510448]
0.07	 0.81	0.04	-0.22	19_N	[35.9390625 32.443     15.832875 ]
0.08	 1.46	0.01	-0.3	19_N	[35.88328571 33.34442857 16.27742857]
-1.38	 -0.45	0.02	0.24	19_N	[37.40439394 34.44333333 16.49366667]
-0.09	 -0.34	-0.04	0.06	19_N	[39.29375862 32.34351724 15.4282069 ]
-0.08	 0.12	-0.02	0.01	19_N	[38.88611765 29.68617647 14.97888235]
-0.19	 -0.6	0.02	0.33	19_N	[39.67419231 29.48157692 13.80961538]
-0.21	 -0.78	0.07	0.35	19_N	[37.31601923 29.33790385 15.79082692]
0.24	 1.7	0.08	-0.33	20_D	[37.72711765 36.43652941 14.85317647]
0.11	 1.67	-0.01	-0.26	20_D	[38.4348 39.0644 12.2876]
-0.03	 -0.26	-0.08	0.02	20_D	[37.51012821 39.02389744 14.31846154]
0.01	 0.19	0.0	-0.08	20_D	[36.80008108 39.48732432 10.96908108]
0.16	 1.06	0.45	-0.68	21_T	[35.67142857 35.95771429 17.07628571]
0.04	 -0.55	-0.17	-0.04	21_T	[34.0625 37.3135 18.6305]
-0.01	 0.29	0.03	-0.09	21_T	[31.9577931  37.93468966 17.53658621]
-0.11	 -0.15	-0.1	0.08	21_T	[31.85736 35.78568 17.26084]
-0.19	 -0.44	0.07	0.19	21_T	[34.2827381  34.38807143 18.14585714]
-0.1	 -0.2	-0.01	0.09	21_T	[31.99792157 33.64019608 15.851     ]
-0.07	 -0.1	-0.08	0.03	22_G	[35.97766667 37.42728571 17.28057143]
-0.16	 -1.11	0.06	0.26	22_G	[35.65862222 39.70026667 18.4522    ]
-0.04	 -0.43	-0.07	0.09	22_G	[36.34157143 40.90485714 16.21678571]
-0.12	 -0.38	-0.03	0.17	22_G	[34.599      42.66977143 17.3484    ]
0.07	 0.79	0.33	-0.59	23_S	[36.2602 40.3832 15.0466]
-0.09	 -0.04	-0.06	0.06	23_S	[35.62773684 42.10884211 14.26889474]
0.04	 0.52	-0.07	-0.08	23_S	[35.60825 41.4429  12.35625]
0.15	 0.82	0.05	-0.28	23_S	[34.4594  41.33215 10.80215]
0.21	 1.06	0.02	-0.27	24_T	[34.5105625 44.115     14.535625 ]
0.0	 0.3	-0.08	-0.13	24_T	[33.26522414 45.93827586 16.06967241]
0.23	 1.46	0.38	-0.61	24_T	[30.93177778 46.94927778 16.89055556]
0.18	 1.45	0.25	-0.51	25_E	[31.8274 42.3295  8.0296]
-0.03	 -0.09	-0.08	-0.03	25_E	[32.136125   44.62021875  7.7705625 ]
-0.01	 0.06	0.01	-0.15	25_E	[34.69858333 43.950125    9.474375  ]
0.05	 0.34	-0.1	-0.13	25_E	[35.06941667 43.60658333 11.18941667]
0.01	 0.31	-0.02	-0.08	25_E	[34.20044444 46.32288889  8.03285185]
0.24	 1.04	0.18	-0.42	26_V	[30.26476 37.24284 14.80784]
0.16	 1.03	0.04	-0.26	27_Q	[27.08433333 39.73866667 15.89458333]
0.16	 1.36	0.07	-0.29	27_Q	[25.3084     40.7498     15.89193333]
0.04	 0.08	0.01	-0.17	27_Q	[27.55145 41.62345 17.2919 ]
-0.06	 -0.29	-0.08	0.08	27_Q	[29.27257143 39.47545714 17.1786    ]
-0.07	 -0.18	0.03	0.04	27_Q	[29.876      41.75170588 18.85647059]
-0.02	 0.12	0.01	-0.11	27_Q	[30.67642857 43.51302857 18.28148571]
-0.13	 -0.44	0.01	0.18	27_Q	[32.08342857 40.80182143 19.09907143]
0.15	 0.88	0.08	-0.29	29_A	[23.28227586 39.38686207  9.29462069]
0.17	 1.28	0.04	-0.31	29_A	[25.30815 39.1717   8.47245]
0.09	 0.82	-0.02	-0.18	30_L	[24.30732353 38.03335294 15.27279412]
-0.08	 -0.4	-0.07	0.13	30_L	[27.30109091 36.47569091 15.60792727]
0.18	 1.34	0.1	-0.35	30_L	[24.8625    34.8573125 14.444375 ]
0.09	 0.23	0.0	-0.16	31_L	[23.40544444 40.45327778 16.709     ]
0.11	 1.35	0.04	-0.25	31_L	[24.49365385 42.52592308 18.03815385]
0.01	 0.24	-0.12	-0.05	31_L	[21.43827027 40.95072973 18.78116216]
0.11	 0.6	-0.0	-0.24	32_T	[20.53690566 42.46120755  7.7629434 ]
0.14	 1.1	0.11	-0.36	33_A	[21.218      39.72636364  9.085     ]
0.04	 0.21	-0.0	-0.16	33_A	[18.99825926 38.28259259  8.79614815]
0.19	 1.49	0.24	-0.5	33_A	[17.21861538 37.79476923  9.05976923]
-0.05	 0.03	-0.07	0.03	33_A	[20.66768293 36.51856098  9.10656098]
0.15	 0.66	0.03	-0.26	34_Q	[16.57308333 36.88808333 13.5535    ]
0.22	 1.37	0.17	-0.4	34_Q	[14.903      37.865      14.03053846]
0.04	 -0.32	-0.06	-0.07	34_Q	[16.63021429 37.78264286 15.30735714]
0.08	 1.49	-0.01	-0.22	34_Q	[18.0555     35.73992857 14.89514286]
0.1	 0.61	0.09	-0.33	34_Q	[20.41821053 36.38305263 16.83521053]
-0.15	 -0.23	-0.17	0.13	34_Q	[18.73034146 36.81597561 17.92190244]
-0.02	 0.03	0.01	-0.05	34_Q	[21.58860465 37.89730233 16.945     ]
0.09	 0.67	-0.03	-0.17	35_I	[15.64158065 45.24483871 11.49148387]
0.12	 1.55	0.05	-0.27	36_N	[13.7764     41.7196      8.40453333]
0.12	 0.3	0.07	-0.29	36_N	[14.17788889 38.21        8.286     ]
-0.04	 -0.05	-0.04	0.06	36_N	[12.54885714 39.54457143  8.07961905]
-0.1	 -0.37	-0.11	0.13	36_N	[15.76014286 39.47437143  7.44037143]
-0.11	 -0.45	0.01	0.13	36_N	[15.6436     42.106       6.62193333]
-0.02	 -0.06	-0.01	-0.01	36_N	[16.09615  43.712025  8.25535 ]
-0.47	 -0.36	0.05	0.26	36_N	[18.1423125  41.548125    6.40222917]
0.01	 0.12	-0.12	-0.06	37_H	[12.525625 36.88225   9.38625 ]
0.18	 1.14	0.08	-0.33	37_H	[11.874375  36.8366875 12.537125 ]
0.09	 0.74	-0.0	-0.19	37_H	[11.02738889 36.51488889 10.18172222]
-0.13	 -0.37	-0.16	0.13	37_H	[13.87496774 35.96145161 12.27045161]
-0.12	 0.7	-0.07	0.12	37_H	[14.20657143 34.35571429 10.569     ]
-0.06	 -0.23	-0.15	0.07	37_H	[16.34640625 34.48134375 12.34428125]
-0.13	 -0.42	0.0	0.14	37_H	[15.0175814  35.7104186   8.46916279]
-0.45	 -0.82	0.03	0.22	37_H	[17.3694     33.09157143 10.00317143]
-0.21	 -0.63	0.12	0.25	37_H	[16.83519355 34.42948387  8.21687097]
0.05	 0.99	-0.13	-0.17	38_L	[10.29517647 37.95582353 13.33435294]
0.18	 1.55	0.24	-0.49	38_L	[ 8.94773684 39.12642105 13.81421053]
0.08	 0.6	-0.01	-0.23	38_L	[ 9.96296 39.242   15.94852]
-0.2	 -0.71	-0.1	0.26	38_L	[12.39348387 37.71567742 16.22782258]
0.24	 1.35	0.17	-0.43	38_L	[12.19026087 40.06417391 18.29113043]
0.03	 0.16	-0.1	-0.05	39_Q	[ 9.796      41.11414286  8.01371429]
-0.06	 -0.11	0.03	0.05	39_Q	[ 7.55496 41.54912  8.60724]
-0.05	 0.13	-0.07	-0.0	39_Q	[10.40230303 42.89245455  9.02821212]
0.13	 0.89	0.09	-0.3	39_Q	[ 9.78263158 44.27294737 11.53268421]
0.04	 0.33	-0.09	-0.07	39_Q	[12.0659  45.38595  9.9575 ]
-0.1	 -0.15	0.05	0.09	39_Q	[13.35618919 44.61705405  8.69948649]
-0.2	 -0.79	0.02	0.36	39_Q	[11.09614754 46.56991803 10.58193443]
0.15	 1.56	0.13	-0.38	40_G	[10.94533333 40.60088889  8.24122222]
-0.15	 -0.66	-0.03	0.19	40_G	[ 9.669      38.64604444  7.46802222]
-0.0	 0.75	-0.09	-0.12	40_G	[ 8.43129412 37.53705882  8.54782353]
-0.16	 -0.46	0.1	0.25	40_G	[ 6.73997917 37.79604167  7.84616667]
-0.02	 0.28	-0.23	-0.01	41_H	[ 5.8215  36.4945   9.92425]
0.12	 1.6	0.14	-0.42	41_H	[ 5.00916667 38.77558333 10.87908333]
-0.21	 -0.6	-0.02	0.27	41_H	[ 3.93685714 38.33211429 10.75482857]
-0.03	 -0.04	-0.06	-0.01	41_H	[ 6.63937143 37.32151429 13.08971429]
0.01	 0.89	-0.04	-0.11	41_H	[ 7.32477778 35.54083333 11.44227778]
-0.2	 -0.69	-0.0	0.26	41_H	[ 5.65541935 34.72564516 12.08667742]
-0.07	 -0.08	0.03	0.01	41_H	[ 9.27854348 35.34656522 11.54815217]
-0.28	 -1.29	0.18	0.42	41_H	[ 7.04877083 32.6378125  11.95327083]
-0.2	 -0.82	0.08	0.3	41_H	[ 9.33341667 33.35636111 11.66991667]
-0.08	 -0.47	-0.05	0.04	42_F	[ 3.808375 41.107125 11.75175 ]
-0.21	 -1.19	0.02	0.29	42_F	[ 4.68385714 42.08411429  9.14728571]
-0.29	 -1.12	0.26	0.43	42_F	[ 3.093125  40.831875   9.1089375]
-0.07	 -0.11	-0.07	0.04	42_F	[ 6.11802632 43.24323684 11.33802632]
0.0	 0.52	-0.09	-0.08	42_F	[ 5.40984615 43.27423077 13.77876923]
-0.06	 -0.24	-0.03	62925.84	42_F	[ 4.95683871 40.62558065 13.88448387]
0.18	 1.37	0.07	-0.34	42_F	[ 7.71747619 43.77133333 13.05566667]
-0.13	 -0.49	-0.12	0.17	42_F	[ 6.49791111 39.74182222 15.565     ]
0.13	 1.25	0.14	-0.39	42_F	[ 6.37146667 43.42433333 15.7454    ]
0.11	 0.72	0.17	-0.37	42_F	[ 7.25007407 41.28540741 16.70033333]
-0.22	 -0.82	0.03	0.29	51_S	[ 6.02089796 40.5505102  19.79346939]
-0.07	 -0.04	-0.14	0.04	51_S	[ 8.11328571 41.301      21.80314286]
-0.05	 0.02	-0.13	-0.01	51_S	[ 9.51766 39.24124 19.43984]
-0.31	 -1.03	0.2	0.45	51_S	[ 8.46282051 38.02430769 21.2494359 ]
0.04	 0.36	-0.03	-0.16	52_R	[ 6.80622222 43.03033333 19.89859259]
0.12	 1.42	-0.01	-0.22	52_R	[ 8.58475    46.05658333 21.00891667]
0.15	 1.42	-0.0	-0.26	52_R	[10.14922727 46.55177273 19.25672727]
-0.13	 -0.42	-0.0	0.13	52_R	[ 6.22815909 44.994      19.20827273]
-0.22	 -0.98	0.0	0.28	52_R	[ 7.3188     47.53002857 18.87068571]
-0.02	 0.08	0.01	-0.05	52_R	[ 8.7285     47.06469231 16.75907692]
-0.1	 -0.32	0.01	0.06	52_R	[ 5.55362069 46.58406897 16.54644828]
-0.04	 0.1	-0.09	0.04	52_R	[ 5.98207143 46.40503571 15.00964286]
-0.07	 -0.46	-0.01	0.12	52_R	[ 7.65876923 46.127      13.4154359 ]
-0.29	 -1.13	0.16	0.43	52_R	[ 4.47142593 46.96183333 14.16066667]
0.14	 1.49	0.34	-0.58	53_R	[ 7.715      44.19666667 21.72844444]
0.1	 0.79	-0.11	-0.19	53_R	[10.44851724 46.22375862 22.489     ]
0.1	 0.66	-0.08	-0.14	53_R	[12.52130769 43.26007692 23.19369231]
0.0	 0.39	-0.06	-0.17	53_R	[13.00684848 45.45833333 22.87851515]
-0.21	 -1.01	-0.06	0.22	53_R	[10.437 43.297 24.003]
-0.16	 -0.82	-0.23	0.23	53_R	[ 8.53758333 45.12547917 23.52541667]
-0.17	 -1.07	-0.03	0.24	53_R	[ 8.96187179 43.70028205 25.79169231]
-0.19	 -0.96	-0.07	0.22	53_R	[ 6.96554167 45.41158333 25.46475   ]
-0.12	 -0.34	-0.04	0.15	53_R	[ 6.4432  44.20768 26.92808]
-0.28	 -1.37	0.16	0.43	53_R	[ 6.9987234  42.7702766  28.01870213]
-0.28	 -1.24	0.18	0.44	53_R	[ 4.80210909 45.05269091 27.36376364]
0.09	 0.74	0.01	-0.18	54_G	[10.90253846 41.71153846 22.17923077]
0.0	 0.04	-0.06	-0.05	54_G	[13.04854545 41.00684091 21.13629545]
0.12	 1.52	0.29	-0.54	55_L	[10.71741667 45.80141667 17.16433333]
0.04	 0.47	-0.07	-0.12	55_L	[12.02016667 46.32054167 15.8775    ]
0.15	 1.35	0.1	-0.37	55_L	[13.1915     45.43486364 13.32172727]
-0.01	 0.31	-0.02	-0.14	55_L	[10.479425 46.05105  13.7616  ]
0.12	 1.27	0.07	-0.32	56_L	[11.79238462 46.53507692 18.14115385]
0.09	 0.33	0.0	-0.18	56_L	[13.68363636 47.72754545 17.78909091]
-0.04	 -0.03	-0.08	0.04	56_L	[11.50888889 48.03162963 20.01266667]
0.05	 0.44	0.01	-0.23	56_L	[14.54963158 48.113      22.348     ]
-0.13	 -0.48	-0.03	0.18	56_L	[14.48176389 50.661375   20.47640278]
-0.23	 -1.23	-0.01	0.41	56_L	[12.22486957 49.32004348 22.99892754]
0.16	 1.38	0.38	-0.61	57_R	[14.336    46.31625  22.218125]
0.0	 0.41	-0.03	-0.13	57_R	[16.13104762 46.67757143 22.4332381 ]
0.2	 1.26	0.18	-0.43	57_R	[18.73142857 46.43585714 21.99628571]
-0.04	 -0.06	-0.03	-0.03	57_R	[15.00665217 44.30869565 23.32830435]
-0.09	 -0.5	0.01	0.09	57_R	[17.98075    44.97383333 23.91958333]
-0.19	 -1.09	0.1	0.32	57_R	[17.29460976 42.75907317 24.97373171]
-0.11	 -0.27	0.01	0.09	57_R	[15.6719  41.4159  23.76095]
-0.12	 -0.32	-0.04	0.14	57_R	[17.76558333 40.04433333 23.618     ]
-0.04	 -0.39	0.01	0.04	57_R	[19.37077143 40.64857143 21.85188571]
-0.11	 -0.3	-0.03	0.16	57_R	[16.33648333 39.4904     21.32441667]
0.22	 1.66	0.11	-0.39	58_M	[19.103      40.82244444 19.257     ]
0.0	 0.4	-0.08	-0.16	58_M	[17.91226316 39.31321053 18.31807895]
0.12	 0.9	0.01	-0.24	58_M	[15.07039286 39.6595     17.58528571]
0.18	 1.04	0.11	-0.36	59_V	[20.17945833 48.935      15.23820833]
0.16	 1.14	0.03	-0.26	59_V	[15.3156 48.7637 16.9795]
-0.17	 -0.46	-0.09	0.2	59_V	[17.14402703 49.892      15.13702703]
-0.0	 -0.29	0.01	-0.03	59_V	[15.22016216 47.34783784 14.159     ]
0.21	 1.37	0.31	-0.56	60_S	[16.93185714 49.48535714 18.518     ]
0.1	 0.59	0.01	-0.26	60_S	[18.45286364 50.6195     18.85272727]
-0.03	 0.1	-0.15	-0.03	60_S	[17.71455  49.390525 21.52775 ]
-0.03	 -0.1	0.05	0.01	60_S	[19.47603571 49.96778571 22.20378571]
0.13	 0.63	-0.04	-0.19	61_Q	[23.46516667 47.42108333 21.26633333]
0.18	 1.44	0.13	-0.36	61_Q	[24.79686667 47.3596     20.0424    ]
0.14	 0.25	0.01	-0.19	61_Q	[23.9095     45.15528571 20.59185714]
-0.09	 -0.1	-0.05	0.07	61_Q	[21.42705263 46.24186842 22.538     ]
-0.13	 -0.59	0.04	0.08	61_Q	[21.59035714 43.76135714 23.52864286]
-0.06	 -0.07	-0.18	0.06	61_Q	[20.32876471 42.72682353 23.45358824]
-0.17	 -0.62	0.07	0.23	61_Q	[23.01866038 42.60786792 21.79115094]
0.11	 0.62	-0.02	-0.23	62_R	[20.93796154 48.26757692 13.11080769]
0.12	 1.38	0.2	-0.48	62_R	[21.066125 48.22375  11.161875]
0.12	 1.06	0.06	-0.32	62_R	[18.72233333 45.18585714  9.89052381]
-0.1	 -0.24	-0.06	0.13	62_R	[18.64734483 47.94896552 11.20691379]
0.17	 1.49	0.16	-0.46	63_R	[21.65633333 48.83811111 14.91022222]
0.12	 0.71	0.1	-0.32	63_R	[22.57888462 50.71469231 14.74734615]
0.1	 0.86	-0.07	-0.17	63_R	[25.17872222 52.97788889 15.79961111]
-0.02	 0.45	-0.23	-0.06	63_R	[20.18076 51.24708 16.1046 ]
-0.14	 -0.45	-0.02	0.1	63_R	[22.796      53.24611765 15.48205882]
-0.26	 -1.19	0.14	0.35	63_R	[20.26084211 54.48089474 16.19865789]
-0.12	 -0.73	0.04	0.12	63_R	[19.29023529 53.43570588 18.11105882]
-0.1	 -0.38	-0.03	0.16	63_R	[20.11415385 55.45884615 19.13784615]
-0.18	 -0.62	0.07	0.26	63_R	[22.67681633 55.26604082 19.11110204]
-0.1	 -0.39	0.04	0.08	63_R	[20.21907143 53.78532143 20.92425   ]
0.17	 1.19	0.07	-0.33	64_K	[25.4704  52.60605 19.2866 ]
0.21	 1.22	-0.09	-0.18	64_K	[27.3525   49.3425   19.958125]
-0.04	 -0.26	-0.09	-0.04	64_K	[28.45946154 51.16330769 19.42015385]
-0.07	 -0.42	-0.09	0.1	64_K	[25.85420513 49.82417949 21.163     ]
-0.06	 -0.27	-0.04	0.06	64_K	[24.36996552 52.7682069  21.22482759]
-0.11	 -0.57	-0.02	0.13	64_K	[23.67964103 49.9595641  23.11802564]
-0.08	 0.19	-0.03	0.06	64_K	[21.89751724 52.5522069  23.03896552]
-0.3	 -1.05	0.11	0.39	64_K	[21.1861 50.5056 24.3952]
0.17	 1.36	0.4	-0.63	65_L	[28.753  48.6898 19.0265]
0.17	 0.88	0.05	-0.32	65_L	[25.99547059 46.606      19.65276471]
0.01	 0.36	-0.02	-0.09	65_L	[26.42077143 43.69642857 18.71217143]
-0.12	 -0.47	-0.03	0.14	65_L	[28.84610667 46.19357333 19.54261333]
0.21	 0.92	0.38	-0.89	66_L	[27.7532     53.19233333 13.67006667]
0.11	 0.53	0.01	-0.19	66_L	[25.3763913  52.05095652 13.56495652]
0.01	 0.16	0.05	-0.05	66_L	[23.44443636 50.39076364 11.96209091]
0.14	 1.1	0.01	-0.25	67_D	[26.64157143 52.91814286 14.81157143]
0.06	 0.22	-0.08	-0.14	67_D	[27.74747368 54.37394737 15.04157895]
-0.13	 -0.24	-0.16	0.04	67_D	[26.37953571 53.90103571 17.98114286]
-0.19	 -0.91	-0.04	0.23	67_D	[27.24984615 55.75092308 18.97784615]
-0.14	 -0.32	0.11	0.24	67_D	[28.17080435 56.60004348 16.94226087]
-0.1	 -0.4	0.05	0.11	67_D	[28.97093333 55.07276667 19.66443333]
0.16	 1.26	0.23	-0.47	68_Y	[29.76985714 52.5115     18.87535714]
0.14	 1.42	0.22	-0.48	68_Y	[30.733  52.3534 19.252 ]
-0.01	 -0.03	-0.05	-0.13	68_Y	[30.39948148 50.21111111 19.38977778]
-0.09	 0.16	-0.33	0.12	68_Y	[31.68714286 48.55085714 19.45042857]
-0.06	 -0.2	0.02	0.06	68_Y	[32.60833333 50.40194444 20.85716667]
0.11	 0.8	0.15	-0.37	68_Y	[33.12105556 48.26986111 17.30063889]
-0.12	 -0.67	0.04	0.13	68_Y	[34.78478378 50.027      21.24091892]
-0.15	 -0.56	-0.09	0.12	68_Y	[35.25428571 47.8138     17.78345714]
-0.09	 -0.25	0.02	0.0	68_Y	[34.49718182 47.72636364 20.20636364]
-0.21	 -0.81	0.07	0.27	68_Y	[36.89235135 48.22837838 20.22286486]
0.21	 1.37	0.36	-0.6	69_L	[34.13046154 49.85323077 14.79884615]
0.16	 0.92	0.0	-0.26	69_L	[34.686      48.57953333 13.61273333]
0.18	 0.71	0.04	-0.27	70_K	[32.266375 56.657125 13.657625]
0.12	 0.91	0.11	-0.34	70_K	[34.41483333 56.46293333 12.3111    ]
0.21	 1.11	0.52	-0.55	70_K	[29.65692 55.3834  13.96176]
0.08	 0.12	-0.03	-0.12	70_K	[31.1420625 57.35875   12.134375 ]
-0.13	 -0.28	-0.12	0.23	70_K	[28.36063043 56.55021739 12.5458913 ]
-0.12	 -0.45	-0.1	0.05	70_K	[29.35103226 57.87306452  9.56841935]
-0.28	 -1.12	0.18	0.43	70_K	[27.59708929 58.96726786 10.73467857]
0.01	 0.07	-0.13	0.02	71_R	[33.90552174 57.23969565 14.78869565]
0.16	 0.96	-0.02	-0.23	71_R	[36.28572727 55.01209091 16.41172727]
-0.25	 -0.68	0.05	0.34	71_R	[36.63970588 56.59188235 14.48552941]
0.08	 -0.0	0.02	-0.17	71_R	[34.995      55.55354167 17.345125  ]
-0.08	 -0.42	0.0	0.09	71_R	[31.80613953 57.29413953 16.44125581]
-0.16	 -0.97	0.01	0.18	71_R	[31.47157692 57.37703846 19.24576923]
-0.18	 -0.58	0.02	0.21	71_R	[33.88133333 56.97409524 19.5837619 ]
-0.11	 -0.37	-0.04	0.13	71_R	[32.58091667 55.53741667 21.20358333]
-0.05	 0.08	0.0	0.01	71_R	[31.55146429 53.69596429 20.55314286]
-0.11	 -0.43	0.08	0.18	71_R	[34.93222034 54.43188136 20.77272881]
-0.02	 0.33	-0.16	-0.04	72_K	[38.07486667 54.19366667 15.16293333]
0.13	 1.28	0.07	-0.35	72_K	[37.39505 54.14245 12.58545]
-0.25	 -0.89	0.06	0.37	72_K	[39.03066667 54.20255556 12.62077778]
0.0	 0.28	-0.17	-0.02	72_K	[37.58614286 50.99605714 14.187     ]
0.07	 0.8	0.05	-0.27	72_K	[35.85380952 50.15014286 15.72628571]
-0.06	 -0.2	0.05	0.02	72_K	[37.74082353 52.40411765 17.17529412]
0.02	 0.42	-0.26	-0.02	72_K	[37.0646     51.61286667 19.2815    ]
-0.28	 -1.09	0.13	0.4	72_K	[39.08992453 51.25850943 19.79533962]
-0.04	 0.47	-0.08	-0.03	73_D	[37.42786667 54.63973333 10.14666667]
0.14	 0.49	-0.07	-0.17	73_D	[38.3591  51.1545  11.50825]
-0.02	 0.51	-0.05	-0.07	73_D	[38.70747368 52.62431579  8.84936842]
-0.01	 -0.75	-0.05	-0.04	73_D	[37.78411538 52.80111538  7.34846154]
-0.2	 -0.69	0.02	0.3	73_D	[39.52683721 51.04490698  9.16776744]
0.06	 -0.34	-0.0	-0.17	74_V	[36.17925    55.58558333  9.73104167]
-0.14	 -0.45	-0.03	0.18	74_V	[35.3740625 57.13       7.61125  ]
-0.11	 -0.49	0.01	0.1	74_V	[32.47324561 57.33821053  7.05931579]
-0.17	 -0.8	-0.0	0.27	74_V	[34.27150909 58.234      10.15667273]
-0.0	 0.36	-0.07	-0.12	75_A	[35.95088235 55.079       6.49152941]
-0.0	 0.01	-0.08	-0.05	75_A	[34.16109524 54.431       4.73809524]
0.12	 1.25	0.23	-0.5	75_A	[35.802      50.80076923  4.97607692]
0.22	 1.2	0.16	-0.41	75_A	[33.93582353 52.06623529  3.67558824]
-0.21	 -1.02	0.05	0.27	75_A	[36.88674242 53.2974697   4.52859091]
0.19	 1.42	0.27	-0.52	76_R	[35.88891667 50.43616667  5.63575   ]
0.15	 2.3	0.14	-0.38	76_R	[34.243      48.40792857  6.441     ]
0.16	 1.79	0.11	-0.34	76_R	[32.46286364 47.82190909  6.81945455]
-0.07	 -0.03	-0.16	0.05	76_R	[36.70660784 48.71121569  6.80339216]
-0.1	 -0.3	-0.04	0.11	76_R	[38.58240741 47.95681481  9.08588889]
0.01	 0.25	0.03	-0.15	76_R	[36.70261538 46.15576923  9.109     ]
-0.1	 0.04	0.05	0.05	76_R	[37.54938462 45.74761538 10.56261538]
-0.12	 -0.5	0.02	0.23	76_R	[38.12830189 47.93190566 12.37783019]
-0.15	 0.04	-0.06	0.13	76_R	[36.03508333 45.45927778 12.64069444]
0.17	 1.66	0.19	-0.45	77_Y	[29.74830769 55.76330769  7.976     ]
0.14	 0.54	0.03	-0.26	77_Y	[26.76829167 53.50558333 11.68020833]
0.02	 0.6	-0.19	-0.07	77_Y	[27.45969444 55.81366667  7.9115    ]
0.14	 1.61	-0.05	-0.23	77_Y	[26.747  54.8922 11.125 ]
-0.14	 -0.32	-0.06	0.2	77_Y	[25.2454902  54.61462745  9.60470588]
0.15	 1.37	0.39	-0.62	78_T	[29.78933333 51.25725     2.43541667]
0.03	 1.23	-0.06	-0.12	78_T	[32.2966 53.6176  3.6028]
0.0	 0.19	0.02	-0.07	78_T	[30.50902439 55.35368293  5.51280488]
-0.28	 -0.43	-0.15	0.25	78_T	[29.596      53.85615476  2.61961905]
0.04	 0.31	-0.12	-0.06	79_Q	[30.31347826 49.71213043  1.99421739]
0.11	 0.9	-0.04	-0.13	79_Q	[30.47054545 46.64027273  4.09118182]
-0.03	 -0.26	-0.1	-0.06	79_Q	[29.41931579 47.17247368  2.25526316]
-0.11	 -0.66	-0.02	0.1	79_Q	[32.34132258 47.53125806  3.32712903]
-0.14	 -0.4	-0.01	0.16	79_Q	[32.73571429 50.10722857  1.66008571]
-0.01	 0.7	0.05	-0.11	79_Q	[35.29554545 48.92490909  2.69581818]
-0.15	 -0.15	0.04	0.15	79_Q	[35.35333333 47.9717619   3.9745    ]
-0.22	 -0.89	0.01	0.31	79_Q	[36.06266667 50.19973333  1.83868333]
0.13	 1.1	0.04	-0.3	80_L	[31.3479 47.3261  5.4683]
0.13	 0.49	-0.02	-0.11	80_L	[30.11021429 45.94285714  5.74685714]
0.14	 0.79	0.01	-0.28	80_L	[31.2355   46.520875  7.187375]
0.18	 1.37	0.14	-0.37	80_L	[29.7481  44.24135  6.5349 ]
0.24	 1.48	0.4	-0.62	81_I	[23.5626  49.77736  2.9784 ]
0.11	 1.74	0.15	-0.44	81_I	[24.09257143 51.43        7.06485714]
0.19	 0.72	0.07	-0.31	81_I	[24.5933  51.32595  8.59075]
0.17	 1.08	0.13	-0.37	81_I	[25.70545455 53.44792424  5.47883333]
0.02	 -0.02	-0.1	-0.03	82_E	[26.41285714 47.10628571  0.35871429]
-0.05	 -0.22	-0.01	0.08	82_E	[24.04733333 47.165       0.55103704]
-0.08	 -0.52	-0.02	0.1	82_E	[27.26325714 49.2752      0.16248571]
0.01	 0.67	0.09	-0.17	82_E	[27.60056818 52.0125      1.24338636]
-0.13	 -0.64	0.01	0.12	82_E	[25.61258824 52.03994118 -0.699     ]
-0.15	 -0.12	0.02	0.07	82_E	[23.91854348 50.68817391  0.40867391]
-0.11	 -0.12	0.06	0.03	82_E	[25.08278947 53.41121053  1.17931579]
0.1	 0.85	0.02	-0.24	83_R	[27.8    47.0314  1.1596]
-0.01	 0.29	-0.09	0.0	83_R	[26.61288235 45.20152941  0.50005882]
-0.06	 0.33	-0.06	0.03	83_R	[24.51525    43.24138636  2.01368182]
0.0	 0.24	-0.03	-0.03	83_R	[29.06133333 44.83145455  2.78118182]
-0.03	 0.19	0.01	-0.09	83_R	[28.34855556 42.35566667  2.598     ]
-0.06	 -0.07	-0.01	-0.02	83_R	[27.32302778 42.80419444  0.536     ]
0.05	 0.65	0.12	-0.2	83_R	[28.03406061 40.78987879  1.55548485]
-0.04	 -0.65	-0.05	0.03	83_R	[27.23660714 40.97642857 -0.27025   ]
-0.3	 -1.34	0.13	0.46	83_R	[26.18604444 41.63131111 -1.73991111]
-0.25	 -0.87	0.06	0.31	83_R	[27.74402128 38.88185106 -0.87057447]
0.13	 0.58	-0.07	-0.15	84_L	[22.99933333 43.26111111  4.22966667]
-0.07	 -0.73	-0.1	0.04	84_L	[22.2265 44.3028  2.7985]
-0.15	 0.11	-0.07	0.11	84_L	[20.70025641 44.51153846  4.99879487]
0.02	 0.29	0.0	-0.08	84_L	[23.646825 41.70455   6.2879  ]
0.15	 0.94	-0.07	-0.18	85_G	[22.64283333 45.46666667  1.81916667]
-0.12	 -0.33	-0.05	0.09	85_G	[21.28182979 47.32517021  1.87040426]
0.15	 1.07	0.05	-0.33	85_G	[20.4804 49.3718  2.5162]
-0.06	 0.16	-0.03	0.05	85_G	[18.88108571 47.64657143  3.88408571]
0.05	 1.08	-0.12	-0.06	86_L	[19.46827273 48.54609091  6.404     ]
0.16	 1.63	0.07	-0.33	86_L	[20.43894444 50.74088889  5.88238889]
-0.19	 -0.75	-0.01	0.24	86_L	[19.54275676 51.34459459  6.83678378]
0.01	 0.34	-0.04	-0.12	86_L	[21.809875 50.02125   7.692125]
0.17	 0.8	0.04	-0.31	86_L	[22.20934615 49.00526923  9.66623077]
0.03	 -0.16	-0.05	-0.02	86_L	[19.79172 46.58872  7.56776]
0.15	 1.11	0.11	-0.38	87_R	[21.93628571 50.67671429  3.21695238]
0.0	 0.23	-0.08	-0.04	87_R	[19.66117647 53.43223529  4.95882353]
0.13	 1.22	0.01	-0.25	87_R	[19.44277273 51.75481818  2.59822727]
-0.16	 -0.81	-0.04	0.16	87_R	[18.64978378 53.61010811  1.95721622]
-0.15	 -0.37	-0.26	0.12	87_R	[21.54109677 53.21503226  2.23577419]
0.07	 0.39	-0.1	-0.1	87_R	[21.9940625 53.37775    5.455375 ]
-0.1	 -0.22	-0.1	0.06	87_R	[23.04244828 55.26872414  2.18282759]
-0.1	 0.25	0.02	0.09	87_R	[25.40865217 55.04817391  3.56278261]
-0.01	 0.25	0.01	-0.04	87_R	[23.89936 56.14736  5.24724]
-0.25	 -1.11	0.07	0.33	87_R	[22.06058491 56.91109434  4.82950943]
-0.23	 -0.85	0.0	0.39	87_R	[25.229      57.12725     6.08985417]
0.11	 1.37	0.03	-0.28	88_R	[17.58515385 50.61661538  4.77638462]
-0.03	 -0.11	-0.19	-0.0	88_R	[16.02195455 49.933       3.512     ]
-0.23	 -1.02	0.07	0.3	88_R	[16.45071795 50.71879487  0.7884359 ]
-0.15	 -0.45	-0.04	0.24	88_R	[18.17237209 49.14069767  1.15906977]
-0.06	 -0.43	-0.05	0.11	88_R	[15.13769231 52.73519231  2.04676923]
-0.1	 -0.42	-0.11	0.1	88_R	[16.71202857 53.21888571  5.01311429]
-0.27	 -1.14	0.13	0.37	88_R	[14.1152  54.2595   5.25665]
-0.17	 -0.62	-0.04	0.21	88_R	[12.556      52.86534615  3.65523077]
-0.06	 0.18	-0.09	0.04	88_R	[12.79675  51.44075   5.268375]
-0.2	 -0.78	0.05	0.29	88_R	[14.21678 50.42822  6.02728]
-0.27	 -1.09	0.16	0.44	88_R	[11.97560714 50.35775     3.94008929]
