-0.19	 -0.81	0.08	0.27	2_Q	[-16.06066667 -19.49084314  -1.29207843]
-0.01	 -0.01	-0.1	-0.04	2_Q	[-15.46647059 -21.33541176   0.64235294]
0.17	 1.73	0.11	-0.37	2_Q	[-13.9215  -19.70975   0.75425]
-0.09	 -0.46	-0.01	0.0	2_Q	[-15.28021053 -23.36028947  -1.14760526]
-0.2	 -0.77	0.06	0.24	2_Q	[-14.75718421 -23.57528947  -3.22678947]
-0.19	 -0.85	-0.03	0.24	2_Q	[-15.40654545 -21.881       -5.27190909]
-0.17	 -0.54	0.15	0.25	2_Q	[-15.59086111 -20.07127778  -4.31069444]
-0.11	 -0.58	0.0	0.15	2_Q	[-13.04938462 -22.26615385  -5.25569231]
0.12	 0.25	-0.14	-0.16	3_K	[-13.4145 -18.3139  -0.8763]
0.06	 0.34	-0.02	-0.22	3_K	[-10.229      -17.35323077   0.60707692]
-0.1	 -0.31	-0.15	0.12	3_K	[-12.15022449 -17.65402041   1.57353061]
-0.17	 0.43	-0.12	0.05	3_K	[ -9.16245238 -18.62671429  -1.41645238]
-0.13	 -0.43	-0.04	0.13	3_K	[-12.20654762 -17.32361905  -2.53421429]
-0.24	 -1.18	0.12	0.36	3_K	[-10.59       -16.801       -4.48911628]
-0.15	 -0.67	0.06	0.18	3_K	[ -9.2755122  -18.99719512  -5.43058537]
-0.07	 -0.21	-0.05	0.1	3_K	[-11.64942857 -20.1447381   -5.82697619]
0.11	 1.38	0.28	-0.59	4_L	[ -9.49144444 -17.21511111   1.82011111]
0.08	 0.78	-0.14	-0.19	4_L	[ -8.021      -18.21344828   0.8372069 ]
0.17	 1.62	0.12	-0.41	4_L	[ -7.39952941 -19.55         0.51552941]
0.01	 0.14	-0.04	-0.04	4_L	[-11.56438298 -18.36661702   5.58740426]
0.23	 1.52	0.17	-0.43	4_L	[-11.2768125 -20.3204375   7.0839375]
0.09	 0.58	-0.06	-0.15	5_T	[ -8.59433333 -16.73988889   1.99622222]
0.16	 1.22	-0.11	-0.18	5_T	[ -7.147875 -14.787875   2.2325  ]
-0.13	 -0.01	0.05	0.14	5_T	[ -6.221      -15.96876667   0.62361667]
0.21	 2.29	0.05	-0.32	5_T	[ -3.4496875 -15.54425     1.128875 ]
0.21	 1.25	0.12	-0.38	11_N	[  9.54792308 -20.81926923  13.44819231]
0.17	 0.94	0.02	-0.28	11_N	[ 10.40434483 -19.71655172  18.88544828]
0.04	 0.92	-0.04	-0.07	12_P	[ 11.662      -19.69317647  13.01005882]
0.09	 0.6	0.03	-0.15	12_P	[ 12.54892 -20.76392  17.42988]
-0.06	 -0.24	0.0	0.06	12_P	[ 14.52844186 -18.80153488  13.83755814]
-0.05	 -0.19	-0.06	0.04	12_P	[ 13.73681818 -16.26918182  14.01218182]
-0.03	 -0.34	0.0	-0.01	13_N	[ 12.60154167 -21.78558333  13.44191667]
-0.18	 -0.65	-0.11	0.17	13_N	[ 12.7304375 -24.1705     14.05275  ]
0.07	 0.16	-0.09	-0.09	13_N	[ 12.1544 -25.2682  15.4236]
-0.01	 0.51	-0.1	-0.0	13_N	[ 11.728675 -24.495375  17.910725]
-0.11	 -0.48	-0.01	0.13	13_N	[ 14.42905405 -23.45797297  16.90456757]
-0.07	 -0.24	-0.01	0.01	13_N	[ 15.91031818 -22.67754545  14.77181818]
-0.26	 -0.97	0.19	0.42	13_N	[ 15.96712821 -24.05        13.79074359]
-0.2	 -0.65	-0.05	0.29	13_N	[ 16.62125455 -21.16232727  15.37356364]
0.14	 0.83	-0.01	-0.26	14_S	[ 10.21491304 -23.22830435  13.846     ]
0.2	 1.71	0.13	-0.37	14_S	[  9.51359091 -22.4335      17.90363636]
0.03	 0.64	-0.09	-0.04	15_G	[ 10.63893333 -25.59146667  14.04793333]
-0.05	 0.07	-0.15	0.03	15_G	[  8.88850909 -27.52934545  13.12105455]
0.11	 1.15	0.21	-0.51	15_G	[  9.09128571 -26.18142857  11.07771429]
0.24	 1.59	0.27	-0.51	15_G	[  6.4175     -28.16586364  12.29122727]
0.1	 0.69	0.02	-0.22	16_K	[  9.26761538 -24.269       12.36069231]
0.14	 1.18	0.05	-0.24	16_K	[  8.77642308 -22.503       11.28138462]
0.09	 0.41	0.04	-0.21	16_K	[  9.21732143 -20.32164286  10.61521429]
0.0	 0.4	-0.15	-0.05	16_K	[  9.19710345 -20.09741379   8.023     ]
0.09	 0.44	-0.1	-0.15	17_T	[  9.51915 -25.0279    9.97775]
-0.14	 -0.45	-0.11	0.19	17_T	[ 10.7694  -26.15444   8.41024]
-0.09	 -0.17	0.07	0.09	17_T	[ 10.54946667 -23.15664444   7.49877778]
-0.1	 -0.29	0.02	0.08	17_T	[ 10.73701961 -26.31521569   5.66458824]
0.1	 0.87	-0.07	-0.22	18_T	[  9.44077273 -27.53631818   9.41231818]
0.09	 0.93	-0.05	-0.22	18_T	[  8.45980952 -29.61061905   7.61695238]
0.22	 1.49	0.15	-0.42	18_T	[  6.36753846 -30.78315385   7.315     ]
0.08	 0.67	-0.06	-0.21	18_T	[  7.40086957 -29.76065217  11.62252174]
-0.2	 -0.69	0.02	0.29	18_T	[  9.903      -29.87747826   9.92684783]
-0.12	 -0.68	-0.08	0.12	18_T	[  7.542275 -32.1089    10.310425]
0.02	 0.2	-0.1	-0.05	21_N	[  4.63457143 -31.56628571   4.36585714]
0.02	 0.18	-0.04	-0.07	21_N	[  3.35216667 -31.593        3.22883333]
-0.01	 0.19	-0.01	-0.01	21_N	[  6.33680851 -30.6676383    3.99985106]
-0.13	 -0.05	-0.04	0.12	21_N	[  8.07933333 -29.46041667   2.63266667]
0.06	 -0.28	-0.05	-0.12	21_N	[  8.39972 -27.13008   2.63112]
-0.2	 -0.82	0.08	0.24	21_N	[  9.59446512 -29.41139535   4.69351163]
0.12	 1.58	0.17	-0.44	22_Q	[  4.72066667 -31.67216667   5.6365    ]
-0.14	 -0.57	-0.05	0.1	22_Q	[  2.88469231 -32.58184615   5.25215385]
-0.09	 -0.16	-0.02	0.14	22_Q	[  0.16204444 -31.9752       4.80062222]
0.13	 0.58	-0.01	-0.13	22_Q	[  1.53907143 -32.75642857   7.40285714]
-0.09	 -0.78	-0.05	0.13	22_Q	[  4.4261875 -33.076125    7.3474375]
0.11	 0.81	-0.02	-0.24	22_Q	[  2.62293333 -33.66653333   9.05586667]
-0.08	 -0.49	-0.05	0.07	22_Q	[  5.301      -34.18989474   9.82073684]
0.1	 1.18	-0.07	-0.22	23_L	[ -1.890625  -30.0355625   5.1486875]
0.12	 1.36	-0.14	-0.14	23_L	[ -0.2432 -30.6488   2.8936]
0.02	 0.34	-0.08	-0.06	23_L	[ -1.81403571 -29.84925      2.70946429]
0.25	 1.3	0.47	-0.68	23_L	[ -2.55984615 -29.91907692   6.22346154]
0.1	 1.42	0.41	-0.62	24_T	[ -0.70466667 -29.08277778   0.61877778]
0.03	 0.22	-0.03	-0.13	24_T	[  0.55666667 -30.47346667   1.30166667]
0.01	 0.04	0.01	-0.06	24_T	[ -0.11925926 -29.67907407  -0.82177778]
0.14	 1.46	-0.04	-0.27	25_G	[  1.609      -31.05485714   1.95357143]
-0.11	 -0.62	0.01	0.18	25_G	[  3.24751111 -31.73413333   0.63722222]
-0.17	 -1.06	-0.02	0.21	25_G	[  5.050125 -31.50725   -1.07125 ]
-0.01	 0.53	0.06	-0.06	25_G	[  5.62442857 -29.39246429  -1.00614286]
-0.0	 -0.12	-0.02	-0.05	26_A	[  2.68234783 -31.54886957  -2.38865217]
-0.1	 -0.16	-0.09	0.09	26_A	[  5.437     -30.6328125  -3.2389375]
0.14	 1.26	-0.04	-0.22	26_A	[  2.52791667 -29.06058333  -5.58791667]
-0.09	 -0.42	-0.02	0.09	26_A	[  4.68813636 -28.15163636  -5.01515909]
-0.25	 -1.25	0.09	0.39	26_A	[  3.63135714 -31.8278      -5.02268571]
-0.05	 0.37	-0.12	0.02	27_R	[  1.45222222 -26.96222222  -5.54044444]
-0.06	 -0.28	-0.12	-0.02	27_R	[  1.27333333 -25.23446667  -4.35426667]
0.12	 0.63	0.03	-0.28	27_R	[  1.302375  -24.1765625  -3.3049375]
0.16	 1.45	0.11	-0.38	27_R	[ -0.12141667 -25.75108333  -4.531     ]
-0.01	 -0.11	-0.03	-0.01	27_R	[ -0.73441176 -29.64635294  -3.72841176]
-0.19	 -0.83	0.02	0.27	27_R	[ -0.62234146 -28.86753659  -6.53490244]
-0.1	 -0.46	0.04	0.08	27_R	[ -1.45638462 -26.37419231  -6.50673077]
-0.16	 -0.66	0.0	0.24	27_R	[ -3.56975    -27.83058333  -6.9945    ]
-0.17	 -0.63	-0.01	0.32	27_R	[ -4.10306122 -28.57889796  -4.51383673]
-0.18	 -0.53	-0.18	0.36	27_R	[ -4.56618605 -25.60369767  -6.13530233]
0.08	 1.0	0.01	-0.26	28_Q	[  3.29933333 -26.10244444  -5.17111111]
0.11	 1.05	0.27	-0.53	28_Q	[  2.74383333 -23.86083333  -3.51733333]
0.06	 0.91	0.01	-0.27	28_Q	[  4.71807407 -23.94755556  -4.30807407]
-0.17	 -0.45	-0.0	0.19	28_Q	[  5.56246154 -24.81487179  -5.4564359 ]
0.05	 0.06	0.03	-0.16	28_Q	[  6.50857143 -25.63171429  -2.4375    ]
-0.02	 0.61	-0.13	-0.01	28_Q	[  6.72133333 -27.62177778  -0.79822222]
-0.04	 -0.32	0.02	0.03	28_Q	[  7.90392683 -25.80129268  -0.17770732]
0.15	 0.45	0.02	-0.23	28_Q	[  6.4748 -28.5454   1.0038]
0.12	 1.65	0.13	-0.4	29_R	[  3.22936364 -22.62836364  -3.95627273]
-0.02	 0.08	-0.06	-0.08	29_R	[  6.5086875 -22.4675625  -5.7308125]
-0.13	 -0.52	-0.02	0.13	29_R	[  4.01830435 -21.29882609  -6.48928261]
0.06	 0.1	-0.01	-0.17	29_R	[  2.33573913 -19.99895652  -4.34021739]
-0.17	 -0.85	0.07	0.28	29_R	[  3.23237838 -18.72237838  -7.1717027 ]
-0.16	 -1.1	0.0	0.26	29_R	[  2.58661905 -16.83171429  -6.67742857]
0.05	 0.47	-0.06	-0.1	29_R	[  5.3020625 -16.6075625  -6.2371875]
-0.07	 -0.19	-0.1	0.17	29_R	[  3.81366667 -14.787       -4.84829167]
0.02	 -0.03	-0.11	-0.01	30_V	[  7.6232 -20.9813  -5.8726]
0.1	 0.98	0.0	-0.25	30_V	[ 10.138375 -18.13175   -5.51325 ]
-0.2	 -0.71	0.1	0.19	30_V	[  7.90685294 -18.33473529  -6.65967647]
-0.11	 -0.27	-0.04	0.13	30_V	[ 10.26484211 -20.41552632  -5.32152632]
-0.07	 -0.52	-0.01	0.12	30_V	[ 11.65303846 -19.01057692  -4.00592308]
-0.1	 -0.5	-0.01	0.14	30_V	[  9.69678333 -22.49623333  -3.13428333]
-0.13	 -0.31	-0.14	0.14	31_G	[  8.68868293 -15.74412195  -5.7105122 ]
-0.01	 0.02	-0.09	-0.01	31_G	[ 10.80028571 -14.64371429  -4.90942857]
0.06	 0.27	0.04	-0.15	31_G	[ 11.56072 -15.78172  -3.19592]
0.13	 0.93	0.09	-0.32	32_N	[  7.668      -14.164125    -4.04733333]
-0.04	 0.1	-0.18	0.11	32_N	[  7.03890909 -11.835       -3.45906061]
0.06	 0.52	-0.02	-0.13	32_N	[ 12.19925926 -12.86466667  -3.43348148]
0.01	 0.67	0.05	-0.15	32_N	[ 11.11666667 -10.448625    -4.51858333]
-0.11	 -0.33	-0.13	0.12	32_N	[10.33714815 -9.04344444 -4.74825926]
-0.24	 -0.93	0.1	0.38	32_N	[ 10.16608333 -11.80925     -6.2131875 ]
0.14	 1.42	0.37	-0.6	33_W	[  6.18361538 -10.45369231  -0.70569231]
0.12	 1.86	0.14	-0.42	33_W	[ 7.3834 -7.7938 -0.3408]
0.08	 0.59	0.01	-0.22	33_W	[ 7.77632143 -8.65989286  1.28839286]
0.25	 1.53	0.21	-0.47	33_W	[  7.95594118 -14.626        3.71641176]
-0.05	 -0.01	-0.04	0.06	33_W	[ 5.37748571 -9.70354286  1.52954286]
0.05	 0.21	-0.0	-0.14	33_W	[  3.52306897 -10.18362069   2.64555172]
-0.07	 -0.52	-0.19	0.01	34_A	[ 6.40241379 -9.24955172 -1.61655172]
-0.06	 0.12	0.08	0.01	34_A	[ 7.81056522 -8.28226087 -4.11521739]
0.07	 0.16	-0.12	-0.06	34_A	[ 7.309625 -4.934875 -2.90425 ]
-0.12	 -0.66	0.02	0.15	34_A	[ 7.72235897 -5.59487179 -0.59479487]
-0.27	 -1.43	0.17	0.42	34_A	[ 5.38257812 -6.77242188 -3.30289062]
-0.07	 -0.31	-0.11	0.07	35_G	[ 9.24063333 -6.28963333 -4.0982    ]
-0.22	 -1.09	0.08	0.32	35_G	[ 9.88558537 -3.95353659 -2.96958537]
-0.01	 0.34	0.04	-0.08	35_G	[11.50586364 -5.19527273 -2.33445455]
-0.23	 -0.92	0.07	0.34	35_G	[12.37763889 -3.66044444 -1.37352778]
0.16	 1.05	0.12	-0.39	36_V	[11.54676923 -7.06669231 -3.04138462]
-0.01	 0.53	-0.16	-0.01	36_V	[13.76285714 -5.95866667 -1.11628571]
-0.0	 0.38	-0.01	-0.17	36_V	[13.68782353 -7.62582353 -2.61447059]
0.01	 0.18	-0.15	0.03	36_V	[12.76864286 -8.88364286 -3.33721429]
0.17	 0.77	0.17	-0.38	36_V	[13.9705625 -7.4810625  1.537625 ]
-0.15	 -0.62	-0.07	0.2	36_V	[11.67386207 -5.17741379  1.90184483]
0.21	 0.89	0.03	-0.29	36_V	[ 9.83866667 -7.36827778  1.66544444]
0.1	 0.57	-0.18	-0.12	37_T	[14.8869 -7.3854 -0.0623]
0.03	 0.05	0.0	-0.14	37_T	[ 14.28683333 -10.41533333  -2.6605    ]
0.1	 0.89	-0.06	-0.13	37_T	[ 15.6755 -11.9455   0.451 ]
-0.13	 -0.54	0.01	0.16	37_T	[ 14.53575758 -13.02681818  -1.37430303]
-0.15	 -0.69	-0.03	0.19	37_T	[ 17.0905     -10.86030769  -1.27257692]
-0.06	 -0.26	0.01	0.08	37_T	[16.5396  -9.25438  0.99336]
-0.24	 -1.28	0.11	0.38	37_T	[17.09359091 -8.03015152 -2.17666667]
0.0	 0.17	-0.02	-0.04	38_V	[ 14.78275 -12.8683    1.6383 ]
0.11	 0.29	0.02	-0.19	38_V	[ 12.50169231 -12.89746154   4.        ]
-0.08	 -0.21	-0.06	0.1	38_V	[ 14.92984 -11.15716   4.04004]
-0.07	 -0.37	-0.14	0.04	39_E	[ 13.54131579 -14.85352632   1.25173684]
0.18	 1.42	-0.01	-0.24	39_E	[ 12.70036364 -14.67590909  -1.339     ]
0.13	 1.38	-0.0	-0.31	39_E	[ 10.15028571 -16.90857143   1.412     ]
0.02	 0.02	-0.0	-0.08	39_E	[ 10.32281081 -15.39391892   2.71491892]
-0.18	 -0.55	-0.04	0.18	39_E	[ 13.29182353 -16.80852941   0.32373529]
0.13	 1.75	0.09	-0.35	39_E	[ 11.33681481 -17.82648148  -0.10362963]
0.0	 0.68	-0.09	-0.07	39_E	[ 13.05422222 -19.67144444  -0.11694444]
-0.22	 -0.93	0.07	0.35	39_E	[ 13.53651351 -19.83464865  -1.63472973]
-0.1	 -0.39	-0.05	0.12	39_E	[ 11.64746667 -20.46273333   1.00222222]
0.16	 1.55	0.09	-0.39	40_R	[  7.8365     -16.01164286   2.08714286]
0.08	 0.78	-0.08	-0.2	40_R	[  5.36295 -13.334    -2.51855]
0.03	 0.22	-0.01	-0.07	40_R	[  4.02955 -11.62715  -0.6789 ]
-0.06	 -0.18	-0.06	0.06	40_R	[  2.63653333 -13.05753333  -2.118     ]
0.03	 0.44	-0.12	-0.09	40_R	[  1.67254545 -14.10045455  -2.25218182]
-0.1	 -0.28	-0.11	0.14	40_R	[ 7.381000e-01 -1.242865e+01  2.300000e-03]
0.16	 0.99	0.03	-0.3	41_K	[  8.11519355 -17.66948387   1.73941935]
0.17	 1.14	0.0	-0.25	41_K	[  8.88373684 -19.64452632   1.98126316]
0.07	 0.39	0.02	-0.21	41_K	[  9.44610345 -23.06134483   0.27317241]
0.2	 1.79	-0.03	-0.23	41_K	[  9.57245455 -20.93881818   2.767     ]
-0.08	 -0.16	-0.08	0.05	41_K	[ 10.00024561 -23.58654386   3.40215789]
0.19	 2.22	0.0	-0.26	42_E	[  1.83636364 -21.05654545  -2.44590909]
0.14	 1.25	0.14	-0.39	42_E	[  2.63335294 -22.21970588  -2.91976471]
0.14	 1.52	0.19	-0.43	42_E	[  0.67666667 -19.99385714  -2.33447619]
0.0	 0.21	-0.2	-0.02	42_E	[ -0.788      -16.5385      -2.19633333]
0.02	 -0.04	0.02	-0.1	42_E	[  0.21496 -15.70264  -1.96116]
-0.11	 -0.32	-0.17	0.21	42_E	[ -0.1842093  -18.11360465  -3.77630233]
0.1	 0.77	0.03	-0.32	43_G	[  0.617      -22.39964706  -2.25847059]
0.17	 1.09	0.34	-0.63	43_G	[ -0.172      -21.72111111  -1.967     ]
0.2	 0.88	0.1	-0.35	44_I	[ -2.24191304 -28.12895652  -1.37247826]
-0.05	 -0.09	-0.03	0.04	44_I	[ -1.59565854 -23.50129268  -4.48468293]
0.19	 1.01	0.14	-0.38	44_I	[ -5.3387619  -24.92142857  -3.75009524]
-0.02	 0.04	-0.12	-0.0	44_I	[ -2.80362069 -21.22455172  -3.51472414]
-0.01	 0.27	-0.28	0.07	45_F	[ -4.57391304 -27.98856522  -1.20452174]
0.22	 1.29	0.05	-0.28	45_F	[ -6.54413333 -26.89706667  -1.1974    ]
0.08	 0.37	-0.01	-0.17	45_F	[ -3.59489655 -29.15534483   1.60517241]
0.02	 0.06	-0.01	-0.06	46_A	[ -6.39936364 -29.40281818   0.58718182]
0.22	 1.33	-0.13	-0.15	46_A	[ -9.486      -30.114        1.89985714]
0.01	 0.16	-0.12	0.0	46_A	[ -8.12683333 -30.50725      2.83966667]
-0.2	 -0.78	0.05	0.25	46_A	[ -9.2586     -29.04035385  -0.69427692]
0.14	 0.75	-0.01	-0.25	47_T	[ -9.862125  -29.8494375   5.0569375]
-0.03	 0.04	0.01	-0.1	47_T	[-11.08614286 -30.31842857   3.01428571]
-0.03	 -0.19	-0.04	0.03	47_T	[-12.32658824 -28.78697059   1.47191176]
0.14	 0.36	-0.01	-0.18	48_T	[-11.46181818 -30.15136364   5.51609091]
-0.06	 -0.33	-0.07	0.03	48_T	[-14.00615385 -30.41384615   2.81569231]
-0.03	 -0.51	-0.12	0.02	48_T	[-15.78133333 -29.27111111   3.22344444]
-0.07	 -0.52	-0.04	0.05	48_T	[-16.4746  -28.76568   5.58612]
-0.2	 -0.82	-0.0	0.22	48_T	[-13.1545  -32.1376    4.45705]
-0.29	 -1.0	0.16	0.41	48_T	[-15.82478378 -32.07537838   4.53002703]
-0.14	 -0.47	-0.48	0.38	48_T	[-13.40943038 -30.94575949   7.38256962]
-0.02	 -0.05	0.05	-0.06	49_D	[-14.62783333 -28.4455       2.27366667]
-0.12	 -0.39	-0.03	0.03	49_D	[-16.55752632 -26.88978947   2.90089474]
0.06	 -0.28	-0.03	-0.1	49_D	[-14.10569231 -26.61523077   1.36123077]
-0.06	 -0.04	-0.04	0.0	49_D	[-15.45793182 -24.45811364   1.43531818]
0.07	 0.7	-0.03	-0.16	49_D	[-16.28414286 -24.41164286   4.13535714]
-0.07	 0.12	-0.07	0.13	49_D	[-17.28164706 -25.22294118   5.74917647]
-0.34	 -1.5	0.28	0.53	49_D	[-18.3597037  -26.57974074   4.92751852]
-0.08	 0.14	0.03	0.13	49_D	[-16.51830556 -25.77725      7.44336111]
0.12	 1.42	0.17	-0.46	50_H	[-13.38514286 -24.699        0.44085714]
0.03	 0.12	-0.04	-0.09	50_H	[-12.2806087  -25.36026087   0.127     ]
0.2	 1.13	0.07	-0.32	50_H	[-10.79618182 -26.86954545   0.25309091]
0.08	 0.45	-0.06	-0.14	50_H	[-13.99207407 -20.68307407   2.90055556]
-0.03	 -0.03	-0.03	-0.04	50_H	[-14.70405128 -21.9684359    6.29192308]
-0.13	 -0.29	0.11	0.13	50_H	[-14.90218919 -21.1427027    4.395     ]
0.13	 1.15	0.12	-0.38	51_Q	[-12.17746667 -24.0102      -0.98626667]
0.12	 1.79	0.03	-0.31	51_Q	[-10.28633333 -25.85075     -0.85841667]
0.24	 1.4	0.44	-0.66	51_Q	[ -8.02955556 -20.48061111  -0.52605556]
-0.01	 0.05	-0.01	-0.06	51_Q	[-10.76155556 -24.54437037  -2.51455556]
0.03	 0.09	-0.02	-0.13	51_Q	[ -7.98208333 -25.49716667  -2.63354167]
0.11	 0.82	0.04	-0.26	51_Q	[ -6.4985 -22.8009  -4.3812]
-0.01	 0.19	-0.08	-0.07	51_Q	[ -7.521275 -21.135275  -4.01635 ]
-0.15	 -0.57	-0.11	0.31	51_Q	[ -8.49135385 -23.89736923  -5.55826154]
0.15	 1.33	0.26	-0.5	53_T	[ -5.481      -18.23842857  -0.35428571]
-0.64	 0.04	-0.14	0.08	53_T	[ -5.81628302 -19.57949057  -1.84490566]
0.03	 0.5	-0.06	-0.08	53_T	[ -2.77655556 -17.59408333  -1.39125   ]
0.2	 1.29	0.08	-0.34	55_V	[ -1.0914  -15.46944   0.79516]
0.15	 1.26	0.07	-0.31	56_D	[  6.78276316 -16.39373684   4.16823684]
0.02	 0.16	-0.03	-0.08	56_D	[  8.40487755 -19.7497551    5.29204082]
0.15	 1.37	0.11	-0.36	57_L	[  7.79723529 -16.75747059   6.28888235]
-0.07	 0.68	-0.18	-0.0	58_P	[  8.41566667 -16.03133333   6.407     ]
-0.06	 -0.39	-0.17	0.03	58_P	[  9.79005263 -16.89126316   7.52278947]
0.02	 0.47	-0.0	-0.02	58_P	[ 11.5947 -14.9564   7.6796]
0.06	 0.49	-0.06	-0.23	58_P	[  9.85361702 -14.35959574   5.38248936]
0.08	 1.06	0.13	-0.4	58_P	[  7.93128571 -15.46228571   5.84542857]
-0.06	 -0.33	-0.01	0.07	59_G	[ 11.02588889 -17.3375       9.72955556]
0.02	 0.64	-0.06	-0.1	59_G	[ 11.14386957 -18.13986957  11.58326087]
0.03	 0.44	-0.05	-0.14	59_G	[ 12.34913636 -15.08068182  12.11722727]
0.19	 1.14	0.09	-0.33	60_T	[ 11.52889655 -13.34924138  14.21013793]
0.2	 1.57	0.26	-0.51	61_Y	[ 11.81582353 -12.85547059  15.78382353]
0.1	 1.67	0.2	-0.5	61_Y	[ 10.1422 -12.1324  19.7674]
0.13	 0.81	0.03	-0.29	61_Y	[  9.02534146 -13.82997561  20.42978049]
-0.16	 -0.41	-0.2	0.19	61_Y	[ 11.79519512 -12.65717073  19.12719512]
-0.1	 -0.16	-0.05	0.18	61_Y	[ 13.33114286 -14.126       19.86542857]
0.1	 0.6	0.04	-0.3	61_Y	[ 11.9548   -15.6361    20.406825]
-0.11	 -0.32	-0.2	0.23	61_Y	[ 13.93283333 -13.55566667  17.30507143]
0.17	 1.14	0.01	-0.3	61_Y	[ 13.16333333 -18.28862963  19.32392593]
-0.17	 -0.83	0.03	0.22	61_Y	[ 15.57095122 -15.35773171  17.18753659]
0.01	 0.17	0.03	-0.14	61_Y	[ 14.81622727 -16.4535      19.76040909]
-0.13	 -0.05	-0.15	0.14	61_Y	[ 15.34273469 -18.52859184  18.15416327]
0.23	 1.31	0.44	-0.65	62_S	[ 10.59521429 -11.06221429  17.40421429]
0.0	 0.03	-0.13	-0.03	62_S	[  9.43545833 -10.31808333  20.08920833]
0.02	 0.25	-0.01	-0.08	62_S	[ 9.96669444 -8.82313889 18.64361111]
0.09	 0.32	-0.08	-0.12	64_T	[11.50293548 -6.45612903 16.82909677]
0.08	 0.79	0.01	-0.21	64_T	[ 9.5106087  -5.99195652 19.61313043]
0.13	 0.32	-0.03	-0.2	64_T	[ 9.92264706 -4.10229412 20.44141176]
0.14	 1.17	0.02	-0.28	65_T	[12.06177778 -5.44161111 14.52672222]
-0.02	 0.27	-0.12	-0.08	65_T	[12.47476923 -2.6944359  12.30551282]
0.09	 0.45	0.06	-0.19	66_I	[13.0956     -4.23293333 16.0078    ]
0.12	 1.42	0.37	-0.6	66_I	[13.471375 -0.36475  17.977   ]
-0.07	 0.0	-0.05	-0.06	66_I	[14.50668293 -0.1794878  15.888     ]
-0.2	 -0.8	-0.0	0.33	66_I	[15.35038462 -2.05187179 14.97069231]
-0.11	 -0.62	-0.05	0.12	66_I	[15.13829412 -3.71176471 17.77617647]
-0.14	 -0.93	-0.01	0.16	66_I	[13.12062162 -4.56316216 19.34835135]
-0.21	 -1.11	0.07	0.32	66_I	[15.55912698 -1.29434921 19.2962381 ]
-0.1	 -0.48	-0.06	0.09	66_I	[12.50595455 -1.93429545 20.97622727]
-0.25	 -1.02	0.15	0.37	70_T	[20.7439375  -7.19570833 10.17470833]
-0.17	 -0.68	0.01	0.23	70_T	[19.19805556 -5.80422222 11.99044444]
0.02	 0.04	-0.01	-0.22	70_T	[18.3675   -8.4765   10.393125]
-0.15	 -0.53	-0.06	0.14	70_T	[17.63373913 -7.71052174  7.90821739]
-0.2	 -0.82	0.03	0.26	70_T	[20.298      -4.03143478 10.68747826]
-0.22	 -0.5	0.03	0.3	70_T	[17.5603617  -3.73534043 10.16621277]
-0.25	 -1.19	0.08	0.36	70_T	[19.61342105 -4.56215789  7.82487719]
-0.07	 -0.44	-0.11	0.04	71_S	[17.35110714 -6.92542857 11.81896429]
0.04	 0.56	-0.16	-0.07	71_S	[16.78253333 -9.2386      9.56446667]
0.11	 0.54	0.0	-0.21	71_S	[14.40402273 -5.74131818 10.66225   ]
-0.1	 -0.12	-0.0	0.03	71_S	[15.85831481 -9.33640741 12.51737037]
-0.14	 -0.43	-0.02	0.17	71_S	[ 15.56394444 -11.22627778  10.53530556]
0.14	 1.88	0.07	-0.26	72_L	[15.11736842 -9.08178947  8.18826316]
0.19	 1.51	0.13	-0.38	72_L	[14.21542857 -9.41757143  6.51771429]
0.14	 1.0	0.07	-0.33	72_L	[12.32288571 -6.18197143  5.31814286]
-0.13	 -0.39	-0.12	0.15	72_L	[14.34135714 -4.66103571  6.54214286]
-0.09	 -0.3	-0.01	0.12	72_L	[15.58013333 -7.24585     4.64406667]
0.13	 0.49	-0.01	-0.26	73_D	[ 12.5869375 -11.7869375  12.0558125]
0.09	 1.51	-0.0	-0.26	73_D	[ 13.7184 -13.1498   8.7259]
0.04	 0.31	-0.06	-0.1	73_D	[ 13.36688 -11.98928   7.27386]
-0.16	 -0.55	0.0	0.22	73_D	[ 13.68776316 -14.13239474  10.10076316]
0.07	 0.76	0.12	-0.32	74_E	[13.00503125 -9.09021875 14.13209375]
0.14	 0.3	0.0	-0.16	74_E	[12.98394118 -7.25641176 13.50182353]
-0.05	 -0.12	-0.27	0.17	74_E	[ 12.72190909 -10.43254545  15.3085303 ]
0.17	 1.45	0.39	-0.61	75_Q	[ 7.39709091 -5.85909091  7.15609091]
0.09	 0.14	-0.02	-0.17	75_Q	[ 9.01227778 -4.96694444  7.06641667]
0.04	 0.49	-0.04	-0.15	75_Q	[10.7429     -3.0397      7.97156667]
-0.25	 -0.8	0.09	0.34	75_Q	[ 9.93611429 -1.6574      6.91948571]
-0.07	 -0.21	-0.12	0.01	75_Q	[12.47682857 -3.18328571  8.74905714]
0.05	 0.63	-0.07	-0.11	76_I	[ 7.03261111 -7.36427778  6.04288889]
0.14	 1.7	0.1	-0.31	76_I	[ 4.9655625 -8.641875   5.7093125]
0.08	 0.53	0.01	-0.21	76_I	[ 9.61942857 -7.79264286  4.75907143]
0.18	 0.81	0.14	-0.37	76_I	[ 6.8873125 -9.246625   4.417125 ]
0.06	 0.47	-0.01	-0.22	79_H	[ 5.392      -5.76033333  6.01733333]
-0.09	 0.61	-0.08	0.11	79_H	[ 4.71957143 -5.48557143  4.57542857]
-0.02	 0.14	-0.0	-0.05	79_H	[ 5.55666667 -3.18033333  5.15308333]
0.06	 0.64	0.03	-0.16	79_H	[ 1.83994872 -5.3535641   4.53182051]
-0.22	 -1.06	0.09	0.34	79_H	[ 3.78867347 -2.54028571  3.29989796]
-0.24	 -0.87	-0.1	0.31	79_H	[ 1.82029412 -3.96        3.26332353]
0.15	 1.71	0.19	-0.44	80_Y	[ 3.46407143 -7.76878571  5.64542857]
0.13	 0.72	-0.06	-0.21	80_Y	[ 1.72747826 -8.25021739  4.66056522]
0.19	 0.92	-0.01	-0.26	80_Y	[ 3.4556 -9.2465  5.0749]
0.08	 0.41	0.02	-0.18	80_Y	[  0.82733333 -10.162125     2.9215    ]
0.2	 0.99	0.06	-0.31	80_Y	[ -0.43307143 -11.20885714   1.95307143]
0.19	 1.09	0.17	-0.41	81_I	[-3.92446341 -7.93658537  9.95185366]
0.2	 1.61	0.34	-0.58	82_L	[-4.0734 -5.957   8.7565]
-0.05	 0.22	-0.14	-0.03	82_L	[-4.09782051 -4.08348718  8.08958974]
0.16	 1.4	0.26	-0.53	82_L	[-2.59497059 -2.64252941 11.04097059]
-0.01	 0.16	-0.14	-0.06	83_S	[-2.69604167 -4.15129167  5.41483333]
0.13	 1.1	-0.12	-0.19	83_S	[-4.9035 -4.9914  6.0052]
-0.19	 -0.51	0.08	0.22	83_S	[-5.26755814 -5.76783721  4.20795349]
-0.06	 0.07	0.03	-0.04	83_S	[-1.31774 -5.7922   4.00916]
0.06	 0.37	-0.04	-0.16	83_S	[-0.96783333 -8.18333333  3.573     ]
-0.11	 -0.59	-0.02	0.11	84_G	[-6.39153191 -7.76106383  6.73997872]
-0.05	 -0.26	-0.11	0.01	84_G	[-6.33122222 -8.09255556  3.62711111]
-0.23	 -0.39	0.14	0.27	84_G	[-7.71683333 -9.83527778  4.74047222]
0.1	 0.99	-0.08	-0.24	85_D	[-4.695875 -8.186125  3.168   ]
-0.04	 0.05	-0.11	0.04	85_D	[-5.77855556 -9.7975      2.24344444]
0.06	 0.36	0.01	-0.13	85_D	[ -6.79131579 -12.74289474   2.83484211]
-0.01	 0.21	-0.01	-0.11	85_D	[-2.95490323 -9.16883871  2.22767742]
-0.07	 -0.34	-0.09	-0.06	85_D	[ -2.71481818 -11.75318182   0.70209091]
-0.31	 -1.0	0.14	0.49	85_D	[ -4.23119444 -11.18405556  -0.18852778]
0.06	 0.35	-0.02	-0.15	85_D	[ -2.5847619  -13.49985714   0.92971429]
0.11	 1.39	0.39	-0.63	86_A	[ -8.03916667 -12.27591667   5.81383333]
0.04	 0.3	-0.05	-0.12	86_A	[ -7.13519355 -11.41116129   7.61809677]
-0.05	 -0.45	-0.11	-0.01	87_D	[ -9.45157143 -12.91892857   6.8675    ]
0.1	 1.29	0.22	-0.53	87_D	[ -9.7504 -15.7046   8.471 ]
-0.04	 0.18	-0.06	-0.01	87_D	[ -9.50202564 -13.81838462   9.47182051]
-0.05	 1.07	0.03	-0.1	87_D	[-10.37826923 -15.96288462   7.28738462]
-0.01	 0.16	-0.18	-0.01	87_D	[-10.46804 -15.0634    4.12272]
-0.23	 -0.75	0.2	0.39	87_D	[-10.56230233 -13.1957907    4.64595349]
-0.06	 0.15	-0.09	-0.08	87_D	[ -9.47283871 -15.51612903   2.80303226]
0.11	 1.22	0.05	-0.31	88_M	[ -9.45522727 -16.71936364   9.68709091]
0.1	 1.47	0.3	-0.55	88_M	[ -9.337      -17.27171429   8.63271429]
0.08	 0.45	0.04	-0.25	88_M	[-10.25091176 -18.68682353   9.38732353]
0.16	 1.09	0.06	-0.32	94_D	[  9.39857895 -23.50942105  19.82552632]
-0.01	 -0.13	-0.04	-0.11	94_D	[ 11.01129412 -24.95573529  21.24394118]
0.14	 1.12	0.09	-0.3	95_A	[  6.02152 -25.60004  27.23828]
0.16	 1.52	-0.04	-0.27	96_S	[  8.83355556 -27.369       27.26644444]
0.11	 0.3	-0.11	-0.15	96_S	[  8.28005556 -25.12677778  27.18033333]
-0.31	 -0.82	-0.05	0.33	96_S	[ 10.52980769 -25.50803846  27.16961538]
0.03	 0.44	-0.08	-0.09	96_S	[ 10.12396296 -28.40262963  26.23874074]
0.05	 0.27	0.03	-0.18	96_S	[ 11.19444 -27.64624  23.41852]
0.16	 1.38	0.12	-0.4	97_N	[  9.93840909 -22.14572727  26.52404545]
0.14	 1.5	0.19	-0.47	97_N	[  9.288375 -21.057375  26.4475  ]
0.15	 1.65	0.17	-0.42	97_N	[ 10.83109677 -21.7063871   24.054     ]
0.13	 1.65	0.03	-0.31	97_N	[ 12.46059091 -23.19531818  23.88840909]
-0.23	 -0.71	-0.1	0.3	97_N	[ 12.48173913 -22.48330435  25.78323913]
-0.16	 -0.64	-0.08	0.24	97_N	[ 12.64943243 -24.86459459  24.01610811]
0.2	 1.34	0.09	-0.34	98_L	[  7.17725   -23.2621875  27.27325  ]
0.11	 0.77	0.05	-0.26	98_L	[  5.46845 -22.82465  28.1188 ]
0.14	 1.48	0.05	-0.34	98_L	[  5.133  -23.9774  27.412 ]
0.2	 0.82	0.12	-0.33	98_L	[  4.06052632 -24.00121053  28.56894737]
0.04	 0.81	-0.02	-0.17	99_E	[  9.91828571 -17.14092857  27.35421429]
0.15	 1.07	0.06	-0.32	99_E	[  9.382      -16.12277778  27.94922222]
-0.11	 -0.44	0.02	0.14	99_E	[  9.63881081 -18.33456757  29.35464865]
-0.15	 -0.64	0.0	0.2	99_E	[  8.0875     -18.87276316  31.38860526]
-0.03	 -0.1	-0.01	0.01	99_E	[  8.46530435 -21.53743478  30.27686957]
-0.07	 0.24	-0.11	-0.03	99_E	[  8.92628571 -22.00440476  28.37088095]
-0.22	 -0.67	0.03	0.34	99_E	[  7.69021739 -21.7118913   31.77393478]
0.09	 1.09	0.04	-0.29	100_R	[  9.67566667 -19.390125    26.66191667]
0.12	 0.37	-0.15	-0.08	100_R	[ 10.44833333 -16.55722222  25.89944444]
0.16	 0.75	0.07	-0.33	100_R	[  9.04995 -15.44485  22.5527 ]
-0.01	 0.03	-0.01	-0.09	100_R	[ 11.37863889 -18.92925     25.27013889]
-0.1	 -0.19	-0.08	0.08	100_R	[ 11.56846875 -16.10425     23.06259375]
0.17	 0.9	0.16	-0.42	100_R	[ 11.99161765 -19.1795      21.57847059]
-0.1	 -0.3	-0.08	0.07	100_R	[ 13.8426     -17.2324      23.03816667]
0.02	 0.08	-0.19	-0.06	100_R	[ 14.46546429 -19.33664286  23.06032143]
-0.17	 -0.4	-0.12	0.27	100_R	[ 14.12698148 -21.02072222  21.99592593]
-0.28	 -1.22	0.18	0.44	100_R	[ 16.30318182 -18.91907273  23.47654545]
0.19	 1.47	0.31	-0.56	101_N	[  8.51352381 -21.51795238  19.38638095]
0.17	 0.34	0.05	-0.25	101_N	[  9.882      -21.16229167  21.425875  ]
0.19	 0.61	0.02	-0.22	103_Y	[  8.20314286 -13.07528571  23.11885714]
0.05	 0.87	0.01	-0.17	103_Y	[  8.39691667 -11.56908333  24.20158333]
0.07	 1.01	0.01	-0.26	103_Y	[  8.388      -10.41185714  24.79842857]
0.04	 0.26	0.05	-0.19	103_Y	[  8.42278947 -10.72978947  22.46236842]
0.18	 1.33	0.09	-0.29	103_Y	[ 8.19114286 -8.852      25.81092857]
0.01	 0.34	-0.01	-0.1	103_Y	[ 8.30548148 -8.32359259 21.77355556]
-0.0	 0.68	0.09	-0.18	103_Y	[ 8.3502     -8.66373333 24.04126667]
0.13	 0.66	0.07	-0.26	103_Y	[ 8.1441 -6.6592 23.8159]
0.09	 0.77	-0.09	-0.16	109_L	[ -6.95777419 -11.259       20.1126129 ]
0.21	 2.03	0.07	-0.32	109_L	[ -5.969      -13.16607143  21.6665    ]
0.24	 1.47	0.17	-0.42	109_L	[ -6.78515 -13.9095   20.39655]
0.12	 0.56	0.04	-0.26	110_E	[-5.37311111 -8.51572222 22.31127778]
0.11	 0.89	0.07	-0.19	110_E	[-5.72028571 -5.82321429 20.346     ]
0.06	 0.47	-0.03	-0.13	110_E	[-3.60993333 -6.32       21.84573333]
0.08	 0.84	-0.27	0.06	110_E	[-4.09448276 -8.41634483 24.24710345]
0.19	 1.49	0.19	-0.47	110_E	[-0.63917647 -6.008      22.60382353]
-0.06	 0.27	-0.24	0.0	110_E	[-2.40269565 -5.8235     24.43841304]
0.14	 1.07	0.03	-0.27	111_L	[-7.30488462 -6.52646154 15.68261538]
0.16	 1.33	0.2	-0.48	111_L	[-5.12531579 -8.11892105 13.18984211]
0.04	 0.23	-0.15	-0.08	112_G	[-8.59776471 -9.41823529 17.57973529]
-0.01	 -0.2	-0.05	-0.12	112_G	[-7.54323529 -8.828      14.77452941]
-0.15	 -0.46	-0.03	0.16	112_G	[ -9.51604545 -10.88152273  15.48856818]
0.1	 1.04	0.34	-0.6	113_I	[-6.6282 -9.2288 14.2562]
0.08	 -0.0	-0.03	-0.17	113_I	[ -7.26089474 -10.02636842  13.27368421]
0.03	 0.63	-0.15	-0.11	113_I	[-5.79108333 -9.69533333 12.48475   ]
0.05	 0.62	0.04	-0.16	113_I	[ -7.03594118 -11.64694118  10.494     ]
0.06	 0.32	-0.01	-0.19	113_I	[ -5.07175    -10.08616667  10.40816667]
0.16	 1.09	0.4	-0.62	114_P	[ -9.5116     -13.4658      15.23153333]
0.17	 1.38	0.08	-0.34	114_P	[-10.44725    -16.38545833  11.950625  ]
-0.08	 0.03	-0.14	0.02	114_P	[-11.06875676 -13.4432973   12.80989189]
-0.09	 -0.27	-0.05	0.06	114_P	[ -9.35221429 -11.80389286  12.15407143]
0.13	 0.84	0.03	-0.27	120_N	[  6.54784211 -28.92936842  15.76621053]
0.16	 0.87	0.02	-0.31	120_N	[  5.79110526 -28.58031579  14.22631579]
0.07	 0.23	-0.23	-0.06	120_N	[  5.86344444 -30.50405556  16.48994444]
0.09	 0.39	0.06	-0.31	121_M	[  5.65475   -30.9070625  18.25525  ]
-0.01	 -0.26	-0.05	-0.02	121_M	[  7.06617241 -31.89327586  19.86965517]
0.03	 0.45	0.02	-0.1	121_M	[  8.853      -30.31651613  18.29887097]
0.01	 0.38	-0.03	-0.12	121_M	[ 11.16957576 -27.88384848  19.87278788]
-0.08	 -0.38	-0.04	0.07	121_M	[ 10.42049057 -28.07784906  16.57930189]
0.17	 0.95	0.08	-0.35	122_L	[  4.70913636 -32.48913636  20.39136364]
0.01	 0.38	-0.23	-0.04	122_L	[  4.32469231 -34.44592308  23.13761538]
-0.03	 0.05	-0.01	-0.01	122_L	[  4.73708571 -33.0498      25.52517143]
0.04	 0.35	-0.1	-0.01	122_L	[  2.30213043 -33.41817391  22.50347826]
0.05	 0.16	-0.0	-0.11	122_L	[ -0.0336129  -32.32148387  22.22725806]
0.04	 0.27	-0.03	-0.14	122_L	[  1.85338095 -30.88797619  25.41247619]
0.03	 0.89	-0.44	-0.09	123_D	[  5.11196667 -34.29506667  21.56793333]
-0.0	 0.38	-0.2	-0.03	123_D	[  5.4904375 -35.2810625  24.1405   ]
0.09	 1.0	-0.05	-0.14	123_D	[  9.07933333 -35.54588889  23.12855556]
-0.09	 -0.27	-0.04	0.09	123_D	[  8.34947059 -35.19117647  25.41970588]
-0.1	 -0.06	-0.09	0.05	123_D	[  7.00497872 -35.73844681  21.11708511]
-0.05	 -0.47	-0.04	0.05	123_D	[  6.56180645 -37.60290323  22.61367742]
-0.31	 -0.97	0.16	0.44	123_D	[  7.93655263 -38.20405263  23.68160526]
-0.22	 -0.59	0.02	0.29	123_D	[  4.84084091 -37.57911364  22.256     ]
0.23	 1.5	0.09	-0.36	124_I	[  8.6334  -33.6866   21.64375]
0.01	 -0.08	-0.11	-0.01	124_I	[ 10.87790476 -33.97571429  23.60252381]
-0.13	 -0.65	0.06	0.21	124_I	[ 11.03270968 -32.27725806  26.333     ]
-0.16	 -0.66	-0.0	0.22	124_I	[ 11.04086842 -33.41536842  20.99973684]
-0.09	 -0.32	0.02	0.11	124_I	[ 12.27531373 -30.5525098   23.59517647]
-0.19	 -0.95	0.03	0.27	124_I	[ 12.46235385 -31.19404615  19.98041538]
0.14	 0.81	0.1	-0.29	125_A	[  9.10135294 -29.96294118  27.22476471]
0.07	 0.11	-0.06	-0.07	125_A	[  7.18647368 -33.32921053  27.52415789]
-0.21	 -0.99	-0.03	0.21	125_A	[  9.20813793 -32.60465517  28.58993103]
-0.14	 -0.58	0.11	0.12	130_V	[  7.82489655 -31.72375862  30.27834483]
-0.15	 -1.16	-0.02	0.16	130_V	[  6.55004762 -31.07695238  32.20590476]
-0.08	 -0.06	-0.09	-0.02	130_V	[  4.6249 -32.5437  30.6412]
0.02	 0.24	-0.09	-0.1	130_V	[  4.32708108 -31.46686486  28.10864865]
-0.16	 -0.62	0.0	0.22	130_V	[  7.91047619 -28.8882381   31.35409524]
0.0	 0.18	-0.09	-0.06	130_V	[  7.01991304 -27.68386957  29.21523913]
-0.14	 -0.9	-0.01	0.21	130_V	[  5.75171053 -27.91657895  32.71244737]
0.02	 0.37	-0.09	-0.07	131_R	[  4.00615789 -31.141       32.44263158]
-0.01	 0.18	-0.1	-0.01	131_R	[  2.35769231 -32.23661538  29.671     ]
0.16	 0.8	0.23	-0.36	131_R	[  0.28927273 -30.23209091  31.70536364]
0.02	 0.48	-0.05	-0.15	131_R	[  1.35478125 -29.17796875  32.50159375]
-0.12	 -0.49	-0.11	0.14	131_R	[  2.51173333 -32.6843      32.6381    ]
-0.17	 -0.63	-0.15	0.17	131_R	[ -0.04374359 -32.49838462  30.59671795]
-0.25	 -1.36	0.14	0.35	131_R	[ -0.39454286 -34.57422857  32.15305714]
-0.59	 -0.69	-0.01	0.2	131_R	[ -0.86790625 -32.25559375  33.296375  ]
-0.06	 -0.1	-0.1	0.07	131_R	[ 2.964000e-02 -3.313328e+01  3.476040e+01]
-0.23	 -0.99	0.09	0.36	131_R	[  1.41333333 -34.53005556  35.27837037]
-0.32	 -1.33	0.23	0.49	131_R	[ -0.79852083 -32.33991667  36.30327083]
0.09	 0.6	0.02	-0.2	132_I	[  1.00847826 -30.50965217  28.48952174]
0.09	 0.49	-0.09	-0.19	132_I	[ -1.34171429 -29.84414286  30.76407143]
-0.1	 -0.89	-0.13	0.1	132_I	[ -1.8885     -30.789       28.44613636]
0.19	 1.32	0.41	-0.64	132_I	[  0.58630769 -29.59930769  27.25323077]
0.19	 1.5	0.27	-0.51	132_I	[  3.59971795 -27.78779487  28.22230769]
0.11	 0.96	-0.02	-0.17	133_D	[ -1.72822222 -28.86144444  31.39444444]
0.0	 -0.08	-0.07	-0.01	133_D	[ -3.83489474 -29.85831579  30.03247368]
-0.11	 -0.44	-0.03	0.07	133_D	[ -3.86583333 -27.83877778  32.52225   ]
-0.21	 -1.48	-0.03	0.22	133_D	[ -6.04681818 -29.49136364  31.61227273]
-0.19	 -0.99	-0.2	0.18	133_D	[ -6.9552 -29.2062  29.6471]
-0.2	 -0.56	0.18	0.27	133_D	[ -6.9937619  -27.89221429  32.2842381 ]
0.13	 1.0	0.08	-0.26	134_I	[ -4.72325   -29.563      27.5689375]
-0.08	 -0.68	-0.12	0.07	134_I	[ -5.323      -30.04161111  25.24555556]
0.16	 1.17	-0.16	-0.07	134_I	[ -3.7482 -30.741   24.245 ]
0.02	 0.31	-0.06	-0.1	134_I	[ -6.51538095 -28.53980952  23.80342857]
-0.03	 -0.04	0.03	-0.04	134_I	[ -1.95890909 -30.81604545  25.56865909]
0.22	 1.61	0.16	-0.42	135_D	[ -6.69738462 -29.058       27.31946154]
0.14	 1.58	0.21	-0.48	135_D	[ -9.30108333 -25.973       26.11425   ]
0.08	 0.35	-0.13	-0.1	135_D	[ -9.1118 -25.7246  29.1882]
-0.0	 -0.28	-0.04	-0.05	135_D	[ -9.6292  -24.26305  27.57355]
-0.11	 -0.43	-0.07	0.16	135_D	[ -9.660575 -27.612025  28.47685 ]
-0.11	 -0.83	-0.1	0.14	135_D	[-10.01452381 -29.08557143  26.38242857]
-0.19	 -0.58	-0.03	0.32	135_D	[ -9.52202222 -27.90191111  24.91195556]
-0.25	 -0.69	0.11	0.37	135_D	[ -9.1640625  -30.30208333  26.96125   ]
0.18	 1.13	0.06	-0.31	136_A	[ -8.0463 -26.4724  29.9626]
-0.02	 0.12	0.05	-0.16	136_A	[ -7.99673077 -23.91419231  30.56988462]
0.2	 1.62	0.18	-0.46	136_A	[ -7.51109091 -21.70336364  30.40436364]
-0.05	 -0.01	0.01	-0.05	136_A	[ -6.03508 -24.28164  32.16458]
0.07	 0.43	-0.12	-0.08	138_A	[ -9.563375 -21.950875  24.8865  ]
0.06	 0.34	0.06	-0.23	138_A	[ -9.394      -20.42904348  24.14543478]
0.0	 0.06	-0.11	-0.01	138_A	[ -8.62989831 -24.245       23.77361017]
0.14	 0.74	-0.05	-0.21	139_A	[ -9.72       -22.54842857  26.15485714]
-0.04	 -0.22	-0.04	0.06	139_A	[-10.45503846 -20.37919231  26.57469231]
0.13	 1.04	-0.03	-0.2	139_A	[ -8.9831 -19.0392  29.4839]
-0.1	 0.06	-0.11	0.05	139_A	[-10.03006452 -17.51209677  27.5983871 ]
-0.19	 -0.99	0.05	0.27	139_A	[-10.42471429 -21.73414286  29.20744643]
0.09	 0.49	-0.06	-0.12	140_R	[ -7.72407143 -17.24757143  29.23614286]
0.11	 0.68	0.0	-0.2	140_R	[ -5.93137037 -15.79977778  28.60722222]
-0.02	 0.1	-0.05	-0.05	140_R	[ -6.79518 -20.11186  31.5626 ]
-0.04	 0.34	-0.07	-0.05	140_R	[ -5.61489474 -16.88878947  31.09505263]
-0.13	 -1.07	-0.05	0.12	140_R	[ -6.4396 -17.149   33.4919]
-0.19	 -0.48	0.12	0.23	140_R	[ -5.53961765 -18.71770588  34.87267647]
-0.16	 -0.59	0.0	0.18	140_R	[ -4.36108163 -15.88359184  33.88583673]
0.19	 0.87	0.1	-0.36	141_L	[ -7.87567568 -14.64016216  23.23408108]
0.09	 0.8	-0.16	-0.11	142_G	[-10.54483333 -17.98966667  24.55772222]
0.05	 0.81	-0.07	-0.09	142_G	[-10.47952941 -18.87952941  22.41952941]
0.2	 1.71	0.03	-0.27	142_G	[-11.346     -17.73325    20.6510625]
0.12	 1.66	0.07	-0.36	143_C	[ -9.543125 -19.819     22.572125]
0.13	 0.97	0.04	-0.24	143_C	[-10.31233333 -19.53633333  20.39975   ]
0.05	 -0.25	-0.01	-0.1	143_C	[ -9.56561905 -21.13014286  21.48928571]
0.1	 1.26	0.35	-0.6	143_C	[ -8.90425  -21.437875  22.753375]
0.1	 1.34	-0.1	-0.15	144_P	[ -9.97275 -21.666    20.26325]
-0.12	 -1.17	-0.06	0.13	144_P	[ -9.30557143 -23.58007143  20.64128571]
-0.0	 -0.14	-0.02	-0.03	144_P	[ -9.5479 -24.6805  18.0962]
-0.05	 -0.16	0.01	0.01	144_P	[-10.92572222 -22.64538889  17.562     ]
0.16	 0.43	0.04	-0.21	144_P	[-10.639125 -20.60325   19.256875]
0.17	 0.86	0.08	-0.29	145_V	[ -7.78805882 -25.01076471  20.66382353]
0.11	 0.38	0.06	-0.22	145_V	[ -6.48296774 -27.47793548  21.24858065]
0.18	 1.72	0.12	-0.4	146_I	[ -5.69095238 -30.39885714  17.26047619]
-0.05	 -0.3	-0.04	0.02	146_I	[ -8.22002083 -27.77454167  17.60320833]
0.2	 1.05	0.03	-0.26	147_P	[ -0.96281818 -32.75009091  18.88072727]
0.07	 0.42	0.03	-0.13	147_P	[ -2.96791667 -32.39908333  17.2005    ]
-0.08	 -0.31	-0.0	0.09	147_P	[ -2.10348 -32.48952  20.90704]
-0.11	 -0.37	-0.01	0.18	147_P	[ -4.16193103 -31.67031034  22.09589655]
-0.04	 -0.48	-0.05	0.07	147_P	[ -5.38378378 -30.65378378  19.58837838]
0.09	 0.87	0.11	-0.2	148_L	[ -0.50629412 -33.21776471  17.22529412]
0.17	 1.31	0.15	-0.4	148_L	[  4.03304167 -32.04625     18.20591667]
0.17	 0.88	0.13	-0.38	149_V	[  0.41841667 -34.67758333  16.698125  ]
-0.01	 0.03	-0.06	-0.12	149_V	[  4.09711111 -34.09838889  18.32327778]
0.16	 1.51	0.21	-0.48	149_V	[  5.07328571 -34.91985714  16.70771429]
0.06	 0.2	-0.05	-0.18	149_V	[  1.55893333 -37.1488      16.7754    ]
-0.04	 0.04	-0.18	0.03	149_V	[  4.62612308 -37.1108      18.54113846]
-0.14	 -0.14	-0.14	0.1	149_V	[  1.83758442 -35.26480519  19.70398701]
0.08	 0.31	0.02	-0.19	150_S	[  4.99147826 -33.09543478  16.36265217]
0.07	 0.96	-0.13	-0.13	150_S	[  6.81355556 -33.95844444  12.40977778]
0.03	 0.93	0.07	-0.18	150_S	[  5.60765 -35.3442   11.2853 ]
-0.07	 -0.35	-0.14	0.05	150_S	[  6.5919   -32.030375  13.908625]
0.19	 1.68	0.24	-0.49	150_S	[  5.45065217 -29.94686957  12.9176087 ]
-0.01	 0.26	0.07	-0.16	151_T	[  6.61494444 -34.947       15.40055556]
-0.12	 -0.16	-0.01	0.11	151_T	[  8.04611765 -36.02494118  12.753     ]
0.11	 1.33	-0.08	-0.22	151_T	[  6.45028571 -39.20657143  13.66428571]
-0.19	 -0.72	0.04	0.3	151_T	[  6.78541463 -38.37790244  11.79256098]
-0.13	 -0.34	0.0	0.14	151_T	[  8.15588889 -36.037       16.02477778]
-0.24	 -0.89	0.14	0.36	151_T	[  9.71171111 -37.588       14.55533333]
-0.18	 -0.91	0.02	0.25	151_T	[  7.19296364 -38.72941818  16.32505455]
-0.09	 0.47	-0.03	0.03	152_R	[  4.53894444 -39.64838889  12.62616667]
0.03	 -0.18	-0.11	-0.03	152_R	[  4.03866667 -37.78808333  10.96083333]
-0.19	 -0.48	0.06	0.22	152_R	[  1.60327027 -38.68102703  11.38464865]
-0.13	 -0.44	-0.02	0.16	152_R	[  2.85901562 -39.53946875  14.798     ]
0.01	 0.57	-0.05	-0.09	153_G	[  2.3072963  -35.69825926  10.16285185]
0.2	 1.34	0.18	-0.43	153_G	[ -0.18775  -37.58225   11.960875]
-0.05	 0.0	-0.03	0.05	153_G	[ -0.84268421 -35.98957895  10.52431579]
0.09	 0.06	-0.03	-0.18	154_R	[ -1.42936364 -34.52927273  15.74618182]
0.07	 1.33	0.44	-0.66	154_R	[ -0.63585714 -34.12428571  15.90614286]
-0.03	 0.14	-0.06	-0.05	154_R	[ -0.8166  -37.3647   15.34734]
-0.18	 -0.84	0.04	0.25	154_R	[ -2.25223404 -38.89221277  13.42225532]
-0.15	 -0.82	0.02	0.18	154_R	[ -4.57871053 -37.70142105  14.65610526]
-0.1	 -0.54	-0.06	0.11	154_R	[ -4.17916667 -37.1945      11.67088889]
-0.13	 -0.85	-0.04	0.12	154_R	[ -6.37890909 -36.92790909  12.279     ]
-0.11	 -0.47	0.04	0.15	154_R	[ -6.64388889 -35.49583333  14.31997222]
0.04	 0.22	-0.0	-0.18	154_R	[ -5.20958621 -35.81858621  10.68731034]
0.09	 1.9	0.04	-0.3	155_G	[ -3.00125 -35.2055   15.31725]
0.12	 -0.21	0.07	-0.23	155_G	[ -4.00719048 -33.5507619   15.63757143]
0.12	 0.82	-0.06	-0.18	156_I	[ -2.60070588 -34.34370588   9.78564706]
0.17	 1.0	0.01	-0.21	156_I	[ -0.588625 -32.9455     8.327875]
-0.02	 0.12	-0.06	-0.05	156_I	[ -3.287      -33.01084783   7.49756522]
0.16	 1.69	0.19	-0.44	156_I	[  0.63621429 -33.41235714   9.63185714]
-0.03	 0.24	-0.13	0.02	157_E	[ -8.80642105 -34.67557895  11.12568421]
-0.17	 -0.98	0.1	0.24	157_E	[ -7.44409091 -36.09290909   8.97218182]
-0.2	 -0.83	-0.04	0.24	157_E	[ -8.42014286 -35.36421429   7.02642857]
-0.12	 -0.41	0.13	0.21	157_E	[ -9.48088095 -33.15104762   7.89216667]
-0.12	 -0.42	0.01	0.11	157_E	[ -6.62418421 -34.49715789   6.35234211]
0.17	 1.64	0.22	-0.45	158_A	[ -8.329875  -33.3755     13.1306875]
0.12	 0.86	-0.11	-0.14	158_A	[ -9.59272222 -31.58061111  14.13766667]
0.18	 1.24	0.09	-0.31	158_A	[ -9.34569565 -28.98843478  14.60286957]
-0.11	 -0.51	-0.08	0.18	158_A	[ -7.6315     -32.0197963   15.82461111]
0.25	 1.44	0.36	-0.6	160_K	[-10.975      -28.80138462   8.22876923]
0.09	 0.74	-0.02	-0.21	160_K	[ -9.73909375 -30.0449375    8.02128125]
0.11	 0.98	0.02	-0.24	160_K	[ -8.20509524 -31.23671429   5.86485714]
0.16	 1.35	0.25	-0.51	160_K	[ -3.86771429 -30.56021429   5.64735714]
-0.12	 -0.48	-0.03	0.12	160_K	[ -5.29944643 -31.78794643   4.16385714]
0.16	 1.38	0.15	-0.4	161_I	[-10.93925 -29.67175   9.491  ]
0.07	 0.7	-0.48	-0.04	161_I	[-12.66096552 -28.83986207   9.79544828]
0.23	 1.4	0.36	-0.6	161_I	[-13.84182353 -27.34494118  11.12494118]
-0.07	 -0.09	-0.33	0.08	161_I	[-12.19039474 -31.25028947  10.14810526]
0.04	 0.34	-0.05	-0.09	161_I	[-12.87784783 -29.35263043  13.54408696]
-0.16	 -0.56	-0.04	0.23	161_I	[-11.99159091 -32.80809091  12.70981818]
0.15	 1.28	0.23	-0.48	162_A	[-10.75266667 -27.67655556  14.018     ]
0.08	 0.51	0.0	-0.19	162_A	[-11.49097143 -25.31405714  14.3016    ]
0.05	 0.38	-0.1	-0.1	162_A	[ -9.83256522 -25.90134783  15.463     ]
0.16	 0.43	0.04	-0.26	163_L	[-12.38306452 -21.11509677   9.14083871]
0.15	 1.1	0.01	-0.28	164_D	[-15.76522222 -24.75233333   9.77488889]
-0.05	 -0.14	-0.05	-0.02	164_D	[-15.47659615 -22.36336538   9.38301923]
0.04	 0.5	-0.01	-0.23	164_D	[-14.92455172 -26.43686207   9.16444828]
0.17	 0.96	0.17	-0.4	164_D	[-13.91542105 -28.14510526   7.69910526]
-0.02	 0.3	-0.16	-0.03	165_R	[-16.497625  -23.4264375  11.7748125]
0.04	 0.19	-0.14	-0.11	165_R	[-14.8102 -22.6597  14.5526]
-0.11	 -0.28	0.03	0.13	165_R	[-16.32957576 -21.08827273  13.17942424]
-0.15	 -0.63	-0.01	0.19	165_R	[-15.37864 -24.43044  14.23404]
-0.12	 -0.43	-0.11	0.12	165_R	[-16.44112121 -25.71021212  11.45054545]
-0.09	 -0.99	0.0	0.04	165_R	[-15.45421875 -26.70328125  14.446125  ]
-0.06	 -0.47	-0.03	0.01	165_R	[-16.04812903 -28.11406452  11.94864516]
-0.12	 -0.24	-0.04	0.14	165_R	[-17.7485     -29.08191667  13.95575   ]
-0.2	 -1.02	0.06	0.3	165_R	[-15.9477963  -29.89398148  15.32983333]
-0.21	 -0.7	0.11	0.34	165_R	[-16.68411864 -30.93927119  12.50957627]
0.22	 1.15	0.09	-0.32	166_H	[-13.00546154 -23.24523077  14.18907692]
-0.02	 0.47	-0.06	-0.01	166_H	[-14.04791667 -20.98366667  15.07691667]
0.09	 0.75	-0.0	-0.24	166_H	[-12.1064     -18.5893      11.38386667]
0.19	 1.49	0.06	-0.31	166_H	[-11.73877778 -22.41361111  15.12627778]
-0.03	 0.04	-0.01	0.02	166_H	[-12.9805     -19.98825     16.81958333]
0.04	 0.25	-0.0	-0.11	166_H	[-12.00803846 -18.71715385  18.70926923]
0.13	 -0.64	0.03	-0.16	167_Q	[-14.66613333 -18.80926667  14.99206667]
0.15	 1.14	-0.02	-0.28	167_Q	[-13.47175  -17.282875  11.5195  ]
0.11	 1.65	0.09	-0.41	167_Q	[-15.25271429 -14.93028571  13.50171429]
-0.07	 0.12	-0.08	0.0	167_Q	[-13.39506667 -15.34882222  12.2332    ]
-0.13	 -0.88	-0.04	0.18	167_Q	[-16.65294286 -16.68494286  13.39277143]
-0.13	 -0.74	0.01	0.17	167_Q	[-17.43019355 -18.94103226  12.05132258]
-0.11	 -0.46	-0.19	0.08	167_Q	[-16.0873 -17.8165  10.1658]
-0.18	 -0.44	-0.07	0.24	167_Q	[-14.63463158 -18.47539474   9.71621053]
-0.25	 -1.08	0.15	0.4	167_Q	[-17.33008772 -16.40861404   9.75857895]
0.14	 0.29	-0.09	-0.15	168_A	[-15.12975    -16.72325     15.48566667]
0.2	 1.46	0.05	-0.34	168_A	[-12.082875 -13.683625  15.687625]
-0.01	 0.39	0.04	-0.0	168_A	[-14.07317143 -16.67588571  17.78714286]
-0.22	 -1.06	0.02	0.32	168_A	[-14.79253226 -13.46629032  15.78508065]
0.06	 0.32	-0.09	-0.15	169_N	[-11.08492308 -13.71242308  16.77034615]
0.16	 0.84	-0.2	-0.08	169_N	[-13.7865     -15.42483333  19.87816667]
-0.11	 -0.4	-0.11	0.11	169_N	[-13.34364865 -13.0737027   19.68213514]
0.05	 0.42	-0.04	-0.16	169_N	[ -9.38848718 -13.66220513  19.84202564]
0.14	 0.89	0.1	-0.35	169_N	[ -8.98451613 -12.78329032  17.36032258]
0.04	 0.41	-0.1	-0.18	170_S	[-12.8147 -16.4086  20.5096]
-0.02	 -0.03	-0.04	0.1	170_S	[-14.28226316 -14.78821053  21.96394737]
0.04	 0.26	0.85	-0.02	170_S	[-10.31458824 -13.03017647  22.47367647]
-0.03	 0.15	0.04	-0.06	170_S	[-12.99447059 -15.47467647  24.74641176]
-0.21	 -0.61	0.09	0.32	170_S	[-13.21956098 -17.56602439  23.20812195]
-0.09	 -0.22	-0.1	0.04	171_D	[-14.5068     -12.63013333  22.86506667]
0.12	 0.16	-0.1	-0.14	171_D	[-11.90533333 -10.53044444  22.09394444]
0.15	 1.29	0.25	-0.51	171_D	[-12.81186364 -11.34313636  25.24618182]
-0.16	 -0.62	-0.02	0.23	171_D	[-13.90782051 -10.86220513  25.99174359]
-0.22	 -0.96	-0.02	0.3	171_D	[-14.93205556 -10.67875     22.39405556]
-0.12	 -0.09	-0.11	0.13	171_D	[-13.86685185  -8.40707407  23.21981481]
-0.1	 0.09	-0.15	0.05	171_D	[-12.30217949  -8.12030769  22.66007692]
-0.26	 -1.03	0.19	0.45	171_D	[-15.30768889  -7.783       23.35457778]
0.22	 0.79	0.06	-0.34	172_L	[-10.15808333 -11.00225     23.84983333]
0.02	 -0.22	-0.19	-0.0	172_L	[-11.9066 -10.4521  27.2423]
0.02	 -0.04	-0.14	-0.04	172_L	[-10.990875   -8.8175     26.0928125]
0.04	 0.44	-0.14	-0.1	172_L	[-8.89978846 -9.37875    24.46132692]
0.17	 1.14	0.08	-0.32	172_L	[ -9.05392308 -12.65148718  26.47369231]
0.15	 0.88	0.02	-0.24	172_L	[ -9.659      -15.27132353  27.52794118]
-0.18	 -0.82	0.02	0.26	172_L	[-12.01769118 -13.99729412  27.94658824]
-0.09	 -0.45	-0.19	0.05	173_E	[-10.63295833  -9.67645833  28.22970833]
-0.01	 0.1	-0.21	-0.01	173_E	[-8.66354545 -7.51518182 26.63627273]
-0.05	 0.01	0.04	0.07	173_E	[-7.55859091 -9.65672727 29.97875   ]
-0.23	 -1.21	0.11	0.3	173_E	[-10.30748276  -7.3932069   29.20355172]
-0.11	 -0.33	-0.02	0.1	173_E	[-7.83910345 -6.14789655 30.62117241]
-0.05	 -0.1	0.07	0.02	173_E	[-8.34406667 -4.56186667 28.5843    ]
-0.26	 -0.43	-0.07	0.51	173_E	[-7.387625   -4.61246429 27.23269643]
-0.3	 -1.08	0.22	0.46	173_E	[-9.53063158 -3.81184211 29.62221053]
0.15	 0.43	-0.17	0.06	174_L	[-6.37490476 -8.57195238 26.61733333]
0.22	 1.28	-0.18	-0.11	174_L	[ -5.78211111 -11.37088889  29.13822222]
0.27	 1.37	-0.16	-0.13	174_L	[-4.94714286 -9.05       30.28942857]
0.02	 0.21	-0.02	-0.05	174_L	[ -3.77442857 -10.80517143  29.9828    ]
0.09	 0.99	0.15	-0.61	174_L	[-4.90417391 -9.35273913 25.6323913 ]
0.12	 1.47	0.05	-0.33	174_L	[ -6.35183333 -10.27933333  25.13566667]
0.09	 0.76	-0.26	-0.1	174_L	[ -6.32426415 -11.30367925  23.91384906]
0.1	 0.45	0.01	-0.21	174_L	[ -5.67336667 -13.04986667  27.97056667]
0.15	 0.79	0.04	-0.26	175_V	[-4.35409524 -7.87119048 27.11871429]
0.1	 0.62	0.01	-0.27	175_V	[-4.74657143 -7.16766667 30.62614286]
0.03	 0.45	-0.23	-0.04	175_V	[-4.59602381 -5.01938095 28.94588095]
0.16	 1.62	0.29	-0.54	175_V	[-2.98954545 -6.57681818 27.225     ]
0.06	 0.46	-0.11	-0.16	176_H	[-2.27946429 -7.49692857 31.68675   ]
-0.03	 0.45	-0.27	0.02	176_H	[-4.508      -4.89328571 31.44714286]
0.08	 0.47	-0.05	-0.14	176_H	[-0.09253659 -4.82936585 32.94353659]
-0.24	 -1.15	0.06	0.31	176_H	[-3.5834375 -6.54225   33.6558125]
-0.15	 0.48	-0.07	0.12	176_H	[-4.24242857 -5.51428571 35.25657143]
-0.14	 -0.89	0.03	0.18	176_H	[-5.02570833 -3.57470833 33.57379167]
-0.14	 -0.67	0.08	0.25	176_H	[-1.88021277 -4.5207234  35.80785106]
-0.21	 -0.81	0.05	0.3	176_H	[-4.56808 -2.0202  35.40214]
-0.3	 -1.03	0.04	0.41	176_H	[-2.81268 -2.62004 36.74092]
0.16	 0.4	0.07	-0.34	177_Y	[-3.4883913  -2.65904348 30.94569565]
0.16	 0.74	0.02	-0.29	177_Y	[-0.81384615 -1.78284615 33.58661538]
0.09	 0.52	-0.1	-0.18	177_Y	[-3.61011111 -0.43088889 32.50766667]
0.07	 0.85	-0.09	-0.14	177_Y	[-3.33295 -2.8002  27.6792 ]
0.08	 0.05	0.04	-0.18	177_Y	[-2.76386667 -4.3172     26.29326667]
0.22	 1.46	0.35	-0.59	177_Y	[-0.13661111 -4.35911111 24.24633333]
0.11	 1.42	-0.04	-0.21	178_P	[-0.035   -1.0405  33.61775]
-0.06	 0.01	0.11	0.1	178_P	[-1.1445625  0.545375  34.4535   ]
-0.04	 -0.12	0.0	0.02	178_P	[ 1.20444444  2.21222222 34.73055556]
-0.06	 0.11	0.02	0.02	178_P	[ 2.68670588 -0.18194118 33.88441176]
0.1	 0.42	-0.04	-0.19	178_P	[ 1.29394737 -1.82731579 32.75747368]
-0.09	 -0.31	-0.14	0.1	179_Q	[-2.89552941  1.77547059 34.14576471]
0.16	 1.43	0.09	-0.35	179_Q	[-4.2968  1.987  32.4946]
0.19	 1.17	0.19	-0.43	179_Q	[-3.14313333  6.52686667 32.2404    ]
-0.15	 -0.78	-0.01	0.14	179_Q	[-3.81482759  4.45427586 34.72213793]
-0.2	 -1.0	0.06	0.27	179_Q	[-5.97676087  3.72419565 34.44026087]
-0.22	 -0.95	-0.04	0.22	179_Q	[-7.4761  4.6441 32.8834]
-0.13	 -0.12	0.07	0.11	179_Q	[-6.617       3.14028205 31.29412821]
-0.14	 -0.33	0.02	0.11	179_Q	[-5.99528571  6.35869388 31.5872449 ]
0.1	 1.42	0.22	-0.48	180_P	[-2.44288889  6.29044444 33.14822222]
0.12	 0.96	0.08	-0.37	180_P	[-2.20955556  7.01866667 32.565     ]
-0.03	 -0.37	-0.05	0.06	180_P	[-0.08352941  6.89129412 34.76561765]
-0.02	 -0.26	-0.06	-0.02	180_P	[-1.0960303   4.81757576 34.75281818]
0.16	 1.83	0.09	-0.36	182_L	[-5.4691  4.7607 27.8247]
0.11	 1.09	-0.08	-0.17	182_L	[-5.95481818  2.9155     28.29431818]
-0.31	 -0.17	0.91	-0.03	182_L	[-5.61784375 -0.21282813 29.62321875]
0.16	 0.88	0.02	-0.3	182_L	[-4.27233333 -1.22071429 26.93947619]
0.14	 1.49	0.19	-0.44	183_R	[-5.12907143  5.06464286 29.08064286]
-0.0	 -0.13	-0.09	-0.05	183_R	[-5.65947619  6.77661905 27.53457143]
0.05	 0.17	-0.06	-0.12	183_R	[-5.03645  8.63655 25.51565]
0.16	 1.48	0.08	-0.36	183_R	[-5.4726  7.3842 29.6934]
-0.07	 -0.24	0.0	0.1	183_R	[-4.87910417  9.53239583 28.42629167]
-0.21	 -0.91	0.06	0.27	183_R	[-4.42458333 10.46988889 30.62125   ]
-0.05	 0.12	-0.09	0.1	183_R	[-2.236    11.5715   29.542875]
-0.07	 0.39	0.01	0.04	183_R	[-1.561125  11.6754375 31.5033125]
-0.06	 -0.1	0.03	0.03	183_R	[-2.60474359  9.4795641  32.60617949]
0.11	 0.74	-0.01	-0.15	183_R	[-0.16395 11.81895 30.27965]
0.21	 1.44	0.27	-0.52	184_E	[-0.49873077  9.0405     23.27523077]
0.24	 1.36	0.2	-0.45	184_E	[ 0.4324375  11.3331875  24.62290625]
0.09	 0.55	-0.02	-0.19	184_E	[-1.42023333 11.77586667 27.46813333]
0.11	 1.73	0.11	-0.42	186_D	[-6.73028571  6.04528571 21.51628571]
0.2	 1.66	0.2	-0.46	186_D	[-6.63433333  8.66433333 23.0295    ]
0.17	 1.42	0.07	-0.32	186_D	[-7.1546  7.2317 20.7834]
-0.06	 -0.37	-0.11	0.04	186_D	[-7.29887805  6.67119512 23.28153659]
-0.12	 -1.85	0.01	0.17	186_D	[-8.2466875  4.484125  23.7394375]
0.05	 0.22	0.01	-0.15	186_D	[-7.10935714  3.39692857 22.47057143]
-0.11	 -0.53	0.03	0.19	186_D	[-7.76402564  4.73382051 25.94776923]
0.12	 1.74	-0.01	-0.22	187_L	[-5.69066667  8.6915     23.75083333]
0.16	 1.36	0.06	-0.3	187_L	[-5.74747059  9.92958824 23.22105882]
0.16	 1.34	0.08	-0.35	187_L	[-2.18829412 10.56752941 20.36917647]
0.19	 0.83	0.06	-0.3	187_L	[-2.74013333 10.37243333 24.00496667]
-0.05	 -0.05	-0.2	0.04	187_L	[-2.61380952 12.3302381  21.44428571]
-0.16	 -0.58	-0.07	0.2	187_L	[-5.57239286 12.98419643 22.49610714]
-0.01	 0.13	-0.05	-0.02	187_L	[-2.21281429 13.02747143 24.36382857]
0.19	 1.38	0.21	-0.47	188_L	[-1.397375 10.139375 19.47475 ]
0.17	 1.58	0.03	-0.32	188_L	[-0.04942857  9.2025     21.722     ]
0.11	 0.91	-0.02	-0.19	188_L	[ 0.02589655 10.36455172 19.83631034]
0.2	 1.18	0.19	-0.44	189_A	[-7.45964706  7.26329412 15.40782353]
0.11	 0.55	0.02	-0.23	189_A	[-6.76952381  4.76038095 19.52011905]
-0.01	 0.65	-0.1	-0.04	190_Q	[-8.22516667  8.32688889 16.92655556]
0.13	 1.51	0.25	-0.51	190_Q	[-6.79628571 10.44719048 16.39671429]
-0.18	 -0.68	-0.03	0.25	190_Q	[-7.33581818 10.9425     15.34554545]
-0.05	 0.01	-0.1	-0.05	190_Q	[-7.78094737 11.34089474 18.05584211]
-0.14	 -0.4	-0.06	0.13	190_Q	[-8.81303125  8.54665625 19.4881875 ]
-0.08	 0.06	0.12	-0.11	190_Q	[-9.18358824 11.02541176 21.286     ]
-0.2	 -0.53	-0.02	0.27	190_Q	[-9.00243396 10.00618868 22.47681132]
-0.2	 -0.69	0.1	0.24	190_Q	[-8.56596 12.44986 20.39162]
0.04	 0.96	-0.06	-0.1	191_Q	[-4.50946667 12.07746667 14.29353333]
0.12	 0.55	-0.01	-0.18	191_Q	[-5.67808333 10.30008333 13.25883333]
0.05	 0.41	0.04	-0.19	191_Q	[-4.05331818 10.98018182 12.17659091]
0.15	 1.36	0.08	-0.32	191_Q	[-1.93107407 11.80177778 18.53077778]
-0.0	 0.3	-0.23	0.04	191_Q	[-3.13557692 13.47492308 17.07003846]
-0.11	 -0.3	0.04	0.11	191_Q	[-2.41915556 13.90395556 15.66473333]
-0.12	 -0.3	0.01	0.15	191_Q	[-4.45127869 13.87103279 18.4602623 ]
0.07	 0.56	-0.16	-0.05	192_M	[-5.63557143  9.34442857 11.70714286]
0.04	 0.11	-0.07	-0.09	192_M	[-7.59507317  7.89190244 12.941     ]
0.21	 1.31	0.33	-0.56	192_M	[-2.9517   5.82075 11.9485 ]
0.04	 0.56	-0.11	-0.15	193_S	[-4.13556757  7.48975676 10.67367568]
-0.14	 -0.85	0.01	0.2	193_S	[-6.7048      8.84953333  9.8324    ]
-0.19	 -0.99	0.06	0.25	193_S	[-5.67473913  7.59802174  7.78271739]
-0.03	 0.14	0.02	0.01	193_S	[-5.12276667  5.02856667  7.9189    ]
0.05	 0.13	-0.09	-0.1	194_A	[-9.06015152  7.38509091  9.28639394]
0.06	 0.53	-0.33	-0.13	194_A	[-10.10236364   5.53290909  11.84951515]
0.05	 1.03	-0.09	-0.1	194_A	[-10.92744444   4.91433333   7.85766667]
-0.16	 -0.64	0.05	0.18	194_A	[-11.36355882   3.27017647   9.75155882]
-0.25	 -1.2	0.1	0.38	194_A	[-11.67768493   6.92034247  10.04550685]
-0.11	 -0.38	-0.06	0.09	195_Q	[-10.45730769   2.583        7.13853846]
0.13	 0.83	-0.05	-0.22	195_Q	[-8.67142857  1.54214286  8.36571429]
-0.18	 -0.57	0.04	0.18	195_Q	[-8.9633    0.235875  8.2052  ]
-0.07	 -0.29	-0.06	0.07	195_Q	[-7.7939      2.5935      6.26263333]
-0.09	 -0.47	-0.1	0.14	195_Q	[-9.66405405  5.22637838  5.94583784]
-0.16	 -0.56	-0.15	0.15	195_Q	[-7.96240909  4.79672727  4.18331818]
-0.29	 -0.79	0.07	0.4	195_Q	[-6.54384615  4.05815385  4.15792308]
-0.28	 -1.15	0.17	0.43	195_Q	[-9.06925455  5.53363636  2.78892727]
0.14	 0.99	-0.04	-0.23	196_I	[-6.61457143  0.29557143  9.53364286]
0.12	 1.42	0.16	-0.44	196_I	[-10.1077   1.2085  10.6214]
0.19	 1.01	0.1	-0.35	196_I	[-10.16365   2.6364   12.35575]
-0.02	 -0.13	-0.15	0.03	196_I	[-4.92034483  1.59124138  8.88255172]
0.13	 0.95	-0.02	-0.28	196_I	[-4.76251613 -0.44093548 11.33906452]
0.08	 0.52	-0.06	-0.18	196_I	[-2.9926      3.90866667 10.06586667]
0.1	 1.23	0.12	-0.39	197_P	[-10.03991667   0.13925     10.47766667]
-0.1	 -0.59	-0.14	0.13	197_P	[-11.04546154   0.04892308  11.63184615]
-0.05	 -0.22	-0.07	0.09	197_P	[-10.38621277  -2.76912766  13.32444681]
-0.2	 -0.78	0.03	0.27	197_P	[-9.809025 -2.88715  10.4984  ]
-0.03	 0.0	-0.07	-0.05	197_P	[-7.55233333 -1.55483333  9.90872222]
0.11	 1.71	0.11	-0.36	198_P	[-9.94938462  2.32484615 17.38792308]
0.05	 -0.52	-0.16	-0.03	198_P	[-10.00407143   0.46042857  18.4595    ]
0.11	 0.42	0.07	-0.21	198_P	[-8.34277273  1.40477273 18.42027273]
-0.21	 -1.2	0.05	0.29	198_P	[-12.08189474   0.83839474  17.77523684]
-0.22	 -0.98	0.07	0.33	198_P	[-13.504775   1.6481    15.654275]
-0.09	 -0.37	0.02	0.11	198_P	[-12.3400625    0.082875    13.97479167]
0.09	 0.3	-0.05	-0.2	199_R	[-10.60531818  -1.86322727  16.788     ]
-0.01	 0.02	-0.05	-0.07	199_R	[-8.69465217 -1.81969565 19.48756522]
0.23	 0.96	0.02	-0.29	199_R	[-5.96144444 -2.84661111 19.48944444]
-0.04	 -0.26	-0.08	0.06	199_R	[-9.74214583 -3.8984375  16.978375  ]
-0.09	 -0.47	-0.05	0.08	199_R	[-8.64121739 -4.1186087  20.00804348]
-0.12	 -0.98	0.0	0.2	199_R	[-10.03859259  -6.41592593  17.86477778]
0.03	 -0.07	-0.05	-0.06	199_R	[-9.0224  -7.51848 20.32204]
-0.12	 -0.36	-0.09	0.06	199_R	[-10.6997069   -7.37101724  21.36667241]
-0.06	 -0.12	0.18	0.17	199_R	[-8.39923529 -8.86996078 22.15996078]
0.22	 1.57	0.1	-0.35	200_Q	[-7.60295238 -4.16938095 14.3812381 ]
0.04	 0.62	-0.14	-0.09	200_Q	[-5.14969388 -3.14836735 10.76110204]
-0.16	 -0.26	-0.13	0.17	200_Q	[-6.45460938 -6.18051562 12.01189062]
0.1	 1.54	0.18	-0.25	201_R	[-9.59076923  4.92630769 13.32723077]
-0.03	 -0.16	-0.15	-0.0	201_R	[-9.36545833  5.880375   14.52395833]
-0.03	 -0.09	-0.09	-0.02	201_R	[-8.85562791  5.11053488 17.35076744]
-0.13	 -0.54	0.06	0.2	201_R	[-11.26490385   4.33638462  15.53315385]
0.19	 1.39	0.39	-0.62	202_R	[-6.72954545  2.08945455 19.01763636]
-0.05	 -0.19	-0.15	0.01	202_R	[-7.31525     0.82996875 20.81578125]
-0.01	 0.06	-0.05	-0.09	202_R	[-5.78158824 -1.43129412 21.56388235]
0.13	 1.46	0.08	-0.37	202_R	[-7.324       1.64057143 23.08357143]
-0.04	 0.65	-0.06	-0.02	202_R	[-7.873125  0.454125 23.6875  ]
-0.15	 -0.47	-0.24	0.21	202_R	[-6.58523404 -1.65521277 25.04361702]
-0.14	 -0.37	0.06	0.19	202_R	[-8.1882549   1.08766667 26.02431373]
0.18	 1.04	0.02	-0.28	203_W	[-2.83178571 -2.28807143 21.00314286]
0.25	 1.37	0.37	-0.6	203_W	[ 0.4066  -2.36605 20.19345]
0.15	 1.07	0.06	-0.3	203_W	[-4.25116667 -3.34433333 19.59161111]
0.04	 0.65	-0.13	-0.18	203_W	[-1.4726875  -4.4899375  20.55883333]
0.22	 1.42	0.39	-0.62	204_L	[-2.66995455 -0.62122727 12.09345455]
0.16	 1.1	0.06	-0.36	206_L	[ 0.39290909 -2.21690909 22.00886364]
0.05	 0.47	-0.06	-0.19	206_L	[-2.23932558 -2.28432558 23.91718605]
0.23	 1.54	0.36	-0.59	207_Q	[ 1.6642381  -3.71038095 20.35633333]
0.17	 1.51	0.31	-0.56	208_M	[ 6.29685714  3.6882381  18.10538095]
0.13	 0.44	-0.05	-0.2	208_M	[ 7.57752941  3.78582353 20.11058824]
0.15	 1.53	0.23	-0.5	209_L	[ 6.83911765  4.66623529 22.798     ]
0.08	 2.37	0.54	-0.73	209_L	[ 7.362   3.748  22.4562]
0.09	 0.36	0.01	-0.18	209_L	[ 8.20429032  3.24045161 23.74816129]
0.02	 0.46	-0.07	-0.13	210_E	[10.56063158 -0.77426316 22.21068421]
0.13	 0.76	0.05	-0.26	210_E	[ 8.83369231 -2.73092308 23.17546154]
0.14	 0.77	0.03	-0.21	210_E	[ 8.25814286 -5.33428571 22.41135714]
-0.1	 -0.43	-0.02	0.07	211_G	[10.23644444  2.12031111 20.21206667]
0.11	 0.63	-0.11	-0.15	211_G	[ 9.33035294  2.13752941 18.16588235]
0.03	 0.42	-0.0	-0.17	211_G	[11.98108  0.714   18.2404 ]
0.18	 1.42	0.16	-0.44	212_D	[ 9.33075  2.13225 16.755  ]
0.16	 0.55	0.1	-0.34	212_D	[ 8.00645161  2.6693871  16.5073871 ]
0.11	 0.88	0.1	-0.33	213_I	[ 8.93713514  3.10275676 12.14716216]
0.16	 1.36	0.07	-0.35	213_I	[12.635   0.0816 12.9832]
-0.07	 0.26	-0.11	0.01	213_I	[13.51188571  0.9774     14.11574286]
-0.18	 -0.67	0.03	0.22	213_I	[11.31539062  1.64053125 11.5111875 ]
-0.05	 -0.13	-0.02	0.11	213_I	[11.72239744  3.44861538 15.59366667]
0.15	 0.9	-0.1	-0.19	214_Y	[ 8.5935      0.53892857 10.58514286]
0.18	 1.26	0.14	-0.41	214_Y	[ 9.2054 -1.2676 10.8309]
0.04	 -0.01	-0.05	-0.15	214_Y	[ 8.47213333 -0.5122      8.71653333]
-0.04	 0.02	-0.02	-0.05	214_Y	[ 6.36140816 -0.76267347  6.96473469]
0.14	 1.8	-0.01	-0.26	214_Y	[4.4938 0.1216 7.5136]
-0.02	 0.45	0.01	-0.05	214_Y	[ 3.63947826 -0.88282609  6.00321739]
0.18	 1.5	0.23	-0.49	216_R	[ 6.85319048  4.47133333 16.42057143]
0.1	 1.03	-0.02	-0.23	216_R	[ 7.23590476  5.75219048 12.81004762]
0.11	 0.74	-0.0	-0.2	216_R	[ 8.82567391  5.40134783 15.07323913]
-0.01	 0.51	-0.14	-0.03	216_R	[ 8.15533333  8.38655556 13.765     ]
-0.12	 -0.0	-0.04	0.14	216_R	[ 9.82775     8.39491667 14.30275   ]
-0.18	 -0.4	-0.1	0.21	216_R	[10.67745902  7.56885246 16.43357377]
-0.09	 -0.15	-0.01	0.06	216_R	[ 9.11690566 10.49228302 15.57928302]
0.16	 1.39	0.18	-0.44	217_A	[ 7.26484615  4.46869231 11.67669231]
-0.04	 -0.04	-0.06	-0.01	217_A	[ 5.98982609  5.64813043 10.11178261]
0.12	 1.06	0.04	-0.27	217_A	[4.7506     2.74866667 8.29666667]
-0.08	 -0.05	0.02	0.05	217_A	[3.33081081 5.21235135 8.43921622]
-0.16	 -0.5	-0.05	0.23	217_A	[7.34816393 3.18118033 8.75193443]
0.03	 0.39	-0.01	-0.14	218_Y	[2.99429032 1.75012903 8.15006452]
0.0	 1.1	-0.1	-0.27	218_Y	[1.41833333 3.85       8.39133333]
-0.04	 -0.37	-0.01	-0.01	218_Y	[-0.1955      3.7234      8.87206667]
0.13	 2.05	0.04	-0.3	218_Y	[0.890125 1.601125 8.0255  ]
0.07	 1.13	0.22	-0.45	218_Y	[-0.07    1.0456  7.8628]
-0.01	 0.11	-0.06	-0.03	218_Y	[1.564125  0.246125  7.1134375]
0.06	 0.51	-0.13	-0.07	218_Y	[-2.29358491 -0.26386792  9.29926415]
0.02	 0.16	-0.03	-0.11	218_Y	[ 0.28630233 -2.08232558  6.30109302]
-0.13	 -0.24	-0.01	0.07	218_Y	[-1.0459  0.0624  6.8782]
-0.14	 -0.23	-0.08	0.14	218_Y	[-2.57545946 -2.05845946  7.11075676]
0.11	 -0.04	0.02	-0.21	219_A	[-1.02677778  5.646      10.71522222]
0.08	 1.03	0.05	-0.32	219_A	[-1.68536364  7.281      11.19495455]
0.09	 1.31	-0.13	-0.19	220_G	[0.96145455 5.82472727 8.90227273]
-0.14	 -0.66	0.06	0.18	220_G	[1.81708333 7.7125     8.82133333]
-0.23	 -1.22	-0.02	0.2	220_G	[ 1.69825  10.040625  9.185625]
0.08	 0.26	-0.02	-0.13	220_G	[ 2.94227778 10.40511111 10.506     ]
-0.04	 -0.34	-0.09	0.01	221_D	[-0.80833333  9.1297619   9.73847619]
-0.06	 -0.19	-0.26	0.05	221_D	[ 0.9639 11.742  10.7346]
0.09	 0.26	-0.12	-0.17	221_D	[ 0.7045    12.185     12.7098125]
-0.16	 -0.62	-0.1	0.19	221_D	[-2.04232258 10.77377419  9.82480645]
-0.06	 -0.95	-0.12	0.08	221_D	[-1.71307407 13.16044444 11.20548148]
-0.05	 0.1	-0.03	-0.04	221_D	[-1.96864706 13.27076471 13.30020588]
-0.31	 -1.23	0.24	0.49	221_D	[-2.10862162 14.08405405  9.96332432]
0.15	 1.37	0.28	-0.54	222_A	[ 1.68342857 11.901      13.29028571]
0.18	 1.1	0.06	-0.33	222_A	[ 0.71753333 11.82566667 14.6672    ]
0.17	 1.42	0.05	-0.3	223_A	[ 6.70172727 10.73390909 13.81618182]
0.22	 1.28	0.28	-0.52	223_A	[ 6.90888889 10.70911111 16.964     ]
-0.05	 -0.19	-0.02	0.02	223_A	[ 5.81712727  8.64232727 11.79603636]
-0.05	 -0.08	2.24	0.29	224_D	[ 6.86051429 12.40922857 15.3948    ]
-0.07	 -0.44	-0.09	0.1	224_D	[ 5.4622 14.1735 16.5087]
-0.14	 -0.45	0.07	0.11	224_D	[ 3.40610345 14.53396552 15.59668966]
-0.21	 -1.26	0.11	0.3	224_D	[ 6.58125641 13.81902564 13.45876923]
-0.02	 0.13	-0.03	-0.05	224_D	[ 3.66378378 13.75154054 12.53735135]
-0.14	 -0.53	-0.04	0.16	224_D	[ 4.1961     12.60663333 11.29493333]
-0.25	 -1.05	0.09	0.37	224_D	[ 3.49935897 15.43605128 13.10428205]
0.07	 0.71	-0.21	-0.19	225_K	[ 5.8952963  12.52903704 17.47685185]
0.21	 1.38	0.04	-0.33	225_K	[ 4.11426087 14.10513043 18.51056522]
0.2	 1.33	0.18	-0.42	225_K	[ 2.0145     11.78277273 20.79190909]
-0.01	 0.07	-0.17	-0.0	225_K	[ 0.92624444 13.05406667 17.6208    ]
0.13	 1.39	0.37	-0.61	226_L	[ 6.12281818 11.51227273 18.01763636]
0.2	 1.42	0.36	-0.6	226_L	[ 8.6995  8.927  20.3348]
0.19	 1.95	0.17	-0.42	226_L	[ 7.29705263  6.30452632 21.776     ]
-0.02	 0.27	-0.12	-0.04	226_L	[ 8.37231481  6.52087037 18.96418519]
0.19	 1.55	0.19	-0.43	227_D	[ 7.3516     11.5916     18.79786667]
0.15	 2.15	0.05	-0.27	227_D	[ 9.24315385 11.89892308 22.36407692]
0.09	 0.69	-0.03	-0.17	227_D	[ 7.5872 14.9191 22.2465]
-0.04	 -0.01	-0.07	-0.06	227_D	[ 8.34923077 13.75803846 23.94257692]
-0.11	 -0.53	-0.02	0.1	227_D	[ 8.65011111 14.25564444 20.42611111]
-0.04	 0.11	14.27	0.16	227_D	[ 9.67145455 12.76487879 19.17154545]
-0.06	 -0.08	0.02	-0.01	227_D	[10.14440426 10.83353191 19.7472766 ]
-0.47	 -0.93	0.54	0.98	227_D	[10.14795455 13.60111364 18.04515909]
0.06	 0.37	-0.1	-0.12	228_I	[ 5.95889474 15.63242105 23.53073684]
0.18	 1.33	0.2	-0.46	228_I	[ 4.10742857 15.27892857 25.25214286]
-0.1	 -0.18	-0.07	0.12	228_I	[ 3.65261111 16.26261111 23.62305556]
0.14	 0.74	0.03	-0.29	228_I	[ 1.50109524 13.35819048 22.8097619 ]
-0.17	 -0.57	0.0	0.2	228_I	[ 4.97230159 16.1351746  20.34387302]
-0.11	 -0.4	-0.13	0.18	228_I	[ 1.0259878  15.4232439  21.64668293]
0.19	 1.64	0.03	-0.32	229_A	[ 1.90142857 11.82828571 23.71014286]
0.14	 0.87	0.04	-0.28	229_A	[ 1.67682759 10.35103448 22.80555172]
-0.01	 0.24	-0.12	-0.08	230_L	[ 8.7365   11.657125 26.657875]
0.03	 0.46	-0.08	-0.1	230_L	[ 8.01324138 10.3317931  28.44851724]
0.01	 0.03	0.01	-0.05	230_L	[ 9.10694118 10.11097059 25.47191176]
-0.18	 -0.58	-0.01	0.22	230_L	[10.07542188  8.7188125  22.81992187]
0.0	 0.34	-0.15	-0.07	230_L	[ 8.514325  6.695125 24.9303  ]
0.16	 0.89	0.03	-0.3	231_A	[ 8.34244444 12.65955556 25.73222222]
0.03	 0.38	0.03	-0.17	231_A	[ 8.34368 13.79912 27.63752]
0.16	 1.16	-0.01	-0.22	231_A	[ 5.08727273 15.31363636 28.40627273]
-0.01	 0.23	-0.08	-0.03	231_A	[ 6.01621212 14.63651515 30.29981818]
-0.18	 -0.9	0.07	0.27	231_A	[ 7.28098305 15.76555932 26.43288136]
-0.03	 0.09	-0.01	-0.08	232_N	[ 3.151      14.58390909 29.64959091]
0.04	 0.19	-0.06	-0.08	232_N	[ 2.27324 13.10816 31.23672]
0.07	 0.22	-0.06	-0.08	232_N	[ 0.87490909 13.23909091 28.76363636]
-0.09	 -0.34	0.09	-0.05	232_N	[ 0.5189375 14.28625   27.909    ]
-0.17	 -0.67	-0.0	0.26	232_N	[ 2.49811364 15.95068182 26.98340909]
-0.02	 0.03	-0.06	-0.03	232_N	[ 0.1301     14.63226667 25.4957    ]
0.23	 1.5	0.36	-0.59	233_L	[ 6.7568125  8.730875  29.5255625]
-0.03	 0.41	-0.06	-0.09	234_S	[ 8.643625  10.426375  31.2590625]
0.1	 0.79	-0.1	-0.13	234_S	[ 7.98936364 13.83681818 33.13709091]
-0.14	 -0.32	0.08	0.17	234_S	[ 8.63536364 11.64954545 34.33809091]
-0.13	 -0.35	-0.12	0.09	234_S	[ 8.7802     13.66357143 30.09211429]
-0.3	 -1.12	0.19	0.45	234_S	[10.38154054 13.50872973 31.65364865]
0.14	 1.16	0.06	-0.33	235_D	[ 6.52658333 13.94975    32.59866667]
-0.07	 0.7	-0.07	0.04	235_D	[ 6.76618182 13.68572727 35.10409091]
0.23	 1.46	-0.14	-0.15	235_D	[ 6.98628571 10.82071429 35.68328571]
-0.15	 -0.49	0.02	0.23	235_D	[ 5.617225 11.526825 37.05905 ]
-0.05	 0.01	0.0	-0.07	235_D	[ 4.05963636 14.11436364 33.0920303 ]
-0.12	 -0.35	-0.02	0.07	235_D	[ 3.69985 14.9612  35.5478 ]
-0.25	 -0.76	0.12	0.36	235_D	[ 5.27976316 15.20460526 36.42139474]
-0.25	 -0.87	0.07	0.36	235_D	[ 2.18402439 14.28521951 35.50387805]
-0.06	 -0.07	-0.19	-0.01	236_E	[ 4.66094737  9.34084211 36.91726316]
0.1	 0.91	0.1	-0.35	236_E	[ 6.11735714  8.40471429 35.38882143]
-0.24	 -0.58	-0.01	0.34	236_E	[ 5.96947619  6.98688095 36.48364286]
-0.04	 0.46	-0.03	0.03	236_E	[ 2.74838095  7.81185714 35.75080952]
-0.08	 -0.17	-0.03	0.05	236_E	[ 1.73348485 10.37533333 35.98724242]
0.04	 0.16	-0.02	-0.16	236_E	[ 1.11856522 11.80434783 33.55721739]
0.14	 1.14	0.15	-0.45	236_E	[ 1.24175  11.82075  32.223875]
-0.1	 -0.21	0.02	0.06	236_E	[-0.60696429 10.11925    34.33721429]
0.19	 1.15	0.06	-0.33	237_I	[ 6.78928571  5.01780952 34.72257143]
0.05	 0.52	-0.19	-0.12	237_I	[ 8.10283333  8.4055     33.95908333]
0.1	 0.8	-0.1	-0.18	237_I	[ 8.32361111  8.31088889 31.34655556]
0.1	 1.14	0.44	-0.65	237_I	[ 6.3474  4.051  34.3115]
0.02	 0.24	-0.02	-0.09	237_I	[ 3.42695652  4.23193478 34.7818913 ]
0.13	 0.81	0.06	-0.26	238_D	[ 8.573       6.91133333 34.96933333]
-0.07	 0.28	-0.1	0.05	238_D	[10.3864   7.70045 33.1565 ]
0.12	 0.61	-0.13	-0.15	238_D	[12.27744444  5.43555556 32.12244444]
-0.17	 -0.51	0.09	0.23	238_D	[11.239       6.690125   30.43784375]
-0.2	 -1.12	0.07	0.27	238_D	[11.83992857  6.45283333 34.58385714]
-0.21	 -1.13	-0.05	0.23	238_D	[11.89569231  4.57176923 36.14684615]
-0.53	 -0.45	-0.03	0.26	238_D	[ 9.36156818  4.64206818 36.20722727]
-0.15	 -0.46	0.06	0.21	238_D	[11.78020588  2.993      34.76752941]
0.15	 0.5	0.01	-0.26	239_D	[11.61666667  4.37358333 29.20841667]
0.04	 0.24	-0.03	-0.1	239_D	[12.22225     2.55218182 31.71427273]
-0.05	 0.27	0.1	-0.05	239_D	[13.00577273  1.96336364 28.76472727]
-0.14	 -0.18	-0.02	0.11	239_D	[11.8672      2.39286667 27.4769    ]
-0.21	 -0.83	0.05	0.3	239_D	[14.03452941  0.96408824 29.51429412]
0.21	 1.69	0.12	-0.37	240_P	[ 8.31292857  4.397      26.19657143]
0.15	 1.13	0.13	-0.37	240_P	[ 7.81886957  7.43021739 28.2043913 ]
-0.09	 0.09	-0.13	0.02	240_P	[ 9.56632258  5.61177419 27.83716129]
0.17	 1.4	0.14	-0.39	241_A	[ 9.378     2.806375 26.445625]
0.01	 0.24	-0.12	-0.08	241_A	[10.211    -1.424375 26.400375]
0.2	 0.67	0.14	-0.37	241_A	[ 8.87931818 -2.52004545 25.74695455]
-0.17	 -0.76	-0.06	0.13	241_A	[10.55536957  0.64636957 24.79526087]
0.13	 1.27	0.05	-0.3	242_L	[11.1456     -0.45166667 27.67426667]
0.11	 0.85	0.02	-0.26	242_L	[10.54085 -2.61305 27.891  ]
0.09	 1.4	0.09	-0.29	242_L	[ 8.55973333 -1.934      31.72766667]
0.1	 0.65	0.13	-0.34	242_L	[ 9.26533333 -3.84780952 31.0242381 ]
0.07	 0.58	-0.09	-0.13	242_L	[10.1773  -1.36205 31.7808 ]
-0.04	 0.37	-0.06	-0.03	242_L	[12.96640909 -1.37222727 29.05972727]
-0.19	 -0.92	0.06	0.25	242_L	[13.02917808 -1.69149315 32.11590411]
-0.21	 -0.91	0.02	0.31	242_L	[12.09648276 -4.1315     29.88751724]
0.14	 1.23	0.07	-0.34	243_H	[ 6.38169565 -1.92352174 32.40730435]
0.17	 1.48	0.1	-0.34	243_H	[ 4.07204 -2.66152 31.74324]
0.18	 1.35	0.19	-0.47	243_H	[ 4.84715385 -1.02461538 32.35423077]
0.06	 0.65	0.09	-0.34	243_H	[ 7.70157143 -0.70057143 32.803     ]
0.12	 1.32	0.23	-0.49	243_H	[ 8.7604 -0.2715 32.409 ]
-0.13	 -0.38	-0.13	0.26	243_H	[ 5.67153488 -0.29127907 34.23165116]
-0.04	 -0.09	-0.05	0.01	243_H	[ 9.32558065  0.94219355 33.90977419]
-0.1	 -0.25	0.1	0.18	243_H	[ 7.21794118  1.90844118 35.16741176]
0.17	 0.96	0.02	-0.28	245_A	[ 8.10553846 -7.55538462 29.12476923]
-0.07	 -0.11	-0.14	0.06	245_A	[ 9.23181667 -5.74643333 27.01821667]
0.18	 1.13	0.07	-0.28	246_D	[ 8.7068 -5.3416 29.9398]
0.03	 0.18	0.03	-0.15	246_D	[ 7.95565217 -7.19473913 31.08117391]
0.2	 1.51	0.2	-0.46	246_D	[ 5.93023529 -8.54088235 32.84588235]
-0.1	 -0.19	-0.13	0.04	246_D	[ 8.23062963 -4.55977778 32.51237037]
-0.12	 -1.28	0.04	0.06	246_D	[ 7.05275   -4.796     34.6490625]
-0.21	 -0.61	-0.05	0.35	246_D	[ 7.40286364 -7.06220455 34.70768182]
-0.1	 -0.1	-0.05	0.11	246_D	[ 5.01743902 -4.45643902 33.89853659]
0.15	 1.02	-0.02	-0.24	247_A	[ 2.63116667 -5.6045     32.81866667]
0.21	 1.71	0.17	-0.44	247_A	[ 0.59609524 -7.57928571 31.70871429]
0.16	 1.4	-0.09	-0.16	247_A	[ 2.26964286 -3.8605     32.06285714]
0.14	 0.99	0.04	-0.32	248_R	[ 1.02416667 -4.55697222 22.51461111]
0.06	 0.89	-0.03	-0.22	249_Y	[  5.3398125 -10.4298125  33.2131875]
0.04	 0.07	0.02	-0.04	249_Y	[  5.4313913  -12.71352174  32.92626087]
-0.04	 0.15	-0.08	0.05	249_Y	[  7.3323125  -10.46728125  31.74525   ]
-0.14	 -0.53	-0.08	0.14	249_Y	[  8.99783333 -11.31633333  30.3685    ]
-0.09	 -0.77	0.02	-0.0	249_Y	[  7.95982143 -13.414       30.63146429]
-0.07	 -0.32	-0.07	0.01	249_Y	[ 8.89982143 -9.84707143 28.921     ]
-0.09	 0.13	-0.07	0.03	249_Y	[  8.89884 -14.76836  29.29924]
-0.06	 -0.35	0.05	0.06	249_Y	[  9.6015     -11.06158824  26.95344118]
-0.14	 -0.51	-0.05	0.17	249_Y	[ 10.2536 -12.9834  28.0679]
-0.1	 -0.07	-0.09	0.07	249_Y	[  9.86571429 -14.20408571  25.9824    ]
0.18	 0.81	0.09	-0.39	250_Q	[  4.56875 -11.40625  34.34475]
0.11	 0.7	-0.02	-0.21	250_Q	[  0.61346667 -11.52946667  34.02146667]
0.04	 -0.25	-0.09	-0.02	250_Q	[  1.93345455 -12.46136364  34.95      ]
-0.07	 -0.62	-0.03	0.14	250_Q	[ 1.16771429 -8.93875    33.94532143]
-0.07	 -0.42	-0.15	0.03	250_Q	[ 2.44547059 -6.88047059 34.23394118]
0.03	 0.44	-0.08	-0.1	250_Q	[ 4.3122963  -8.72214815 35.53466667]
-0.23	 -0.63	-0.02	0.32	250_Q	[  4.53755263 -10.14063158  36.03234211]
-0.22	 -0.89	0.08	0.3	250_Q	[ 4.29681818 -7.02307273 36.83810909]
0.12	 1.42	0.13	-0.4	251_T	[  0.243    -10.6085    32.895875]
0.05	 0.41	-0.04	-0.12	251_T	[ -0.6134 -11.7404  32.8807]
0.24	 1.24	0.44	-0.66	251_T	[ -1.19835714 -14.59514286  31.72271429]
-0.06	 -0.42	-0.14	0.1	251_T	[ -1.936   -12.40876  31.46872]
0.21	 1.22	0.14	-0.38	251_T	[ -2.42471429 -13.12971429  29.0522381 ]
0.06	 0.84	-0.11	-0.06	251_T	[-1.1536087  -9.46421739 31.56965217]
0.12	 0.87	0.07	-0.34	252_I	[  5.97468571 -16.27082857  30.33708571]
0.1	 1.47	0.24	-0.5	253_A	[  5.11578571 -14.81757143  31.94692857]
-0.03	 0.24	-0.1	-0.03	253_A	[  4.87843478 -16.71965217  33.08147826]
0.06	 0.79	-0.07	-0.1	253_A	[  2.4293 -16.4268  35.8256]
-0.05	 -0.77	-0.11	-0.07	253_A	[  3.37229412 -18.22670588  35.15547059]
-0.2	 -0.91	0.03	0.29	253_A	[  4.8772931  -14.7327069   35.05801724]
0.12	 0.44	0.09	-0.32	254_A	[  1.6149 -14.6031  35.3684]
-0.1	 -0.38	-0.13	0.07	254_A	[  0.30865 -16.5837   36.1951 ]
0.18	 0.59	0.14	-0.33	254_A	[ -1.63395833 -18.23729167  35.44679167]
-0.11	 -0.23	-0.03	0.09	254_A	[ -1.37033824 -14.47982353  34.63717647]
0.13	 1.1	0.07	-0.3	255_I	[ -3.03696429 -15.93453571  30.49789286]
0.19	 0.94	0.01	-0.25	255_I	[ -3.318      -15.03015789  28.63978947]
0.03	 0.11	-0.1	-0.06	256_C	[  3.524      -21.40157143  34.25614286]
0.12	 0.47	0.06	-0.24	256_C	[  2.963      -22.94514286  34.26078571]
0.0	 0.02	-0.14	-0.06	256_C	[  4.61854545 -20.53284091  32.57881818]
0.17	 1.47	0.15	-0.41	256_C	[  5.04548649 -20.13537838  30.61437838]
0.08	 0.83	0.09	-0.31	257_D	[  3.259125 -20.008125  35.0485  ]
-0.02	 0.13	0.03	-0.07	257_D	[  2.54068182 -22.256       35.83359091]
-0.05	 0.04	-0.14	0.07	257_D	[ 1.81388889e-02 -2.33988889e+01  3.68140556e+01]
-0.09	 -0.61	-0.07	0.09	257_D	[  2.22880769 -18.77723077  37.05353846]
-0.11	 -0.47	-0.08	0.17	257_D	[  1.57742105 -19.92615789  38.83452632]
-0.27	 -0.76	0.14	0.39	257_D	[  2.603      -21.33256098  38.85239024]
-0.21	 -0.77	0.09	0.36	257_D	[ -0.28286364 -19.77804545  38.64613636]
-0.05	 -0.2	-0.14	0.08	258_A	[ -2.247      -22.13258824  36.60094118]
0.08	 1.2	0.0	-0.32	258_A	[ -1.466  -24.1095  35.6147]
-0.12	 -0.17	-0.08	0.16	258_A	[ -3.38455319 -24.34980851  34.51980851]
-0.04	 -0.24	-0.05	-0.04	258_A	[ -3.8156383  -20.75453191  34.87431915]
0.16	 1.58	0.19	-0.46	259_V	[ -2.471  -25.8094  33.1317]
0.12	 0.87	-0.04	-0.15	259_V	[ -1.2184     -26.24933333  33.4476    ]
0.15	 0.49	0.01	-0.2	259_V	[ -0.5794 -27.6158  32.4326]
-0.11	 -0.52	0.02	0.09	260_S	[  2.53158 -26.87594  34.65818]
-0.17	 -0.36	0.05	0.18	260_S	[  1.1707619  -25.76466667  35.90342857]
-0.04	 0.12	-0.05	-0.01	260_S	[  4.25948571 -25.16017143  32.39434286]
0.12	 0.9	0.1	-0.33	260_S	[  3.64169565 -24.08321739  30.56569565]
