-0.16	 -0.3	0.01	0.18	60_Q	[-56.6761129   46.1098871  -23.13616129]
-0.16	 -0.45	0.05	0.19	60_Q	[-55.1532   47.3734  -21.01136]
-0.11	 -0.57	-0.07	0.13	60_Q	[-53.5002  47.8984 -22.0874]
-0.2	 -0.74	0.08	0.27	60_Q	[-52.31773684  45.82857895 -21.90865789]
-0.24	 -1.15	0.08	0.36	60_Q	[-55.03353623  44.58621739 -20.55447826]
0.09	 -0.7	-0.12	-0.06	61_F	[-54.5124  48.4442 -23.4967]
-0.08	 -0.28	-0.09	0.07	61_F	[-52.06416667  48.39008333 -24.25570833]
-0.08	 -0.58	-0.21	0.08	61_F	[-53.30588889  49.74544444 -24.65533333]
-0.06	 -0.09	-0.02	0.02	61_F	[-55.44795652  48.92552174 -25.66647826]
-0.14	 -0.69	0.1	0.12	61_F	[-51.68786842  45.99976316 -25.79365789]
-0.1	 -0.16	-0.09	0.12	61_F	[-52.62333333  44.59083333 -27.01966667]
0.03	 0.45	0.08	-0.19	61_F	[-54.08344118  46.16961765 -27.73382353]
-0.13	 -0.71	0.01	0.08	61_F	[-53.45782143  43.50778571 -25.23807143]
-0.04	 0.28	-0.04	0.02	61_F	[-55.69551163  45.43172093 -28.391     ]
-0.18	 -0.95	0.06	0.24	61_F	[-55.25822222  42.8098     -25.66022222]
-0.23	 -0.92	0.05	0.32	61_F	[-56.44290909  43.56829545 -27.39038636]
-0.07	 -0.07	-0.2	0.04	62_M	[-51.60916667  48.70144444 -26.72405556]
0.23	 2.0	-0.11	-0.19	62_M	[-54.62971429  51.16771429 -27.085     ]
-0.1	 -0.13	0.03	0.04	62_M	[-52.375925  49.306775 -30.034475]
-0.09	 -0.34	0.06	0.04	62_M	[-51.31654839  51.18745161 -28.34312903]
-0.17	 -0.74	0.03	0.19	62_M	[-51.573       52.02012245 -25.52204082]
-0.19	 -0.83	0.09	0.25	62_M	[-53.83009804  53.65358824 -26.32227451]
-0.53	 -0.92	0.21	0.4	62_M	[-52.28746575  54.65660274 -28.42684932]
0.12	 0.14	0.01	-0.16	63_L	[-55.47521053  50.83805263 -28.53447368]
0.08	 0.74	-0.05	-0.13	63_L	[-54.838       47.88784211 -30.66810526]
0.11	 1.56	0.12	-0.41	63_L	[-52.97671429  51.30785714 -31.23771429]
0.11	 0.97	0.06	-0.27	63_L	[-54.49472093  52.59951163 -30.72744186]
-0.04	 0.05	-0.12	-0.03	63_L	[-57.22702703  50.81086486 -31.08959459]
-0.19	 -1.03	0.04	0.29	63_L	[-58.89022222  48.98711111 -30.14883333]
-0.23	 -1.07	0.06	0.4	63_L	[-57.81842623  47.22747541 -32.06644262]
-0.13	 -0.47	-0.03	0.16	63_L	[-57.87406818  47.62813636 -28.41725   ]
0.02	 0.16	-0.04	-0.04	64_Y	[-54.38936842  49.101      -32.88657895]
0.04	 0.52	-0.16	-0.04	64_Y	[-52.68185  51.8496  -32.58955]
-0.08	 -0.22	-0.05	0.13	64_Y	[-56.24074359  50.90694872 -34.94994872]
-0.16	 -0.88	-0.0	0.23	64_Y	[-52.60869231  49.46625641 -34.53528205]
-0.11	 -0.16	-0.09	0.12	64_Y	[-51.24933333  50.20566667 -36.27666667]
-0.16	 -0.82	0.06	0.15	64_Y	[-50.553925  51.986775 -34.98005 ]
-0.13	 -0.69	-0.02	0.07	64_Y	[-53.46607143  50.92389286 -37.58071429]
-0.2	 -1.08	0.03	0.3	64_Y	[-49.85573333  53.5432     -36.32477778]
-0.08	 -0.05	-0.04	0.08	64_Y	[-52.48242857  52.03989286 -39.17871429]
-0.0	 0.56	0.03	-0.12	64_Y	[-50.764       52.64752632 -37.73784211]
-0.16	 -0.36	0.06	0.16	64_Y	[-50.49289474  54.42726316 -38.97321053]
0.07	 0.75	-0.02	-0.11	65_E	[-53.86755556  54.00994444 -33.85622222]
0.06	 0.72	-0.12	-0.09	65_E	[-57.303   53.2139 -35.3737]
0.12	 1.74	0.09	-0.38	65_E	[-56.15257143  56.31214286 -35.77585714]
-0.05	 0.18	-0.05	-0.06	65_E	[-54.09459574  55.96478723 -36.38934043]
-0.16	 -0.69	-0.1	0.15	65_E	[-56.41730303  55.56727273 -34.05275758]
-0.02	 -0.2	-0.03	0.03	65_E	[-57.40137037  53.36918519 -32.64685185]
-0.08	 -0.16	-0.07	0.1	65_E	[-57.52033333  55.04530303 -31.24509091]
-0.29	 -1.01	0.22	0.47	65_E	[-58.86382051  56.27764103 -31.98038462]
-8.01	 -0.37	0.97	0.52	65_E	[-56.69355556  54.65908889 -29.91544444]
-0.0	 -0.11	-0.07	-0.05	66_E	[-57.40842105  53.547      -37.10678947]
0.15	 1.2	0.11	-0.35	66_E	[-55.9524  57.6782 -37.706 ]
-0.12	 -0.49	0.02	0.19	66_E	[-58.06316667  56.86697619 -37.66288095]
-0.02	 -0.14	-0.04	-0.06	66_E	[-58.6969375   54.29653125 -39.500625  ]
-0.01	 -0.08	-0.07	-0.1	66_E	[-55.88661538  52.35123077 -40.05753846]
-0.21	 -1.68	-0.03	0.23	66_E	[-58.49241667  51.28583333 -40.02266667]
-0.15	 -0.39	-0.07	0.16	66_E	[-60.016375    52.86115625 -40.95721875]
-0.14	 -0.4	0.0	0.16	66_E	[-57.57340816  50.98697959 -42.25659184]
-0.04	 -0.11	-0.14	0.01	67_T	[-56.9527  59.1232 -38.7188]
0.13	 1.42	-0.04	-0.19	67_T	[-58.82566667  57.34522222 -40.50633333]
0.2	 1.42	0.23	-0.48	67_T	[-58.77478571  56.36721429 -41.28928571]
-0.14	 -0.64	-0.01	0.13	67_T	[-55.4742381   60.539      -40.96890476]
-0.02	 0.49	-0.08	-0.02	67_T	[-53.87326667  59.0558     -42.4508    ]
-0.2	 -1.03	0.09	0.3	67_T	[-53.58755     59.4306     -39.02886667]
-0.07	 -0.09	-0.14	0.03	68_A	[-58.33980769  59.99915385 -40.78857692]
0.07	 0.45	0.02	-0.17	68_A	[-60.25864706  57.85052941 -41.582     ]
0.12	 1.85	0.21	-0.45	68_A	[-58.84125   60.088125 -44.831875]
-0.22	 -1.11	0.07	0.3	68_A	[-60.46018966  60.91405172 -42.64074138]
0.07	 0.67	-0.14	-0.1	69_E	[-57.45073684  60.60036842 -43.62289474]
0.16	 1.63	0.06	-0.3	69_E	[-57.88266667  60.373      -45.613     ]
-0.13	 -0.56	-0.0	0.14	69_E	[-55.285175  60.822925 -44.815825]
-0.14	 -0.77	0.04	0.18	69_E	[-53.82746341  60.10839024 -46.53143902]
-0.07	 -0.14	0.09	-0.04	69_E	[-56.01018182  60.74159091 -48.39936364]
-0.16	 -0.62	0.03	0.24	69_E	[-57.52972727  60.78612121 -48.06327273]
-0.19	 -0.75	0.02	0.26	69_E	[-55.23304651  59.28330233 -49.38253488]
0.12	 1.42	0.19	-0.5	70_E	[-54.1788  57.5125 -44.7183]
0.1	 0.79	0.1	-0.33	70_E	[-53.95110526  55.615      -44.89236842]
0.13	 1.76	0.23	-0.48	70_E	[-56.02658333  53.22983333 -43.18791667]
0.07	 0.95	0.07	-0.26	70_E	[-55.40932  52.88576 -45.02184]
0.08	 0.77	-0.05	-0.13	70_E	[-54.628       53.86671429 -43.02935714]
-0.11	 -0.24	-0.12	0.11	70_E	[-52.77620455  56.40093182 -43.31647727]
0.08	 0.21	-0.02	-0.13	70_E	[-52.65932  55.005   -40.9162 ]
0.2	 0.85	0.03	-0.27	70_E	[-52.84142857  56.09907143 -38.87971429]
-0.29	 -1.01	0.09	0.4	70_E	[-51.36303571  54.14342857 -41.66503571]
0.19	 1.76	0.14	-0.42	71_R	[-59.05318182  52.38672727 -43.99154545]
0.19	 1.27	0.45	-0.67	71_R	[-59.71515385  51.98107692 -45.50553846]
0.17	 1.8	0.16	-0.42	71_R	[-59.97221053  55.45673684 -41.97326316]
0.02	 0.3	-0.03	-0.14	71_R	[-60.65754545  52.42       -44.00840909]
-0.17	 -0.7	-0.03	0.23	71_R	[-62.99892  53.63648 -43.328  ]
-0.11	 -0.69	-0.01	0.14	71_R	[-62.46065385  55.94011538 -41.79173077]
-0.11	 -0.26	-0.03	0.16	71_R	[-64.15446154  56.52946154 -43.35930769]
-0.12	 -0.47	0.05	0.13	71_R	[-63.29473529  56.58335294 -45.6465    ]
-0.14	 -0.77	0.03	0.2	71_R	[-62.82840909  58.63913636 -43.01579545]
0.17	 0.68	0.02	-0.27	72_N	[-60.51877778  54.88333333 -48.75611111]
0.01	 0.07	-0.07	-0.02	72_N	[-57.51128571  55.61542857 -49.94957143]
0.02	 0.6	-0.08	-0.11	72_N	[-59.43057143  54.1325     -50.36482143]
-0.09	 -0.24	-0.02	0.08	72_N	[-58.95805714  57.27554286 -49.35571429]
-0.2	 -1.16	-0.03	0.24	72_N	[-61.24090909  58.28209091 -48.60009091]
-0.12	 -0.28	0.06	0.16	72_N	[-62.00955556  56.46196296 -47.75992593]
-0.09	 0.02	0.02	0.06	72_N	[-60.43832558  59.59053488 -46.81455814]
0.17	 1.52	0.11	-0.35	73_I	[-56.658       56.32992308 -49.10484615]
0.03	 0.56	-0.02	-0.1	73_I	[-55.94473684  54.21357895 -50.47821053]
0.17	 1.1	0.06	-0.27	73_I	[-55.51007692  51.98707692 -50.86323077]
0.13	 -0.58	-0.01	-0.21	73_I	[-53.78966667  54.21555556 -46.78122222]
-0.18	 -1.0	-0.03	0.21	73_I	[-53.43552273  55.52722727 -49.54070455]
-0.1	 -0.25	-0.1	0.06	73_I	[-53.16453704  52.39281481 -48.82711111]
-0.06	 0.16	-0.04	-0.01	73_I	[-53.57135294  56.96456863 -47.4875098 ]
0.01	 0.63	-0.12	-0.1	74_A	[-55.30684615  49.84865385 -47.97980769]
0.05	 0.27	-0.04	-0.15	74_A	[-58.89263636  48.91618182 -47.44836364]
-0.04	 -0.23	-0.12	-0.04	74_A	[-57.31811765  47.99923529 -48.60929412]
-0.13	 -0.28	0.02	0.08	74_A	[-57.19538806  50.18622388 -45.36628358]
0.12	 1.63	0.16	-0.43	75_V	[-59.73016667  50.03816667 -46.86683333]
-0.0	 0.22	-0.08	-0.08	75_V	[-60.88294737  49.01978947 -48.48521053]
0.19	 1.7	0.25	-0.51	75_V	[-61.4354375  48.367625  -50.1970625]
0.06	 0.5	-0.18	-0.11	75_V	[-61.41908333  53.31425    -48.72125   ]
-0.16	 -0.99	0.0	0.21	75_V	[-63.17877586  51.22472414 -49.81872414]
-0.1	 -0.6	-0.04	0.12	75_V	[-62.18364062  51.49325    -46.58160937]
0.17	 1.58	0.14	-0.42	76_H	[-60.4155  52.661  -50.9389]
0.1	 0.46	-0.07	-0.19	76_H	[-60.53742857  51.38       -52.95490476]
0.25	 1.51	0.2	-0.44	76_H	[-59.45411765  50.21458824 -54.86735294]
-0.05	 0.1	-0.16	-0.02	76_H	[-58.15674194  53.63806452 -52.39816129]
-0.1	 0.43	-0.08	0.11	76_H	[-57.54214286  54.39985714 -53.647     ]
-0.04	 -0.17	-0.0	0.06	76_H	[-56.3484   52.22015 -54.4508 ]
-0.17	 -0.85	0.1	0.25	76_H	[-59.93988679  53.90469811 -54.6445283 ]
-0.13	 -0.49	0.03	0.14	76_H	[-57.571175  53.184775 -56.60785 ]
-0.26	 -0.93	0.08	0.36	76_H	[-59.20763333  54.26696667 -56.75456667]
0.15	 1.44	0.1	-0.35	77_R	[-56.20092308  51.17646154 -52.34692308]
0.11	 0.92	0.07	-0.33	77_R	[-55.66858333  49.197375   -53.90495833]
0.21	 1.78	0.15	-0.42	77_R	[-55.81515385  46.68938462 -54.27315385]
0.11	 0.14	-0.01	-0.21	77_R	[-54.83789655  49.31965517 -50.87010345]
-0.09	 -0.46	-0.1	0.1	77_R	[-54.01165517  47.86368966 -53.53789655]
-0.16	 -0.93	-0.04	0.15	77_R	[-52.99881579  46.54855263 -50.87763158]
-0.12	 -0.6	0.01	0.12	77_R	[-52.92747826  48.39821739 -49.20117391]
0.01	 0.37	0.06	-0.12	77_R	[-51.52457143  49.51138095 -50.53809524]
-0.22	 -1.1	0.09	0.36	77_R	[-51.04628  49.87388 -52.20916]
-0.18	 -0.66	0.04	0.23	77_R	[-51.12775926  50.58785185 -49.06662963]
0.12	 1.2	0.17	-0.4	78_H	[-56.46694118  46.66852941 -50.59441176]
0.09	 0.14	-0.12	-0.12	78_H	[-57.23194118  45.00517647 -50.77476471]
0.18	 1.28	0.42	-0.66	78_H	[-58.977       43.44342857 -52.21092857]
-0.06	 -0.34	-0.13	0.04	78_H	[-59.21853571  46.48475    -48.59875   ]
-0.09	 0.38	-0.07	0.13	78_H	[-60.47185714  45.67671429 -48.07114286]
-0.02	 0.28	-0.01	-0.0	78_H	[-62.11180952  46.20757143 -49.54847619]
-0.16	 -0.49	-0.01	0.23	78_H	[-59.20208163  43.42095918 -49.10555102]
-0.13	 -0.48	-0.0	0.2	78_H	[-62.92379245  43.57488679 -49.62313208]
-0.19	 -0.51	0.03	0.3	78_H	[-61.06818182  42.19627273 -48.97887879]
0.14	 1.48	0.02	-0.27	79_N	[-61.2996  47.527  -56.2379]
0.11	 0.64	0.02	-0.3	79_N	[-61.34269231  46.62392308 -56.99715385]
-0.05	 -0.15	-0.03	0.03	79_N	[-62.11334615  48.92396154 -54.79057692]
0.03	 0.41	-0.0	-0.15	79_N	[-63.39873077  47.96       -52.31453846]
-0.08	 0.02	-0.07	0.09	79_N	[-63.7567451   46.34329412 -52.07976471]
-0.15	 -0.75	-0.03	0.2	79_N	[-63.74032609  49.99645652 -52.16817391]
0.09	 0.35	-0.2	-0.09	80_E	[-59.76386667  46.2148     -57.88606667]
0.07	 0.41	-0.16	-0.11	80_E	[-56.693       44.659      -57.34178571]
0.04	 0.45	-0.03	-0.23	80_E	[-58.27044  44.51092 -58.62772]
-0.04	 -0.25	-0.01	0.01	80_E	[-56.64084211  46.99652632 -56.78331579]
-0.1	 -0.39	-0.02	0.1	80_E	[-59.47626667  48.78208889 -57.52395556]
-0.07	 -0.14	-0.02	0.0	80_E	[-57.30994444  49.90161111 -58.20711111]
-0.09	 -0.41	-0.02	0.13	80_E	[-55.79113514  49.74113514 -56.34659459]
-0.19	 -0.64	0.01	0.28	80_E	[-58.06188095  51.22730952 -58.6417381 ]
0.12	 0.94	-0.06	-0.25	81_I	[-56.17775   45.26625  -55.953125]
0.05	 1.05	-0.12	-0.15	81_I	[-55.96420833  42.901375   -56.194375  ]
0.19	 1.28	0.16	-0.42	81_I	[-58.58392857  40.22014286 -55.11385714]
0.21	 1.66	0.25	-0.49	81_I	[-57.08225  43.5085  -51.91575]
-0.12	 -0.78	0.01	0.16	81_I	[-54.41728125  43.98146875 -54.641875  ]
-0.17	 -0.56	-0.07	0.24	81_I	[-56.44976563  41.02323438 -53.26096875]
-0.14	 -0.64	-0.01	0.14	81_I	[-54.0327619   44.15225397 -51.96706349]
0.13	 1.23	0.17	-0.4	82_Y	[-59.2789  42.433  -53.0744]
-0.02	 -0.36	-0.14	-0.03	82_Y	[-60.07775  40.67395 -54.2298 ]
0.06	 0.4	-0.09	-0.12	82_Y	[-62.11869048  39.89328571 -56.78607143]
0.12	 0.75	0.01	-0.23	82_Y	[-60.8336      42.04746667 -52.20313333]
0.2	 1.42	0.13	-0.38	82_Y	[-63.3613  43.3619 -52.5374]
-0.12	 -0.56	-0.08	0.13	82_Y	[-63.0407619   40.64502381 -52.3167619 ]
0.05	 0.36	-0.16	-0.05	82_Y	[-64.297    43.8848  -53.65935]
-0.23	 -1.06	0.09	0.33	82_Y	[-64.66555263  39.60431579 -52.72531579]
-0.14	 -0.6	-0.02	0.13	82_Y	[-65.600275  42.453075 -55.136225]
-0.07	 -0.09	-0.0	0.03	82_Y	[-65.44879167  40.86404167 -53.923125  ]
-0.29	 -1.04	0.18	0.44	82_Y	[-67.25634884  40.14337209 -54.00304651]
0.07	 1.27	-0.09	-0.3	83_N	[-63.31478261  41.78708696 -58.59017391]
0.05	 0.86	-0.05	-0.15	83_N	[-60.15038462  43.48953846 -59.90553846]
-0.08	 -0.23	-0.05	0.08	83_N	[-61.80518919  41.83505405 -60.91827027]
-0.12	 -0.69	-0.06	0.14	83_N	[-62.19931429  44.67554286 -59.41337143]
-0.21	 -1.1	-0.03	0.24	83_N	[-64.36618182  45.63036364 -58.72163636]
-0.19	 -0.62	0.02	0.27	83_N	[-65.12261905  43.53759524 -58.14045238]
-0.08	 -0.23	-0.01	0.06	83_N	[-64.00555319  46.1042766  -56.4033617 ]
0.19	 1.58	0.09	-0.37	84_N	[-59.25125  43.59025 -59.48225]
0.1	 0.58	-0.19	-0.1	84_N	[-59.12833333  41.67322222 -61.43422222]
0.07	 0.9	0.07	-0.28	84_N	[-57.54345455  39.08127273 -59.63072727]
-0.09	 -0.32	-0.02	0.09	84_N	[-59.16017778  38.93051111 -61.37108889]
0.14	 0.9	0.11	-0.33	84_N	[-56.549       41.04990909 -58.82277273]
-0.02	 -0.06	-0.15	0.09	84_N	[-56.5978125  42.5925    -60.69575  ]
-0.22	 -0.8	0.12	0.38	84_N	[-57.67795   43.257225 -61.66535 ]
-0.26	 -0.97	0.08	0.37	84_N	[-55.08537288  42.81171186 -60.00298305]
-0.1	 0.29	0.05	-0.02	85_N	[-58.23408333  36.89625    -59.14825   ]
0.04	 -0.19	-0.12	-0.01	85_N	[-60.41431579  36.84878947 -59.08336842]
-0.11	 -0.51	-0.13	0.07	85_N	[-60.50678125  35.196625   -58.066     ]
-0.11	 -0.42	-0.03	0.09	85_N	[-59.21793182  37.09843182 -56.46620455]
-0.05	 0.09	-0.11	0.02	85_N	[-57.05413793  38.07817241 -56.81544828]
-0.29	 -1.13	0.21	0.49	85_N	[-56.0735122   36.84763415 -56.32926829]
-0.05	 0.13	-0.1	-0.01	85_N	[-56.06148387  39.75035484 -57.07967742]
0.15	 1.55	0.23	-0.49	86_N	[-61.36221429  37.74064286 -59.67642857]
-0.06	 -0.71	-0.06	0.05	86_N	[-63.11075    36.3266875 -59.503875 ]
0.12	 0.79	-0.09	-0.14	86_N	[-61.7332381   34.77380952 -60.83828571]
-0.19	 -0.94	-0.09	0.27	86_N	[-61.03602326  34.56795349 -62.29169767]
-0.14	 -0.59	-0.07	0.15	86_N	[-62.40110256  36.94502564 -62.63779487]
-0.05	 -0.03	-0.06	-0.01	86_N	[-63.43807143  38.77403571 -61.53117857]
-0.06	 -0.14	-0.26	0.23	86_N	[-63.896575  39.840875 -60.060375]
-0.3	 -1.24	0.22	0.47	86_N	[-65.1197451   38.40119608 -62.83258824]
0.01	 -0.34	-0.15	0.0	87_S	[-63.18825     34.34508333 -59.15566667]
0.0	 0.96	-0.08	-0.06	87_S	[-60.4115      32.61894444 -60.79288889]
0.13	 0.67	-0.12	-0.12	87_S	[-63.2675    32.839125 -61.912   ]
-0.16	 -0.43	-0.04	0.16	87_S	[-64.614       32.03947368 -59.89676316]
-0.19	 -0.97	0.02	0.3	87_S	[-60.2682      32.04684444 -58.43037778]
-0.29	 -0.86	0.08	0.37	87_S	[-62.57316216  32.02486486 -57.41378378]
0.14	 0.61	0.01	-0.3	88_V	[-61.6475625  31.08275   -61.517625 ]
-0.06	 -0.05	-0.05	0.06	88_V	[-64.18738462  31.20988462 -62.72161538]
-0.13	 -0.23	0.04	0.09	88_V	[-63.11474359  28.65487179 -59.82728205]
-0.16	 -0.89	0.04	0.24	88_V	[-62.75263636  30.65004545 -64.28777273]
-0.23	 -1.12	0.07	0.36	88_V	[-60.49498438  29.61223437 -62.96134375]
-0.13	 -0.75	0.03	0.22	88_V	[-63.45647541  27.86236066 -64.01560656]
0.03	 0.06	-0.0	-0.06	89_S	[-66.05626316  29.67689474 -61.96473684]
0.01	 0.71	-0.06	-0.12	89_S	[-64.5978125  27.0265625 -60.4114375]
0.01	 -0.02	-0.14	0.02	89_S	[-65.40322222  26.07066667 -62.03877778]
-0.14	 -0.62	-0.05	0.16	89_S	[-67.30731579  27.36042105 -63.12476316]
-0.12	 0.16	-0.22	0.08	89_S	[-67.44693617  29.07797872 -59.48631915]
-0.29	 -0.58	-0.3	0.41	89_S	[-66.63461905  27.90230952 -57.82288095]
0.01	 0.13	-0.11	-0.03	90_N	[-66.417       25.7475     -59.72185714]
0.03	 0.14	-0.07	-0.15	90_N	[-67.58580952  24.78504762 -62.90538095]
0.2	 1.52	0.16	-0.43	90_N	[-69.29675     26.67608333 -59.93433333]
-0.01	 0.2	-0.24	-0.02	90_N	[-69.1760303   25.31748485 -58.96684848]
-0.11	 -0.34	-0.09	0.13	90_N	[-66.41617021  23.40791489 -60.60568085]
-0.16	 -0.82	-0.02	0.2	90_N	[-67.45409091  22.13290909 -62.94227273]
-0.1	 -0.23	-0.03	0.1	90_N	[-69.51428571  22.1772381  -63.17490476]
-0.16	 -0.54	-0.03	0.21	90_N	[-67.86675     20.49318333 -60.69341667]
0.05	 0.52	-0.07	-0.12	91_E	[-70.21521053  25.22857895 -62.96647368]
0.06	 0.92	0.0	-0.23	91_E	[-71.749       25.89492857 -59.54942857]
0.13	 1.28	-0.12	-0.19	91_E	[-72.00228571  24.78971429 -59.05571429]
-0.18	 -0.54	-0.08	0.23	91_E	[-73.897025  24.784    -60.197575]
-0.1	 -0.52	-0.05	0.14	91_E	[-72.19473333  26.15551111 -63.20846667]
-0.24	 -1.17	0.08	0.33	91_E	[-73.71348649  28.19718919 -61.9852973 ]
0.03	 0.13	-0.37	0.12	91_E	[-71.16012821  28.63974359 -60.23789744]
-0.13	 -0.4	-0.09	0.16	91_E	[-70.20933333  29.33444444 -61.24622222]
-0.14	 -0.81	-0.65	0.76	91_E	[-72.60162745  29.08203922 -59.2084902 ]
0.13	 1.2	0.19	-0.46	92_N	[-71.6368125  23.622625  -62.8705625]
0.05	 0.85	-0.09	-0.04	92_N	[-73.95290909  21.90309091 -60.26718182]
0.1	 0.7	-0.02	-0.23	92_N	[-71.86621875  21.3841875  -59.3455625 ]
-0.16	 -0.84	-0.05	0.24	92_N	[-72.10515385  19.76489744 -59.23520513]
-0.16	 -0.08	-0.09	0.11	92_N	[-72.04878788  20.15781818 -61.87236364]
-0.03	 0.3	0.03	-0.16	92_N	[-73.28072  22.11484 -63.59704]
-0.25	 -0.73	-0.03	0.47	92_N	[-72.44297826  21.70991304 -64.65532609]
-0.25	 -0.87	0.08	0.35	92_N	[-75.07664583  22.34070833 -62.895375  ]
0.07	 -0.23	0.09	-0.27	93_N	[-70.41244444  19.94711111 -57.47055556]
0.06	 0.66	-0.16	-0.09	93_N	[-72.5679  23.0873 -57.0695]
0.05	 0.51	-0.12	-0.09	93_N	[-70.56146  24.43864 -56.4742 ]
0.08	 0.71	-0.05	-0.12	93_N	[-68.78495833  21.650125   -58.35408333]
0.05	 0.4	0.03	-0.08	93_N	[-68.39278571  21.01821429 -56.54103571]
0.0	 -0.05	-0.0	-0.08	93_N	[-69.34119048  19.79119048 -55.24285714]
-0.2	 -0.71	0.02	0.3	93_N	[-66.57696429  21.16891071 -56.45908929]
0.1	 1.15	0.19	-0.35	94_P	[-72.92666667  22.23483333 -56.84283333]
0.09	 0.96	0.01	-0.19	94_P	[-72.756125   24.0415    -54.9416875]
0.15	 1.42	0.14	-0.41	94_P	[-71.777   20.8165 -52.4826]
-0.08	 -0.07	-0.04	0.09	94_P	[-74.96392593  22.50062963 -54.68051852]
-0.18	 -0.99	0.03	0.24	94_P	[-73.86913636  19.78231818 -54.38479545]
-0.11	 -0.51	-0.09	0.08	94_P	[-72.64825     19.92413889 -56.41786111]
0.06	 0.98	-0.08	-0.12	95_S	[-70.8368  20.4694 -53.3425]
0.06	 0.01	-0.05	-0.1	95_S	[-70.202       20.49390909 -51.51209091]
0.16	 0.19	0.1	-0.31	95_S	[-68.50254545  22.89709091 -50.00554545]
0.03	 0.47	-0.13	-0.05	95_S	[-69.6537   23.66665 -49.0739 ]
-0.16	 -0.45	-0.11	0.19	95_S	[-67.49014286  21.87393878 -51.88402041]
-0.19	 -0.44	0.03	0.26	95_S	[-67.74848148  20.14492593 -53.33544444]
0.12	 0.86	0.01	-0.28	96_Q	[-68.86988235  24.07882353 -53.60141176]
-0.12	 -0.49	-0.06	0.15	96_Q	[-67.99971429  25.4562381  -50.62842857]
0.06	 1.31	0.0	-0.2	96_Q	[-70.41227273  25.39427273 -49.081     ]
-0.25	 -0.66	0.13	0.27	96_Q	[-70.40083333  27.51191667 -49.64844444]
-0.16	 -0.85	-0.01	0.24	96_Q	[-67.72527778  26.71430556 -52.40016667]
0.15	 1.18	0.04	-0.28	96_Q	[-70.45        26.15515789 -54.30886842]
-0.11	 -0.03	-0.21	0.04	96_Q	[-69.85237143  28.29154286 -53.6758    ]
-0.3	 -1.04	0.13	0.45	96_Q	[-69.05891892  29.75843243 -53.16075676]
-0.15	 -0.53	-1.29	0.95	96_Q	[-70.21135     28.3011     -56.02651667]
-0.02	 -0.07	-0.17	-0.07	97_V	[-72.51905263  26.49463158 -48.83526316]
0.09	 0.93	0.05	-0.31	97_V	[-73.54872727  25.41963636 -48.10977273]
0.06	 0.42	-0.08	-0.14	97_V	[-72.58461111  27.65038889 -52.05016667]
-0.1	 -0.23	-0.06	0.1	97_V	[-74.85141463  25.44056098 -53.201     ]
-0.14	 -0.53	0.01	0.18	97_V	[-74.87001587  27.86614286 -50.62987302]
0.09	 1.86	0.16	-0.4	98_K	[-71.80130769  24.16069231 -48.492     ]
0.1	 1.52	0.26	-0.53	98_K	[-73.409   20.561  -46.8924]
0.01	 0.69	-0.09	-0.13	98_K	[-75.397       20.37       -47.48247222]
-0.02	 -0.42	-0.03	-0.02	98_K	[-72.90880556  20.20852778 -49.81177778]
0.19	 1.87	0.11	-0.34	98_K	[-71.43130435  21.72817391 -47.25756522]
-0.11	 -0.42	-0.01	0.12	98_K	[-70.46262162  19.198      -48.41505405]
-0.14	 -0.34	-0.12	0.12	98_K	[-68.80658974  21.00076923 -46.74328205]
-0.28	 -1.24	0.19	0.47	98_K	[-67.63544643  19.09296429 -47.08964286]
0.07	 0.69	0.03	-0.24	99_E	[-72.928625   24.088875  -46.7176875]
0.14	 0.79	-0.08	-0.16	99_E	[-75.15490909  21.577      -44.96272727]
0.11	 1.38	0.11	-0.37	99_E	[-75.59252941  23.23758824 -45.75811765]
-0.15	 -0.37	-0.04	0.22	99_E	[-76.727125  23.58975  -44.24175 ]
-0.19	 -0.53	-0.03	0.18	99_E	[-73.49923077  24.48020513 -44.20807692]
-0.12	 -0.81	0.03	0.14	99_E	[-71.16758333  22.78441667 -44.17411111]
-0.09	 -0.3	-0.09	0.1	99_E	[-72.55973077  20.66792308 -43.66046154]
-0.27	 -0.87	0.1	0.41	99_E	[-73.8707027   21.07978378 -42.53013514]
-0.15	 -0.45	0.05	0.17	99_E	[-71.66502222  19.65946667 -44.57017778]
0.14	 1.35	0.29	-0.54	100_N	[-74.60169231  25.24061538 -46.76615385]
0.14	 0.6	-0.16	-0.09	100_N	[-78.2464  25.242  -45.5664]
0.14	 0.92	-0.04	-0.17	100_N	[-78.53782353  24.30952941 -47.39717647]
-0.15	 -0.46	-0.02	0.29	100_N	[-79.91817073  24.86017073 -48.19680488]
-0.02	 0.05	-0.04	-0.09	100_N	[-77.45105882  26.40252941 -48.598     ]
-0.11	 0.15	-0.07	-0.02	100_N	[-75.77670833  27.20483333 -46.30608333]
-0.2	 -0.49	0.08	0.22	100_N	[-75.14725     28.40563636 -47.20681818]
-0.21	 -0.86	0.1	0.33	100_N	[-77.10091489  27.26340426 -44.70146809]
0.23	 1.38	0.21	-0.48	101_L	[-80.63377778  23.14666667 -48.97644444]
-0.04	 0.1	-0.07	-0.04	101_L	[-80.61824444  21.57073333 -47.67953333]
-0.03	 -0.16	-0.15	-0.0	101_L	[-78.64471875  20.1870625  -46.24275   ]
0.02	 0.27	-0.01	-0.14	101_L	[-76.39444828  20.21234483 -51.53144828]
-0.04	 -0.02	-0.02	-0.01	101_L	[-78.10295161  23.5391129  -52.03091935]
0.18	 0.79	0.03	-0.23	103_P	[-82.48723529  19.35376471 -47.62323529]
0.01	 0.43	-0.08	-0.03	103_P	[-84.37671429  15.635      -47.85771429]
0.17	 0.6	0.04	-0.24	103_P	[-83.5856      14.73653333 -48.86753333]
-0.1	 -0.22	-0.01	0.09	103_P	[-82.60218868  15.22635849 -46.02388679]
-0.27	 -1.29	0.1	0.37	103_P	[-81.92890909  16.60602273 -43.94861364]
-0.16	 -0.7	0.03	0.22	103_P	[-82.40745614  18.94022807 -44.99275439]
-0.08	 -0.04	-0.2	-0.01	104_A	[-84.70048  18.15716 -47.54264]
-0.12	 -0.74	-0.01	0.16	104_A	[-85.64633333  16.10355556 -49.51822222]
0.09	 0.45	-0.0	-0.21	104_A	[-85.21358333  18.84475    -51.4315    ]
-0.03	 0.02	-0.03	-0.03	104_A	[-84.943       16.91944444 -52.19788889]
-0.27	 -1.37	0.16	0.45	104_A	[-86.72541667  18.78093333 -49.18181667]
0.2	 1.36	0.08	-0.31	105_K	[-83.19782353  19.69558824 -49.55258824]
-0.02	 0.02	-0.11	-0.03	105_K	[-83.3716087   18.95373913 -52.99852174]
0.16	 1.13	0.07	-0.36	105_K	[-79.731       18.80883333 -52.14525   ]
-0.18	 -0.45	0.07	0.23	105_K	[-81.1787  17.2625 -53.8485]
0.07	 0.63	0.07	-0.29	105_K	[-81.05639286  20.35142857 -51.74521429]
-0.09	 -0.43	-0.16	0.12	105_K	[-83.71405128  21.15392308 -51.44546154]
-0.07	 -0.31	-0.08	0.05	105_K	[-81.29368571  23.16468571 -52.60148571]
-0.25	 -1.2	0.13	0.37	105_K	[-83.54382979  24.22868085 -52.93229787]
-0.25	 -0.92	0.11	0.37	105_K	[-83.78390909  24.01756364 -50.3988    ]
0.05	 0.16	-0.03	-0.07	106_I	[-78.92175    17.0481875 -52.116625 ]
-0.09	 -0.13	0.04	0.1	106_I	[-79.67526923  14.07219231 -53.1865    ]
0.2	 1.62	0.24	-0.5	106_I	[-79.78288235  15.37252941 -47.99617647]
-0.05	 0.23	-0.24	0.04	106_I	[-77.07004348  17.63943478 -50.36504348]
-0.09	 -0.46	-0.31	0.28	106_I	[-77.33738182  14.37669091 -49.77338182]
-0.13	 -0.37	0.04	0.12	106_I	[-77.5720625   17.35339063 -47.26667188]
0.09	 0.84	0.06	-0.21	107_C	[-83.98476471  14.08535294 -50.91188235]
0.03	 0.33	-0.03	-0.12	107_C	[-83.07184615  11.53815385 -51.63069231]
-0.23	 -0.32	0.01	0.22	107_C	[-81.82610526  11.14231579 -53.08068421]
-0.15	 -0.27	-0.09	0.14	107_C	[-82.30145455  14.12486364 -54.42995455]
-0.22	 -0.94	0.07	0.3	107_C	[-85.087025   14.3274375 -53.758325 ]
0.21	 1.35	0.01	-0.26	108_P	[-78.26785714  11.99114286 -51.217     ]
0.14	 1.47	0.21	-0.47	108_P	[-79.74275   9.7317  -51.7828 ]
-0.18	 -0.46	-0.12	0.19	108_P	[-78.75378049  10.04285366 -52.69604878]
0.02	 0.15	-0.07	-0.07	108_P	[-78.50451852  11.56577778 -48.20577778]
-0.09	 -0.21	-0.02	0.05	108_P	[-80.84378846  12.12703846 -47.58342308]
-0.04	 0.08	-0.02	0.01	108_P	[-82.80218605  11.45802326 -49.25655814]
0.18	 1.36	0.32	-0.57	109_Y	[-80.03463636   8.91581818 -48.67181818]
0.15	 1.73	0.1	-0.39	109_Y	[-78.55842857   7.71528571 -52.28728571]
-0.01	 0.45	-0.08	-0.05	109_Y	[-78.79183333   5.635      -50.98316667]
-0.2	 -0.56	-0.03	0.21	109_Y	[-80.12139474   6.46352632 -52.77784211]
-0.13	 -0.34	0.03	0.13	109_Y	[-78.50977143   7.16874286 -48.64728571]
-0.11	 -0.16	-0.09	0.12	109_Y	[-76.20933333   7.14066667 -48.57933333]
-0.12	 -0.68	-0.04	0.21	109_Y	[-76.22635556   6.82706667 -51.05128889]
-0.11	 -0.28	0.01	0.07	109_Y	[-76.83457576   8.98836364 -47.85312121]
-0.23	 -1.15	0.08	0.34	109_Y	[-74.35865    8.073925 -51.409225]
-0.1	 -0.31	-0.23	0.24	109_Y	[-75.823375    10.80492857 -49.05339286]
-0.05	 -0.15	0.05	-0.07	109_Y	[-74.64632143   9.2215     -49.87121429]
-0.28	 -1.09	0.17	0.43	109_Y	[-72.86954762  10.33259524 -50.2542381 ]
0.01	 0.25	-0.18	-0.03	110_E	[-80.11992308   5.23138462 -49.187     ]
-0.05	 -0.01	-0.08	0.05	110_E	[-80.60476471   4.17352941 -51.12976471]
0.13	 1.08	0.13	-0.38	110_E	[-82.78204   5.05028 -52.45404]
-0.51	 0.04	0.05	0.11	110_E	[-82.90662857   7.77531429 -51.7402    ]
-0.17	 -0.8	0.02	0.2	110_E	[-82.84586667   3.54553333 -49.01573333]
-0.2	 -1.07	0.08	0.28	110_E	[-82.80554545   5.22613636 -47.524     ]
-0.1	 -0.37	-0.04	0.15	110_E	[-83.194        7.81705556 -47.87894444]
-1.53	 -0.59	0.04	0.3	110_E	[-84.35032432   7.53902703 -49.40375676]
-0.04	 -0.17	-0.12	-0.03	110_E	[-81.65136364   8.44618182 -48.23954545]
-0.11	 -0.7	-0.21	0.11	111_R	[-83.99666667   5.66386667 -53.04266667]
-0.04	 -0.13	-0.08	0.07	111_R	[-84.97085   3.87825 -51.114  ]
-0.08	 -0.25	-0.07	0.05	111_R	[-82.31997059   2.01861765 -51.64132353]
-0.29	 -0.92	0.13	0.44	111_R	[-83.78075   0.5709  -51.59065]
-0.17	 -0.94	0.06	0.26	111_R	[-85.88774359   2.65853846 -53.31507692]
-0.21	 -1.01	0.05	0.27	111_R	[-85.16048571   3.93917143 -55.32002857]
-0.16	 -0.27	-0.11	0.13	111_R	[-82.11009677   3.33751613 -54.68651613]
-0.22	 -0.92	0.0	0.26	111_R	[-83.042        3.45314286 -57.13052381]
-0.11	 -0.46	-0.09	0.12	111_R	[-83.07091304   1.54791304 -57.269     ]
-0.2	 -0.79	0.06	0.35	111_R	[-8.33486792e+01 -3.97735849e-02 -5.61163774e+01]
-0.27	 -1.22	0.17	0.44	111_R	[-82.96616071   1.37378571 -59.15635714]
