-0.27	 -1.1	0.13	0.38	30_S	[-26.65058696  20.20080435 -33.85580435]
-0.05	 0.28	-0.11	-0.02	30_S	[-25.39457143  17.81014286 -32.69092857]
0.07	 0.53	0.12	-0.3	30_S	[-27.9164375  17.374875  -33.944375 ]
-0.21	 -0.58	0.03	0.24	30_S	[-28.764       17.77852632 -34.96228947]
-0.1	 -0.13	-0.07	0.07	30_S	[-26.83054286  19.24828571 -30.61782857]
-0.21	 -0.63	0.05	0.3	30_S	[-29.48009756  18.88207317 -31.53268293]
0.1	 0.47	-0.02	-0.11	31_I	[-28.71669231  15.114      -35.36161538]
0.15	 0.52	-0.12	-0.21	31_I	[-30.3405      16.45566667 -32.97375   ]
0.16	 0.7	0.01	-0.25	31_I	[-30.21311538  15.21865385 -30.59923077]
-0.09	 -0.41	-0.01	0.09	31_I	[-25.94277778  14.84275    -35.40594444]
-0.01	 -0.79	0.01	-0.04	31_I	[-29.0001   12.3432  -35.62935]
0.02	 0.35	-0.01	-0.13	31_I	[-23.91782051  12.83425641 -35.05487179]
-0.03	 0.02	-0.16	-0.03	32_A	[-30.87742857  14.82182143 -34.75078571]
-0.15	 -0.7	-0.04	0.15	32_A	[-32.50893333  15.6366     -32.35793333]
0.16	 1.73	-0.08	-0.23	32_A	[-34.00685714  13.04871429 -32.501     ]
-0.15	 -0.48	0.01	0.18	32_A	[-32.90744737  13.23531579 -30.61018421]
-0.21	 -0.91	0.13	0.3	32_A	[-33.67993939  14.698      -34.54436364]
0.16	 1.68	0.24	-0.49	33_H	[-31.61975     12.11       -34.55591667]
0.21	 0.95	0.12	-0.33	33_H	[-30.60163158  10.56805263 -35.27484211]
-0.07	 -0.19	-0.0	0.04	33_H	[-34.41912903  10.34180645 -31.78319355]
-0.15	 0.48	-0.07	0.12	33_H	[-35.26785714   9.86171429 -33.34685714]
0.0	 0.32	-0.07	-0.05	33_H	[-34.55778571   7.49578571 -33.15292857]
-0.13	 -0.97	-0.05	0.14	33_H	[-34.16194595  11.38081081 -35.25078378]
-0.17	 -0.61	-0.05	0.23	33_H	[-34.48216667   7.4550625  -35.53810417]
-0.24	 -0.8	0.1	0.35	33_H	[-34.49865385   9.84330769 -36.83296154]
0.11	 1.8	0.03	-0.32	34_L	[-29.0848   5.4706 -33.1286]
0.08	 0.29	-0.03	-0.21	34_L	[-31.21794595   5.36535135 -33.45483784]
0.08	 0.88	0.01	-0.2	34_L	[-27.9915       5.24683333 -32.29029167]
0.09	 0.61	-0.06	-0.19	34_L	[-25.19769231   6.75715385 -32.881     ]
0.09	 0.38	0.04	-0.22	34_L	[-26.5309    4.5765  -30.95495]
-0.02	 0.13	-0.0	-0.08	35_T	[-29.779        5.09142857 -34.87585714]
0.02	 0.16	-0.16	0.02	35_T	[-27.59544444   4.88322222 -34.46077778]
0.0	 0.38	0.15	-0.16	35_T	[-25.70856   6.1334  -35.0072 ]
-0.09	 -0.47	-0.09	0.06	35_T	[-29.79803448   5.752      -38.14562069]
0.01	 0.06	-0.13	-0.05	35_T	[-28.96991304   8.17026087 -38.50982609]
-0.09	 -0.42	-0.02	0.07	35_T	[-31.52593478   7.78430435 -37.01521739]
-0.12	 -0.59	-0.1	0.11	36_S	[-28.79463636   3.78945455 -36.163     ]
-0.11	 -0.25	-0.02	0.17	36_S	[-25.92928571   3.54166667 -35.89461905]
0.12	 1.53	0.13	-0.38	36_S	[-25.33088   4.41464 -38.23988]
-0.11	 -0.28	-0.06	0.11	36_S	[-23.96455319   4.17382979 -38.40859574]
-0.26	 -1.21	0.14	0.37	36_S	[-26.87653488   1.48655814 -37.4074186 ]
-0.21	 -0.77	0.03	0.32	36_S	[-28.364575   2.62     -39.112075]
0.24	 1.32	0.42	-0.64	37_D	[-27.917    5.1065 -39.0839]
0.11	 1.04	-0.07	-0.17	37_D	[-24.34964286   5.83278571 -40.56685714]
0.15	 1.37	0.19	-0.48	37_D	[-25.80471429   9.01914286 -39.46614286]
-0.1	 -0.3	-0.13	0.08	37_D	[-24.13         8.65960606 -40.2069697 ]
-0.14	 -0.54	-0.07	0.13	37_D	[-26.90406452   7.99583871 -41.047     ]
-0.06	 -0.31	-0.15	0.08	37_D	[-27.32705882   5.74661765 -41.62817647]
-0.28	 -0.8	0.07	0.31	37_D	[-25.95147222   4.65891667 -42.12147222]
-0.32	 -1.11	0.18	0.51	37_D	[-28.56230769   6.47694872 -42.42635897]
0.14	 1.34	0.36	-0.61	38_D	[-24.521625   6.521875 -36.57675 ]
0.07	 0.08	-0.13	-0.1	38_D	[-24.079625   10.265625  -37.4795625]
0.07	 0.47	0.08	-0.27	38_D	[-23.30642857   8.44303571 -36.24707143]
0.05	 0.64	-0.05	-0.21	38_D	[-22.488625   7.83535  -34.442025]
0.18	 1.45	0.28	-0.54	38_D	[-24.74072727   7.66827273 -34.84981818]
-0.1	 -0.15	-0.05	0.1	38_D	[-26.745825  10.875675 -37.566475]
0.15	 1.66	0.16	-0.4	38_D	[-28.71461538   9.81507692 -36.32646154]
0.15	 1.5	0.28	-0.54	39_V	[-22.45747368   8.53352632 -38.22678947]
-0.04	 -0.32	-0.0	0.01	39_V	[-20.6642   7.2127 -36.3992]
0.01	 0.17	0.01	-0.07	39_V	[-21.34311765  11.11820588 -36.87364706]
-0.11	 -0.29	-0.06	0.11	39_V	[-18.55036364   7.72786364 -38.70227273]
-0.18	 -0.87	-0.02	0.29	39_V	[-20.73938356   5.72312329 -39.38660274]
-0.22	 -0.86	0.05	0.29	39_V	[-20.22925      9.12611538 -40.65355769]
-0.08	 -0.36	-0.12	0.02	40_N	[-18.04159259   8.54425926 -36.08707407]
0.15	 1.38	0.32	-0.57	40_N	[-18.024125   9.01575  -34.561875]
0.11	 0.8	-0.02	-0.22	40_N	[-18.88278049  13.00836585 -34.50919512]
-0.06	 0.03	-0.15	0.04	40_N	[-17.83576316  10.89202632 -37.96494737]
0.01	 0.6	-0.17	-0.02	40_N	[-15.9358      12.67546667 -36.30046667]
-0.03	 0.05	-0.08	-0.01	40_N	[-15.563       12.58813514 -34.55391892]
-0.25	 -1.1	0.09	0.42	40_N	[-16.94330357  14.08344643 -36.79610714]
0.12	 0.95	0.09	-0.36	41_L	[-19.47977778   8.7982963  -33.76592593]
0.18	 1.31	0.37	-0.61	41_L	[-20.982        8.08855556 -33.38688889]
0.21	 1.39	0.38	-0.61	41_L	[-23.1754   7.5365 -32.2086]
0.2	 1.74	0.14	-0.38	42_P	[-18.2755      13.886      -31.68538889]
0.08	 0.8	-0.02	-0.18	42_P	[-20.03004  16.58644 -30.73328]
-0.15	 -0.6	-0.04	0.23	42_P	[-20.56139024  15.46792683 -33.34117073]
0.13	 0.8	0.04	-0.27	42_P	[-21.76905263  12.938      -34.31131579]
0.19	 1.05	0.1	-0.34	44_S	[-22.79061111  15.5885     -24.46638889]
0.1	 0.79	0.03	-0.22	44_S	[-25.3596087   15.48717391 -25.17856522]
-0.1	 -0.26	-0.1	0.13	44_S	[-22.90789744  18.02120513 -26.33512821]
-0.03	 0.18	0.33	0.15	44_S	[-21.9145      17.83838636 -28.74829545]
0.12	 1.8	0.13	-0.38	45_D	[-24.7322      16.85306667 -30.42746667]
0.16	 1.22	0.22	-0.51	45_D	[-25.5415    17.201625 -30.22175 ]
0.03	 0.3	-0.07	-0.11	45_D	[-23.60467742  16.22554839 -32.13309677]
0.17	 1.25	0.21	-0.47	47_F	[-24.14693333  14.39166667 -23.25973333]
0.12	 0.78	0.16	-0.43	47_F	[-22.75768421  15.20215789 -21.41431579]
0.11	 0.34	-0.12	0.02	47_F	[-23.19913043  15.23604348 -19.06130435]
0.12	 1.2	0.13	-0.37	48_R	[-28.50923529  13.65323529 -22.87911765]
0.15	 1.45	0.18	-0.45	48_R	[-30.13933333  12.14011111 -25.58788889]
0.06	 0.55	-0.09	-0.11	48_R	[-30.28939286  12.13160714 -23.69139286]
0.22	 1.52	0.0	-0.27	48_R	[-27.2055   15.3985  -24.72275]
-0.13	 -0.47	-0.05	0.18	48_R	[-30.11497368  14.55765789 -24.86773684]
-0.14	 -0.52	0.02	0.17	48_R	[-30.54207843  15.56760784 -27.18096078]
-0.17	 -0.95	0.07	0.19	48_R	[-28.4388  17.2875 -26.1548]
0.01	 0.41	-0.2	-0.03	48_R	[-28.812       17.69946667 -28.632     ]
0.17	 1.3	-0.01	-0.26	48_R	[-29.28614286  16.53992857 -29.63007143]
-0.09	 -0.15	-0.05	0.03	48_R	[-26.23851163  17.90944186 -27.8284186 ]
0.15	 1.36	0.25	-0.51	49_F	[-30.51427273  10.83572727 -25.93527273]
0.06	 0.49	-0.01	-0.16	49_F	[-30.96170833  11.354      -27.58275   ]
0.11	 0.72	0.04	-0.29	49_F	[-31.40611111  11.8335     -29.25744444]
0.07	 0.59	0.01	-0.2	50_Y	[-27.9695641    6.64346154 -20.20394872]
0.19	 1.44	0.09	-0.34	50_Y	[-25.90306667   8.0284     -19.49413333]
0.18	 1.31	0.39	-0.61	50_Y	[-26.25614286   4.84514286 -20.73685714]
0.05	 0.45	-0.07	-0.07	50_Y	[-25.03938889   6.28911111 -18.89044444]
0.11	 1.03	-0.26	-0.07	50_Y	[-25.26586207   4.57386207 -19.60103448]
0.14	 1.6	0.06	-0.36	50_Y	[-23.94228571   4.02942857 -18.28671429]
-0.0	 0.35	-0.06	-0.01	51_R	[-29.79686667   8.7376     -19.29453333]
0.13	 2.29	-0.04	-0.22	51_R	[-31.118      10.031     -20.7256875]
-0.16	 -0.65	0.0	0.23	51_R	[-32.24853846  10.19848718 -19.60169231]
-0.07	 -0.23	-0.07	-0.0	51_R	[-29.70055556  11.92266667 -19.94922222]
0.04	 0.41	-0.03	-0.15	51_R	[-27.53336   9.8408  -18.51688]
-0.03	 0.19	-0.06	-0.05	51_R	[-27.63097143  13.09588571 -17.88874286]
0.19	 1.14	0.33	-0.57	51_R	[-28.253375  13.31075  -21.111125]
-0.03	 -0.11	-0.06	-0.0	51_R	[-28.28327778  14.49816667 -20.60038889]
-0.19	 -0.81	0.11	0.29	51_R	[-26.88235417  15.86027083 -18.42685417]
-0.12	 -0.16	-0.05	0.14	51_R	[-26.59107843  15.73009804 -21.9072549 ]
-0.04	 -0.58	-0.02	0.04	52_S	[-32.86775     11.13241667 -22.79541667]
0.1	 1.51	0.14	-0.43	52_S	[-33.69657143   9.04214286 -19.80071429]
0.06	 0.72	-0.02	-0.25	52_S	[-33.76795455   6.88829545 -20.46209091]
0.08	 -0.05	-0.01	-0.15	52_S	[-32.23417647  10.35223529 -25.12229412]
-0.09	 -0.56	0.04	0.08	52_S	[-34.63563636   9.92595455 -25.16063636]
-0.01	 -0.17	-0.15	-0.04	53_A	[-34.82964286  10.75260714 -21.48864286]
-0.16	 -0.37	-0.06	0.18	53_A	[-35.6095    8.74615 -19.52065]
0.09	 0.84	0.06	-0.26	53_A	[-36.79542105   7.30831579 -21.51636842]
-0.21	 -0.62	-0.04	0.22	53_A	[-38.0648       6.7988     -20.90043333]
-0.24	 -1.3	0.14	0.39	53_A	[-37.37220896  10.64538806 -20.30247761]
0.04	 0.6	-0.09	-0.07	54_D	[-36.92176923   9.34830769 -23.54030769]
-0.02	 -0.93	-0.07	0.04	54_D	[-38.42492857   7.03407143 -23.80685714]
-0.13	 -0.51	-0.08	0.14	54_D	[-37.3147037    8.70188889 -25.75066667]
-0.06	 0.28	-0.14	0.03	54_D	[-37.55219355   6.53374194 -26.74245161]
-0.01	 -0.25	-0.25	0.0	54_D	[-37.78234783   4.6186087  -26.88886957]
-0.29	 -1.2	0.27	0.52	54_D	[-38.92797368   7.06444737 -27.42265789]
0.06	 0.66	0.01	-0.14	55_K	[-37.98068182   4.57359091 -23.46836364]
0.18	 1.46	0.35	-0.59	55_K	[-35.31417391   4.84030435 -21.49765217]
0.14	 0.99	-0.08	-0.13	55_K	[-35.99225    1.41175  -24.249125]
0.04	 0.24	-0.03	-0.16	55_K	[-34.19145833   1.91358333 -23.15891667]
-0.17	 -0.59	-0.05	0.2	55_K	[-37.03163636   1.91887879 -22.63936364]
0.08	 0.71	-0.05	-0.22	55_K	[-36.65274419   3.9292093  -20.36348837]
-0.15	 -0.84	0.03	0.27	55_K	[-37.9352       1.20088889 -20.31522222]
-0.22	 -1.14	0.09	0.34	55_K	[-39.68329412   2.68982353 -18.98211765]
-0.26	 -0.71	-0.12	0.44	55_K	[-37.74714545   3.57438182 -17.66347273]
0.2	 1.7	0.11	-0.37	56_Q	[-37.5821   3.1878 -25.3162]
0.01	 0.1	-0.17	-0.08	56_Q	[-35.26027778   1.05211111 -26.3505    ]
0.19	 1.45	0.23	-0.5	56_Q	[-34.81172727   3.86809091 -28.90827273]
0.18	 1.21	0.13	-0.35	56_Q	[-33.43317391   1.61943478 -28.01873913]
0.07	 0.43	-0.08	-0.11	56_Q	[-36.3394375   2.7295625 -28.963875 ]
-0.17	 -0.85	-0.06	0.2	56_Q	[-37.70534211   0.87668421 -26.81202632]
-0.19	 -0.67	-0.08	0.19	56_Q	[-38.8077619    1.23157143 -28.5112381 ]
-0.35	 -1.32	0.34	0.58	56_Q	[-40.34052941   0.69094118 -28.16729412]
-0.24	 -0.98	-0.01	0.38	56_Q	[-37.89294   1.43422 -30.38494]
0.19	 1.26	0.1	-0.34	57_E	[-34.9487    5.06695 -28.2072 ]
0.13	 1.03	0.07	-0.34	57_E	[-34.85576923   7.60073077 -27.71426923]
0.02	 -0.16	-0.04	-0.05	57_E	[-33.05433333   9.54433333 -27.23666667]
0.04	 0.24	-0.01	-0.17	57_E	[-33.08336842   9.59515789 -29.28457895]
0.01	 0.32	-0.06	-0.05	57_E	[-34.22561111   6.98638889 -30.41027778]
0.18	 1.5	0.33	-0.57	58_K	[-30.97908333   2.8675     -21.67033333]
0.04	 0.6	-0.09	-0.08	58_K	[-31.03206667   5.99333333 -19.13413333]
0.1	 0.54	0.07	-0.28	58_K	[-33.15208511   3.26248936 -20.36734043]
-0.17	 -0.34	-0.16	0.32	58_K	[-33.54967742   4.05248387 -18.12306452]
0.17	 1.2	0.17	-0.44	59_E	[-31.46433333   2.23079167 -23.00970833]
0.12	 2.64	0.01	-0.24	59_E	[-30.710125   1.170125 -23.167   ]
-0.08	 -0.32	-0.13	0.06	59_E	[-33.07274074   0.16855556 -24.9282963 ]
-0.09	 -0.5	0.0	0.11	59_E	[-32.14771429  -1.0627619  -26.76897619]
-0.01	 -0.01	0.06	-0.11	59_E	[-30.27019231  -2.04280769 -24.39288462]
-0.15	 -0.17	-0.07	0.12	59_E	[-30.04738235  -1.03682353 -22.99776471]
-0.2	 -0.95	0.08	0.32	59_E	[-30.181875  -3.57675  -25.3775  ]
0.14	 0.79	0.06	-0.3	60_K	[-29.20738462   1.12553846 -29.73623077]
0.13	 0.35	0.01	-0.2	60_K	[-27.18442308   2.14138462 -29.88523077]
0.08	 0.69	0.09	-0.27	60_K	[-29.62845   3.68295 -31.08455]
-0.1	 -0.42	-0.2	0.12	60_K	[-31.37373171   1.22831707 -30.234     ]
-0.04	 0.09	-0.13	0.01	60_K	[-31.1213   3.5229 -32.4017]
-0.14	 -0.46	-0.05	0.24	60_K	[-33.75186957   2.0821087  -31.914     ]
-0.1	 -0.32	-0.1	0.12	60_K	[-34.61184848   4.4375     -32.19942424]
0.18	 1.55	-0.12	-0.15	62_R	[-26.23042857  -0.86742857 -24.99271429]
0.02	 0.34	-0.06	-0.13	62_R	[-24.42432432  -0.83083784 -24.40272973]
0.11	 0.8	0.1	-0.32	62_R	[-27.12286207  -0.48365517 -23.4622069 ]
0.17	 1.54	0.11	-0.38	62_R	[-29.27015152   0.91030303 -21.33075758]
0.17	 1.06	0.04	-0.32	62_R	[-27.18714286   3.4894     -19.67222857]
0.12	 1.8	0.1	-0.38	62_R	[-28.2756   1.0022 -17.6874]
-0.2	 -0.64	0.02	0.28	62_R	[-30.09966667   0.52855556 -18.85611111]
-0.18	 -0.71	-0.06	0.3	62_R	[-28.85733962   3.09981132 -17.5769434 ]
0.14	 1.67	0.24	-0.5	63_I	[-25.57133333  -1.75633333 -26.35944444]
0.16	 1.05	-0.13	-0.17	63_I	[-2.45493333e+01 -3.33333333e-03 -3.02201667e+01]
0.01	 0.4	-0.04	-0.15	63_I	[-23.2956   -1.58516 -29.48732]
0.14	 0.85	-0.02	-0.25	63_I	[-27.6989  -0.0588 -29.736 ]
0.01	 0.29	-0.08	-0.11	63_I	[-27.18621875  -2.47834375 -26.6616875 ]
-0.17	 -0.7	0.05	0.21	63_I	[-26.19553571  -2.13935714 -30.31585714]
-0.15	 -0.68	-0.03	0.24	63_I	[-29.65344643  -2.27878571 -29.00501786]
0.16	 1.03	-0.09	-0.14	64_Y	[-25.23866667   1.32033333 -29.99311111]
0.01	 0.07	-0.05	-0.04	64_Y	[-22.90622727   1.4125     -30.46922727]
0.14	 0.89	0.13	-0.18	64_Y	[-20.52683333   1.61022222 -29.98016667]
0.09	 0.52	0.06	-0.21	64_Y	[-24.68478571   3.26871429 -30.50964286]
-0.06	 0.06	-0.01	0.01	64_Y	[-22.74388372   4.5        -31.8217907 ]
-0.12	 -0.46	-0.15	0.15	64_Y	[-20.78365116   5.68267442 -32.5854186 ]
0.15	 0.61	0.02	-0.27	64_Y	[-18.72166667   4.89511111 -31.10666667]
0.11	 0.72	0.03	-0.24	64_Y	[-18.60389286   7.12225    -32.14146429]
0.17	 1.65	0.24	-0.5	65_L	[-2.18642727e+01 -2.34545455e-02 -2.34780909e+01]
0.21	 1.28	0.1	-0.38	65_L	[-22.60734783   0.24726087 -22.05413043]
0.17	 1.42	0.37	-0.6	66_L	[-22.11083333  -0.79766667 -24.54191667]
0.13	 1.74	0.0	-0.3	66_L	[-22.050375  -1.77275  -24.639375]
0.19	 1.46	0.37	-0.61	66_L	[-20.04146667  -3.9764     -28.3566    ]
0.04	 0.53	0.02	-0.18	66_L	[-23.78841667  -2.67866667 -25.57916667]
0.03	 0.68	-0.07	-0.17	66_L	[-21.86445833  -4.3405     -28.15575   ]
-0.08	 -0.28	-0.02	0.09	66_L	[-21.56435938  -5.44160938 -24.82689062]
-0.2	 -0.63	-0.02	0.27	66_L	[-24.38815278  -5.05640278 -27.31327778]
0.21	 1.38	0.03	-0.3	67_G	[-21.96177778  -2.56144444 -29.00722222]
-0.17	 -0.9	-0.01	0.23	67_G	[-20.25292857  -2.134      -30.3865    ]
-0.04	 0.29	-0.02	0.0	67_G	[-18.0404375  -0.4309375 -30.5534375]
-0.04	 -0.69	-0.05	-0.02	67_G	[-17.4761875  -2.6585    -30.52975  ]
0.12	 1.73	-0.05	-0.28	68_V	[-18.88085714   0.85242857 -29.90657143]
0.1	 0.45	-0.13	-0.11	68_V	[-16.4098       0.67053333 -29.75793333]
0.11	 0.56	0.06	-0.29	68_V	[-14.72357576   2.42024242 -28.25854545]
0.02	 0.15	-0.02	-0.08	68_V	[-18.065125    2.8604375 -30.164125 ]
0.1	 0.8	0.04	-0.28	69_L	[-20.46635484  -2.41756452 -22.00935484]
0.14	 0.61	0.07	-0.34	70_D	[-15.6066875  -6.486125  -26.5500625]
0.05	 0.24	-0.12	-0.07	70_D	[-15.555125  -5.310375 -29.781   ]
-0.1	 -0.39	0.02	0.09	70_D	[-13.8701   -6.1795  -28.02145]
-0.06	 -0.15	-0.04	-0.01	70_D	[-17.99578049  -5.50739024 -29.24831707]
-0.06	 -0.08	0.03	-0.0	70_D	[-17.6476   -7.64205 -27.46275]
0.02	 0.09	-0.04	-0.03	70_D	[-18.09772727  -7.45013636 -25.84427273]
-0.24	 -0.82	0.12	0.38	70_D	[-19.45964103  -7.55623077 -28.25402564]
0.14	 1.58	0.06	-0.3	71_A	[-15.8908  -3.8557 -30.0931]
-0.09	 -0.32	-0.06	0.12	71_A	[-13.76516667  -4.27427778 -30.59216667]
0.16	 0.73	0.02	-0.29	71_A	[-11.54042857  -4.3932381  -28.63380952]
-0.07	 -0.21	-0.16	0.04	71_A	[-10.939325  -2.89815  -30.01735 ]
-0.16	 -0.63	0.07	0.18	71_A	[-14.31798361  -1.40747541 -31.05906557]
0.16	 1.28	0.11	-0.35	72_T	[ -9.87609524  -1.51814286 -27.33619048]
-0.03	 -0.08	-0.06	-0.05	72_T	[-11.82985714   0.83985714 -28.47740476]
0.0	 0.67	-0.08	-0.11	73_E	[-10.9637551   -6.30479592 -26.34589796]
0.15	 1.24	0.17	-0.44	73_E	[-13.952       -6.24188889 -25.26211111]
0.12	 1.58	-0.01	-0.27	73_E	[-12.2661  -8.8596 -22.6221]
-0.11	 -0.36	0.01	0.19	73_E	[-12.65354286  -8.50634286 -24.13945714]
-0.0	 -0.47	0.08	-0.05	73_E	[-12.08180952  -8.92904762 -21.35571429]
-0.03	 -0.18	-0.04	0.02	74_G	[ -9.14547059  -7.90752941 -22.95514706]
0.14	 2.13	-0.0	-0.21	74_G	[ -8.152125  -7.04825  -25.521375]
-0.15	 -0.46	-0.03	0.19	74_G	[ -6.08663462  -6.87359615 -23.97209615]
0.0	 0.72	-0.09	0.02	75_K	[ -5.36607692  -4.83707692 -25.65138462]
-0.04	 -0.28	-0.12	0.02	75_K	[ -5.6046875  -2.147875  -25.7578125]
-0.07	 -0.33	-0.02	0.1	75_K	[ -4.74570213  -3.0922766  -23.51202128]
-0.06	 -0.21	-0.02	0.04	75_K	[ -7.07483784  -2.67486486 -27.2962973 ]
-0.12	 -0.56	-0.06	0.11	75_K	[ -6.77419231  -6.0355     -27.34603846]
-0.0	 0.31	0.09	-0.13	75_K	[ -8.59537209  -4.01225581 -29.05276744]
-0.19	 -0.64	-0.03	0.23	75_K	[ -8.01758621  -6.39656897 -29.4725    ]
-0.3	 -1.17	0.12	0.47	75_K	[ -8.75604  -5.60224 -31.64552]
0.08	 1.42	0.28	-0.53	76_S	[ -6.60314286  -1.29385714 -25.81142857]
-0.11	 -0.29	-0.06	0.12	76_S	[ -5.49214286  -0.35457143 -23.926     ]
0.14	 1.69	0.14	-0.38	76_S	[ -5.78071429  -1.53035714 -21.63021429]
0.03	 0.12	-0.0	-0.08	76_S	[ -5.97603333   0.47583333 -21.17363333]
-0.1	 -0.47	-0.11	0.08	76_S	[ -6.91469565   0.92969565 -25.12065217]
0.2	 1.54	0.31	-0.56	76_S	[ -8.7010625  -0.4930625 -25.972375 ]
0.11	 0.5	0.03	-0.24	78_C	[-10.291925  -4.120025 -15.4916  ]
0.08	 0.52	-0.06	-0.19	78_C	[ -7.65431818  -5.83386364 -16.88504545]
-0.02	 -0.41	-0.07	-0.01	78_C	[ -6.98338889  -7.44308333 -19.81002778]
0.05	 1.04	-0.01	-0.21	79_Q	[-10.85334615  -8.76684615 -19.69538462]
0.11	 1.88	0.1	-0.35	79_Q	[-11.67922222 -10.14644444 -18.03477778]
-0.07	 -0.75	-0.14	0.04	79_Q	[ -9.54725   -10.1724375 -17.834625 ]
-0.13	 -0.53	0.06	0.16	79_Q	[ -9.66756818 -11.29665909 -16.86436364]
-0.14	 -0.59	0.06	0.16	79_Q	[ -7.7496      -9.10757778 -17.72173333]
0.16	 1.5	0.19	-0.46	80_Y	[-13.58466667  -9.40575    -19.51808333]
0.05	 0.16	-0.14	-0.11	80_Y	[-16.3395 -10.6485 -18.1137]
-0.08	 -0.21	0.0	0.15	80_Y	[-17.38282609  -9.33743478 -16.39473913]
-0.1	 -0.44	0.01	0.07	80_Y	[-16.46621429  -9.59830952 -19.89645238]
-0.09	 -0.11	-0.1	0.11	80_Y	[-17.74483333  -8.72933333 -21.1795    ]
-0.01	 0.29	-0.11	-0.16	80_Y	[-18.16882609  -6.83830435 -20.1826087 ]
-0.13	 -0.04	0.08	0.09	80_Y	[-16.19158824  -9.29408824 -22.70179412]
0.06	 0.65	-0.04	-0.24	80_Y	[-18.77814815  -5.23040741 -22.10685185]
-0.11	 -0.48	-0.09	0.0	80_Y	[-16.21143333  -8.03506667 -24.5742    ]
0.04	 0.59	-0.12	-0.07	80_Y	[-18.46872727  -6.72881818 -23.44254545]
0.0	 0.39	-0.08	-0.08	81_S	[-14.06621053 -10.64968421 -18.38131579]
-0.11	 -0.28	-0.06	0.12	81_S	[-15.91722222 -11.80177778 -16.17894444]
0.11	 0.83	0.02	-0.26	81_S	[-13.44257143 -11.092      -13.75957143]
-0.22	 -0.69	0.15	0.31	81_S	[-15.63291892 -10.92645946 -13.43991892]
-0.22	 -0.83	0.08	0.26	81_S	[-13.40476471 -12.78698039 -16.34560784]
-0.06	 -0.02	-0.06	-0.0	81_S	[-11.60647826 -11.81708696 -15.15086957]
-0.03	 0.11	-0.16	0.01	82_Q	[-14.04736842  -9.31942105 -12.22963158]
-0.02	 -0.01	-0.15	-0.0	82_Q	[-16.29946667  -8.15173333 -12.9386    ]
-0.17	 -0.48	0.01	0.21	82_Q	[-15.28313514  -6.49316216 -11.70648649]
-0.02	 0.08	-0.04	-0.05	82_Q	[-12.32966667  -6.60109524 -13.00752381]
-0.07	 -0.21	-0.07	0.03	82_Q	[-11.50053125 -10.0685625  -12.92096875]
-0.04	 0.49	-0.09	-0.05	82_Q	[ -9.5546   -8.32388 -13.71996]
-0.08	 -0.27	-0.06	0.05	82_Q	[ -9.43290625  -6.6476875  -14.568875  ]
-0.28	 -1.19	0.2	0.46	82_Q	[ -9.12536538  -8.31073077 -11.75340385]
0.15	 1.52	0.12	-0.38	83_L	[-16.73166667  -8.2455     -14.33941667]
0.17	 1.23	0.12	-0.36	83_L	[-17.26293333  -4.74453333 -12.9244    ]
0.09	 0.37	-0.14	-0.08	83_L	[-18.17591667  -7.57725    -14.66841667]
0.05	 0.55	-0.01	-0.21	83_L	[-18.66009091  -6.76472727 -17.15475758]
0.21	 1.36	0.16	-0.4	83_L	[-12.66709091  -4.855      -14.33709091]
0.17	 1.48	0.1	-0.36	83_L	[-12.27118182  -3.56209091 -14.41563636]
-0.07	 -0.13	-0.02	0.01	83_L	[-14.49775   -3.351825 -12.1674  ]
0.02	 0.35	-0.22	-0.05	84_Q	[-18.39444444  -6.31955556 -13.1835    ]
-0.09	 -0.43	-0.04	0.1	84_Q	[-20.66585714  -7.1575     -15.44728571]
0.09	 0.81	-0.04	-0.16	84_Q	[-22.78729412  -5.92770588 -14.37629412]
-0.13	 -0.49	-0.03	0.14	84_Q	[-20.75457447  -7.44055319 -12.60970213]
-0.2	 -0.66	-0.04	0.22	84_Q	[-22.2924  -7.9529 -10.8524]
-0.23	 -0.8	0.13	0.32	84_Q	[-24.08612821  -6.85148718 -11.59358974]
-0.22	 -0.92	0.09	0.32	84_Q	[-21.80497959  -5.63440816 -10.00787755]
0.01	 0.31	-0.02	-0.15	85_T	[-22.20305263  -5.93768421 -16.49331579]
0.28	 1.45	0.33	-0.57	85_T	[-21.5285      -1.77122727 -19.02822727]
-0.01	 0.5	-0.16	-0.07	85_T	[-23.11973077  -3.45796154 -19.78634615]
-0.22	 -0.51	0.01	0.29	85_T	[-24.84945238  -4.68261905 -17.80459524]
-0.18	 -0.51	0.03	0.19	85_T	[-21.98148052  -5.9425974  -19.79522078]
0.17	 1.32	0.1	-0.37	86_V	[-24.38853846  -3.44926923 -16.00303846]
0.15	 1.55	0.02	-0.3	86_V	[-25.1286  -2.1296 -16.2302]
0.17	 1.56	-0.03	-0.25	86_V	[-22.88044444  -0.25377778 -12.73722222]
0.15	 0.88	0.13	-0.39	86_V	[-23.45280769   1.00423077 -13.90584615]
-0.13	 -0.11	-0.09	0.14	86_V	[-25.76066667  -2.776      -14.86095238]
-0.08	 -0.31	-0.03	0.07	86_V	[-24.32169643  -3.175375   -12.152125  ]
-0.21	 -0.97	0.0	0.35	86_V	[-25.92584615  -0.38895385 -13.50129231]
0.11	 0.24	-0.03	-0.23	87_T	[-21.0191   -0.3502  -12.11885]
-0.03	 -0.09	-0.05	-0.01	87_T	[-19.85926829  -3.27795122 -11.45639024]
-0.02	 -0.14	-0.02	-0.05	87_T	[-17.68221429  -1.26354762 -11.56428571]
0.24	 1.33	0.46	-0.67	88_L	[-18.98652381  -5.05380952 -19.02419048]
-0.01	 -0.04	-0.12	-0.06	89_Q	[-23.70175    3.284625 -16.433   ]
0.13	 0.57	0.07	-0.27	89_Q	[-23.44864706   4.64576471 -17.09670588]
0.08	 0.5	-0.04	-0.16	89_Q	[-24.89270968   2.06403226 -17.59945161]
0.17	 1.18	0.07	-0.37	89_Q	[-22.5671   -0.66075 -19.95415]
0.12	 1.33	0.2	-0.47	89_Q	[-25.28728571  -2.12785714 -18.55585714]
-0.05	 -0.0	-0.1	-0.05	89_Q	[-26.35587805  -0.37080488 -17.57704878]
-0.08	 -0.16	-0.12	0.08	89_Q	[-25.39595918  -1.34155102 -20.57093878]
0.18	 0.7	0.01	-0.23	90_E	[-23.47128571   2.47914286 -15.37771429]
0.06	 0.57	0.07	-0.17	90_E	[-23.0375       4.61385714 -14.46485714]
-0.14	 -0.01	-0.24	0.15	90_E	[-23.37133333   2.54766667 -12.97666667]
0.06	 0.4	0.11	-0.19	90_E	[-21.5671    5.07446 -11.74316]
-0.1	 -0.36	-0.02	0.12	90_E	[-22.0631   3.6783  -9.6614]
-0.13	 -0.47	0.09	0.19	90_E	[-21.86706522   1.75645652 -10.46936957]
-0.17	 -0.23	-0.02	0.24	90_E	[-20.5447963    4.70462963  -9.45711111]
0.13	 0.43	0.12	-0.31	91_F	[-16.31653333   6.54183333 -15.61596667]
0.27	 1.31	0.06	-0.36	91_F	[-15.2904       4.61633333 -15.26      ]
0.22	 1.46	0.22	-0.47	91_F	[-18.2286875   4.709125  -12.5516875]
0.13	 1.22	0.26	-0.53	91_F	[-18.49757143   3.81757143 -11.602     ]
0.07	 0.67	-0.25	-0.08	91_F	[-15.7699    5.45432 -12.9005 ]
0.01	 0.65	-0.01	-0.14	91_F	[-17.99857447   1.87304255 -10.51782979]
-0.02	 0.27	-0.05	-0.21	91_F	[-15.06287805   4.12443902 -10.6314878 ]
-0.23	 -0.85	-0.1	0.31	91_F	[-16.1465       2.72711364  -9.70456818]
0.04	 0.27	-0.05	-0.08	93_F	[-23.84010526   6.62063158 -16.00510526]
-0.1	 -0.16	-0.09	0.12	93_F	[-24.741        7.82216667 -15.23883333]
0.01	 -0.14	0.01	-0.02	93_F	[-25.58925   8.5267  -16.9606 ]
-0.02	 -0.33	0.06	-0.25	93_F	[-23.86174074   7.94955556 -14.04133333]
-0.13	 -0.27	0.05	0.02	93_F	[-26.57042105  10.28273684 -15.92768421]
-0.08	 -0.46	0.03	0.04	93_F	[-24.50118519  10.2997037  -12.91985185]
-0.11	 -0.72	0.05	0.12	93_F	[-25.77976923  11.81471795 -14.51871795]
0.12	 1.52	0.05	-0.29	94_E	[-16.8555      10.45666667 -13.68441667]
-0.01	 0.74	-0.96	0.36	94_E	[-17.27648718   8.1995641  -12.69287179]
-0.06	 0.0	-0.18	0.0	94_E	[-19.37247059   7.08597059 -11.33132353]
-0.2	 -0.6	-0.19	0.27	94_E	[-20.66973333   8.88773333 -10.1366    ]
-0.06	 -0.02	-0.05	-0.01	94_E	[-20.02253846  11.24805128 -11.02497436]
-0.05	 -0.05	0.02	0.03	94_E	[-22.376025   9.12955  -11.450175]
0.11	 0.79	0.02	-0.22	95_F	[-16.68822222   8.93066667 -14.85533333]
0.02	 0.29	-0.1	-0.05	95_F	[-15.84089474  11.03078947 -15.36384211]
0.17	 0.85	0.11	-0.34	95_F	[-15.44177273  12.94186364 -17.16418182]
0.09	 0.47	-0.03	-0.18	95_F	[-14.96085   8.30715 -16.6531 ]
-0.06	 -0.14	-0.05	0.05	95_F	[-13.24309756  10.14865854 -17.07380488]
-0.04	 -0.22	-0.04	0.01	95_F	[-11.43918421  11.06692105 -18.34507895]
0.14	 0.75	0.11	-0.34	96_F	[-20.05121622  15.50664865 -19.29294595]
0.11	 1.77	0.05	-0.3	97_N	[-21.24722222  15.15377778 -17.36233333]
0.14	 1.1	0.31	-0.56	97_N	[-20.14492857  15.20228571 -15.02042857]
-0.13	 -0.4	-0.12	0.22	97_N	[-20.19495745  16.56210638 -15.54502128]
0.12	 1.2	0.17	-0.38	97_N	[-23.4019  14.7996 -14.4208]
-0.06	 0.05	-0.09	0.04	97_N	[-24.08323256  14.81451163 -16.13837209]
-0.13	 -0.17	0.04	0.14	97_N	[-22.59251613  14.00967742 -12.96066129]
-0.07	 0.02	-0.11	0.09	98_K	[-17.9316875  16.71775   -14.2374375]
0.15	 1.55	-0.0	-0.19	98_K	[-16.52952941  16.30617647 -16.21229412]
-0.16	 -0.6	-0.01	0.23	98_K	[-15.22237143  17.51368571 -15.76554286]
-0.07	 -0.24	-0.1	0.04	98_K	[-15.4592      14.62602857 -14.04454286]
-0.05	 -0.14	-0.03	0.02	98_K	[-18.39833333  14.50366667 -12.41947619]
-0.14	 -0.74	0.0	0.17	98_K	[-15.50526829  12.93026829 -11.98041463]
-0.16	 -0.62	-0.02	0.21	98_K	[-17.77062069  12.90103448 -10.16734483]
-0.17	 -0.35	-0.08	0.17	98_K	[-16.03271698  10.57166038 -10.42258491]
0.16	 1.42	0.14	-0.36	99_L	[-14.76369231  15.49707692 -17.537     ]
0.13	 1.61	-0.0	-0.28	99_L	[-16.2738  18.9878 -17.3472]
-0.0	 0.07	-0.03	-0.04	99_L	[-18.20742222  18.20964444 -18.66482222]
0.1	 0.48	0.03	-0.23	99_L	[-13.37706667  14.32493333 -19.09893333]
-0.08	 -0.47	-0.05	0.07	100_P	[-15.88583333  20.44245833 -18.098875  ]
-0.11	 -0.2	0.01	0.12	100_P	[-13.48187805  21.29412195 -19.85390244]
-0.17	 -0.85	0.04	0.27	100_P	[-12.30131818  19.40675    -18.23477273]
-0.04	 -0.35	-0.06	0.08	100_P	[-12.8826087   17.06813043 -18.16230435]
-0.07	 -0.51	-0.09	0.02	101_A	[-17.15933333  21.64603704 -20.02144444]
0.18	 0.91	0.02	-0.26	101_A	[-18.772   20.0304 -20.6846]
0.08	 0.5	-0.14	-0.11	101_A	[-17.61661538  22.43384615 -24.13046154]
0.08	 0.63	-0.01	-0.2	101_A	[-18.57853846  20.77684615 -25.03553846]
-0.25	 -1.22	0.1	0.39	101_A	[-19.19910448  22.56089552 -21.64591045]
0.01	 -0.51	-0.07	-0.08	102_A	[-15.79782353  22.66623529 -22.32135294]
0.02	 0.59	-0.08	-0.12	102_A	[-15.65040909  22.587      -25.33386364]
0.13	 1.14	0.04	-0.23	102_A	[-12.96611111  19.92477778 -24.97922222]
0.01	 0.01	0.04	-0.05	102_A	[-13.95255556  19.49459259 -26.94318519]
-0.2	 -1.02	0.1	0.33	102_A	[-13.19095238  22.7257619  -23.90009524]
0.14	 1.06	-0.02	-0.26	103_R	[-12.83475  18.6745  -25.40025]
-0.01	 0.38	-0.07	-0.0	103_R	[-11.74048571  19.0574     -23.13748571]
-0.1	 -0.3	0.04	0.02	103_R	[-10.57696875  17.0560625  -21.56540625]
-0.01	 0.2	-0.17	0.08	103_R	[ -9.82257143  16.33       -23.79814286]
-0.07	 0.0	0.11	-0.06	103_R	[ -9.12975   14.766625 -22.99475 ]
-0.07	 -0.19	-0.02	0.02	103_R	[-10.01386842  14.13802632 -20.64415789]
-0.09	 -0.29	-0.06	0.02	103_R	[ -9.55266667  13.32055556 -24.34669444]
0.22	 1.1	0.08	-0.33	104_L	[-19.6038  18.7961 -25.7501]
-0.03	 -0.11	-0.13	0.05	104_L	[-21.04781928  17.68281928 -22.19098795]
0.16	 1.15	0.0	-0.29	105_H	[-18.56486957  17.69417391 -29.64804348]
0.08	 0.86	-0.09	-0.09	105_H	[-14.44655556  17.17922222 -29.88311111]
-0.19	 -0.24	-0.04	0.19	105_H	[-16.6420625  16.2535    -31.418125 ]
-0.09	 -0.51	-0.02	0.14	105_H	[-15.40404762  19.20830952 -29.88507143]
-0.13	 -0.24	-0.05	0.15	105_H	[-16.440625  21.404125 -29.996375]
8.42	 -0.32	0.23	0.19	105_H	[-18.96105263  19.92863158 -29.47457895]
-0.09	 -0.39	-0.02	0.15	105_H	[-15.90873913  22.2676087  -28.02913043]
-0.23	 -1.22	0.15	0.35	105_H	[-19.48515094  22.12603774 -28.8704717 ]
-0.21	 -0.81	-0.02	0.29	105_H	[-18.04345161  22.96306452 -27.22158065]
-0.06	 0.14	-0.09	0.05	106_E	[-13.92125    15.2126875 -30.441375 ]
0.14	 1.47	0.28	-0.53	106_E	[-16.48891667  14.06283333 -30.947     ]
-0.03	 0.27	-0.21	-0.07	106_E	[-12.99789474  12.98768421 -28.51205263]
-0.09	 -0.58	-0.01	0.15	106_E	[-12.37783333  16.37966667 -28.59411905]
-0.13	 -0.45	-0.01	0.12	106_E	[-10.22207692  15.26476923 -26.95346154]
-0.05	 -0.28	0.06	0.06	106_E	[-11.25792593  13.33988889 -26.75825926]
-0.05	 -0.14	0.06	0.02	106_E	[-10.89154054  17.03937838 -25.83683784]
-0.02	 -0.09	-0.1	0.0	107_R	[-14.44508333  12.91533333 -30.982125  ]
0.14	 1.05	0.02	-0.29	107_R	[-16.69405882  12.567      -32.07876471]
0.01	 0.18	-0.07	-0.05	107_R	[-13.85833333  11.30855556 -32.17211111]
0.18	 1.32	0.4	-0.63	107_R	[-17.4637   8.594  -32.6941]
0.01	 0.33	-0.14	-0.09	107_R	[-15.32806122   8.10467347 -33.1185102 ]
0.02	 0.58	-0.03	-0.19	107_R	[-13.69322222  10.60488889 -34.34333333]
-0.04	 0.02	-0.1	0.08	107_R	[-14.08704   9.05688 -35.25864]
-0.3	 -1.23	0.1	0.43	107_R	[-13.25122449   7.3794898  -35.08216327]
-0.19	 -0.66	0.07	0.27	107_R	[-13.71616667  10.03353704 -36.9697037 ]
0.09	 1.4	-0.17	-0.08	109_A	[-13.48486667   5.16413333 -28.4986    ]
0.15	 1.47	0.25	-0.5	109_A	[-13.53969231   4.47630769 -27.39761538]
-0.12	 -0.35	0.0	0.12	109_A	[-15.70927027   4.89402703 -30.84635135]
0.12	 1.31	-0.01	-0.28	110_P	[-12.95633333   6.22266667 -29.17066667]
0.12	 1.33	0.03	-0.29	110_P	[-11.58592   6.22008 -28.08824]
0.02	 0.26	-0.21	-0.06	110_P	[-11.687        9.4965     -26.17958333]
-0.02	 0.07	-0.08	-0.06	110_P	[-10.66070833   7.831      -25.522125  ]
-0.18	 -0.98	-0.02	0.29	110_P	[-10.89132653   8.56320408 -28.58097959]
-0.06	 -0.14	-0.02	0.04	110_P	[-12.32460976  10.07719512 -29.80680488]
-0.02	 -0.09	-0.12	0.01	110_P	[-13.21669231   7.15019231 -30.84957692]
0.1	 0.91	-0.0	-0.27	111_L	[-12.68675   10.142125 -26.478125]
0.28	 0.85	0.44	-0.71	111_L	[-12.0713  10.0437 -24.6727]
0.15	 1.32	0.23	-0.49	111_L	[-13.46448  11.40532 -26.70012]
0.12	 1.08	-0.04	-0.25	111_L	[-12.306       11.56408696 -25.09243478]
0.15	 1.48	0.15	-0.45	113_E	[ -9.53027273   5.02336364 -23.36063636]
0.16	 1.13	0.21	-0.45	113_E	[-11.4361       4.573      -26.46663333]
0.07	 0.42	-0.05	-0.12	113_E	[ -9.0791   4.1061 -24.591 ]
-0.05	 0.12	0.02	-0.01	113_E	[ -8.82242105   3.28094737 -26.95236842]
-0.13	 -0.16	-0.14	0.17	113_E	[-10.52711321   4.10369811 -28.08175472]
-0.19	 -0.39	0.07	0.21	113_E	[ -8.52638462   1.53788462 -27.31553846]
0.13	 1.13	-0.02	-0.25	114_E	[-10.22245455   6.17645455 -24.30609091]
0.02	 0.23	0.02	-0.14	114_E	[ -9.23373913   6.45695652 -22.76626087]
-0.02	 0.28	-0.09	0.03	114_E	[ -9.5643   8.2989 -23.6753]
-0.1	 -0.2	-0.08	0.09	114_E	[ -8.13168182   8.93613636 -21.79427273]
-0.06	 -0.0	0.07	-0.08	114_E	[ -8.21528  11.2756  -21.72028]
-0.04	 -0.16	0.01	0.04	114_E	[ -9.74837931  10.72682759 -23.82565517]
-0.12	 -0.21	-0.06	0.12	114_E	[ -9.040375    11.19621875 -19.8330625 ]
0.16	 0.71	0.1	-0.32	115_A	[-13.0665641    5.73228205 -16.57774359]
0.18	 1.51	0.31	-0.56	115_A	[-14.77342857   6.66164286 -17.45992857]
0.16	 0.96	0.01	-0.24	117_A	[ -6.49672727   4.58427273 -19.14672727]
0.03	 0.38	0.01	-0.12	117_A	[ -5.92752778   2.73127778 -18.12669444]
-0.04	 -0.25	0.04	0.05	117_A	[ -7.256125   3.9774   -21.799925]
-0.09	 -0.18	-0.06	0.08	118_T	[ -6.11753846   5.33130769 -16.78861538]
0.13	 1.42	0.2	-0.48	118_T	[ -7.5039375   4.9409375 -15.271875 ]
-0.18	 -0.6	-0.03	0.28	118_T	[ -6.93178571   4.6315     -14.16416667]
-0.14	 -0.03	-0.01	0.06	118_T	[ -7.79195833   7.28766667 -15.85491667]
-0.03	 0.18	-0.08	0.0	118_T	[-10.27418519   7.75059259 -16.65      ]
-0.08	 -0.34	0.06	0.11	118_T	[ -7.21440299   7.75040299 -18.98137313]
0.03	 0.86	-0.15	-0.05	119_R	[ -9.04930769   3.79246154 -12.813     ]
0.14	 1.32	0.31	-0.57	119_R	[ -7.621        2.65283333 -13.70633333]
-0.14	 -0.49	-0.04	0.17	119_R	[ -8.97774359   1.52146154 -12.524     ]
0.18	 1.52	0.14	-0.42	119_R	[-11.20988889   2.74466667 -12.46077778]
0.01	 0.11	-0.08	-0.1	119_R	[-11.35880952   5.92442857 -13.99385714]
-0.03	 -1.18	-0.07	0.01	119_R	[-11.41361538   4.38696154 -11.66603846]
-0.08	 -0.2	-0.08	0.08	119_R	[-12.96959091   7.07363636 -12.83954545]
-0.04	 0.38	-0.05	0.03	119_R	[-12.39935294   7.38105882 -10.82058824]
-0.24	 -1.01	0.07	0.35	119_R	[-12.29668627   6.44096078  -9.32703922]
-0.23	 -0.59	-0.28	0.34	119_R	[-14.21169841   8.34022222 -11.02766667]
0.15	 -0.73	0.01	-0.17	120_F	[ -8.8522  -1.1568 -14.237 ]
0.23	 1.13	0.13	-0.41	120_F	[ -7.92345455  -1.99118182 -15.36854545]
0.16	 1.8	-0.05	-0.22	120_F	[-10.1166  -2.0006 -14.4476]
-0.08	 -0.6	-0.01	0.05	120_F	[-11.12807692  -1.72403846 -12.98746154]
-0.07	 -0.33	-0.06	0.05	120_F	[-13.01510638   0.12689362 -11.66074468]
0.14	 1.29	0.12	-0.39	120_F	[-14.98475      0.06733333 -11.83166667]
0.11	 1.6	0.18	-0.47	121_P	[ -5.16714286  -0.57157143 -18.978     ]
0.07	 0.35	0.01	-0.17	121_P	[ -6.19235714  -3.47910714 -15.60564286]
-0.11	 -0.57	-0.05	0.16	121_P	[ -3.967975   0.40065  -17.558625]
-0.13	 -0.68	-0.03	0.16	121_P	[ -4.42191111   0.96362222 -14.80215556]
-0.04	 -0.12	-0.1	-0.0	121_P	[ -6.35671875   0.618625   -14.0569375 ]
0.12	 0.63	0.04	-0.25	122_C	[ -5.02935  -1.8319  -19.79255]
0.17	 1.37	-0.12	-0.17	122_C	[ -2.47671429  -5.20185714 -18.98514286]
-0.14	 -0.47	0.04	0.15	122_C	[ -2.09072973  -3.21932432 -18.31605405]
-0.15	 -0.27	-0.12	0.09	122_C	[ -4.385825  -5.110375 -20.576125]
0.16	 1.35	0.17	-0.43	122_C	[ -5.57657143  -5.54335714 -21.99778571]
-0.02	 0.32	-0.18	0.01	123_K	[ -4.65127778  -5.82516667 -17.05766667]
-0.04	 -0.04	-0.07	-0.02	123_K	[ -0.87810526  -4.837      -16.86978947]
-0.21	 -1.21	0.05	0.3	123_K	[ -1.13124  -7.18594 -15.77908]
-0.28	 -1.08	0.11	0.41	123_K	[ -1.6501    -7.5313   -17.942075]
-0.09	 -0.49	-0.03	0.05	123_K	[ -2.78223077  -5.53289744 -14.15751282]
-0.09	 -0.32	0.04	0.14	123_K	[ -1.63446667  -2.61193333 -14.80976667]
-0.12	 -0.23	-0.16	0.1	123_K	[ -4.08915625  -2.616375   -13.33053125]
-0.23	 -1.15	0.07	0.32	123_K	[ -2.205       -4.03011628 -11.59381395]
-0.3	 -1.26	0.22	0.47	123_K	[ -4.38035185  -3.73092593 -10.61351852]
