-0.08	 -0.11	-0.09	0.07	129_V	[ 55.42391228 -60.62075439  29.89491228]
0.01	 0.45	-0.02	-0.12	129_V	[ 51.9797931  -58.95306897  30.7072069 ]
0.08	 0.37	-0.03	0.08	129_V	[ 52.52366667 -63.85666667  29.26333333]
-0.12	 -0.51	0.01	0.11	129_V	[ 52.47883333 -62.42836667  31.48796667]
0.01	 0.27	-0.03	-0.13	129_V	[ 50.10794118 -62.53723529  28.29747059]
0.01	 0.24	-0.02	-0.09	129_V	[ 53.57473913 -63.68573913  28.56173913]
-0.22	 -0.72	0.15	0.3	129_V	[ 51.852      -63.72792593  30.8582963 ]
-0.21	 -0.95	0.26	0.35	129_V	[ 54.28933333 -62.7075      31.36127778]
-0.16	 -0.64	-0.01	0.28	129_V	[ 51.82517647 -61.06252941  31.59264706]
-0.25	 -1.1	-0.15	0.37	129_V	[ 50.50847826 -63.45556522  28.50252174]
-0.01	 -0.04	-0.03	-0.17	129_V	[ 49.93578261 -60.5613913   29.1253913 ]
0.14	 1.46	0.22	-0.5	130_M	[ 54.52928571 -57.70214286  28.94114286]
0.0	 -0.06	-0.16	-0.06	130_M	[ 56.21846154 -55.27792308  29.27023077]
0.1	 0.74	0.03	-0.24	130_M	[ 53.80625926 -56.35348148  29.73896296]
0.11	 0.53	0.05	-0.2	130_M	[ 55.43635294 -54.24117647  29.84705882]
0.07	 -0.02	-0.02	-0.07	130_M	[ 56.39115625 -56.4875625   28.38009375]
0.19	 1.44	0.22	-0.48	131_K	[ 49.37757143 -58.42421429  29.52242857]
-0.13	 -0.52	-0.04	0.18	131_K	[ 46.52694915 -58.97301695  29.47030508]
-0.07	 -0.28	0.02	0.05	132_K	[ 43.59237143 -56.06062857  29.41611429]
0.05	 0.63	-0.01	-0.22	132_K	[ 41.7125  -55.56225  26.5905 ]
0.17	 1.24	0.31	-0.53	132_K	[ 41.1993125 -55.8536875  23.8423125]
-0.13	 -0.29	-0.07	0.13	132_K	[ 39.16492857 -54.55442857  24.75414286]
0.06	 2.26	0.16	-0.48	132_K	[ 39.07266667 -52.48666667  25.43866667]
0.15	 2.37	0.07	-0.31	132_K	[ 44.42855556 -57.39244444  27.42333333]
0.05	 0.35	0.04	-0.16	132_K	[ 42.89455556 -57.02533333  26.40894444]
0.02	 0.11	-0.11	-0.05	132_K	[ 41.56285 -54.65765  27.24835]
-0.06	 0.59	-0.47	0.11	132_K	[ 40.81728571 -56.63514286  24.44747619]
-0.15	 -0.24	-0.25	0.35	132_K	[ 39.78708333 -54.795625    23.30716667]
-0.22	 -1.03	0.16	0.36	132_K	[ 39.46405 -54.56405  26.01115]
-0.26	 -0.17	0.0	0.28	132_K	[ 39.87541379 -51.80237931  23.881     ]
-0.03	 -0.06	0.11	-0.01	132_K	[ 40.94755882 -51.98402941  26.40182353]
0.84	 0.19	-0.26	-0.1	133_G	[ 42.94915789 -52.02147368  28.46631579]
0.07	 0.54	-0.05	-0.12	133_G	[ 44.289      -54.77871429  31.45064286]
-0.11	 -0.32	0.05	0.13	133_G	[ 43.68164706 -52.81938235  32.9845    ]
0.0	 -0.34	-0.22	0.01	133_G	[ 43.18978571 -50.84221429  29.23321429]
-0.17	 -0.12	0.07	0.16	133_G	[ 42.12805263 -53.37010526  29.74542105]
0.08	 1.48	0.01	-0.26	134_Q	[ 45.4578 -54.9752  32.1026]
0.05	 0.58	-0.03	-0.02	134_Q	[ 47.11133333 -55.72466667  32.94533333]
0.07	 0.79	0.02	-0.28	134_Q	[ 48.51533333 -56.607       32.73066667]
0.08	 0.03	-0.01	-0.17	134_Q	[ 49.39505263 -57.39821053  31.41694737]
-0.04	 -0.12	-0.05	0.03	134_Q	[ 51.43641667 -56.59895833  32.71945833]
-0.03	 -0.11	-0.08	0.05	134_Q	[ 45.79252381 -54.48747619  33.30490476]
0.01	 0.02	0.01	-0.04	134_Q	[ 46.48726087 -56.2783913   31.57486957]
-0.08	 -0.4	0.0	0.2	134_Q	[ 48.4497619  -55.55747619  33.78347619]
-0.2	 -0.37	0.08	0.29	134_Q	[ 51.20556 -55.7426   33.80908]
-0.05	 0.03	-0.06	0.03	134_Q	[ 52.53295833 -56.712625    31.68454167]
0.07	 0.94	0.16	-0.43	135_R	[ 49.83216667 -51.44533333  35.7925    ]
-0.06	 -0.35	0.0	0.07	135_R	[ 50.0201  -53.01625  34.98365]
0.03	 0.11	-0.08	-0.08	135_R	[ 48.13214286 -50.93271429  36.73035714]
-0.07	 -0.15	-0.05	0.08	135_R	[ 46.60013333 -48.46606667  37.97646667]
-0.07	 0.66	-0.04	0.09	135_R	[ 45.8756 -46.9002  37.7646]
-0.13	 -0.42	-0.01	0.13	135_R	[ 44.19392308 -47.00484615  37.69384615]
-0.12	 -0.61	-0.04	0.14	135_R	[ 43.1794375 -49.043375   36.7296875]
-0.04	 -0.05	-0.05	0.08	135_R	[ 43.96228571 -45.76345714  35.5804    ]
0.03	 -0.56	0.07	-0.08	135_R	[ 46.78552632 -52.79426316  34.59815789]
-0.12	 -0.41	0.01	0.17	135_R	[ 46.97117391 -51.69017391  36.0966087 ]
-0.0	 -0.58	-0.0	-0.03	135_R	[ 49.1318  -49.95155  36.5106 ]
0.12	 0.77	0.04	-0.3	135_R	[ 45.1778125 -50.6523125  34.5281875]
-0.12	 -0.85	-0.04	0.21	135_R	[ 45.66954545 -49.58540909  37.69886364]
-0.11	 -0.89	0.09	0.22	135_R	[ 47.85466667 -47.94953333  37.65273333]
-0.04	 -1.51	0.03	0.17	135_R	[ 46.26809091 -45.92854545  37.11563636]
-0.07	 -0.41	0.04	0.2	135_R	[ 44.07705263 -49.97205263  36.11852632]
-0.12	 -0.91	-0.01	-0.03	135_R	[ 42.386      -48.67603333  35.67693333]
-0.26	 -0.27	-0.03	0.28	135_R	[ 44.89643478 -44.72613043  35.73743478]
-0.29	 -1.08	0.14	0.44	135_R	[ 42.40645833 -46.049375    35.9235    ]
0.1	 1.06	0.27	-0.6	136_L	[ 51.19914286 -48.90571429  35.31128571]
0.1	 0.71	-0.05	-0.15	136_L	[ 52.2824375 -48.034125   35.1351875]
0.06	 0.64	0.02	-0.2	136_L	[ 55.95990909 -51.67840909  33.15513636]
-0.13	 -0.32	-0.08	0.16	136_L	[ 51.81191667 -50.20641667  35.66275   ]
-0.07	 -0.18	-0.15	0.13	136_L	[ 52.87233333 -52.75138889  34.142     ]
0.06	 0.83	-0.03	-0.19	136_L	[ 55.873    -50.808125  34.10125 ]
-0.18	 -0.56	-0.04	0.23	136_L	[ 55.13247619 -52.92614286  32.62771429]
0.17	 1.04	0.05	-0.29	136_L	[ 53.33634615 -53.85480769  31.42811538]
0.06	 1.24	0.25	-0.52	137_S	[ 53.99885714 -49.40585714  35.64342857]
0.05	 1.29	0.02	-0.25	137_S	[ 53.6886 -47.5224  35.2934]
0.01	 0.32	-0.11	-0.02	137_S	[ 55.84016667 -48.32591667  36.19925   ]
-0.02	 -0.32	-0.03	0.08	137_S	[ 56.47394444 -45.60216667  35.14116667]
-0.01	 -0.07	-0.15	0.06	137_S	[ 54.50135714 -50.2505      35.21864286]
0.04	 0.2	-0.16	-0.04	137_S	[ 53.60509091 -46.41836364  34.52563636]
-0.24	 -1.12	0.03	0.46	137_S	[ 54.88321739 -48.17491304  36.48321739]
0.03	 0.1	0.03	-0.2	137_S	[ 56.36116667 -49.72341667  35.32025   ]
-0.25	 -0.53	0.08	0.21	137_S	[ 57.77272222 -46.46822222  36.19716667]
-0.0	 -0.33	-0.03	-0.08	138_R	[ 56.28754545 -43.50527273  29.93218182]
0.03	 0.33	-0.14	-0.05	138_R	[ 53.08488889 -44.06066667  30.45944444]
0.06	 0.12	0.01	-0.18	138_R	[ 55.60133333 -43.15505556  27.39683333]
-0.1	 -0.16	0.01	0.03	138_R	[ 53.1727 -42.626   27.0858]
-0.05	 0.52	-0.24	0.03	138_R	[ 56.7492     -42.61353333  25.90193333]
0.01	 -0.08	-0.0	-0.06	138_R	[ 54.488      -44.99978261  32.50534783]
-0.28	 -0.87	0.03	0.33	138_R	[ 55.6094     -43.42946667  31.1526    ]
0.05	 0.26	0.0	-0.11	138_R	[ 57.22390476 -43.96904762  29.11447619]
0.17	 1.08	0.16	-0.4	138_R	[ 52.74815385 -44.83946154  30.98730769]
-0.08	 -0.43	-0.11	0.05	138_R	[ 53.404   -43.35555  29.0817 ]
0.08	 0.67	-0.02	-0.22	138_R	[ 52.01783333 -43.51483333  27.65361111]
-0.07	 -0.05	-0.12	0.07	138_R	[ 53.2105     -42.06541667  26.27733333]
0.06	 0.49	0.01	-0.15	138_R	[ 55.845      -42.21710526  25.06878947]
0.1	 1.15	0.26	-0.59	139_D	[ 58.25157143 -44.11885714  31.04028571]
0.08	 1.02	0.05	-0.3	139_D	[ 59.08190909 -44.316       30.72045455]
0.11	 1.14	-0.05	-0.21	139_D	[ 61.08988889 -46.06766667  34.01255556]
0.15	 1.63	0.14	-0.39	139_D	[ 62.30766667 -46.63913333  33.43333333]
-0.02	 0.85	-0.01	-0.13	139_D	[ 59.40333333 -43.39006667  33.0522    ]
-0.1	 -0.13	-0.04	0.01	139_D	[ 61.64390476 -43.28928571  32.81571429]
-0.02	 0.33	-0.11	0.04	139_D	[ 62.25789362 -43.93685106  30.73259574]
-0.25	 -0.92	0.06	0.37	139_D	[ 62.3847619  -43.32107143  34.13271429]
0.13	 0.49	-0.06	-0.14	139_D	[ 57.18825   -44.5166875  33.179125 ]
0.11	 1.24	0.01	-0.28	139_D	[ 60.04988889 -44.20688889  30.46344444]
-0.25	 -0.55	-0.12	0.33	139_D	[ 58.65876923 -43.19838462  32.19307692]
-0.12	 -0.2	-0.11	0.16	139_D	[ 59.31995652 -44.7446087   34.62226087]
0.1	 0.74	0.02	-0.25	140_A	[ 59.83672727 -46.69290909  34.633     ]
0.06	 1.14	0.12	-0.33	140_A	[ 60.9285   -49.109625  34.657125]
0.09	 1.01	0.06	-0.36	140_A	[ 59.8857  -51.5067   33.07625]
0.07	 0.51	-0.01	-0.16	140_A	[ 61.48552632 -51.17478947  33.40210526]
-0.13	 -0.54	-0.07	0.15	140_A	[ 58.68883333 -50.179125    35.364125  ]
-0.03	 0.28	-0.07	0.07	140_A	[ 61.54024138 -48.65551724  34.71265517]
-0.19	 -1.06	0.01	0.45	140_A	[ 59.78638462 -50.98069231  34.937     ]
-0.05	 -0.09	0.2	0.13	140_A	[ 58.87227273 -48.3395      36.15040909]
0.08	 0.77	-0.12	-0.18	140_A	[ 57.39111765 -50.50764706  34.04935294]
0.1	 1.32	0.12	-0.34	141_L	[ 58.32315385 -50.88523077  32.48207692]
0.09	 1.5	0.29	-0.59	141_L	[ 58.21025  -51.43075   31.681125]
0.07	 0.81	-0.12	-0.15	141_L	[ 58.95470833 -54.4195      29.25058333]
0.11	 1.24	0.12	-0.36	141_L	[ 59.13225    -52.04716667  31.74775   ]
0.06	 0.83	-0.02	-0.2	141_L	[ 58.6226875 -54.8091875  27.952875 ]
0.01	 0.52	-0.15	-0.12	141_L	[ 57.56561111 -53.16263889  30.89052778]
0.18	 1.53	0.26	-0.52	142_R	[ 64.54821429 -47.24585714  28.87414286]
0.14	 1.02	0.07	-0.34	142_R	[ 62.81047368 -45.75884211  29.17094737]
0.05	 1.28	-0.17	-0.19	142_R	[ 61.86428571 -44.05928571  28.16785714]
-0.13	 -0.16	-0.2	0.12	142_R	[ 61.49357143 -42.71171429  27.384     ]
-0.1	 -0.05	0.05	0.02	142_R	[ 58.986      -42.11685714  26.53642857]
-0.14	 0.26	0.07	0.09	142_R	[ 62.93586667 -41.90753333  26.0262    ]
0.0	 -0.09	-0.05	-0.06	142_R	[ 63.60842857 -46.21514286  27.77292857]
0.14	 0.83	-0.02	-0.21	142_R	[ 59.58492308 -44.05034615  28.58096154]
0.07	 0.49	-0.01	-0.14	142_R	[ 62.967875  -44.59025    26.9288125]
-0.02	 0.35	-0.03	-0.12	142_R	[ 58.01446667 -43.08133333  26.84253333]
-0.18	 -0.73	0.15	0.22	142_R	[ 59.27268182 -41.45690909  25.46722727]
-0.07	 -0.7	0.01	0.13	142_R	[ 63.83625926 -43.17011111  25.4972963 ]
-0.15	 -0.57	0.05	0.26	142_R	[ 62.04630435 -41.22313043  24.97252174]
0.14	 0.91	0.03	-0.33	143_T	[ 65.931      -50.77038462  32.30884615]
0.09	 1.14	0.25	-0.52	143_T	[ 66.39266667 -48.99988889  32.95033333]
-0.04	 0.03	-0.06	-0.03	143_T	[ 64.3345     -50.06683333  33.51033333]
0.05	 0.88	0.08	-0.24	143_T	[ 64.33659091 -45.75784091  32.33656818]
0.16	 1.17	0.13	-0.39	143_T	[ 66.70321429 -47.90728571  30.16042857]
-0.15	 -0.36	-0.05	0.21	143_T	[ 66.99215385 -48.52515385  32.35665385]
-0.21	 -0.44	-0.01	0.2	143_T	[ 64.45876471 -48.16261765  34.33667647]
-0.31	 -1.13	-0.18	0.56	143_T	[ 65.21695455 -45.75545455  33.61318182]
-0.14	 -0.14	-0.08	0.15	143_T	[ 65.33518919 -46.0872973   30.74859459]
0.11	 1.67	0.01	-0.26	144_Q	[ 64.1398 -51.7928  32.6668]
0.19	 1.56	0.04	-0.32	144_Q	[ 65.37155556 -55.25944444  30.37644444]
0.02	 0.39	0.03	-0.28	144_Q	[ 63.41525 -53.827    32.7515 ]
0.09	 1.11	0.25	-0.62	144_Q	[ 62.88954545 -55.65581818  31.09745455]
-0.04	 -0.15	-0.13	0.06	144_Q	[ 61.01858333 -55.25541667  31.95933333]
-0.13	 -0.25	-0.18	0.22	144_Q	[ 59.61073684 -54.03515789  32.27881579]
-0.14	 -1.14	0.01	0.2	144_Q	[ 61.42138462 -57.01388462  32.06080769]
-0.04	 0.33	-0.1	0.01	144_Q	[ 65.2407037  -52.78237037  32.34848148]
-0.06	 0.21	-0.01	0.04	144_Q	[ 62.38389474 -52.67515789  33.07415789]
0.09	 0.7	0.07	-0.27	144_Q	[ 62.10215625 -55.1180625   29.0956875 ]
0.02	 -0.2	-0.1	0.03	144_Q	[ 63.882375   -55.58820833  31.694     ]
-0.26	 -1.03	0.25	0.63	144_Q	[ 62.49318519 -57.44096296  31.57862963]
-0.3	 -0.98	0.25	0.52	144_Q	[ 60.16961538 -57.10719231  32.68923077]
0.15	 1.15	0.11	-0.38	145_L	[ 60.51628571 -54.92290476  27.19871429]
0.07	 0.46	-0.06	-0.19	145_L	[ 61.99088889 -55.85062963  26.66048148]
0.08	 1.05	0.22	-0.52	146_D	[ 68.91016667 -50.835       26.26216667]
0.1	 0.33	-0.03	-0.19	146_D	[ 69.49144444 -51.38477778  28.57911111]
-0.08	 -0.48	-0.01	0.1	146_D	[ 70.06353571 -52.44646429  26.79789286]
0.02	 0.41	0.08	-0.31	146_D	[ 68.46236842 -49.733       28.69957895]
-0.11	 -0.04	-0.15	0.11	146_D	[ 67.691    -48.370125  25.583875]
0.19	 1.16	0.05	-0.32	146_D	[ 66.87525    -48.838       24.54816667]
-0.21	 -0.35	-0.08	0.22	146_D	[ 66.97553488 -47.07911628  27.61488372]
0.1	 0.61	-0.04	-0.15	146_D	[ 68.51133333 -50.59811111  25.77444444]
0.09	 0.16	-0.11	-0.15	146_D	[ 67.53678571 -49.36228571  29.94992857]
-0.27	 -0.64	0.0	0.36	146_D	[ 69.31357143 -49.92347619  27.97666667]
0.07	 1.28	0.42	-0.68	147_S	[ 69.638      -52.03242857  29.65042857]
0.07	 0.81	-0.02	-0.2	147_S	[ 68.19666667 -56.13846667  30.12073333]
-0.26	 -0.7	0.08	0.29	147_S	[ 70.3378     -56.16886667  28.64566667]
-0.07	 -0.01	0.01	0.02	147_S	[ 68.48694737 -54.06684211  32.08668421]
-0.18	 -0.58	0.17	0.19	147_S	[ 68.95168571 -51.9758      31.72454286]
-0.13	 -0.32	0.02	0.17	147_S	[ 70.53628571 -53.30138095  29.38833333]
-0.03	 -0.64	-0.05	0.11	147_S	[ 66.96384211 -54.68221053  31.38468421]
-0.24	 -0.7	0.1	0.35	147_S	[ 69.70331818 -54.89190909  31.55504545]
-0.04	 0.2	-0.27	0.04	147_S	[ 67.72567647 -50.98567647  31.64491176]
0.15	 1.32	0.11	-0.35	148_A	[ 66.785  -55.9796  29.7264]
0.04	 1.02	-0.1	-0.1	148_A	[ 67.2015 -57.002   29.4345]
0.14	 -0.7	-0.11	-0.01	148_A	[ 69.43214286 -57.35157143  26.892     ]
-0.05	 -0.03	-0.31	0.12	148_A	[ 67.59835714 -58.73967857  25.75375   ]
0.05	 0.47	-0.12	-0.13	148_A	[ 64.4748     -57.3747      27.75133333]
-0.12	 -0.21	-0.09	0.13	148_A	[ 67.46508333 -58.26845833  28.55491667]
0.16	 1.26	0.41	-0.65	148_A	[ 65.16552174 -58.69382609  26.55173913]
-0.08	 -0.19	-0.3	0.15	148_A	[ 64.80442857 -57.22505714  29.22222857]
-0.05	 -0.33	-0.05	-0.01	149_G	[ 70.50669231 -56.01953846  25.29576923]
0.15	 0.47	-0.05	-0.18	149_G	[ 69.423375 -53.421375  23.0815  ]
0.02	 0.27	-0.27	0.04	149_G	[ 69.324      -55.28214894  21.61006383]
-0.13	 -0.15	0.08	0.1	149_G	[ 70.48611111 -54.31507407  25.29914815]
-0.06	 -0.41	0.05	0.14	149_G	[ 69.92010526 -57.15415789  24.44268421]
0.1	 0.46	0.06	-0.24	150_Y	[ 68.35310811 -51.26462162  23.75056757]
0.14	 1.24	0.05	-0.34	150_Y	[ 62.81890476 -57.45295238  25.413     ]
0.17	 1.35	0.21	-0.46	150_Y	[ 64.25102326 -58.70786047  25.13844186]
0.09	 0.87	-0.01	-0.25	151_R	[ 69.425   -50.01875  19.93875]
0.02	 0.71	0.01	-0.28	151_R	[ 70.09575 -50.5715   19.70875]
-0.02	 0.22	-0.01	-0.1	151_R	[ 69.91056522 -51.11943478  17.02078261]
-0.01	 0.88	-0.09	-0.03	151_R	[ 71.3504 -52.8018  17.9677]
0.0	 -0.02	-0.2	0.05	151_R	[ 70.72781081 -54.40456757  18.15235135]
0.07	 0.49	0.13	-0.19	151_R	[ 68.57811765 -54.84635294  17.80135294]
-0.17	 -0.19	-0.19	0.36	151_R	[ 71.93465385 -55.41496154  17.66696154]
-0.01	 0.31	-0.09	-0.0	151_R	[ 68.81363158 -49.90821053  21.50826316]
-0.06	 -0.44	-0.13	0.05	151_R	[ 68.71041176 -49.06317647  18.91911765]
-0.05	 -0.02	0.02	-0.02	151_R	[ 70.05842857 -52.36635714  20.71342857]
0.01	 0.39	-0.11	-0.06	151_R	[ 68.81438462 -51.82919231  16.22842308]
-0.2	 -0.67	0.08	0.29	151_R	[ 70.42427273 -50.29754545  17.97518182]
-0.24	 -1.21	0.04	0.38	151_R	[ 72.17214286 -52.29647619  18.12357143]
-0.18	 -0.82	-0.51	0.54	151_R	[ 68.51237143 -56.01914286  17.19317143]
-0.29	 -0.9	0.18	0.47	151_R	[ 73.01556 -54.57028  17.76948]
-0.29	 -1.22	0.18	0.48	151_R	[ 71.26257692 -56.48584615  17.2505    ]
0.13	 1.13	0.09	-0.38	152_H	[ 65.5516 -44.9613  19.0989]
-0.11	 0.0	0.02	0.08	152_H	[ 67.19997368 -45.74968421  18.90834211]
0.02	 0.24	-0.08	-0.09	152_H	[ 66.72190909 -45.79818182  23.12254545]
0.11	 1.25	0.21	-0.48	152_H	[ 65.08727273 -44.55027273  20.18136364]
-0.06	 -0.31	-0.08	0.03	152_H	[ 65.35237931 -43.62658621  22.73855172]
0.03	 0.37	-0.07	-0.04	152_H	[ 62.79557895 -43.34878947  20.45394737]
-0.1	 2.05	0.01	0.05	152_H	[ 64.03966667 -42.504       21.2575    ]
0.04	 0.44	0.03	-0.12	152_H	[ 67.70596667 -48.22166667  21.81876667]
0.05	 0.31	-0.06	-0.16	152_H	[ 66.34290476 -46.80052381  23.71690476]
-0.16	 -0.32	-0.09	0.21	152_H	[ 67.32555556 -45.29166667  21.73238889]
-0.39	 -0.95	0.1	0.56	152_H	[ 65.96726316 -43.27515789  23.44973684]
0.08	 0.97	-0.13	-0.15	152_H	[ 61.42428571 -43.11071429  20.78114286]
-0.12	 -0.37	0.03	0.15	152_H	[ 63.33684 -41.932    22.85816]
0.07	 1.26	0.3	-0.63	153_V	[ 65.4065  -44.77025  18.01075]
0.04	 0.44	-0.08	-0.05	153_V	[ 64.12635294 -44.06441176  18.08194118]
0.22	 1.08	-0.03	-0.28	153_V	[ 62.4175     -43.95091667  18.37408333]
0.11	 0.89	-0.06	0.06	153_V	[ 66.20066667 -46.39        15.498     ]
-0.02	 0.41	-0.03	-0.13	153_V	[ 67.2705 -49.1877  15.9116]
-0.13	 -0.89	-0.06	0.21	153_V	[ 66.17230769 -44.97953846  16.91084615]
0.03	 0.7	0.06	-0.21	153_V	[ 65.17395238 -46.91042857  14.45347619]
-0.06	 0.23	-0.11	-0.04	153_V	[ 65.811      -49.194       14.58642857]
-0.06	 -0.48	-0.0	0.15	153_V	[ 67.49688462 -47.77688462  16.42946154]
0.05	 0.74	-0.14	-0.02	154_D	[ 64.74385714 -43.31385714  16.30957143]
0.07	 1.42	0.05	-0.27	154_D	[ 63.85433333 -42.9255      16.70316667]
0.13	 1.24	0.3	-0.57	154_D	[ 61.07885714 -43.17428571  13.48914286]
-0.03	 0.26	-0.14	-0.04	154_D	[ 59.82208824 -43.54097059  15.11285294]
-0.14	 -0.51	-0.13	0.12	154_D	[ 63.3739 -41.0535  14.3835]
0.03	 0.32	0.08	-0.24	154_D	[ 63.96357143 -43.39221429  12.23089286]
-0.09	 -0.75	-0.09	0.13	154_D	[ 64.28331818 -45.01122727  12.17013636]
-0.31	 -1.05	0.05	0.56	154_D	[ 64.56555263 -42.15355263  11.76776316]
-0.03	 0.16	-0.11	-0.01	154_D	[ 65.5015    -44.3870625  15.203    ]
-0.14	 -0.68	-0.04	0.14	154_D	[ 61.9649 -42.6732  16.665 ]
-0.22	 -0.58	0.07	0.23	154_D	[ 61.86261905 -41.86280952  13.85252381]
-0.26	 -0.82	0.17	0.41	154_D	[ 64.41215789 -41.47205263  15.15984211]
0.11	 0.77	0.05	-0.29	155_Q	[ 63.54697222 -48.43175     12.98108333]
0.07	 1.0	0.02	-0.28	155_Q	[ 59.97366667 -44.40066667  10.54      ]
-0.08	 0.72	-0.0	0.05	155_Q	[ 59.82246154 -44.86923077   8.99884615]
-0.1	 -0.29	-0.05	0.3	155_Q	[ 62.18877778 -45.42351852   9.16944444]
0.02	 1.21	-0.0	-0.13	155_Q	[ 58.64773333 -46.42286667   7.76226667]
0.17	 1.53	0.27	-0.54	155_Q	[ 59.15509091 -44.99554545  13.52118182]
0.03	 -0.16	-0.07	-0.03	155_Q	[ 60.9517  -43.91555  11.7816 ]
0.12	 0.31	0.06	-0.28	155_Q	[ 62.80505556 -46.81611111  10.93338889]
-0.03	 -0.04	0.03	0.01	155_Q	[ 58.62645455 -45.01072727  11.32290909]
-0.24	 -0.25	0.03	0.22	155_Q	[ 59.92475    -47.20175      7.14342857]
0.13	 1.92	0.03	-0.3	157_M	[ 62.9194 -54.36    10.165 ]
0.04	 -0.46	-0.04	-0.14	157_M	[ 61.448375   -55.00566667  10.11145833]
-0.09	 -2.68	-0.12	-0.0	157_M	[ 64.52666667 -51.7855       9.85366667]
0.03	 0.97	-0.02	-0.19	157_M	[ 63.28013333 -48.59033333  10.2302    ]
0.07	 1.15	0.0	-0.23	157_M	[ 61.194   -49.21108   7.44284]
-0.15	 -0.99	-0.09	0.16	157_M	[ 61.99731818 -51.61209091   6.59336364]
-0.03	 0.52	-0.07	-0.09	157_M	[ 64.49812 -50.90676  11.52752]
-0.05	 -0.02	-0.02	-0.05	157_M	[ 63.44485 -53.0939    9.47925]
0.06	 0.09	-0.33	0.04	157_M	[ 63.14214286 -48.42942857  11.04714286]
-0.22	 -0.42	0.19	0.23	157_M	[ 63.89235 -49.59085   8.9289 ]
-0.1	 -0.33	-0.09	0.19	157_M	[ 60.68438462 -50.94715385   5.80453846]
-0.22	 -0.93	0.12	0.41	157_M	[ 63.14865 -51.0011    6.9634 ]
0.03	 0.21	0.05	-0.09	157_M	[ 61.3267  -53.23635   7.78625]
0.04	 -0.02	-0.09	-0.01	158_E	[ 64.452      -57.29144444  11.54988889]
0.09	 1.1	0.05	-0.29	158_E	[ 66.25907692 -53.82876923  11.00646154]
-0.1	 -0.37	-0.2	0.08	158_E	[ 67.30045161 -55.17835484  11.62370968]
-0.18	 -0.38	-0.07	0.45	158_E	[ 67.63364 -56.1498   13.23174]
-0.3	 -1.17	0.24	0.5	158_E	[ 67.86967568 -54.78297297  10.0042973 ]
0.05	 0.54	-0.02	-0.12	158_E	[ 62.07264286 -56.74485714  11.854     ]
0.04	 -0.04	-0.0	-0.02	158_E	[ 65.47325  -57.57225   12.518625]
-0.16	 -0.51	0.05	0.23	158_E	[ 64.21808 -56.02376  10.35236]
-0.03	 -0.02	-0.15	-0.04	158_E	[ 65.51151852 -53.44722222  10.64144444]
0.18	 1.42	0.29	-0.54	158_E	[ 66.35215385 -54.57915385  13.93330769]
0.1	 1.42	0.13	-0.42	159_H	[ 65.82183333 -58.0115      17.26075   ]
0.13	 1.06	0.07	-0.3	159_H	[ 66.52923077 -56.37402564  16.01246154]
0.01	 0.23	-0.13	0.03	159_H	[ 65.66977778 -59.66966667  15.86777778]
0.1	 1.29	-0.13	-0.06	159_H	[ 63.783  -59.786   13.4128]
0.15	 1.08	0.1	-0.39	159_H	[ 61.86383333 -58.80875     13.34216667]
-0.02	 0.17	-0.16	0.08	159_H	[ 63.91136585 -62.04304878  15.05668293]
-0.05	 0.28	-0.04	-0.0	159_H	[ 61.224      -60.82204762  12.95614286]
-0.11	 2.11	0.01	0.05	159_H	[ 62.56366667 -61.85033333  12.819     ]
0.05	 0.47	-0.02	-0.18	159_H	[ 63.2876875 -58.234125   13.0964375]
-0.1	 0.01	-0.03	0.09	159_H	[ 65.58528 -59.02292  14.30496]
0.08	 0.45	-0.07	-0.11	159_H	[ 65.094      -59.96453846  17.14284615]
-0.22	 -0.66	0.17	0.19	159_H	[ 64.69175    -62.24128571  15.10828571]
0.13	 0.72	0.0	-0.28	159_H	[ 59.81166667 -61.34966667  13.02733333]
-0.19	 -0.26	-0.06	0.18	159_H	[ 61.69970588 -63.25717647  14.20052941]
0.16	 1.23	0.02	-0.32	160_G	[ 66.86939024 -56.39858537  19.23858537]
0.13	 1.66	0.17	-0.41	161_E	[ 65.02075    -50.37133333  13.786     ]
0.17	 1.73	0.07	-0.36	161_E	[ 64.256875 -50.49125   13.214   ]
-0.09	 -0.05	-0.11	0.02	161_E	[ 66.90010417 -51.91260417  14.00389583]
0.22	 1.51	0.31	-0.55	161_E	[ 66.57185714 -53.79442857  15.761     ]
0.14	 0.6	-0.04	-0.2	162_Y	[ 64.69745833 -46.17029167  25.60504167]
0.11	 0.89	-0.01	-0.23	164_T	[ 57.77366667 -41.37266667  21.473     ]
-0.1	 -0.31	0.0	0.11	164_T	[ 58.5632439  -41.358       19.37639024]
0.12	 1.48	0.36	-0.73	164_T	[ 58.4238 -41.8046  22.2444]
-0.08	 0.31	-0.1	-0.0	164_T	[ 60.12595238 -41.98890476  21.82061905]
0.15	 0.93	0.11	-0.37	164_T	[ 60.37893333 -43.5269      19.16573333]
0.06	 0.73	-0.07	-0.14	164_T	[ 57.238      -41.98916129  23.14641935]
0.07	 0.79	0.05	-0.19	164_T	[ 60.06538462 -41.75869231  23.31      ]
0.08	 1.34	0.18	-0.46	165_R	[ 55.135    -39.789375  19.2805  ]
0.1	 0.37	-0.07	-0.15	165_R	[ 53.59886667 -40.21033333  19.73593333]
0.11	 1.55	-0.06	-0.25	165_R	[ 52.50414286 -40.76128571  20.13985714]
-0.02	 -0.23	-0.05	-0.05	165_R	[ 55.67542857 -40.187       16.98428571]
-0.01	 0.13	-0.08	-0.07	165_R	[ 54.54930435 -42.12326087  15.09926087]
-0.14	 -0.24	-0.13	0.14	165_R	[ 56.504   -42.9295   14.49375]
-0.08	 -0.93	-0.17	0.1	165_R	[ 56.13538462 -44.32792308  14.05530769]
0.02	 0.25	0.01	-0.13	165_R	[ 54.08105882 -45.12205882  14.34388235]
0.16	 2.05	0.03	-0.29	165_R	[ 57.372125 -45.049125  13.88675 ]
-0.09	 -0.79	-0.16	0.09	165_R	[ 56.116625  -39.717125   19.5498125]
0.01	 0.89	-0.05	-0.15	165_R	[ 53.11593333 -41.36573333  17.8256    ]
-0.19	 -0.61	0.08	0.34	165_R	[ 54.64773913 -39.86917391  16.98621739]
-0.03	 -0.49	-0.03	0.14	165_R	[ 57.2013125 -40.7919375  17.2785625]
-0.01	 0.74	-0.04	0.02	165_R	[ 53.09092308 -42.36023077  16.37684615]
-0.26	 -0.75	0.23	0.45	165_R	[ 55.19317391 -41.41608696  14.57208696]
0.01	 0.37	0.03	-0.08	165_R	[ 57.90420833 -42.836875    15.76883333]
0.03	 0.28	0.06	-0.17	165_R	[ 52.7988125 -44.745875   15.4399375]
0.12	 1.49	0.12	-0.34	165_R	[ 58.12761538 -44.63630769  14.37623077]
0.05	 0.51	0.05	-0.18	166_G	[ 55.1788     -40.02606667  21.87406667]
-0.04	 -0.02	-0.05	-0.01	166_G	[ 53.43526087 -39.08378261  22.99986957]
-0.04	 -0.11	-0.04	0.0	166_G	[ 52.803      -40.48241667  24.82041667]
-0.02	 0.07	-0.05	-0.06	166_G	[ 54.71426667 -41.1662      24.42426667]
-0.21	 -0.5	-0.01	0.25	166_G	[ 56.015   -39.51232  21.7822 ]
-0.37	 -1.16	0.32	0.59	166_G	[ 54.169875  -38.5123125  23.5405625]
-0.12	 -0.39	0.08	0.14	166_G	[ 52.2108  -39.48168  21.39628]
-0.01	 -0.0	-0.08	0.01	167_A	[ 51.224375 -40.202     24.223625]
0.08	 1.53	-0.08	-0.16	167_A	[ 50.951      -40.947       24.94766667]
-0.02	 -0.11	-0.01	-0.04	167_A	[ 48.57921053 -41.81310526  23.95173684]
-0.06	 -0.64	-0.09	0.06	167_A	[ 50.51421053 -40.23852632  22.54094737]
0.05	 -0.09	0.04	-0.11	167_A	[ 51.13178261 -42.121       25.80382609]
-0.31	 -0.97	0.13	0.46	167_A	[ 48.99226316 -40.78463158  24.51894737]
0.03	 -0.71	-0.04	0.01	167_A	[ 48.9115    -41.935375   21.7629375]
0.07	 0.37	-0.14	0.08	168_L	[ 49.163      -44.46533333  19.18433333]
-0.02	 0.1	-0.06	0.0	168_L	[ 50.33091304 -41.84843478  19.17852174]
0.1	 0.66	-0.0	-0.18	168_L	[ 50.39896667 -45.3006      17.41896667]
0.09	 0.79	-0.09	-0.17	168_L	[ 48.87642857 -45.25428571  19.97585714]
-0.17	 -0.73	0.02	0.25	168_L	[ 48.92021429 -42.84653571  19.41689286]
-0.01	 -0.55	0.1	-0.1	168_L	[ 51.52763636 -41.81781818  18.58718182]
-0.26	 -0.8	-0.06	0.27	168_L	[ 49.416      -44.57603846  17.453     ]
0.05	 0.09	-0.13	-0.02	168_L	[ 51.9135 -43.6082  16.6968]
0.1	 0.97	0.15	-0.37	172_F	[ 60.92385714 -57.67135714  12.60228571]
0.06	 0.2	-0.29	0.01	172_F	[ 59.58208333 -58.57741667  12.30025   ]
0.03	 0.24	-0.07	-0.01	172_F	[ 59.24388462 -56.91765385  11.43596154]
-0.02	 0.12	-0.05	-0.04	172_F	[ 58.85915789 -59.46436842  12.18263158]
0.15	 0.76	0.03	-0.34	173_P	[ 58.7558 -60.9095  22.2331]
0.03	 0.21	-0.21	-0.01	173_P	[ 58.32392308 -61.2         21.33230769]
0.13	 1.25	0.04	-0.31	173_P	[ 55.899      -60.06611765  21.03170588]
0.09	 0.64	-0.04	-0.16	174_M	[ 63.06953333 -63.71553333  20.1366    ]
0.13	 0.91	0.08	-0.35	174_M	[ 60.40025714 -62.65317143  21.04722857]
-0.01	 -0.7	-0.1	0.02	174_M	[ 64.99092857 -62.07828571  21.34407143]
0.07	 1.17	0.05	-0.41	174_M	[ 65.7622 -60.8482  22.375 ]
-0.09	 -0.18	-0.12	0.1	174_M	[ 66.81730909 -59.46310909  19.68665455]
0.06	 0.79	0.09	-0.22	174_M	[ 68.10352 -58.4592   22.01972]
0.12	 1.37	0.33	-0.58	174_M	[ 64.09915385 -61.06738462  18.11046154]
0.06	 -0.01	-0.14	-0.02	174_M	[ 63.66532 -62.51252  22.30096]
-0.11	 -1.04	-0.0	0.19	174_M	[ 65.00485714 -61.95642857  19.48842857]
0.09	 0.41	-0.09	-0.13	174_M	[ 64.6624  -60.34085  23.27875]
-0.16	 -0.76	-0.05	0.25	174_M	[ 68.81695652 -58.38008696  21.65582609]
-0.13	 -0.42	0.06	0.2	174_M	[ 67.071375   -59.95995833  23.39108333]
-0.04	 -0.25	-0.19	0.05	175_G	[ 63.64885714 -63.14942857  18.49571429]
-0.11	 -0.59	-0.06	0.1	175_G	[ 62.21315385 -65.22161538  18.32815385]
-0.06	 0.3	-0.15	0.04	175_G	[ 59.53053333 -64.46106667  19.10706667]
-0.23	 -0.8	-0.02	0.3	175_G	[ 59.40827778 -65.30352778  16.46386111]
0.05	 0.38	-0.05	-0.23	175_G	[ 63.61305556 -62.54633333  17.32338889]
-0.1	 -0.14	0.02	-0.01	175_G	[ 62.53225806 -64.54683871  16.82845161]
-0.1	 -0.45	-0.15	0.14	175_G	[ 61.49159259 -65.20785185  19.80814815]
0.15	 1.3	-0.01	-0.25	176_S	[ 59.044875 -63.19525   19.333125]
0.04	 1.84	-0.03	-0.19	176_S	[ 58.208      -63.70266667  18.84366667]
0.16	 1.35	0.42	-0.64	176_S	[ 59.54938462 -63.41315385  14.96746154]
0.06	 0.68	-0.08	-0.11	176_S	[ 56.47766667 -62.69933333  18.98266667]
-0.01	 0.77	-0.07	-0.12	176_S	[ 55.02521739 -62.30847826  17.754     ]
-0.09	 -0.49	0.03	0.08	176_S	[ 57.01155556 -64.01994444  17.87672222]
-0.03	 -0.42	0.01	0.06	176_S	[ 57.21308696 -61.876       19.9596087 ]
0.08	 0.39	-0.15	-0.16	177_E	[ 57.723875 -64.641375  14.928625]
0.07	 1.01	0.06	-0.36	177_E	[ 57.95584615 -63.75638462  13.48176923]
0.17	 1.46	-0.02	-0.26	177_E	[ 55.388875 -61.847375  12.143   ]
-0.15	 -0.67	0.03	0.17	177_E	[ 57.13169231 -61.04426923  11.728     ]
-0.21	 -1.05	0.09	0.29	177_E	[ 55.7489661  -64.48027119  12.74332203]
-0.04	 -0.26	-0.01	0.0	177_E	[ 56.1433125 -64.207875   15.8825   ]
-0.08	 -0.2	-0.17	0.12	177_E	[ 58.76351852 -63.17014815  13.24674074]
0.08	 1.6	-0.12	-0.21	178_L	[ 53.106      -58.799       12.48914286]
0.01	 0.03	-0.06	-0.39	178_L	[ 49.54285714 -61.2047619   14.48142857]
0.04	 -0.11	-0.1	-0.04	178_L	[ 53.05683333 -63.53929167  14.838875  ]
0.12	 0.93	-0.09	-0.04	178_L	[ 55.201      -59.49522222  12.09322222]
-0.04	 -0.14	-0.02	0.05	178_L	[ 53.26206897 -60.38110345  12.26948276]
-0.09	 -0.49	-0.29	0.35	178_L	[ 50.00691667 -61.65854167  15.58133333]
-0.28	 -0.45	-0.05	0.28	178_L	[ 50.22370588 -61.01052941  13.20729412]
-0.15	 -0.5	0.07	0.21	178_L	[ 52.53248 -63.3084   15.89864]
-0.15	 -0.55	-0.03	0.12	178_L	[ 52.7145  -63.0879   13.08765]
0.08	 0.86	0.03	-0.24	179_P	[ 55.39470588 -56.83747059  11.68105882]
0.03	 0.31	-0.0	-0.14	179_P	[ 53.99425 -57.5024   12.20175]
0.07	 -0.3	0.0	-0.17	179_P	[ 56.75494444 -57.82822222  11.97777778]
0.09	 0.58	0.06	-0.33	180_Y	[ 54.0591  -60.0648   20.52645]
0.16	 1.32	0.41	-0.64	180_Y	[ 50.26346154 -59.99076923  19.50353846]
0.12	 1.31	0.13	-0.42	180_Y	[ 52.85566667 -60.61283333  20.335     ]
-0.05	 -0.21	-0.04	0.06	180_Y	[ 52.79232 -61.63324  18.91112]
0.1	 1.02	0.08	-0.24	180_Y	[ 54.69381818 -60.83354545  19.44654545]
-0.08	 -0.02	-0.02	0.0	180_Y	[ 50.83551852 -61.18140741  18.65366667]
0.11	 1.0	-0.05	-0.27	181_R	[ 49.01738095 -48.01519048  15.97814286]
0.04	 -0.42	0.02	-0.18	181_R	[ 51.50018182 -46.51468182  14.52959091]
0.01	 0.34	-0.11	-0.1	181_R	[ 50.31678571 -47.14207143  13.53628571]
0.03	 0.68	-0.1	-0.13	181_R	[ 53.48944444 -46.45227778  13.18422222]
0.16	 0.83	0.08	-0.34	181_R	[ 48.53817647 -49.12835294  18.46635294]
-0.03	 0.19	-0.19	-0.03	181_R	[ 49.50943243 -47.27045946  16.97651351]
0.14	 1.36	0.29	-0.53	181_R	[ 50.39363636 -47.44690909  12.20281818]
0.06	 0.9	0.72	-1.15	181_R	[ 53.21614286 -46.65085714  12.347     ]
0.05	 0.37	0.05	-0.24	183_D	[ 46.1466     -45.42788571  22.11308571]
-0.02	 0.1	-0.12	-0.03	183_D	[ 47.20171429 -43.86014286  22.42747619]
-0.24	 -0.32	-0.16	0.3	183_D	[ 44.59251351 -45.63243243  21.50851351]
0.12	 0.68	-0.01	-0.25	183_D	[ 47.82160976 -47.73329268  20.07363415]
0.18	 1.46	0.18	-0.44	184_F	[ 46.6344375 -44.5514375  25.2055   ]
-0.0	 0.42	-0.07	-0.09	184_F	[ 48.18305882 -42.83782353  26.25961765]
0.15	 1.62	0.18	-0.45	184_F	[ 50.373125 -43.669375  27.0015  ]
0.17	 0.44	0.1	-0.34	184_F	[ 50.3684 -43.7945  27.7088]
0.08	 1.42	-0.03	-0.22	185_F	[ 46.0624 -43.44    26.2358]
0.14	 0.98	0.03	-0.25	185_F	[ 45.3148125 -44.7333125  30.9939375]
0.1	 1.59	0.18	-0.45	185_F	[ 43.65430769 -44.73838462  27.33984615]
0.06	 0.44	-0.15	-0.01	185_F	[ 43.81933333 -42.95133333  28.07175   ]
-0.08	 -0.25	-0.02	0.01	185_F	[ 42.52263889 -43.57005556  27.33133333]
0.03	 0.12	0.05	-0.2	185_F	[ 44.1102973  -42.28445946  29.38289189]
-0.17	 -0.73	-0.04	0.24	185_F	[ 41.22190625 -41.91434375  27.78940625]
-0.08	 -0.39	0.02	0.06	185_F	[ 43.42851429 -40.97731429  30.111     ]
-0.16	 -0.65	0.05	0.15	185_F	[ 41.81056667 -40.6515      29.11456667]
-0.11	 -0.2	0.02	-0.05	185_F	[ 46.15994118 -42.49941176  26.719     ]
0.05	 -0.21	0.03	-0.16	185_F	[ 44.79092 -44.51628  25.88864]
0.06	 0.62	-0.0	-0.18	185_F	[ 44.18975758 -46.02909091  28.56660606]
-0.31	 -0.24	-0.19	0.28	185_F	[ 42.07185714 -44.06495238  26.27952381]
-0.33	 -1.0	0.33	0.55	185_F	[ 40.21272222 -41.92272222  27.20144444]
-7.4	 -0.72	0.07	0.47	185_F	[ 43.58333333 -40.12433333  30.8767619 ]
-0.66	 -0.72	0.35	0.53	185_F	[ 40.88525 -39.8927   29.35935]
0.2	 1.3	0.05	-0.36	186_D	[ 48.644      -42.524       28.80488889]
0.07	 1.25	-0.05	-0.24	186_D	[ 48.26154545 -41.295       30.39127273]
-0.01	 0.37	-0.02	-0.07	186_D	[ 50.17873333 -42.96646667  31.96313333]
-0.03	 0.13	0.35	-0.65	186_D	[ 50.4595 -43.3715  29.7487]
0.03	 1.04	0.1	-0.24	186_D	[ 45.96294444 -42.17705556  31.94855556]
-0.1	 -0.44	-0.07	0.12	186_D	[ 47.63318182 -41.02445455  33.65763636]
-0.25	 -1.04	0.22	0.38	186_D	[ 48.26148649 -39.83910811  32.82716216]
-0.2	 -0.56	0.03	0.28	186_D	[ 47.30142105 -42.03376316  34.99881579]
-0.1	 -0.42	0.05	-0.2	186_D	[ 47.37492 -41.30996  29.04692]
-0.16	 -0.32	-0.18	0.18	186_D	[ 48.87752381 -40.94928571  30.7497619 ]
-0.08	 0.07	-0.21	0.02	186_D	[ 45.42752 -41.35732  31.6214 ]
-0.02	 0.41	-0.04	-0.16	186_D	[ 46.15426316 -44.01152632  32.99421053]
0.08	 1.89	0.16	-0.49	187_D	[ 50.7125     -44.17433333  32.49866667]
-0.02	 0.04	-0.14	0.0	187_D	[ 51.233      -45.34905556  34.488     ]
-0.02	 -0.56	-0.07	0.01	187_D	[ 48.59792857 -44.95378571  35.95507143]
0.15	 1.02	0.15	-0.4	187_D	[ 46.54184848 -45.30718182  34.46321212]
-0.06	 -0.81	-0.01	0.04	187_D	[ 49.672      -47.44062963  36.2022963 ]
0.14	 1.06	0.07	-0.26	187_D	[ 51.47326667 -44.88166667  31.98006667]
0.0	 0.39	-0.19	0.0	187_D	[ 51.40409091 -46.42381818  34.97836364]
-0.12	 -0.36	0.05	0.24	187_D	[ 50.32309091 -43.77490909  34.285     ]
0.1	 1.64	0.09	-0.33	188_E	[ 45.36175 -46.4364   32.38545]
0.07	 1.42	0.02	-0.28	188_E	[ 43.79133333 -48.30533333  30.36066667]
0.04	 0.18	-0.09	-0.05	188_E	[ 43.06483333 -49.48636111  32.73222222]
-0.16	 -0.28	-0.14	0.16	188_E	[ 42.75026923 -47.88476923  33.20942308]
-0.18	 -0.69	0.03	0.01	188_E	[ 42.06537931 -50.62186207  31.99644828]
0.11	 1.14	0.11	-0.45	188_E	[ 45.3121 -46.7047  33.4003]
-0.1	 -0.07	-0.17	0.01	188_E	[ 44.48373333 -46.7898      30.7256    ]
0.1	 0.49	0.01	-0.23	188_E	[ 44.22505 -48.7325   29.3234 ]
0.26	 1.42	0.43	-0.64	189_I	[ 43.56018182 -51.42590909  27.11854545]
0.23	 1.33	0.12	-0.37	190_D	[ 41.97293333 -50.31566667  23.84393333]
0.19	 1.29	0.4	-0.63	190_D	[ 44.31241176 -46.33882353  25.32870588]
0.04	 0.35	-0.11	-0.13	190_D	[ 42.34416216 -47.42259459  25.22189189]
-0.16	 -0.36	-0.07	0.16	190_D	[ 42.42997674 -45.91876744  24.07348837]
-0.29	 -0.64	-0.09	0.4	190_D	[ 41.11725806 -48.66377419  25.77806452]
0.08	 0.46	-0.04	-0.2	190_D	[ 43.40632353 -49.33538235  27.24952941]
0.05	 0.72	-0.03	-0.17	191_S	[ 42.39276 -50.81844  21.6444 ]
0.1	 0.76	0.02	-0.27	191_S	[ 43.4632  -48.16928  21.498  ]
0.05	 1.1	-0.05	-0.19	193_R	[ 44.061      -49.79533333  15.717     ]
-0.0	 0.72	-0.03	-0.09	193_R	[ 44.705  -49.0436  16.1357]
-0.15	 -1.22	-0.01	0.07	193_R	[ 42.9585     -49.09942857  17.09964286]
-0.15	 -0.2	0.03	0.14	193_R	[ 41.839      -51.21308333  17.06433333]
-0.16	 0.42	0.04	0.19	193_R	[ 42.77009091 -48.08163636  18.57672727]
0.05	 0.34	-0.03	-0.11	193_R	[ 43.71553846 -51.50623077  15.29130769]
0.06	 0.43	0.09	-0.18	193_R	[ 46.4989375  -49.104375    17.37009375]
-0.03	 -0.33	-0.1	-0.01	193_R	[ 42.52461538 -52.644       16.54146154]
-0.18	 -0.61	0.01	0.13	193_R	[ 41.25444444 -51.4215      18.21638889]
-0.05	 -0.2	-0.02	0.0	193_R	[ 44.42774074 -47.72937037  19.14540741]
-0.2	 -0.24	0.14	0.18	193_R	[ 41.86765 -49.47075  19.47185]
0.07	 1.49	-0.03	-0.17	194_V	[ 51.739      -57.81064286  12.40171429]
0.08	 0.21	-0.03	-0.17	194_V	[ 49.89365385 -58.674       12.81038462]
0.12	 1.71	0.11	-0.36	194_V	[ 51.76027273 -56.73463636  12.08      ]
0.21	 1.09	0.2	-0.46	194_V	[ 48.55266667 -59.86511111  15.6925    ]
0.13	 1.38	0.14	-0.38	195_F	[ 52.50077778 -55.85827778  11.45688889]
0.16	 1.35	0.05	-0.29	196_D	[ 51.11       -53.58066667   6.97411111]
-0.04	 -0.34	-0.04	0.01	196_D	[ 52.83723529 -53.741        5.55570588]
0.15	 0.4	-0.14	-0.09	196_D	[ 53.81255556 -52.76044444   4.99033333]
-0.19	 -0.59	0.01	0.27	196_D	[ 53.77369565 -55.64206522   6.41573913]
0.04	 0.42	-0.12	-0.07	196_D	[ 53.42490323 -55.627        9.83896774]
0.1	 0.82	-0.1	-0.16	196_D	[ 51.6233 -55.2726   7.7617]
0.08	 0.91	0.01	-0.3	197_V	[ 58.0763 -55.9259  10.2363]
-0.03	 0.29	0.08	-0.27	197_V	[ 58.83110714 -55.24982143   7.84628571]
0.16	 0.42	0.1	-0.32	197_V	[ 55.47988235 -55.38         9.74017647]
0.1	 1.03	0.0	-0.25	197_V	[ 57.014875  -55.89325    10.7994375]
-0.1	 -0.34	-0.12	0.24	197_V	[ 59.77478571 -55.24575      8.54625   ]
-0.0	 -0.1	-0.06	0.06	197_V	[ 56.82285 -55.5649    8.0636 ]
0.03	 0.05	-0.09	-0.15	198_D	[ 55.44578571 -50.01492857   4.0315    ]
-0.09	 -0.0	-0.11	0.1	198_D	[ 56.8215102  -48.27622449   5.60310204]
0.0	 0.31	0.01	-0.12	198_D	[ 56.981625  -52.0500625   3.5149375]
-0.22	 -0.74	-0.05	0.25	198_D	[ 58.60461538 -53.33638462   3.32823077]
-0.07	 -0.03	-0.08	0.08	198_D	[ 59.84608333 -53.24761111   5.21919444]
-0.21	 -0.56	0.03	0.28	198_D	[ 57.19002222 -55.01542222   4.5202    ]
0.1	 1.18	0.11	-0.26	198_D	[ 58.70185714 -50.21952381   5.82952381]
-0.03	 0.29	-0.02	-0.01	198_D	[ 55.20747368 -53.12152632   4.23878947]
-0.24	 -0.62	0.07	0.33	198_D	[ 57.48291304 -51.062        3.41143478]
0.11	 0.9	-0.02	-0.26	199_S	[ 54.59109091 -50.73436364   4.20981818]
0.05	 1.42	-0.08	-0.1	199_S	[ 54.0715 -49.6155   4.1115]
0.12	 1.36	0.16	-0.43	199_S	[ 54.8536 -47.1961   6.9095]
-0.05	 0.14	0.0	0.01	199_S	[ 52.68503333 -46.5546       6.99786667]
-0.06	 -0.09	-0.14	0.06	199_S	[ 51.2345     -49.35614286   4.34521429]
-0.18	 -0.64	0.04	0.24	199_S	[ 53.94915789 -48.10021053   4.53868421]
0.02	 0.92	-0.08	-0.16	199_S	[ 51.65676923 -48.22138462   4.77153846]
-0.15	 -0.38	0.03	0.25	199_S	[ 52.58545161 -50.85483871   4.22219355]
-0.08	 0.07	-0.13	0.04	199_S	[ 50.62543478 -51.80552174   6.12186957]
0.07	 0.98	0.22	-0.53	200_Q	[ 51.96   -46.8524   9.2   ]
-0.08	 0.3	0.03	-0.02	200_Q	[ 51.80940741 -46.67237037  10.68062963]
-0.04	 0.29	-0.07	-0.02	200_Q	[ 54.2695 -45.8189   9.8357]
0.09	 1.44	0.13	-0.44	200_Q	[ 56.03123077 -46.494        8.71092308]
0.08	 0.61	0.02	-0.21	200_Q	[ 56.067      -45.88788889  12.3062963 ]
-0.12	 0.02	-0.08	0.17	200_Q	[ 54.07415789 -46.05010526   8.38221053]
-0.03	 -0.2	0.08	-0.13	200_Q	[ 54.04521429 -46.23235714  11.25371429]
-0.06	 -0.04	-0.05	0.09	200_Q	[ 56.81536667 -45.986        8.77393333]
0.07	 0.98	0.05	-0.27	201_R	[ 48.31906667 -49.236        8.82333333]
0.1	 0.7	0.1	-0.35	201_R	[ 50.69946667 -46.35286667   7.60966667]
-0.05	 -1.33	-0.01	-0.03	201_R	[ 49.2573 -48.3057   4.5998]
0.01	 1.17	-0.06	-0.09	201_R	[ 47.5499 -47.1153   6.2752]
-0.08	 -0.23	-0.06	0.04	201_R	[ 47.69746875 -45.809375     5.4795625 ]
-0.12	 -0.47	0.01	0.13	201_R	[ 49.31993333 -45.23993333   4.7283    ]
-0.19	 0.21	0.03	0.27	201_R	[ 46.11041667 -44.95058333   5.39304167]
0.03	 0.4	-0.11	-0.07	201_R	[ 49.55730769 -47.39961538  10.85469231]
0.04	 0.83	-0.05	-0.2	201_R	[ 48.98968182 -51.0625       7.68281818]
-0.13	 -0.47	-0.19	0.04	201_R	[ 47.68866667 -49.23261905   8.96295238]
-0.12	 -0.08	-0.02	0.08	201_R	[ 49.16711538 -46.56280769   8.46088462]
-0.06	 0.34	-0.09	-0.11	201_R	[ 50.42321429 -47.375        4.6895    ]
-0.07	 -0.26	0.02	0.1	201_R	[ 48.66431818 -49.40040909   5.85431818]
-0.22	 -0.85	-0.04	0.28	201_R	[ 46.91128571 -47.77161905   6.81461905]
-0.15	 -0.38	-0.24	0.4	201_R	[ 50.56809524 -45.7137619    5.06685714]
-0.3	 -1.78	0.33	0.59	201_R	[ 48.84009524 -43.95809524   4.1007619 ]
-0.27	 -1.28	0.18	0.48	201_R	[ 45.52156 -45.92708   6.10888]
-0.29	 -1.02	0.18	0.49	201_R	[ 46.54507692 -43.91961538   4.70565385]
-0.06	 -0.0	0.03	0.0	202_T	[ 45.7219     -51.19266667  10.4895    ]
-0.03	 0.41	0.03	-0.17	202_T	[ 44.87654167 -49.85370833  13.91608333]
-0.07	 -0.55	-0.03	0.09	202_T	[ 47.169      -47.29223077  12.87903846]
-0.24	 -0.89	0.11	0.24	202_T	[ 44.8355     -50.0135      12.15158333]
-0.09	 -0.15	-0.14	0.25	202_T	[ 46.74202564 -47.87207692  14.59466667]
0.0	 0.55	0.01	-0.14	202_T	[ 48.96270588 -47.24529412  13.53876471]
-0.12	 -0.15	-0.05	0.11	202_T	[ 47.14589286 -47.92525     11.14578571]
0.03	 -0.79	-0.09	-0.04	203_L	[ 44.24788889 -53.60522222  12.10533333]
0.1	 0.94	-0.04	-0.16	203_L	[ 44.42211765 -52.56647059  13.29676471]
-0.07	 0.17	0.02	0.03	203_L	[ 49.7502963  -56.97314815   9.72988889]
-0.05	 -0.66	-0.0	0.05	203_L	[ 47.61936 -54.20032   7.93144]
-0.03	 -0.08	0.02	0.02	203_L	[ 45.1974     -54.19153333  10.35946667]
0.07	 0.47	-0.06	-0.04	203_L	[ 46.1726875 -56.430375   10.2585625]
-0.08	 -0.66	-0.18	0.2	203_L	[ 50.70771429 -56.11507143   8.558     ]
0.03	 0.75	-0.05	-0.15	203_L	[ 49.85269565 -57.25556522  11.10830435]
-0.24	 -0.96	0.1	0.47	203_L	[ 48.32094737 -57.42273684   9.23252632]
0.01	 0.11	0.01	-0.04	203_L	[ 49.21369231 -53.90653846   7.54488462]
-0.21	 -0.71	0.02	0.31	203_L	[ 46.76514286 -55.27219048   8.30271429]
0.04	 0.51	-0.02	-0.07	203_L	[ 47.15842105 -52.39084211   8.82621053]
-0.0	 -0.95	-0.03	-0.03	204_E	[ 43.8755   -55.462     11.645125]
0.1	 1.82	0.01	-0.22	204_E	[ 43.0815  -55.62325  12.2795 ]
-0.16	 -0.5	-0.09	0.19	204_E	[ 42.43854545 -57.51372727  12.48018182]
0.14	 1.14	-0.09	-0.21	204_E	[ 43.99294444 -59.34066667  15.00666667]
-0.2	 -1.2	-0.04	0.21	204_E	[ 45.683  -59.4661  12.3172]
-0.05	 0.04	-0.09	0.06	204_E	[ 46.67729167 -60.22608333  14.32058333]
0.0	 0.25	-0.05	-0.12	204_E	[ 47.01133333 -58.16422222  12.03737037]
-0.03	 -0.32	0.0	-0.11	204_E	[ 44.76842857 -56.68921429  11.222     ]
-0.1	 -0.13	0.05	0.12	204_E	[ 42.68926316 -54.84268421  13.79010526]
-0.15	 -0.44	0.14	0.27	204_E	[ 42.06090476 -57.7532381   14.04380952]
-0.15	 -0.72	0.21	0.24	204_E	[ 43.40145 -57.91335  11.80125]
-0.37	 -0.97	0.11	0.53	204_E	[ 43.48035294 -59.84947059  14.09752941]
-0.03	 0.08	-0.07	-0.02	205_E	[ 42.94965854 -58.40792683  17.52434146]
0.06	 1.89	-0.03	-0.16	205_E	[ 41.46383333 -54.048       17.648     ]
0.07	 1.21	-0.02	-0.23	205_E	[ 41.67033333 -55.92733333  19.813     ]
0.05	 0.52	-0.01	-0.17	205_E	[ 41.2588  -54.75528  21.2522 ]
-0.19	 -0.64	0.02	0.21	205_E	[ 40.5770303  -52.99754545  20.21639394]
0.15	 1.27	0.25	-0.5	205_E	[ 41.53746154 -52.50407692  22.03338462]
0.02	 -0.13	-0.05	-0.05	205_E	[ 42.24380769 -55.19161538  15.97815385]
0.07	 0.76	0.12	-0.35	205_E	[ 41.76318182 -53.40009091  17.63809091]
-0.12	 -0.32	0.0	0.11	205_E	[ 41.37344 -55.70108  18.24256]
0.12	 0.94	0.08	-0.33	205_E	[ 42.13094118 -56.84564706  20.22117647]
0.15	 1.05	0.29	-0.44	206_V	[ 45.42016667 -60.42983333  20.02466667]
-0.04	 -0.14	-0.02	-0.01	206_V	[ 47.22853333 -60.58953333  17.48566667]
0.07	 0.26	-0.1	-0.01	206_V	[ 43.96511111 -59.93911111  19.75733333]
0.03	 0.18	-0.1	-0.05	206_V	[ 46.53285714 -60.73385714  20.67692857]
-0.03	 0.13	0.08	-0.08	206_V	[ 48.34922222 -60.40344444  18.70744444]
-0.1	 -0.3	0.01	0.17	206_V	[ 45.60021739 -60.57830435  17.91747826]
0.24	 1.06	0.07	-0.33	207_E	[ 44.66569231 -58.81446154  26.363     ]
-0.08	 -0.28	-0.12	0.05	207_E	[ 43.578    -61.366375  24.625   ]
-0.08	 -0.09	-0.11	0.06	207_E	[ 40.92028571 -59.5735      24.68385714]
-0.02	 -0.17	-0.06	-0.06	207_E	[ 41.0354     -58.66523333  22.02353333]
-0.12	 -0.09	-0.13	0.14	207_E	[ 41.83626316 -59.32142105  20.72305263]
-0.28	 -0.86	0.18	0.5	207_E	[ 39.50092683 -58.90665854  22.36736585]
-0.01	 -1.32	-0.01	0.01	207_E	[ 43.97761538 -60.74415385  21.51284615]
-0.06	 -0.6	0.06	0.08	207_E	[ 43.29169565 -61.38817391  23.32995652]
-0.1	 0.18	0.03	-0.02	207_E	[ 43.498      -60.2265      25.60588462]
-0.38	 -0.92	0.14	0.46	207_E	[ 40.59794118 -60.51752941  24.62811765]
-0.0	 -0.18	-0.07	0.08	207_E	[ 41.25258824 -58.16952941  25.06452941]
0.1	 1.04	-0.05	-0.2	208_A	[ 49.39846667 -62.01113333  24.3724    ]
-0.03	 -0.12	-0.01	-0.0	208_A	[ 48.9064375 -61.054625   21.707875 ]
-0.08	 -0.36	-0.15	0.09	208_A	[ 47.47092593 -61.8887037   26.24422222]
0.16	 -0.02	0.05	-0.21	208_A	[ 46.14128571 -61.22664286  23.03871429]
0.1	 0.83	-0.09	-0.21	208_A	[ 48.73271429 -61.48335714  27.27982143]
-0.11	 0.01	-0.08	0.05	208_A	[ 46.0286     -60.64533333  26.9444    ]
-0.16	 -0.65	0.01	0.26	208_A	[ 46.52266667 -62.1357      25.01156667]
0.1	 1.42	0.4	-0.62	209_I	[ 50.662125 -62.016375  24.0935  ]
-0.04	 0.3	-0.31	0.02	209_I	[ 51.18584783 -61.6265      22.42252174]
0.21	 1.31	0.45	-0.66	209_I	[ 54.19942857 -59.93578571  22.44814286]
0.02	 0.31	-0.1	-0.14	210_N	[ 56.6413125 -62.657625   24.2935   ]
0.07	 0.52	-0.12	-0.1	210_N	[ 55.99444 -61.1666   22.943  ]
-0.01	 0.19	-0.06	-0.1	210_N	[ 55.4735 -64.7116  25.3599]
0.01	 0.1	-0.09	0.02	210_N	[ 52.66833333 -64.79855556  25.84155556]
-0.02	 0.31	-0.11	-0.05	210_N	[ 51.03032353 -63.53979412  25.97417647]
-0.11	 -0.23	-0.09	0.16	210_N	[ 52.64646667 -65.4726      24.27323333]
-0.04	 0.05	-0.07	-0.02	210_N	[ 53.21996774 -62.00035484  22.69432258]
-0.1	 -0.71	0.03	0.15	210_N	[ 55.47709524 -63.86461905  24.0622381 ]
-0.11	 -0.49	-0.07	0.1	210_N	[ 55.4665     -64.29594444  26.62905556]
-0.3	 -1.02	0.25	0.52	210_N	[ 51.3658  -65.97276  24.76456]
-0.2	 -0.74	0.15	0.38	210_N	[ 53.82632143 -65.81617857  23.74121429]
0.06	 0.92	-0.13	-0.2	211_L	[ 56.96557143 -63.16414286  25.061     ]
0.07	 2.16	-0.02	-0.23	211_L	[ 57.89       -62.502       24.67866667]
0.05	 0.59	-0.01	-0.23	211_L	[ 58.35473529 -63.08985294  25.98364706]
-0.15	 -0.32	-0.17	0.13	211_L	[ 58.54664286 -63.31061905  27.97002381]
0.08	 1.16	-0.06	-0.15	211_L	[ 57.34354545 -58.89154545  28.04536364]
0.12	 0.74	-0.04	-0.25	211_L	[ 61.005      -57.77483333  25.89275   ]
0.15	 -0.2	0.03	-0.25	211_L	[ 56.05122222 -62.81655556  27.84788889]
0.12	 0.61	0.07	-0.2	211_L	[ 58.253625 -61.66075   23.95925 ]
0.21	 1.46	0.16	-0.43	211_L	[ 56.3168     -58.8052      27.99653333]
-0.15	 -0.32	-0.02	0.13	211_L	[ 58.46588889 -60.48805556  28.37455556]
-0.01	 0.18	-0.03	-0.09	211_L	[ 58.82896429 -57.19821429  27.20603571]
0.07	 0.22	0.03	-0.17	211_L	[ 60.99635 -59.18715  26.5941 ]
0.07	 1.1	0.05	-0.35	212_L	[ 59.5225     -62.92583333  24.4205    ]
0.11	 1.09	-0.02	-0.31	212_L	[ 61.0716     -61.36753333  27.9024    ]
0.11	 0.87	0.06	-0.28	212_L	[ 63.29826087 -60.4046087   26.136     ]
0.1	 0.89	-0.01	0.07	212_L	[ 60.37566667 -66.675       24.73033333]
-0.09	 -0.63	-0.15	0.12	212_L	[ 61.19927273 -66.20309091  22.43263636]
-0.2	 -0.98	-0.04	0.22	212_L	[ 62.80495652 -67.1626087   25.80286957]
0.18	 1.18	0.13	-0.41	212_L	[ 60.06940909 -61.86954545  23.63272727]
0.11	 1.1	0.08	-0.28	212_L	[ 60.1654 -64.7443  27.3792]
0.07	 0.4	-0.04	-0.17	212_L	[ 63.57025714 -63.58608571  25.26245714]
-0.14	 -0.39	-0.07	0.05	212_L	[ 59.9284 -65.5585  25.6853]
-0.2	 -1.31	0.15	0.29	212_L	[ 60.93103846 -67.09788462  23.15819231]
-0.02	 0.13	-0.01	-0.0	212_L	[ 60.07636364 -64.23545455  22.84721212]
-0.09	 -0.4	-0.07	0.02	212_L	[ 62.87068 -65.05708  22.38072]
-0.25	 -1.49	0.26	0.44	212_L	[ 61.74389474 -67.83952632  25.15747368]
-0.17	 -0.93	0.07	0.29	212_L	[ 63.86359091 -66.14031818  25.17727273]
-0.01	 -0.15	-0.11	0.0	212_L	[ 62.16326316 -66.431       27.24726316]
0.09	 1.73	-0.04	-0.16	213_P	[ 61.29871429 -62.29228571  28.81514286]
0.1	 1.17	0.07	-0.32	213_P	[ 62.712      -61.91188889  29.95511111]
-0.22	 -1.01	0.04	0.29	213_P	[ 65.74609677 -62.22941935  28.27758065]
-0.02	 -0.18	-0.13	-0.03	213_P	[ 65.28774 -60.02248  27.96022]
-0.12	 -0.3	-0.04	0.09	213_P	[ 64.31833333 -62.8616      31.2966    ]
-0.08	 -0.38	-0.05	0.06	213_P	[ 63.46711765 -65.64011765  29.88276471]
-0.03	 0.1	-0.03	-0.04	213_P	[ 61.29355556 -65.46688889  28.52877778]
-0.13	 -0.74	0.17	0.47	213_P	[ 63.01574074 -60.66418519  29.54703704]
-0.19	 -0.79	0.14	0.3	213_P	[ 65.37757143 -63.37642857  30.67719048]
-0.23	 -0.84	0.14	0.37	213_P	[ 62.68591304 -62.88834783  31.38508696]
-0.1	 -0.27	-0.07	0.15	213_P	[ 64.42175862 -65.21434483  28.22541379]
-0.25	 -0.73	0.19	0.45	213_P	[ 62.86580952 -65.62852381  30.73904762]
0.08	 0.63	0.06	-0.3	213_P	[ 61.24666667 -65.5665      27.63933333]
-0.22	 -0.71	-0.08	0.28	213_P	[ 60.62831579 -64.19721053  29.39284211]
