-0.24	 -0.92	0.04	0.32	509_V	[65.04198039  4.36252941 95.51866667]
-0.09	 -0.53	-0.05	0.12	509_V	[65.39922222  5.67127778 97.74661111]
-0.08	 -1.14	-0.12	0.04	509_V	[66.24822222  3.18933333 97.60755556]
0.03	 0.43	0.0	-0.13	509_V	[64.28412121  1.65966667 97.17684848]
0.08	 0.85	-0.03	-0.22	509_V	[62.99064865  6.33227027 99.75321622]
0.03	 0.29	-0.15	-0.06	509_V	[63.43217647  6.80702941 95.79120588]
-0.04	 -0.21	-0.11	0.02	510_N	[66.51766667  4.31266667 99.15083333]
-0.07	 -0.37	-0.07	0.08	510_N	[66.54486364  1.57068182 99.91477273]
0.12	 0.91	-0.03	-0.23	510_N	[ 64.05475    2.371125 102.892   ]
-0.14	 -0.06	-0.06	0.12	510_N	[ 6.442305e+01 -6.165000e-02  1.020410e+02]
-0.21	 -1.0	0.06	0.27	510_N	[ 67.29265789   2.71123684 102.05386842]
0.02	 0.02	-0.07	-0.1	510_N	[ 65.46093548   4.65619355 102.43651613]
-0.13	 -0.56	-0.03	0.16	510_N	[ 64.82751613   5.84112903 101.35583871]
-0.26	 -1.14	0.07	0.47	510_N	[ 66.66198214   5.10196429 103.79082143]
0.13	 0.93	0.12	-0.4	511_L	[ 62.65730769   1.08184615 103.30553846]
0.0	 0.31	-0.4	0.1	511_L	[ 62.0855   4.8018 103.3361]
0.12	 1.03	-0.01	-0.25	511_L	[ 59.53360656   5.48167213 103.70518033]
-0.07	 -0.17	-0.01	0.07	511_L	[ 61.65214286   2.58717143 105.07857143]
0.07	 1.46	0.12	-0.41	512_T	[ 62.509       -0.98014286 102.47957143]
0.06	 0.2	-0.1	-0.13	512_T	[ 61.31912903  -2.11380645 101.38287097]
0.2	 1.71	0.13	-0.41	512_T	[ 57.44942857  -2.10128571 102.5475    ]
0.1	 0.33	0.06	-0.26	512_T	[ 58.41983333  -3.06       100.73988889]
-0.19	 -0.66	-0.01	0.27	512_T	[ 61.75511111  -2.68888889 103.49303704]
-1.14	 -0.65	-0.19	0.33	512_T	[ 58.95568889  -3.17706667 104.04295556]
-0.14	 -0.67	-0.02	0.2	512_T	[ 60.75729231  -0.80089231 105.51324615]
0.12	 1.33	0.16	-0.43	513_S	[ 58.05663636  -0.54672727 103.83336364]
0.12	 0.89	-0.03	-0.21	513_S	[ 56.14333333  -0.792625   103.00079167]
0.04	 0.17	0.01	-0.1	513_S	[ 55.82203571   0.37017857 104.79117857]
0.14	 1.13	0.12	-0.36	515_K	[58.587      -1.23646154 95.33446154]
0.12	 1.14	0.48	-0.72	515_K	[57.825375 -3.70675  97.983875]
0.17	 1.48	0.15	-0.4	515_K	[57.528875 -2.84225  95.29775 ]
0.04	 0.39	-0.08	-0.12	515_K	[59.45621951 -3.29446341 97.6407561 ]
-0.03	 -0.23	-0.05	0.0	515_K	[60.65817391 -1.2476087  95.58817391]
-0.17	 -0.88	0.01	0.23	515_K	[61.91332432 -3.09808108 97.33735135]
-0.06	 -0.01	-0.02	-0.01	515_K	[63.33662963 -0.43540741 96.74174074]
-0.16	 -0.6	0.07	0.25	515_K	[64.5352963  -2.0957037  99.04918519]
0.18	 1.1	0.22	-0.46	516_K	[57.10570588 -3.71364706 98.87952941]
0.23	 1.48	0.09	-0.37	516_K	[53.10817647 -4.50429412 97.49823529]
-0.04	 0.22	-0.13	-0.02	516_K	[ 55.83814583  -3.86497917 101.72235417]
-0.05	 0.06	-0.05	-0.1	516_K	[53.46330233 -5.19872093 99.98702326]
-0.15	 -0.83	0.05	0.25	516_K	[ 55.89069811  -6.79064151 101.57183019]
-0.29	 -1.08	0.14	0.4	516_K	[ 54.7461   -8.61112 100.20638]
0.18	 1.52	0.28	-0.53	517_L	[51.1178125  0.209     96.7948125]
0.19	 1.14	0.08	-0.36	517_L	[50.8559   0.1412  95.12555]
0.08	 0.74	-0.08	-0.2	517_L	[49.91742222  0.78308889 99.23742222]
0.16	 2.57	0.06	-0.31	518_R	[ 5.42453636e+01 -1.56363636e-02  9.20861818e+01]
0.17	 1.23	-0.02	-0.26	518_R	[55.8363 -2.8939 92.6492]
0.11	 0.87	0.0	-0.27	518_R	[53.89684211 -1.22357895 91.07768421]
-0.03	 0.02	-0.11	0.01	518_R	[56.73386364 -1.08961364 92.76161364]
0.14	 0.55	-0.04	-0.16	518_R	[55.796875  1.769375 92.322875]
-0.1	 -0.36	0.03	0.07	518_R	[58.18415   1.122925 92.5145  ]
0.12	 1.32	0.04	-0.26	518_R	[58.4795  3.2504 91.6682]
0.01	 -0.18	-0.05	-0.03	518_R	[60.16323529  3.39429412 92.34358824]
-0.06	 0.14	0.04	0.01	518_R	[61.32104082  1.64734694 94.4152449 ]
0.08	 0.49	0.03	-0.22	518_R	[61.29064706  4.69429412 93.86176471]
0.16	 1.19	0.22	-0.47	519_E	[55.04612 -5.04952 92.7252 ]
0.2	 1.01	0.08	-0.34	519_E	[52.00871429 -5.98828571 94.61914286]
-0.05	 -0.03	-0.13	-0.02	519_E	[53.75639394 -6.19451515 95.25815152]
-0.26	 -0.47	0.01	0.14	519_E	[56.67480556 -5.54655556 94.07413889]
-0.01	 0.12	0.07	-0.16	519_E	[57.06078788 -6.33221212 97.10975758]
-0.18	 -0.29	-0.11	0.16	519_E	[55.77011429 -7.38548571 97.26474286]
-0.15	 -0.45	0.02	0.21	519_E	[58.58232653 -5.62571429 96.41261224]
0.15	 1.06	-0.08	-0.23	520_K	[51.939625 -5.087875 95.63875 ]
-0.0	 -0.13	-0.25	-0.04	520_K	[49.84026087 -5.2183913  94.95126087]
0.1	 0.41	-0.05	-0.15	520_K	[49.01027273 -1.97054545 93.74945455]
-0.02	 0.31	-0.02	-0.11	520_K	[48.05834375 -4.01796875 92.91734375]
-0.02	 -0.19	0.02	-0.06	520_K	[49.48885714 -1.81210714 95.72564286]
-0.1	 -0.49	0.02	0.07	520_K	[49.83897436 -4.63294872 97.19430769]
-0.1	 -0.28	-0.13	0.08	520_K	[48.72426087 -1.68113043 97.64247826]
-0.21	 -1.11	0.12	0.31	520_K	[47.76564444 -3.10804444 99.4594    ]
-0.18	 -0.24	0.07	0.17	520_K	[ 49.82583019  -4.32288679 100.67422642]
0.11	 0.71	-0.12	-0.15	521_V	[48.75392308 -1.24215385 91.94323077]
0.16	 1.62	0.11	-0.38	521_V	[52.821       0.12809091 91.19345455]
0.14	 0.94	0.05	-0.28	521_V	[50.89709434  0.27890566 89.26430189]
0.02	 0.23	-0.1	-0.06	521_V	[49.41842857  0.85220408 92.32406122]
0.11	 1.42	0.1	-0.35	522_D	[52.50357143 -4.98314286 87.76214286]
0.15	 1.31	0.08	-0.32	522_D	[51.69277778 -7.24777778 89.57366667]
-0.08	 -0.09	-0.02	0.08	522_D	[50.53983333 -6.59347222 87.61447222]
-0.05	 -0.08	-0.05	0.06	522_D	[53.5757931  -6.24024138 89.61496552]
-0.03	 0.3	-0.04	0.0	522_D	[54.73346429 -4.11889286 88.48867857]
-0.14	 -0.44	-0.08	0.08	522_D	[54.41008824 -2.18514706 88.501     ]
-0.19	 -0.32	0.07	0.23	522_D	[56.06040741 -4.70368519 90.06061111]
-0.03	 0.09	-0.08	0.01	523_D	[49.748 -8.426 89.975]
0.05	 0.47	0.09	-0.24	523_D	[47.04357143 -6.50442857 91.12564286]
-0.1	 -0.1	-0.1	0.03	523_D	[47.45319444 -8.17263889 89.28952778]
-0.09	 -0.42	-0.0	0.11	523_D	[48.57496774 -7.53412903 92.77519355]
-0.1	 -0.16	-0.02	0.02	523_D	[51.17605556 -9.007      92.7545    ]
-0.11	 -0.21	-0.01	0.14	523_D	[52.43789744 -8.17192308 91.88379487]
-0.25	 -0.81	0.08	0.39	523_D	[50.43865957 -8.88078723 94.15904255]
0.12	 1.38	0.2	-0.47	524_S	[47.21075 -5.2945  91.451  ]
0.09	 0.44	-0.13	-0.12	524_S	[45.80433333 -6.14877778 90.366     ]
-0.04	 -0.05	-0.01	0.03	524_S	[45.2092     -3.88717778 90.83771111]
0.11	 0.7	-0.07	-0.17	524_S	[47.17105714 -1.45017143 90.03528571]
-0.04	 0.22	-0.14	0.01	525_I	[47.75951163 -7.02451163 84.82425581]
0.05	 0.57	-0.09	-0.05	525_I	[50.15715385 -5.39461538 85.52153846]
-0.03	 -0.13	0.01	0.01	525_I	[50.18379487 -4.13889744 82.97969231]
0.11	 0.84	-0.01	-0.17	525_I	[52.23546429 -3.36039286 86.0895    ]
0.18	 1.01	-0.01	-0.23	526_H	[45.11130769 -6.93769231 83.47946154]
0.12	 1.42	0.1	-0.39	526_H	[44.32075  -6.88475  82.080625]
0.02	 0.39	-0.02	-0.09	526_H	[42.20892308 -7.23503846 83.45661538]
0.05	 1.06	-0.02	-0.16	526_H	[42.19523256 -6.4207907  79.65367442]
-0.17	 -0.48	-0.08	0.18	526_H	[40.95014815 -7.58874074 81.33637037]
0.09	 0.9	0.01	-0.23	527_R	[46.92381818 -6.75809091 81.85527273]
0.1	 0.57	-0.21	-0.1	527_R	[49.06882609 -5.51678261 80.73469565]
0.17	 0.54	0.03	-0.26	527_R	[47.21228571 -6.56235714 77.33864286]
-0.02	 0.11	-0.13	-0.1	527_R	[48.62752 -4.78432 77.75752]
-0.17	 -0.71	-0.22	0.22	527_R	[47.5485     -8.19817391 80.13313043]
-0.19	 -0.99	0.01	0.22	527_R	[49.71482353 -7.05067647 78.65805882]
-0.16	 -0.97	-0.01	0.25	527_R	[49.53568293 -9.55821951 79.16819512]
-0.18	 -1.01	-0.07	0.22	527_R	[51.38585185 -8.10766667 77.83388889]
-0.11	 -0.37	-0.04	0.15	527_R	[51.62908 -9.97284 77.2816 ]
-0.26	 -1.36	0.16	0.43	527_R	[ 51.0234  -11.73806  77.53322]
-0.27	 -1.22	0.18	0.44	527_R	[53.18455172 -9.75368966 76.23953448]
0.19	 1.55	0.25	-0.5	528_E	[45.1556 -7.1996 79.6094]
0.06	 0.41	-0.11	-0.07	528_E	[45.6446  -6.00635 75.90895]
0.15	 1.52	0.18	-0.45	528_E	[42.7145     -4.19783333 77.28241667]
0.16	 1.07	0.03	-0.26	528_E	[44.16794444 -3.96116667 75.10944444]
-0.11	 -0.39	-0.24	0.16	528_E	[42.69969231 -5.97057692 76.49707692]
-0.11	 -0.53	0.04	0.12	528_E	[44.83208696 -8.47073913 76.99880435]
-0.14	 -0.6	-0.04	0.17	528_E	[42.52527273 -9.46954545 77.12018182]
-0.27	 -0.81	0.05	0.35	528_E	[42.0076129  -9.31645161 78.89545161]
-0.28	 -0.98	0.18	0.45	528_E	[41.78941463 -9.05985366 75.60014634]
0.12	 1.63	0.17	-0.43	529_L	[42.66511111 -4.53733333 78.23777778]
0.13	 2.25	0.14	-0.36	529_L	[42.15946154 -3.21553846 78.22738462]
0.17	 2.12	0.19	-0.43	529_L	[41.62477778 -3.47755556 79.34566667]
0.13	 0.81	0.02	-0.26	529_L	[40.04       -1.39410345 78.49496552]
0.19	 0.98	0.1	-0.36	530_T	[49.4238 -1.2945 77.005 ]
0.18	 0.96	0.03	-0.27	530_T	[49.21894444 -3.21866667 79.77255556]
-0.08	 -0.3	-0.12	0.12	530_T	[50.58671698 -1.05281132 79.2644717 ]
0.09	 0.59	0.09	-0.32	531_D	[48.83746154 -2.86907692 76.99338462]
0.09	 -0.04	0.02	-0.11	531_D	[49.44492308 -2.05361538 75.32292308]
-0.13	 -0.43	-0.05	0.07	531_D	[48.0931875  -4.51409375 75.13525   ]
-0.22	 -0.97	-0.02	0.25	531_D	[48.31728571 -4.46821429 72.6875    ]
-0.06	 -0.05	-0.01	0.01	531_D	[49.09814286 -2.37888095 72.16466667]
-0.08	 -0.2	0.02	0.11	531_D	[45.97969231 -3.79984615 72.49666667]
0.07	 1.15	-0.06	-0.17	532_I	[42.97742105 -2.57494737 73.43331579]
-0.04	 0.02	-0.06	0.04	532_I	[40.9232     -2.46268333 75.1497    ]
0.2	 1.37	0.33	-0.57	533_F	[48.62285714  3.64921429 77.49528571]
0.16	 1.19	0.32	-0.57	534_A	[49.07314286  3.02542857 77.00878571]
0.07	 0.58	-0.15	-0.14	534_A	[50.10707143  2.87271429 76.60128571]
0.01	 0.36	0.05	-0.14	534_A	[51.48491892  3.41135135 72.50059459]
-0.08	 -0.4	-0.01	0.13	534_A	[51.05542105  0.66291228 75.358     ]
0.11	 1.7	0.03	-0.28	535_N	[48.77955556  3.57788889 69.78866667]
0.12	 1.61	0.15	-0.43	535_N	[48.326   4.212  69.7356]
-0.03	 0.06	-0.03	-0.07	535_N	[46.23116667  3.563      69.04219048]
-0.08	 0.32	-0.31	0.04	535_N	[47.55012  1.08904 69.225  ]
0.02	 0.36	0.01	-0.1	535_N	[49.25588 -0.19784 70.31572]
-0.11	 0.04	-0.0	0.04	535_N	[50.78285185 -0.29096296 71.50074074]
-0.22	 -0.94	0.15	0.36	535_N	[50.80735185  1.51287037 69.26366667]
0.16	 1.6	0.15	-0.42	536_L	[46.60128571  5.84742857 69.07757143]
0.09	 0.67	-0.04	-0.2	536_L	[47.2753871   7.51993548 70.08370968]
0.15	 1.28	0.03	-0.23	536_L	[46.96665217  9.46256522 72.92647826]
0.0	 0.37	-0.21	-0.01	537_N	[46.34546667  8.48213333 68.7198    ]
-0.03	 -0.03	-0.03	-0.02	537_N	[44.92582051  6.31135897 67.2215641 ]
-0.08	 -0.09	0.03	0.0	537_N	[44.8677  8.7249 66.1631]
-0.2	 -0.7	-0.05	0.32	537_N	[45.19828947 10.14071053 66.67668421]
-0.12	 -0.36	0.08	0.11	537_N	[43.17415217  8.48867391 65.54804348]
0.12	 -0.22	0.07	-0.2	538_Y	[45.50247368 10.29984211 69.98384211]
-0.05	 -0.08	-0.07	0.11	538_Y	[43.15470833 12.48964583 68.42022917]
0.0	 -0.23	-0.08	0.05	538_Y	[45.49588235 12.35282353 71.57479412]
0.21	 1.3	0.45	-0.66	538_Y	[45.23984615 13.89       73.19284615]
0.04	 0.35	-0.24	-0.09	538_Y	[44.13976667 14.88126667 70.72816667]
0.03	 0.32	-0.18	-0.11	538_Y	[42.14533333 16.34838095 71.42561905]
0.1	 0.76	0.07	-0.3	538_Y	[41.10857692 17.34715385 73.71007692]
0.11	 0.31	-0.09	-0.12	539_V	[40.50635714 12.61542857 67.88707143]
-0.16	 -0.32	0.03	0.2	539_V	[39.87568421 15.01826316 69.07328947]
-0.16	 -0.71	0.09	0.2	539_V	[37.04361111 12.49175926 68.57507407]
-0.03	 0.04	-0.04	-0.0	539_V	[39.53497619  9.91128571 67.21890476]
-0.08	 -0.51	-0.06	0.07	540_G	[38.52562069 15.69755172 71.44327586]
0.13	 1.62	0.04	-0.27	540_G	[36.71427273 14.20363636 72.42722727]
0.03	 0.31	-0.1	-0.08	541_V	[37.95261905 16.96471429 73.10880952]
0.16	 1.56	0.19	-0.46	541_V	[35.338      14.79642857 73.18814286]
-0.15	 -0.39	-0.03	0.22	541_V	[34.73190244 16.91641463 73.46914634]
0.1	 0.54	-0.07	-0.17	541_V	[36.82   18.8682 75.4977]
0.15	 1.37	0.05	-0.33	541_V	[39.17923077 18.36384615 74.55630769]
0.04	 0.85	-0.04	-0.02	542_V	[32.4472 15.4055 73.9838]
-0.04	 0.07	0.06	-0.09	542_V	[31.27284211 17.01757895 75.98592105]
-0.12	 -0.62	0.02	0.15	542_V	[30.66223636 13.09156364 75.39174545]
-0.03	 0.24	-0.03	-0.01	542_V	[33.55380952 12.75066667 72.95747619]
0.11	 0.84	-0.05	-0.18	543_D	[30.30682353 14.71       78.39305882]
0.08	 1.08	0.09	-0.32	543_D	[29.71628571 16.70742857 78.55792857]
-0.02	 0.27	-0.09	-0.08	543_D	[28.75117308 15.88119231 80.69913462]
0.19	 1.68	0.15	-0.42	544_E	[36.16722727 20.66054545 77.2465    ]
0.06	 -0.04	-0.01	-0.12	544_E	[33.6058     20.04623333 76.0678    ]
0.14	 1.48	0.0	-0.29	545_E	[30.9882 16.594  85.4016]
0.14	 1.34	0.09	-0.33	545_E	[31.75575    16.33491667 86.16525   ]
0.18	 1.42	0.29	-0.54	545_E	[29.30813333 18.20593333 82.24726667]
0.06	 0.25	-0.02	-0.16	545_E	[30.82166667 18.71687179 85.99330769]
0.01	 0.16	-0.04	-0.1	545_E	[28.39385714 19.28242857 84.68485714]
-0.27	 -0.94	0.09	0.48	545_E	[27.47761364 18.35147727 85.83415909]
-0.05	 -0.14	-0.16	0.08	545_E	[27.42218182 20.99281818 83.80013636]
0.05	 0.9	0.03	-0.22	546_R	[31.20631818 14.96168182 85.2165    ]
0.08	 0.46	-0.04	-0.17	546_R	[33.69726829 12.28039024 84.79014634]
0.11	 0.3	-0.06	-0.13	546_R	[31.14136364 12.33781818 83.60781818]
-0.04	 -0.17	-0.18	0.01	546_R	[28.94721429 15.09121429 84.2037381 ]
-0.17	 -0.91	0.09	0.26	546_R	[28.70513889 11.94033333 83.79161111]
0.07	 0.87	0.05	-0.24	546_R	[28.23907407 12.195      80.87503704]
-0.05	 -0.09	-0.1	0.12	546_R	[26.30973684 12.702      81.91952632]
-0.22	 -1.14	0.15	0.33	546_R	[25.6975     13.97111111 83.12046296]
-0.29	 -1.04	0.11	0.44	546_R	[25.71994231 13.05396154 80.14567308]
0.24	 1.57	0.15	-0.42	547_R	[35.99931579 13.17452632 86.15763158]
0.09	 1.55	0.31	-0.56	547_R	[36.7442 15.8882 89.3492]
-0.08	 -0.49	-0.05	0.08	547_R	[37.071   13.76198 89.00602]
0.03	 0.31	-0.03	-0.13	547_R	[38.48761111 16.38294444 89.73258333]
-0.04	 0.33	-0.04	-0.07	548_L	[30.14818966 11.21036207 79.38817241]
0.0	 -0.02	-0.05	-0.04	548_L	[32.842       9.33857353 81.24364706]
0.07	 0.82	0.01	-0.21	550_A	[35.37508696 11.0061087  71.54      ]
0.19	 1.61	0.29	-0.54	552_Q	[42.70441667  4.40058333 67.85141667]
0.14	 0.69	0.02	-0.3	552_Q	[43.80535294  4.36435294 68.66694118]
0.13	 0.4	-0.07	-0.18	552_Q	[39.20623077  7.15876923 67.20953846]
0.09	 0.9	0.07	-0.28	552_Q	[40.11114286  4.85214286 66.64822857]
-0.02	 0.02	0.02	-0.05	552_Q	[41.48734375  5.26284375 65.1514375 ]
-0.23	 -0.89	-0.08	0.19	552_Q	[41.63796667  7.1519     64.66396667]
-0.08	 0.06	-0.12	0.06	552_Q	[40.26120755  4.34103774 63.72090566]
0.15	 1.4	0.31	-0.56	553_H	[43.82715385  3.05492308 68.78030769]
0.12	 1.16	0.03	-0.27	553_H	[41.42045455 -1.47884848 70.84075758]
-0.12	 -0.22	-0.1	0.1	553_H	[43.69760606 -2.80175758 70.41533333]
0.13	 1.36	0.02	-0.24	553_H	[46.06947826 -1.48043478 69.91913043]
0.05	 0.36	-0.07	-0.09	554_D	[43.44816  2.42184 67.38324]
-0.09	 -0.39	0.1	-0.03	554_D	[43.1573913   1.07569565 65.15995652]
0.08	 0.68	-0.17	-0.02	554_D	[42.121       0.41983333 63.968     ]
-0.0	 -0.44	-0.06	-0.07	554_D	[41.64647619  2.14495238 63.9802381 ]
-0.06	 0.08	-0.19	0.05	554_D	[41.99368421 -1.91471053 66.24771053]
-0.07	 -0.21	0.01	0.02	554_D	[44.37242105 -1.80447368 66.36136842]
-0.07	 -0.02	0.01	0.08	554_D	[ 4.55541786e+01 -4.55714286e-02  6.75568571e+01]
-0.25	 -0.84	0.12	0.37	554_D	[44.41595652 -3.2846087  66.90863043]
0.23	 1.47	0.33	-0.57	555_L	[39.92146154 -1.30230769 66.94623077]
0.19	 1.46	0.2	-0.47	555_L	[38.2594375  2.3873125 65.4741875]
0.18	 1.64	0.11	-0.36	555_L	[36.0836875  1.785625  65.42275  ]
0.01	 0.32	-0.06	-0.11	555_L	[38.37194737 -2.17786842 65.35989474]
0.12	 1.51	0.05	-0.24	555_L	[37.81318182 -1.68263636 61.44109091]
-0.14	 -0.65	0.05	0.21	555_L	[40.91766129 -1.39091935 62.07364516]
-0.15	 -0.77	0.0	0.22	555_L	[38.55394521 -3.89068493 62.64980822]
0.17	 0.83	0.01	-0.24	556_K	[37.19275  3.2836  66.90495]
0.23	 1.06	0.02	-0.33	556_K	[36.7376     -2.03973333 67.2818    ]
-0.01	 0.13	-0.08	-0.06	556_K	[39.16414286 -2.11291429 69.38857143]
-0.16	 -0.62	0.07	0.13	556_K	[37.188775 -3.458575 71.31475 ]
-0.21	 -0.65	0.07	0.31	556_K	[35.66342857 -4.38421429 69.01771429]
0.13	 1.14	0.1	-0.36	557_L	[35.4513  3.4563 67.3522]
-0.0	 0.38	-0.04	-0.1	557_L	[35.18017647  5.44341176 67.23102941]
0.01	 0.21	-0.07	-0.13	557_L	[36.45297778  8.35053333 68.16011111]
-0.15	 -0.62	0.02	0.2	557_L	[33.2775      7.95324074 68.21446296]
0.03	 0.12	0.02	-0.08	558_F	[36.90113889 -0.62066667 74.86122222]
0.05	 0.64	-0.07	-0.17	558_F	[38.98604 -1.47808 72.69808]
0.15	 1.55	-0.02	-0.26	559_L	[34.64658333  7.30925    78.62391667]
0.21	 0.88	0.14	-0.37	559_L	[34.43404762  5.55638095 78.68061905]
0.17	 1.62	0.1	-0.34	559_L	[33.06247368  7.03126316 77.70584211]
0.11	 1.37	0.34	-0.59	559_L	[32.72942857  8.14728571 78.05242857]
0.04	 0.61	-0.05	-0.16	559_L	[31.9659375   9.5761875  73.71115625]
-0.14	 -0.76	-0.07	0.16	559_L	[30.53067241  8.06337931 76.68663793]
0.16	 1.71	0.2	-0.45	560_I	[35.34415385  7.56576923 79.86523077]
0.14	 1.58	0.27	-0.53	561_D	[35.35266667  7.71175    81.11708333]
0.04	 0.87	-0.12	-0.09	561_D	[34.73059091  7.51895455 83.09509091]
0.12	 1.58	0.14	-0.42	561_D	[35.033      10.10122727 84.9295    ]
0.08	 0.6	-0.02	-0.18	561_D	[36.5002  10.9002  85.72856]
-0.18	 -0.56	-0.13	0.29	561_D	[34.78191837  8.79689796 85.63204082]
0.21	 1.31	0.0	-0.28	563_G	[37.81755556 11.68677778 86.77733333]
0.06	 0.31	-0.02	-0.14	563_G	[39.32158333 11.07204167 88.00004167]
0.15	 1.42	0.1	-0.38	563_G	[40.701875 10.485    88.910875]
0.07	 0.79	-0.02	-0.18	564_S	[37.88073333  9.3816     86.703     ]
0.05	 0.29	-0.01	-0.11	564_S	[39.97771429  8.207      88.36190476]
0.05	 0.07	0.02	-0.11	564_S	[37.75333333  7.14788889 87.24144444]
0.01	 0.02	0.01	-0.13	564_S	[39.82275    5.5496875 88.0461875]
0.11	 0.79	-0.02	-0.17	567_Y	[41.18453846  9.30230769 89.73946154]
0.16	 1.19	0.04	-0.23	567_Y	[41.53209091  9.50290909 91.54745455]
-0.01	 -0.06	0.02	-0.05	567_Y	[41.47672414  7.4932069  91.01848276]
-0.1	 -0.15	0.02	0.05	567_Y	[42.17614815  6.33781481 93.09774074]
0.03	 0.32	-0.06	-0.11	567_Y	[42.26714286  8.37214286 94.59264286]
0.04	 -0.46	-0.02	-0.09	567_Y	[43.1177   7.5939  95.56035]
0.24	 1.26	0.46	-0.67	568_E	[48.0061875  4.977875  89.359375 ]
0.15	 1.44	0.34	-0.58	568_E	[46.85138462  4.36023077 89.01530769]
0.09	 0.5	-0.07	-0.17	568_E	[45.36414  3.1856  90.74702]
0.04	 0.52	-0.08	-0.14	568_E	[42.02854054  4.50883784 90.26735135]
0.13	 1.18	-0.03	-0.26	571_Y	[47.89941935  3.92329032 91.60296774]
0.15	 1.62	-0.06	-0.24	571_Y	[48.581875   2.3993125 93.7161875]
0.12	 0.19	0.05	-0.23	571_Y	[49.44922222  2.13974074 96.0622963 ]
0.15	 1.44	0.14	-0.38	572_Q	[52.64823077  4.25230769 89.94838462]
0.19	 1.05	-0.03	-0.25	572_Q	[54.33616667  4.80533333 89.54366667]
0.04	 0.28	-0.09	-0.14	572_Q	[52.92457692  4.94630769 87.19869231]
0.19	 1.21	0.13	-0.4	572_Q	[50.53934884  3.20734884 89.10218605]
0.24	 1.52	0.18	-0.44	572_Q	[51.985125    4.2075     85.40133333]
0.17	 0.8	0.08	-0.34	572_Q	[48.15673077  2.35234615 88.18284615]
0.25	 1.39	0.2	-0.45	573_I	[56.15917647 11.79935294 88.18170588]
0.19	 2.06	0.12	-0.36	573_I	[54.24208333 11.65245833 84.71479167]
0.18	 1.21	0.07	-0.3	575_L	[55.04016667  3.99358333 91.53754167]
0.13	 0.47	0.04	-0.24	575_L	[53.37237143  2.39468571 91.70408571]
0.21	 1.01	-0.04	-0.28	576_T	[58.81376923  4.60807692 90.69446154]
-0.04	 0.06	0.0	-0.04	576_T	[60.83304545  6.613      91.74670455]
-0.03	 0.04	-0.04	0.01	576_T	[56.8935      4.34029545 89.15936364]
-0.15	 -0.59	0.06	0.17	576_T	[59.49666129  6.24701613 87.84101613]
0.23	 1.21	-0.02	-0.26	577_D	[61.22991667  9.31791667 91.579     ]
0.17	 1.66	0.14	-0.41	577_D	[61.23541667  9.04125    93.27508333]
0.12	 0.67	0.04	-0.28	577_D	[58.82268 12.19676 90.51168]
-0.11	 -0.04	-0.0	0.01	577_D	[60.07594737 10.94368421 88.68515789]
-0.14	 0.15	-0.14	0.07	577_D	[58.23190476 10.85540476 87.78085714]
-0.22	 -0.53	0.01	0.28	577_D	[61.11962162  9.57472973 88.92672973]
0.19	 1.13	0.1	-0.37	578_F	[61.85059091  8.35472727 94.46818182]
0.21	 1.24	0.16	-0.41	578_F	[ 60.919        7.46       100.93613043]
0.15	 1.16	0.06	-0.31	579_A	[61.90361111 13.372      96.74188889]
-0.12	 -0.26	-0.02	0.14	579_A	[64.31494118 12.60767647 97.07170588]
-0.02	 0.08	-0.05	-0.03	579_A	[63.22884615 10.03838462 98.98601923]
-0.06	 -0.02	-0.03	-0.07	580_N	[63.64484211 14.03515789 94.24947368]
0.0	 0.04	-0.17	0.03	580_N	[63.23838462 14.89238462 93.41776923]
-0.09	 0.04	-0.07	0.09	580_N	[62.37135417 13.3505625  91.33864583]
-0.15	 -0.06	-0.07	0.08	580_N	[63.49558621 10.86175862 92.47110345]
-0.1	 -0.07	-0.01	0.04	580_N	[65.45186667 10.3698     93.94613333]
-0.07	 -0.17	-0.16	0.18	580_N	[64.68020455  9.00518182 95.046     ]
-0.25	 -0.98	0.12	0.38	580_N	[66.53759615 11.74592308 94.10613462]
0.2	 0.92	-0.01	-0.26	581_F	[61.31642105 14.64578947 95.19910526]
0.15	 1.48	0.0	-0.25	581_F	[59.6084375 14.545875  91.4593125]
0.05	 -0.11	-0.1	-0.04	581_F	[62.52314286 16.71471429 92.27242857]
-0.11	 -0.52	-0.01	0.15	581_F	[62.32434483 17.20148276 94.14372414]
0.23	 1.12	0.1	-0.37	581_F	[57.38571429 13.64371429 91.14175   ]
0.18	 1.71	0.2	-0.46	581_F	[59.54764 14.2656  96.24136]
-0.05	 0.11	-0.13	0.02	582_G	[60.89952632 16.25952632 90.81468421]
-0.14	 -0.51	0.03	0.17	582_G	[61.31125    18.66489583 90.50504167]
0.15	 1.51	0.23	-0.5	582_G	[61.3296 19.514  93.4153]
0.01	 0.11	-0.05	-0.08	583_K	[60.88196 20.91656 91.41612]
-0.03	 0.66	0.0	-0.08	583_K	[59.28780556 23.32586111 90.45566667]
0.03	 0.18	-0.05	-0.07	583_K	[61.00035294 22.82294118 93.19317647]
0.03	 0.21	-0.09	-0.07	583_K	[61.37678947 20.40810526 94.77936842]
-0.1	 -0.17	-0.01	0.08	583_K	[61.55726923 23.09842308 96.16988462]
0.03	 0.97	-0.01	-0.08	583_K	[61.50158824 20.14241176 97.53564706]
-0.12	 -0.08	0.03	0.08	583_K	[62.31595238 21.91304762 99.063     ]
0.03	 0.88	-0.05	-0.08	584_I	[56.87988889 24.46155556 90.37177778]
0.11	 0.4	0.1	-0.28	584_I	[55.36572 23.06236 88.96496]
0.01	 0.1	-0.17	-0.03	584_I	[54.183225 25.7638   90.15945 ]
0.1	 0.96	-0.03	-0.13	585_N	[57.003      26.13133333 91.22      ]
0.15	 1.44	0.21	-0.48	585_N	[57.75638889 27.44022222 95.32244444]
-0.09	 -0.24	0.03	0.07	585_N	[55.57915789 28.61989474 92.01755263]
-0.09	 -0.05	-0.18	0.13	585_N	[58.68296226 28.52337736 93.28460377]
-0.2	 -0.79	-0.04	0.22	585_N	[61.03872727 27.84427273 93.14190909]
-0.1	 -0.32	-0.02	0.18	585_N	[60.96384615 26.02871795 94.40361538]
-0.19	 -0.68	0.12	0.25	585_N	[60.39813725 26.274      91.17403922]
0.1	 0.84	-0.14	-0.1	586_L	[53.26723077 28.78861538 93.24538462]
0.09	 0.39	-0.03	-0.09	586_L	[54.27775  30.403375 93.491125]
-0.08	 -0.09	-0.02	0.14	586_L	[52.37791228 30.87535088 95.3984386 ]
0.19	 1.42	0.37	-0.61	586_L	[51.58922222 28.55322222 95.00255556]
0.07	 0.57	0.06	-0.22	586_L	[51.53884615 26.94361538 92.91917949]
0.15	 0.93	0.16	-0.41	587_Q	[56.76458333 29.75066667 95.70004167]
0.19	 0.97	-0.01	-0.27	587_Q	[53.964      32.72216667 96.42175   ]
0.1	 0.97	0.01	-0.24	587_Q	[56.03908696 32.54582609 94.50817391]
-0.23	 -0.62	-0.15	0.36	587_Q	[57.6097561  32.23760976 94.12458537]
-0.02	 0.06	-0.13	-0.04	587_Q	[57.05051351 32.17564865 97.43018919]
0.19	 1.4	0.36	-0.6	587_Q	[53.48117647 31.83152941 97.83164706]
0.1	 0.9	-0.09	-0.15	587_Q	[55.80142857 33.17007143 99.94028571]
-0.13	 -0.24	0.04	0.11	587_Q	[ 57.72205128  32.02430769 100.08658974]
0.12	 0.79	-0.01	-0.26	587_Q	[ 55.5175   32.10035 102.1311 ]
0.13	 0.79	0.02	-0.26	588_S	[54.04295455 34.29522727 95.68231818]
-0.12	 -0.52	-0.1	0.03	588_S	[56.70731579 34.48605263 93.20447368]
-0.01	 -0.11	-0.13	0.07	588_S	[57.85335714 36.07785714 94.97378571]
-0.03	 0.06	0.06	-0.07	588_S	[56.293975 35.83565  97.153475]
-0.21	 -0.8	-0.07	0.29	588_S	[54.17129412 35.42652941 92.73239216]
0.01	 0.85	-0.06	-0.11	588_S	[53.59266667 37.4216     93.15986667]
0.09	 0.41	-0.13	-0.05	589_T	[57.0594 36.9266 93.2813]
-0.01	 0.09	-0.11	-0.01	589_T	[57.99931579 38.24573684 96.22284211]
0.14	 0.91	0.01	-0.25	589_T	[55.76070833 39.56245833 96.20416667]
-0.18	 -0.58	-0.06	0.22	589_T	[56.0375     40.72646875 97.123625  ]
-0.19	 -0.7	0.0	0.23	589_T	[57.76694118 41.05594118 94.63482353]
-0.18	 -0.45	-0.01	0.28	589_T	[56.29951064 39.59785106 92.77797872]
-0.25	 -1.32	0.14	0.39	589_T	[59.57721739 39.34702899 93.94728986]
0.13	 1.52	0.28	-0.54	590_N	[54.3885625 39.1864375 94.0603125]
-0.03	 0.42	-0.15	0.01	590_N	[53.72669231 40.73184615 96.07184615]
0.24	 1.52	0.23	-0.49	590_N	[52.74924 35.71168 96.59784]
-0.09	 -0.16	-0.13	0.04	590_N	[52.84451724 39.43872414 93.89727586]
-0.14	 -0.68	-0.07	0.11	590_N	[51.80483333 41.39141667 95.55566667]
-0.04	 -0.35	-0.06	0.02	590_N	[50.50947826 41.13904348 97.10317391]
-0.21	 -0.9	0.12	0.32	590_N	[49.85977083 40.8328125  94.03491667]
0.14	 0.69	0.03	-0.24	591_V	[53.03325 40.2677  98.5863 ]
0.19	 1.16	0.13	-0.39	591_V	[54.10171429 36.88833333 99.2387619 ]
0.06	 0.79	-0.12	-0.12	591_V	[ 50.659625  38.835125 101.223125]
0.09	 0.03	-0.02	-0.09	591_V	[ 50.25855  36.74685 101.45115]
-0.12	 -0.7	-0.0	0.12	591_V	[ 52.67535  40.2246  101.0964 ]
-0.08	 -0.44	-0.04	0.15	591_V	[ 53.41201818  38.34201818 102.90843636]
-0.2	 -0.8	0.04	0.28	591_V	[ 55.60195161  39.28645161 100.49233871]
0.04	 0.52	-0.05	-0.13	592_S	[50.755      40.12014286 99.68735714]
-0.15	 -0.47	-0.03	0.15	592_S	[ 48.5059375  38.5515    100.76     ]
0.12	 1.55	0.13	-0.34	592_S	[48.462      36.12483333 99.97833333]
-0.19	 -0.65	-0.04	0.29	592_S	[46.87997222 36.54638889 98.93636111]
-0.25	 -1.31	0.14	0.37	592_S	[48.134      40.77383333 99.6535    ]
-0.16	 -0.71	0.03	0.18	592_S	[47.09127027 39.87664865 97.50510811]
-0.03	 -0.41	-0.07	0.06	593_D	[47.59166667 35.05944444 96.61522222]
0.13	 0.77	0.05	-0.23	593_D	[49.82109524 34.18090476 97.54552381]
-0.18	 -0.42	-0.24	0.28	593_D	[49.22745946 32.31424324 96.73389189]
-0.07	 -0.15	-0.19	0.05	593_D	[50.351875   34.87271875 95.23984375]
-0.13	 -0.57	-0.01	0.18	593_D	[48.0228125 35.931625  94.129125 ]
-0.19	 -0.53	-0.06	0.27	593_D	[50.0822439  36.79692683 93.04868293]
-0.12	 -0.43	0.04	0.15	593_D	[47.44775    37.88065625 94.98584375]
0.2	 1.37	0.29	-0.54	594_D	[ 48.93271429  34.98142857 100.01842857]
0.23	 1.67	0.23	-0.48	594_D	[51.6968     32.31133333 98.35493333]
-0.06	 0.13	-0.03	0.02	594_D	[ 47.53507692  33.09371795 100.01569231]
0.15	 0.57	0.1	-0.32	594_D	[ 49.93586957  34.60895652 101.52952174]
0.11	 1.55	0.28	-0.54	594_D	[ 53.88    35.3394 100.3618]
0.17	 1.04	0.07	-0.33	594_D	[53.57516 34.26236 98.44694]
0.09	 0.54	-0.02	-0.22	594_D	[ 54.28023077  34.69797436 101.84376923]
0.17	 0.91	-0.04	-0.19	595_I	[47.01876923 30.43       99.98953846]
0.01	 -0.11	0.06	-0.1	595_I	[48.39383333 30.17752778 97.26644444]
0.12	 0.79	0.01	-0.27	595_I	[46.35621739 28.46708696 99.33152174]
-0.04	 0.46	-0.1	-0.11	595_I	[48.74338235 28.71379412 95.79182353]
0.15	 0.76	0.09	-0.3	596_V	[ 46.4926   30.67205 101.98115]
0.23	 1.71	0.18	-0.44	596_V	[ 45.00386667  29.15766667 102.31026667]
0.09	 0.84	-0.1	-0.13	596_V	[ 46.55423077  32.68423077 106.54292308]
-0.01	 0.16	-0.04	0.01	596_V	[ 48.19083673  33.41722449 104.7194898 ]
0.06	 0.66	-0.01	-0.18	598_Y	[ 42.75197297  31.67983784 108.92927027]
-0.1	 -0.39	0.04	0.12	598_Y	[ 40.94605263  31.93802632 110.49736842]
0.12	 1.48	0.22	-0.48	598_Y	[ 41.2832  31.7742 112.5134]
0.0	 0.2	-0.04	-0.09	598_Y	[ 39.235675  30.6686   112.200625]
0.12	 0.6	-0.01	-0.23	599_N	[ 41.19557895  31.17231579 105.58373684]
0.1	 0.74	-0.03	-0.2	599_N	[ 42.27085714  29.56771429 102.40542857]
-0.05	 -0.08	-0.04	-0.08	599_N	[ 39.9698      29.74303333 102.9354    ]
-0.11	 -0.69	-0.07	0.12	599_N	[ 43.41116667  31.1205     102.89683333]
-0.19	 -0.54	-0.02	0.21	599_N	[ 42.4372  33.378  104.5349]
-0.05	 -0.12	0.04	0.06	599_N	[ 43.43930435  32.84856522 106.72617391]
-0.19	 -0.37	0.04	0.22	599_N	[ 44.77833962  33.59879245 103.70396226]
0.2	 1.17	0.05	-0.33	600_L	[ 41.3465      28.28078571 101.52171429]
-0.03	 -0.11	-0.02	0.03	600_L	[43.50368421 27.6567193  99.48524561]
0.13	 1.27	0.36	-0.58	602_S	[ 36.31553846  27.64369231 107.15523077]
0.12	 1.04	0.04	-0.31	602_S	[ 37.2232381   28.98566667 103.59719048]
-0.08	 -0.16	-0.09	0.1	602_S	[ 35.00544681  28.51642553 105.22221277]
-0.14	 -0.43	0.04	0.18	602_S	[ 37.94760714  30.53864286 105.95917857]
0.01	 0.65	-0.0	-0.1	602_S	[ 39.51544444  30.73066667 107.72494444]
-0.02	 0.16	-0.14	0.01	603_E	[ 34.93163636  27.69163636 102.21954545]
0.16	 1.67	0.12	-0.37	603_E	[ 33.8355  26.9984 103.9459]
-0.08	 -0.01	-0.03	0.06	603_E	[ 33.65170588  25.17956863 102.62852941]
-0.01	 -0.04	-0.02	-0.02	603_E	[ 36.39377419  25.19835484 100.72303226]
0.12	 1.55	0.23	-0.49	603_E	[37.5444 26.0792 99.7368]
-0.03	 -0.14	-0.07	0.01	603_E	[ 37.63060714  28.46339286 100.40089286]
-0.26	 -1.2	0.12	0.4	603_E	[ 36.07357576  29.12193939 100.42775758]
-0.24	 -0.51	0.05	0.28	603_E	[39.16072222 28.62494444 99.35444444]
0.05	 0.84	-0.09	-0.13	604_F	[ 33.40070588  22.99170588 104.808     ]
0.14	 1.74	0.24	-0.51	604_F	[ 34.141625  26.352625 106.611   ]
0.15	 0.64	0.1	-0.31	604_F	[ 34.90936  25.9836  107.81016]
0.12	 0.9	-0.03	-0.23	604_F	[ 34.42195455  21.41986364 106.19995455]
-0.12	 -0.45	-0.02	0.2	604_F	[ 34.57587097  21.02758065 103.57825806]
0.0	 0.04	-0.08	-0.08	604_F	[ 35.87722917  20.53554167 101.9176875 ]
0.19	 1.42	0.17	-0.4	604_F	[ 37.23644444  22.01438889 100.55588889]
0.05	 0.1	0.04	-0.13	605_D	[ 32.04036364  24.04309091 105.14190909]
0.07	 0.52	-0.01	-0.14	605_D	[ 32.55057692  26.23103846 107.88873077]
0.12	 1.26	0.41	-0.67	605_D	[ 29.731     24.131625 108.7345  ]
-0.11	 -0.08	-0.19	0.09	605_D	[ 30.65033333  25.06548148 109.68307407]
-0.1	 -0.13	-0.07	0.11	605_D	[ 29.60171795  24.95535897 106.81728205]
-0.09	 0.14	-0.01	0.05	605_D	[ 29.883       26.91642857 105.20619048]
-0.16	 -0.49	-0.03	0.3	605_D	[ 31.534       27.83097872 105.548     ]
-0.27	 -0.87	0.05	0.41	605_D	[ 30.01615909  25.83706818 103.91679545]
0.16	 0.63	0.08	-0.33	606_E	[ 32.23616667  22.45483333 106.91727778]
0.11	 1.17	0.01	-0.29	606_E	[ 30.94088889  22.58538889 110.888     ]
0.18	 1.51	-0.1	-0.21	606_E	[ 33.85585714  20.36828571 110.30428571]
-0.08	 0.02	-0.06	-0.0	606_E	[ 33.15145   21.20445  112.048525]
-0.09	 -0.06	0.17	0.09	606_E	[ 32.88290476  20.09504762 108.53711905]
-0.18	 -1.03	0.09	0.25	606_E	[ 30.13414634  19.91187805 107.4997561 ]
-0.06	 -0.14	-0.05	0.06	606_E	[ 28.63256  20.92616 109.23412]
-0.22	 -0.73	0.03	0.29	606_E	[ 28.32007317  22.3722439  108.0834878 ]
-0.21	 -0.71	0.11	0.34	606_E	[ 28.88419565  20.31145652 110.61217391]
0.14	 1.89	0.23	-0.48	607_L	[ 33.92775     25.46408333 110.02808333]
0.11	 0.79	-0.11	-0.17	607_L	[ 35.2925625  26.558     110.75875  ]
0.18	 1.33	0.42	-0.64	607_L	[ 35.4052      20.65466667 108.7844    ]
0.09	 0.61	-0.08	-0.17	607_L	[ 36.30826316  19.92081579 110.59886842]
-0.01	 0.44	-0.05	-0.02	608_N	[ 33.05627273  26.39854545 111.13745455]
0.04	 0.64	-0.9	0.76	608_N	[ 34.99016  27.26508 112.54624]
-0.18	 -0.59	0.07	0.25	608_N	[ 33.15570588  27.89438235 114.60082353]
-0.16	 -0.73	-0.02	0.12	608_N	[ 30.75915625  25.7028125  112.426375  ]
-0.01	 0.37	0.12	-0.12	608_N	[ 30.89509524  23.77533333 113.89819048]
-0.13	 -0.23	-0.02	0.16	608_N	[ 31.75972973  22.55491892 113.93610811]
-0.19	 -0.74	0.07	0.29	608_N	[ 30.90682759  25.05486207 115.7472069 ]
-0.03	 0.16	-0.22	-0.01	609_D	[ 35.86666667  28.17228571 115.03938095]
0.16	 0.94	0.1	-0.35	609_D	[ 36.75206667  27.48686667 113.1446    ]
-0.13	 -0.65	0.02	0.15	609_D	[ 35.528975  26.347125 117.427125]
-0.08	 -1.44	-0.07	0.08	609_D	[ 34.66286667  24.0336     117.20053333]
0.0	 0.3	0.02	-0.11	609_D	[ 34.796       22.86072727 115.39648485]
-0.13	 -0.41	0.08	0.16	609_D	[ 36.89275     23.25814286 117.76732143]
0.15	 1.13	0.08	-0.31	610_D	[ 37.79948148  28.353      115.09096296]
0.01	 -0.17	0.06	-0.06	610_D	[ 40.19714286  29.23961905 116.93171429]
-0.07	 0.21	-0.02	0.04	610_D	[ 39.14815789  31.11389474 116.03294737]
-0.21	 -0.87	0.08	0.33	610_D	[ 37.42397059  30.57494118 115.17594118]
-0.21	 -0.66	0.03	0.25	610_D	[ 40.15628571  32.289      115.17653571]
0.14	 1.15	-0.01	-0.22	611_A	[ 39.59669565  26.90478261 117.38782609]
0.14	 0.87	0.02	-0.28	611_A	[ 41.8780625  25.2010625 117.6693125]
0.03	 0.07	-0.15	-0.12	611_A	[ 40.289       22.19806667 116.97633333]
0.05	 0.39	-0.09	-0.05	611_A	[ 42.21079167  22.415875   116.7505    ]
-0.26	 -1.05	0.08	0.34	611_A	[ 39.75137736  24.53973585 119.03396226]
0.14	 1.73	0.05	-0.31	612_S	[ 38.904875  22.63975  116.83825 ]
0.13	 1.47	-0.05	-0.18	612_S	[ 39.28047368  20.97005263 115.47784211]
0.19	 1.22	0.21	-0.47	612_S	[ 39.96752  20.0936  113.2322 ]
-0.15	 -0.58	-0.16	0.15	612_S	[ 37.24888889  21.00363889 114.22933333]
0.13	 0.51	0.02	-0.5	613_K	[ 36.32976471  27.23188235 110.30029412]
-0.13	 -0.05	-0.04	0.16	613_K	[ 37.0185098   28.97609804 109.89180392]
0.14	 0.43	0.23	-0.37	614_E	[ 45.0721875  22.853375  115.7996875]
0.16	 1.35	0.01	-0.31	614_E	[ 46.552       22.55155556 115.61166667]
0.08	 0.28	-0.02	-0.11	614_E	[ 44.43166667  24.90783333 116.68055556]
-0.04	 -0.22	-0.08	0.09	614_E	[ 45.4882  26.933  117.2161]
-0.14	 -0.21	-0.04	0.16	614_E	[ 43.19810256  27.60910256 117.73041026]
-0.01	 0.12	0.0	-0.02	614_E	[ 46.51436585  28.85573171 116.07114634]
0.13	 1.29	-0.04	-0.25	615_K	[ 43.58    22.2772 116.0848]
0.06	 0.38	-0.07	-0.1	615_K	[ 44.58458333  20.53208333 115.97908333]
0.07	 0.37	0.09	-0.29	615_K	[ 43.57655556  18.51711111 113.133     ]
0.02	 0.19	-0.1	-0.06	615_K	[ 45.82971429  18.29757143 113.87214286]
0.05	 0.99	-0.15	-0.17	615_K	[ 41.75376667  19.35816667 114.6824    ]
-0.17	 -0.91	-0.11	0.18	615_K	[ 43.41394286  17.99508571 115.82917143]
-0.15	 -0.36	-0.15	0.18	615_K	[ 40.66398214  18.88605357 116.43967857]
-0.22	 -1.24	0.12	0.36	615_K	[ 41.3315      16.67375    118.01608333]
-0.33	 -1.19	0.5	0.52	615_K	[ 41.26454545  15.24788636 115.93531818]
0.2	 1.21	0.0	-0.28	616_I	[ 44.33464706  17.94582353 111.44611765]
0.18	 0.87	0.12	-0.33	616_I	[ 41.93452174  18.04521739 111.33143478]
0.21	 1.44	0.21	-0.47	618_S	[ 50.80478947  21.55615789 114.07584211]
0.12	 1.83	0.13	-0.4	618_S	[ 49.6502  18.4872 114.5964]
-0.02	 -0.07	0.15	-0.0	618_S	[ 47.49326923  20.51638462 115.84661538]
-0.18	 -0.49	0.0	0.2	618_S	[ 49.7393  20.44   116.2501]
0.09	 1.45	0.03	-0.25	619_K	[ 48.35016667  18.07091667 114.10275   ]
0.17	 1.26	0.07	-0.25	619_K	[ 49.58      17.199625 114.042625]
-0.03	 0.03	-0.06	-0.09	619_K	[ 46.69851724  16.51127586 112.27382759]
0.05	 0.47	-0.03	-0.08	619_K	[ 47.30193333  14.20373333 111.8442    ]
-0.07	 -0.21	-0.04	0.06	619_K	[ 49.92409756  14.9844878  114.166     ]
-0.13	 -0.51	-0.0	0.17	619_K	[ 49.60305882  12.492      113.96717647]
0.02	 0.18	-0.11	-0.12	619_K	[ 51.92923529  12.04982353 112.95120588]
0.09	 0.68	-0.03	-0.16	621_W	[ 56.02145  20.9754  111.62585]
0.03	 0.38	-0.08	-0.1	621_W	[ 53.813       22.75010204 113.72677551]
-0.02	 0.41	-0.25	-0.02	621_W	[ 55.74590909  24.4695     114.11009091]
0.11	 0.47	0.07	-0.26	621_W	[ 56.51353333  23.30673333 111.712     ]
-0.06	 -0.56	-0.07	0.0	621_W	[ 57.6065      25.37821429 111.36639286]
0.17	 1.42	0.16	-0.42	621_W	[ 57.34809091  23.603      108.06063636]
-0.06	 -0.21	-0.02	0.11	621_W	[ 57.92911538  25.56696154 109.23688462]
-0.02	 0.28	-0.02	-0.03	622_D	[ 55.5524375  19.634     113.470375 ]
0.15	 1.39	0.14	-0.41	622_D	[ 56.5462  19.0927 111.44  ]
-0.07	 -0.24	0.0	0.11	622_D	[ 56.99619149  17.22557447 111.97531915]
-0.01	 0.13	-0.01	-0.09	622_D	[ 53.92282759  16.68306897 114.45182759]
-0.2	 -0.9	-0.04	0.24	622_D	[ 54.21364286  18.33778571 116.18242857]
-0.08	 -0.05	0.06	0.05	622_D	[ 53.5423125   20.453125   115.19479167]
-0.18	 -0.42	0.02	0.19	622_D	[ 51.818     17.7069   115.874525]
0.18	 1.42	0.09	-0.32	623_M	[ 56.71272222  15.49627778 109.6675    ]
0.18	 1.34	0.14	-0.42	623_M	[ 57.50813333  16.629      109.18486667]
-0.05	 -0.01	0.03	0.02	623_M	[ 54.8141087   12.43363043 110.7215    ]
-0.15	 -0.59	0.06	0.15	623_M	[ 54.86035185  13.93816667 113.34788889]
0.1	 0.5	-0.09	-0.16	624_S	[ 58.93354545  20.17436364 107.324     ]
0.17	 0.77	0.07	-0.28	624_S	[ 58.414       20.14689474 105.326     ]
0.11	 0.6	-0.03	-0.24	624_S	[ 57.29756  21.79828 106.701  ]
-0.06	 -0.34	-0.12	0.0	624_S	[ 58.00020833  20.8005     109.45108333]
0.14	 0.71	-0.25	0.1	625_S	[ 58.93791304  18.92582609 109.08552174]
-0.02	 -0.42	-0.09	0.04	625_S	[ 60.77608696  18.9893913  107.10786957]
0.12	 1.16	0.22	-0.44	625_S	[ 61.31178571  15.20071429 106.94614286]
0.09	 0.4	-0.02	-0.22	625_S	[ 61.81496154  17.22857692 105.09896154]
-0.27	 -0.79	-0.07	0.35	625_S	[ 60.71389362  17.3912766  109.49040426]
-0.24	 -0.86	-0.01	0.41	625_S	[ 62.80809302  16.6775814  108.18597674]
0.07	 0.6	-0.0	-0.21	626_M	[ 59.29047826  15.246      107.968     ]
0.15	 1.42	0.08	-0.36	626_M	[ 60.87555556  14.11311111 106.52933333]
-0.07	 -0.38	-0.05	0.11	626_M	[ 59.73880645  12.49580645 106.85593548]
0.03	 0.05	-0.09	-0.1	626_M	[ 57.26965  13.5673  108.59215]
-0.03	 0.34	-0.13	-0.01	626_M	[ 55.79357447  10.93959574 107.05242553]
0.14	 1.5	0.15	-0.41	626_M	[ 55.06864706  10.87223529 104.52088235]
0.1	 0.66	0.06	-0.25	628_N	[61.15286667 17.92413333 99.7552    ]
0.09	 0.36	0.01	-0.18	628_N	[ 59.82857692  20.32661538 103.88653846]
0.16	 1.29	0.1	-0.35	628_N	[ 61.09031579  20.79668421 101.64957895]
-0.16	 -0.55	0.02	0.18	628_N	[ 62.44692982  20.07001754 102.36410526]
-0.04	 0.08	-0.21	0.05	629_E	[ 62.86870833  16.46995833 101.55016667]
-0.05	 0.47	-0.07	-0.07	629_E	[62.15551163 14.3482093  99.37855814]
-0.03	 -0.1	-0.03	-0.01	629_E	[ 63.0123125  16.3298125 103.601    ]
-0.16	 -0.74	0.02	0.18	629_E	[ 64.27169697  13.77733333 102.40739394]
-0.08	 0.0	0.01	-0.0	629_E	[ 64.32870833  12.55083333 104.93733333]
-0.06	 -0.18	0.06	0.01	629_E	[ 63.24616  13.7868  105.92466]
-0.24	 -0.66	0.05	0.27	629_E	[ 64.62505714  11.37642857 103.89631429]
0.18	 1.74	0.22	-0.48	630_Y	[59.85305 13.87595 98.1118 ]
0.17	 1.74	0.18	-0.44	630_Y	[ 62.58657143  11.23785714 101.64785714]
0.15	 1.01	0.0	-0.26	630_Y	[ 57.14214286   9.47895238 103.3677619 ]
-0.07	 -0.12	-0.12	0.05	630_Y	[ 62.27615385   9.30953846 102.26615385]
-0.02	 -0.21	-0.11	0.02	630_Y	[ 58.8607     8.578075 104.9376  ]
0.15	 0.93	0.02	-0.29	630_Y	[ 61.30548571   9.61668571 104.46302857]
-0.28	 -0.55	-0.09	0.35	630_Y	[ 61.79562264   8.03815094 105.29060377]
0.17	 1.48	0.08	-0.39	631_Y	[ 55.6006  10.4235 103.0588]
0.16	 1.02	0.13	-0.36	631_Y	[ 54.83736   9.4258  102.63108]
0.23	 1.4	0.28	-0.53	632_S	[59.30116667 15.78294444 97.82555556]
0.03	 0.46	-0.05	-0.11	632_S	[60.78451282 17.50576923 96.53797436]
0.13	 0.76	-0.02	-0.23	634_E	[ 59.38126923  23.55576923 103.09592308]
0.08	 2.05	-0.01	-0.3	634_E	[ 61.818   24.2518 100.3632]
0.05	 -0.56	-0.09	-0.04	634_E	[61.008      25.18934783 99.13473913]
-0.15	 -0.31	-0.1	0.19	634_E	[ 61.59902083  24.71408333 101.9863125 ]
0.21	 1.54	0.15	-0.41	635_L	[ 57.26507407  22.21774074 104.03803704]
-0.01	 -0.5	0.0	-0.05	635_L	[ 57.9643      24.3325     105.88146667]
0.14	 1.16	0.01	-0.21	636_V	[ 58.10158333  26.89766667 106.61175   ]
-0.06	 -0.17	-0.07	0.01	636_V	[ 58.04581818  29.63986364 105.74327273]
-0.08	 -0.25	-0.01	-0.01	636_V	[ 59.51145652  27.58382609 104.01836957]
0.09	 0.19	-0.04	-0.2	636_V	[ 57.17539286  30.46707143 103.27982143]
0.09	 -0.28	-0.1	-0.09	637_N	[ 57.76353333  28.66353333 108.07653333]
0.2	 1.42	0.38	-0.61	637_N	[ 57.09566667  31.02525    107.08066667]
-0.29	 -0.55	0.0	0.25	637_N	[ 58.00002857  31.41714286 109.0566    ]
0.1	 0.96	0.05	-0.26	637_N	[ 56.97160606  29.22587879 111.10990909]
0.2	 1.29	-0.11	-0.19	638_D	[ 57.4701  33.4777 108.0027]
0.04	 0.5	0.1	-0.29	638_D	[ 56.16335714  34.58342857 109.66071429]
-0.2	 -0.49	0.07	0.26	638_D	[ 57.39597727  35.30511364 109.47502273]
-0.01	 0.27	-0.01	-0.03	638_D	[ 53.81426923  34.97761538 107.52492308]
0.04	 0.65	0.06	-0.18	638_D	[ 55.79096552  34.45293103 105.13534483]
-0.12	 -0.04	-0.07	0.09	638_D	[ 56.9         32.86618367 105.34057143]
-0.12	 -0.17	-0.17	0.18	638_D	[ 54.90003448  35.98737931 104.61058621]
0.17	 1.05	0.06	-0.3	639_G	[ 53.98909091  34.56163636 110.01036364]
-0.13	 -0.57	-0.0	0.17	639_G	[ 54.819       35.31063636 112.12615909]
-0.11	 -0.71	0.04	0.06	639_G	[ 57.13141667  34.90075    113.20083333]
-0.12	 -0.25	0.06	0.09	639_G	[ 57.90291667  32.79475    112.31380556]
-0.0	 -0.01	-0.06	-0.03	640_L	[ 54.90319048  34.36252381 114.47257143]
-0.02	 -0.16	-0.08	0.07	640_L	[ 57.68077778  33.12361111 115.15077778]
-0.12	 -0.61	-0.06	0.15	640_L	[ 55.12374286  33.96217143 116.51868571]
-0.03	 -0.05	-0.07	0.02	640_L	[ 57.61295238  31.81895238 117.5937619 ]
-0.24	 -1.34	0.11	0.36	640_L	[ 56.79226667  33.52062667 119.4372    ]
-0.04	 -0.32	-0.06	0.03	640_L	[ 54.72562  31.20538 118.77812]
0.05	 0.46	0.05	-0.17	641_D	[ 57.4873   30.56655 114.342  ]
0.07	 0.95	-0.01	-0.23	641_D	[ 57.20863158  28.50278947 113.13457895]
0.16	 1.01	0.13	-0.4	641_D	[ 54.2977      26.11776667 115.173     ]
-0.14	 -0.81	0.04	0.17	641_D	[ 58.50960976  28.76463415 116.02736585]
-0.06	 0.19	0.1	-0.1	641_D	[ 57.86053846  25.69157692 115.49507692]
-0.13	 -0.32	-0.04	0.1	641_D	[ 58.08012121  25.73190909 113.78948485]
-0.13	 -0.2	0.0	0.17	641_D	[ 57.3564      25.63882222 116.99766667]
0.01	 0.13	-0.12	-0.08	642_N	[ 52.64553846  26.63992308 116.52623077]
0.08	 0.42	-0.02	-0.16	642_N	[ 51.98491667  30.24666667 117.15466667]
-0.12	 -0.38	-0.07	0.11	642_N	[ 50.33310811  27.99878378 116.76464865]
-0.15	 -0.08	-0.03	0.14	642_N	[ 52.66164706  28.37702941 119.19097059]
-0.19	 -0.79	-0.04	0.22	642_N	[ 54.18490909  27.39090909 120.55690909]
-0.15	 -0.42	0.07	0.17	642_N	[ 56.15428205  28.61928205 119.74874359]
-0.19	 -0.82	0.07	0.27	642_N	[ 54.93297959  25.64785714 119.09204082]
0.15	 1.06	0.33	-0.58	643_D	[ 52.382       30.86114286 116.616     ]
0.02	 -0.36	-0.16	-0.03	643_D	[ 50.27        30.71936364 116.02227273]
0.03	 0.02	0.02	-0.15	643_D	[ 52.01112121  32.58351515 115.36390909]
-0.18	 -0.83	-0.03	0.25	643_D	[ 50.01073333  33.43073333 115.27073333]
-0.07	 -0.01	0.01	0.03	643_D	[ 48.33346875  31.84315625 114.97246875]
-0.13	 -0.37	0.08	0.11	643_D	[ 49.96476316  33.94210526 112.98307895]
0.21	 1.46	0.21	-0.46	644_L	[ 48.90435714  29.21507143 115.05671429]
0.13	 0.99	-0.09	-0.2	644_L	[ 48.96423529  26.55329412 115.91776471]
-0.06	 -0.22	-0.11	0.09	644_L	[ 48.06307895  24.84228947 116.27502632]
0.09	 0.57	0.01	-0.22	644_L	[ 51.17538462  24.5694359  114.80497436]
0.18	 1.52	0.04	-0.29	645_K	[ 48.20458333  32.82316667 111.022     ]
0.03	 0.31	-0.01	-0.13	645_K	[ 46.92963889  32.24619444 108.73466667]
0.0	 0.03	-0.04	0.0	645_K	[ 45.99133333  32.56944444 111.68988889]
0.11	 1.46	0.2	-0.46	645_K	[ 44.05225   32.026625 111.82    ]
-0.07	 -0.76	-0.06	0.11	645_K	[ 44.99665116  32.53069767 114.02090698]
0.03	 0.6	-0.02	-0.14	645_K	[ 42.2003   32.28485 113.87295]
-0.17	 -0.77	0.03	0.23	645_K	[ 43.35310417  31.63070833 116.74483333]
0.14	 1.31	0.02	-0.25	646_S	[ 49.94873333  32.6048     107.9298    ]
-0.06	 -0.24	-0.03	0.06	646_S	[ 51.36321951  33.85609756 109.67834146]
0.07	 0.9	-0.02	-0.15	648_K	[ 51.04646875  33.84784375 105.597375  ]
-0.03	 -0.01	-0.02	0.03	648_K	[ 51.94308333  35.66129167 104.33645833]
0.1	 1.0	-0.03	-0.27	650_K	[57.2425     27.62839286 96.62889286]
0.15	 0.67	0.07	-0.3	650_K	[57.62169231 28.99976923 98.00776923]
0.02	 -0.03	-0.09	-0.06	650_K	[59.46733333 27.478      98.48193333]
-0.1	 -0.32	0.02	0.09	650_K	[60.02315254 29.61623729 99.6940678 ]
-0.21	 -0.49	0.09	0.3	650_K	[ 61.67038  28.83548 101.28658]
0.11	 0.9	0.06	-0.32	651_S	[59.15129032 25.58183871 96.90012903]
-0.01	 0.51	0.0	-0.06	654_L	[58.0846     16.1358     89.27193333]
0.08	 0.92	0.04	-0.28	654_L	[57.81578788 18.227      87.15566667]
0.03	 0.17	-0.07	-0.12	654_L	[56.05907143 21.2325     86.5295    ]
-0.15	 -0.31	-0.04	0.17	654_L	[58.94472368 20.76988158 87.34794737]
0.17	 1.26	0.17	-0.4	655_L	[56.0904  13.91835 89.24235]
0.1	 0.91	-0.03	-0.18	655_L	[56.62305556 16.08938889 86.68844444]
-0.09	 -0.04	-0.03	0.04	655_L	[56.11558621 13.71055172 86.35231034]
0.1	 0.41	-0.17	-0.11	656_L	[56.22272727 15.174      84.91818182]
0.16	 1.35	0.16	-0.44	656_L	[56.61733333 17.12466667 85.75588889]
0.01	 0.29	-0.06	-0.07	656_L	[54.65401818 14.46029091 81.7502    ]
-0.01	 -0.33	-0.13	0.03	657_K	[57.18544444 16.59677778 84.13225926]
0.17	 1.41	0.1	-0.37	657_K	[57.4652963  19.53225926 84.29351852]
0.06	 0.75	-0.05	-0.19	657_K	[56.49     19.274125 80.512625]
-0.04	 -0.12	0.02	0.01	657_K	[54.883625   17.80395833 80.50754167]
-0.16	 -0.81	-0.03	0.22	657_K	[58.27334211 17.36863158 82.109     ]
-0.15	 -0.72	-0.2	0.19	657_K	[58.65852632 20.21781579 82.02592105]
-0.18	 -1.01	0.01	0.27	657_K	[60.20748718 18.17387179 80.80202564]
-0.19	 -1.0	0.06	0.32	657_K	[60.63012 21.0386  80.39834]
-0.29	 -1.32	0.22	0.47	657_K	[62.11488679 19.74420755 78.8459434 ]
-0.06	 -0.55	-0.08	-0.01	658_G	[55.99592593 21.10059259 82.97625926]
-0.17	 -0.65	0.01	0.23	658_G	[54.71315909 21.45584091 80.47070455]
-0.0	 0.37	-0.38	0.14	658_G	[53.29784211 22.42115789 83.01884211]
-0.12	 0.23	-0.08	0.09	658_G	[51.24906061 21.88336364 81.22175758]
0.09	 1.26	0.02	-0.3	659_Y	[54.2565     21.4755     83.61966667]
0.14	 1.49	0.25	-0.52	659_Y	[50.67722222 21.61377778 83.27988889]
0.1	 1.08	0.31	-0.55	659_Y	[53.43409091 22.09536364 84.50645455]
0.18	 1.19	0.06	-0.31	659_Y	[54.26705263 21.421      85.18657895]
0.14	 1.52	0.24	-0.5	659_Y	[49.57913333 21.2044     83.03486667]
0.23	 1.42	0.02	-0.25	659_Y	[46.68784615 21.09961538 84.67215385]
0.12	 0.77	0.01	-0.29	659_Y	[45.36747222 19.56591667 86.55991667]
0.03	 0.31	-0.05	-0.14	660_I	[50.68330435 22.341      84.1326087 ]
-0.02	 0.33	-0.02	-0.06	660_I	[47.95402439 23.11926829 86.016     ]
-0.08	 -0.5	-0.06	0.09	660_I	[50.35333333 24.7772     85.84466667]
-0.03	 -0.06	-0.23	0.07	660_I	[53.49744737 23.72689474 85.74678947]
-0.03	 -0.18	0.05	0.02	660_I	[50.419925 25.57585  89.049925]
-0.21	 -1.1	0.14	0.32	660_I	[53.4744  26.47296 86.45396]
0.15	 1.28	-0.23	-0.1	661_P	[46.91671429 24.06528571 87.83014286]
0.09	 -0.23	0.0	-0.18	661_P	[47.80813636 24.81518182 89.24590909]
0.22	 1.53	0.26	-0.51	661_P	[46.19123529 20.05782353 89.14435294]
-0.04	 0.08	-0.23	-0.05	662_S	[45.41389474 21.93873684 88.06260526]
-0.11	 0.37	0.05	0.04	662_S	[45.27261905 24.93166667 88.67338095]
0.23	 1.51	0.27	-0.52	662_S	[43.77647619 21.53552381 90.84604762]
-0.11	 -0.37	-0.22	0.2	662_S	[43.06577273 23.00713636 87.92540909]
-0.11	 -1.45	-0.03	0.1	662_S	[42.3047 25.3339 88.8387]
0.0	 -0.01	-0.03	-0.04	663_L	[44.25152632 25.93847368 90.82078947]
0.09	 1.42	0.28	-0.54	663_L	[44.255      26.40266667 92.34166667]
-0.01	 0.05	-0.07	-0.03	663_L	[43.46758824 26.52764706 93.28741176]
0.07	 -0.35	-0.0	-0.1	663_L	[43.12131818 25.84395455 95.58018182]
-0.06	 -0.76	0.04	0.06	663_L	[45.45695833 27.00175    93.81695833]
0.09	 0.39	0.02	-0.18	663_L	[47.138   26.0402  91.20945]
-0.11	 -0.39	0.0	0.11	663_L	[48.48972549 27.55280392 92.9454902 ]
0.19	 0.39	-0.09	-0.19	664_V	[42.651    26.31825  92.143375]
-0.05	 -0.56	-0.01	0.0	664_V	[40.7182     26.3774     93.59286667]
0.04	 0.56	0.01	-0.18	664_V	[39.32958333 24.0431875  95.43016667]
-0.16	 -0.78	0.05	0.25	664_V	[38.00630645 24.84193548 92.1433871 ]
-0.21	 -1.01	0.09	0.31	664_V	[40.30404167 26.72008333 90.43097917]
0.0	 0.43	-0.07	-0.11	665_K	[38.83485366 20.87541463 93.12178049]
-0.08	 -0.04	-0.06	-0.01	665_K	[39.5610566  18.06081132 92.73424528]
0.16	 1.35	0.23	-0.48	665_K	[40.69983333 18.9615     90.28504167]
0.2	 1.19	0.09	-0.32	665_K	[40.45085714 16.19042857 91.26721429]
0.17	 1.36	0.08	-0.38	666_L	[44.38981818 25.79618182 97.13581818]
0.14	 0.8	0.03	-0.24	666_L	[46.07572727 26.72913636 96.86995455]
0.17	 1.1	0.02	-0.28	667_P	[38.13088235 23.18405882 99.67958824]
0.02	 0.14	-0.08	-0.1	667_P	[39.26771053 25.21318421 98.44989474]
0.18	 1.52	0.05	-0.26	667_P	[41.7489375 25.519375  97.3746875]
0.12	 0.93	-0.11	-0.15	668_F	[38.33488889 17.83622222 97.15366667]
0.05	 -0.21	-0.05	-0.16	668_F	[37.45173684 17.72634211 99.65936842]
0.12	 0.28	0.12	-0.32	668_F	[38.55654545 18.80013636 96.07477273]
-0.18	 -0.8	0.05	0.24	668_F	[35.21582051 18.64989744 98.95635897]
-0.11	 -0.3	-0.1	0.11	668_F	[37.12392982 21.31303509 96.45812281]
-0.2	 -1.04	0.1	0.25	668_F	[35.18264444 20.29384444 97.65675556]
0.07	 0.68	-0.02	-0.21	671_Y	[ 38.03495833  17.36616667 103.04429167]
-0.01	 0.99	-0.1	-0.25	671_Y	[ 35.58224  19.42712 107.16244]
-0.05	 -0.6	-0.01	0.04	671_Y	[ 37.43936364  15.73945455 104.89125   ]
-0.01	 0.41	-0.08	-0.1	671_Y	[ 35.698       18.25713333 105.02273333]
-0.87	 -0.46	0.25	0.25	671_Y	[ 35.39288889  16.85842222 107.45277778]
0.14	 0.67	0.01	-0.27	672_R	[ 38.9960625   15.6315     101.76290625]
-0.01	 0.3	-0.06	-0.13	672_R	[39.43784848 12.88718182 99.776     ]
0.08	 0.75	-0.11	-0.17	672_R	[39.78346667 13.81273333 97.12606667]
-0.14	 -0.58	0.05	0.19	672_R	[38.15946341 15.32821951 98.159     ]
0.13	 0.44	0.05	-0.27	672_R	[40.47821622 16.36040541 96.07551351]
0.01	 0.31	-0.0	-0.06	674_G	[ 44.15794643  14.84503571 110.15348214]
-0.05	 0.82	-0.09	0.02	675_K	[ 41.661   13.5769 109.799 ]
0.18	 1.32	0.12	-0.37	675_K	[ 41.94536364  12.42181818 108.039     ]
-0.18	 -0.64	-0.03	0.26	675_K	[ 41.01511111  11.26313333 108.60342222]
0.03	 -0.01	-0.02	-0.07	675_K	[ 39.24844828  13.91572414 107.93310345]
0.1	 0.4	-0.02	-0.16	675_K	[ 40.70135714  15.51742857 110.39221429]
0.06	 1.07	-0.05	-0.09	675_K	[ 37.501   15.1519 108.3212]
-0.17	 -0.8	0.05	0.23	675_K	[ 37.18456522  15.83852174 110.55026087]
-0.13	 -0.3	0.43	0.26	675_K	[ 39.09746667  17.3486     112.15073333]
-0.03	 0.35	-0.1	-0.02	676_E	[ 40.8135   9.8905 106.1529]
0.14	 1.09	0.05	-0.28	676_E	[ 43.49094737   9.93931579 106.13868421]
-0.21	 -0.36	-0.06	0.25	676_E	[ 42.92305263   8.44431579 106.11165789]
0.02	 0.09	-0.09	-0.13	676_E	[ 42.1186   10.28244 103.44308]
-0.07	 -0.2	-0.05	0.05	676_E	[ 39.23246341  11.6027561  105.00314634]
-0.1	 -0.17	0.06	-0.0	676_E	[ 38.50055556  10.33077778 102.5855    ]
-0.22	 -0.76	0.05	0.38	676_E	[ 39.981825   9.64895  101.73265 ]
-0.2	 -0.66	0.06	0.29	676_E	[ 38.02952941  12.16608824 102.33991176]
0.11	 1.25	-0.1	-0.19	677_V	[ 45.72545455   9.00868182 104.53631818]
0.12	 1.18	-0.0	-0.26	677_V	[ 44.306375   9.12425  107.984   ]
0.02	 -0.09	-0.05	-0.11	677_V	[ 45.01854054  10.79613514 108.79556757]
0.15	 0.9	0.1	-0.35	677_V	[ 45.2215      10.96617857 103.13057143]
0.17	 0.91	0.01	-0.27	678_D	[ 46.17472222   7.38388889 106.02033333]
-0.04	 0.06	0.0	-0.0	678_D	[ 45.21288235   7.88135294 109.03570588]
-0.14	 -0.11	-0.12	0.06	678_D	[ 45.51633333   5.85377778 107.31075   ]
-0.14	 -0.54	-0.02	0.15	678_D	[ 45.22186667   5.1984     110.1748    ]
-0.05	 0.04	-0.01	-0.01	678_D	[ 46.95993939   5.66021212 111.35469697]
-0.12	 -0.3	0.02	0.15	678_D	[ 46.10797561   3.13753659 109.09943902]
0.12	 0.3	0.05	-0.2	679_W	[ 47.348        8.74769231 110.48292308]
-0.04	 -0.17	0.01	0.02	679_W	[ 52.31604   8.14242 110.6862 ]
0.16	 1.0	0.16	-0.36	679_W	[ 49.77187097  10.47283871 111.57832258]
0.01	 0.33	-0.03	-0.13	679_W	[ 46.91753125  12.395625   110.352125  ]
0.23	 1.1	0.13	-0.39	679_W	[ 52.83305263  11.10773684 108.97652632]
0.19	 1.81	0.15	-0.41	680_E	[ 48.35084615   7.87707692 111.67469231]
0.2	 1.63	-0.06	-0.24	680_E	[ 51.911        6.56977778 112.87677778]
0.14	 1.04	-0.1	-0.18	680_E	[ 51.13736842   4.53168421 111.64310526]
-0.21	 -0.72	-0.03	0.3	680_E	[ 52.14243182   4.20877273 112.70743182]
-0.14	 -0.55	0.03	0.12	680_E	[ 48.81164516   4.71751613 113.49225806]
-0.2	 -0.92	0.05	0.26	680_E	[ 48.19245    7.147375 114.4947  ]
-0.07	 -0.16	0.05	-0.03	680_E	[ 50.81189286   7.79778571 115.02696429]
-0.11	 -0.09	-0.12	0.05	680_E	[ 50.59217949   9.67887179 114.17669231]
-0.26	 -0.83	0.17	0.42	680_E	[ 51.32202439   6.82197561 116.15595122]
-0.05	 0.16	0.03	-0.16	681_D	[ 51.41245455   2.53681818 111.08618182]
-0.02	 0.32	0.06	-0.12	681_D	[ 48.72131034   2.30448276 110.03524138]
-0.03	 -0.02	-0.12	0.02	681_D	[ 50.27717391   0.62108696 108.39134783]
-0.26	 -0.96	0.16	0.41	681_D	[ 5.06354884e+01 -8.52558140e-02  1.09785209e+02]
-0.06	 0.01	-0.1	-0.06	681_D	[ 50.60340909   0.39527273 106.80313636]
-0.01	 0.13	-0.13	-0.03	682_E	[ 53.20783871   2.93477419 109.39487097]
-0.03	 -0.24	-0.05	-0.02	682_E	[ 53.947125    5.3806875 108.2378125]
0.11	 0.47	-0.07	-0.17	682_E	[ 54.16458824   5.83935294 105.92923529]
-0.16	 -1.09	-0.01	0.2	682_E	[ 55.45813889   2.71597222 108.61088889]
-0.04	 0.02	0.06	-0.05	682_E	[ 56.6566129    4.84325806 106.09396774]
0.01	 0.32	-0.1	-0.05	682_E	[ 57.84572727   2.19190909 107.046     ]
-0.24	 -0.67	0.06	0.28	682_E	[ 59.06340909   3.14134091 107.89425   ]
0.09	 0.5	-0.08	-0.13	682_E	[ 58.07907692   0.80630769 105.75630769]
0.15	 0.82	0.14	-0.35	683_Q	[ 53.44768421   1.23910526 106.59294737]
0.03	 0.23	-0.01	-0.12	683_Q	[ 51.63277778   0.13358333 104.98952778]
0.1	 1.31	0.28	-0.61	683_Q	[ 54.32144444  -0.78811111 103.56488889]
0.05	 0.34	0.02	-0.17	683_Q	[ 50.70928571  -0.91778571 103.68271429]
-0.08	 -0.13	0.02	0.1	683_Q	[ 52.84298387  -2.50317742 103.46420968]
0.03	 0.35	-0.43	0.11	683_Q	[ 49.89480645  -0.9253871  101.99451613]
0.19	 0.96	0.1	-0.33	684_E	[ 47.43486364   6.30922727 104.43077273]
0.19	 1.55	0.36	-0.6	684_E	[ 46.9271   4.4899 105.3409]
-0.06	 -0.08	-0.02	0.03	684_E	[ 47.16406   1.48006 106.1451 ]
-0.17	 -0.97	-0.03	0.25	684_E	[ 45.34721429   1.43707143 104.23935714]
-0.2	 -0.56	0.05	0.23	684_E	[ 45.83258333   3.52102778 103.24313889]
-0.08	 0.09	-0.2	0.21	684_E	[ 47.50053125   0.59435938 102.90157812]
0.18	 0.9	-0.02	-0.27	685_C	[ 52.95913333   6.846      107.52013333]
0.03	 0.23	-0.04	-0.09	685_C	[ 53.38520455   9.07790909 106.54113636]
0.15	 1.18	0.16	-0.42	686_L	[ 53.56607692   6.96430769 104.61469231]
0.17	 0.79	0.03	-0.27	686_L	[ 53.804375   7.998    103.55025 ]
0.12	 0.52	0.03	-0.22	686_L	[ 54.8855       5.93191667 103.88308333]
0.11	 1.05	0.03	-0.24	686_L	[ 56.38785185   6.85851852 102.6502963 ]
0.19	 1.51	0.12	-0.41	686_L	[ 56.715        4.94745455 103.45981818]
0.17	 1.27	0.34	-0.58	687_D	[ 47.61030769   4.50569231 101.35653846]
0.13	 1.25	0.1	-0.36	687_D	[47.80293103  3.77472414 99.11924138]
0.11	 1.74	0.08	-0.4	687_D	[48.2832  2.6442 97.5138]
-0.06	 0.15	-0.08	-0.01	687_D	[ 47.19448148   2.76559259 100.091     ]
0.11	 0.77	0.2	-0.44	688_G	[ 47.51972727   5.71381818 101.40436364]
-0.02	 -0.06	-0.04	-0.0	688_G	[ 46.58216216   7.62678378 101.85210811]
0.23	 1.49	0.13	-0.39	688_G	[ 45.80111111  10.17394444 100.687     ]
0.2	 1.49	0.34	-0.58	689_I	[ 53.50178571  10.40721429 104.13164286]
0.05	 0.2	-0.08	-0.1	691_R	[44.58817857  8.89925    98.25757143]
-0.07	 -0.38	0.0	0.06	691_R	[44.69467442  5.85527907 98.2162093 ]
0.02	 -0.1	-0.04	-0.04	691_R	[45.29636364  3.33954545 97.53254545]
-0.12	 -0.13	-0.05	0.12	691_R	[44.34709091  3.52754545 96.057     ]
0.0	 0.08	-0.03	0.0	691_R	[43.97185714  4.4202381  94.20995238]
-0.14	 -0.31	0.0	0.19	691_R	[46.38117308  2.3265     95.03007692]
0.1	 0.6	0.06	-0.26	692_E	[ 43.26445652  11.2388913  100.44865217]
0.2	 1.44	0.27	-0.53	695_L	[41.95235294 15.92282353 94.06205882]
0.13	 0.47	0.0	-0.22	695_L	[41.58476471 15.08188235 92.619     ]
0.12	 1.08	-0.01	-0.29	695_L	[41.53175    14.23591667 94.44508333]
-0.07	 -0.5	-0.07	0.06	695_L	[41.21328571 11.04204082 96.93167347]
-0.09	 -0.36	0.01	0.08	695_L	[40.64751667 11.4791     94.01581667]
0.15	 1.16	0.1	-0.37	696_L	[44.16217143 19.51794286 90.75717143]
0.16	 1.29	0.14	-0.44	697_Y	[45.231      18.30413333 88.9786    ]
0.17	 0.95	0.23	-0.43	697_Y	[45.051875 18.220375 88.095625]
0.12	 0.7	0.08	-0.3	698_I	[43.17172 18.68792 88.51316]
0.04	 0.48	-0.04	-0.15	698_I	[40.64159615 12.755      90.67325   ]
0.01	 0.65	-0.19	-0.03	699_P	[43.06452632 19.67557895 85.98721053]
0.23	 1.14	0.03	-0.29	699_P	[42.033375  19.904     83.9931875]
0.12	 0.91	0.15	-0.36	700_D	[41.21739394 20.58681818 86.51572727]
0.12	 1.07	-0.04	-0.26	700_D	[38.77357895 19.543      89.07189474]
-0.09	 -0.42	-0.18	0.06	700_D	[38.47613514 22.23481081 87.06983784]
0.09	 0.85	-0.05	-0.18	700_D	[39.74492308 22.30184615 89.09196154]
0.17	 1.07	0.14	-0.42	700_D	[41.09476923 20.75333333 89.86361538]
-0.1	 -0.27	-0.08	0.08	700_D	[39.6592963  24.11674074 88.42677778]
0.11	 0.65	0.03	-0.21	701_M	[36.79945 19.6945  88.54135]
-0.05	 -0.15	-0.02	-0.02	701_M	[35.08285  22.410425 87.311075]
-0.05	 -0.09	0.01	-0.04	701_M	[33.71871429 19.75232143 87.89603571]
0.06	 0.41	0.03	-0.19	701_M	[35.89442105 17.26389474 89.18763158]
-0.18	 -0.85	0.04	0.26	701_M	[32.88715094 16.82237736 89.28688679]
-0.15	 -0.54	0.03	0.19	701_M	[33.28334 14.01434 88.09222]
0.09	 0.86	-0.05	-0.25	702_V	[35.03584615 23.90138462 85.00438462]
0.12	 0.7	-0.11	-0.19	702_V	[34.41068 25.41172 83.54636]
0.09	 0.67	-0.03	-0.22	702_V	[37.66729268 23.40290244 84.17812195]
0.21	 1.42	0.09	-0.33	703_P	[31.52952941 25.21258824 83.60376471]
-0.12	 -0.56	-0.08	0.14	703_P	[29.17009302 23.79867442 85.91495349]
-0.16	 -0.72	0.13	0.2	703_P	[31.07338462 23.10757692 87.61763462]
-0.14	 -0.94	0.01	0.21	703_P	[32.87187097 24.46296774 86.39612903]
0.2	 1.26	0.37	-0.6	704_K	[28.0304 22.6932 84.0707]
0.07	 0.82	-0.02	-0.2	704_K	[26.262      24.8945     81.25033333]
-0.12	 -0.41	-0.05	0.14	704_K	[27.0103125  24.992125   83.36020833]
-0.12	 -0.44	-0.07	0.16	704_K	[26.60368293 22.64697561 80.89468293]
-0.03	 -0.28	-0.01	0.0	704_K	[27.71922222 19.60244444 80.93559259]
-0.01	 0.0	-0.01	0.0	704_K	[28.26756757 21.97216216 78.42264865]
-0.06	 -0.02	-0.1	0.02	704_K	[28.31795 18.4903  78.8541 ]
-0.1	 -0.21	-0.0	0.11	704_K	[29.64964 19.58094 76.58782]
0.04	 0.2	-0.01	-0.15	705_V	[26.4548125 27.5968125 81.9714375]
0.11	 0.76	-0.18	-0.05	705_V	[26.07790909 25.59136364 79.60090909]
0.0	 0.09	-0.02	-0.08	705_V	[27.47747222 26.09369444 77.76913889]
0.02	 0.33	-0.1	-0.09	705_V	[27.7842   30.6257   82.195825]
-0.11	 -0.71	-0.08	0.16	705_V	[29.58819149 27.95431915 83.32725532]
0.02	 0.02	-0.09	-0.09	706_D	[25.03976923 27.06673077 80.55630769]
-0.08	 -0.0	-0.09	0.06	706_D	[24.985875 26.381625 77.8745  ]
-0.15	 -0.95	0.06	0.2	706_D	[22.79637037 27.40281481 79.63881481]
-0.17	 -0.56	-0.01	0.18	706_D	[21.58842857 26.54514286 77.59928571]
-0.14	 -0.7	0.05	0.17	706_D	[20.5635     28.53553571 77.61953571]
-0.15	 -0.78	0.1	0.21	706_D	[23.21291176 26.48885294 76.07470588]
0.14	 0.58	0.01	-0.26	707_T	[25.74186667 27.70153333 75.99646667]
0.1	 0.23	-0.14	-0.05	707_T	[25.44211111 30.40955556 73.32133333]
-0.06	 -0.05	-0.0	0.02	707_T	[25.31272093 32.88265116 74.4924186 ]
-0.06	 -0.05	-0.02	0.04	707_T	[27.92618519 30.94392593 74.19274074]
-0.21	 -0.75	0.0	0.37	707_T	[26.92991111 28.21928889 73.82311111]
-0.01	 0.3	-0.05	-0.18	707_T	[29.45512727 29.25681818 75.412     ]
0.11	 0.64	-0.02	-0.28	708_S	[24.45185714 28.99561905 74.06161905]
-0.13	 -0.58	-0.06	0.14	708_S	[23.14752941 31.52517647 72.97405882]
0.15	 1.08	0.01	-0.23	708_S	[21.6935625 31.744     75.148625 ]
-0.24	 -0.46	-0.05	0.28	708_S	[20.8434375  33.1360625  74.48121875]
-0.22	 -0.89	0.02	0.32	708_S	[21.95932692 29.39280769 72.92119231]
-0.16	 -0.35	-0.04	0.13	708_S	[21.05551613 28.16312903 74.8243871 ]
-0.04	 -1.16	0.07	-0.02	709_D	[20.09588235 31.82447059 77.48829412]
0.17	 1.55	0.18	-0.44	709_D	[23.01094737 34.04263158 76.11478947]
-0.07	 -0.17	-0.02	0.04	709_D	[20.75596667 30.9674     79.669     ]
0.04	 0.19	0.05	-0.18	710_A	[19.86570588 33.91917647 77.71988235]
0.01	 0.57	-0.1	-0.07	710_A	[22.39745 36.25605 76.3239 ]
0.01	 -0.0	-0.14	-0.08	710_A	[19.7846 37.2655 78.7314]
-0.17	 -0.53	-0.01	0.21	710_A	[21.96502857 38.0932     78.92414286]
-0.25	 -1.2	0.14	0.4	710_A	[19.74174194 36.82246774 75.95953226]
-0.03	 -0.01	-0.08	-0.07	711_S	[19.32269231 35.19823077 79.36346154]
-0.21	 -0.74	0.04	0.25	711_S	[19.71107143 37.03307143 81.0965    ]
0.16	 1.13	0.02	-0.29	711_S	[21.75428571 36.11178571 82.16328571]
-0.23	 -0.79	0.03	0.31	711_S	[21.87725641 36.75448718 83.10889744]
-0.25	 -1.34	0.16	0.38	711_S	[18.81839535 34.82260465 82.02355814]
-0.11	 -0.03	-0.01	0.07	711_S	[19.90421212 32.73724242 81.04193939]
0.09	 0.65	-0.04	-0.24	712_L	[24.7739  35.03935 83.22165]
0.12	 0.97	-0.02	-0.2	712_L	[23.99783333 37.3775     81.2005    ]
0.1	 0.71	-0.01	-0.2	712_L	[24.93123529 37.39588235 79.22776471]
0.19	 1.3	0.26	-0.52	712_L	[26.20516 33.14736 82.42708]
0.15	 1.93	0.08	-0.33	712_L	[22.173125 31.61475  81.835875]
-0.02	 -0.21	-0.1	0.02	712_L	[23.87990909 29.95872727 81.94875758]
-0.22	 -0.95	0.01	0.34	712_L	[23.69327778 32.38606944 83.91883333]
-0.01	 -0.12	-0.16	0.02	713_S	[25.424875  36.7619375 83.039375 ]
-0.0	 0.12	-0.12	-0.01	713_S	[25.78682353 38.629      81.19423529]
-0.1	 -0.14	0.02	0.05	713_S	[27.00182857 38.47771429 83.81425714]
-0.11	 -0.39	-0.04	0.13	713_S	[28.01870833 40.58229167 82.67845833]
0.18	 1.29	0.25	-0.51	714_E	[26.9403  38.5221  79.06165]
0.09	 1.07	0.01	-0.26	714_E	[28.64958824 37.67841176 77.32541176]
0.09	 0.69	-0.13	-0.1	714_E	[31.837  39.0769 78.8296]
0.0	 0.37	0.05	-0.12	714_E	[31.6035     36.99164286 77.70267857]
-0.17	 -0.92	0.04	0.23	714_E	[30.44805882 40.02473529 77.70697059]
-0.22	 -0.88	-0.03	0.36	714_E	[27.87265789 40.62260526 77.12534211]
-0.1	 -0.24	-0.02	0.09	714_E	[27.70047368 42.59678947 79.10915789]
-0.11	 -0.38	0.06	0.19	714_E	[29.35684783 42.51434783 79.971     ]
-0.16	 -0.62	0.09	0.25	714_E	[26.34810204 41.41232653 79.9422449 ]
0.14	 1.31	0.08	-0.33	715_D	[31.72408333 39.73108333 80.16616667]
-0.08	 -0.31	-0.17	0.11	715_D	[33.46531579 38.04657895 80.13689474]
0.13	 0.43	0.02	-0.29	715_D	[32.5771875 36.2406875 83.4455625]
-0.05	 0.15	-0.03	-0.15	715_D	[34.26651613 36.10906452 81.83296774]
-0.18	 -0.97	0.09	0.23	715_D	[33.42028205 38.92394872 82.88505128]
-0.15	 -0.58	-0.02	0.14	715_D	[32.12546667 39.891      84.2194    ]
-0.1	 -0.1	-0.08	0.04	715_D	[30.14685714 39.59004762 84.41461905]
-0.15	 -0.51	-0.0	0.23	715_D	[31.72039286 41.418      82.27035714]
0.07	 0.12	-0.18	-0.07	716_E	[32.16407143 34.081      83.58471429]
0.14	 0.23	0.03	-0.22	716_E	[31.3592     31.58656667 82.23746667]
-0.0	 -0.01	0.0	-0.05	716_E	[28.7247037  33.0792963  83.15111111]
-0.06	 -0.05	-0.06	-0.02	716_E	[27.59807143 34.78782143 84.08553571]
-0.05	 -0.06	-0.06	0.06	716_E	[30.15236 36.05172 85.60788]
-0.22	 -0.76	0.13	0.35	716_E	[31.03495122 34.76802439 85.92502439]
-0.17	 -0.39	0.05	0.17	716_E	[29.6627027  37.60916216 85.70778378]
-0.0	 -0.06	-0.02	-0.07	717_K	[30.36637931 33.92627586 76.29451724]
0.11	 1.22	0.26	-0.5	717_K	[28.84254545 32.64390909 76.16745455]
-0.07	 -0.19	-0.02	0.08	717_K	[28.1087027  35.07037838 75.87454054]
0.14	 1.61	-0.0	-0.29	717_K	[26.2376 34.5106 75.4834]
-0.09	 0.07	-0.08	0.09	717_K	[25.25316667 36.48524074 76.65475926]
0.15	 1.17	0.04	-0.28	718_A	[32.63188889 34.518      76.77961111]
0.06	 0.22	-0.11	-0.08	718_A	[34.25146667 33.29786667 75.94473333]
0.01	 0.19	-0.24	0.01	718_A	[36.6384375 34.245875  79.461125 ]
0.02	 -0.21	-0.0	-0.13	718_A	[37.2242  33.05588 77.78148]
-0.23	 -1.09	0.01	0.35	718_A	[35.35565625 35.80489063 77.0966875 ]
0.14	 0.98	0.05	-0.31	719_Q	[35.58507692 34.70546154 80.20638462]
0.03	 0.96	0.08	-0.38	719_Q	[37.14933333 33.52177778 80.28455556]
0.06	 0.29	0.01	-0.22	719_Q	[34.60089655 33.50089655 82.68755172]
-0.07	 -0.25	-0.0	-0.03	719_Q	[35.81373333 33.431      84.40433333]
0.01	 0.24	-0.0	-0.11	719_Q	[38.01119355 33.46654839 82.49229032]
-0.04	 0.02	-0.08	-0.03	719_Q	[39.05575    32.12683929 82.70019643]
-0.26	 -0.94	0.09	0.38	719_Q	[37.68131579 35.32257895 82.74303509]
0.2	 1.59	0.18	-0.44	720_F	[33.934      30.82115385 82.19407692]
0.12	 1.54	0.07	-0.34	720_F	[33.3945   29.792625 81.96675 ]
0.17	 0.93	-0.06	-0.2	720_F	[32.5271875 29.2001875 81.9150625]
0.15	 0.88	0.08	-0.33	720_F	[32.93758333 26.93341667 82.20483333]
0.22	 1.43	0.19	-0.46	720_F	[29.45411538 25.23280769 77.88484615]
0.16	 1.48	0.26	-0.52	721_I	[35.253875  27.86725   75.5666875]
0.23	 1.58	0.3	-0.54	721_I	[36.95115 27.52975 75.16835]
0.14	 1.46	0.14	-0.38	721_I	[34.28044444 31.82044444 75.16922222]
-0.13	 -0.39	-0.09	0.11	721_I	[33.60101961 29.03690196 74.34882353]
-0.17	 -0.61	-0.05	0.23	721_I	[36.53990476 30.67777778 74.23661905]
-0.01	 -0.03	-0.04	-0.08	721_I	[31.79205882 30.36496078 75.31511765]
0.16	 1.54	0.3	-0.54	722_N	[37.718125 31.194625 76.89125 ]
0.1	 0.54	0.01	-0.24	722_N	[39.00727273 30.12331818 76.61636364]
0.21	 1.42	0.33	-0.56	722_N	[40.30875   28.6856875 80.65475  ]
-0.03	 0.08	-0.09	-0.05	722_N	[39.05714286 32.48852381 79.1562381 ]
-0.11	 0.07	0.08	-0.02	722_N	[40.85653333 32.4918     79.50126667]
-0.09	 0.05	-0.04	0.04	722_N	[41.43254167 31.19445833 80.96570833]
-0.12	 -0.34	0.06	0.17	722_N	[41.89882353 30.86385294 77.54679412]
0.13	 1.49	0.02	-0.34	723_R	[39.89984211 27.12573684 81.53468421]
0.18	 1.16	0.13	-0.38	723_R	[39.88247059 24.85647059 81.32576471]
0.15	 1.31	0.14	-0.4	723_R	[38.54525 25.183   82.382  ]
-0.11	 -0.38	-0.12	0.08	723_R	[39.14795  28.08     82.927975]
-0.09	 -0.23	-0.06	0.09	723_R	[37.07513889 26.18822222 85.05808333]
-0.14	 -0.86	0.01	0.14	723_R	[38.10764516 28.50187097 85.91622581]
-0.04	 0.32	-0.06	0.04	723_R	[36.58711765 29.08711765 85.94541176]
-0.06	 -0.11	-0.01	0.04	723_R	[34.56083019 29.07926415 84.18807547]
-0.25	 -0.83	0.08	0.35	723_R	[36.71379245 30.6035283  86.752     ]
0.22	 1.57	0.35	-0.59	724_K	[37.676      23.99247059 75.35164706]
0.16	 1.08	-0.01	-0.28	724_K	[36.05271429 26.013      75.49735714]
0.03	 0.2	-0.35	0.05	724_K	[35.82303448 23.13082759 75.90068966]
-0.1	 -0.43	-0.13	0.1	724_K	[33.78940741 25.49048148 75.01540741]
-0.11	 -0.41	-0.01	0.08	724_K	[32.46766667 22.61629167 75.21191667]
-0.1	 -0.05	0.01	0.06	724_K	[30.73004687 24.67595313 75.9334375 ]
0.16	 0.84	-0.05	-0.21	725_E	[42.79225    25.98466667 76.09941667]
0.08	 1.08	-0.06	-0.19	725_E	[41.935      24.42422727 74.61831818]
-0.05	 -0.04	-0.02	-0.03	725_E	[41.41812 27.65908 75.03748]
-0.09	 -0.42	-0.02	0.11	725_E	[39.50753846 28.66776923 73.854     ]
-0.07	 0.18	-0.09	0.04	725_E	[39.00841667 26.47829167 72.407625  ]
-0.15	 -0.17	-0.06	0.17	725_E	[37.7517  25.4208  73.34244]
-0.25	 -0.8	0.12	0.39	725_E	[40.72345455 26.07818182 71.92047727]
0.14	 0.89	0.12	-0.37	726_H	[44.01047619 25.62580952 77.88047619]
0.15	 0.54	-0.05	-0.19	726_H	[43.26341176 23.13464706 80.54811765]
-0.0	 0.16	-0.18	-0.07	726_H	[44.85325    23.53871429 79.18653571]
-0.09	 -0.37	-0.09	0.04	726_H	[42.58927273 25.78960606 81.17160606]
-0.05	 -0.29	-0.02	0.13	726_H	[44.84285714 26.581      79.95557143]
-0.14	 -0.29	0.03	0.17	726_H	[43.12437838 27.90002703 81.63589189]
-0.09	 -0.63	-0.08	0.18	726_H	[44.00467742 27.82512903 77.61948387]
-0.24	 -1.09	0.08	0.35	726_H	[44.82226829 29.68919512 81.10997561]
-0.18	 -0.69	0.06	0.2	726_H	[44.64764 30.00304 78.75712]
0.17	 1.21	0.45	-0.66	727_I	[42.57666667 21.91475    80.84225   ]
0.05	 0.3	-0.02	-0.1	727_I	[40.45415217 22.35308696 82.54393478]
0.17	 1.1	0.03	-0.29	728_S	[43.07708333 20.82825    73.42925   ]
0.25	 1.52	0.26	-0.51	728_S	[42.38010526 18.78984211 73.77010526]
-0.13	 -0.22	-0.07	0.14	728_S	[40.48993023 21.4042093  73.60016279]
-0.03	 0.34	-0.07	-0.07	728_S	[38.19133333 21.57571429 75.24842857]
0.13	 0.79	-0.02	-0.2	729_S	[43.04025 22.402   74.2135 ]
0.12	 0.58	-0.04	-0.18	729_S	[44.76266667 21.50555556 73.42738889]
0.12	 1.55	-0.02	-0.3	729_S	[47.28728571 21.62457143 76.91028571]
0.19	 1.56	0.13	-0.39	729_S	[47.98355 20.79305 76.4332 ]
-0.1	 -0.21	-0.11	0.11	729_S	[45.05582979 24.0617234  75.00176596]
-0.21	 -0.78	0.05	0.31	729_S	[47.15017949 23.61917949 76.01051282]
0.18	 1.62	0.09	-0.37	730_L	[45.9505   22.451875 77.9645  ]
0.11	 0.5	0.02	-0.25	730_L	[47.12180952 21.37690476 78.432     ]
-0.11	 -0.09	-0.1	0.11	730_L	[47.03906452 22.10419355 81.61819355]
0.04	 0.56	0.02	-0.18	730_L	[43.9871875 20.7656875 82.5715625]
0.04	 0.53	-0.1	-0.08	732_E	[47.63480435 15.50669565 72.99619565]
0.07	 0.37	-0.01	-0.11	732_E	[46.52009091 16.81422727 70.76654545]
0.03	 0.37	-0.14	-0.04	732_E	[44.586     18.751125  69.8224375]
-0.1	 0.0	0.04	0.08	732_E	[43.49815217 19.34813043 71.37113043]
-0.21	 -0.66	0.01	0.38	732_E	[44.78622449 17.29269388 69.04420408]
0.18	 1.56	0.01	-0.25	733_H	[50.14763636 17.41036364 73.296     ]
-0.12	 -0.43	0.0	0.1	733_H	[51.94555 17.3575  75.2284 ]
-0.1	 -0.46	-0.03	0.11	733_H	[50.18477143 20.551      74.60937143]
-0.12	 0.38	-0.07	0.12	733_H	[50.14314286 21.18157143 72.69942857]
-0.16	 -0.16	0.04	0.19	733_H	[49.97129167 18.95845833 71.42545833]
-0.14	 -0.14	-0.12	0.14	733_H	[48.17852941 22.38223529 72.94852941]
-0.19	 -0.96	0.02	0.3	733_H	[48.46737778 20.03475556 69.86326667]
-0.11	 0.15	0.01	0.1	733_H	[46.75446875 21.4881875  71.29103125]
0.07	 0.44	-0.05	-0.13	734_V	[52.05318182 17.25909091 77.63681818]
0.16	 1.11	0.14	-0.37	734_V	[52.11548387 14.97829032 78.47751613]
0.21	 1.06	0.11	-0.36	734_V	[52.49095 17.12295 79.90375]
-0.03	 -0.13	-0.06	-0.01	734_V	[50.86739706 20.23582353 78.24419118]
0.14	 1.3	0.09	-0.31	736_F	[48.27338889 10.96327778 74.57855556]
0.12	 1.02	0.06	-0.31	736_F	[46.58818519 12.64922222 74.24348148]
0.07	 0.95	-0.05	-0.16	737_P	[49.08675 12.094   74.35375]
-0.02	 0.51	-0.19	-0.04	737_P	[50.80128571 10.89432143 74.17392857]
0.14	 1.01	0.03	-0.25	737_P	[52.62605  9.7955  75.1173 ]
-0.07	 -0.07	-0.05	0.03	737_P	[52.53632432 13.59305405 74.87216216]
-0.13	 -0.54	-0.03	0.14	737_P	[50.63441379 14.51372414 73.43503448]
0.14	 1.32	-0.01	-0.2	737_P	[48.4081 13.4291 74.1768]
0.12	 0.71	0.04	-0.26	738_C	[54.2320303  10.904      81.48066667]
0.17	 1.09	0.16	-0.41	739_I	[49.76314815  4.76114815 78.18144444]
0.17	 1.48	-0.16	-0.14	740_K	[52.4696  6.506  74.575 ]
-0.02	 0.22	-0.11	-0.05	740_K	[52.03125641  4.63928205 75.59189744]
0.19	 1.67	0.17	-0.43	740_K	[49.25571429  9.15285714 73.87735714]
-0.06	 -0.3	-0.1	0.09	740_K	[50.98578571  8.18767857 72.55533929]
-0.18	 -0.89	0.01	0.26	740_K	[51.73011628  6.27851163 70.83969767]
-0.12	 -0.25	-0.06	0.2	740_K	[49.23857447  6.54282979 69.49589362]
0.18	 1.53	0.17	-0.44	741_R	[52.52418182  7.78354545 75.10318182]
-0.08	 0.17	-0.17	0.08	741_R	[53.82066667  6.37690476 75.45004762]
0.05	 0.47	-0.09	-0.11	741_R	[53.14746667  4.50806667 78.134     ]
-0.18	 -0.67	0.06	0.28	741_R	[55.47158537  4.77946341 77.89826829]
0.12	 1.36	0.15	-0.38	741_R	[54.52909524  8.50238095 77.1462381 ]
-0.14	 -0.68	0.0	0.15	741_R	[56.43312  7.76254 77.02196]
-0.19	 -1.14	0.05	0.28	741_R	[56.6903   9.9458  75.63975]
-0.04	 -0.23	-0.01	0.03	741_R	[55.90335714 10.53742857 78.66928571]
-0.1	 -0.37	-0.04	0.14	741_R	[56.72066667 12.3865     77.07108333]
-0.17	 -0.08	0.09	0.21	741_R	[54.94117073 12.49992683 75.16804878]
-0.04	 -0.16	-0.1	0.06	741_R	[54.85681132 13.36737736 78.76577358]
-0.09	 -0.24	-0.16	0.05	742_R	[54.3349375  4.0744375 79.9381875]
0.03	 0.27	-0.08	-0.09	742_R	[52.67288235  3.34111765 80.54011765]
0.06	 0.47	-0.07	-0.13	742_R	[53.34251613  3.79116129 83.13222581]
-0.1	 -0.39	-0.06	0.08	742_R	[55.82818421  6.35794737 81.57468421]
0.13	 1.07	0.08	-0.32	742_R	[54.63316667  8.45227778 80.57522222]
-0.06	 -0.37	-0.03	-0.02	742_R	[55.22647368  9.32542105 82.78873684]
0.12	 0.93	0.0	-0.3	742_R	[54.11867857  5.93585714 84.64957143]
-0.11	 -0.25	-0.19	0.08	742_R	[56.46476923  6.44523077 84.18953846]
-0.07	 -0.23	0.05	0.07	742_R	[57.02807692  8.92778846 84.95657692]
-0.06	 -0.13	0.02	-0.03	742_R	[56.18532258  5.72967742 86.30364516]
0.17	 2.05	0.06	-0.3	743_F	[51.48509091  4.525      79.31018182]
0.11	 0.75	-0.01	-0.19	743_F	[50.24641667  2.31922917 79.68625   ]
0.13	 1.67	-0.05	-0.24	744_L	[53.61    1.7838 83.7218]
-0.1	 -0.27	-0.05	0.12	744_L	[53.62621311  0.77434426 85.84567213]
-0.12	 -0.54	-0.02	0.16	744_L	[52.95077966 -0.46477966 82.55298305]
0.16	 0.39	0.05	-0.27	746_P	[46.42392308  0.63019231 88.72773077]
0.07	 0.22	-0.19	-0.07	747_R	[39.8427 -4.3961 87.59  ]
0.08	 -0.03	0.03	-0.15	747_R	[38.586      -3.71033333 86.05145833]
0.07	 0.75	-0.05	-0.22	747_R	[40.43254545 -5.92040909 85.64168182]
-0.01	 -0.17	-0.01	-0.06	747_R	[41.91997436 -5.15733333 88.55487179]
-0.17	 -0.96	0.06	0.28	747_R	[41.5056087  -8.01595652 87.46219565]
-0.08	 -0.12	-0.09	0.12	747_R	[43.0195     -8.50277778 85.46627778]
-0.11	 -0.26	-0.04	0.14	747_R	[44.0335     -9.60375    87.44766667]
-0.1	 -0.27	0.1	0.11	747_R	[44.58117143 -7.90025714 89.423     ]
-0.12	 -0.5	0.11	0.19	747_R	[45.75944186 -9.02511628 86.0942093 ]
0.11	 0.65	-0.16	-0.19	748_H	[40.95876923 -3.31507692 88.98215385]
-0.11	 -0.12	-0.02	0.11	748_H	[38.71452941 -2.845      88.61005882]
0.08	 0.89	0.08	-0.34	748_H	[37.55321053 -1.49831579 86.50794737]
-0.01	 0.37	-0.09	-0.1	748_H	[37.17635714  0.33021429 87.76030952]
-0.21	 -0.97	0.07	0.29	748_H	[39.10638235 -1.54008824 90.57235294]
-0.1	 -0.32	-0.05	0.14	748_H	[40.453125 -0.38075  91.59425 ]
-0.01	 0.09	-0.02	-0.04	748_H	[42.39688571 -2.21671429 90.48185714]
-0.07	 -0.45	0.05	0.07	748_H	[40.14625806  1.75883871 90.07006452]
-0.14	 -0.83	0.01	0.14	748_H	[43.76381818  0.17712121 91.4020303 ]
-0.01	 0.45	-0.07	-0.05	748_H	[42.41583333  2.22133333 91.379     ]
0.18	 0.73	0.11	-0.39	749_I	[40.3319375  3.282     87.876875 ]
0.16	 1.35	0.39	-0.62	750_L	[37.32211111 -1.66655556 85.027     ]
0.14	 0.47	0.0	-0.2	750_L	[34.83222222 -1.83366667 83.15766667]
0.01	 0.38	0.12	-0.2	750_L	[35.54351515 -0.68248485 80.96242424]
-0.09	 -0.19	-0.13	0.06	750_L	[36.39759375 -3.03009375 83.52890625]
-0.12	 -0.74	0.0	0.17	750_L	[38.21698182 -5.91761818 83.0966    ]
-0.1	 -0.38	-0.03	0.11	750_L	[38.45965385 -3.78359615 80.11525   ]
0.21	 1.31	0.42	-0.64	751_K	[36.27153333 -1.27366667 85.29513333]
-0.08	 -0.12	-0.12	0.06	751_K	[33.244      -0.40459091 83.24377273]
0.15	 1.54	0.18	-0.46	751_K	[33.64561111  1.84177778 83.16433333]
-0.2	 -0.47	-0.08	0.18	751_K	[32.82623077  2.63464103 83.11220513]
-0.06	 -0.14	-0.06	0.04	751_K	[33.96        1.39097222 86.03088889]
-0.11	 -0.51	-0.07	0.13	751_K	[33.96446154 -1.75194872 85.71048718]
-0.14	 -0.43	-0.07	0.12	751_K	[33.62231111 -0.38313333 87.79175556]
-0.25	 -1.17	-0.06	0.33	751_K	[33.20680769 -2.98923077 87.72032692]
-0.29	 -1.31	0.21	0.47	751_K	[32.50409434 -2.30501887 90.02015094]
0.12	 0.66	-0.07	-0.15	752_D	[34.5814      4.66233333 83.26486667]
0.11	 0.79	-0.01	-0.24	752_D	[34.43054545  4.20281818 81.30536364]
0.13	 0.61	0.07	-0.27	752_D	[35.21824  5.51904 80.83292]
0.1	 1.59	0.1	-0.36	752_D	[36.45623077  4.41584615 86.79092308]
0.01	 0.06	-0.0	-0.08	752_D	[37.36325    3.194375  87.1094375]
-0.14	 -0.35	-0.01	0.14	752_D	[35.057275  5.279275 85.911875]
-0.07	 0.05	-0.05	0.0	753_V	[35.07193103  0.12544828 78.99137931]
0.18	 1.42	0.09	-0.35	753_V	[3.78475333e+01 5.99333333e-02 7.93386667e+01]
0.15	 0.8	0.09	-0.32	753_V	[38.22682609  0.29421739 77.08169565]
0.1	 0.7	0.04	-0.27	754_V	[34.543       0.58685714 76.9075    ]
-0.13	 -0.76	0.06	0.12	754_V	[31.83644444  0.83088889 77.81922222]
-0.1	 -0.21	-0.0	0.08	754_V	[32.30438333  3.04426667 79.88941667]
-0.13	 -0.44	-0.04	0.14	754_V	[30.35194118  3.23980392 77.04123529]
0.1	 0.14	0.01	-0.15	755_E	[33.56166667  0.243      75.59261905]
0.22	 1.63	0.08	-0.36	755_E	[31.49811111  0.64822222 71.62      ]
-0.15	 -0.48	0.06	0.17	755_E	[30.54351351  0.92375676 73.88864865]
-0.05	 -0.31	-0.01	0.02	755_E	[33.68440625 -1.18171875 73.67575   ]
-0.01	 0.3	-0.05	-0.05	755_E	[32.11458333 -1.19229167 71.13041667]
-0.18	 -0.67	0.06	0.24	755_E	[33.75648387 -3.24648387 71.79222581]
0.02	 0.33	-0.05	-0.09	755_E	[32.40284211 -1.53176316 69.10268421]
-0.02	 0.02	-0.08	-0.02	756_I	[29.67271429  2.79728571 72.41342857]
0.01	 0.07	-0.02	-0.08	756_I	[30.6967619   1.50019048 70.44580952]
-0.19	 -0.43	0.13	0.25	756_I	[29.12697561  3.81509756 69.89912195]
-0.08	 -0.1	-0.09	0.09	756_I	[29.6974      5.60433333 71.88353333]
-0.05	 -0.37	0.02	0.03	756_I	[29.894375    4.97771875 74.3774375 ]
-0.04	 -0.27	0.01	0.02	756_I	[31.47621053  7.78542105 71.37291228]
0.11	 1.56	0.24	-0.5	757_A	[31.56371429  1.01971429 69.477     ]
0.01	 0.3	-0.08	-0.07	757_A	[30.65977273  1.52763636 68.0605    ]
0.13	 1.7	0.04	-0.3	757_A	[33.79970588  2.88794118 66.31852941]
0.13	 1.26	0.26	-0.53	757_A	[34.887875   2.1921875 66.81525  ]
-0.03	 0.45	-0.05	-0.12	757_A	[31.28062  4.59744 66.94618]
0.15	 0.54	0.09	-0.3	758_N	[31.08776471  1.51623529 65.77082353]
0.12	 1.18	0.19	-0.42	758_N	[34.08184615  2.10815385 65.22353846]
0.12	 1.48	0.22	-0.49	758_N	[33.9858  2.2738 64.547 ]
0.19	 1.44	0.37	-0.61	758_N	[31.02933333  1.06113333 64.26366667]
0.05	 0.66	-0.02	-0.22	758_N	[34.95625    -2.12291667 66.02270833]
-0.09	 -0.08	-0.07	0.0	758_N	[32.64211765 -3.09517647 66.35429412]
0.02	 0.18	0.01	-0.12	758_N	[32.57895652 -3.56843478 64.36817391]
-0.1	 -0.11	-0.1	0.1	758_N	[30.78988235 -1.39102941 66.89664706]
0.16	 1.26	0.18	-0.41	759_L	[34.76108333  2.3635     64.02216667]
0.12	 1.8	0.15	-0.42	759_L	[35.2541 -0.5794 60.0596]
0.09	 1.76	-0.0	-0.2	759_L	[37.0975      0.23122727 60.6715    ]
0.13	 1.09	-0.02	-0.24	759_L	[37.19447619  2.86519048 63.93614286]
-0.08	 -0.06	-0.11	0.1	759_L	[39.09404255  2.71931915 61.11644681]
-0.09	 -0.27	-0.02	0.04	759_L	[35.75294545  4.52043636 61.93529091]
0.09	 1.33	0.03	-0.26	760_P	[35.43357143 -1.17771429 60.54871429]
0.0	 -0.11	-0.08	0.06	760_P	[33.9948  -1.98125 59.16765]
0.14	 1.23	0.06	-0.25	760_P	[31.70044 -2.6694  58.57132]
-0.12	 -0.53	-0.02	0.16	760_P	[33.18945946 -4.57813514 61.09816216]
-0.12	 -0.42	-0.02	0.09	760_P	[35.54064583 -3.871375   62.171125  ]
0.17	 1.88	0.15	-0.4	760_P	[35.90263636 -2.12063636 62.92645455]
0.14	 1.8	0.17	-0.42	761_D	[28.246  -2.2708 61.5045]
0.06	 0.18	-0.16	-0.07	761_D	[28.72969231  0.96607692 62.35969231]
0.05	 0.58	0.0	-0.18	761_D	[2.75837273e+01 3.94242424e-02 6.07073333e+01]
-0.08	 -0.5	-0.02	0.1	761_D	[29.00906061 -0.3719697  63.86218182]
-0.08	 -0.19	-0.04	0.09	761_D	[28.39877273 -3.29877273 63.62281818]
-0.22	 -0.94	0.08	0.26	761_D	[28.92841026 -3.10553846 65.55079487]
-0.1	 -0.19	0.01	0.11	761_D	[29.37211111 -4.47362963 62.98907407]
0.11	 1.26	0.14	-0.42	762_L	[29.5274  1.4982 62.733 ]
0.22	 1.22	-0.03	-0.24	762_L	[28.57790909  2.47881818 61.54354545]
0.1	 0.64	0.05	-0.29	762_L	[31.92681081  4.41021622 60.31294595]
0.11	 0.95	0.02	-0.27	762_L	[30.5054375  2.527625  64.032375 ]
-0.13	 -0.11	-0.07	0.03	762_L	[32.86371429  4.899      63.80307143]
-0.18	 -0.63	-0.03	0.17	762_L	[29.22534483  4.895      63.23553448]
0.16	 1.66	0.04	-0.28	763_Y	[31.079      -1.11933333 56.72166667]
-0.03	 0.06	-0.01	-0.0	763_Y	[30.27436585  0.15587805 54.62082927]
-0.06	 -0.0	-0.02	0.05	763_Y	[33.06828571  0.41469048 56.07090476]
-0.08	 0.32	-0.07	0.07	763_Y	[34.57116667  1.67616667 55.79116667]
0.05	 0.53	0.12	-0.25	763_Y	[32.88086486  3.99745946 56.67045946]
-0.08	 -0.39	0.07	0.03	763_Y	[35.6441      0.79876667 57.494     ]
-0.17	 -0.5	-0.08	0.2	763_Y	[34.25092  4.8404  57.37864]
-0.1	 -0.37	-0.0	0.12	763_Y	[37.31366667  2.279      57.9652963 ]
-0.03	 0.18	-0.01	-0.02	763_Y	[36.13935294  3.95941176 57.23182353]
-0.24	 -0.89	0.09	0.35	763_Y	[37.10865   5.28315  58.173275]
0.03	 0.23	-0.13	-0.07	764_K	[28.05446154 -1.59323077 55.44853846]
0.13	 1.46	0.22	-0.5	764_K	[25.686625 -0.48425  57.23075 ]
-0.17	 -0.57	-0.03	0.17	764_K	[25.74463889 -0.15288889 55.26775   ]
-0.05	 -0.22	-0.1	0.09	764_K	[26.47772727 -1.96615152 58.06624242]
-0.13	 -0.9	-0.02	0.17	764_K	[28.98285294 -3.51335294 56.70694118]
-0.12	 -0.99	0.06	0.16	764_K	[27.25148649 -3.96967568 59.39902703]
-0.24	 -1.16	0.05	0.3	764_K	[29.85209091 -5.61681818 58.471     ]
-0.2	 -0.36	-0.01	0.28	764_K	[29.25641667 -5.95604167 60.86504167]
-0.01	 0.82	-0.09	-0.06	765_V	[24.82636364  2.00590909 56.12227273]
0.11	 0.79	-0.05	-0.16	765_V	[25.93884615  5.15892308 56.72692308]
-0.12	 -0.25	0.04	0.17	765_V	[25.61497222  4.08558333 54.6385    ]
-0.19	 -0.73	-0.01	0.23	765_V	[24.2215     3.772125  57.6998125]
-0.16	 -0.92	0.06	0.26	765_V	[24.41242424  1.39586364 59.19004545]
-0.09	 -0.08	-0.03	0.04	765_V	[26.15471429  4.37940476 59.9235    ]
-0.01	 0.28	-0.14	-0.09	766_F	[27.53377778  6.44177778 55.45527778]
-0.05	 -0.01	-0.2	0.01	766_F	[30.48638462  5.989      54.50446154]
0.01	 0.35	-0.03	-0.14	766_F	[31.37041667  3.90325    54.894     ]
-0.03	 0.21	0.0	-0.1	766_F	[30.60642857  6.23909524 56.94671429]
-0.09	 -0.11	-0.1	0.11	766_F	[30.2285      7.60466667 58.25833333]
-0.14	 -0.64	0.08	0.12	766_F	[28.07183333  8.16597619 57.20011905]
-0.02	 0.37	-0.01	-0.09	766_F	[30.14152941  6.60705882 59.72205882]
-0.19	 -0.95	0.14	0.26	766_F	[27.32346809  9.28942553 58.48644681]
-0.11	 -0.32	-0.1	0.09	766_F	[28.03353333  6.8465     61.21333333]
-0.2	 -1.11	0.1	0.3	766_F	[27.25544444  8.6346     60.38515556]
-0.03	 -0.82	-0.12	-0.01	767_E	[28.44915  6.0948  53.62355]
-0.01	 0.17	-0.04	-0.12	767_E	[30.71842857  3.85328571 52.90804762]
-0.07	 -0.25	-0.04	0.08	767_E	[30.88735714  6.33092857 52.36921429]
-0.16	 -0.67	-0.04	0.16	767_E	[28.99375     7.17680556 51.11138889]
-0.14	 -0.6	-0.12	0.1	767_E	[28.68316667  3.65123333 50.69293333]
0.08	 0.9	0.01	-0.22	767_E	[28.1256   2.70972 52.61544]
-0.04	 -0.22	-0.1	0.06	767_E	[27.1939375   1.33809375 51.790375  ]
-0.28	 -0.98	0.16	0.43	767_E	[26.4767    1.666625 50.189325]
-0.19	 -0.6	0.03	0.27	767_E	[27.91754545 -0.33539394 52.47066667]
-0.03	 -0.08	-0.11	0.01	768_R	[31.59135294  4.45164706 50.86582353]
-0.06	 -0.33	-0.07	0.06	768_R	[31.74495  7.4972  49.9534 ]
0.11	 1.55	0.13	-0.4	768_R	[28.7828  7.05   49.1014]
-0.11	 -0.17	-0.07	0.08	768_R	[28.97935484  5.1676129  47.98719355]
-0.15	 -0.75	0.07	0.27	768_R	[33.6007931   6.10051724 48.53772414]
-0.12	 -0.61	-0.17	0.12	768_R	[31.64623529  4.06661765 47.28658824]
-0.23	 -1.12	0.07	0.31	768_R	[33.43311111  3.35575    46.51938889]
-0.08	 -0.45	-0.08	-0.2	768_R	[33.9927037   3.69551852 49.15148148]
-0.12	 -0.52	-0.07	0.11	768_R	[35.39992593  2.80007407 48.25592593]
-0.27	 -1.15	0.11	0.39	768_R	[36.27290566  2.08811321 46.75037736]
-0.3	 -1.26	0.23	0.49	768_R	[36.37528  2.16444 49.94698]
0.18	 0.28	-0.12	-0.13	769_C	[31.67553333  8.32893333 47.63526667]
-0.01	 -0.09	-0.0	-0.0	769_C	[28.38283333  8.10616667 47.755875  ]
-0.03	 -0.19	-0.03	-0.03	769_C	[29.54136364  6.98181818 45.0075    ]
-0.27	 -0.93	0.1	0.4	769_C	[31.34112903  7.07370968 44.76577419]
-0.2	 -1.08	0.02	0.27	769_C	[29.91061905 10.0882381  45.68135714]
-0.27	 -1.29	0.09	0.42	769_C	[29.72601351 11.08628378 48.42885135]
-0.25	 -0.88	0.15	0.39	769_C	[28.10890476  6.64861905 45.11404762]
