-0.2	 -0.6	-0.0	0.23	20_A	[-14.86582979  54.25489362  -5.94708511]
0.09	 1.24	0.01	-0.23	20_A	[-16.72171429  53.569       -6.36971429]
0.16	 1.17	0.17	-0.41	20_A	[-15.66953571  51.20367857  -6.16621429]
0.2	 1.51	0.27	-0.52	20_A	[-15.70112  49.4558   -8.26796]
-0.09	 -0.32	-0.09	0.12	20_A	[-15.094625    52.52216667  -9.56695833]
-0.13	 -0.37	-0.07	0.19	20_A	[-17.6454375  53.279375   -6.8325   ]
0.02	 0.54	-0.11	-0.07	20_A	[-16.05283333  50.99377778  -9.52205556]
-0.21	 -1.01	0.16	0.36	20_A	[-15.96843478  54.093       -9.11330435]
-0.14	 -0.25	-0.25	0.25	20_A	[-13.675125    51.91984375  -8.22709375]
0.07	 1.42	0.05	-0.28	21_D	[-16.30218182  52.28627273  -4.64027273]
0.09	 0.16	-0.13	-0.08	21_D	[-17.1912  50.9759  -3.8424]
-0.08	 -0.51	-0.24	0.1	21_D	[-16.61437143  50.51491429  -1.61877143]
-0.05	 0.55	-0.1	-0.01	21_D	[-12.83375     49.13541667  -2.91808333]
-0.11	 -0.16	0.01	0.03	21_D	[-12.50970588  52.28182353  -2.96435294]
-0.2	 -0.52	0.06	0.26	21_D	[-12.2366   52.40205  -4.78445]
-0.28	 -0.99	0.14	0.4	21_D	[-13.97574286  52.87042857  -2.09591429]
0.05	 0.13	0.05	-0.14	21_D	[-15.7877  52.2531  -3.8428]
-0.03	 -0.14	0.02	0.09	21_D	[-13.98725926  49.37040741  -2.08785185]
-0.0	 0.33	-0.04	-0.07	21_D	[-12.23292308  49.15596154  -4.40292308]
0.18	 1.28	0.25	-0.48	22_C	[-17.90863636  50.19981818  -4.89809091]
0.14	 1.18	0.25	-0.58	22_C	[-18.604    49.9925   -4.35325]
0.13	 0.8	0.09	-0.32	22_C	[-15.60744444  47.17985185  -1.57792593]
0.09	 0.57	-0.14	-0.13	22_C	[-20.34022222  49.05988889  -4.40388889]
-0.05	 -0.33	-0.22	0.14	22_C	[-18.99775     50.27775     -3.33866667]
0.23	 1.29	0.32	-0.52	22_C	[-21.473       48.33245455  -4.15163636]
0.17	 0.89	0.06	-0.37	22_C	[-20.43064706  48.94782353  -5.75917647]
0.08	 0.73	-0.14	0.04	23_T	[-19.978       48.71266667   2.22433333]
0.0	 0.18	-0.03	-0.08	23_T	[-17.75751429  49.45611429   0.68145714]
0.08	 0.66	-0.07	-0.22	23_T	[-20.1709  46.4597   3.3733]
0.13	 0.74	0.08	-0.33	23_T	[-16.35114286  46.35446429   0.71457143]
0.06	 0.68	-0.03	-0.12	23_T	[-20.69433333  48.77453333   1.342     ]
-0.27	 -0.68	-0.05	0.39	23_T	[-18.68053846  49.75276923   2.14961538]
-0.15	 -0.28	-0.01	0.13	23_T	[-19.03576923  47.78484615   3.91207692]
0.15	 1.25	0.15	-0.4	25_T	[-23.47115  39.74715   2.73895]
0.03	 -0.08	-0.18	0.06	25_T	[-23.577    43.26925   4.06025]
-0.06	 0.11	-0.06	0.07	25_T	[-21.68376667  44.3659       4.97843333]
-0.13	 -0.5	-0.08	0.12	25_T	[-22.99010714  41.17296429   6.28742857]
0.2	 0.87	0.14	-0.34	25_T	[-19.36745161  42.54348387   5.00519355]
0.0	 0.2	-0.33	0.15	25_T	[-23.65459259  42.41681481   2.64188889]
-0.07	 -0.23	-0.18	0.06	25_T	[-22.39804167  45.02016667   2.91795833]
-0.29	 -1.12	0.31	0.49	25_T	[-23.99363158  42.47736842   5.88189474]
0.09	 0.6	0.16	-0.35	25_T	[-23.5835      40.34008333   4.54675   ]
-0.28	 -0.9	0.03	0.46	25_T	[-21.35052632  41.84305263   6.61115789]
0.14	 1.28	0.24	-0.51	26_Q	[-23.675       38.59885714   3.71057143]
-0.06	 0.25	-0.05	-0.03	26_Q	[-23.63795238  38.18564286   5.81052381]
-0.06	 0.84	-0.07	0.05	26_Q	[-19.35783333  37.961        6.96633333]
0.14	 1.15	0.24	-0.46	26_Q	[-21.91325     35.344875     6.86429167]
-0.04	 0.43	-0.1	-0.03	26_Q	[-20.033       33.81536364   6.19059091]
0.22	 1.51	0.28	-0.53	26_Q	[-21.11214286  33.20992857   5.24828571]
-0.06	 -1.16	-0.03	0.08	26_Q	[-17.78652941  34.778        6.53052941]
0.03	 0.32	-0.09	-0.06	26_Q	[-19.42875  39.93825   5.727  ]
0.09	 0.28	0.02	-0.18	26_Q	[-18.336      38.343625    5.7290625]
-0.14	 -0.23	-0.03	0.23	26_Q	[-20.80333333  38.27957143   7.19471429]
-0.24	 -0.4	-0.31	0.31	26_Q	[-21.05830435  35.33726087   7.83647826]
-0.2	 0.18	0.06	0.24	26_Q	[-17.68468421  36.39905263   6.67589474]
-0.14	 -0.68	0.01	0.12	26_Q	[-16.79433333  34.59246667   5.3884    ]
0.1	 1.09	0.03	-0.31	27_L	[-27.95986364  36.67231818   4.35240909]
0.09	 1.22	-0.15	-0.09	27_L	[-25.4624375  37.505125    4.7061875]
0.16	 1.7	0.23	-0.47	27_L	[-24.71328  38.17772   2.70836]
-0.1	 -0.2	-0.03	0.03	27_L	[-27.34173333  36.26413333   5.066     ]
0.12	 1.1	0.04	-0.31	27_L	[-26.59658333  38.34091667   3.14966667]
0.18	 1.3	0.41	-0.64	28_E	[-23.85736364  35.57863636   6.74736364]
0.11	 0.62	0.0	-0.23	28_E	[-27.94128571  33.20871429   5.82757143]
-0.1	 0.44	-0.11	0.06	28_E	[-26.02111111  34.91822222   8.47411111]
0.07	 0.89	0.12	-0.37	28_E	[-25.378       32.14606667  10.028     ]
-0.11	 -0.37	-0.07	0.12	28_E	[-23.47833333  32.154875     9.854625  ]
-0.17	 -0.6	-0.02	0.28	28_E	[-22.38964286  33.59964286   9.22371429]
-0.24	 -0.76	0.09	0.33	28_E	[-23.53829268  30.42078049   9.58609756]
-0.2	 -0.41	-0.3	0.17	28_E	[-25.84657143  35.98721429   6.44242857]
0.14	 0.86	0.07	-0.36	28_E	[-22.7279      32.9368       6.45936667]
-0.1	 -0.01	0.03	0.05	28_E	[-24.48292308  35.01511538   8.51811538]
-0.08	 -0.04	-0.06	0.12	28_E	[-27.25996296  33.45318519   7.91292593]
-0.22	 0.03	-0.01	0.2	28_E	[-26.34954545  32.458       10.07709091]
0.09	 0.61	-0.05	-0.26	29_I	[-24.5088125  28.7981875   7.0606875]
0.14	 0.74	0.05	-0.31	29_I	[-23.54214286  30.53157143   6.22471429]
0.1	 0.89	-0.04	0.07	30_V	[-29.67566667  29.24433333   9.703     ]
0.0	 0.78	-0.04	-0.11	30_V	[-27.8615      30.624        9.27566667]
-0.08	 -0.76	-0.12	0.11	30_V	[-31.160375    30.22983333   7.92054167]
-0.08	 -0.05	-0.09	0.04	30_V	[-29.73947059  27.94952941   9.55635294]
-0.15	 -0.55	0.04	0.2	30_V	[-28.48448  30.77728   9.83288]
0.01	 -0.32	0.08	-0.16	30_V	[-26.78889655  28.67741379   9.42313793]
0.16	 1.45	0.22	-0.48	30_V	[-28.07266667  31.65583333   7.58983333]
-0.25	 -0.93	0.12	0.37	30_V	[-30.63972727  30.47963636   9.14027273]
0.03	 -0.36	-0.06	-0.13	30_V	[-30.06589474  31.40315789   6.48005263]
0.12	 1.17	-0.07	-0.18	30_V	[-32.24955556  29.138        7.17177778]
0.13	 0.98	0.03	-0.32	31_P	[-33.713375  25.20925    7.259375]
-0.1	 -0.39	-0.02	0.16	31_P	[-33.189       27.16639474   7.9745    ]
-0.1	 0.21	-0.18	0.07	31_P	[-32.41669231  23.67484615   8.15661538]
-0.02	 -0.06	-0.33	0.13	31_P	[-29.17095238  23.43190476   9.10333333]
0.09	 0.54	0.0	-0.23	31_P	[-27.92928571  26.02378571   9.36978571]
-0.15	 -0.51	0.19	0.22	31_P	[-32.471       24.77905556   8.77938889]
-0.19	 -0.65	-0.1	0.26	31_P	[-31.66860714  22.99682143   6.99264286]
-0.25	 -0.75	0.17	0.42	31_P	[-29.807       23.96317391  10.06113043]
0.05	 0.26	-0.25	-0.09	31_P	[-28.93688889  22.54027778   8.02961111]
-0.05	 -0.34	0.06	0.12	31_P	[-29.688       26.445        9.65821053]
0.08	 0.7	-0.0	-0.27	32_Q	[-35.62638889  25.64122222   7.16133333]
-0.06	 0.09	0.01	-0.1	32_Q	[-35.34277358  23.60018868   5.425     ]
0.1	 0.86	-0.01	-0.24	32_Q	[-34.88961111  26.67044444   2.05833333]
0.1	 0.95	-0.1	-0.16	32_Q	[-33.92433333  29.33516667   5.5095    ]
0.05	 0.82	0.01	-0.15	32_Q	[-32.51088889  30.25666667   5.5612963 ]
0.14	 0.14	-0.05	-0.21	32_Q	[-35.320625   29.523375    4.6296875]
0.2	 1.5	0.23	-0.48	32_Q	[-32.89266667  24.005        5.4095    ]
0.11	 0.96	0.0	-0.2	32_Q	[-34.508       28.16188235   6.31682353]
0.13	 1.09	0.13	-0.39	32_Q	[-35.16444444  25.63011111   2.37044444]
0.12	 0.28	-0.09	-0.16	32_Q	[-35.836625  27.386125   2.48075 ]
-0.02	 -0.11	0.03	-0.02	32_Q	[-34.21053125  31.5016875    3.99615625]
0.06	 0.69	-0.08	-0.11	33_F	[-39.8574  25.9543   4.0979]
-0.36	 0.4	-0.08	-0.01	33_F	[-37.63225532  26.16321277   2.79938298]
-0.04	 0.28	-0.05	0.02	33_F	[-40.0812  27.044    6.1267]
0.06	 0.86	0.11	-0.25	33_F	[-38.03407143  26.87042857   8.20564286]
-0.03	 -0.01	-0.04	-0.1	33_F	[-37.83032558  28.12097674   8.22967442]
-0.06	 -0.47	0.39	-0.08	33_F	[-38.53610714  25.54492857   9.02714286]
-0.15	 -0.6	0.07	0.12	33_F	[-37.67154545  28.6270303    9.81412121]
-0.14	 -0.78	-0.04	0.17	33_F	[-38.09522581  25.70141935  10.70632258]
-0.16	 -0.71	0.02	0.16	33_F	[-37.76283871  27.48196774  11.17958065]
0.08	 0.64	-0.1	-0.19	33_F	[-36.83680952  28.04028571   5.1792381 ]
-0.04	 -0.01	-0.13	-0.01	33_F	[-37.66790909  23.99754545   6.98136364]
-0.2	 -1.4	0.02	0.28	33_F	[-39.24976923  27.73923077   5.49153846]
-0.12	 -0.34	0.01	0.2	33_F	[-40.38218182  25.74304545   6.25077273]
-0.43	 -0.44	0.1	0.58	33_F	[-38.15523529  29.30694118   7.28876471]
-0.39	 -0.47	0.08	0.51	33_F	[-39.0669375  24.2946875   8.6544375]
-0.72	 -0.61	0.3	0.52	33_F	[-37.4758  29.8555  10.2892]
-0.29	 -0.99	0.29	0.6	33_F	[-38.05377778  24.801       11.36233333]
-0.47	 -0.67	0.31	0.7	33_F	[-37.48475  27.57895  12.33355]
0.12	 0.93	0.21	-0.43	34_G	[-38.70246154  23.56269231   4.95369231]
-0.07	 -0.74	-0.03	0.03	34_G	[-40.84921053  24.07484211   3.41863158]
-0.06	 0.36	-0.05	0.06	34_G	[-40.16463636  21.604        2.30072727]
-0.03	 0.11	-0.04	0.03	34_G	[-38.51355556  21.37327778   3.82438889]
-0.21	 -0.64	-0.08	0.1	34_G	[-39.5225  23.2998   5.6357]
-0.34	 -1.05	0.28	0.59	34_G	[-41.39410526  23.22578947   3.70915789]
-0.25	 -0.55	0.05	0.34	34_G	[-40.29746154  25.09146154   2.15923077]
-0.02	 1.62	-0.05	-0.01	35_S	[-40.32025   22.7085     0.985875]
0.09	 1.63	-0.06	-0.18	35_S	[-39.84266667  21.88333333  -0.092     ]
0.24	 1.46	0.29	-0.55	35_S	[-36.41411765  23.74464706   1.62294118]
-0.01	 0.67	-0.03	-0.06	35_S	[-38.4073125  22.8163125  -1.460125 ]
-0.01	 0.08	-0.04	-0.05	35_S	[-36.82376923  20.46911538  -1.87080769]
-0.18	 -0.65	0.03	0.3	35_S	[-39.6045625  24.14375     0.688375 ]
-0.08	 -0.18	-0.04	0.15	35_S	[-39.6649375  20.6710625   0.35225  ]
-0.24	 -0.71	0.12	0.31	35_S	[-39.37634783  22.85217391  -1.42178261]
-0.08	 0.0	0.04	0.02	35_S	[-37.2467   24.03655  -0.36   ]
-0.22	 -0.3	0.12	0.25	35_S	[-36.73293103  22.19758621  -2.88917241]
0.16	 -0.2	0.03	-0.2	36_P	[-34.4131875  19.766375   -0.828    ]
-0.02	 -0.17	0.13	-0.1	36_P	[-35.39445  17.0387    2.7722 ]
-0.03	 -0.1	-0.04	0.0	36_P	[-36.609       16.63569565   0.43873913]
-0.08	 0.61	-0.04	0.01	36_P	[-38.92044444  18.73766667  -0.26822222]
-0.01	 0.54	0.02	-0.07	36_P	[-35.74308696  20.66704348   3.59782609]
-0.11	 -0.11	-0.22	0.1	36_P	[-34.84766667  16.70733333   2.62322222]
-0.13	 -0.5	0.08	0.28	36_P	[-37.05315385  17.91207692   3.26542308]
-0.09	 -0.2	0.03	0.1	36_P	[-35.93438095  17.75442857  -0.70904762]
-0.24	 -0.77	0.13	0.38	36_P	[-37.89608333  16.55520833   1.02866667]
-0.22	 -2.39	0.0	0.26	36_P	[-38.26909091  19.20090909  -1.07618182]
-0.16	 -0.55	0.13	0.2	36_P	[-39.08205  19.0296    1.49365]
0.08	 1.27	0.14	-0.4	37_N	[-32.04390909  21.19381818   3.32936364]
0.07	 1.19	-0.09	-0.21	37_N	[-31.27685714  17.52342857  -0.313     ]
0.05	 0.55	-0.13	-0.09	37_N	[-32.28938889  16.7935       2.36555556]
-1.05	 -0.23	2.26	0.51	37_N	[-30.6709    16.972725   3.4472  ]
-0.12	 -0.25	-0.06	0.1	37_N	[-32.65852941  15.76364706   0.42141176]
-0.1	 0.0	-0.04	0.11	37_N	[-33.76532143  19.81575      3.77464286]
0.03	 0.12	-0.04	-0.12	37_N	[-31.09185185  20.05803704   3.69514815]
0.1	 0.29	0.04	-0.21	37_N	[-31.87869565  19.10573913  -0.68065217]
-0.21	 -0.49	0.18	0.11	37_N	[-33.3666      15.3636       1.77162857]
-0.1	 -0.32	0.06	0.07	37_N	[-33.39572727  16.69372727  -0.20577273]
0.07	 1.46	0.14	-0.44	38_M	[-32.14685714  21.92485714   3.24514286]
0.15	 0.88	0.08	-0.31	38_M	[-31.78893548  23.23935484   4.26974194]
0.14	 1.14	-0.09	-0.15	38_M	[-34.1049  25.6395   0.56  ]
0.0	 0.39	-0.1	-0.09	38_M	[-33.53709375  21.90265625  -2.4314375 ]
-0.02	 0.07	-0.24	0.04	38_M	[-33.435       24.25228571  -3.99828571]
0.12	 0.59	-0.08	-0.31	38_M	[-33.34114286  22.48421429   3.32421429]
0.13	 1.22	0.1	-0.36	38_M	[-35.05209524  24.6017619    1.25366667]
0.2	 1.0	0.32	-0.6	38_M	[-33.686       25.8335      -0.48883333]
-0.09	 -0.14	-0.14	-0.0	38_M	[-35.5005    24.274625  -1.170625]
0.14	 1.33	0.29	-0.57	38_M	[-32.5832  23.644   -4.367 ]
-0.04	 0.12	-0.07	0.02	38_M	[-33.90535   25.631875  -2.77465 ]
0.06	 0.5	-0.08	-0.2	39_F	[-29.94105  21.7487    4.75195]
0.0	 0.33	-0.2	0.07	39_F	[-29.27815385  21.62292308   6.31046154]
0.12	 1.23	-0.03	-0.15	39_F	[-29.1547  20.1848   4.4843]
0.15	 1.43	0.21	-0.46	39_F	[-27.04252381  22.90752381   7.93285714]
0.07	 0.74	0.09	-0.27	39_F	[-28.38285  20.54745   6.36895]
0.04	 0.43	-0.17	-0.14	41_G	[-29.54425   33.8795     4.845625]
0.04	 0.35	-0.01	-0.17	41_G	[-31.32471429  32.78477143   4.23402857]
0.13	 1.12	0.11	-0.38	41_G	[-28.75346154  34.32438462   4.59538462]
-0.13	 0.09	0.04	0.04	42_E	[-30.56338889  37.80886111   4.92030556]
-0.03	 -0.25	-0.13	-0.0	42_E	[-33.85728571  36.49685714   4.698     ]
0.12	 1.55	0.18	-0.44	42_E	[-35.9243  35.363    2.9906]
0.05	 0.17	-0.06	-0.06	42_E	[-36.11845833  36.65429167   0.76604167]
-0.19	 -0.43	-0.08	0.27	42_E	[-36.45267391  36.42928261   3.75278261]
0.04	 0.17	-0.07	-0.04	42_E	[-30.66466667  35.59727778   4.73016667]
0.01	 0.17	0.07	-0.14	42_E	[-33.569125    34.74696875   3.77846875]
0.04	 0.08	0.04	-0.11	42_E	[-33.6126875  38.1703125   4.1809375]
0.15	 0.47	-0.03	-0.21	43_D	[-33.096     41.229875   3.2935  ]
-0.06	 0.33	-0.03	0.04	43_D	[-28.82636364  40.79836364   4.158     ]
0.14	 1.23	0.41	-0.61	43_D	[-29.3652  43.147    2.2304]
-0.01	 0.31	-0.14	0.04	43_D	[-27.48455769  42.79048077   1.53755769]
-0.07	 -0.04	0.01	0.04	43_D	[-31.71666667  39.95820833   4.33591667]
-0.17	 -0.34	0.09	0.19	43_D	[-29.53731818  42.34272727   3.85454545]
-0.05	 -0.46	-0.0	0.08	43_D	[-28.19305882  39.76423529   3.80423529]
0.0	 -0.25	-0.07	-0.07	44_E	[-32.3798  42.4118   3.6369]
0.08	 1.84	-0.05	-0.19	44_E	[-33.31133333  42.99966667   3.28733333]
0.0	 -0.02	-0.04	-0.05	44_E	[-35.03588  43.20832  -0.54436]
0.05	 1.36	-0.07	-0.13	44_E	[-32.30590909  44.83990909   3.07      ]
0.06	 0.55	-0.05	-0.16	44_E	[-34.02066667  45.72908333   0.11933333]
-0.07	 0.05	-0.02	0.01	44_E	[-32.77527778  47.6135       1.82488889]
-0.2	 -0.5	0.05	0.26	44_E	[-31.04335135  47.40810811   2.08156757]
-0.22	 -0.53	0.13	0.24	44_E	[-33.34187179  48.12164103   0.14884615]
-0.12	 -0.65	-0.16	0.15	44_E	[-31.36427273  42.998        3.67554545]
-0.09	 -0.39	-0.04	0.1	44_E	[-34.53268421  42.50373684   2.45621053]
-0.26	 -0.71	0.08	0.33	44_E	[-33.45947059  44.83241176   3.30147059]
0.03	 0.23	-0.05	-0.14	44_E	[-30.4736      44.5281       2.12976667]
0.13	 1.31	0.07	-0.35	44_E	[-33.62988889  45.12111111  -1.09944444]
-0.22	 -0.76	0.05	0.35	44_E	[-34.82552632  45.40168421   1.01305263]
0.18	 1.36	0.02	-0.32	45_H	[-31.37725    41.47425    -4.8943125]
0.15	 1.51	0.27	-0.54	45_H	[-29.33657143  44.84257143   0.24835714]
0.01	 0.47	-0.14	-0.1	45_H	[-31.86369231  46.22392308  -3.59253846]
0.06	 0.77	-0.05	-0.19	45_H	[-29.64729032  47.26874194  -0.30645161]
0.06	 0.39	-0.05	-0.2	45_H	[-29.94541667  47.82991667  -2.867     ]
0.18	 1.44	0.27	-0.52	45_H	[-33.79476923  43.63407692  -2.65438462]
0.09	 0.25	-0.02	-0.17	45_H	[-30.96108824  43.48711765  -4.36188235]
0.05	 1.01	-0.18	-0.07	45_H	[-2.83217143e+01  4.48355714e+01 -3.38571429e-02]
0.0	 -0.05	-0.15	-0.03	45_H	[-33.163       45.6947037   -2.60807407]
-0.18	 -0.64	-0.2	0.21	45_H	[-28.77547368  47.91073684  -0.29252632]
-0.38	 -0.53	0.06	0.4	45_H	[-31.51694118  48.45082353  -1.86747059]
0.17	 1.24	0.32	-0.56	46_V	[-29.85796154  40.51353846  -5.24276923]
0.14	 1.18	0.11	-0.36	47_R	[-31.90490909  33.26854545  -3.67486364]
0.17	 1.48	0.14	-0.41	47_R	[-34.71409091  35.688       -1.99236364]
0.07	 0.73	0.16	-0.53	47_R	[-34.141625  33.480625  -2.385375]
0.06	 1.27	-0.01	-0.18	47_R	[-35.05766667  32.8995      -1.475     ]
-0.03	 0.41	-0.08	0.05	47_R	[-35.8654  31.9192  -0.692 ]
-0.11	 -0.55	-0.0	0.08	47_R	[-36.93284615  31.59015385   0.59792308]
0.02	 0.36	-0.03	-0.07	47_R	[-36.33563333  33.47383333   2.70386667]
-0.11	 0.35	-0.0	0.18	47_R	[-36.99369231  29.84561538   1.32623077]
0.17	 1.05	0.09	-0.35	47_R	[-34.83583333  36.18275     -1.12425   ]
0.13	 1.13	0.32	-0.56	47_R	[-33.89414286  33.87533333  -2.7557619 ]
-0.01	 0.71	0.2	0.12	47_R	[-33.395       32.58263636  -2.19931818]
-0.16	 -0.25	-0.17	0.25	47_R	[-35.7944   34.10008  -1.14808]
0.05	 1.48	-0.03	-0.08	47_R	[-35.14354545  30.95327273  -0.85      ]
0.06	 0.33	-0.14	-0.03	47_R	[-36.67484615  34.44346154   1.67076923]
-0.31	 -0.72	0.0	0.43	47_R	[-37.14429167  32.34395833   3.3       ]
-0.01	 -0.04	0.07	0.05	47_R	[-35.82158333  29.017875     0.95716667]
-0.23	 -0.8	-0.44	0.3	47_R	[-37.0443   29.75725   2.86055]
0.08	 0.73	-0.04	-0.22	49_M	[-32.964   27.7758  -3.0584]
0.09	 1.8	0.09	-0.33	49_M	[-32.9822   29.6609   -2.72865]
0.1	 1.18	-0.1	-0.13	49_M	[-33.9405      27.71941667  -0.15629167]
0.11	 1.17	0.18	-0.45	49_M	[-32.74515789  27.88731579  -3.71431579]
0.12	 1.52	0.19	-0.45	49_M	[-32.10107692  31.40538462  -2.76646154]
-0.13	 -0.35	-0.22	0.22	49_M	[-33.94476667  29.40973333  -2.26056667]
0.12	 0.6	0.05	-0.33	51_S	[-29.90153846  20.76461538  -5.21138462]
0.13	 0.22	-0.09	0.02	51_S	[-31.28796429  22.09346429  -5.16578571]
0.0	 0.35	0.0	-0.15	51_S	[-30.42617241  19.76524138  -2.752     ]
0.05	 -0.32	-0.03	-0.39	51_S	[-32.0508  21.4602  -3.5533]
0.06	 0.55	-0.06	-0.2	52_N	[-29.201      17.0675      0.0437037]
0.15	 0.27	0.07	-0.28	52_N	[-24.27565  18.85945   0.86585]
0.02	 0.44	-0.18	-0.15	52_N	[-27.852       17.0437619    3.18266667]
0.19	 1.46	0.22	-0.48	52_N	[-25.1075     19.8245625  -0.8509375]
0.24	 1.42	0.38	-0.61	52_N	[-26.8131875  16.2129375   4.38825  ]
0.12	 1.06	0.07	-0.35	52_N	[-28.60686207  18.29193103   4.08393103]
0.09	 0.41	-0.01	-0.19	53_E	[-26.22172727  15.07554545  -0.99954545]
-0.1	 -0.67	-0.07	0.09	53_E	[-26.54203571  13.65753571  -1.92382143]
0.07	 0.83	-0.04	-0.17	53_E	[-26.4555      15.496       -4.28185714]
0.07	 1.63	-0.09	-0.15	53_E	[-28.90733333  16.21666667  -4.30133333]
-0.16	 0.57	-0.02	0.1	53_E	[-29.05930769  16.72346154  -5.66923077]
-0.2	 -0.48	-0.02	0.26	53_E	[-27.22738235  16.25638235  -6.75252941]
-0.07	 0.03	-0.03	-0.01	53_E	[-29.05365854  19.27195122  -6.30331707]
0.11	 0.51	-0.26	-0.13	53_E	[-24.74235294  18.03747059  -1.74891176]
-0.16	 -0.64	-0.07	0.22	53_E	[-28.719       15.77776923  -1.44976923]
0.01	 0.43	-0.16	-0.06	53_E	[-24.92835714  16.48957143  -3.80810714]
-0.18	 -0.6	0.01	0.07	53_E	[-27.58854545  14.94077273  -3.79381818]
-0.07	 -0.17	0.01	0.09	53_E	[-29.4642   17.34295  -3.3715 ]
0.07	 1.38	-0.1	-0.05	54_D	[-24.10644444  16.26177778  -1.00755556]
0.07	 0.79	-0.02	-0.2	54_D	[-23.7585      15.12166667  -1.073     ]
0.13	 1.54	0.23	-0.47	54_D	[-27.137375  14.816375   0.82075 ]
0.08	 0.47	-0.03	-0.2	54_D	[-26.96439286  14.88878571   2.94532143]
0.11	 1.63	-0.05	-0.2	54_D	[-22.42466667  14.89666667   0.08166667]
-0.06	 -0.74	-0.06	0.05	54_D	[-21.93715385  13.73376923   0.937     ]
0.02	 0.16	-0.1	-0.08	54_D	[-22.3505     12.0954375   2.13275  ]
-0.14	 -0.13	0.02	0.15	54_D	[-21.13748718  14.90205128   2.86748718]
0.11	 0.79	-0.04	-0.22	54_D	[-24.2837  17.1825  -0.3294]
-0.03	 -0.74	0.03	0.13	54_D	[-23.65092308  13.85461538  -1.11246154]
-4.59	 -0.16	6.17	0.79	54_D	[-22.66382143  16.4505       0.42553571]
0.12	 1.42	0.17	-0.46	55_P	[-27.9447  11.6953   0.9446]
0.12	 1.23	0.44	-0.67	55_P	[-26.9596   9.9098   3.6144]
-0.21	 -0.52	0.02	0.24	55_P	[-28.04358824  11.68758824   4.1715    ]
-0.11	 -0.64	-0.08	0.12	55_P	[-27.6986       9.6164       0.93506667]
-0.04	 0.28	-0.09	-0.03	55_P	[-24.67970833   9.25670833   0.27445833]
-0.06	 0.44	-0.05	0.0	55_P	[-23.82288889  11.84322222  -1.12366667]
-0.11	 -0.31	-0.07	0.17	55_P	[-28.1315      12.67596667   1.25386667]
-0.1	 0.14	0.11	0.05	55_P	[-27.06557895   9.18415789   2.22189474]
-0.2	 -0.67	0.06	0.3	55_P	[-27.62124  10.61336  -0.4618 ]
-0.04	 -0.22	-0.37	0.14	55_P	[-23.398    9.8008   1.0384]
-0.33	 -1.21	0.29	0.58	55_P	[-24.94888235   9.29264706  -0.95570588]
0.0	 0.14	0.05	-0.04	55_P	[-23.18895238  11.55142857   0.34171429]
-0.08	 -0.46	-0.06	0.13	55_P	[-25.35204545  11.72822727  -1.71804545]
0.08	 0.63	0.13	-0.44	56_N	[-25.6415   11.14875   6.62375]
0.02	 0.7	-0.11	-0.01	56_N	[-25.38264286  12.85357143   6.97992857]
-0.24	 -0.56	0.1	0.31	56_N	[-22.86595238  12.18285714   7.05214286]
-0.15	 0.11	-0.03	0.09	56_N	[-24.98233333   9.16625      6.2495    ]
-0.15	 -0.68	-0.05	0.19	56_N	[-23.042        8.36566667   4.90233333]
-0.19	 -0.59	0.05	0.21	56_N	[-21.81638462  10.48133333   4.67417949]
-0.09	 -0.28	0.07	0.05	56_N	[-23.9405       7.82761111   3.23083333]
-0.07	 0.41	0.02	-0.02	56_N	[-26.80768421  12.27868421   6.06821053]
-0.15	 -0.71	0.08	0.27	56_N	[-24.0822381   10.05761905   6.91738095]
-0.22	 -0.36	0.14	0.21	56_N	[-25.9918    8.98296   5.12988]
-0.16	 -0.21	0.08	0.25	56_N	[-22.77590323   8.79909677   2.24629032]
-0.16	 -0.58	-0.03	0.21	56_N	[-25.37417647   8.14670588   3.10370588]
0.12	 1.63	0.21	-0.48	57_D	[-22.17433333  14.24816667   6.77916667]
-0.11	 0.32	0.06	-0.06	57_D	[-21.285      16.1849375   6.9046875]
-0.09	 -0.49	-0.03	0.1	57_D	[-22.40735  16.9525    8.24885]
-0.1	 -0.53	-0.07	0.11	57_D	[-20.7935      17.52071053   4.85386842]
-0.01	 0.26	-0.12	0.05	57_D	[-23.83846667  14.39193333   7.81606667]
-0.02	 0.41	0.03	-0.07	57_D	[-21.57219048  13.9472381    5.37390476]
0.17	 1.36	0.06	-0.35	58_D	[-26.6308  19.117    9.3958]
-0.02	 0.06	-0.55	0.15	58_D	[-27.61858065  20.55096774   8.21732258]
0.02	 1.05	0.07	-0.23	58_D	[-27.99817391  17.794        9.05769565]
-0.11	 -0.13	-0.18	0.12	58_D	[-28.7458   14.932     7.96228]
-0.17	 0.02	1.64	0.33	58_D	[-28.6043617   15.22340426   6.08365957]
-0.3	 -1.05	0.21	0.47	58_D	[-28.84241667  14.38933333   9.44813889]
-0.0	 0.35	0.0	-0.07	58_D	[-25.61957692  15.29411538   8.45926923]
0.08	 0.98	-0.46	-0.04	58_D	[-28.12210345  17.72358621   5.69865517]
-0.12	 -0.18	-0.14	0.18	58_D	[-26.75648148  16.88822222   9.87814815]
-0.21	 -0.75	0.05	0.26	58_D	[-28.93986957  18.00895652   8.36073913]
0.11	 1.36	0.21	-0.49	59_N	[-25.04236364  17.73790909   9.16581818]
-0.06	 0.26	-0.04	-0.02	59_N	[-21.22041667  20.29552778   7.83163889]
0.02	 0.4	0.07	-0.22	59_N	[-24.77357143  19.76033333  10.25209524]
-0.05	 0.36	-0.02	-0.03	59_N	[-23.45927273  22.09272727  10.25463636]
-0.09	 -0.09	-0.11	0.09	59_N	[-24.57880645  23.21164516   9.64612903]
-0.15	 -0.33	-0.08	0.14	59_N	[-22.11503846  21.469       11.1805    ]
0.14	 0.97	-0.06	-0.22	59_N	[-24.22133333  17.59816667   9.002     ]
0.18	 1.58	0.15	-0.42	59_N	[-25.96233333  21.42666667   8.48016667]
-0.24	 -0.48	-0.06	0.27	59_N	[-25.49881818  19.85918182  10.42454545]
-0.11	 -0.77	-0.11	0.17	59_N	[-22.70505882  18.81141176  10.011     ]
-0.3	 -1.0	0.25	0.52	59_N	[-21.9672   22.84008  11.1908 ]
-0.23	 -0.89	0.24	0.46	59_N	[-21.80195238  20.30314286  11.46485714]
0.17	 1.33	0.28	-0.54	60_P	[-20.85357143  22.278        6.85671429]
0.12	 1.59	0.1	-0.31	60_P	[-21.72747059  23.12211765   7.00064706]
0.15	 0.99	0.01	-0.24	60_P	[-21.33378571  19.84714286   3.09778571]
0.16	 1.38	0.05	-0.34	60_P	[-20.7085625  19.4586875   5.1910625]
0.07	 0.22	-0.09	-0.15	60_P	[-22.58127273  18.69263636   2.50681818]
0.12	 1.74	0.12	-0.4	61_D	[-19.76211111  21.09433333   6.19366667]
0.02	 0.31	-0.12	-0.12	61_D	[-17.59528  25.24868   3.18852]
-0.15	 -0.95	-0.09	0.18	61_D	[-17.798625  23.846      6.621875]
-0.06	 -0.21	-0.08	0.01	61_D	[-17.20143478  21.67113043   4.71382609]
-0.14	 -0.3	-0.05	0.13	61_D	[-17.48197059  20.93347059   3.11423529]
-0.3	 -0.91	0.22	0.47	61_D	[-15.80189744  21.64228205   5.85276923]
-0.1	 0.02	-0.21	0.09	61_D	[-19.76757143  20.28414286   4.84821429]
0.05	 0.79	-0.08	-0.13	61_D	[-20.28069231  24.47161538   6.04484615]
-0.15	 -0.5	0.09	0.18	61_D	[-17.86517391  24.78121739   5.42678261]
-0.23	 -0.26	-0.03	0.28	61_D	[-18.95377778  22.61318519   7.02759259]
0.05	 0.39	-0.02	-0.23	62_A	[-21.8255625   20.66590625   0.6006875 ]
0.1	 1.37	0.39	-0.62	62_A	[-16.81857143  22.43785714   1.28085714]
0.14	 1.77	0.13	-0.37	62_A	[-20.0033  21.055    2.6297]
0.05	 0.4	-0.04	-0.22	62_A	[-16.80821429  23.73357143   1.43796429]
0.0	 0.01	-0.04	-0.1	62_A	[-18.33468  21.20916   0.52392]
0.22	 1.05	0.16	-0.41	63_F	[-23.32564286  20.7645      -1.48085714]
0.19	 1.44	0.37	-0.6	63_F	[-24.27494444  21.04294444  -0.15522222]
-0.02	 0.31	0.06	-0.15	64_P	[-20.27217857  20.7715      -7.80475   ]
-0.11	 -0.45	-0.13	0.12	64_P	[-19.34008333  18.59483333  -5.81775   ]
-0.08	 0.2	-0.0	0.01	64_P	[-19.07005556  18.29644444  -2.95027778]
-0.06	 0.59	0.25	0.03	64_P	[-21.92483333  19.19166667  -1.72988889]
0.03	 0.05	0.05	-0.2	64_P	[-20.31433333  18.12283333  -6.11477778]
-0.11	 -0.16	0.01	0.11	64_P	[-18.44241176  19.05988235  -5.67664706]
-0.15	 -0.36	2.22	0.44	64_P	[-20.72437931  17.53441379  -3.24662069]
-0.12	 -0.26	-0.09	0.04	64_P	[-18.67866667  19.48627778  -2.07511111]
0.03	 0.5	-0.57	0.29	64_P	[-23.12062857  18.89351429  -2.51828571]
-0.02	 0.31	-0.11	-0.06	64_P	[-20.72511765  20.11129412  -0.92270588]
0.06	 1.2	0.12	-0.46	65_E	[-24.02461538  16.65953846  -5.222     ]
-0.05	 0.33	-0.09	0.01	65_E	[-23.09184  16.838    -7.3234 ]
-0.16	 -0.51	0.06	0.24	65_E	[-23.21315385  17.6604359   -8.81515385]
-0.21	 -0.57	-0.04	0.33	65_E	[-22.183475  16.396275  -5.97495 ]
0.15	 0.67	0.07	-0.24	65_E	[-25.72227778  18.86088889  -8.21638889]
0.12	 0.96	0.01	-0.25	65_E	[-23.40876923  17.72        -4.32238462]
-0.02	 0.16	-0.21	-0.02	65_E	[-25.16890909  16.31881818  -5.75336364]
0.1	 2.05	-0.2	-0.1	66_P	[-26.7036  22.284  -10.8888]
-0.02	 -0.1	-0.0	-0.02	66_P	[-27.20848276  20.71389655  -9.23286207]
0.11	 1.47	0.04	-0.21	66_P	[-22.26666667  22.57416667 -11.21166667]
-0.03	 1.79	-0.04	-0.05	66_P	[-22.563       20.51154545 -10.17190909]
0.09	 0.11	0.05	-0.16	66_P	[-25.93465  22.8863  -11.627  ]
-0.13	 -0.12	-0.01	0.05	66_P	[-23.04575    22.34075   -11.9818125]
-0.14	 -0.46	-0.12	0.2	66_P	[-24.04227273  20.21304545 -10.30490909]
0.07	 0.53	0.0	-0.13	66_P	[-21.8179375  20.873125   -9.4548125]
0.05	 1.07	0.0	-0.17	67_P	[-30.29010526  22.23084211  -9.66894737]
0.04	 0.32	-0.03	-0.15	67_P	[-29.68616  22.04884  -7.5992 ]
0.0	 0.25	-0.05	-0.06	67_P	[-28.7144      22.58728571 -11.11891429]
0.11	 0.95	0.07	-0.34	69_Y	[-31.91616667  31.61958333  -5.70141667]
0.16	 1.25	0.17	-0.41	69_Y	[-31.4205      31.49431818  -4.46040909]
-0.01	 0.2	-0.24	-0.0	69_Y	[-32.85109524  29.59619048  -5.07628571]
-0.01	 -0.38	-0.02	-0.06	69_Y	[-33.24014286  27.95414286  -5.68814286]
-0.07	 -0.49	0.19	-0.17	69_Y	[-34.03384211  27.651       -7.09642105]
0.12	 1.42	-0.04	-0.21	69_Y	[-32.96776923  26.78976923  -5.03415385]
-0.1	 -0.45	-0.02	0.08	69_Y	[-34.5255      25.95816667  -8.24355556]
0.09	 0.45	-0.13	-0.15	69_Y	[-32.89611111  24.67622222  -5.57805556]
-0.12	 -0.63	-0.04	0.1	69_Y	[-33.9425  25.2538  -6.7951]
-0.18	 -0.58	-0.01	0.19	69_Y	[-32.83373333  23.25366667  -7.57663333]
-0.02	 0.04	-0.19	0.18	69_Y	[-33.10244828  30.67724138  -6.84075862]
-0.01	 0.01	-0.04	0.02	69_Y	[-33.71509524  29.14242857  -8.97190476]
0.04	 0.0	0.02	-0.03	69_Y	[-34.4211875  26.1388125  -9.5985   ]
-0.04	 0.41	0.06	0.06	69_Y	[-33.2159375  23.385      -9.275    ]
0.08	 1.06	-0.02	-0.3	70_L	[-32.81608333  32.88516667  -6.51675   ]
0.18	 1.51	0.25	-0.51	70_L	[-33.21082353  32.77382353  -7.89447059]
0.12	 1.42	0.16	-0.43	71_A	[-32.39193333  33.491       -5.27546667]
-0.06	 -0.13	0.47	-0.17	71_A	[-34.84693103  34.64031034  -3.89751724]
0.03	 0.24	0.03	-0.1	71_A	[-36.02906452  36.61583871  -5.73067742]
-0.1	 -0.13	-0.26	0.25	71_A	[-34.35302564  33.67966667  -4.96169231]
0.13	 1.42	0.29	-0.54	71_A	[-34.92516667  35.6935      -3.09058333]
0.19	 1.47	0.21	-0.47	72_D	[-36.01561111  38.44238889  -6.91827778]
0.07	 0.44	-0.14	-0.13	72_D	[-31.81025  42.06715  -7.16115]
0.07	 0.82	-0.12	-0.18	72_D	[-32.74054545  42.85290909  -6.20472727]
-0.04	 0.18	-0.13	-0.06	72_D	[-31.96916667  43.050875    -9.01683333]
0.21	 1.47	0.41	-0.64	72_D	[-31.41605556  40.43533333  -6.33411111]
0.07	 0.56	0.01	-0.2	73_R	[-36.6958      42.98406667  -3.72626667]
-0.14	 -0.25	0.02	0.12	73_R	[-38.47916129  41.95880645  -5.3983871 ]
0.08	 1.17	0.01	-0.2	73_R	[-36.4553  41.4187  -2.5319]
0.13	 1.59	0.03	-0.27	73_R	[-36.3874      39.86713333  -0.4948    ]
0.09	 0.61	-0.1	-0.14	73_R	[-36.51440909  40.44181818   1.0655    ]
0.08	 1.29	0.28	-0.6	73_R	[-35.3876  41.1432   2.5672]
-0.12	 -0.12	-0.06	0.16	73_R	[-37.8646087   39.74347826   1.84021739]
-0.1	 -0.53	-0.18	0.08	73_R	[-36.794       39.10783333  -4.88438889]
0.14	 0.42	0.02	-0.21	73_R	[-35.06123077  43.04746154  -3.00738462]
-0.11	 -0.17	-0.15	0.1	73_R	[-37.12964  41.24528  -2.25692]
0.02	 -0.17	-0.02	-0.17	73_R	[-35.46402778  37.68247222  -2.68836111]
-0.1	 -0.39	-0.15	0.14	73_R	[-37.42327273  39.91495455  -0.92945455]
-0.04	 0.02	-0.09	0.07	73_R	[-34.99369231  40.0405       3.41869231]
-0.31	 -1.35	0.33	0.58	73_R	[-38.64410526  40.09415789   0.87978947]
-0.3	 -1.15	0.18	0.48	73_R	[-37.72395  39.87955   3.12575]
0.12	 1.16	-0.11	-0.21	74_D	[-35.63483333  43.50683333  -4.02583333]
0.12	 1.58	0.04	-0.25	74_D	[-36.042    44.292    -4.38825]
-0.13	 -0.16	0.04	0.15	74_D	[-38.60054545  44.34427273  -7.7299697 ]
-0.07	 -0.38	-0.39	0.13	74_D	[-33.2684  45.7418  -5.6163]
-0.06	 0.31	-0.03	0.04	74_D	[-35.10515789  46.92878947  -7.48894737]
-0.29	 -0.73	0.17	0.41	74_D	[-36.38405882  47.56726471  -6.43235294]
-0.18	 -0.54	0.08	0.24	74_D	[-34.31904651  46.50888372  -8.74832558]
-0.13	 -0.38	0.05	0.21	74_D	[-37.45207143  44.76957143  -5.11685714]
-0.04	 0.53	-0.09	-0.11	74_D	[-34.43058065  45.24441935  -4.44809677]
0.13	 0.45	0.1	-0.22	74_D	[-33.12584  44.25536  -6.15212]
0.11	 1.02	-0.08	-0.16	75_S	[-39.1795  42.0455  -8.912 ]
-0.18	 -0.76	0.03	0.27	75_S	[-38.89471795  41.83792308 -11.02833333]
-0.04	 -0.27	-0.12	0.04	75_S	[-34.68317647  43.66035294 -11.57588235]
-0.08	 -0.42	-0.04	0.03	75_S	[-37.328375    44.66041667 -10.21641667]
-0.16	 -0.42	0.03	0.23	75_S	[-36.10444  42.6276  -12.25976]
-0.04	 -0.47	-0.02	0.03	75_S	[-33.883       43.91158333 -10.624875  ]
0.12	 0.43	-0.03	-0.17	75_S	[-34.0946  41.1512 -12.3124]
0.0	 0.07	-0.06	-0.0	76_G	[-39.39217647  40.26882353  -8.13288235]
0.1	 1.0	0.04	-0.24	76_G	[-37.75084211  38.43789474  -9.41315789]
-0.12	 -0.03	-0.12	0.11	76_G	[-38.35365   36.672575  -9.01125 ]
-0.13	 -0.2	-0.08	0.13	76_G	[-38.45985  39.24165  -7.24315]
-0.28	 -1.0	0.15	0.42	76_G	[-39.98473333  40.05186667  -9.2604    ]
0.1	 1.45	0.0	-0.24	77_N	[-37.56722222  39.51344444 -11.68211111]
0.09	 1.63	-0.09	-0.15	77_N	[-37.429  38.628 -12.209]
0.13	 1.82	0.1	-0.34	77_N	[-35.03213333  39.10313333 -13.18213333]
-0.11	 -0.11	-0.05	0.11	77_N	[-34.50646154  38.05492308 -14.49338462]
-0.21	 -0.74	0.05	0.3	77_N	[-36.09372727  36.32733333 -14.29221212]
0.05	 0.79	0.06	-0.16	77_N	[-32.97471429  37.43028571 -14.60714286]
-0.09	 -1.04	-0.03	0.24	77_N	[-37.80557143  37.32285714 -12.01164286]
-0.15	 -0.36	-0.04	0.15	77_N	[-36.16276  39.52424 -13.13848]
-0.07	 -0.59	0.0	0.09	77_N	[-33.21989474  35.77326316 -14.51268421]
0.17	 0.96	-0.01	-0.18	78_D	[-34.21318182  31.98163636 -11.25745455]
-0.12	 -0.87	-0.04	0.08	78_D	[-34.71089655  33.3472069  -13.18062069]
-0.05	 0.07	-0.02	-0.01	78_D	[-36.19609091  31.94663636 -10.445     ]
-0.14	 -0.06	-0.04	0.06	78_D	[-37.27147059  33.29464706  -7.826     ]
-0.03	 0.26	0.01	-0.19	78_D	[-36.06980556  34.08622222  -7.08297222]
-0.22	 -0.84	0.14	0.38	78_D	[-38.64990698  33.42767442  -8.72886047]
0.1	 0.49	0.04	-0.16	78_D	[-37.1865625  34.947125  -11.5183125]
-0.19	 -0.65	-0.03	0.28	78_D	[-37.19322222  32.76838889 -11.05077778]
-0.07	 0.13	-0.1	-0.01	78_D	[-34.55757576  31.83127273  -9.25842424]
0.08	 1.37	0.21	-0.53	79_C	[-33.31614286  31.59628571 -11.69542857]
-0.01	 -0.07	-0.04	-0.09	79_C	[-31.64790909  33.94381818 -14.10427273]
-0.14	 -0.47	-0.17	0.17	79_C	[-33.07661111  31.67777778 -12.85827778]
0.04	 0.1	0.06	-0.12	79_C	[-30.5175625  32.9193125 -14.11575  ]
0.1	 0.97	0.11	-0.26	79_C	[-31.8286875  34.804125  -14.0893125]
0.01	 0.56	-0.04	-0.06	80_R	[-28.26096429  30.70442857 -14.21885714]
-0.08	 -0.91	-0.05	0.06	80_R	[-33.765125   26.9138125 -13.0588125]
0.14	 0.79	-0.15	-0.02	80_R	[-32.23983333  26.0275     -14.3725    ]
-0.12	 0.02	0.01	0.03	80_R	[-32.75928571  24.46221429 -13.73307143]
-0.12	 -1.46	0.07	0.1	80_R	[-34.13006667  24.31093333 -11.88553333]
-0.09	 0.28	-0.0	0.07	80_R	[-31.15938889  23.33494444 -13.74233333]
0.01	 0.18	-0.08	-0.06	80_R	[-31.44113333  30.4932     -13.58793333]
0.17	 0.54	0.05	-0.26	80_R	[-30.57707692  28.64223077 -14.25276923]
0.11	 0.64	0.04	-0.23	80_R	[-33.06603704  29.69825926 -11.11722222]
-0.05	 -0.42	0.08	0.03	80_R	[-34.1494375  26.980875  -11.7944375]
-0.18	 -0.57	0.12	0.26	80_R	[-33.01365217  28.32169565 -13.67426087]
-0.14	 -0.88	0.04	0.19	80_R	[-34.4364  25.0047 -11.1527]
-0.13	 -0.47	-0.01	0.16	80_R	[-33.11542308  23.03461538 -11.20269231]
-0.1	 -0.36	-0.06	0.12	80_R	[-30.0070625  23.474375  -13.896875 ]
-0.21	 -1.09	0.11	0.32	80_R	[-31.33577273  22.3335     -12.4605    ]
0.16	 1.31	-0.02	-0.23	81_I	[-25.47133333  30.69633333 -13.38233333]
0.06	 0.11	-0.06	-0.2	81_I	[-23.08491667  30.10095833 -12.83229167]
-0.08	 -0.21	0.04	0.0	82_E	[-24.6446   23.57932 -13.86444]
-0.04	 0.05	-0.11	-0.03	82_E	[-25.53625     25.58533333 -16.20408333]
0.04	 0.67	-0.0	-0.15	82_E	[-28.23465  27.80795 -15.82305]
-0.05	 -0.53	-0.06	0.06	82_E	[-29.04991667  25.02716667 -15.81683333]
0.07	 0.2	-0.02	-0.11	82_E	[-27.942375  24.1375   -13.383625]
-0.17	 -1.03	0.04	0.22	82_E	[-30.77879167  26.169875   -15.54054167]
0.07	 -0.07	0.04	-0.17	82_E	[-25.212       28.87504762 -14.50971429]
-0.16	 0.01	-0.13	0.17	82_E	[-24.91686667  26.75046667 -16.21533333]
-0.1	 -0.14	0.06	0.07	82_E	[-26.0442   24.71835 -15.56575]
0.02	 0.46	-0.13	-0.09	82_E	[-27.42555556  28.94655556 -15.06455556]
-0.32	 -0.62	0.13	0.42	82_E	[-28.10835  27.2892  -16.85495]
0.15	 0.77	0.11	-0.38	83_D	[-20.72169231  28.72638462 -12.59426923]
-0.08	 0.18	-0.0	0.04	83_D	[-21.3836  24.5118 -15.4434]
-0.1	 -0.4	-0.08	0.16	83_D	[-21.03758824  27.34258824 -16.00723529]
-0.14	 -0.34	0.01	0.14	83_D	[-22.54028947  28.26452632 -15.56907895]
-0.12	 -0.22	-0.0	0.03	83_D	[-19.4242037   27.59724074 -15.10607407]
0.15	 1.5	-0.04	-0.18	83_D	[-22.00881818  23.696      -13.22681818]
-0.17	 -0.39	0.1	0.17	83_D	[-20.17805263  24.56421053 -14.53231579]
-0.12	 -0.65	0.02	0.21	83_D	[-22.84236  24.88892 -15.85392]
0.11	 1.38	0.13	-0.36	84_G	[-19.11671429  25.76557143 -13.24585714]
0.13	 1.84	-0.09	-0.15	84_G	[-18.14666667  24.99966667 -11.747     ]
0.05	 0.61	-0.01	-0.23	84_G	[-17.83844444  24.61622222 -10.73533333]
-0.07	 -0.22	-0.06	0.05	84_G	[-19.162       23.22996774  -9.68787097]
-0.07	 -0.09	-0.0	0.08	84_G	[-19.85527273  23.96977273 -12.12259091]
-0.06	 0.01	-0.05	-0.0	84_G	[-17.75584848  26.76260606 -11.82466667]
0.07	 0.19	-0.05	-0.17	85_G	[-16.76665  23.35695  -7.8609 ]
-0.09	 -0.26	-0.04	0.06	85_G	[-15.48293548  25.34512903  -8.7793871 ]
0.2	 1.55	0.33	-0.56	85_G	[-18.87846667  23.13973333  -7.44073333]
-0.01	 -0.3	0.0	-0.1	86_I	[-16.99881818  20.94163636  -6.52745455]
-0.02	 0.34	-0.06	-0.11	86_I	[-15.26052632  19.738       -4.20613158]
0.09	 0.47	0.01	-0.2	86_I	[-18.13235  21.39205  -6.53515]
0.01	 0.16	-0.01	-0.06	86_I	[-15.30704167  21.5585      -6.70679167]
0.17	 1.62	0.14	-0.41	86_I	[-17.3128125  20.9093125  -1.7346875]
-0.28	 -0.81	0.02	0.62	86_I	[-15.67381818  19.10363636  -5.2895    ]
0.1	 -0.16	-0.2	-0.07	86_I	[-13.90125  20.25575  -3.652  ]
-0.08	 -0.31	0.01	-0.02	86_I	[-16.70661538  19.57961538  -2.85192308]
0.08	 0.37	0.09	-0.45	88_S	[-16.1727   27.23175   1.57145]
0.02	 0.17	0.02	-0.11	88_S	[-14.91835294  27.02144118   0.77797059]
0.11	 0.92	-0.03	-0.05	88_S	[-17.17128571  25.516        1.39614286]
-0.07	 0.15	-0.08	0.0	88_S	[-16.40442308  28.64807692   2.284     ]
0.1	 0.63	-0.2	0.09	89_R	[-21.38166667  26.90266667   5.76533333]
0.03	 0.89	0.04	-0.25	89_R	[-22.38683333  26.15666667   6.82416667]
0.01	 0.56	-0.09	-0.02	89_R	[-23.10085714  26.92285714   6.96828571]
-0.07	 -0.11	-0.02	0.06	89_R	[-23.62292857  25.774        8.194     ]
0.07	 0.09	-0.06	-0.14	89_R	[-22.9341  23.7584   8.19  ]
-0.01	 -0.15	-0.03	-0.03	89_R	[-25.57468421  26.32605263   9.01394737]
0.1	 0.76	0.04	-0.23	89_R	[-20.02963158  26.48305263   5.04778947]
0.02	 0.18	-0.06	-0.07	89_R	[-22.1626875   28.4010625    5.67934375]
0.05	 -0.35	0.1	-0.16	89_R	[-21.91873333  25.44666667   6.68493333]
0.1	 0.58	0.04	-0.21	89_R	[-24.13855556  27.54044444   7.12233333]
0.02	 0.13	-0.19	-0.02	89_R	[-25.32730769  27.58269231   8.41192308]
-0.12	 -0.06	-0.13	0.09	89_R	[-26.08410526  24.62931579   9.24321053]
0.07	 0.97	-0.04	-0.14	90_G	[-19.63685714  28.29685714   5.12928571]
0.02	 0.26	-0.01	-0.14	90_G	[-18.78518519  30.33207407   5.25137037]
0.01	 0.01	-0.16	-0.03	90_G	[-16.76938462  30.92623077   3.29753846]
-0.04	 0.2	0.02	-0.05	90_G	[-17.15788  32.55012   4.6558 ]
0.02	 -0.04	-0.17	0.0	90_G	[-18.2777619   27.7802381    4.22104762]
-0.01	 0.1	-0.07	-0.06	90_G	[-20.90819355  31.15187097   5.38977419]
-0.28	 -0.88	0.18	0.51	90_G	[-18.07266667  30.03028571   5.84785714]
0.17	 1.49	0.4	-0.62	91_G	[-16.39464286  30.98435714   2.026     ]
0.1	 1.39	0.08	-0.34	93_F	[-16.39572727  36.90227273   4.89454545]
0.11	 0.89	0.07	-0.3	93_F	[-15.65489286  35.42532143   3.79228571]
0.2	 1.61	0.16	-0.43	94_L	[-23.4119   43.2836    0.78645]
0.15	 1.03	-0.07	-0.24	94_L	[-24.92696774  41.50229032   1.09680645]
0.16	 0.29	0.05	-0.23	94_L	[-26.3066875  39.8155625   2.1205625]
0.18	 1.6	0.16	-0.43	95_S	[-25.19336842  43.64894737  -0.23557895]
0.08	 0.95	0.04	-0.3	96_Q	[-26.0905  48.695   -1.2375]
-0.01	 -0.19	0.02	-0.05	96_Q	[-26.73096552  46.83137931  -0.09848276]
-0.06	 -0.01	-0.11	0.04	96_Q	[-22.922       48.116        1.46592308]
0.01	 0.05	0.01	-0.13	96_Q	[-23.67096296  49.78559259  -0.7232963 ]
0.07	 0.74	-0.13	-0.12	96_Q	[-22.46142105  49.33073684  -3.203     ]
-0.06	 -0.69	-0.03	0.1	96_Q	[-20.95190909  50.70254545  -1.92936364]
-0.04	 0.16	-0.08	0.01	96_Q	[-24.62553125  45.3850625    0.80790625]
-0.2	 -0.66	0.15	0.32	96_Q	[-24.63185  48.4191    1.3094 ]
0.04	 0.41	-0.17	-0.06	96_Q	[-22.04842857  47.2675       1.63085714]
0.01	 0.2	-0.12	-0.02	96_Q	[-24.91608333  49.57991667  -1.74791667]
-0.26	 -0.93	-0.03	0.31	96_Q	[-23.3479   50.47115   0.0798 ]
-0.19	 -0.79	0.14	0.25	96_Q	[-21.16533333  50.94785185  -0.54314815]
-0.0	 -0.26	0.03	-0.07	96_Q	[-19.55183333  50.34144444  -1.84855556]
-0.07	 -0.62	-0.02	0.01	97_D	[-29.09330435  46.65569565  -4.672     ]
-0.2	 -0.86	-0.09	0.19	97_D	[-26.38611111  49.834       -4.88133333]
0.06	 0.41	0.24	-0.06	97_D	[-23.57156  49.08096  -6.31744]
0.0	 -0.02	-0.05	-0.0	97_D	[-27.53745455  48.64263636  -2.53177273]
-0.12	 -0.02	0.03	0.04	97_D	[-27.2224  48.931   -5.6186]
-0.08	 -0.07	0.05	0.11	97_D	[-24.99252174  49.7933913   -3.81465217]
0.1	 1.0	0.03	-0.18	98_G	[-28.4893125  44.3015     -6.040375 ]
0.14	 0.84	-0.01	-0.24	98_G	[-29.03315385  42.21369231  -5.59523077]
0.13	 1.65	0.12	-0.41	98_G	[-29.26457143  44.52342857  -4.66257143]
0.16	 0.89	0.1	-0.31	99_R	[-26.556       44.10966667  -9.78883333]
-0.04	 0.84	-0.02	-0.06	99_R	[-28.154       45.88891667  -7.85841667]
-0.0	 -0.98	-0.01	-0.07	99_R	[-26.32638462  48.79515385  -8.83030769]
-0.1	 0.35	-0.11	0.13	99_R	[-25.9548  48.8442 -10.6944]
-0.02	 0.11	-0.14	-0.08	99_R	[-24.68985714  49.05764286 -10.69021429]
0.1	 0.99	0.03	-0.3	99_R	[-23.83184615  49.05253846  -9.16084615]
-0.08	 -0.3	-0.09	0.11	99_R	[-23.87        48.29136364 -12.70190909]
0.06	 0.64	-0.05	-0.19	99_R	[-27.76292857  43.16096429  -8.66707143]
0.11	 0.97	-0.0	-0.31	99_R	[-26.27071429  44.62064286 -10.2585    ]
-0.2	 -0.73	0.1	0.27	99_R	[-28.05404762  45.88261905  -9.26338095]
0.07	 0.83	0.02	-0.27	99_R	[-27.93205882  46.73082353  -6.89094118]
-0.34	 -0.65	0.15	0.38	99_R	[-27.394       48.70321053  -8.68947368]
0.12	 1.15	0.07	-0.46	99_R	[-24.81028571  48.99657143  -8.34571429]
-0.16	 -0.32	0.04	0.18	99_R	[-26.77744  47.09656 -11.1094 ]
0.25	 0.35	-2.7	4.48	99_R	[-23.993    48.91275  -8.362  ]
-0.17	 -0.61	0.07	0.23	99_R	[-25.04825     47.10357143 -12.88      ]
0.01	 -0.12	0.07	-0.08	99_R	[-22.6056      47.89466667 -12.73826667]
0.02	 0.31	0.01	-0.19	100_R	[-22.76733333  43.897625   -13.635625  ]
0.08	 0.46	-0.08	-0.16	100_R	[-25.454       44.29895833 -11.975     ]
0.04	 0.53	0.04	-0.13	100_R	[-21.2112381   44.9967619  -13.53161905]
-0.13	 -0.28	-0.2	0.17	100_R	[-23.70046154  44.99311538 -13.64553846]
0.16	 1.8	-0.06	-0.19	104_H	[-13.5892  29.0592   0.672 ]
0.06	 -0.0	-0.05	-0.18	104_H	[-10.723875  28.690125  -0.600375]
0.01	 0.3	-0.06	-0.13	104_H	[-12.65172727  28.61136364   0.41727273]
0.03	 0.23	-0.02	-0.18	104_H	[-9.86022727 29.64136364 -1.07677273]
0.03	 -0.02	0.06	-0.15	104_H	[-12.00552  27.3042   -0.5256 ]
0.14	 1.29	0.07	-0.29	105_E	[-13.70626667  26.95113333  -6.79413333]
0.2	 1.24	0.04	-0.32	105_E	[-14.771375   28.1799375  -7.89025  ]
0.2	 1.21	0.13	-0.38	105_E	[-16.410625    28.29925     -9.59816667]
0.08	 1.73	0.01	-0.33	106_F	[-12.796   26.3316  -6.5042]
0.1	 1.06	0.01	-0.21	106_F	[-12.922       25.22285714  -7.031     ]
0.1	 0.75	-0.02	-0.18	106_F	[-11.16466667  25.78822222  -2.11711111]
0.01	 -0.2	-0.08	-0.04	106_F	[-12.3005    24.874125  -1.22325 ]
0.09	 1.29	0.09	-0.29	106_F	[-13.51984615  25.15069231  -0.561     ]
-0.05	 0.2	-0.16	0.01	106_F	[-11.24565  23.20085  -1.9042 ]
-0.0	 0.26	-0.09	0.02	106_F	[-14.854       24.44         0.20746154]
-0.07	 -0.01	0.1	-0.09	106_F	[-12.63961905  22.4022381   -0.9012381 ]
-0.11	 -0.8	-0.1	0.11	106_F	[-14.40126667  22.6142       0.11046667]
0.1	 0.97	0.11	-0.35	106_F	[-11.68321053  26.30815789  -6.42636842]
0.13	 0.12	0.08	-0.22	106_F	[-10.04084211  24.59231579  -3.27789474]
-0.13	 -0.38	0.05	0.29	106_F	[-13.12227273  20.71859091  -1.77531818]
-0.11	 -0.09	-0.07	0.03	106_F	[-15.78172  21.5858   -0.22412]
0.15	 1.63	0.19	-0.45	107_S	[-11.16977778  24.67555556  -7.19188889]
0.04	 0.92	-0.09	-0.21	107_S	[-9.82678571 20.51264286 -7.26414286]
0.09	 0.31	-0.02	-0.15	107_S	[-8.43536842 21.88357895 -7.52494737]
0.01	 0.22	0.09	-0.25	107_S	[-12.379625    23.18675     -8.38833333]
-0.2	 -0.63	-0.06	0.33	107_S	[-12.29317857  20.59010714  -8.18464286]
0.15	 0.89	-0.42	0.14	107_S	[-13.15912  20.9182   -5.9174 ]
-0.14	 0.16	-0.16	0.05	107_S	[-13.65307143  23.35853571  -8.23632143]
-0.13	 -0.29	-0.11	0.16	107_S	[-10.64528571  23.08071429  -9.18307143]
-0.32	 -0.86	0.31	0.5	107_S	[-11.18115385  21.01603846  -9.66457692]
0.01	 1.42	-0.19	-0.01	108_G	[-10.56771429  19.86585714  -6.33328571]
-0.09	 -0.2	0.01	0.01	108_G	[-8.927      19.22736364 -4.93536364]
-0.08	 -0.16	-0.17	0.04	108_G	[-7.0314 19.8492 -3.5773]
-0.09	 -0.14	-0.0	0.09	108_G	[-9.10245652 21.55856522 -2.47173913]
-0.07	 -0.08	-0.18	0.09	108_G	[-11.65047059  20.27676471  -4.41161765]
-0.25	 -0.68	0.13	0.41	108_G	[-9.35408333 18.845      -4.09083333]
-0.22	 -0.83	0.29	0.41	108_G	[-7.89582353 19.45135294 -6.13864706]
0.06	 1.42	-0.01	-0.22	109_S	[-6.3193 20.2043 -4.6644]
0.07	 0.79	0.36	-0.65	109_S	[-5.539      23.59183333 -2.4905    ]
0.07	 0.6	-0.04	-0.19	109_S	[-6.51444828 24.53034483 -4.50627586]
-0.12	 0.28	-0.12	-0.01	109_S	[-5.61510526 25.76947368 -3.67071053]
-0.0	 0.31	0.05	-0.17	109_S	[-4.20952 22.23072 -4.12244]
-0.23	 -0.89	0.02	0.28	109_S	[-4.91457692 20.34473077 -2.72138462]
-0.1	 0.01	-0.12	0.03	109_S	[-6.29228571 21.12       -5.89804762]
-0.19	 -0.32	-0.1	0.23	109_S	[-6.72205882 22.89435294 -2.12035294]
-0.25	 -0.7	0.09	0.37	109_S	[-4.32095238 22.03495238 -5.38161905]
-0.3	 -1.14	0.02	0.36	109_S	[-3.8006875 23.487625  -3.2450625]
-0.31	 -0.87	0.24	0.5	109_S	[-3.78688462 21.35438462 -1.83157692]
0.11	 1.63	0.28	-0.54	110_S	[-5.98622222 23.13544444 -6.35344444]
0.08	 1.22	0.14	-0.42	110_S	[-5.4435 25.1175 -6.3835]
0.12	 1.32	0.07	-0.34	110_S	[-9.77875  26.127875 -6.88925 ]
0.15	 1.18	-0.05	-0.26	110_S	[-8.804125 25.460625 -3.798   ]
-0.03	 0.12	0.17	-0.28	110_S	[-7.314      25.84531818 -8.50727273]
-0.11	 0.31	-0.03	0.03	110_S	[-9.35235135 24.87994595 -8.34837838]
0.07	 0.9	0.1	-0.34	110_S	[-5.22842857 25.46314286 -6.19514286]
-0.1	 -0.2	-0.19	0.18	110_S	[-7.48490909 26.95313636 -8.53618182]
-0.14	 -0.54	-0.05	0.21	110_S	[-6.08179487 24.20248718 -7.80966667]
0.08	 0.32	-0.01	-0.15	110_S	[-8.69816667 23.04833333 -8.45783333]
0.05	 1.36	0.02	-0.34	111_A	[-9.0498 27.1713 -7.3004]
0.04	 0.44	-0.08	-0.23	111_A	[-9.781      27.11509091 -6.95090909]
0.03	 0.21	-0.03	-0.04	111_A	[-9.68642857 28.396      -7.53814286]
0.15	 1.95	0.13	-0.38	111_A	[-8.56716667 29.05075    -7.95641667]
0.02	 0.6	-0.04	-0.13	111_A	[-8.1545     28.13122222 -3.16727778]
0.14	 1.21	0.05	-0.28	111_A	[-10.96566667  27.51153333  -6.71213333]
-0.0	 0.0	-0.03	-0.02	111_A	[-9.36632 27.1464  -2.69568]
0.04	 0.4	0.01	-0.2	111_A	[-7.94004545 29.61113636 -2.91127273]
0.03	 1.11	-0.01	-0.25	112_E	[-11.28033333  29.25133333  -9.591     ]
-0.14	 -0.79	-0.02	0.11	112_E	[-11.6475      29.51707143 -11.12314286]
-0.12	 0.05	-0.08	0.04	112_E	[-10.775125   31.4088125 -11.7225625]
-0.09	 -0.3	0.05	0.04	112_E	[-14.00493333  29.15566667 -10.94343333]
0.07	 0.66	0.07	-0.23	112_E	[-9.781125 30.187875 -9.401625]
0.0	 0.05	0.0	-0.02	112_E	[-12.52974074  28.65218519  -8.40277778]
0.25	 1.51	0.33	-0.57	116_Y	[-19.783       30.40242857 -11.49928571]
0.13	 0.79	-0.1	-0.19	116_Y	[-21.49880769  31.54434615 -12.57480769]
0.08	 1.58	0.11	-0.39	117_D	[-24.598   40.2801 -14.6582]
0.13	 1.29	0.03	-0.31	117_D	[-26.3276  43.0234 -12.7496]
0.12	 0.95	-0.02	-0.22	117_D	[-27.30229412  42.44347059 -11.42438235]
-0.14	 -0.43	-0.06	0.16	117_D	[-25.97823077  42.30274359 -14.56815385]
0.13	 0.73	0.0	-0.25	117_D	[-23.47770833  40.59729167 -14.11775   ]
0.12	 1.02	0.08	-0.38	118_S	[-29.58385185  41.40277778  -7.72233333]
-0.02	 0.53	-0.29	-0.07	118_S	[-29.29642857  42.06866667  -7.27195238]
0.13	 0.26	-0.04	-0.15	119_A	[-32.02419048  38.98185714 -14.21214286]
-0.1	 -0.28	-0.01	0.09	119_A	[-30.23868421  42.56268421 -12.80226316]
-0.03	 -0.16	-0.11	0.12	119_A	[-31.70757143  41.50257143 -13.36007143]
-0.02	 0.45	-0.05	0.06	119_A	[-30.09503704  42.57485185 -10.90777778]
-0.13	 -0.07	-0.1	0.05	119_A	[-29.07335714  42.15314286 -13.74921429]
-0.03	 0.14	-0.04	-0.02	120_T	[-28.44094595  34.9142973  -15.63354054]
0.09	 0.47	-0.08	0.05	120_T	[-29.60666667  37.795      -16.43666667]
-0.04	 -0.36	-0.09	0.07	120_T	[-29.21653333  40.4609     -16.31116667]
0.08	 0.53	-0.01	-0.1	120_T	[-30.61864706  36.81447059 -15.086     ]
0.06	 0.23	-0.16	0.02	120_T	[-28.94878571  37.23071429 -16.96164286]
0.12	 0.79	0.03	-0.31	120_T	[-25.8955625  39.946125  -16.0379375]
-0.19	 -0.36	-0.06	0.22	120_T	[-27.97244  40.1498  -17.33512]
-0.11	 -0.51	0.08	0.25	120_T	[-30.409375    39.42141667 -16.274625  ]
0.14	 1.37	0.09	-0.33	120_T	[-28.38485714  41.48685714 -14.86185714]
0.11	 1.19	0.03	-0.23	121_C	[-26.14571429  34.02421429 -14.87342857]
0.04	 0.36	-0.01	-0.14	121_C	[-24.44215385  32.77196154 -13.74507692]
0.06	 1.6	-0.02	-0.16	121_C	[-27.069       32.75514286 -14.07957143]
0.05	 0.3	-0.07	-0.07	121_C	[-28.28609091  33.01181818 -14.27663636]
0.14	 2.02	0.11	-0.36	121_C	[-26.44411111  32.12111111 -13.598     ]
0.11	 0.98	0.11	-0.36	122_K	[-22.78019231  37.54576923 -16.38276923]
0.1	 0.94	-0.01	-0.23	122_K	[-25.1786875  35.471125  -17.5449375]
-0.03	 -0.19	-0.08	0.07	122_K	[-24.37481818  38.89654545 -18.432     ]
-0.05	 -0.3	-0.2	0.11	122_K	[-27.00426667  38.1504     -19.82306667]
0.0	 -2.19	-0.03	-0.1	122_K	[-26.29711111  35.755      -20.75377778]
0.02	 -0.25	0.01	-0.08	122_K	[-23.98261111  34.22377778 -15.83166667]
0.05	 0.17	-0.04	-0.12	122_K	[-24.1012381   38.91057143 -16.02314286]
-0.13	 -1.1	-0.21	0.14	122_K	[-22.52252941  36.77858824 -17.34005882]
-0.18	 -0.77	-0.19	0.2	122_K	[-24.61235294  34.89941176 -17.86558824]
0.09	 0.79	0.09	-0.48	122_K	[-26.7064  35.4126 -16.972 ]
-0.07	 -0.33	0.03	0.09	122_K	[-25.77333333  39.36433333 -18.21993333]
-0.19	 -1.04	0.01	0.31	122_K	[-23.70330435  37.80052174 -19.20526087]
-0.01	 0.21	0.02	0.02	122_K	[-27.81736  36.92504 -18.57624]
-0.21	 -0.62	0.18	0.3	122_K	[-26.28942308  38.29746154 -20.70403846]
-0.36	 -0.87	0.28	0.5	122_K	[-27.01104545  35.86936364 -21.30518182]
-0.32	 -0.82	0.19	0.5	122_K	[-24.578    35.89685 -20.7431 ]
-0.24	 -0.82	0.09	0.34	122_K	[-26.49947619  34.8192381  -19.06652381]
0.2	 1.22	0.42	-0.64	123_V	[-21.33990909  38.36736364 -14.98927273]
-0.1	 -0.07	-0.05	0.11	123_V	[-19.7547907   37.81723256 -16.28955814]
-0.13	 -0.34	-0.2	0.12	123_V	[-16.607       35.35842857 -15.05157143]
-0.01	 -0.1	-0.13	0.02	123_V	[-19.6955      32.21121429 -14.78185714]
-0.01	 0.03	-0.02	-0.03	123_V	[-21.30913333  35.05353333 -16.3518    ]
-0.11	 -0.06	-0.02	0.15	123_V	[-18.44475  34.2449  -16.04755]
0.11	 0.63	0.12	-0.41	123_V	[-16.629   34.508  -15.1651]
0.11	 0.31	0.15	-0.27	123_V	[-16.85333333  36.44133333 -14.93422222]
0.04	 0.2	-0.16	-0.11	123_V	[-19.036   31.6125 -14.8959]
-0.01	 -0.08	0.06	-0.04	123_V	[-21.36803704  33.09392593 -14.89840741]
0.16	 0.79	-0.01	-0.25	124_V	[-16.814   38.359  -15.0774]
-0.1	 -0.32	0.0	0.14	124_V	[-16.18316667  40.4877     -15.22586667]
0.1	 0.95	0.08	-0.36	124_V	[-21.6296875  39.6289375 -14.37575  ]
-0.09	 -0.04	-0.12	0.12	124_V	[-19.0905625  40.0005625 -15.649    ]
0.11	 0.53	0.02	-0.21	124_V	[-18.471      42.0876875 -14.526625 ]
-0.04	 0.07	-0.01	0.0	124_V	[-21.05303333  41.4706     -14.43283333]
0.08	 0.95	0.55	-0.89	125_H	[-12.2853  40.1436 -13.8477]
0.02	 0.35	-0.14	-0.09	125_H	[-10.50367391  40.4015     -12.99080435]
0.12	 -0.31	0.07	-0.18	125_H	[-14.86417647  37.61335294 -14.25494118]
-0.09	 -0.16	-0.07	0.15	125_H	[-13.16059259  40.40633333 -14.31866667]
-0.27	 -0.96	0.12	0.52	125_H	[ -9.86428  40.34304 -13.28616]
0.16	 0.98	-0.04	-0.08	125_H	[ -9.7474  41.3766 -11.294 ]
0.06	 0.88	0.03	-0.3	126_R	[-10.67864286  34.90585714 -12.07935714]
-0.07	 -0.76	-0.06	0.05	126_R	[-10.63068421  36.83173684 -12.94663158]
0.04	 0.85	0.03	-0.23	126_R	[-11.664       33.43833333 -13.16691667]
0.06	 0.58	-0.22	0.09	126_R	[-13.75933333  34.7        -14.46366667]
-0.02	 0.41	-0.04	-0.01	126_R	[-13.05645  32.05715 -14.43495]
-0.1	 -0.37	-0.11	0.14	126_R	[-14.46616667  31.36833333 -15.4545    ]
-0.13	 -0.45	-0.02	0.19	126_R	[-15.23945455  30.24163636 -14.70254545]
-0.02	 0.41	0.13	-0.11	126_R	[-15.3408      29.57433333 -13.24273333]
-0.06	 0.01	-0.13	0.06	126_R	[-17.59954545  29.93518182 -15.12913636]
0.07	 0.72	0.03	-0.04	126_R	[-12.7905625  37.089     -13.8466875]
-0.21	 -0.84	0.01	0.16	126_R	[-12.14061111  34.66922222 -14.081     ]
0.14	 0.83	-0.03	-0.24	126_R	[-10.9404      33.57313333 -11.69086667]
0.05	 0.35	0.08	-0.22	126_R	[-14.59395  35.03795 -14.4388 ]
-0.23	 -1.18	0.11	0.43	126_R	[-12.99536364  32.97295455 -15.27372727]
0.01	 -0.3	0.05	-0.13	126_R	[-13.2314      30.78566667 -13.48853333]
-0.16	 -0.66	0.05	0.14	126_R	[-15.66386364  32.55927273 -15.88231818]
0.03	 0.18	-0.25	-0.06	126_R	[-16.53253333  29.0196     -11.9554    ]
-0.24	 -0.39	-0.25	0.4	126_R	[-17.75484211  31.328      -15.79984211]
0.14	 0.98	-0.02	-0.24	126_R	[-18.367125   29.6710625 -13.5719375]
0.06	 1.61	0.01	-0.24	127_E	[-7.92   36.598  -9.7018]
0.04	 1.53	-0.09	-0.14	127_E	[-7.789 37.977 -9.792]
0.08	 1.8	0.06	-0.29	127_E	[-7.4105 38.7433 -9.0705]
0.1	 1.14	0.04	-0.26	127_E	[-7.43348 38.6092  -7.14748]
0.16	 1.02	0.09	-0.35	127_E	[-8.92       41.2747027  -9.96867568]
-0.11	 -0.14	-0.28	0.07	127_E	[ -8.93888235  35.68376471 -11.46035294]
0.04	 0.64	0.09	-0.26	127_E	[-7.62083333 36.71779167 -8.385875  ]
-0.06	 0.09	-0.12	0.09	127_E	[ -8.42848571  38.07908571 -11.04402857]
0.12	 1.79	0.1	-0.39	128_D	[ -9.18933333  33.24425    -10.94133333]
0.16	 1.19	0.29	-0.53	128_D	[-5.16328571 32.21357143 -7.93671429]
-0.06	 -0.37	0.02	0.06	128_D	[-5.41689744 34.09751282 -8.0594359 ]
0.06	 0.82	0.16	-0.36	128_D	[ -7.3515   31.78955 -10.96815]
-0.04	 -0.3	-0.25	0.16	128_D	[-6.09025    30.43267857 -9.67746429]
0.12	 1.55	0.13	-0.36	128_D	[-7.717  29.7954 -8.9258]
-0.28	 -0.88	0.16	0.38	128_D	[ -4.99312195  29.74921951 -10.84182927]
-0.03	 0.13	-0.02	-0.05	128_D	[ -7.8785      34.59602632 -10.84107895]
-0.32	 -0.55	-0.31	0.33	128_D	[ -7.62247619  31.93561905 -11.60961905]
-0.32	 -0.91	0.14	0.31	128_D	[ -5.23269231  33.15092308 -10.73807692]
0.15	 1.36	0.15	-0.42	129_I	[-4.37763636 32.16190909 -5.85054545]
0.24	 1.61	0.31	-0.55	129_I	[-5.9658     30.21466667 -2.94206667]
0.03	 0.67	-0.17	-0.14	129_I	[-4.76575    34.12179167 -5.699625  ]
0.14	 0.81	0.03	-0.29	129_I	[-6.70573333 36.12276667 -5.71656667]
0.2	 1.55	0.3	-0.54	129_I	[-8.35126316 31.27910526 -1.70221053]
0.12	 1.36	0.0	-0.26	130_S	[-4.38627273 31.15918182 -6.70118182]
0.06	 0.18	-0.07	-0.12	130_S	[-2.56672727 28.29372727 -5.18072727]
-0.15	 -0.63	-0.01	0.16	130_S	[-2.12019231 30.84280769 -5.16573077]
-0.01	 -0.14	-0.05	-0.05	130_S	[-4.14572727 27.46690909 -7.481     ]
0.03	 0.3	-0.29	0.03	130_S	[-5.66018182 27.46681818 -8.56281818]
0.14	 1.18	0.16	-0.42	130_S	[-4.75991667 31.02108333 -7.42716667]
0.2	 1.46	0.39	-0.62	130_S	[-6.2574375 27.7965    -4.0243125]
-0.17	 -0.38	-0.09	0.19	130_S	[-3.47036 29.16648 -7.56512]
-0.03	 -0.27	0.04	0.02	130_S	[-4.04168 26.63708 -6.0328 ]
0.08	 0.57	-0.0	-0.38	130_S	[-6.6955     28.48263636 -8.71709091]
0.03	 0.23	-0.05	-0.16	131_G	[-3.455      27.18366667 -3.92177778]
-0.04	 -0.16	-0.06	0.06	131_G	[-1.7113125 28.01925   -2.5889375]
0.06	 0.45	-0.06	-0.19	131_G	[-2.62260714 29.90946429 -1.13689286]
-0.06	 0.2	-0.14	-0.01	131_G	[-1.15580952 29.93852381 -0.04      ]
-0.03	 -0.07	-0.25	0.05	131_G	[-5.05460714 28.39432143 -2.76957143]
-0.32	 -0.8	0.04	0.51	131_G	[-2.40347619 27.26404762 -2.08995238]
-0.15	 -0.54	0.1	0.22	131_G	[-0.97158333 29.26925    -3.387375  ]
0.14	 1.93	0.2	-0.47	132_Q	[-4.4912 30.042   0.686 ]
-0.05	 -0.16	-0.12	-0.03	132_Q	[-6.0975     30.42358824 -0.22026471]
0.02	 0.61	-0.1	-0.06	132_Q	[-1.97985714 33.01014286 -4.17871429]
-0.01	 -0.55	-0.1	0.05	132_Q	[-0.76583333 34.46691667 -3.129     ]
-0.12	 -0.44	-0.0	0.14	132_Q	[-2.3902619  35.98102381 -4.20814286]
0.13	 1.1	-0.03	-0.17	132_Q	[-0.205625 35.15675  -1.82175 ]
0.11	 0.61	-0.01	-0.15	132_Q	[-1.2128125 32.0370625 -3.029125 ]
0.08	 0.56	-0.02	-0.18	132_Q	[-3.25372727 33.03354545 -4.77318182]
-0.09	 0.25	0.12	-0.31	132_Q	[-0.96252632 36.87126316 -1.21944737]
0.11	 1.21	0.04	-0.3	133_R	[-3.34666667 29.648       2.65016667]
-0.05	 -0.16	-0.06	0.09	133_R	[-2.91366667 28.64683333  3.68666667]
-0.14	 -0.79	-0.01	0.11	133_R	[-3.52091667 27.10291667  3.65841667]
-0.14	 -0.72	-0.0	0.12	133_R	[-5.95028571 26.91428571  3.26707143]
-0.13	 -0.08	0.01	0.1	133_R	[-2.8131875 26.1188125  5.320625 ]
0.12	 0.63	0.03	-0.31	133_R	[-6.70419231 30.93638462  2.77453846]
0.16	 0.58	0.03	-0.27	133_R	[-2.3513913  30.77073913  2.97582609]
0.17	 0.75	0.05	-0.32	133_R	[-6.7605  30.07225  4.19075]
-0.09	 -0.04	-0.29	0.07	133_R	[-4.47661905 29.11480952  2.24580952]
0.01	 -0.44	0.06	-0.23	133_R	[-2.25190909 28.82909091  4.55963636]
-0.11	 -0.3	-0.12	0.12	133_R	[-6.50213636 28.51804545  3.182     ]
-0.15	 -0.82	0.05	0.24	133_R	[-6.43758621 26.07748276  4.35089655]
-0.06	 -0.26	-0.1	0.03	133_R	[-1.92884375 27.14021875  6.414625  ]
-0.17	 -0.61	0.05	0.25	133_R	[-4.26719355 25.55532258  5.81567742]
-0.03	 0.25	-0.0	-0.1	134_W	[-10.2564    33.735225   4.133025]
0.02	 0.25	-0.09	-0.14	134_W	[-9.06658824 31.29476471  1.79623529]
0.01	 0.53	0.05	-0.18	134_W	[-10.72241667  31.54025      2.56883333]
0.06	 -0.11	-0.22	0.02	134_W	[-11.42883333  32.34216667   2.85933333]
-0.05	 0.34	0.03	0.05	134_W	[-13.36684211  32.02731579   2.77273684]
0.15	 1.08	0.05	-0.32	134_W	[-13.26315385  34.83423077   3.04761538]
-0.04	 -0.0	-0.13	-0.05	134_W	[-14.272625   33.3313125   2.9746875]
0.18	 1.13	-0.02	-0.25	134_W	[-8.08208333 32.36141667  3.857     ]
0.03	 0.56	-0.09	-0.08	134_W	[-8.35957895 30.955       0.30831579]
-0.14	 -0.45	0.11	0.09	134_W	[-10.8466  29.9319   1.4392]
0.03	 0.29	0.01	-0.09	134_W	[-13.94206667  30.5113       1.68503333]
0.02	 0.49	0.02	-0.11	135_A	[-10.52188235  36.77688235   6.43994118]
0.13	 0.18	0.06	-0.23	135_A	[-11.9616      35.65266667   4.31646667]
-0.0	 -0.31	-0.06	0.01	135_A	[-12.00244  38.06432   6.20208]
0.03	 -0.09	-0.02	-0.01	135_A	[-9.73378571 35.87221429  6.33814286]
-0.08	 0.09	-0.16	-0.03	136_V	[-15.53157692  38.43930769   5.17719231]
0.13	 0.46	0.07	-0.27	136_V	[-13.73716667  36.918        4.1795    ]
-0.04	 -0.38	0.02	-0.04	137_D	[-15.23892308  41.08069231   7.26923077]
0.03	 0.26	-0.05	-0.17	137_D	[-13.1016875  43.7840625   7.4541875]
-0.06	 -0.23	-0.04	0.09	137_D	[-11.98       42.0475625   7.8119375]
0.12	 0.89	-0.05	-0.18	137_D	[-17.226       41.01476923   5.16326923]
-0.06	 0.18	0.02	0.04	137_D	[-15.70495652  42.56908696   7.5013913 ]
-0.05	 -0.18	-0.01	0.1	137_D	[-14.09666667  40.07185714   6.9       ]
0.02	 0.29	-0.08	-0.07	138_K	[-15.46522449  47.56920408   3.28208163]
0.06	 0.87	0.01	-0.25	138_K	[-15.75318182  47.72045455   7.46336364]
0.05	 0.36	-0.09	-0.07	138_K	[-18.24731579  44.83215789   7.21768421]
0.03	 0.31	-0.1	0.0	138_K	[-17.218875   47.0074375   8.9701875]
-0.01	 0.4	-0.14	0.08	138_K	[-19.182375   45.0310625   9.550375 ]
-0.0	 -2.96	-0.01	-0.12	138_K	[-19.33188889  46.27355556  11.60833333]
0.21	 0.91	0.13	-0.39	138_K	[-17.42026667  43.37993333   6.0256    ]
0.09	 0.75	-0.06	-0.2	138_K	[-14.93079412  45.88652941   7.60444118]
-0.1	 -0.63	-0.03	0.02	138_K	[-17.23836364  47.69372727   6.11559091]
-0.24	 -0.03	-0.36	0.14	138_K	[-19.24046667  45.362        6.1905    ]
-0.18	 -0.22	-0.3	0.14	138_K	[-17.0853   43.94215   8.2448 ]
-0.16	 -0.64	0.05	0.17	138_K	[-16.19988  46.05728   9.44644]
-0.2	 -1.18	0.01	0.26	138_K	[-18.15731818  47.83863636   8.23640909]
-0.22	 -0.87	0.1	0.34	138_K	[-20.11343478  45.7336087    8.77373913]
-0.22	 -0.69	0.18	0.33	138_K	[-18.45277273  44.12327273  10.0965    ]
-0.32	 -0.83	0.29	0.55	138_K	[-20.02956522  45.76052174  11.89113043]
-0.23	 -0.56	0.09	0.32	138_K	[-17.51026923  46.37669231  11.59257692]
-0.26	 -0.33	0.09	0.33	138_K	[-19.26857692  47.78926923  10.60630769]
0.09	 0.91	0.59	-0.94	139_D	[-11.6006  48.0394   4.1878]
0.08	 0.66	-0.03	-0.21	139_D	[-11.53471875  45.71675      3.223125  ]
-0.24	 0.12	-0.01	-0.1	139_D	[-11.00671429  47.20289286   2.77092857]
-0.01	 0.49	-0.15	-0.02	139_D	[-10.63384211  46.54473684   5.54215789]
-0.05	 0.18	-0.08	-0.02	139_D	[-12.0223871   47.49403226   7.04519355]
-0.24	 -0.98	0.03	0.35	139_D	[-13.32259375  48.9513125    6.771125  ]
-0.32	 -1.12	0.24	0.52	139_D	[-11.11862162  47.35402703   8.44127027]
-0.1	 0.08	-0.13	0.11	139_D	[-12.98941176  48.44358824   4.21241176]
0.11	 0.46	-0.34	-0.03	139_D	[-11.06860714  44.65607143   6.18067857]
-0.22	 -0.79	-0.12	0.31	139_D	[-9.97894444 46.90266667  5.27644444]
-0.0	 0.24	0.1	-0.23	140_G	[-13.08709091  46.02681818   1.30372727]
0.22	 1.56	0.33	-0.57	140_G	[-10.06092857  44.15228571   2.16164286]
0.13	 0.65	0.08	-0.3	140_G	[-14.41333333  45.2467       0.9046    ]
0.07	 0.26	-0.07	-0.14	140_G	[-11.1812  45.808    0.2262]
0.18	 1.74	0.16	-0.41	141_L	[-10.526       44.55223529  -0.763     ]
-0.01	 -0.79	-0.17	0.04	142_R	[-7.86014286 43.39457143  3.66671429]
0.03	 0.11	-0.08	-0.04	142_R	[-6.81933333 42.48288889  5.89566667]
0.42	 -0.27	-0.38	0.1	142_R	[-9.5467 42.7365  6.4636]
-0.05	 -0.79	-0.02	0.04	142_R	[-9.1115     41.61333333  8.17091667]
-0.09	 -1.08	-0.05	0.01	142_R	[-7.50016667 41.10416667  8.53316667]
-0.01	 0.63	-0.12	-0.16	142_R	[-11.27552381  40.41842857   7.8672381 ]
0.04	 0.45	-0.03	-0.15	142_R	[-6.22193333 43.19353333  3.44063333]
0.13	 0.95	0.07	-0.3	142_R	[-9.226125   43.10575     3.34254167]
0.08	 0.66	-0.18	-0.08	142_R	[-5.596  41.3998  6.4526]
-0.25	 -0.69	0.24	0.44	142_R	[-7.04054545 43.12009091  6.37004545]
0.17	 0.92	-0.25	-0.23	142_R	[-10.009    43.0283    5.26945]
0.12	 -0.0	-0.0	-0.13	142_R	[-5.96994118 40.47394118  7.72211765]
0.15	 1.0	0.05	-0.23	142_R	[-8.46938889 39.20827778  9.22172222]
0.18	 1.09	0.2	-0.46	142_R	[-11.86444444  39.77177778   6.95622222]
-0.25	 -0.85	-0.05	0.21	142_R	[-10.4206   39.2704    8.38624]
0.17	 1.39	0.19	-0.45	143_L	[-1.15086957 37.77269565  0.98030435]
-0.04	 -0.34	-0.08	-0.11	143_L	[-4.40726316 37.93278947 -4.34242105]
0.18	 1.3	0.17	-0.42	143_L	[-2.87       38.4125     -1.96422222]
0.18	 0.96	0.08	-0.35	143_L	[-6.41376471 38.21305882 -5.16123529]
-0.01	 0.32	-0.14	0.02	143_L	[-3.81221739 39.44086957 -3.26034783]
0.12	 0.21	0.02	-0.22	143_L	[-4.71292308 36.28546154 -4.59215385]
0.15	 1.45	0.27	-0.54	144_G	[-0.565      36.16645455  1.07663636]
0.2	 1.53	0.33	-0.57	144_G	[-1.40394118 32.27917647  1.68241176]
0.12	 1.7	0.13	-0.41	145_Q	[ 0.2227 36.3922  1.7083]
-0.06	 0.37	-0.09	-0.01	145_Q	[ 2.08858333 36.14991667  0.91375   ]
0.08	 0.67	0.1	-0.32	145_Q	[ 3.624125  32.9401875 -0.2000625]
-0.15	 -0.59	-0.06	0.21	145_Q	[ 2.93727273 31.96690909 -1.24354545]
-0.05	 0.05	-0.06	0.09	145_Q	[ 0.96803226 32.4596129  -1.75348387]
-0.02	 -0.17	-0.12	0.15	145_Q	[ 2.03032258 30.6996129   0.82687097]
0.22	 1.74	0.14	-0.4	145_Q	[-3.13636364e-02  3.21849091e+01  1.79827273e+00]
0.0	 0.2	-0.02	-0.01	145_Q	[ 1.31077273 35.47154545 -0.11722727]
0.02	 0.56	-0.16	-0.1	145_Q	[ 3.5895     35.68415385  1.87773077]
-0.23	 -0.57	-0.03	0.27	145_Q	[ 4.03128 34.09152 -0.41192]
-0.11	 -0.46	0.01	0.15	145_Q	[ 3.603      30.76952381  1.54509524]
-0.25	 -0.82	0.03	0.39	145_Q	[ 1.52936364 29.87854545 -0.15322727]
0.0	 1.1	-0.05	-0.2	146_K	[ 4.38633333 31.13166667  5.77733333]
0.02	 -1.14	-0.13	0.02	146_K	[ 3.17363636 30.80072727  6.85118182]
0.02	 -0.25	-0.04	-0.09	146_K	[ 3.00357143 32.8557619   8.22009524]
0.03	 0.37	-0.26	0.1	146_K	[ 5.326      31.59533333  5.573     ]
-0.06	 0.37	-0.26	0.1	146_K	[ 6.42533333 31.84966667  5.06633333]
0.01	 -0.48	-0.15	-0.02	146_K	[ 7.29627273 34.25654545  5.33454545]
-0.11	 -0.42	-0.16	0.21	146_K	[ 9.12084615 33.48753846  3.43323077]
0.03	 0.27	-0.06	-0.12	146_K	[ 7.295      33.72892857  0.996     ]
0.1	 1.26	0.01	-0.51	146_K	[ 1.91258824 31.07858824  2.99311765]
-0.06	 -0.03	0.11	-0.11	146_K	[ 3.72092 30.58416  4.62556]
0.02	 -0.04	-0.02	0.04	146_K	[ 5.4583913  32.51682609  6.55334783]
-0.03	 -0.44	0.06	-0.1	146_K	[ 5.76036 31.39824  3.86416]
0.01	 0.12	-0.35	0.07	146_K	[ 5.84707895 35.57352632  4.21307895]
-0.15	 -0.59	-0.03	0.21	146_K	[ 7.24516 33.75176  6.00884]
-0.18	 -0.84	0.24	0.27	146_K	[ 9.14454167 34.51054167  3.58516667]
-0.16	 -0.6	0.12	0.29	146_K	[ 8.41166667 31.86391667  3.42191667]
-0.31	 -0.83	0.22	0.4	146_K	[ 8.80720833 33.65616667  1.03383333]
-0.11	 -0.42	-0.16	0.17	146_K	[ 6.29388 32.48628  1.08708]
-0.15	 -0.46	-0.05	0.2	146_K	[ 6.51892 34.921    1.63768]
0.05	 1.21	-0.1	-0.2	147_C	[ 2.46883333 29.94766667  6.2795    ]
0.03	 -0.11	-0.04	-0.1	147_C	[ 2.10683333 30.05658333  8.73225   ]
-0.16	 -0.88	-0.01	0.21	147_C	[ 1.13873333 28.2375      7.40386667]
0.09	 1.05	0.09	-0.27	147_C	[-0.56694737 31.33826316  3.81242105]
0.01	 0.28	-0.43	0.28	147_C	[ 1.37268 30.19932  4.71648]
0.14	 0.92	0.09	-0.31	147_C	[-0.92976471 29.25570588  5.62205882]
0.14	 0.87	0.06	-0.31	148_S	[ 1.6765     31.17025     9.25641667]
0.06	 1.58	0.1	-0.41	148_S	[ 1.95066667 29.78316667 10.26433333]
0.13	 1.05	0.1	-0.33	148_S	[-1.3635     27.7885      9.98616667]
-0.23	 -0.6	0.06	0.32	148_S	[-0.71858333 26.48138889 10.05758333]
-0.04	 0.08	-0.1	0.04	148_S	[-0.22730769 29.05476923 12.53376923]
-0.16	 -0.47	-0.03	0.24	148_S	[ 1.94757143 30.84557143 11.553     ]
-0.18	 -1.23	0.07	0.28	148_S	[ 1.66982353 28.07552941 10.34664706]
-0.02	 -0.99	-0.04	0.08	148_S	[-1.8080625 29.71675   11.998625 ]
-0.27	 -0.62	0.09	0.37	148_S	[ 0.28122727 28.34631818 12.66722727]
-0.24	 -0.61	0.09	0.35	148_S	[ 0.71682759 31.47641379 12.93534483]
0.02	 0.22	-0.12	-0.08	149_G	[-3.6162 26.6785 10.0062]
-0.09	 -0.38	-0.17	0.11	149_G	[-3.05173913 26.33817391  8.65691304]
-0.1	 -0.16	0.01	0.16	149_G	[-3.9192     28.5471     10.76846667]
0.14	 1.53	0.2	-0.47	150_E	[-5.156      26.75654545  7.88390909]
0.07	 0.55	-0.04	-0.32	150_E	[-7.69455 31.56625  5.48995]
0.07	 2.42	-0.06	-0.14	150_E	[-7.49233333 26.83083333  8.62666667]
0.04	 -0.23	-0.04	-0.13	150_E	[-8.96355556 29.43111111  5.95      ]
-0.15	 -0.63	-0.09	0.16	150_E	[-10.06454167  27.25841667   6.29229167]
-0.31	 -0.96	0.21	0.46	150_E	[-11.07868421  28.10578947   5.14160526]
-0.23	 -0.69	0.13	0.36	150_E	[-9.75240541 25.90445946  6.96281081]
-0.11	 -0.74	-0.06	0.15	150_E	[-5.96422222 27.53638889  9.49766667]
-0.07	 -0.24	-0.11	0.0	150_E	[-7.11968421 26.24557895  7.10410526]
-0.16	 -0.24	0.01	0.09	150_E	[-8.450875  28.6411875  8.7288125]
-0.16	 -0.02	-0.09	0.12	150_E	[-9.14190476 30.07142857  6.85180952]
0.01	 -0.59	0.06	-0.12	150_E	[-8.003375  28.6528125  4.5805   ]
0.08	 1.24	-0.05	-0.26	151_S	[-8.22011111 30.48388889  8.94711111]
0.12	 1.89	0.06	-0.28	151_S	[-8.54383333 31.16283333  8.55833333]
-0.02	 0.24	-0.03	-0.02	151_S	[-7.711    32.655875 11.144   ]
0.12	 0.49	-0.01	-0.16	151_S	[-8.2419 34.9467  9.4542]
-0.03	 0.14	-0.06	-0.06	151_S	[-6.47705556 30.236      10.20394444]
-0.1	 -0.24	-0.12	0.1	151_S	[-8.6374  32.5336   7.57955]
-0.32	 -0.95	0.25	0.46	151_S	[-8.78466667 31.81488889 10.63411111]
-0.0	 -0.44	0.01	-0.03	151_S	[-5.927   32.43565 11.2964 ]
-0.24	 -0.58	-0.05	0.32	151_S	[-8.53541667 34.43225    11.28770833]
0.09	 0.65	-0.05	-0.22	152_V	[-8.4384375 34.56075    6.91375  ]
0.14	 1.04	0.06	-0.3	152_V	[-8.1905     37.0306875   8.12121875]
0.07	 0.94	0.26	-0.41	153_D	[-3.3748 37.7526 11.0808]
0.05	 0.87	0.02	-0.19	153_D	[-3.8824375 35.045125  12.125875 ]
-0.26	 -0.46	-0.01	0.25	153_D	[-1.92938889 36.67733333 11.60855556]
-0.01	 -0.26	-0.03	-0.12	153_D	[-5.1890625 37.307875  12.315125 ]
-0.2	 -0.81	-0.1	0.18	153_D	[-6.05835714 38.91057143 12.05035714]
-0.08	 -0.25	-0.0	0.13	153_D	[-5.97165517 39.65244828 10.09696552]
-0.23	 -0.41	0.02	0.28	153_D	[-8.04944444 37.81384444 11.49853333]
0.1	 0.54	-0.0	-0.13	153_D	[-3.30490476 38.0782381   9.47619048]
-0.0	 -0.06	0.02	-0.04	153_D	[-6.07135 35.21805 12.09075]
-0.24	 -0.42	0.25	0.22	153_D	[-4.38015789 37.55415789 12.58647368]
0.16	 1.45	0.21	-0.47	154_S	[-4.331      34.054      11.33911111]
0.07	 1.0	-0.02	-0.29	154_S	[-3.094      33.72783333 12.00716667]
0.14	 0.9	-0.05	-0.15	154_S	[ 0.05418182 34.95818182 10.54090909]
0.04	 0.14	-0.06	-0.09	154_S	[ 1.08023077 33.15361538 10.2855    ]
-0.02	 0.13	-0.04	-0.09	154_S	[-2.93323077 31.16538462 11.689     ]
-0.17	 -0.55	-0.11	0.17	154_S	[-1.61215 33.9737  12.25875]
0.09	 0.57	0.03	-0.27	154_S	[-1.51215385 31.66038462 12.25215385]
-0.01	 0.2	0.05	-0.08	154_S	[-4.09192857 31.78435714 11.28310714]
0.08	 0.44	-0.13	-0.1	155_C	[ 1.75188889 35.48911111  9.48944444]
-0.01	 -0.12	0.02	-0.04	155_C	[ 0.25505714 37.51051429  9.03097143]
0.13	 0.41	0.0	-0.15	156_A	[ 2.7068 34.7941  8.8412]
0.04	 1.0	-0.06	-0.18	156_A	[ 3.409      35.47966667  9.11766667]
0.15	 1.31	0.18	-0.44	156_A	[ 4.774      38.31783333  6.12966667]
-0.2	 -0.43	0.13	0.25	156_A	[ 3.42981081 39.43235135  7.40643243]
-0.01	 0.31	-0.03	-0.12	156_A	[ 5.63773913 36.16026087  6.81313043]
-0.21	 -0.61	0.06	0.33	156_A	[ 3.43033333 37.04295238  9.40038095]
-0.14	 -0.55	-0.05	0.23	156_A	[ 5.84162857 36.87422857  7.23765714]
-0.13	 -0.51	0.1	0.19	156_A	[ 5.04625 34.60395  8.4108 ]
0.18	 1.09	0.13	-0.4	157_K	[ 0.64909524 37.61219048  2.25785714]
0.07	 0.95	0.09	-0.26	157_K	[ 4.50546154 38.76423077  3.85161538]
0.09	 1.13	0.26	-0.46	157_K	[ 2.76491667 41.57475     3.33108333]
0.06	 0.42	-0.1	-0.06	157_K	[ 5.36261538 39.91653846  2.15530769]
-0.06	 -0.02	-0.3	0.07	157_K	[ 3.77788889 42.62155556  0.96655556]
0.05	 -1.13	0.07	-0.26	157_K	[ 4.51821429 42.01992857 -0.4635    ]
0.03	 0.2	-0.13	-0.11	157_K	[ 2.1074 40.1527  6.1797]
-0.13	 -0.3	-0.24	0.16	157_K	[ 4.91096296 38.4822963   4.60685185]
0.17	 1.15	0.05	-0.31	157_K	[ 3.11957895 37.62481579  2.51189474]
-0.1	 -0.36	-0.14	0.16	157_K	[ 3.19724138 41.42748276  4.21227586]
-0.18	 -0.52	-0.04	0.21	157_K	[ 5.68184615 40.74719231  2.77534615]
-0.15	 -0.25	-0.16	0.11	157_K	[ 3.84735484 39.30941935  0.93658065]
0.04	 0.51	-0.19	-0.16	157_K	[ 2.5835     42.04191667 -0.33358333]
-0.18	 -0.59	0.12	0.33	157_K	[ 3.62791667 42.87775     1.99791667]
-0.32	 -0.75	0.22	0.39	157_K	[ 4.880375   43.06729167 -0.42454167]
-0.25	 -0.89	0.25	0.38	157_K	[ 6.43172727 41.72240909  0.63727273]
-0.25	 -0.61	-0.13	0.41	157_K	[ 4.40522222 40.71225926 -0.90977778]
-0.1	 -0.21	-0.03	0.08	158_I	[-0.91735556 42.86744444  3.42855556]
0.02	 0.47	-0.15	0.09	158_I	[-2.94933333 40.867       6.546     ]
0.04	 0.41	-0.02	-0.15	158_I	[-2.012      38.86006667  7.88013333]
-0.01	 -0.58	-0.19	0.05	158_I	[-4.12416667 41.70566667  5.263     ]
0.05	 0.2	-0.03	-0.01	158_I	[ 0.63361538 41.29084615  5.32161538]
-0.18	 -0.53	0.18	-0.06	158_I	[-2.40927778 41.47455556  6.12255556]
0.03	 -0.2	0.0	-0.08	158_I	[-0.48405882 39.62735294  7.11335294]
-0.01	 -0.22	-0.1	-0.02	158_I	[-3.68914286 39.4092381   7.68833333]
0.08	 0.97	-0.06	-0.1	158_I	[-4.43214286 40.83021429  6.35592857]
0.13	 0.19	0.08	-0.2	158_I	[-3.87329412 42.07911765  3.91005882]
0.15	 1.56	0.22	-0.49	159_V	[-3.85507692 42.76623077  2.36123077]
0.08	 0.42	-0.08	0.07	159_V	[-0.86333333 40.56133333 -1.828     ]
-0.11	 -0.51	-0.13	0.09	159_V	[-1.59352941 42.93173529 -2.29502941]
-0.01	 0.52	-0.08	-0.22	159_V	[ 0.73659091 40.77154545 -0.79418182]
0.03	 -0.23	-0.14	-0.04	159_V	[-0.85738462 43.61330769  1.49907692]
-0.03	 0.28	-0.29	0.02	159_V	[-1.74804762 39.77538095 -1.45247619]
-0.25	 -0.9	0.26	0.45	159_V	[-0.56395 42.0624  -2.88095]
0.12	 1.06	0.4	-0.85	159_V	[-3.0515   42.4095   -2.569125]
-0.27	 -0.79	0.2	0.41	159_V	[-0.36041176 44.12205882 -0.96152941]
-0.1	 -0.42	-0.02	0.15	159_V	[ 1.133      40.77587179 -1.38053846]
0.05	 0.34	-0.12	-0.09	159_V	[ 1.03373913 42.68552174  0.67165217]
0.1	 -0.26	0.01	-0.21	159_V	[ 0.81768 39.33484  0.9606 ]
0.12	 1.98	-0.0	-0.23	160_K	[-4.00285714 43.74078571  2.02871429]
0.14	 1.19	0.33	-0.57	160_K	[-5.53385714 45.20371429 -2.50514286]
-0.04	 0.26	0.0	-0.02	160_K	[-4.08315385 44.22212821 -2.84641026]
0.05	 0.61	0.01	-0.21	160_K	[-4.36022222 46.95177778  1.02155556]
0.08	 0.81	0.06	-0.2	160_K	[-6.4015   46.2575    0.546375]
-0.05	 -0.13	-0.12	0.12	160_K	[-5.84375    48.40483333  0.152     ]
-0.15	 -0.64	-0.15	0.21	160_K	[-8.31676923 48.92661538 -0.31853846]
-0.01	 1.0	-0.02	-0.2	160_K	[-9.13233333 48.874       1.81833333]
-0.47	 -0.2	-0.1	0.08	160_K	[-2.67171429 44.87042857  0.81038095]
-0.16	 -0.03	-0.11	0.11	160_K	[-5.48907407 45.50696296  2.10066667]
-0.15	 -0.43	-0.07	0.03	160_K	[-4.065625   46.48254167 -0.50158333]
0.07	 0.59	-0.0	-0.18	160_K	[-6.626   46.28448 -2.0688 ]
0.12	 1.38	0.18	-0.46	160_K	[-7.1300625 45.109375   1.70675  ]
-0.17	 -0.99	0.12	0.13	160_K	[-6.26147368 48.25715789  1.82989474]
-0.22	 -0.5	0.23	0.18	160_K	[-5.94426087 48.41456522 -0.91821739]
-0.27	 -0.68	0.19	0.44	160_K	[-8.26709524 49.60271429  0.43290476]
0.03	 0.41	-0.27	0.14	160_K	[-8.93324324 47.1232973  -1.28589189]
-0.11	 -0.02	-0.09	0.15	160_K	[-10.33077778  48.04805556   1.12722222]
0.06	 0.76	-0.16	-0.11	160_K	[-8.76923333 45.36643333  1.97663333]
-0.18	 -0.63	-0.09	0.15	160_K	[-8.37727273 47.57193939  2.77166667]
0.19	 1.43	0.17	-0.44	161_R	[-9.44790909 44.92959091 -2.24077273]
0.13	 1.84	0.07	-0.34	161_R	[-5.35144444 40.92288889 -5.50677778]
0.09	 1.21	-0.16	-0.07	161_R	[-6.23933333 39.7265     -7.312     ]
0.04	 0.11	-0.1	-0.08	161_R	[-6.35766667 41.9017619  -8.44021429]
-0.1	 -0.46	-0.04	0.12	161_R	[-4.45106452 42.72312903 -7.93590323]
-0.47	 -0.2	-0.51	0.35	161_R	[-6.82012903 41.29754839 -9.97345161]
0.0	 0.12	-0.3	0.0	161_R	[-4.90611111 44.04711111 -4.22388889]
0.15	 1.13	0.16	-0.43	161_R	[-4.50957143 41.44528571 -3.28542857]
0.02	 0.14	-0.3	0.02	161_R	[-4.9278     43.181      -5.31993333]
-0.07	 -0.2	-0.2	0.06	161_R	[-4.67875862 40.35044828 -5.79      ]
-0.21	 -0.99	0.09	0.35	161_R	[-3.70926316 42.43352632 -6.87794737]
-0.26	 -1.23	0.18	0.48	161_R	[-3.74530769 42.33188462 -9.5395    ]
0.03	 0.47	-0.11	-0.09	161_R	[ -7.82738462  41.16046154 -10.51461538]
-0.32	 -1.66	0.33	0.59	161_R	[ -5.51945  41.6293  -10.8977 ]
0.11	 0.79	0.01	-0.24	162_S	[-6.65471429 45.59485714 -3.99285714]
0.1	 1.94	0.12	-0.34	162_S	[-7.644875 46.25025  -3.786625]
0.21	 1.27	0.4	-0.63	162_S	[-9.22579167 43.05383333 -7.52479167]
-0.03	 0.47	-0.08	0.09	162_S	[-7.51172727 46.73427273 -6.88990909]
0.04	 0.09	-0.03	-0.05	162_S	[-10.15706667  47.8178      -6.13446667]
-0.04	 -0.08	-0.11	-0.03	162_S	[-6.20856 44.95536 -5.64872]
0.01	 0.47	-0.34	0.08	162_S	[-9.03445455 46.64587879 -3.47490909]
-0.21	 -0.91	0.16	0.4	162_S	[-7.2769  47.3101  -6.13985]
-0.03	 0.05	-0.39	0.16	162_S	[-8.11847368 44.87378947 -7.88110526]
-0.21	 -0.49	-0.0	0.21	162_S	[-9.29952941 47.75888235 -8.18629412]
0.09	 1.23	0.25	-0.41	163_L	[-11.948   44.7208  -2.6122]
-0.0	 0.62	-0.19	-0.05	163_L	[-11.27905556  46.24733333  -3.80488889]
0.07	 0.8	-0.06	-0.2	163_L	[-13.53384  46.58188  -3.21996]
0.15	 1.34	0.3	-0.57	163_L	[-11.438375  44.355875  -2.3175  ]
-0.05	 0.27	-0.27	0.02	163_L	[-13.09992593  45.36003704  -1.35388889]
0.03	 0.87	-0.15	-0.07	164_A	[-13.267125  47.051125 -10.625125]
0.12	 1.0	-0.05	-0.19	164_A	[-15.19679167  47.38095833 -10.28791667]
-0.08	 -0.01	0.0	0.01	164_A	[-11.96186957  48.6333913   -9.55247826]
-0.12	 -0.2	-0.14	0.18	164_A	[-13.44725806  49.11016129  -9.50032258]
-0.03	 0.34	-0.11	-0.04	164_A	[-12.22254839  49.38222581  -7.05919355]
-0.04	 -0.28	-0.15	0.1	164_A	[-10.61207692  47.41        -9.69753846]
0.17	 1.49	0.12	-0.38	165_P	[-12.18822222  46.21322222 -10.813     ]
0.08	 0.51	0.01	-0.33	165_P	[-12.65344444  45.71488889 -11.63366667]
0.04	 0.55	-0.2	0.08	165_P	[-12.15275  44.873   -12.4595 ]
-0.05	 0.05	-0.14	0.09	165_P	[ -9.84586667  43.98133333 -11.13906667]
0.05	 0.44	-0.08	-0.08	165_P	[-13.85478947  45.81694737 -12.15521053]
-0.03	 0.15	0.06	-0.04	165_P	[-12.41613793  43.28934483 -13.24744828]
0.01	 0.59	-0.05	-0.21	165_P	[ -9.61245161  42.97487097 -10.244     ]
-0.17	 -0.4	0.09	0.25	165_P	[-10.58126667  45.32026667 -11.6333    ]
0.09	 0.6	-0.05	-0.17	165_P	[-9.8615 45.8538 -9.4191]
-0.02	 1.05	-0.09	-0.06	168_Q	[-18.96491667  48.68033333 -12.40566667]
0.11	 0.06	-0.01	-0.15	168_Q	[-20.95653846  47.65346154 -12.74423077]
0.13	 0.84	-0.15	-0.11	168_Q	[-19.624       45.035      -13.91033333]
0.03	 1.27	0.03	-0.27	168_Q	[-18.51725  44.45575 -14.26825]
-0.04	 -0.66	-0.05	0.05	168_Q	[-17.374       44.47       -14.89557143]
-0.08	 0.02	-0.06	0.06	168_Q	[-15.32636667  43.14576667 -14.56256667]
-0.04	 -0.32	-0.07	0.06	168_Q	[-16.17304  46.68348 -14.09   ]
0.02	 0.25	-0.03	-0.08	168_Q	[-16.789       47.81747059 -12.01264706]
-0.14	 -0.4	-0.04	0.21	168_Q	[-19.2721875  46.497     -13.9084375]
0.09	 0.79	0.09	-0.24	168_Q	[-19.20041667  43.71866667 -13.86133333]
-0.19	 -0.76	0.08	0.28	168_Q	[-17.01745455  47.547      -13.91154545]
-0.25	 -0.74	0.16	0.41	168_Q	[-15.07082759  46.09051724 -14.79882759]
0.1	 0.92	0.04	-0.29	169_T	[-18.41614286  49.48871429 -11.39614286]
-0.19	 -1.11	0.06	0.25	169_T	[-20.62247826  50.79726087 -11.96430435]
-0.15	 -0.36	0.01	0.17	169_T	[-22.4855      50.75394737 -10.63926316]
-0.03	 -0.09	-0.14	0.02	169_T	[-21.43396875  50.55834375  -7.5300625 ]
-0.06	 0.3	-0.07	-0.01	169_T	[-18.82772727  52.58072727  -9.72972727]
0.13	 0.61	-0.04	-0.23	169_T	[-17.10147619  49.01571429  -9.92585714]
-0.08	 -0.28	-0.17	0.15	169_T	[-19.68397674  51.20365116  -6.30160465]
0.04	 -0.68	-0.05	-0.04	169_T	[-18.45788889  53.14833333  -8.44077778]
-0.11	 -1.06	0.01	0.18	169_T	[-17.72776923  51.00646154 -10.87423077]
-0.14	 -0.73	0.01	0.28	169_T	[-19.80714286  52.5737619  -10.26671429]
