-0.23	 -1.08	0.12	0.38	776_S	[-8.39685714 15.64055357 39.20385714]
-0.16	 -0.84	0.01	0.23	776_S	[-6.28268421 16.20494737 40.80436842]
0.03	 0.63	-0.07	-0.12	776_S	[-6.10225    17.59933333 38.23716667]
-0.17	 -0.38	0.0	0.2	776_S	[-5.1948   17.387075 36.922375]
-0.24	 -1.19	0.12	0.37	776_S	[-5.21053521 14.58530986 39.00659155]
-0.1	 -0.5	-0.16	0.09	777_K	[-6.82269231 18.58407692 40.15742308]
-0.05	 -0.14	-0.04	0.03	777_K	[-6.94184615 19.72146154 37.38046154]
0.11	 1.6	0.02	-0.32	777_K	[-3.55742857 18.29871429 38.12157143]
-0.05	 0.19	-0.13	-0.0	777_K	[-3.29038095 19.23302381 40.14385714]
-0.26	 -1.19	0.12	0.37	777_K	[-6.80715873 21.39468254 39.65571429]
0.1	 1.3	0.44	-0.66	778_P	[-3.8075   18.946375 36.52875 ]
0.06	 0.26	-0.09	-0.07	778_P	[-2.70915789 18.793      37.15257895]
0.08	 0.69	-0.07	-0.12	778_P	[-2.96678723 23.24791489 38.85148936]
0.1	 0.93	0.01	-0.2	778_P	[-1.35261538 19.69569231 35.24084615]
0.03	 0.43	-0.11	-0.11	778_P	[-3.49087234 20.3137234  34.05751064]
-0.1	 -0.38	-0.09	0.05	778_P	[-5.4384     21.18048571 36.21488571]
0.01	 0.23	-0.06	-0.05	779_K	[-1.05792308 22.94815385 40.71846154]
0.18	 0.94	-0.06	-0.18	779_K	[ 0.747625 22.50275  42.01075 ]
-0.1	 -0.24	-0.03	0.11	779_K	[-1.18623913 20.57065217 42.18584783]
-0.1	 -0.28	0.01	0.2	779_K	[ 0.59465278 19.431375   43.63548611]
0.12	 0.81	0.03	-0.27	780_I	[ 0.19326087 24.47373913 40.74152174]
0.2	 0.64	0.07	-0.33	780_I	[ 1.32152381 25.46038095 42.00304762]
0.2	 1.04	0.09	-0.37	781_L	[ 6.3734  27.53372 45.06572]
0.2	 1.15	0.15	-0.4	782_L	[ 5.79045 34.31615 37.3235 ]
0.21	 1.65	0.29	-0.53	782_L	[ 4.81671429 35.33357143 38.79580952]
0.15	 1.15	0.09	-0.34	784_E	[ 6.81206667 36.1976     38.42316667]
0.1	 0.82	0.03	-0.27	784_E	[ 8.0423913  36.95252174 36.46804348]
0.19	 1.3	0.19	-0.43	784_E	[10.90205556 39.17861111 38.4215    ]
0.16	 1.5	0.13	-0.42	785_D	[11.01809091 37.756      44.70872727]
0.11	 1.37	0.33	-0.59	785_D	[11.31342857 40.63885714 42.52042857]
-0.05	 -0.09	-0.04	0.04	785_D	[10.06804545 40.05213636 44.53729545]
0.08	 0.64	-0.06	-0.16	785_D	[12.739      38.30654167 44.27033333]
0.08	 2.28	0.05	-0.33	785_D	[12.35128571 40.01757143 40.33257143]
0.11	 0.4	-0.0	-0.15	785_D	[12.44357143 39.14157143 39.50814286]
-0.12	 -0.46	-0.04	0.13	785_D	[13.943875   40.13910417 41.61270833]
0.03	 0.96	-0.04	-0.11	786_N	[10.16123529 41.77282353 42.05711765]
-0.0	 0.09	-0.13	-0.02	786_N	[10.76222222 41.45477778 39.67677778]
-0.01	 -0.2	-0.15	0.02	786_N	[ 8.752      43.67466667 41.22806667]
0.18	 1.37	0.41	-0.63	786_N	[ 7.5705     43.78533333 41.45333333]
-0.22	 -0.87	0.09	0.36	786_N	[ 9.51075926 44.2072037  39.12685185]
0.13	 0.19	0.09	-0.23	787_K	[ 7.70980952 42.7287619  43.02652381]
0.18	 1.6	0.23	-0.49	787_K	[ 4.48144444 40.22111111 43.85222222]
0.14	 0.31	0.02	-0.2	787_K	[ 3.810625 43.235    42.719   ]
-0.04	 -0.49	-0.09	-0.02	787_K	[ 2.9475     41.15209091 42.88963636]
-0.15	 -0.52	-0.11	0.19	787_K	[ 4.9862619  42.99930952 44.62997619]
-0.18	 -1.04	0.08	0.26	787_K	[ 7.04287097 42.424      46.13041935]
-0.01	 0.16	-0.02	-0.01	787_K	[ 5.00603704 39.70948148 45.65977778]
-0.17	 -0.99	0.05	0.29	787_K	[ 7.29354167 40.48525    47.99608333]
-0.04	 -0.3	0.06	0.01	787_K	[ 7.52516 38.10638 47.44122]
0.04	 0.45	-0.13	-0.12	788_I	[ 2.72095833 43.70404167 40.87141667]
0.23	 1.51	0.25	-0.5	788_I	[ 1.82442857 42.85164286 39.17178571]
0.16	 0.89	0.1	-0.29	788_I	[ 6.2648     44.74066667 38.9636    ]
-0.2	 -1.11	0.02	0.27	788_I	[ 3.81414634 46.48468293 40.4605122 ]
-0.18	 -0.76	0.03	0.21	788_I	[ 3.77731034 44.96975862 37.71605172]
-0.2	 -0.72	0.05	0.25	788_I	[ 5.79727536 45.96953623 42.22621739]
0.14	 0.52	-0.03	-0.2	789_N	[ 4.14227273 41.06995455 36.81172727]
0.19	 1.27	0.17	-0.41	789_N	[ 4.77194444 37.39038889 38.51322222]
-0.02	 -0.42	-0.11	-0.09	789_N	[ 3.685      38.39961111 36.74044444]
-0.01	 0.32	-0.02	-0.13	789_N	[ 6.4446  38.69428 36.80824]
-0.04	 0.03	-0.2	0.02	789_N	[ 7.4487 40.2187 35.4847]
-0.02	 0.16	-0.13	-0.02	789_N	[ 9.4562963  41.00440741 36.38559259]
-0.14	 -0.51	-0.0	0.17	789_N	[ 6.59028 42.82154 36.41914]
0.14	 1.88	0.08	-0.35	790_I	[ 3.98545455 38.86463636 43.37354545]
0.02	 0.06	-0.01	-0.09	790_I	[ 2.44160976 37.18904878 43.68860976]
0.13	 1.5	-0.06	-0.17	790_I	[ 5.034375  37.0378125 44.7533125]
0.17	 1.5	0.2	-0.45	791_M	[ 1.78325    39.67191667 42.35075   ]
0.06	 0.51	-0.04	-0.21	791_M	[-0.40796 38.99764 41.85972]
0.08	 1.35	0.02	-0.33	791_M	[-1.55157143 40.87642857 38.75728571]
0.18	 1.48	0.14	-0.4	791_M	[-2.3887931  39.48989655 39.39606897]
-0.05	 0.01	-0.13	0.02	791_M	[ 0.60151429 41.90571429 41.572     ]
-0.05	 -0.08	-0.17	0.01	791_M	[-2.07856522 41.24952174 40.61378261]
-0.24	 -1.28	0.07	0.32	791_M	[-1.31432143 43.71398214 42.25451786]
-0.3	 -1.35	0.13	0.47	791_M	[-4.10222388 42.92173134 42.58007463]
0.06	 0.36	-0.07	-0.1	792_V	[-1.59195455 40.552      36.94872727]
0.22	 1.17	0.15	-0.4	792_V	[-2.0928     39.07966667 35.15326667]
0.09	 0.63	-0.03	-0.17	792_V	[ 2.29078571 40.22657143 35.68707143]
-0.09	 -0.38	-0.02	0.06	792_V	[ 0.52861538 40.56751923 33.82486538]
-0.17	 -0.57	-0.04	0.19	792_V	[ 0.70506557 43.03747541 36.38670492]
0.18	 1.1	0.14	-0.37	793_A	[ 1.66805556 37.82838889 34.99111111]
0.07	 0.81	0.31	-0.61	793_A	[ 2.07685714 37.06971429 34.84557143]
0.08	 0.39	-0.07	-0.19	793_A	[ 3.67160465 36.2105814  36.14344186]
0.16	 1.98	0.01	-0.31	794_K	[-1.915      33.58077778 39.64322222]
0.19	 0.82	0.01	-0.25	794_K	[-4.21388889 35.68233333 39.53555556]
0.12	 1.07	0.03	-0.24	794_K	[-3.14090909 33.38390909 39.04340909]
-0.03	 -0.05	-0.16	-0.04	794_K	[-2.80175862 36.25589655 40.66365517]
0.03	 0.17	0.02	-0.1	794_K	[-1.10858333 33.24066667 41.47791667]
-0.07	 -0.37	-0.06	0.14	794_K	[-1.65692105 36.50489474 42.89544737]
-0.03	 0.17	-0.06	-0.04	794_K	[-0.62210526 33.73613158 44.19173684]
-0.24	 -1.0	0.08	0.39	794_K	[-0.87854687 35.64635938 45.65415625]
0.11	 1.31	0.18	-0.45	795_S	[-4.03533333 36.94683333 39.46966667]
0.0	 0.16	-0.14	-0.08	795_S	[-5.69229412 36.54935294 38.35752941]
0.07	 0.47	-0.05	-0.13	795_S	[-4.82544444 37.49144444 34.85688889]
-0.03	 0.02	-0.03	-0.08	795_S	[-6.48947619 36.33414286 35.31833333]
-0.12	 -0.57	-0.02	0.16	795_S	[-4.82834043 39.0092766  36.71406383]
-0.2	 -0.34	0.02	0.26	795_S	[-4.89672917 39.02954167 39.37541667]
0.15	 1.26	0.04	-0.27	796_M	[-4.99511111 36.45172222 32.91216667]
0.04	 0.42	-0.06	-0.07	796_M	[-3.34106897 38.17844828 32.78037931]
-0.09	 -0.41	0.0	0.07	796_M	[-1.40207273 39.95998182 31.13736364]
0.22	 1.68	0.21	-0.47	797_M	[-2.31425   31.5269375 37.952375 ]
0.04	 -0.07	-0.1	-0.06	798_K	[-8.85885714 33.54585714 36.32485714]
-0.03	 -0.1	-0.02	-0.01	798_K	[-8.99243243 31.34508108 36.3277027 ]
-0.04	 -0.3	-0.04	0.06	798_K	[-7.84871429 34.40439286 37.94617857]
-0.01	 -0.08	-0.1	-0.0	798_K	[-5.57636364 33.6450303  39.98451515]
-0.05	 -0.23	0.01	0.08	798_K	[-8.29670732 31.87121951 39.48587805]
-0.14	 -0.57	-0.01	0.18	798_K	[-6.6847619 32.5307619 42.2615   ]
-0.26	 -1.08	0.14	0.38	798_K	[-9.20343103 31.58548276 42.52032759]
0.12	 0.91	0.07	-0.31	799_Q	[-7.9149 34.862  35.728 ]
-0.04	 -0.05	-0.12	0.06	799_Q	[-9.59806667 34.186      34.6312    ]
0.18	 1.35	0.41	-0.64	799_Q	[-8.18353846 33.48238462 31.36938462]
-0.16	 -0.47	0.02	0.22	799_Q	[-9.70873171 32.08263415 32.26721951]
0.1	 0.33	-0.06	-0.2	799_Q	[-7.38152 36.1084  33.50492]
-0.24	 -1.17	0.04	0.29	799_Q	[-10.32428125  35.38228125  33.0945    ]
-0.01	 0.11	-0.07	0.05	799_Q	[-9.15984211 36.81268421 31.58747368]
-0.09	 -0.06	-0.0	0.18	799_Q	[-8.6937381  35.70547619 30.21230952]
-0.27	 -1.13	0.15	0.42	799_Q	[-9.70290909 38.29392727 32.40043636]
0.02	 0.67	-0.06	0.01	800_L	[-7.910375 30.254125 31.107   ]
0.01	 0.04	-0.15	-0.02	800_L	[-8.86663636 29.34272727 32.51409091]
-0.11	 -0.23	0.02	0.07	800_L	[-7.30119048 27.52961905 32.3162619 ]
0.19	 1.59	0.03	-0.3	800_L	[-5.20172727 28.67781818 31.38409091]
0.02	 0.42	-0.01	-0.1	800_L	[-5.1534  29.807   29.62088]
-0.02	 -0.24	-0.19	0.01	800_L	[-7.06902703 32.31494595 29.5812973 ]
-0.19	 -0.93	0.03	0.27	801_G	[-9.3875     28.46363889 35.01008333]
0.06	 0.9	0.05	-0.21	801_G	[-7.62910714 27.89507143 36.37032143]
-0.22	 -0.83	0.06	0.31	801_G	[-7.98358824 26.02511765 36.5075    ]
0.14	 1.37	0.38	-0.61	802_H	[-6.93485714 29.27885714 37.79      ]
-0.0	 0.1	-0.14	-0.12	802_H	[-6.23395238 27.02233333 38.298     ]
0.16	 0.59	-0.04	-0.27	802_H	[-6.5401875 29.1040625 38.877    ]
0.2	 1.45	0.17	-0.42	802_H	[-3.86642857 30.99738095 38.69633333]
0.19	 1.63	0.23	-0.48	802_H	[-3.58670588 26.01929412 37.59735294]
0.13	 0.31	-0.11	-0.13	802_H	[-4.80325   24.5888125 36.6388125]
0.14	 1.59	0.33	-0.57	802_H	[-4.715      27.30527273 32.21872727]
-0.06	 -0.09	-0.04	0.04	802_H	[-5.57369231 24.17994872 33.91897436]
-0.07	 -0.54	-0.17	0.09	802_H	[-4.49296552 25.31562069 32.23896552]
0.03	 0.16	-0.13	-0.05	803_T	[-5.1078125 26.7809375 39.5228125]
0.12	 0.85	-0.01	-0.21	803_T	[-3.9502381  30.25314286 40.4982381 ]
0.13	 1.1	-0.01	-0.22	803_T	[-2.05    26.94225 42.028  ]
0.09	 0.4	-0.09	-0.16	803_T	[-2.18922222 25.81994444 39.78461111]
-0.11	 -0.41	-0.08	0.12	803_T	[-4.21948 29.07748 42.97344]
-0.26	 -0.93	0.1	0.37	803_T	[-4.47725714 26.32211429 42.57651429]
-0.18	 -0.83	0.01	0.22	803_T	[-6.88357692 28.56382692 42.07061538]
0.05	 0.34	-0.1	-0.1	804_M	[-1.58469231 30.31869231 41.18511538]
0.1	 1.1	0.03	-0.27	804_M	[-0.61414286 26.81385714 41.83057143]
-0.0	 0.46	-0.19	-0.06	804_M	[-1.14926316 27.68526316 43.34973684]
-0.02	 0.22	-0.17	0.02	804_M	[-0.60761702 30.34878723 43.52595745]
0.15	 1.59	0.2	-0.45	804_M	[-1.47946667 30.32673333 39.17053333]
0.17	 1.08	0.14	-0.39	804_M	[-0.86275    32.114875   39.36358333]
0.1	 1.18	0.04	-0.23	805_D	[ 0.48925  26.470875 43.378   ]
0.05	 0.39	0.0	-0.08	805_D	[ 1.53233333 28.99116667 45.57766667]
0.04	 -0.38	-0.04	-0.11	805_D	[ 3.9662381  27.16904762 45.86909524]
-0.04	 0.11	0.02	-0.03	805_D	[ 1.77896875 25.72903125 45.7035    ]
-0.27	 -1.28	0.11	0.39	805_D	[ 0.17047059 26.52744118 46.11088235]
-0.12	 0.01	-0.09	0.33	805_D	[ 2.23958333 23.64358333 45.7525    ]
0.03	 -0.05	-0.09	-0.03	806_I	[ 2.90807143 30.03792857 46.04985714]
0.14	 1.26	0.33	-0.57	806_I	[ 6.71225  29.04925  45.695625]
-0.08	 -0.28	-0.04	0.1	806_I	[ 5.87635088 30.53447368 46.88761404]
-0.18	 -0.94	0.01	0.22	806_I	[ 3.73076923 32.693      46.49861538]
-0.03	 -0.06	-0.09	-0.04	806_I	[ 1.65578378 33.05508108 45.28348649]
0.1	 0.22	0.04	-0.17	806_I	[ 5.03753333 34.24616667 45.68093333]
0.16	 2.49	0.01	-0.28	807_A	[ 8.3498 30.2403 47.0463]
0.14	 0.98	-0.02	-0.3	807_A	[ 8.4785     28.57404545 46.09009091]
0.15	 1.14	0.41	-0.64	808_N	[12.67475  34.927375 46.522625]
0.14	 0.79	-0.02	-0.2	808_N	[13.30321739 35.99082609 45.44665217]
0.03	 -0.0	-0.09	-0.03	808_N	[10.75892308 36.12153846 46.82476923]
0.12	 1.67	-0.15	-0.15	808_N	[ 9.3166 36.7812 47.7668]
-0.12	 -0.33	-0.07	0.09	808_N	[ 7.85366667 35.03928889 48.07188889]
0.2	 1.31	0.07	-0.31	808_N	[ 6.50390909 36.04881818 46.14690909]
0.21	 1.4	0.11	-0.4	809_N	[14.98278571 35.25857143 46.033     ]
0.17	 1.52	0.28	-0.54	809_N	[14.85791667 31.21641667 48.613     ]
-0.02	 -0.15	-0.1	0.03	809_N	[14.73283636 33.90614545 48.37223636]
0.22	 1.57	0.26	-0.51	811_V	[15.50308333 25.603375   48.40283333]
0.15	 1.15	0.01	-0.29	811_V	[16.22659091 30.54418182 48.99213636]
-0.0	 0.34	0.05	-0.1	811_V	[16.35464474 27.74346053 50.26039474]
0.04	 0.1	-0.08	-0.09	811_V	[19.54016667 29.31830556 48.23869444]
0.09	 0.76	-0.07	-0.21	812_E	[12.34796 28.20804 49.29204]
0.14	 0.12	0.08	-0.24	812_E	[10.00911765 27.01688235 47.65941176]
0.06	 0.68	-0.03	-0.11	812_E	[10.0895 29.4301 48.2787]
-0.14	 -0.51	-0.02	0.1	812_E	[12.45160606 30.57354545 50.023     ]
-0.18	 -0.81	-0.01	0.23	812_E	[ 9.95192308 31.41846154 50.17776923]
0.04	 0.44	-0.19	-0.02	812_E	[ 8.8297931  32.07417241 48.40644828]
-0.2	 -0.65	0.1	0.27	812_E	[11.26352273 33.27456818 50.209     ]
0.18	 0.98	0.06	-0.35	814_I	[15.552175 22.7858   47.9594  ]
0.01	 0.53	-0.17	-0.05	815_T	[13.39296429 22.88667857 49.42396429]
0.15	 0.67	-0.01	-0.27	815_T	[10.90368182 21.26131818 49.91477273]
0.05	 0.57	-0.1	-0.13	815_T	[11.2006875 26.16      49.81175  ]
0.01	 -0.08	-0.12	0.17	815_T	[14.23908929 25.31346429 50.70189286]
-0.24	 -1.32	0.09	0.36	815_T	[10.66163492 24.42253968 51.5055873 ]
0.13	 1.15	0.11	-0.36	816_A	[ 9.61738462 25.25569231 48.37476923]
0.05	 0.43	-0.02	-0.14	816_A	[ 7.8034 23.5938 48.1084]
0.16	 1.56	0.3	-0.55	816_A	[ 6.60888889 21.98361111 47.11738889]
-0.02	 -0.22	-0.02	0.07	816_A	[ 7.32831034 25.62396552 46.82889655]
-0.06	 0.1	-0.01	-0.15	817_I	[ 9.79286957 17.58682609 45.15365217]
0.19	 1.4	0.44	-0.66	817_I	[ 9.13846154 20.92292308 41.61246154]
0.04	 0.62	-0.07	-0.15	817_I	[10.89495652 19.04195652 42.22367391]
0.2	 1.35	0.43	-0.65	818_N	[11.32621429 17.15792857 46.27614286]
0.11	 1.3	0.14	-0.43	818_N	[ 9.061625 17.456    46.828875]
-0.13	 -0.19	-0.07	0.2	818_N	[10.01492857 16.56083333 48.36578571]
0.15	 0.95	0.04	-0.3	818_N	[13.74329412 20.26070588 48.97564706]
0.11	 1.73	-0.12	-0.16	818_N	[12.1014 16.584  49.5734]
-0.05	 -0.12	-0.06	0.04	818_N	[13.5615     16.12764706 48.45285294]
-0.07	 0.03	-0.15	0.07	818_N	[12.82226562 18.3250625  50.86048438]
-0.04	 -0.02	0.0	-0.05	819_S	[ 8.415      17.73335714 50.03707143]
-0.03	 -0.08	-0.13	0.01	819_S	[ 7.00593333 17.04266667 47.82633333]
-0.24	 -0.76	0.15	0.32	819_S	[ 5.18225    18.03428125 49.41609375]
-0.19	 -0.81	-0.11	0.3	819_S	[ 8.10453061 19.63189796 51.02259184]
-0.11	 -0.08	-0.09	0.08	819_S	[ 6.98802632 21.58642105 49.65281579]
0.11	 1.93	0.09	-0.37	820_S	[ 7.62230769 17.59       46.67861538]
-0.06	 0.27	-0.14	0.02	820_S	[ 4.5551  17.55485 46.78115]
-0.04	 0.09	-0.04	-0.02	820_S	[ 6.62606667 16.89606667 45.36806667]
0.01	 0.34	-0.07	-0.11	820_S	[ 7.84845833 18.42325    43.698625  ]
0.15	 1.18	0.03	-0.3	820_S	[ 3.1526     20.4747     45.35443333]
-0.19	 -0.29	-0.15	0.26	820_S	[ 3.85369565 20.74267391 47.5403913 ]
-0.0	 -0.14	-0.01	-0.02	821_S	[ 3.67380952 17.35342857 44.68538095]
-0.03	 -0.21	-0.13	0.01	821_S	[ 6.59588889 16.68105556 42.8365    ]
0.02	 0.38	-0.06	-0.14	821_S	[ 2.42516216 17.56737838 41.30248649]
-0.22	 -0.99	0.05	0.3	821_S	[ 4.43966 15.12426 43.16452]
-0.23	 -0.76	0.12	0.35	821_S	[ 4.8454   15.204875 40.59965 ]
0.12	 0.69	-0.05	-0.16	822_Y	[ 6.42245455 18.47259091 40.88604545]
0.17	 1.51	0.18	-0.45	822_Y	[ 3.56621429 17.59171429 39.24942857]
-0.07	 -0.07	-0.14	0.04	822_Y	[ 5.20676667 17.62786667 38.0915    ]
0.19	 1.15	0.46	-0.67	822_Y	[ 7.03921429 20.30621429 40.60285714]
0.17	 1.52	0.13	-0.4	822_Y	[ 7.58686364 20.59409091 42.08918182]
0.13	 1.05	0.02	-0.31	822_Y	[ 2.39845238 22.87995238 43.38814286]
0.09	 0.59	-0.02	-0.19	822_Y	[ 4.85593939 23.72181818 46.351     ]
0.1	 0.45	-0.06	-0.13	823_D	[ 3.94353333 18.2338     35.846     ]
0.13	 0.63	0.08	-0.24	823_D	[ 3.4639375 19.5464375 33.785625 ]
0.01	 0.25	0.01	-0.12	823_D	[ 1.24307143 19.04578571 34.99014286]
0.0	 0.29	-0.17	0.0	823_D	[ 0.45094737 17.86568421 37.34747368]
-0.25	 -0.77	0.13	0.38	823_D	[ 1.51129268 16.71595122 36.92797561]
-0.02	 0.18	-0.09	-0.04	823_D	[-0.37470968 18.42241935 39.09335484]
0.06	 0.33	-0.3	-0.06	828_D	[13.43897143 37.25597143 35.47322857]
0.16	 0.86	0.08	-0.33	828_D	[12.59191667 37.98716667 37.69075   ]
0.2	 1.37	0.18	-0.45	829_V	[18.73       34.67688889 36.59438889]
0.2	 1.42	0.07	-0.32	829_V	[19.39022727 34.70618182 34.31863636]
0.23	 1.53	0.3	-0.54	830_C	[15.56676471 36.82982353 35.31805882]
0.12	 0.71	-0.19	-0.08	830_C	[18.869   36.58225 37.7405 ]
0.02	 0.16	-0.07	-0.08	830_C	[17.29409091 38.27672727 39.29927273]
0.05	 0.26	-0.09	-0.08	830_C	[15.092   38.45776 38.53788]
-0.2	 -0.73	-0.05	0.22	830_C	[17.26140476 38.75021429 36.71695238]
-0.13	 -0.42	-0.12	0.17	830_C	[19.58465079 37.99755556 35.04320635]
0.09	 0.64	-0.05	-0.16	831_M	[18.39761538 36.85476923 39.39323077]
0.12	 0.66	0.07	-0.28	831_M	[16.4845     38.23325    40.76583333]
-0.02	 0.31	-0.03	-0.03	831_M	[18.0725     37.92671429 41.41071429]
-0.02	 -0.03	0.04	-0.03	831_M	[19.7173871  35.66274194 41.79490323]
0.06	 0.55	-0.08	-0.1	832_P	[18.17875 38.47475 42.8245 ]
-0.05	 -0.07	-0.08	0.1	832_P	[19.71457143 37.53114286 43.79247619]
-0.2	 -1.05	0.08	0.24	832_P	[18.54641026 38.95266667 45.66207692]
-0.12	 -0.66	0.01	0.14	832_P	[15.80492308 38.54194231 45.44815385]
-0.06	 -0.0	-0.11	0.06	832_P	[16.502     39.2481875 42.768375 ]
-0.02	 -0.07	0.0	0.06	833_V	[20.45246154 36.12407692 45.67115385]
-0.08	 0.01	-0.03	0.09	833_V	[20.95178947 34.94831579 47.52284211]
0.05	 -1.13	-0.04	-0.09	833_V	[20.84869231 34.12869231 44.42307692]
-0.14	 -0.69	0.01	0.2	833_V	[21.81113953 32.40476744 46.12123256]
-0.1	 -0.57	-0.02	0.15	833_V	[19.39827273 32.59838182 49.25621818]
-0.16	 -0.78	0.05	0.2	833_V	[17.91284615 35.95253846 48.76582692]
0.1	 0.77	0.1	-0.28	834_L	[20.72335294 32.78188235 43.14452941]
0.19	 1.55	0.15	-0.42	834_L	[20.54575    30.16716667 45.84983333]
0.01	 0.15	-0.02	-0.09	834_L	[22.17265385 28.89530769 44.115     ]
0.16	 0.72	0.03	-0.23	835_D	[20.9646 32.4677 41.5085]
-0.02	 -0.05	-0.11	-0.0	835_D	[20.06636667 34.6699     39.14776667]
0.16	 1.52	0.12	-0.36	835_D	[21.15537037 32.76744444 38.25062963]
-0.12	 -0.29	-0.12	0.16	835_D	[22.43696078 32.93472549 37.97113725]
0.13	 0.68	0.0	-0.24	837_L	[22.00895652 30.41778261 35.80782609]
-0.01	 0.07	-0.05	-0.04	837_L	[21.78542 32.59888 34.03458]
0.16	 1.45	0.37	-0.61	838_K	[22.20754545 28.68845455 36.66972727]
0.15	 1.36	0.17	-0.43	838_K	[22.82678571 26.94232143 37.78853571]
0.16	 1.64	0.16	-0.42	838_K	[22.1725625 25.41675   39.616875 ]
0.08	 0.18	-0.13	-0.08	838_K	[22.99033333 27.08608333 40.52066667]
-0.12	 -0.53	-0.16	0.15	838_K	[23.55463333 28.9085     38.19436667]
-0.02	 0.06	0.01	0.0	838_K	[23.84703509 29.62905263 41.49357895]
-0.2	 -0.95	0.11	0.26	838_K	[26.10167925 29.93981132 39.92803774]
-0.25	 -0.94	0.03	0.4	838_K	[25.377      32.25837288 40.43952542]
0.11	 0.79	0.07	-0.32	841_R	[20.76025 21.8995  35.62755]
0.22	 1.47	0.19	-0.45	841_R	[22.33225    21.53991667 39.10725   ]
0.1	 0.91	-0.05	-0.17	841_R	[21.62169231 20.11984615 37.14369231]
-0.02	 0.32	-0.22	0.01	841_R	[22.83266667 23.18063889 38.05272222]
-0.01	 -0.09	0.01	-0.02	841_R	[22.46226923 23.03246154 34.50376923]
-0.14	 -0.76	-0.01	0.22	841_R	[24.59314583 24.59966667 36.45279167]
-0.17	 -0.5	0.0	0.24	841_R	[24.94876471 24.84162745 33.68658824]
0.12	 1.13	-0.01	-0.22	842_L	[22.53842857 24.60328571 40.75185714]
0.21	 1.1	0.06	-0.31	842_L	[22.74769231 25.86246154 42.74961538]
-0.03	 -0.13	-0.06	0.01	842_L	[23.81578947 22.47452632 41.34971053]
0.23	 1.6	0.18	-0.43	843_I	[13.43608 18.95832 39.82632]
0.13	 1.77	0.24	-0.48	844_R	[17.51033333 17.22022222 35.90488889]
0.08	 0.66	-0.06	-0.13	844_R	[20.41825    17.12391667 36.43941667]
-0.0	 0.01	-0.12	-0.07	844_R	[18.94456522 16.02773913 36.15908696]
-0.1	 -0.38	0.0	0.08	844_R	[19.63142105 18.76644737 35.07789474]
0.03	 0.4	0.02	-0.22	844_R	[18.50058824 20.17082353 33.43852941]
0.19	 1.16	0.06	-0.31	844_R	[16.77883333 17.70416667 34.56725   ]
0.11	 1.47	-0.07	-0.22	845_S	[20.9425     18.24516667 36.97416667]
0.06	 0.25	-0.06	-0.14	845_S	[21.95285 16.4348  38.0332 ]
0.17	 1.48	0.35	-0.59	845_S	[21.4526 16.0736 41.4564]
0.01	 0.03	-0.1	-0.11	845_S	[22.5056129  16.98112903 40.89132258]
-0.12	 -0.2	0.09	0.14	845_S	[23.20890698 19.03986047 38.57516279]
0.17	 0.5	0.13	-0.34	846_Y	[16.2562  13.48936 41.6634 ]
0.18	 1.57	0.19	-0.45	846_Y	[13.9172381  17.5937619  41.23947619]
0.07	 0.33	-0.08	-0.13	846_Y	[15.44418421 14.02484211 45.43931579]
-0.08	 -0.05	-0.09	0.04	846_Y	[13.05486111 15.58330556 42.52475   ]
-0.08	 0.38	-0.02	0.07	846_Y	[14.2769 13.7158 43.2522]
-0.18	 -0.43	0.15	0.18	846_Y	[12.47930233 14.77144186 45.17660465]
0.07	 0.54	-0.06	-0.08	847_E	[15.15021053 13.98163158 39.72347368]
-0.02	 0.12	-0.12	-0.07	847_E	[16.930875 13.3325   36.60375 ]
-0.17	 -0.47	-0.01	0.24	847_E	[16.63311905 11.62847619 38.40592857]
-0.1	 -0.62	-0.13	0.1	847_E	[15.47529032 14.83303226 36.3936129 ]
-0.06	 -0.05	-0.24	0.06	847_E	[13.47944737 15.59802632 38.64723684]
0.1	 1.27	0.26	-0.52	847_E	[13.48982609 15.17756522 35.98830435]
0.1	 0.77	0.08	-0.31	847_E	[15.1845     16.43790909 35.02877273]
0.15	 0.89	0.02	-0.22	847_E	[11.94590476 17.37304762 37.94271429]
0.13	 1.0	0.04	-0.26	848_E	[18.13333333 14.11555556 36.51633333]
0.01	 0.3	-0.13	-0.07	848_E	[18.512375  11.9851875 36.5321875]
0.14	 1.36	0.24	-0.48	848_E	[18.67681818 10.76745455 39.51918182]
-0.17	 -0.47	-0.04	0.18	848_E	[20.00142857  9.83637143 38.11694286]
-0.04	 -0.2	-0.04	-0.01	848_E	[20.96788235 14.4045     36.472     ]
-0.14	 -0.3	0.04	0.1	848_E	[22.87089744 12.42628205 36.74512821]
-0.11	 -0.57	-0.07	0.18	848_E	[21.9684  11.0001  34.77165]
-0.23	 -0.71	0.12	0.33	848_E	[20.29042857 11.41111905 34.43278571]
-0.29	 -1.04	0.17	0.4	848_E	[22.63016216  9.74043243 35.81881081]
-0.04	 0.26	-0.08	-0.04	849_T	[21.62568421 10.08884211 40.13910526]
-0.04	 -0.13	-0.16	-0.03	849_T	[19.40353846  9.785      41.01330769]
-0.19	 -0.86	0.07	0.26	849_T	[20.51932353  9.39905882 43.04479412]
-0.02	 -0.05	-0.14	0.01	849_T	[23.1459  11.5811  42.33815]
0.13	 0.74	-0.02	-0.24	849_T	[22.17361905 14.55628571 42.15004762]
-0.15	 -0.63	-0.01	0.2	849_T	[23.69741791 13.06771642 40.11923881]
0.11	 1.7	0.0	-0.27	850_G	[18.2091 10.9344 40.6656]
-0.13	 -0.66	-0.06	0.21	850_G	[17.17484615 10.75587179 43.04005128]
0.08	 0.71	-0.02	-0.14	850_G	[19.41275    10.68408333 45.11833333]
-0.2	 -0.86	0.08	0.27	850_G	[17.37102778 11.56422222 46.00738889]
0.13	 0.97	0.0	-0.18	851_N	[18.432875  14.0998125 46.8676875]
0.17	 1.17	0.16	-0.42	851_N	[21.32167647 16.54079412 43.50920588]
-0.12	 -0.72	-0.0	0.17	851_N	[20.71680556 12.60622222 47.55983333]
0.1	 1.55	0.13	-0.4	851_N	[22.7646 12.209  47.2588]
0.07	 0.4	-0.1	-0.15	851_N	[23.32834286 14.3248     44.52262857]
-0.15	 -0.61	-0.03	0.18	851_N	[22.83065306 11.19571429 45.3895102 ]
0.11	 0.91	0.05	-0.23	852_W	[20.36880952 15.77285714 47.92190476]
0.22	 -0.05	0.07	-0.31	852_W	[19.66805882 17.41294118 49.00929412]
-0.0	 0.14	0.02	-0.09	852_W	[16.66539394 16.43087879 48.43681818]
0.12	 1.17	0.13	-0.43	853_N	[25.157      17.36022222 48.28666667]
0.17	 1.19	0.07	-0.34	853_N	[26.39233333 17.53286667 45.4094    ]
0.22	 1.26	0.15	-0.39	853_N	[26.17383333 18.58233333 48.02908333]
-0.06	 -0.18	-0.29	0.18	853_N	[26.17619149 15.85289362 46.53804255]
-0.08	 -0.12	0.07	-0.08	853_N	[25.35038889 15.58577778 48.872     ]
-0.09	 -0.1	-0.02	0.03	853_N	[23.33082927 15.226      49.36007317]
-0.19	 -0.77	0.1	0.26	853_N	[25.06901754 12.84794737 47.88636842]
-0.0	 0.22	-0.1	-0.09	854_A	[23.91163636 17.22036364 44.09927273]
-0.09	 -0.25	-0.09	0.13	854_A	[26.4315     19.12572222 43.88344444]
0.15	 0.06	0.01	-0.18	854_A	[25.96931579 21.75810526 43.92963158]
-0.07	 -0.31	0.06	0.02	854_A	[24.38822414 18.97346552 42.08086207]
0.1	 1.36	0.14	-0.43	856_I	[26.8082 21.3074 50.3032]
-0.0	 0.33	-0.04	-0.04	856_I	[25.85325    23.14525    50.54803125]
0.09	 1.08	0.12	-0.36	856_I	[25.19728 18.50624 49.5008 ]
0.1	 0.69	-0.02	-0.19	856_I	[21.52575 20.1957  51.6007 ]
-0.21	 -1.0	0.03	0.29	856_I	[25.30420968 19.7983871  51.76009677]
-0.16	 -0.43	-0.07	0.15	856_I	[22.08121429 17.328375   50.95003571]
0.03	 0.32	-0.01	-0.07	857_E	[27.95955 21.408   49.3449 ]
0.09	 0.41	-0.14	-0.1	857_E	[28.4458 23.2895 45.9066]
-0.17	 -0.47	0.06	0.22	857_E	[28.83795  24.414375 48.10325 ]
-0.01	 -0.16	-0.05	-0.0	857_E	[28.68503333 21.4567     45.83693333]
-0.11	 -0.22	-0.05	0.11	857_E	[28.67485366 19.38112195 48.34465854]
-0.13	 -0.43	-0.14	0.16	857_E	[30.02003704 18.82233333 46.0737037 ]
-0.28	 -1.1	0.17	0.42	857_E	[31.121475 19.993025 45.49465 ]
-0.17	 -0.57	-0.11	0.37	857_E	[29.23163462 17.22865385 46.24571154]
0.15	 1.65	0.15	-0.4	858_A	[27.11372727 23.22209091 45.24572727]
-0.15	 -0.41	-0.03	0.15	858_A	[27.57292857 25.65235714 45.63507143]
-0.03	 -0.4	-0.08	0.08	858_A	[27.256375 26.673375 48.019375]
-0.18	 -0.45	0.07	0.27	858_A	[25.29460976 27.6177561  46.72953659]
-0.1	 -0.43	0.02	0.21	858_A	[25.45595745 25.53819149 44.03423404]
0.08	 1.29	0.39	-0.61	859_G	[27.3438 25.7794 48.8602]
-0.18	 -0.78	-0.04	0.22	859_G	[25.98961364 26.69311364 50.25381818]
0.08	 0.35	-0.02	-0.14	859_G	[23.76341667 26.37991667 49.97783333]
-0.24	 -0.9	0.02	0.35	859_G	[22.9996     27.43734286 51.34602857]
0.07	 1.12	-0.11	-0.18	860_V	[20.8995  27.16565 49.40995]
0.12	 0.79	-0.09	-0.17	860_V	[22.5342 25.0039 51.9586]
0.08	 0.45	-0.0	-0.21	860_V	[22.42816129 22.8353871  51.51129032]
0.17	 1.76	0.19	-0.45	860_V	[17.55085185 24.82966667 48.73014815]
0.2	 0.7	0.06	-0.29	860_V	[21.856      27.29225    46.84204167]
0.16	 0.94	0.03	-0.23	861_D	[19.82082353 26.77       51.18223529]
0.02	 0.61	-0.0	-0.15	861_D	[21.557      24.55964286 53.009     ]
0.21	 1.52	0.1	-0.37	861_D	[17.62644444 23.51355556 54.02222222]
0.06	 0.61	-0.27	0.0	861_D	[16.91101818 24.86836364 51.59949091]
-0.24	 -0.71	-0.1	0.27	861_D	[19.59027778 26.65255556 53.75225   ]
-0.09	 -0.34	-0.05	0.12	861_D	[19.9725     25.09791667 55.96808333]
-0.27	 -0.9	0.15	0.41	861_D	[21.35480488 24.27253659 55.80541463]
-0.22	 -0.83	0.55	0.45	861_D	[18.26386275 24.94098039 56.06233333]
0.04	 0.24	-0.11	-0.13	862_I	[19.87480769 21.94865385 53.46069231]
0.14	 0.52	-0.09	-0.14	862_I	[16.33957143 21.92428571 51.96878571]
0.05	 0.33	-0.27	-0.04	862_I	[17.93511111 21.65611111 54.975     ]
-0.18	 -0.51	-0.04	0.25	862_I	[18.63078378 19.19464865 54.0627027 ]
0.17	 1.53	0.28	-0.53	862_I	[19.8305     20.43141667 52.17258333]
0.03	 0.49	0.01	0.0	862_I	[16.68952778 22.25075    49.63047222]
0.11	 0.9	0.03	-0.23	862_I	[16.76248148 18.85759259 50.75281481]
-0.03	 0.01	-0.18	0.03	863_S	[15.9879375  21.52471875 53.57090625]
-0.13	 -0.41	-0.05	0.14	863_S	[16.411      19.06713333 55.9774    ]
-0.21	 -0.88	-0.01	0.26	863_S	[13.70338235 18.68061765 54.38944118]
-0.2	 -0.62	0.13	0.32	863_S	[15.22970588 17.09488235 53.73682353]
-0.23	 -1.22	0.32	0.4	863_S	[14.59564474 20.842      56.34148684]
-0.26	 -1.16	0.17	0.44	875_T	[12.55558333  9.1954375  37.953625  ]
-0.16	 -0.7	0.0	0.24	875_T	[13.3232381  10.30752381 35.61295238]
0.03	 -0.02	-0.14	-0.04	875_T	[10.8713913  10.1986087  35.46108696]
-0.27	 -0.91	0.08	0.36	875_T	[ 9.4664375   9.29634375 34.7763125 ]
-0.23	 -1.13	0.11	0.33	875_T	[12.58406849  7.71532877 34.94538356]
-0.07	 -0.29	-0.17	0.07	876_N	[11.53617647 12.21205882 36.39988235]
-0.12	 -0.5	-0.07	0.12	876_N	[ 9.09292857 11.99828571 34.38178571]
0.04	 0.49	-0.2	-0.06	876_N	[10.39447826 14.07034783 35.71252174]
-0.16	 -0.51	-0.11	0.19	876_N	[ 9.9511 14.9754 37.1142]
-0.22	 -1.14	0.09	0.34	876_N	[ 8.20674242 11.88736364 37.19975758]
-0.06	 -0.44	-0.18	0.12	877_R	[10.71357895 13.27473684 33.85410526]
0.02	 0.44	-0.18	-0.11	877_R	[12.62623529 14.60270588 35.19941176]
0.15	 1.18	-0.03	-0.24	877_R	[ 8.76825 16.13225 35.12425]
-0.11	 0.09	-0.04	0.03	877_R	[ 8.95017143 16.70954286 33.05202857]
-0.15	 -0.92	-0.01	0.15	877_R	[12.02153846 14.44264103 32.6754359 ]
0.11	 1.0	0.07	-0.29	877_R	[12.89495238 16.66552381 32.63733333]
-0.12	 -0.58	-0.01	0.14	877_R	[12.62515094 16.32811321 30.65316981]
-0.1	 -0.39	-0.06	0.03	877_R	[13.19625    17.87308333 29.4865    ]
-0.1	 -0.33	-0.04	0.16	877_R	[15.313      17.39038462 29.42792308]
-0.14	 -0.56	0.01	0.2	877_R	[16.45496 16.97228 31.78298]
-0.05	 -0.08	0.02	0.01	877_R	[16.03478947 19.63618421 29.78510526]
0.15	 0.61	-0.12	-0.14	878_L	[ 8.49407143 17.52357143 36.05678571]
0.17	 1.58	0.16	-0.42	878_L	[10.182375 18.51625  32.65075 ]
0.14	 1.4	0.35	-0.62	878_L	[11.00936842 19.02936842 32.32878947]
0.11	 0.13	-0.12	-0.12	878_L	[ 9.762      18.02045455 37.74181818]
0.01	 0.17	-0.06	-0.11	878_L	[ 7.4471  18.56135 37.9097 ]
0.06	 0.76	-0.01	-0.19	878_L	[ 9.79989474 19.71089474 39.73431579]
0.07	 0.51	-0.05	-0.18	879_P	[ 9.159     19.4629375 31.729    ]
0.23	 1.39	0.14	-0.38	879_P	[ 8.3752 20.431  30.5609]
-0.07	 -0.15	-0.05	0.04	879_P	[ 6.2472   18.95065  31.530025]
0.03	 0.45	-0.06	-0.08	879_P	[ 6.44904 18.21808 34.6062 ]
0.19	 1.65	0.27	-0.52	881_I	[ 7.47326316 28.57894737 28.29121053]
0.23	 1.34	0.38	-0.62	883_M	[13.20972 36.5862  33.12948]
0.17	 0.83	0.07	-0.31	883_M	[ 6.67293103 35.16882759 34.90775862]
0.16	 1.42	0.27	-0.53	883_M	[ 7.38041667 34.69675    36.69475   ]
0.19	 1.79	0.07	-0.35	884_T	[15.05709091 36.84309091 27.98145455]
0.06	 0.52	0.0	-0.2	884_T	[13.21548387 35.82119355 26.82316129]
0.16	 1.54	0.19	-0.45	884_T	[14.94316667 33.715875   27.29283333]
0.18	 0.71	0.07	-0.16	885_A	[12.56708333 40.58608333 30.53075   ]
0.23	 0.57	0.05	-0.25	885_A	[13.1111 41.156  28.7716]
-0.08	 -0.23	0.03	0.06	885_A	[15.03       42.64837037 29.81377778]
-0.1	 -0.35	-0.14	0.1	885_A	[14.16694643 40.28433929 32.63769643]
0.16	 1.18	0.01	-0.28	886_N	[14.36433333 38.59971429 27.591     ]
-0.07	 -0.18	-0.07	0.12	886_N	[15.377      39.57582353 26.39994118]
0.03	 0.74	-0.14	-0.02	886_N	[17.64       41.01157143 26.025     ]
-0.15	 -0.8	0.0	0.2	886_N	[17.14496875 43.49903125 27.1530625 ]
-0.14	 0.05	-0.29	0.08	886_N	[13.46441935 41.5796129  26.65793548]
-0.08	 -0.07	-0.08	0.06	886_N	[14.59473684 41.87515789 24.78121053]
-0.2	 -0.86	0.07	0.33	886_N	[16.0036   41.5413   24.161825]
-0.27	 -1.22	0.18	0.44	886_N	[14.03196296 43.98007407 24.80403704]
0.29	 0.99	0.06	-0.35	887_T	[17.46436364 39.29781818 27.19736364]
-0.04	 -0.47	-0.07	-0.03	887_T	[19.2105    42.2186875 27.0145625]
-0.12	 -0.34	-0.02	-0.0	887_T	[19.34266667 40.119      26.168     ]
0.05	 0.22	-0.03	-0.14	887_T	[19.41516667 37.8312     26.6909    ]
-0.07	 -0.4	-0.08	0.07	887_T	[20.8727  41.74705 29.77435]
0.22	 0.97	-0.0	-0.23	887_T	[19.70825    40.39825    31.60191667]
-0.17	 -0.98	0.05	0.26	887_T	[18.50008621 43.05251724 30.53237931]
-0.11	 -0.54	-0.05	0.05	888_L	[21.5315     41.37172222 26.97705556]
0.0	 0.42	-0.16	-0.02	888_L	[21.65117647 38.80417647 25.83423529]
0.08	 0.26	-0.1	-0.1	888_L	[24.14666667 38.35711111 28.47822222]
-0.09	 -0.02	-0.16	0.06	888_L	[22.86285106 36.19521277 27.14068085]
-0.14	 -1.0	-0.06	0.16	888_L	[23.53175   41.24      27.0851875]
-0.12	 -0.48	-0.08	0.14	888_L	[25.41994737 38.76178947 26.35752632]
-0.23	 -1.33	0.14	0.36	888_L	[24.03810938 39.66154688 23.87985937]
-0.23	 -1.22	0.11	0.36	888_L	[26.18739189 41.4207973  25.95075676]
0.05	 0.55	-0.09	-0.14	889_A	[23.025      39.76028571 29.47561905]
-0.13	 0.04	-0.13	0.06	889_A	[23.477      36.48527273 29.94304545]
0.13	 1.08	0.06	-0.28	889_A	[21.49961538 35.61410256 32.22097436]
-0.2	 -0.97	0.08	0.27	889_A	[22.59429825 38.66305263 32.21624561]
0.11	 1.34	0.01	-0.3	890_E	[18.47     36.512375 26.593   ]
0.06	 -0.08	-0.03	-0.16	890_E	[16.66883333 35.98666667 27.31038889]
0.2	 0.83	0.1	-0.37	890_E	[15.31692857 37.50857143 33.37107143]
0.06	 0.5	0.03	-0.2	890_E	[18.03224138 39.74717241 32.97872414]
-0.1	 -0.4	-0.12	0.1	891_S	[18.56361111 35.34444444 25.145     ]
-0.13	 -0.37	0.0	0.12	891_S	[20.84765217 34.8983913  24.40830435]
-0.05	 -0.25	-0.05	0.01	891_S	[22.11503571 33.15564286 25.52903571]
0.04	 0.36	-0.03	-0.12	892_S	[16.8988  33.40544 24.68388]
0.18	 1.2	0.34	-0.61	892_S	[15.36446154 32.52284615 25.86807692]
0.12	 0.79	0.03	-0.26	892_S	[15.16825 31.7493  23.4509 ]
-0.07	 0.09	-0.08	0.05	892_S	[16.52657895 31.42231579 22.09213158]
0.12	 1.76	0.12	-0.36	893_E	[20.09791667 27.72958333 23.54958333]
0.09	 0.55	-0.09	-0.11	893_E	[22.39116667 28.8175     25.41916667]
-0.0	 0.31	-0.12	-0.03	893_E	[21.43478947 27.27168421 25.09447368]
-0.14	 -0.93	0.06	0.2	893_E	[22.14258333 29.77572222 23.07577778]
-0.17	 -0.81	-0.05	0.25	893_E	[20.53693878 28.97667347 21.16634694]
-0.05	 0.85	0.02	-0.03	893_E	[19.90236364 30.98968182 21.07645455]
-0.35	 -1.21	0.24	0.53	893_E	[19.36206061 31.36818182 19.55424242]
-0.05	 -0.19	-0.04	0.02	893_E	[19.96364286 32.86310714 22.15507143]
0.13	 1.01	0.01	-0.21	894_E	[22.2629 30.6384 25.5645]
0.12	 1.19	-0.03	-0.23	894_E	[23.0162     29.75933333 27.10013333]
0.18	 1.28	0.15	-0.41	894_E	[22.45773913 32.62456522 27.40773913]
-0.01	 0.23	-0.09	-0.03	894_E	[23.87032 32.65152 29.39572]
-0.18	 -0.36	-0.04	0.31	894_E	[24.5118125  30.821125   28.32779167]
-0.21	 -0.49	-0.06	0.24	894_E	[24.25658537 32.83831707 31.11617073]
0.13	 1.33	0.3	-0.58	896_Y	[17.86471429 24.03342857 27.29385714]
0.04	 0.44	-0.14	-0.1	896_Y	[20.4096 24.3821 26.5621]
-0.12	 -0.81	0.01	0.11	896_Y	[19.27814815 23.09096296 28.42562963]
-0.06	 -0.12	-0.02	0.06	896_Y	[18.68       24.78713158 25.36810526]
-0.08	 0.16	-0.07	0.07	896_Y	[17.14733333 24.6855     24.28383333]
0.03	 0.12	0.07	-0.13	896_Y	[15.48447368 24.32889474 25.63805263]
-0.09	 0.03	0.04	0.05	896_Y	[17.83842308 26.0805     23.07846154]
-0.06	 0.2	-0.16	0.06	896_Y	[14.106      25.11041176 24.15094118]
-0.07	 -0.04	0.01	0.03	896_Y	[16.1008913  27.85473913 22.12941304]
-0.11	 -0.5	-0.05	0.17	896_Y	[14.7702 25.6587 22.8599]
-0.13	 -0.28	0.01	0.13	896_Y	[12.98720455 27.26336364 23.13234091]
0.15	 1.46	0.03	-0.29	897_A	[21.08811111 25.57366667 26.316     ]
-0.14	 -0.49	-0.03	0.18	897_A	[22.22829412 24.08964706 27.64458824]
0.15	 1.68	0.07	-0.34	897_A	[22.503125  24.82975   30.0080625]
-0.1	 -0.04	0.01	0.05	897_A	[23.33471154 24.29894231 30.71840385]
-0.15	 -0.79	-0.01	0.23	897_A	[23.83603448 26.7282931  27.58744828]
0.13	 0.91	0.39	-0.62	898_N	[21.9708 23.9612 32.647 ]
0.09	 0.44	0.02	-0.19	898_N	[20.53463158 22.92894737 32.71242105]
0.16	 1.71	0.16	-0.43	898_N	[20.06184615 22.76815385 34.04038462]
0.14	 1.38	0.04	-0.28	898_N	[23.652      26.68422222 32.29433333]
-0.03	 0.03	-0.03	-0.04	898_N	[23.30091892 27.96235135 34.47694595]
0.05	 0.35	-0.01	-0.14	898_N	[23.39888095 28.79680952 31.35040476]
0.11	 1.35	-0.05	-0.19	899_G	[20.45677778 23.01066667 30.70433333]
-0.08	 -0.16	-0.11	0.06	899_G	[18.68266667 21.57990909 31.19439394]
0.21	 1.49	0.18	-0.44	899_G	[16.98953846 22.41207692 29.81507692]
0.06	 0.15	0.01	-0.16	900_M	[15.71421212 22.98706061 28.21318182]
0.01	 0.32	-0.01	-0.11	901_D	[13.601      22.30378571 27.53507143]
-0.08	 -0.1	-0.05	0.06	901_D	[12.3435   23.66615  25.536025]
0.08	 0.54	-0.06	-0.08	901_D	[11.0495 21.4252 27.632 ]
0.01	 0.28	0.02	-0.17	901_D	[10.75192 20.27028 29.65328]
-0.06	 -0.08	0.03	0.02	901_D	[13.1947619  20.24419048 28.65409524]
0.17	 1.45	0.07	-0.35	901_D	[11.18269231 19.7        31.15038462]
0.17	 1.25	0.06	-0.33	902_S	[11.408      26.10590909 25.23245455]
0.14	 0.86	-0.15	-0.09	902_S	[10.08844444 25.19955556 25.30655556]
-0.1	 0.06	0.0	0.01	902_S	[ 8.82664815 27.03792593 25.69331481]
-0.01	 0.47	-0.0	-0.09	903_F	[ 8.84477083 30.43510417 25.73877083]
0.15	 1.28	0.14	-0.39	903_F	[13.71084211 33.12057895 25.83284211]
0.16	 1.06	0.04	-0.33	903_F	[11.46175   28.9376875 24.542875 ]
-0.05	 -0.19	-0.18	0.12	903_F	[11.47325862 34.02812069 24.17984483]
-0.09	 -0.12	-0.04	0.08	903_F	[12.65259375 30.06909375 22.57590625]
-0.17	 -0.63	0.05	0.25	903_F	[12.20729268 32.24973171 22.37156098]
0.11	 0.83	0.01	-0.17	904_I	[ 7.93978571 33.22121429 26.261     ]
0.07	 0.41	-0.02	-0.2	904_I	[ 6.2576875  31.18328125 27.22196875]
0.18	 1.25	0.08	-0.36	904_I	[ 6.19009091 34.19445455 26.60009091]
0.12	 0.65	0.13	-0.33	905_S	[ 8.1668  35.14276 25.84036]
-0.05	 0.08	-0.06	-0.0	905_S	[ 9.76159259 36.90792593 24.74005556]
-0.1	 -0.06	-0.18	0.19	905_S	[11.70518868 38.48962264 25.55828302]
0.05	 0.41	-0.12	-0.11	906_K	[ 9.1366 41.6442 29.5405]
-0.02	 0.29	-0.01	-0.04	906_K	[ 9.90460976 40.59346341 27.30212195]
0.01	 -0.13	-0.05	-0.02	906_K	[ 9.68006667 40.71123333 30.82643333]
0.09	 0.47	-0.02	-0.19	906_K	[ 7.87133333 38.98433333 32.48838889]
-0.01	 -0.04	-0.18	0.02	906_K	[10.3078     40.12913333 33.07976667]
0.14	 0.98	0.02	-0.29	906_K	[ 8.56134615 37.76573077 34.44026923]
0.03	 0.43	-0.13	-0.04	906_K	[12.04985106 38.85534043 34.77287234]
0.09	 1.69	0.15	-0.37	907_P	[ 7.87742857 42.11114286 29.93628571]
-0.0	 0.14	-0.05	-0.01	907_P	[ 6.728625  40.8954375 31.328125 ]
-0.21	 -0.9	0.09	0.26	907_P	[ 4.96447727 42.589      30.46602273]
-0.17	 -0.8	-0.02	0.25	907_P	[ 4.92604255 42.98142553 27.86287234]
-0.17	 -0.87	0.02	0.25	907_P	[ 7.65066667 42.75795238 27.42478571]
0.1	 0.65	0.01	-0.12	908_V	[ 4.8515    39.575375  31.6429375]
0.06	 0.37	-0.13	-0.11	908_V	[ 2.12584848 40.22184848 30.75621212]
0.09	 0.4	-0.04	-0.18	908_V	[ 2.95357692 37.62596154 33.03180769]
0.09	 0.31	-0.01	-0.14	908_V	[ 5.96018519 36.99633333 33.21685185]
0.16	 0.75	0.01	-0.28	909_T	[-0.46275 39.1735  28.509  ]
-0.1	 -0.54	-0.09	0.12	909_T	[-0.36092 38.69528 26.17804]
0.12	 0.11	0.02	-0.21	909_T	[ 1.6147  37.47425 24.847  ]
-0.12	 -0.51	0.02	0.16	909_T	[ 1.79951724 40.4602069  26.70001724]
0.05	 0.57	-0.03	-0.13	910_L	[-2.03388235 37.97176471 27.80341176]
-0.0	 -0.07	0.0	-0.05	910_L	[-4.29139286 37.08257143 27.51725   ]
0.17	 0.79	-0.12	-0.19	910_L	[-3.91433333 37.93277778 30.07422222]
-0.1	 -0.31	0.04	0.04	910_L	[-6.37361644 37.28805479 29.56628767]
0.22	 1.42	0.4	-0.63	910_L	[-6.43392308 34.60969231 29.24969231]
0.15	 1.03	0.06	-0.27	911_Q	[-2.7155     36.29077778 25.74094444]
-0.09	 -0.33	-0.02	0.09	911_Q	[-1.39961538 36.28535897 23.56905128]
-0.12	 -0.33	0.02	0.07	911_Q	[-0.46861702 34.896      21.77338298]
-0.21	 -0.85	-0.05	0.22	911_Q	[-2.8137 33.8795 20.7798]
-0.11	 -0.6	0.05	0.11	911_Q	[-4.13278261 33.47804348 22.13608696]
-0.11	 -0.31	0.07	0.05	911_Q	[-2.0392766  31.40978723 21.40180851]
0.11	 1.28	0.29	-0.54	912_K	[ 1.50257143 34.73185714 24.034     ]
0.15	 1.46	0.15	-0.41	912_K	[ 2.56111538 33.6        24.16953846]
0.16	 0.56	0.09	-0.31	912_K	[ 3.59196667 31.34386667 25.7911    ]
0.09	 0.86	0.03	-0.23	912_K	[ 4.59255556 33.58388889 25.97211111]
-0.18	 -0.27	-0.18	0.16	912_K	[ 3.85016216 35.16483784 24.41594595]
0.12	 1.28	-0.09	-0.23	912_K	[ 6.42557143 35.80071429 25.62914286]
-0.14	 -0.6	-0.02	0.13	912_K	[ 5.29734091 37.67302273 24.21986364]
-0.02	 -0.08	0.03	-0.04	912_K	[ 6.0306     40.01836667 25.59143333]
0.19	 1.4	0.13	-0.37	914_R	[-2.86711111 29.2115     28.20594444]
0.18	 1.71	0.08	-0.32	914_R	[-2.49591667 27.63291667 26.61691667]
0.05	 0.41	0.07	-0.2	914_R	[-3.87869444 29.23133333 25.22869444]
-0.13	 -0.67	-0.03	0.2	914_R	[-5.45212195 30.17292683 23.73802439]
-0.04	 0.01	0.04	0.01	914_R	[-6.4254  31.02224 26.3116 ]
-0.18	 -0.63	-0.02	0.21	914_R	[-6.9926 32.7393 24.4527]
-0.08	 0.07	0.01	0.06	914_R	[-5.31230769 34.37134615 24.325     ]
-0.12	 -0.3	-0.08	0.19	914_R	[-6.99974 34.10318 26.7901 ]
0.1	 0.26	-0.16	-0.1	915_E	[ 3.016      28.28266667 24.16366667]
0.03	 0.69	0.02	-0.2	915_E	[ 2.06018182 26.48781818 23.16481818]
-0.02	 0.3	-0.06	-0.08	915_E	[ 2.38488889 29.10966667 22.95525926]
-0.1	 -0.27	-0.13	0.07	915_E	[ 0.4299  29.6825  21.08545]
-0.01	 0.13	0.03	-0.03	915_E	[ 2.3361     31.72926667 21.3728    ]
-0.26	 -0.91	0.01	0.4	915_E	[ 3.7234     31.81328571 22.10034286]
-0.25	 -0.97	0.05	0.31	915_E	[ 1.18775   32.528     20.0783125]
0.16	 1.1	0.06	-0.33	916_C	[ 3.20255556 29.228      25.27477778]
0.03	 0.18	-0.01	-0.13	916_C	[ 3.91965385 26.65319231 25.75338462]
0.01	 0.62	-0.04	-0.07	916_C	[ 4.55670588 29.10023529 26.71041176]
0.19	 1.1	0.16	-0.42	916_C	[ 5.77344 27.55412 27.71008]
0.07	 0.58	-0.04	-0.17	917_L	[-2.00911111 24.60511111 28.49144444]
0.12	 1.03	0.01	-0.24	917_L	[-1.806      23.05011111 28.74411111]
0.06	 -0.01	0.0	-0.11	917_L	[-2.29477143 26.08725714 29.62848571]
0.16	 1.24	0.07	-0.28	917_L	[-3.28152381 27.93709524 30.66919048]
0.16	 1.26	0.05	-0.32	918_Q	[-2.21166667 25.806      27.04708333]
-0.03	 -0.32	-0.11	0.06	918_Q	[-2.48066667 23.51161111 26.74227778]
-0.12	 -0.16	-0.08	0.15	918_Q	[-1.16988235 21.55898039 24.71192157]
-0.13	 -0.86	0.03	0.18	918_Q	[-3.24739286 25.05189286 24.79525   ]
0.13	 0.69	-0.02	-0.13	918_Q	[-1.3472 23.8797 22.6172]
-0.07	 -0.7	-0.0	0.03	918_Q	[-2.30135714 25.17478571 21.69657143]
-0.09	 0.05	-0.03	0.03	918_Q	[-0.795375   27.289375   21.34358333]
-0.12	 -0.48	-0.05	0.16	918_Q	[-3.68090909 27.25925455 22.79147273]
0.18	 1.49	0.03	-0.31	919_Q	[ 1.226625 20.832125 24.29775 ]
0.16	 1.42	0.27	-0.53	919_Q	[ 2.33663158 20.98478947 26.31010526]
-0.07	 0.12	-0.13	0.04	919_Q	[ 2.34587037 19.68716667 26.1415    ]
0.05	 0.41	-0.03	-0.18	919_Q	[ 4.26887805 23.0047561  24.63043902]
-0.12	 -0.35	-0.03	0.12	919_Q	[ 3.68183333 24.49447222 22.75847222]
-0.1	 -0.36	-0.05	0.11	919_Q	[ 2.5483125 22.736     21.358125 ]
-0.22	 -0.76	0.05	0.34	919_Q	[ 2.413275 21.0975   22.173075]
-0.15	 -0.51	0.05	0.19	919_Q	[ 0.9937963  23.705      20.77555556]
0.15	 1.07	0.03	-0.29	920_Y	[ 3.64841176 19.843      28.32276471]
0.07	 0.53	-0.07	-0.19	920_Y	[ 2.87488889 19.49625    31.09513889]
-0.06	 -0.03	-0.11	0.02	920_Y	[ 5.65248 20.09424 28.46672]
-0.04	 -0.05	0.08	-0.03	920_Y	[ 7.42436735 20.63840816 27.50130612]
-0.01	 0.28	-0.18	-0.07	920_Y	[ 6.34062791 24.53765116 25.80206977]
-0.11	 -0.06	-0.21	0.08	920_Y	[ 6.6489 22.0265 25.3963]
-0.12	 -0.22	0.05	0.15	920_Y	[ 9.30511111 22.43466667 25.4755    ]
0.12	 1.2	-0.04	-0.26	921_L	[-2.9219 20.5356 30.3322]
0.02	 0.24	-0.03	-0.04	921_L	[-1.79588372 20.56393023 28.12339535]
0.07	 0.34	-0.05	-0.13	921_L	[-2.36666667 22.34445455 31.55027273]
0.16	 1.58	0.14	-0.43	921_L	[-2.28475 24.13225 31.781  ]
0.15	 0.55	0.06	-0.3	921_L	[ 0.22471429 20.19257143 33.36092857]
0.19	 0.7	0.12	-0.33	922_H	[-1.14952941 19.176      31.89794118]
-0.05	 0.47	-0.12	0.01	922_H	[-3.18421429 18.12921429 28.45142857]
-0.01	 0.15	-0.1	-0.05	922_H	[-3.91381818 18.18254545 30.94069697]
-0.22	 -0.53	-0.07	0.32	922_H	[-3.70753659 17.80487805 32.63339024]
-0.16	 -0.7	0.02	0.19	922_H	[-2.07145238 15.868      30.2322619 ]
-0.13	 0.38	-0.07	0.13	922_H	[-0.36485714 15.01714286 29.47528571]
-0.08	 -0.16	0.04	0.07	922_H	[-0.49281081 16.92667568 27.49421622]
-0.19	 -1.11	0.03	0.28	922_H	[ 0.95206061 16.58051515 31.10115152]
-0.2	 -0.8	0.03	0.25	922_H	[ 1.87720408 16.58595918 27.24253061]
-0.16	 -0.01	0.04	0.22	922_H	[ 2.81984 16.93352 29.3828 ]
-0.27	 -0.95	0.2	0.44	922_H	[-5.22952381 18.54307143 29.93228571]
