-0.18	 -0.71	0.01	0.24	48_V	[ -7.91847826   8.97826087 -10.82254348]
0.08	 0.51	0.14	-0.3	48_V	[ -9.73733333  10.63544444 -10.76466667]
0.01	 -0.22	-0.1	-0.06	48_V	[-10.77827273   9.08218182 -10.53745455]
0.01	 -0.06	0.06	-0.14	48_V	[-11.02809677   7.29367742 -12.73251613]
0.14	 1.42	0.11	-0.39	48_V	[ -6.701375  10.968    -12.195125]
0.01	 0.18	-0.2	-0.02	48_V	[ -8.74363636  11.64890909 -11.385     ]
0.12	 1.46	0.27	-0.52	48_V	[ -7.0458      11.67926667 -12.40173333]
0.15	 0.84	0.07	-0.32	48_V	[ -5.92276471   9.27029412 -12.60394118]
0.13	 1.07	-0.06	-0.18	49_S	[-11.069       10.64033333 -10.47544444]
0.03	 1.02	-0.1	-0.08	49_S	[-11.8745    9.51925 -10.0405 ]
0.16	 0.73	0.04	-0.25	49_S	[-13.42181818   7.64127273 -13.22318182]
-0.1	 -0.74	-0.03	0.09	49_S	[-14.11407692  10.34784615  -9.46861538]
-0.17	 -0.31	0.02	0.17	49_S	[-12.92188235   8.37276471 -10.37494118]
-0.06	 -0.41	0.09	0.12	49_S	[-15.28821053  10.91821053 -10.26026316]
-0.17	 -0.49	0.11	0.28	49_S	[-12.64825  11.47     -9.488  ]
-0.1	 0.1	0.01	0.08	49_S	[-14.3706087   13.20665217 -10.90817391]
-0.04	 -1.42	-0.05	-0.0	50_K	[-14.80175   7.285   -11.83075]
0.08	 1.89	0.2	-0.5	50_K	[-16.207125   7.217375 -13.826   ]
0.02	 0.0	-0.08	-0.12	50_K	[-18.03871429   9.4715     -14.16285714]
-0.07	 -0.43	0.0	-0.01	50_K	[-17.01804762   8.8037619  -16.01061905]
-0.24	 -1.26	0.11	0.4	50_K	[-17.764625     7.57810938 -12.25667187]
-0.1	 -0.22	-0.07	0.05	50_K	[-15.69686364   8.63859091 -10.74695455]
-0.12	 -0.01	-0.06	0.11	50_K	[-15.24830435   6.93030435 -14.227     ]
0.08	 1.28	0.02	-0.34	51_E	[-18.17        10.20428571 -13.40471429]
0.08	 1.61	-0.06	-0.21	51_E	[-18.2806  10.592  -14.1904]
-0.01	 0.04	-0.09	-0.02	51_E	[-18.49075   12.893875 -12.119875]
0.09	 0.81	-0.11	-0.22	51_E	[-17.77206667  15.36086667 -14.23206667]
-0.12	 -0.6	-0.04	0.07	51_E	[-19.54356  14.93948 -14.1518 ]
-0.34	 -1.09	0.2	0.48	51_E	[-20.93586667  13.91303333 -14.1362    ]
-0.32	 -1.29	0.27	0.53	51_E	[-19.31448649  16.5887027  -13.385     ]
0.04	 0.33	-0.12	-0.07	51_E	[-17.1135625  11.074125  -11.8670625]
0.06	 0.26	-0.12	-0.07	51_E	[-18.54641667  10.96608333 -15.26658333]
-0.09	 -0.06	0.04	0.01	51_E	[-19.14277419  12.05706452 -13.47106452]
-0.04	 -0.16	0.02	0.01	51_E	[-16.80269231  13.39042308 -12.09511538]
-0.06	 -0.24	-0.12	0.07	51_E	[-16.57373077  15.32157692 -13.94384615]
0.08	 0.52	0.01	-0.2	51_E	[-18.03726316  14.34968421 -16.47426316]
0.2	 1.39	0.07	-0.35	52_Q	[-12.22390909  14.54563636 -16.74572727]
0.06	 0.95	0.1	-0.27	52_Q	[-13.76175     15.05666667 -13.33283333]
0.08	 0.13	-0.14	-0.06	52_Q	[-11.791       13.81954545 -10.644     ]
0.01	 0.41	0.02	-0.13	52_Q	[-10.02473684  12.78       -10.84342105]
-0.09	 0.21	0.01	0.07	52_Q	[-11.42776923  15.535      -10.55092308]
0.07	 0.69	-0.06	-0.19	52_Q	[-13.81030435  14.96965217 -15.3046087 ]
-0.04	 -0.21	-0.28	0.12	52_Q	[-12.15004167  16.064625   -13.88079167]
-0.06	 -0.26	-0.22	0.19	52_Q	[-14.20184211  14.49515789 -12.45478947]
-0.01	 -0.05	-0.07	-0.01	52_Q	[-11.96911765  16.29217647 -11.58711765]
-0.16	 -0.29	-0.02	0.17	52_Q	[ -9.56278571  15.61453571 -10.43546429]
0.1	 0.66	-0.08	-0.21	53_L	[-15.55158333   9.8325     -19.63483333]
0.17	 1.01	0.15	-0.42	53_L	[-14.42        10.15392308 -20.89153846]
0.06	 0.49	0.05	-0.17	53_L	[-15.0428   8.3189 -18.329 ]
-0.02	 -0.08	0.05	-0.07	53_L	[-12.98868293   6.38187805 -16.39804878]
0.11	 0.3	-0.07	-0.09	53_L	[-15.59118182   8.48881818 -17.54      ]
0.04	 0.34	0.04	-0.13	53_L	[-13.87382609   8.43847826 -19.62873913]
-0.07	 -0.45	-0.09	0.05	53_L	[-11.44447826   6.16695652 -15.82952174]
-0.15	 -1.2	-0.02	0.33	53_L	[-14.49223529   6.40647059 -16.35123529]
-0.01	 0.4	0.01	0.03	53_L	[-12.472        6.21572727 -18.75159091]
0.07	 0.99	0.08	-0.33	54_R	[-16.66545455   9.83745455 -18.23054545]
0.07	 2.21	0.2	-0.48	54_R	[-17.97633333  10.77583333 -19.4115    ]
0.07	 0.68	-0.0	-0.17	54_R	[-18.2005      13.82225    -18.74341667]
-0.04	 -0.22	-0.07	-0.06	54_R	[-18.38166667  13.13007407 -20.96555556]
-0.19	 -0.75	-0.03	0.27	54_R	[-19.23798246  11.69264912 -17.62559649]
-0.16	 -0.49	-0.01	0.17	54_R	[-17.54915  10.4435  -20.30685]
0.16	 1.67	0.04	-0.32	55_S	[-17.439   14.3984 -17.9398]
0.08	 1.18	0.14	-0.37	55_S	[-17.26833333  15.07541667 -18.15333333]
0.06	 0.13	-0.18	-0.11	55_S	[-15.3491  16.2626 -17.025 ]
-0.02	 -0.02	0.01	-0.06	55_S	[-15.22367647  17.93885294 -18.94141176]
-0.02	 0.18	-0.04	-0.04	55_S	[-17.15126923  16.05857692 -19.95507692]
-0.11	 0.28	-0.22	0.07	55_S	[-16.20894444  15.84322222 -16.44322222]
0.07	 0.6	0.01	-0.2	55_S	[-13.24858333  15.87375    -18.11945833]
-0.19	 -0.4	-0.08	0.29	55_S	[-14.41682759  18.14396552 -17.5702069 ]
0.09	 0.54	-0.04	-0.22	56_F	[-11.00891667  15.34479167 -18.82175   ]
0.14	 0.9	0.02	-0.27	56_F	[ -9.39611765  16.03035294 -18.375     ]
0.13	 1.48	0.3	-0.55	56_F	[-11.28013333  14.71486667 -17.64313333]
0.08	 0.66	-0.03	-0.21	57_R	[-17.06553333  12.31953333 -25.14793333]
0.1	 1.19	0.37	-0.6	57_R	[-16.77285714  12.44371429 -26.20228571]
-0.11	 -0.54	-0.03	0.15	57_R	[-16.39423333  10.20051667 -23.19303333]
0.1	 0.98	-0.01	-0.23	58_S	[-17.7622  13.1647 -23.3888]
0.12	 1.74	-0.05	-0.19	58_S	[-18.34066667  13.95166667 -24.05666667]
0.04	 0.64	-0.08	-0.12	58_S	[-17.415       17.17390476 -26.27709524]
0.04	 0.56	-0.1	-0.12	58_S	[-18.65869231  15.87769231 -22.08238462]
-0.1	 -0.27	0.0	0.04	58_S	[-17.96311538  17.80519231 -23.85796154]
-0.04	 -0.01	-0.11	0.12	58_S	[-18.34159091  14.42572727 -25.37554545]
-0.3	 -0.68	0.1	0.36	58_S	[-19.29288889  14.93044444 -22.85033333]
0.16	 1.08	0.08	-0.41	58_S	[-17.34473684  16.79757895 -21.49247368]
-0.33	 -0.79	0.04	0.54	58_S	[-18.71471429  17.83082143 -22.42096429]
-0.12	 -0.37	-0.4	0.16	59_I	[-15.41133333  18.941      -22.53244444]
0.11	 1.81	0.12	-0.39	59_I	[-12.58238462  18.50476923 -19.60792308]
0.1	 0.47	0.08	-0.27	59_I	[-15.19082609  18.98391304 -25.37830435]
0.05	 0.23	-0.04	-0.09	59_I	[-14.66434783  20.15147826 -23.05347826]
0.01	 0.57	-0.04	-0.22	59_I	[-15.65272  17.97152 -21.83416]
0.17	 1.01	0.27	-0.5	59_I	[-14.19241176  19.72       -20.65288235]
0.13	 0.99	0.05	-0.31	59_I	[-12.14824324  17.25248649 -20.02654054]
0.11	 0.83	-0.04	-0.21	61_D	[-17.51233333  15.93873333 -30.41286667]
0.1	 1.24	0.19	-0.44	61_D	[-16.77830435  14.92695652 -31.81004348]
0.04	 -0.11	-0.2	-0.28	61_D	[-18.23328571  13.826      -27.34557143]
-0.07	 0.07	-0.12	-0.02	61_D	[-18.14021429  13.11171429 -29.823     ]
-0.06	 -0.28	-0.07	0.07	61_D	[-17.05575     11.91410714 -31.06925   ]
-0.26	 -1.23	0.18	0.45	61_D	[-19.53187179  13.21310256 -29.34082051]
0.09	 0.69	-0.06	-0.16	61_D	[-17.39823077  12.87153846 -26.91846154]
-0.06	 -0.38	-0.04	0.09	61_D	[-18.23821429  15.32971429 -27.95614286]
0.17	 0.87	0.0	-0.26	62_K	[-17.33690909  16.88236364 -28.72363636]
0.08	 0.84	0.14	-0.36	62_K	[-17.68266667  18.102      -29.59833333]
-0.04	 0.04	-0.06	0.0	62_K	[-16.61541667  19.88877083 -28.54222917]
0.05	 0.65	-0.12	-0.05	62_K	[-17.74122222  17.60622222 -30.37666667]
0.14	 1.42	0.26	-0.52	64_A	[-14.99344444  13.29266667 -33.82833333]
0.18	 1.01	0.09	-0.32	64_A	[-15.408       13.08385714 -32.62907143]
0.12	 1.07	0.09	-0.33	65_R	[-15.72844444  14.61261111 -33.88627778]
0.1	 1.13	0.14	-0.35	65_R	[-16.57978571  15.71535714 -35.58607143]
0.02	 0.37	-0.07	-0.07	65_R	[-16.34695238  18.12538095 -37.59719048]
-0.01	 0.33	0.02	-0.12	65_R	[-17.7065      16.12290909 -34.35977273]
0.1	 0.79	-0.17	0.05	65_R	[-18.841       18.21766667 -35.41666667]
-0.01	 0.18	0.02	-0.13	65_R	[-19.79630435  18.45356522 -32.88308696]
-0.11	 0.28	-0.12	0.13	65_R	[-20.5792  20.4196 -33.4836]
-0.09	 -0.41	-0.03	0.14	65_R	[-20.52607143  21.007      -32.22342857]
-0.11	 -1.08	0.05	0.13	65_R	[-19.62884615  20.43130769 -30.38276923]
-0.07	 -0.07	-0.04	0.08	65_R	[-19.25175     23.08167857 -32.5115    ]
-0.13	 -0.47	-0.15	0.14	65_R	[-16.4205   15.35305 -36.31365]
-0.24	 -0.88	0.13	0.45	65_R	[-18.54695238  16.24557143 -35.15642857]
-0.1	 -0.15	-0.17	0.15	65_R	[-17.7074375  16.0555625 -32.3843125]
0.02	 0.29	0.01	-0.08	65_R	[-17.92052174  19.14586957 -35.78130435]
-0.26	 -0.71	0.09	0.36	65_R	[-20.09375     17.961625   -34.07991667]
0.01	 -0.05	0.04	-0.02	65_R	[-18.7128      17.74486667 -31.75353333]
-0.12	 -0.37	0.16	0.06	65_R	[-19.46184  20.91096 -34.7234 ]
-0.04	 -0.09	-0.01	-0.01	65_R	[-18.84821429  19.16578571 -30.31878571]
-0.14	 -0.38	0.05	0.14	65_R	[-18.12946154  21.40642308 -30.09588462]
-0.24	 -0.75	0.08	0.35	65_R	[-19.25884615  23.00126923 -33.92561538]
-0.29	 -0.93	0.03	0.43	65_R	[-18.86528  23.38    -31.43152]
0.06	 1.42	0.15	-0.48	66_N	[-13.911   21.5846 -35.8572]
0.11	 0.8	0.19	-0.55	66_N	[-13.36292308  21.37923077 -36.85084615]
0.09	 1.15	0.33	-0.57	66_N	[-13.25385714  21.68685714 -35.76385714]
0.06	 0.02	0.05	-0.17	66_N	[-13.695       22.661      -34.83519048]
-0.04	 0.08	-0.09	-0.03	66_N	[-16.20017857  22.19335714 -34.72292857]
0.1	 1.36	-0.15	-0.11	66_N	[-13.762   23.8316 -33.3158]
0.1	 1.32	0.11	-0.36	66_N	[-14.5788125  21.4975    -36.319875 ]
-0.02	 0.17	-0.03	0.02	66_N	[-14.94913514  23.16816216 -31.85756757]
0.12	 0.58	0.12	-0.38	68_S	[-15.3544   15.3932  -38.62375]
-0.05	 -0.73	0.01	0.08	68_S	[-15.20285714  15.42867857 -40.52525   ]
-0.06	 0.04	-0.02	0.04	68_S	[-15.74176923  17.00007692 -38.772     ]
0.05	 0.38	-0.14	-0.13	69_S	[-15.0835  17.9615 -40.1045]
0.05	 0.79	-0.1	-0.13	69_S	[-15.36475  18.82975 -40.8105 ]
0.19	 1.52	0.06	-0.32	69_S	[-13.03055556  22.30966667 -40.57966667]
0.04	 0.5	-0.1	-0.1	69_S	[-13.38942308  21.67007692 -42.6935    ]
0.0	 0.73	0.16	-0.36	69_S	[-15.47826471  20.51394118 -39.99573529]
0.05	 0.66	-0.13	-0.1	69_S	[-14.91225  21.1544  -38.31535]
0.01	 -0.02	-0.06	-0.01	69_S	[-14.754    18.62385 -41.8947 ]
-0.24	 -0.82	-0.09	0.49	69_S	[-14.7391  22.4776 -40.2781]
-0.23	 -0.82	0.15	0.46	69_S	[-16.50372727  20.41804545 -40.94604545]
-0.28	 -0.22	-0.11	0.24	69_S	[-16.17290625  21.25540625 -37.65959375]
0.16	 1.04	0.11	-0.36	70_Q	[ -8.75135  22.6734  -41.7884 ]
0.07	 0.52	-0.0	-0.11	70_Q	[-10.0213   24.6718  -38.47105]
-0.15	 -0.05	-0.13	0.16	70_Q	[ -9.31028205  24.75738462 -39.89261538]
-0.03	 0.14	-0.15	-0.02	70_Q	[-10.62148387  25.26612903 -36.85690323]
0.1	 0.75	0.1	-0.32	70_Q	[-10.963125    23.13329167 -41.31633333]
0.03	 0.54	0.15	-0.21	70_Q	[-12.42027586  22.48613793 -37.91348276]
0.06	 0.38	-0.0	-0.14	70_Q	[-11.88641935  24.26541935 -35.75193548]
-0.27	 -0.54	0.01	0.37	70_Q	[-10.37455172  26.21272414 -36.88358621]
0.08	 1.47	-0.03	-0.21	72_S	[-12.56284615  19.808      -46.00369231]
0.13	 1.59	0.0	-0.2	72_S	[-12.16127273  18.82245455 -47.34390909]
0.01	 1.12	-0.01	-0.06	72_S	[-13.95864706  18.56223529 -44.57576471]
0.03	 0.36	-0.03	-0.2	72_S	[-14.19822727  16.41763636 -43.1355    ]
0.03	 0.22	-0.05	-0.06	72_S	[-13.6556  19.8411 -44.02  ]
-0.1	 0.05	-0.02	0.14	72_S	[-13.88175     17.76291667 -45.86554167]
0.06	 1.42	0.12	-0.34	73_S	[-12.2446  20.8228 -46.3652]
0.13	 0.96	-0.01	-0.21	73_S	[ -8.75707692  23.17661538 -45.77830769]
-0.07	 0.18	-0.03	-0.05	73_S	[ -9.03116667  22.71296667 -48.21176667]
-0.06	 0.02	0.01	-0.06	73_S	[-11.2120625  23.6305625 -46.2434375]
0.02	 1.0	-0.06	-0.1	73_S	[ -9.7204  23.4453 -43.8509]
0.05	 0.24	-0.13	-0.01	73_S	[-11.72033333  21.12661111 -47.48955556]
-0.25	 -0.85	0.15	0.46	73_S	[-10.7658   24.29855 -46.29985]
-0.14	 -0.47	0.03	0.21	73_S	[-12.794       22.23673333 -45.55763333]
-0.29	 -0.37	0.27	0.44	73_S	[-11.362       24.04518519 -43.54225926]
-0.06	 -0.07	-0.08	0.02	74_I	[ -5.49934286  20.83414286 -48.79088571]
-0.06	 -0.04	-0.32	0.16	74_I	[ -7.63133333  23.08458333 -43.26533333]
0.12	 0.97	0.25	-0.54	74_I	[ -3.825125  21.349125 -46.9185  ]
-0.09	 -0.47	-0.21	0.06	74_I	[ -4.68816667  23.61833333 -42.39966667]
-0.02	 -0.32	-0.09	0.02	74_I	[ -6.77566667  22.98811111 -46.53805556]
-0.16	 -0.62	0.07	0.25	74_I	[ -6.48795  23.6488  -44.09135]
0.14	 0.44	0.04	-0.41	74_I	[ -8.18988889  22.818      -43.18866667]
-0.02	 -0.13	-0.08	0.04	74_I	[ -3.69633333  22.34066667 -45.8862963 ]
0.08	 0.53	0.01	-0.2	74_I	[ -6.3675   23.35875 -41.4724 ]
0.14	 1.02	0.1	-0.34	74_I	[ -3.73657895  23.13052632 -42.96410526]
0.13	 1.9	0.15	-0.4	75_M	[ -6.96373333  19.28973333 -50.24866667]
0.16	 0.33	0.04	-0.26	75_M	[ -6.68476923  18.04030769 -50.83861538]
0.16	 1.44	0.11	-0.34	75_M	[ -5.21413333  18.44106667 -49.0634    ]
0.07	 0.58	0.09	-0.35	76_R	[-11.69366667  19.46466667 -50.67633333]
-0.01	 -2.01	-0.09	0.07	76_R	[-12.136    17.99375 -50.8295 ]
0.0	 0.09	-0.05	-0.04	76_R	[-10.97633333  17.01395833 -52.478     ]
0.08	 0.79	-0.08	0.0	76_R	[-11.029       20.77866667 -51.084     ]
0.02	 -0.16	-0.13	-0.01	76_R	[ -8.23857143  22.482      -50.31957143]
-0.02	 0.33	0.07	-0.07	76_R	[ -7.33766667  21.83677778 -52.05874074]
-0.09	 0.28	-0.11	0.13	76_R	[ -6.9468  20.6842 -53.9562]
-0.03	 0.1	0.03	-0.06	76_R	[ -8.80319231  20.33919231 -54.77861538]
-0.11	 -0.27	0.01	0.08	76_R	[ -9.65125926  21.93937037 -54.92414815]
-0.04	 0.26	-0.01	0.02	76_R	[ -8.91334483  18.69410345 -55.39724138]
-0.02	 -0.16	0.02	0.01	76_R	[-11.69321053  19.74236842 -49.31526316]
0.03	 0.19	-0.09	0.01	76_R	[-11.0548   20.09264 -52.16748]
-0.07	 -0.5	-0.04	0.16	76_R	[-10.09972  22.18908 -50.54548]
0.11	 1.3	-0.02	-0.21	76_R	[ -7.518375  21.898625 -49.753   ]
-0.23	 -0.38	-0.01	0.27	76_R	[ -8.78707143  23.07442857 -52.68528571]
-0.36	 -0.7	-0.03	0.52	76_R	[ -6.69859091  21.98609091 -51.72340909]
0.03	 0.36	0.03	-0.2	76_R	[ -7.04916667  19.2727     -52.83686667]
-0.22	 -0.87	0.09	0.29	76_R	[-10.1163125  22.5175625 -54.0026875]
-0.24	 -1.3	0.19	0.47	76_R	[-10.45626923  21.20053846 -56.10161538]
-0.11	 -0.11	-0.15	0.1	76_R	[ -7.67088889  17.858      -55.18038889]
-0.33	 -1.12	0.2	0.55	76_R	[ -9.59061905  18.96838095 -56.40795238]
0.01	 -1.7	-0.06	-0.01	77_S	[-12.557     17.560125 -49.265125]
0.13	 1.74	-0.06	-0.23	77_S	[-13.264       16.69733333 -49.52416667]
0.16	 0.59	0.03	-0.27	77_S	[-13.41984615  16.72015385 -47.78253846]
0.02	 0.28	-0.15	0.01	77_S	[-10.17125    14.1993125 -51.3129375]
0.16	 1.21	0.31	-0.53	77_S	[-10.8405      13.00083333 -48.63233333]
0.11	 1.4	0.18	-0.39	77_S	[-12.33253846  17.73861538 -47.98753846]
-0.1	 -0.53	-0.14	0.13	77_S	[-13.36626923  15.45634615 -50.56007692]
-0.23	 -0.64	0.13	0.39	77_S	[-11.326       13.169      -50.32957143]
0.06	 0.58	5.42	-0.08	77_S	[ -8.86360784  12.97903922 -49.0452549 ]
0.09	 0.64	-0.14	-0.14	78_I	[-12.4532381   11.38564286 -47.136     ]
-0.18	 -0.67	-0.13	0.22	78_I	[-16.326     12.64525  -49.569375]
-0.07	 0.07	0.01	-0.07	78_I	[-16.15457692  14.03557692 -44.65938462]
-0.15	 -0.53	-0.03	0.18	78_I	[-16.67696552  15.86837931 -48.84737931]
0.04	 0.81	-0.11	-0.1	78_I	[-13.3764      13.17826667 -49.32066667]
0.15	 1.29	-0.02	-0.26	78_I	[-15.0313  15.9026 -46.3677]
-0.05	 -0.08	-0.16	0.03	78_I	[-15.01465217  11.32708696 -46.92056522]
-0.15	 -0.32	0.16	0.1	78_I	[-15.15825    13.212125  -49.8414375]
-0.19	 -0.49	0.14	0.28	78_I	[-17.37542857  12.609      -48.4162381 ]
-0.13	 -0.37	-0.07	0.19	78_I	[-17.30603333  12.14566667 -45.78753333]
0.08	 0.34	-0.07	-0.2	78_I	[-15.67033333  13.14666667 -43.74083333]
-0.21	 -0.41	-0.08	0.25	78_I	[-16.12036842  15.25868421 -45.391     ]
-0.24	 -0.87	0.28	0.44	78_I	[-17.18008696  15.153      -50.13965217]
-0.17	 -0.83	0.07	0.24	78_I	[-17.72425     15.27445833 -47.45775   ]
-0.07	 -0.14	-0.11	0.08	78_I	[-15.01885  16.3738  -48.41865]
0.12	 1.1	-0.01	-0.28	79_V	[-14.36775  14.2717  -42.5733 ]
0.2	 1.3	0.43	-0.65	79_V	[-14.10618182  14.95854545 -43.95036364]
0.11	 1.22	0.22	-0.48	80_E	[-13.71334783   9.57773913 -39.49869565]
0.05	 0.86	-0.12	-0.11	80_E	[-15.39623529   9.52288235 -40.51847059]
0.08	 1.32	-0.03	-0.21	80_E	[-16.833       10.81133333 -42.43866667]
-0.02	 0.58	-0.01	-0.06	80_E	[-17.04042857   9.12319048 -43.4027619 ]
-0.21	 -0.81	0.08	0.32	80_E	[-16.80767568   7.89751351 -41.92167568]
-0.15	 -0.41	-0.02	0.19	80_E	[-15.76738462   8.56755769 -45.07248077]
0.06	 0.42	-0.04	-0.11	80_E	[-15.37910526  12.80384211 -41.27242105]
0.04	 -0.98	-0.22	-0.1	80_E	[-14.5268   8.8726 -40.1906]
-0.26	 -0.24	-0.22	0.37	80_E	[-16.23123077  10.37688462 -40.32565385]
-0.01	 0.18	-0.14	0.03	80_E	[-16.489375  11.7095   -42.981625]
0.13	 1.21	0.21	-0.47	81_I	[-14.59714286  10.35235714 -38.53628571]
0.14	 1.28	0.11	-0.39	81_I	[-13.47845455   9.87081818 -38.18718182]
0.08	 1.07	0.1	-0.3	81_I	[-14.37666667  10.04133333 -37.611     ]
0.05	 0.57	-0.04	-0.13	81_I	[-15.6630303   12.69284848 -36.12324242]
0.1	 0.33	0.01	-0.19	81_I	[-15.34656522  12.25830435 -38.51382609]
0.08	 1.64	0.06	-0.28	82_Q	[-14.2595   9.2922 -36.9121]
0.16	 1.44	0.18	-0.44	82_Q	[-14.57375   7.15455 -34.345  ]
0.09	 1.34	0.01	-0.29	82_Q	[-17.164375   9.60925  -35.621875]
-0.08	 -0.19	-0.07	0.06	82_Q	[-17.60735714   7.81032143 -35.07010714]
-0.25	 -0.46	-0.04	0.29	82_Q	[-16.87546875   6.29846875 -34.9015    ]
-0.14	 -1.12	0.01	0.21	82_Q	[-19.5195       8.4795     -35.11011538]
0.19	 1.39	0.26	-0.54	82_Q	[-13.45245455   8.60563636 -36.90781818]
0.1	 0.71	-0.01	-0.22	82_Q	[-15.76463158  11.68142105 -33.84073684]
0.06	 0.67	-0.08	0.08	82_Q	[-14.77145833   7.53545833 -36.46020833]
0.02	 1.08	-0.27	-0.12	82_Q	[-15.78213333   7.79186667 -33.1232    ]
-0.16	 -0.98	-0.14	0.27	82_Q	[-17.30465  10.53435 -34.5269 ]
-0.12	 -0.05	-0.09	0.21	82_Q	[-16.47118919   9.40054054 -37.2297027 ]
-0.28	 -1.25	0.18	0.49	82_Q	[-19.55263636   9.68390909 -35.4145    ]
-0.29	 -1.15	0.25	0.52	82_Q	[-19.95332   7.14784 -34.9218 ]
-0.11	 0.1	-0.11	0.11	83_L	[-15.64194286   7.74134286 -30.40585714]
-0.09	 -0.47	-0.21	0.08	83_L	[-15.76516667   9.93533333 -26.51416667]
0.06	 0.81	-0.08	-0.15	83_L	[-16.1656    9.78728 -32.26792]
0.2	 0.96	-0.04	-0.21	83_L	[-16.09888889   9.99855556 -29.70611111]
0.02	 0.62	-0.03	-0.2	83_L	[-14.44592593   8.36266667 -27.57922222]
0.16	 0.95	0.02	-0.21	83_L	[-14.8213   9.6549 -25.8596]
-0.04	 -0.31	-0.03	-0.02	83_L	[-16.53503704  10.78855556 -27.42955556]
0.08	 1.24	0.19	-0.49	84_H	[-13.91042857   6.37557143 -28.09257143]
-0.16	 -0.68	0.03	0.17	84_H	[-14.20661111   4.92683333 -28.45786111]
0.16	 1.63	-0.02	-0.26	84_H	[-13.11877778   3.60422222 -31.02322222]
0.01	 0.34	-0.11	-0.01	84_H	[-12.98457143   3.26842857 -32.35471429]
0.11	 0.76	-0.09	-0.15	84_H	[-10.8599       2.66053333 -29.53966667]
-0.2	 -0.66	0.05	0.27	84_H	[-11.29828571   1.23418367 -32.56836735]
-0.07	 0.89	-0.14	-0.03	84_H	[-10.4660625   1.482375  -30.6691875]
0.02	 0.65	-0.03	-0.08	84_H	[-13.79922581   5.53787097 -31.81806452]
-0.04	 0.14	-0.17	-0.04	84_H	[-12.40394737   3.61336842 -33.76563158]
-0.3	 -0.64	0.21	0.41	84_H	[-10.82265385   0.90253846 -29.59096154]
-0.08	 -0.14	-0.02	0.07	85_S	[-11.19968421   2.96431579 -26.85315789]
0.1	 -0.89	-0.02	-0.12	85_S	[ -9.13455556   3.30144444 -27.76644444]
-0.01	 0.04	0.05	-0.01	85_S	[-13.33792   5.90928 -26.32428]
-0.07	 -0.0	-0.07	-0.03	85_S	[-11.6615       3.59372222 -25.19327778]
-0.17	 -0.76	-0.24	0.25	85_S	[-11.85961538   2.76976923 -27.69092308]
0.1	 0.7	0.05	-0.2	85_S	[ -8.17419048   3.73142857 -25.88295238]
-0.1	 0.01	-0.17	0.12	86_V	[-12.03757692   5.64626923 -21.22669231]
0.11	 1.33	-0.03	-0.25	86_V	[-13.88228571   9.00114286 -24.01114286]
0.05	 0.26	0.02	-0.11	86_V	[-12.38231579   5.62078947 -23.94521053]
0.02	 0.22	-0.04	-0.1	86_V	[-13.19322222   8.46003704 -22.005     ]
0.13	 0.29	0.04	-0.23	86_V	[-13.51066667   8.42375    -25.11141667]
0.08	 1.17	0.15	-0.35	87_D	[ -9.624    2.9004 -20.922 ]
0.03	 0.79	-0.06	-0.14	87_D	[ -9.70938095   2.81166667 -23.48666667]
-0.27	 -0.82	0.07	0.38	87_D	[-10.20315909   1.8615     -22.53993182]
-0.06	 0.5	-0.02	-0.19	87_D	[ -9.37741176   2.85105882 -24.81476471]
0.16	 0.06	0.02	-0.19	87_D	[-10.2969   4.399  -20.2452]
-0.06	 -0.01	-0.12	0.07	87_D	[ -7.8285       2.56992308 -20.47865385]
0.14	 1.29	0.32	-0.58	88_Q	[ -6.3694   2.9731 -19.1596]
-0.1	 -0.11	0.04	0.14	88_Q	[ -6.09533333   2.92616667 -17.01427778]
-0.02	 -0.74	-0.06	0.08	88_Q	[ -7.36691667   4.14725    -14.4325    ]
-0.1	 -0.37	-0.08	0.08	88_Q	[ -9.2458    5.52852 -13.87232]
0.02	 0.37	0.1	-0.21	88_Q	[ -5.91009091   5.95048485 -12.51487879]
0.01	 0.04	-0.06	-0.04	88_Q	[ -9.26164   4.5728  -18.34276]
0.03	 -0.14	-0.01	-0.08	88_Q	[ -8.96621739   4.67182609 -16.42904348]
0.11	 -0.22	-0.1	-0.15	88_Q	[ -5.33681818   4.17963636 -15.11227273]
-0.04	 -0.53	-0.12	0.02	88_Q	[ -4.56627778   4.84444444 -13.08077778]
-0.29	 -0.56	-0.08	0.39	88_Q	[ -7.03757143   5.66517857 -11.82707143]
0.21	 1.52	0.1	-0.37	89_M	[ -2.94416667   3.5745     -16.44791667]
0.15	 1.74	0.31	-0.55	89_M	[ -2.98091667   1.72141667 -23.951     ]
-0.0	 0.17	-0.1	-0.03	89_M	[ -5.58217647   1.37173529 -22.70429412]
-0.08	 -0.11	-0.22	0.09	89_M	[ -4.11865   2.0568  -17.45205]
0.09	 0.45	0.07	-0.25	89_M	[ -5.19973913   1.95191304 -19.8263913 ]
0.03	 0.15	-0.01	-0.06	89_M	[ -6.19472414   2.58262069 -24.35237931]
-0.17	 -0.54	-0.19	0.2	89_M	[ -4.8226       0.37806667 -22.53893333]
0.09	 1.42	-0.15	-0.16	89_M	[ -6.12171429   2.01085714 -20.959     ]
0.1	 0.54	-0.05	-0.23	90_T	[ -0.2002       0.63433333 -17.33486667]
-0.17	 -0.8	-0.19	0.18	90_T	[  0.15805   2.2159  -14.35425]
0.18	 1.6	-0.14	-0.18	90_T	[ -2.04328571   1.76071429 -17.04828571]
-0.15	 -0.12	0.0	0.11	90_T	[  1.95870588   0.75967647 -17.34629412]
-0.15	 -0.59	-0.03	0.24	90_T	[  1.77675      1.55495833 -14.52916667]
0.14	 1.21	0.11	-0.38	90_T	[  0.60822222   3.72388889 -13.71655556]
-0.06	 -0.15	0.0	0.06	90_T	[ -1.26705882   2.42602941 -15.39255882]
0.1	 0.58	-0.04	-0.26	92_G	[  5.21933333   1.1495     -21.4945    ]
-0.02	 0.06	-0.21	0.0	92_G	[  3.7767   0.245  -21.4806]
0.12	 0.14	-0.05	-0.18	92_G	[  4.57945   0.74395 -22.89745]
-0.03	 -0.11	-0.09	-0.03	92_G	[  4.509     1.35688 -19.67156]
0.13	 1.22	0.05	-0.23	93_E	[  2.143625    0.2229375 -20.3675625]
0.15	 1.48	0.15	-0.43	93_E	[  1.4036  -0.5448 -20.8242]
0.06	 0.62	-0.04	-0.25	93_E	[ -1.51913333  -1.58626667 -21.121     ]
-0.16	 -0.66	-0.09	0.19	93_E	[ -2.5738      -1.81426667 -19.8788    ]
-0.11	 -0.85	0.02	0.21	93_E	[ -2.69916667  -0.11923333 -18.38413333]
-0.24	 -0.86	0.19	0.33	93_E	[ -4.3137931   -1.19637931 -20.8492069 ]
0.09	 0.67	-0.1	-0.11	93_E	[  0.21822222  -0.29833333 -19.37044444]
0.08	 0.66	0.04	-0.21	93_E	[ -1.83987097  -0.26674194 -23.21490323]
-0.08	 -0.03	-0.25	0.01	93_E	[ -0.73452941  -2.07570588 -20.80264706]
0.12	 1.37	-0.25	-0.08	95_L	[  4.88442857   1.29642857 -26.88071429]
0.08	 0.34	0.01	-0.16	95_L	[  4.28919231   2.20146154 -28.17488462]
0.08	 0.76	0.04	-0.26	95_L	[  5.63695455   2.00604545 -24.256     ]
0.13	 1.29	0.2	-0.48	95_L	[  7.84407692   4.45876923 -24.19838462]
0.11	 0.85	-0.08	-0.22	95_L	[  5.47818182   1.98263636 -23.32790909]
-0.02	 -0.29	-0.01	-0.05	95_L	[  5.68281481   2.21981481 -26.141     ]
-0.08	 0.16	-0.22	0.06	95_L	[  7.84822222   3.93088889 -25.18322222]
0.11	 0.94	-0.1	-0.23	95_L	[  5.71691667   3.95125    -27.33266667]
0.07	 0.63	-0.18	-0.15	96_M	[  4.7269   0.65   -25.3468]
0.04	 1.16	0.04	-0.27	96_M	[ 4.72583333e+00 -1.61666667e-02 -2.60613333e+01]
0.11	 0.88	0.18	-0.41	96_M	[  1.27217647  -1.37358824 -27.123     ]
-0.19	 -0.71	0.03	0.25	96_M	[  1.27638889  -2.26352778 -28.00894444]
-0.05	 -0.32	-0.11	0.07	96_M	[  4.6515  -2.637  -25.2998]
0.07	 1.15	-0.12	-0.15	96_M	[  0.88392857  -2.30685714 -24.91871429]
-0.14	 -0.48	0.02	0.18	96_M	[  3.4133   -2.90684 -22.4313 ]
-0.16	 -1.1	-0.02	0.25	96_M	[  0.82870833  -4.28004167 -21.78741667]
-0.19	 -0.65	0.07	0.19	96_M	[  4.38578261  -0.90986957 -27.38556522]
-0.17	 -0.63	0.06	0.3	96_M	[  3.61655  -3.296   -26.2127 ]
-0.08	 -0.49	0.02	0.15	96_M	[  4.80085714  -1.33466667 -24.66666667]
0.16	 1.63	0.19	-0.44	96_M	[  0.21086667  -1.32493333 -24.1484    ]
-0.18	 -0.11	-0.03	0.21	96_M	[  1.11042105  -3.54284211 -25.03384211]
-0.14	 -0.46	0.07	0.15	96_M	[  1.28003846  -2.41830769 -20.67803846]
-0.12	 -0.51	-0.03	0.21	96_M	[ -0.39275    -3.080875  -23.0846875]
-0.18	 -0.85	0.13	0.38	96_M	[  1.37928125  -5.1330625  -22.1801875 ]
0.15	 1.08	0.02	-0.2	97_S	[  0.88681818  -0.20236364 -30.09563636]
-0.11	 -0.28	-0.04	0.08	97_S	[ -1.32173171   1.14380488 -30.65326829]
0.06	 0.4	-0.2	0.03	97_S	[ -1.97975  -0.133   -27.27   ]
-0.09	 -0.63	0.02	-0.0	97_S	[ -2.739625   1.069375 -28.464125]
-0.11	 -0.08	-0.08	0.16	97_S	[ -0.81052381  -1.10966667 -28.30066667]
-0.01	 0.3	-0.05	-0.1	97_S	[ -1.21777143   0.04602857 -25.57168571]
-0.11	 -0.1	0.06	0.01	97_S	[ -3.35195652   1.44178261 -26.35213043]
0.1	 1.45	-0.03	-0.15	98_L	[  1.24011111   0.47588889 -31.80777778]
-0.08	 -0.15	-0.17	0.07	98_L	[  3.40576923   0.45507692 -30.95166667]
0.15	 1.0	0.14	-0.37	98_L	[ -0.70516667   3.14758333 -31.54483333]
0.13	 0.87	0.05	-0.27	98_L	[  4.07564286   3.73325    -30.09385714]
0.22	 1.38	0.4	-0.63	98_L	[  4.4425625   5.6634375 -29.9344375]
0.18	 1.27	0.22	-0.48	98_L	[ -1.38838095   4.06209524 -30.22657143]
0.0	 0.45	-0.15	-0.1	99_P	[  1.4305       0.677      -34.51233333]
0.16	 1.22	0.07	-0.3	99_P	[  5.198625   3.87725  -32.35575 ]
0.05	 0.91	0.12	-0.36	99_P	[  2.54121429   1.36364286 -35.86492857]
-0.01	 0.35	-0.19	0.04	99_P	[  0.6138   1.2094 -35.3034]
0.09	 1.32	0.27	-0.56	99_P	[ -0.58552174   2.57443478 -33.51082609]
-0.11	 -0.06	0.05	0.14	99_P	[  2.69626923   0.11257692 -33.86530769]
-0.14	 -0.24	-0.06	0.17	99_P	[  2.24023333   1.3453     -36.62786667]
0.0	 0.24	-0.02	0.02	99_P	[ -0.24525      2.35154167 -36.218375  ]
0.05	 1.59	-0.11	-0.22	99_P	[ -0.91322222   3.70711111 -32.63922222]
-0.17	 -0.46	-0.24	0.21	99_P	[ -0.43235714   1.45325    -33.57992857]
0.13	 1.84	0.08	-0.34	100_S	[  5.07633333   0.41622222 -33.397     ]
0.07	 0.49	-0.03	-0.2	100_S	[  7.7074   1.0804 -35.6656]
-0.21	 -0.8	-0.08	0.18	100_S	[  7.46861765  -0.30402941 -35.93520588]
0.02	 0.77	0.01	-0.22	100_S	[  6.96658621   1.45772414 -32.60682759]
0.04	 0.5	-0.05	-0.13	100_S	[  8.91068421   2.91597368 -33.04534211]
-0.09	 -0.27	-0.05	0.04	100_S	[  4.9646    0.34456 -35.07704]
-0.2	 -0.51	-0.11	0.32	100_S	[  6.32368421   1.63947368 -31.71010526]
-0.26	 -0.77	0.13	0.4	100_S	[  7.77964706  -0.17576471 -33.17988235]
0.07	 0.57	-0.27	-0.3	100_S	[  9.54936066   2.48562295 -31.63680328]
0.09	 1.42	0.02	-0.19	101_P	[  9.171875   2.242375 -35.866625]
0.08	 0.89	-0.1	-0.13	101_P	[  9.24716667   3.214      -35.48466667]
0.14	 1.23	0.11	-0.38	101_P	[  5.03544444   2.6192963  -37.41811111]
0.08	 0.26	-0.15	0.05	101_P	[ 10.18466667   2.742      -38.13266667]
0.08	 1.67	0.0	-0.34	101_P	[  9.723    2.3018 -36.9984]
0.15	 1.14	0.18	-0.43	101_P	[  9.37864706   4.09423529 -34.76005882]
-0.04	 -0.0	-0.08	-0.0	101_P	[ 10.40975      4.174      -36.81553571]
0.04	 0.32	0.04	-0.21	101_P	[ 10.15568182   2.71304545 -39.26195455]
0.07	 0.67	-0.2	-0.1	101_P	[  6.44207143   1.14335714 -38.22314286]
-0.03	 0.15	0.01	0.04	101_P	[  9.35737931   0.95106897 -38.10075862]
0.12	 1.24	0.01	-0.3	102_T	[  5.88685714   5.74721429 -32.14657143]
0.18	 1.47	0.27	-0.52	102_T	[  4.71333333   5.89171429 -31.50871429]
0.15	 1.18	0.15	-0.43	102_T	[  6.652        5.04447619 -32.8182381 ]
0.04	 0.37	-0.04	0.09	106_V	[  8.53666667  16.285      -26.328     ]
0.11	 1.01	-0.04	-0.2	106_V	[  8.67117647  16.97735294 -26.90782353]
-0.01	 0.12	0.01	-0.07	106_V	[  7.89406667  17.0688     -24.38783333]
0.19	 1.21	0.1	-0.33	106_V	[  9.11885714  15.13985714 -26.05714286]
0.09	 0.51	0.03	-0.25	108_S	[  5.10372  22.228   -21.95396]
0.06	 0.58	0.01	-0.25	108_S	[  4.12433333  22.7325     -21.158     ]
0.1	 0.88	0.02	-0.23	108_S	[  5.46014286  21.13328571 -21.994     ]
0.2	 1.26	0.35	-0.57	108_S	[  6.35733333  22.49816667 -23.50783333]
0.15	 1.55	0.26	-0.51	110_K	[  0.7272  28.5309 -21.4291]
0.06	 0.88	-0.04	-0.17	110_K	[  2.18330769  28.10553846 -22.00969231]
0.06	 0.65	0.0	-0.22	110_K	[  4.30323529  25.39211765 -20.05476471]
-0.0	 0.52	0.1	-0.24	110_K	[  5.72975  25.62135 -20.96835]
0.08	 0.79	-0.13	0.01	110_K	[  5.78066667  27.47033333 -23.19633333]
0.03	 -4.37	-0.01	-0.08	110_K	[  7.34233333  26.03533333 -24.03833333]
0.06	 0.29	-0.08	-0.13	110_K	[  2.268       27.49533333 -23.16008333]
-0.04	 -0.36	-0.04	-0.03	110_K	[  2.712    28.3508  -20.40595]
-0.11	 -0.25	-0.07	0.14	110_K	[  3.91556522  25.6603913  -18.90095652]
0.17	 1.95	0.15	-0.45	110_K	[  3.8375      23.74516667 -20.46816667]
-0.21	 -0.96	0.07	0.33	110_K	[  5.11626316  27.95678947 -21.31478947]
-0.25	 -0.95	0.12	0.38	110_K	[  6.29016667  25.69322222 -20.30777778]
0.04	 0.23	-0.08	-0.05	110_K	[  4.45508108  26.98951351 -24.16367568]
-0.04	 0.17	-0.04	0.0	110_K	[  6.90609524  25.35557143 -25.02428571]
-0.23	 -0.79	0.11	0.39	110_K	[  7.43061538  26.9375     -22.92723077]
-0.13	 -0.06	0.02	0.09	110_K	[  7.17363333  24.23246667 -22.63673333]
0.08	 1.55	0.25	-0.61	111_P	[  2.7314  27.197  -17.196 ]
0.09	 1.51	0.01	-0.33	111_P	[  0.52757143  27.286      -15.55657143]
-0.16	 -0.56	0.01	0.18	111_P	[  1.936125  25.720725 -16.03855 ]
-0.11	 -0.04	-0.05	0.11	111_P	[  2.4909375  29.0015    -16.8183125]
-0.11	 -0.37	-0.06	0.14	111_P	[ -0.2983125  30.416875  -17.2650625]
-0.1	 0.02	-0.26	0.11	111_P	[ -1.53814286  30.30614286 -19.64585714]
-0.04	 0.32	-0.15	0.04	111_P	[  3.057   27.1705 -18.0196]
-0.2	 -0.68	0.12	0.29	111_P	[  1.35805  28.7005  -15.78425]
-0.16	 -0.41	0.09	0.24	111_P	[  2.52352  29.64428 -18.3522 ]
-0.09	 -0.38	0.04	0.15	111_P	[ -1.1759   29.00965 -16.47695]
-0.29	 -0.86	0.21	0.48	111_P	[  0.09877273  31.16609091 -17.86063636]
0.11	 0.74	0.08	-0.28	111_P	[ -2.4404   28.81608 -18.82748]
-0.08	 0.14	-0.17	0.07	111_P	[ -0.11851724  30.10889655 -20.50458621]
0.03	 -0.12	-0.09	0.03	112_M	[  0.16422222  23.99455556 -15.23944444]
0.04	 0.32	-0.03	-0.15	112_M	[ -1.46904167  23.22891667 -14.20766667]
-0.02	 -0.04	-0.09	-0.02	112_M	[ -3.77085185  26.2517037  -16.14301852]
-0.18	 -0.51	-0.03	0.19	112_M	[ -0.99705263  26.26478947 -14.73873684]
0.1	 1.36	0.26	-0.5	113_G	[  0.8882  23.7812 -16.1548]
0.09	 1.31	0.05	-0.28	113_G	[  0.81211111  22.90655556 -16.11688889]
0.01	 0.05	-0.08	0.05	113_G	[  1.96491667  22.61175    -16.73791667]
0.07	 0.37	-0.01	-0.2	113_G	[  2.9695      23.23022727 -18.8625    ]
0.05	 -0.07	0.05	-0.07	113_G	[ -0.41771429  21.55980952 -15.51342857]
0.03	 -0.73	0.01	-0.12	114_G	[  1.8048  20.4364 -16.3326]
-0.03	 0.32	0.01	-0.05	114_G	[  3.63931579  20.05352632 -17.19031579]
0.11	 1.1	0.29	-0.51	114_G	[  4.2615  20.5366 -20.247 ]
0.11	 1.14	0.03	-0.29	114_G	[  1.311375  19.946    -16.157875]
-0.1	 0.04	0.01	0.1	114_G	[  4.05867742  21.19141935 -18.57409677]
-0.18	 -0.62	-0.03	0.25	114_G	[  3.5746      18.7488     -16.87406667]
0.12	 0.54	0.01	-0.26	115_T	[  5.61714286  15.67303571 -19.81775   ]
-0.04	 -0.43	0.01	-0.02	115_T	[  6.44114815  19.41492593 -20.86218519]
0.12	 0.35	-0.03	-0.15	115_T	[  4.6343125  17.964     -18.60675  ]
-0.07	 0.12	-0.17	0.09	115_T	[  7.18184211  15.99568421 -21.15784211]
-0.11	 -0.3	0.04	0.13	115_T	[  7.59372727  18.25695455 -22.32418182]
0.12	 0.65	-0.01	-0.35	115_T	[  6.32757143  20.55014286 -22.19428571]
-0.2	 -0.81	-0.08	0.42	115_T	[  6.15777778  19.15477778 -19.728     ]
0.06	 0.63	-0.02	-0.2	121_N	[ -2.8335625   2.7541875 -35.4781875]
0.15	 0.98	0.08	-0.33	121_N	[ -0.97395238   3.72628571 -37.96190476]
-0.0	 0.45	-0.18	-0.07	121_N	[ -3.05930435   3.37595652 -34.22943478]
-0.04	 -0.68	-0.11	0.03	121_N	[ -3.5682   2.9803 -36.6894]
0.15	 1.35	0.08	-0.38	122_P	[  1.26588889   4.53566667 -42.78733333]
0.11	 0.71	0.02	-0.33	122_P	[  4.41782609   3.92443478 -41.17917391]
0.08	 0.98	-0.06	-0.13	122_P	[  3.8622   3.2484 -40.0178]
-0.04	 -0.32	-0.08	0.14	122_P	[  2.3602381    3.71269048 -41.61528571]
0.03	 0.42	-0.05	-0.09	122_P	[  2.81302564   3.18035897 -38.78494872]
0.09	 1.24	0.18	-0.47	123_S	[  0.45614286   3.41071429 -41.62057143]
0.04	 0.73	-0.17	-0.07	123_S	[  0.094   3.385 -42.211]
0.22	 1.65	0.21	-0.47	123_S	[ -2.67153333   4.40453333 -44.46186667]
-0.09	 -0.04	-0.03	0.08	123_S	[ -2.42761538   1.95930769 -41.78446154]
0.21	 0.87	0.0	-0.26	123_S	[-2.47272727e-02  3.67827273e+00 -3.96619091e+01]
-0.04	 0.04	-0.06	-0.03	123_S	[ -0.46945161   3.90809677 -43.58216129]
-0.08	 -0.38	0.01	0.17	123_S	[ -3.3738    2.64085 -42.89325]
-0.16	 -0.41	-0.01	0.31	123_S	[ -1.07452   2.3636  -40.76024]
-0.06	 0.09	0.02	-0.03	123_S	[ -3.11886667   2.71353333 -39.32266667]
0.24	 1.52	0.19	-0.45	126_F	[  1.782        9.58726316 -48.00573684]
0.07	 0.93	0.24	-0.52	126_F	[  5.102625   8.152    -47.359875]
0.09	 0.92	0.03	-0.27	126_F	[  3.56094737   4.92436842 -44.72310526]
0.05	 1.16	-0.02	-0.12	126_F	[  5.73383333   8.332      -47.08983333]
0.11	 1.09	-0.04	-0.24	126_F	[  4.85728571   4.56492857 -43.59192857]
0.17	 1.38	0.17	-0.43	126_F	[  0.98642308   5.47661538 -44.99730769]
0.07	 0.43	-0.06	-0.11	126_F	[  3.90203333   9.04683333 -47.31306667]
0.03	 0.13	-0.11	-0.03	126_F	[  2.07318182   4.98381818 -43.57381818]
0.19	 1.04	0.09	-0.35	126_F	[  6.2404   9.1485 -46.8117]
0.11	 1.04	0.1	-0.38	126_F	[  4.98742857   4.44592857 -42.79978571]
-0.04	 0.24	-0.17	-0.07	129_I	[  4.91241667  12.65304167 -48.081875  ]
0.13	 0.99	0.36	-0.61	129_I	[  5.15606667  11.23533333 -46.8958    ]
-0.05	 -0.17	-0.12	-0.0	129_I	[  3.37516667  11.80673333 -48.7497    ]
0.12	 1.24	0.05	-0.34	129_I	[  5.23077778  14.32722222 -47.87466667]
0.14	 1.8	0.13	-0.34	130_D	[  2.113   11.5092 -50.024 ]
0.09	 1.46	0.02	-0.22	130_D	[  0.68957143  13.41485714 -52.71521429]
0.16	 1.35	0.24	-0.49	130_D	[ -0.14177778   8.73066667 -51.84088889]
-0.14	 -0.26	-0.06	0.17	130_D	[  0.29857143   9.98365306 -53.38628571]
-0.02	 0.03	-0.09	-0.02	130_D	[  2.0115      12.26958333 -51.25908333]
-0.02	 0.3	0.04	-0.11	130_D	[  1.18765517   9.53824138 -50.04037931]
0.1	 -0.53	-0.07	-0.05	131_R	[ -3.3689375  17.21625   -51.93175  ]
0.08	 0.75	0.14	-0.43	131_R	[ -6.33853846  13.52530769 -49.97415385]
0.09	 1.04	0.34	-0.66	131_R	[ -6.37026087  14.79643478 -51.29630435]
0.12	 1.22	0.08	-0.33	131_R	[ -7.05348  15.74452 -51.71284]
0.05	 0.24	-0.11	-0.09	131_R	[ -7.20551429  15.27882857 -53.25262857]
0.01	 0.09	-0.18	-0.05	131_R	[ -6.1984   14.7556  -54.67732]
-0.12	 -0.36	-0.1	0.08	131_R	[ -9.526375  15.168625 -53.374625]
0.23	 1.21	0.19	-0.41	131_R	[ -6.2444   13.4043  -49.13525]
0.15	 0.68	0.12	-0.33	131_R	[ -4.83094118  17.12252941 -50.36423529]
0.16	 1.24	0.11	-0.39	131_R	[ -4.49525    16.0653125 -53.1223125]
0.07	 0.36	-0.43	0.13	131_R	[ -6.58438889  12.97466667 -51.57627778]
-0.19	 -0.51	-0.26	0.44	131_R	[ -6.68536364  14.54881818 -55.61524242]
-0.1	 -0.18	-0.0	0.08	131_R	[ -9.23307407  16.31814815 -54.82659259]
0.14	 1.74	-0.0	-0.26	132_L	[ -1.75766667  18.55533333 -51.4105    ]
-0.13	 -0.32	0.0	0.16	132_L	[ -0.35661538  19.74133333 -50.96330769]
0.04	 1.45	-0.06	-0.14	132_L	[ -2.4902      20.5118     -47.80866667]
0.06	 0.84	0.04	-0.2	132_L	[ -3.22161111  18.38527778 -49.54994444]
0.13	 0.53	0.04	-0.22	132_L	[  1.03811111  19.28838889 -48.67244444]
0.24	 1.32	0.07	-0.31	132_L	[  1.1004375  19.864625  -46.414375 ]
-0.18	 -1.07	-0.11	0.14	132_L	[ -1.34557895  20.82373684 -47.158     ]
0.07	 1.01	-0.08	-0.15	132_L	[ -2.6734  19.6902 -48.7552]
0.08	 0.9	0.22	-0.54	133_L	[  2.46890909  18.31563636 -53.467     ]
0.01	 0.39	0.13	-0.28	133_L	[  0.62618182  17.32622727 -54.1045    ]
-0.17	 -0.6	0.06	0.2	133_L	[  1.4661   16.6884  -55.26325]
0.07	 0.59	-0.04	-0.2	133_L	[  3.31245455  15.39909091 -53.152     ]
-0.09	 -0.29	-0.01	0.08	133_L	[  5.63482143  15.57232143 -50.99792857]
-0.06	 -0.53	-0.08	0.07	133_L	[  4.42930556  19.29822222 -51.05888889]
-0.14	 -0.05	-0.1	0.16	133_L	[  1.42283333  19.238      -52.81433333]
0.08	 0.33	-0.01	-0.15	133_L	[  2.4043913   14.73165217 -52.52386957]
-0.09	 -0.1	-0.22	0.11	133_L	[  3.55952381  16.79628571 -53.8057619 ]
-0.01	 0.4	-0.09	-0.1	133_L	[  6.13941935  16.16919355 -49.76412903]
-0.05	 -0.38	-0.2	0.11	133_L	[  4.11925   14.01     -50.650875]
-0.2	 -0.97	0.18	0.34	133_L	[  5.7452381   16.11666667 -52.36871429]
-0.14	 -0.57	-0.1	0.18	133_L	[  5.48825  19.08975 -50.1272 ]
-0.25	 -1.31	0.29	0.39	133_L	[  4.88744444  18.69972222 -52.92877778]
-0.04	 0.22	0.02	0.05	133_L	[  2.85512  19.46824 -50.85272]
-0.04	 -0.66	-0.15	0.05	134_G	[ -1.01014286  18.47985714 -53.54728571]
-0.1	 0.13	-0.06	0.11	134_G	[ -1.81692308  17.77907692 -55.86438462]
0.07	 0.68	0.09	-0.23	134_G	[ -1.74252941  15.09476471 -55.86441176]
-0.22	 -0.59	-0.06	0.36	134_G	[ -2.81818182  14.87781818 -56.74733333]
0.09	 1.13	-0.06	-0.16	134_G	[ -1.82823077  18.13053846 -52.86084615]
-0.18	 -0.08	-0.03	0.24	134_G	[ -3.10496552  17.26448276 -54.87210345]
-0.22	 -0.77	0.15	0.43	134_G	[ -0.7754      17.5156     -56.47206667]
0.08	 0.54	0.01	-0.23	135_G	[  0.1362  14.1642 -54.4789]
0.0	 0.61	-0.05	-0.13	135_G	[ -0.14264286  13.00414286 -54.71878571]
0.06	 0.54	-0.08	-0.13	135_G	[ -4.22486667  13.24066667 -55.81233333]
0.13	 1.22	0.41	-0.64	135_G	[ -4.460125  14.28     -55.411375]
0.06	 0.96	0.17	-0.28	135_G	[  0.379       14.53       -53.81122222]
-0.15	 -0.19	-0.01	0.18	135_G	[ -1.34634615  12.27457692 -55.99788462]
0.12	 1.04	0.23	-0.45	135_G	[ 3.5000000e-02  1.2461625e+01 -5.3656000e+01]
0.01	 0.42	-0.17	-0.02	136_K	[ -3.75066667  11.7555     -56.3295    ]
0.08	 1.35	0.2	-0.53	136_K	[ -5.9071  11.9014 -55.2393]
-0.03	 0.13	0.03	-0.05	136_K	[ -6.78762963   9.71074074 -52.88855556]
-0.23	 -0.84	0.03	0.28	136_K	[ -5.90552174  10.0453913  -56.14473913]
0.02	 -0.11	-0.04	-0.08	136_K	[ -2.76415  10.2351  -55.5859 ]
0.05	 0.6	-0.23	-0.01	136_K	[ -6.14783333  12.54572222 -55.22027778]
0.18	 1.36	0.19	-0.44	137_G	[ -6.48373077   8.30834615 -49.91757692]
0.11	 0.38	4.1	0.24	137_G	[ -6.270475  11.147875 -49.801375]
0.19	 1.17	0.18	-0.45	138_S	[ -0.12784211   7.40315789 -50.31578947]
0.04	 0.6	-0.06	-0.15	138_S	[ -3.27625   5.78285 -53.2731 ]
0.01	 0.34	-0.03	-0.15	138_S	[ -4.34747368   7.51842105 -54.16463158]
-0.06	 0.27	0.04	-0.07	138_S	[ -0.70554545   6.91540909 -52.77013636]
-0.22	 -0.45	-0.05	0.32	138_S	[ -2.88428   4.87784 -53.13944]
-0.19	 -0.33	0.04	0.25	138_S	[ -2.43130556   7.47602778 -55.19427778]
0.02	 0.57	-0.03	-0.17	139_A	[ -0.1519375   3.0125625 -50.1179375]
-0.06	 -0.33	-0.08	0.09	139_A	[  0.28952941   4.90720588 -51.40126471]
-0.09	 -0.21	-0.06	0.07	139_A	[ -2.59367857   2.53864286 -48.41721429]
0.05	 0.51	0.07	-0.18	139_A	[ -3.59040741   4.04174074 -50.79407407]
-0.09	 0.35	-0.03	0.02	139_A	[ -1.42472414   3.20786207 -46.888     ]
-0.07	 -0.16	-0.26	0.06	139_A	[ -4.2399375   3.2255625 -47.7686875]
-0.21	 -0.94	0.12	0.4	139_A	[ -2.16471429   2.23442857 -49.773     ]
0.08	 1.1	0.17	-0.51	140_Y	[  0.41485714   2.51985714 -48.97914286]
0.05	 1.18	0.32	-0.62	140_Y	[  1.615375   2.81975  -50.154875]
0.04	 0.55	-0.13	-0.07	140_Y	[  1.34163158   2.00273684 -48.88847368]
-0.12	 -0.07	-0.11	0.11	140_Y	[  2.68204878   2.45129268 -46.65217073]
0.1	 0.79	-0.15	-0.06	140_Y	[  4.287        7.14328571 -48.87814286]
-0.06	 0.02	0.02	-0.05	140_Y	[  4.44642105   6.023      -50.76615789]
0.06	 1.25	0.21	-0.44	140_Y	[  5.38273333   7.16973333 -48.69246667]
-0.04	 0.18	-0.06	-0.05	140_Y	[  6.03016   5.39644 -51.26264]
0.09	 1.82	0.07	-0.29	140_Y	[  6.4022       7.52406667 -48.11846667]
0.06	 0.99	-0.04	-0.11	140_Y	[  6.883875   7.38225  -49.50225 ]
0.03	 0.01	-0.12	0.05	140_Y	[  9.0694       5.14113333 -50.61673333]
0.03	 0.75	-0.16	-0.1	140_Y	[  0.31844444   4.06172222 -46.57866667]
0.08	 0.56	-0.1	-0.18	140_Y	[  1.82007143   3.35928571 -50.72071429]
0.12	 0.96	0.03	-0.3	140_Y	[  2.11443333   6.9708     -49.09876667]
0.17	 1.49	0.34	-0.58	140_Y	[  2.25858824   4.74017647 -46.36323529]
-0.13	 -0.37	0.11	0.26	140_Y	[  3.61663158   5.07863158 -51.45652632]
-0.25	 -0.53	-0.04	0.39	140_Y	[  6.52915385   4.92626923 -51.86088462]
-0.25	 -0.46	0.01	0.33	140_Y	[  8.46978947   7.20015789 -50.63273684]
0.07	 0.95	-0.1	-0.16	141_D	[  2.5285     1.738875 -50.457625]
0.08	 1.58	0.14	-0.44	141_D	[  4.5495    -0.855375 -49.29    ]
0.07	 0.85	0.14	-0.45	141_D	[  6.5772  -0.5516 -48.7994]
-0.11	 -0.39	-0.12	0.17	141_D	[  5.35078261  -0.50504348 -46.77665217]
0.05	 0.93	-0.08	-0.27	141_D	[  5.89220833  -0.11875    -51.113125  ]
-0.13	 -0.36	-0.09	0.1	141_D	[  4.12773913  -0.30356522 -51.94930435]
-0.27	 -1.1	0.15	0.42	141_D	[  2.86257143  -0.92794286 -50.97254286]
-0.26	 -1.13	0.15	0.46	141_D	[  4.73353488   0.47769767 -53.22397674]
0.04	 0.0	-0.28	-0.0	141_D	[  3.4655       2.70757143 -51.24107143]
-0.04	 -0.03	-0.15	0.08	141_D	[  3.32394118  -0.21470588 -48.57464706]
0.01	 0.43	-0.11	-0.12	141_D	[  5.86475      2.24130556 -51.55988889]
-0.09	 -0.14	-0.16	0.07	141_D	[  6.40105556  -0.70872222 -50.30205556]
0.13	 1.21	-0.01	-0.29	142_Q	[  5.51086667   1.58013333 -45.43433333]
0.16	 1.02	0.01	-0.29	142_Q	[  5.36848148   3.4652963  -45.23851852]
0.01	 0.28	0.1	-0.25	142_Q	[  8.5415   3.3996 -50.7447]
-0.04	 0.08	-0.04	0.04	142_Q	[  8.99147619   1.05385714 -50.50504762]
-0.09	 -1.25	-0.06	0.13	142_Q	[  7.87631818  -0.11495455 -50.34281818]
-0.08	 -1.14	-0.04	0.12	142_Q	[ 10.73048148   0.64274074 -49.73133333]
0.03	 0.07	-0.08	-0.06	142_Q	[  8.41044444  -0.07211111 -47.29044444]
0.0	 0.08	-0.02	-0.13	142_Q	[ 10.15592308   2.21173077 -46.66053846]
0.1	 0.85	-0.1	-0.18	142_Q	[  7.64323077   3.13376923 -50.765     ]
-0.09	 -0.71	-0.04	0.09	142_Q	[ 10.3459375   3.6266875 -49.4175   ]
-0.26	 -0.91	0.11	0.41	142_Q	[ 11.481       1.5677619 -49.2307619]
-0.29	 -0.97	0.26	0.53	142_Q	[ 10.49292308  -0.5965     -50.3345    ]
0.11	 1.7	0.12	-0.34	143_N	[  5.77675    0.791125 -44.586875]
-0.12	 -0.49	0.09	0.07	143_N	[ 10.059        0.63130303 -42.44933333]
0.02	 0.87	0.06	-0.2	143_N	[  6.18568421  -0.98247368 -42.92963158]
-0.16	 -0.7	-0.09	0.18	143_N	[  5.96854545  -0.91790909 -40.78045455]
0.02	 0.34	-0.17	0.05	143_N	[  5.973375   1.546575 -40.08295 ]
-0.06	 -0.27	-0.01	0.09	143_N	[  8.22148276  -1.43231034 -40.51765517]
0.02	 0.33	0.04	-0.01	143_N	[  8.11927778  -0.37316667 -45.33633333]
0.05	 0.33	0.09	0.04	143_N	[  5.85197143   2.4782     -42.78122857]
-0.27	 -0.57	0.03	0.33	143_N	[  5.46136364  -0.50904545 -43.29063636]
-0.09	 -0.23	-0.01	0.14	143_N	[  8.06835714  -1.35471429 -43.77235714]
-0.23	 -0.53	-0.07	0.29	143_N	[  7.85758621  -1.27368966 -39.08227586]
-0.22	 -0.8	0.12	0.38	143_N	[  8.25811538  -2.39903846 -41.737     ]
-0.05	 0.04	-0.06	0.04	144_R	[ 11.77845455   2.99372727 -43.72581818]
-0.07	 -0.25	-0.05	0.04	144_R	[ 12.37363636   5.97081818 -45.221     ]
0.04	 -0.16	-0.06	-0.1	144_R	[ 11.5317   8.1559 -45.171 ]
-0.02	 -0.31	-0.03	-0.03	144_R	[ 11.31676471   7.88129412 -47.12694118]
-0.03	 -0.02	0.04	-0.04	144_R	[ 10.8355       6.21471429 -48.47378571]
0.02	 -0.57	-0.07	-0.02	144_R	[ 10.3122   9.7229 -47.6095]
0.0	 -0.67	-0.16	0.08	144_R	[ 11.00323077   2.51769231 -41.39284615]
-0.08	 -0.33	0.02	0.12	144_R	[ 12.30882353   4.22147059 -43.15205882]
-0.01	 -0.01	0.01	-0.0	144_R	[ 11.103        2.65176471 -44.80017647]
-0.1	 -0.28	0.05	0.18	144_R	[ 12.39333333   6.51693333 -43.95546667]
-0.07	 -0.54	0.01	0.16	144_R	[ 11.824        4.8346087  -45.99356522]
0.14	 1.91	0.15	-0.42	144_R	[ 11.23345455   8.71909091 -44.51709091]
0.04	 0.31	-0.05	-0.12	144_R	[ 10.85966667   4.88008333 -47.71291667]
-0.02	 0.22	-0.12	0.09	144_R	[ 10.1531   6.8695 -49.4003]
-0.05	 0.16	-0.02	0.04	144_R	[  8.71296154   8.78861538 -48.47484615]
0.12	 1.83	0.08	-0.38	145_E	[ 12.33528571   8.46371429 -41.21685714]
-0.02	 0.34	-0.05	-0.07	145_E	[ 12.07733333   8.09192593 -42.55118519]
-0.15	 -0.8	0.1	0.18	145_E	[ 12.74631111   6.42984444 -39.09571111]
-0.04	 0.53	0.01	-0.03	145_E	[ 12.19065217   4.89973913 -40.92230435]
0.17	 1.46	-0.2	-0.14	146_F	[ 12.249       10.05285714 -42.51985714]
0.0	 -0.08	0.0	-0.08	146_F	[ 12.4265      11.22268421 -40.70223684]
0.15	 1.28	0.37	-0.61	147_S	[ 11.451       10.05144444 -43.79588889]
0.01	 0.4	-0.2	-0.09	147_S	[ 12.048125  10.433125 -43.653625]
0.01	 0.34	-0.03	-0.1	147_S	[ 11.29815385  12.31069231 -46.44561538]
0.16	 1.36	0.33	-0.58	147_S	[ 10.64363636  13.25172727 -46.76936364]
-0.08	 -0.11	0.06	0.03	147_S	[ 13.06033333  11.541625   -43.261375  ]
-0.05	 0.23	-0.1	-0.02	147_S	[ 11.77634211  10.73423684 -45.78310526]
-0.17	 -0.43	-0.1	0.21	147_S	[ 12.58035135  13.42089189 -46.66643243]
0.17	 1.66	-0.01	-0.26	148_D	[ 13.32455556  13.63933333 -41.881     ]
0.06	 1.17	0.53	-0.85	148_D	[ 12.5898  17.4012 -41.7618]
0.07	 0.33	-0.06	-0.17	148_D	[ 12.19963636  18.10781818 -44.61345455]
0.04	 0.56	-0.13	-0.1	148_D	[ 11.30507692  18.40942308 -42.45888462]
0.04	 0.32	-0.08	-0.11	148_D	[ 14.32582353  17.41270588 -43.09270588]
-0.15	 -0.32	-0.02	0.13	148_D	[ 15.1726087   16.58782609 -41.2206087 ]
-0.18	 -0.69	0.04	0.18	148_D	[ 14.21929268  15.43582927 -40.08939024]
-0.34	 -1.16	0.27	0.53	148_D	[ 16.96548571  16.46491429 -41.5408    ]
-0.09	 0.07	-0.07	0.04	148_D	[ 14.18005263  13.71336842 -43.14947368]
0.12	 0.94	-0.05	-0.18	148_D	[ 12.42113333  16.7996     -40.95826667]
-0.08	 -0.13	-0.07	0.15	148_D	[ 14.8656   15.73504 -44.36992]
-0.19	 -0.44	0.02	0.23	148_D	[ 14.05322222  18.04055556 -43.43188889]
0.07	 1.23	0.21	-0.49	149_I	[ 12.5412  17.7703 -45.2041]
-0.03	 -0.44	-0.08	-0.02	149_I	[ 13.0431  18.0982 -46.7364]
0.01	 0.28	-0.15	-0.07	149_I	[  8.30796429  16.76792857 -48.88446429]
-0.21	 -1.05	-0.01	0.22	149_I	[ 12.25456  17.50136 -50.1354 ]
0.2	 1.63	0.29	-0.54	149_I	[ 13.17788889  15.45488889 -45.83577778]
0.01	 0.38	-0.12	-0.05	149_I	[ 10.31790476  19.10009524 -45.493     ]
0.08	 0.55	0.11	-0.33	149_I	[ 10.47742857  14.75319048 -47.62804762]
-0.09	 -0.24	0.14	0.09	149_I	[ 11.89429167  18.96141667 -47.10033333]
-0.11	 -0.01	-0.21	0.09	149_I	[ 13.41078788  16.66818182 -46.85593939]
-0.38	 -0.93	-0.49	0.62	149_I	[  9.19681818  16.59936364 -49.64890909]
0.08	 0.51	-0.09	-0.17	149_I	[  7.65922727  15.86331818 -47.87677273]
-0.07	 -0.09	-0.16	0.09	149_I	[  8.47678261  18.90873913 -47.75673913]
-0.3	 -0.98	0.32	0.52	149_I	[ 13.3848   18.30875 -49.7045 ]
-0.21	 -0.75	-0.02	0.37	149_I	[ 12.11782609  15.75373913 -49.46743478]
-0.21	 -0.71	0.08	0.3	149_I	[ 10.661375   18.4151875 -50.0006875]
-0.06	 0.04	-0.06	0.03	150_E	[  8.32266667  11.80389474 -47.58138596]
0.18	 1.15	0.11	-0.36	150_E	[  6.93972727  14.00109091 -47.00572727]
0.15	 1.38	0.11	-0.37	151_L	[  8.71927778  18.75194444 -40.06683333]
0.16	 1.19	0.07	-0.38	151_L	[  9.29407143  17.4985     -38.85557143]
-0.03	 -0.01	-0.15	-0.01	151_L	[ 12.28958621  14.58648276 -38.85562069]
0.08	 0.07	-0.03	-0.05	151_L	[ 10.421       17.20163636 -39.97577273]
0.04	 -0.23	0.01	-0.11	151_L	[ 11.47646154  12.68942308 -37.79257692]
0.1	 1.17	0.21	-0.5	151_L	[ 11.87666667  16.05277778 -39.64566667]
-0.05	 -0.01	-0.03	0.08	151_L	[ 11.06178947  15.85410526 -37.45421053]
0.13	 1.67	0.18	-0.44	152_N	[  5.563   21.104  -43.5146]
-0.01	 -0.07	-0.1	-0.16	152_N	[  5.00414286  21.54860714 -42.11510714]
0.1	 1.04	-0.2	-0.1	152_N	[  9.2974  20.2102 -44.7384]
-0.01	 -0.08	-0.12	0.03	152_N	[  8.80357143  21.67503571 -43.08346429]
-0.23	 -0.69	0.04	0.33	152_N	[  7.6087561   22.66636585 -43.83292683]
-0.15	 -0.61	-0.04	0.17	152_N	[ 10.11384  21.88328 -41.73536]
-2.27	 1.09	-0.25	0.04	152_N	[  8.247       20.62270968 -40.277     ]
0.14	 0.9	0.03	-0.31	152_N	[ 10.39954545  19.80872727 -43.66963636]
0.11	 1.24	0.03	-0.25	152_N	[  8.06826316  20.10747368 -45.30089474]
-0.29	 -0.93	0.25	0.52	152_N	[ 10.14323077  23.16688462 -41.87407692]
-0.09	 -0.39	0.04	0.15	152_N	[ 10.5742069   20.42848276 -41.61389655]
-0.08	 -0.43	-0.02	-0.06	153_L	[  5.13975862  20.79627586 -46.6032069 ]
0.14	 0.73	-0.09	-0.19	153_L	[  4.17145455  20.98190909 -44.24409091]
0.15	 1.3	0.03	-0.31	153_L	[  6.43669231  18.54284615 -48.75746154]
0.22	 1.57	0.31	-0.56	153_L	[  5.74615789  15.67694737 -47.67868421]
0.15	 1.21	0.1	-0.37	153_L	[  3.25766667  18.9386     -48.5076    ]
-0.13	 -0.32	-0.08	0.16	153_L	[  6.53252  19.99304 -47.57856]
-0.06	 -0.27	-0.14	0.11	153_L	[  3.39888889  20.30422222 -46.79325926]
0.02	 0.3	-0.24	-0.0	153_L	[  5.89655556  21.25111111 -44.87155556]
0.15	 0.54	-0.18	0.02	155_D	[  1.9755  22.9898 -39.5321]
0.12	 1.47	0.24	-0.64	155_D	[  2.05477778  23.03211111 -38.34222222]
0.12	 0.8	-0.03	-0.24	155_D	[  5.94726667  21.863      -39.989     ]
0.01	 0.41	-0.38	0.09	155_D	[  3.48373684  23.07152632 -37.70026316]
0.05	 0.71	-0.0	-0.22	155_D	[  3.68993103  21.88982759 -35.83482759]
-0.24	 -0.73	0.18	0.34	155_D	[  5.74535294  23.35152941 -37.57970588]
-0.12	 -0.24	0.03	0.18	155_D	[  4.089375  22.759375 -40.243375]
0.04	 1.02	-0.11	-0.11	156_T	[  2.366375  22.55575  -41.43625 ]
0.08	 1.36	0.26	-0.63	156_T	[  1.7914  22.8744 -41.98  ]
-0.4	 -0.45	0.02	-0.04	156_T	[  1.58513889  22.09725    -44.14322222]
0.04	 -0.01	-0.09	-0.02	156_T	[ -1.674       22.99507692 -44.27361538]
0.14	 1.7	-0.0	-0.27	156_T	[  3.1102  21.9764 -41.8074]
-0.08	 -0.05	-0.05	0.03	156_T	[  0.12781481  23.59811111 -40.854     ]
0.03	 0.41	-0.05	-0.24	156_T	[  3.1095  21.365  -44.0441]
0.05	 -0.21	-0.01	-0.07	156_T	[ -1.14316667  21.87141667 -45.31408333]
-0.16	 -0.43	0.07	0.28	156_T	[ -1.4665      23.64570833 -43.06354167]
0.16	 1.31	0.13	-0.4	159_R	[  1.503       21.91685714 -35.419     ]
0.11	 1.02	0.24	-0.52	159_R	[  0.1566875  24.0134375 -35.50275  ]
0.16	 0.82	-0.02	-0.28	159_R	[ -1.8499375  25.046375  -34.3490625]
-0.08	 -0.19	-0.16	0.17	159_R	[  0.15928125  24.92617188 -37.38214062]
-0.1	 -0.3	-0.06	0.14	159_R	[  0.5156   23.62635 -34.45125]
0.08	 1.42	-0.11	-0.15	160_Q	[ -5.55533333  24.453      -40.62933333]
0.05	 0.48	-0.01	-0.17	160_Q	[ -6.75251515  24.72860606 -38.60848485]
0.01	 0.14	-0.16	-0.04	160_Q	[ -3.61268182  24.71636364 -40.58718182]
0.09	 0.41	-0.18	-0.05	160_Q	[ -1.95988889  24.13027778 -40.22444444]
-0.12	 -0.54	0.1	0.2	160_Q	[ -3.9592      25.83493333 -39.57066667]
0.11	 0.98	-0.01	-0.22	162_M	[ -3.21546154  25.16830769 -31.06630769]
0.01	 1.04	-0.05	-0.06	162_M	[ -1.04       24.312375  -31.6188125]
0.03	 0.51	-0.07	-0.01	162_M	[ -1.045375   24.2711875 -32.8119375]
0.1	 0.49	0.13	-0.3	162_M	[ -1.7024      24.69346667 -30.37933333]
0.13	 1.14	0.06	-0.31	162_M	[  0.98357895  22.92189474 -32.15457895]
0.07	 0.51	-0.06	-0.22	163_Q	[ -2.940625  25.169625 -32.381625]
0.06	 1.13	0.05	-0.37	163_Q	[ -6.18642857  26.77542857 -32.21728571]
0.08	 0.33	0.12	-0.27	163_Q	[ -7.05972727  26.50422727 -31.61940909]
0.05	 1.21	-0.18	-0.0	163_Q	[ -6.50133333  26.856      -33.07266667]
0.02	 0.16	0.02	-0.22	163_Q	[ -4.9728125  28.0154375 -34.325375 ]
-0.18	 -0.58	-0.1	0.17	163_Q	[ -4.81591667  28.24625    -36.1565    ]
-0.02	 -0.08	0.02	0.02	163_Q	[ -5.44315385  26.5465     -37.12284615]
-0.07	 -0.12	-0.08	0.16	163_Q	[ -2.62635  28.4269  -35.7967 ]
0.02	 0.51	-0.11	-0.13	163_Q	[ -4.995       26.603      -31.19892308]
0.02	 0.41	0.09	-0.47	163_Q	[ -7.37679487  26.05571795 -34.4074359 ]
-0.23	 -0.72	0.17	0.33	163_Q	[ -5.80564  28.14168 -33.8884 ]
-0.06	 -0.48	-0.06	0.03	163_Q	[ -3.26448  26.88888 -33.06788]
-0.14	 -0.45	0.12	0.25	163_Q	[ -2.0053125   27.69221875 -34.84371875]
-0.19	 -0.34	0.04	0.19	163_Q	[ -2.38171429  27.4185     -37.30589286]
0.11	 1.21	0.14	-0.41	164_I	[ -7.9405      24.37838889 -36.08038889]
0.13	 0.82	0.15	-0.43	164_I	[ -8.72370833  25.036875   -35.06933333]
0.09	 1.51	0.2	-0.45	166_K	[ -7.28742857  27.85657143 -28.25257143]
0.06	 0.77	-0.04	-0.14	166_K	[ -4.81847059  28.70258824 -28.386     ]
-0.11	 -0.44	-0.05	0.08	166_K	[ -5.60773333  31.1424     -27.47046667]
0.04	 0.58	-0.08	-0.13	166_K	[ -7.43466667  30.87533333 -26.20233333]
0.04	 0.19	-0.09	-0.1	166_K	[ -7.28592857  27.011      -29.50285714]
0.02	 0.62	-0.28	-0.03	166_K	[ -8.11581818  27.90718182 -27.72345455]
0.1	 1.45	0.02	-0.28	166_K	[ -3.1356  28.4622 -27.5833]
-4.44	 0.04	-0.02	0.09	166_K	[ -5.27828125  27.9680625  -29.27559375]
-0.04	 0.01	-0.12	-0.02	166_K	[ -4.43609091  31.13345455 -27.35604545]
-0.19	 -0.49	0.14	0.35	166_K	[ -6.95469565  30.20595652 -28.064     ]
-0.02	 -0.11	0.22	-0.43	166_K	[ -6.52047619  31.58138095 -25.30990476]
0.06	 0.32	-0.1	-0.04	166_K	[ -8.35948276  29.40565517 -25.61968966]
0.13	 1.28	0.23	-0.43	167_E	[ -8.55427273  27.08472727 -28.84418182]
0.07	 1.46	0.15	-0.45	167_E	[-11.997    26.81475 -28.7355 ]
0.07	 1.78	-0.02	-0.29	167_E	[-12.94885714  24.822      -28.34471429]
-0.05	 -0.1	-0.02	0.02	167_E	[-13.132      25.6259375 -27.334375 ]
0.08	 1.21	-0.01	-0.2	167_E	[-12.27816667  26.453      -29.14283333]
0.04	 0.4	-0.09	-0.08	167_E	[-10.80192308  27.74615385 -30.96530769]
-0.11	 0.02	-0.1	0.08	167_E	[-12.39366667  25.99538889 -32.8925    ]
0.08	 0.6	-0.07	-0.18	167_E	[-12.4306   24.51505 -33.55105]
-0.17	 -0.25	0.03	0.19	167_E	[-10.57907143  27.03895238 -34.14204762]
-0.07	 0.04	-0.12	0.03	167_E	[-10.63051724  27.58203448 -28.05441379]
-0.01	 0.14	-0.05	-0.04	167_E	[-12.850625  25.09575  -30.171375]
-0.32	 -0.6	0.1	0.36	167_E	[-11.81561111  27.81083333 -30.79527778]
0.02	 -0.11	-0.0	0.02	167_E	[ -9.05771429  27.31242857 -31.16195238]
0.15	 0.38	0.06	-0.29	168_V	[-13.83872222  21.34433333 -25.20655556]
0.02	 0.25	-0.08	-0.04	168_V	[-13.74428125  23.1244375  -27.08434375]
0.21	 1.19	0.22	-0.48	168_V	[-13.81092857  20.38107143 -26.77321429]
0.16	 0.87	0.12	-0.31	168_V	[-13.85515  22.4986  -29.65785]
0.08	 1.04	0.07	-0.36	169_W	[-10.034   17.7132 -19.361 ]
0.11	 1.1	0.11	-0.4	169_W	[ -9.962       17.01476923 -19.65338462]
0.09	 0.25	-0.01	-0.16	169_W	[ -9.72409677  18.32825806 -18.62548387]
0.09	 0.72	-0.0	-0.18	170_S	[-13.5435      27.66792857 -23.05757143]
-0.09	 -0.43	-0.02	0.12	170_S	[-12.19356757  28.2347027  -20.86105405]
-0.02	 0.63	-0.08	-0.15	170_S	[-11.07838889  28.72138889 -24.94      ]
-0.13	 -0.8	-0.0	0.24	170_S	[-12.76628571  27.92614286 -25.69814286]
-0.09	 0.23	0.03	0.04	170_S	[-10.83890323  29.16354839 -23.42858065]
0.22	 1.56	0.07	-0.34	170_S	[ -9.69454545  28.13754545 -25.993     ]
0.12	 1.0	0.22	-0.42	171_P	[-14.127       27.00533333 -22.96033333]
0.08	 1.04	0.12	-0.32	171_P	[-15.6546  26.0056 -20.2968]
0.12	 1.38	-0.1	-0.14	171_P	[-14.87088889  24.32166667 -19.35811111]
-0.19	 -0.6	0.03	0.25	171_P	[-14.29352632  26.36423684 -18.59631579]
0.01	 0.39	0.02	-0.1	171_P	[-15.49273913  23.42369565 -21.40434783]
-0.06	 -0.32	-0.13	0.11	171_P	[-15.477       23.95841176 -24.55594118]
0.11	 1.27	0.15	-0.42	171_P	[-14.29582353  25.87864706 -24.37282353]
-0.14	 -0.55	-0.01	0.2	171_P	[-15.31995833  26.92554167 -21.2265    ]
-0.0	 -0.02	-0.24	0.01	171_P	[-14.7262381   22.46919048 -21.04757143]
-0.26	 -0.82	0.14	0.45	171_P	[-16.51790909  24.56854545 -21.13186364]
-0.05	 -0.34	-0.1	0.14	171_P	[-15.00315789  22.59794737 -24.09915789]
-0.18	 -0.54	0.12	0.34	171_P	[-16.19855556  25.3377037  -23.91466667]
-0.15	 -0.93	-0.13	0.26	171_P	[-14.26063636  26.18772727 -25.08309091]
0.13	 2.17	-0.02	-0.24	172_V	[-11.849625  26.793875 -18.521875]
-0.12	 -0.35	-0.02	0.11	172_V	[-11.70076  25.871   -16.33432]
0.08	 0.98	0.54	-0.76	172_V	[-12.12855556  20.89411111 -16.447     ]
0.09	 0.96	-0.11	-0.1	172_V	[-13.69007407  20.7002963  -18.43844444]
-0.03	 -0.89	-0.08	0.05	172_V	[-13.53315789  24.06726316 -17.30578947]
0.09	 0.6	-0.01	-0.25	172_V	[-11.13876  20.44884 -16.7008 ]
0.14	 1.42	0.14	-0.43	172_V	[-12.823625   23.1446875 -16.0778125]
0.01	 0.46	-0.1	-0.15	172_V	[-12.523       19.57294118 -18.58788235]
-0.15	 -0.38	-0.29	0.24	172_V	[-14.15415625  21.67903125 -18.1323125 ]
0.09	 1.51	-0.14	-0.17	172_V	[-14.11771429  21.51742857 -20.38142857]
0.19	 1.42	0.06	-0.35	173_V	[ -9.8466  28.0216 -20.0064]
0.05	 0.45	-0.1	-0.07	173_V	[ -7.66621739  25.17834783 -15.19965217]
0.05	 0.38	-0.03	-0.02	173_V	[-10.23594118  27.53847059 -18.47070588]
0.2	 1.03	0.06	-0.28	173_V	[ -6.23044444  26.99094444 -17.83016667]
-0.01	 0.27	-0.17	-0.09	173_V	[ -6.21495652  24.47591304 -15.59569565]
-0.13	 -0.5	-0.01	0.24	173_V	[ -8.55365217  26.51478261 -15.79586957]
0.12	 1.35	0.04	-0.3	174_E	[ -9.372       28.64842857 -20.01728571]
0.1	 0.17	-0.02	-0.19	174_E	[ -4.48741667  28.99511111 -19.60519444]
0.05	 0.29	-0.09	-0.11	174_E	[ -7.79588889  31.12833333 -19.62222222]
-0.05	 -0.04	-0.11	-0.05	174_E	[ -6.38308333  32.97016667 -21.75704167]
-0.33	 -1.04	0.17	0.45	174_E	[ -7.82340541  33.60632432 -21.46318919]
-0.18	 -0.57	0.03	0.25	174_E	[ -4.7356129   33.125      -20.93412903]
-0.04	 -0.06	-0.1	0.06	174_E	[ -7.86681818  28.70440909 -18.55122727]
-0.18	 -0.43	-0.0	0.15	174_E	[ -9.01780952  30.18380952 -21.03461905]
-0.2	 -1.06	-0.01	0.2	174_E	[ -6.41553333  30.71386667 -19.2816    ]
-0.01	 0.16	-0.0	-0.06	174_E	[ -8.13157895  30.948      -23.082     ]
0.1	 1.05	0.03	-0.26	176_F	[ -1.15366667  27.67833333 -26.873     ]
0.21	 1.63	0.18	-0.44	176_F	[ -0.36244444  26.99       -27.05077778]
0.15	 1.24	0.08	-0.33	176_F	[  1.61857895  27.22168421 -24.75642105]
-0.05	 0.38	0.03	-0.07	176_F	[  0.546   29.809  -24.8894]
-0.05	 0.32	0.03	-0.06	176_F	[ -0.4886  31.213  -24.3518]
-0.12	 -0.36	0.02	-0.04	176_F	[ -1.22416667  31.49566667 -26.43605556]
-0.02	 -0.01	0.06	-0.15	176_F	[ -1.03629412  31.31423529 -23.13205882]
-0.05	 -0.05	-0.09	0.08	176_F	[ -2.60960714  32.60885714 -26.16378571]
-0.1	 -0.26	-0.09	0.15	176_F	[ -2.19433333  32.27986667 -22.41473333]
-0.05	 -0.08	0.08	-0.12	176_F	[ -3.48703846  33.00815385 -24.64323077]
0.18	 1.19	0.0	-0.27	176_F	[ -1.88690909  28.12890909 -27.01818182]
0.02	 -0.61	-0.06	-0.03	176_F	[  0.49447619  29.10219048 -23.19      ]
-0.06	 0.08	-0.13	-0.03	176_F	[  0.45532353  28.72835294 -26.29761765]
-0.13	 -0.37	-0.03	0.32	176_F	[ -1.78989286  30.47960714 -27.38178571]
-0.25	 -0.65	0.14	0.53	176_F	[ -3.09586364  32.89927273 -26.94618182]
0.05	 0.65	-0.05	-0.16	176_F	[ -3.15061111  31.37133333 -21.37922222]
-0.4	 -0.57	0.01	0.34	176_F	[ -4.53954545  33.44063636 -24.32559091]
0.08	 0.6	-0.14	-0.08	177_P	[ -0.22673684  25.25610526 -29.60484211]
0.04	 0.24	-0.03	-0.11	177_P	[ -2.64369444  26.38447222 -28.58005556]
0.06	 0.53	-0.03	-0.05	178_T	[  4.02483333  25.87216667 -29.37533333]
-0.07	 0.28	-0.06	-0.05	178_T	[  2.23840625  27.25334375 -27.795125  ]
0.12	 -0.16	0.01	-0.16	178_T	[  1.59611111  24.42466667 -30.37516667]
-0.08	 -0.07	0.03	0.01	178_T	[  4.47263636  25.27077273 -29.73327273]
-0.01	 0.1	-0.11	0.04	178_T	[  5.55126923  25.71546154 -27.23015385]
-0.26	 -1.09	0.24	0.43	178_T	[  3.90068421  27.69642105 -28.03463158]
-0.23	 -0.86	0.09	0.45	178_T	[  1.6852   26.80385 -29.4283 ]
0.18	 1.08	0.22	-0.47	178_T	[  2.57430769  26.84030769 -26.07869231]
-0.11	 -0.23	0.01	0.1	179_I	[  6.95635135  22.82232432 -30.55178378]
0.08	 0.64	0.05	-0.24	179_I	[  2.98266667  21.84333333 -33.51775   ]
0.1	 0.31	-0.03	-0.11	179_I	[  3.61892  23.47824 -31.2716 ]
-0.09	 -0.55	-0.18	0.05	179_I	[  5.39388235  21.70911765 -33.28505882]
0.12	 1.26	-0.03	-0.12	179_I	[  2.05316667  22.35766667 -32.6605    ]
0.17	 0.95	0.06	-0.31	179_I	[  2.483       21.41973333 -34.1934    ]
0.14	 1.19	0.12	-0.37	179_I	[  7.16582609  20.13278261 -32.22834783]
0.06	 0.47	-0.07	-0.11	180_D	[  9.00658824  20.57523529 -30.77341176]
-0.21	 -0.55	0.05	0.23	180_D	[ 10.78618919  20.41472973 -29.089     ]
0.04	 0.97	-0.17	-0.08	180_D	[  8.74464706  19.66276471 -26.23647059]
-0.03	 -0.06	-0.07	-0.05	180_D	[  7.8231875  22.6896875 -25.4606875]
-0.06	 0.57	-0.12	-0.05	180_D	[  7.31888571  20.71157143 -24.00582857]
0.1	 0.56	-0.03	-0.18	180_D	[  6.84546667  23.49946667 -26.93573333]
-0.09	 -0.51	-0.07	0.12	180_D	[  8.46842105  22.56173684 -28.65784211]
0.09	 0.88	0.05	-0.32	180_D	[  8.6237  18.4971 -26.6861]
-0.18	 -0.59	0.01	0.22	180_D	[  9.588       20.50852381 -26.65647619]
0.12	 1.93	0.12	-0.38	181_A	[  8.856    19.11625 -31.831  ]
0.05	 0.42	-0.13	-0.11	181_A	[ 10.94673529  16.26035294 -28.75755882]
-0.16	 -0.64	-0.11	0.21	181_A	[ 10.27717647  18.95394118 -31.69729412]
0.14	 1.22	-0.08	-0.22	181_A	[ 11.6785  16.3795 -31.0135]
-0.13	 -0.16	-0.1	0.22	181_A	[ 10.6674      17.64686667 -28.23653333]
0.13	 1.64	0.16	-0.44	182_K	[  9.7664  18.0078 -33.299 ]
0.13	 1.18	-0.0	-0.25	182_K	[ 11.13038462  15.19338462 -34.09715385]
0.04	 -0.01	-0.06	-0.14	182_K	[ 11.18084211  14.41563158 -35.47284211]
0.07	 0.91	-0.01	-0.22	182_K	[  8.906    18.74575 -34.671  ]
0.08	 0.73	0.06	-0.35	182_K	[  8.8066  19.3312 -35.407 ]
0.12	 0.28	0.02	-0.45	182_K	[  8.3394  20.414  -35.7152]
0.66	 0.78	0.06	-0.28	182_K	[  7.50276471  21.34382353 -38.15376471]
-0.06	 -0.62	-0.03	-0.03	182_K	[ 11.17526923  16.62661538 -32.63511538]
-0.07	 -0.23	-0.07	0.04	182_K	[ 10.09277273  17.5485     -35.17790909]
0.08	 0.84	-0.08	-0.09	182_K	[  8.36341176  19.04223529 -33.62229412]
-0.04	 -0.47	-0.02	0.03	182_K	[  9.20127778  18.68472222 -36.95472222]
-0.05	 0.02	0.06	-0.01	182_K	[  6.95230435  20.90556522 -34.83252174]
-0.15	 -0.25	-0.21	0.16	182_K	[  7.28772222  22.07833333 -36.8425    ]
-0.15	 -0.61	-0.2	0.34	182_K	[  8.56685185  20.27781481 -38.29722222]
0.11	 -0.13	-0.04	-0.19	183_E	[ 12.3299  14.6689 -32.6915]
-0.13	 -0.33	0.05	0.16	183_E	[ 13.35876  12.97124 -33.49324]
-0.08	 -0.32	-0.02	0.09	183_E	[ 13.13890625  14.687125   -30.36325   ]
0.05	 0.69	-0.1	-0.11	183_E	[ 11.6455     12.7376875 -34.9775625]
0.18	 1.54	0.22	-0.48	184_S	[ 11.11061538  11.32892308 -35.90769231]
0.09	 1.05	0.19	-0.45	184_S	[ 11.58463636   7.69954545 -34.34890909]
0.2	 1.28	0.08	-0.35	184_S	[ 10.92878571   6.25021429 -35.92407143]
-0.08	 -0.12	-0.04	0.04	184_S	[ 12.05306667   8.9621     -36.50773333]
0.06	 0.81	-0.09	-0.17	184_S	[ 12.08038235   9.82897059 -34.33132353]
-0.04	 -0.07	-0.0	-0.06	184_S	[ 12.45594737   9.56657895 -38.43421053]
0.06	 0.77	-0.05	-0.16	185_S	[ 11.39857143   5.02557143 -33.37104762]
0.15	 1.82	0.18	-0.4	185_S	[ 12.53778571   7.81942857 -32.93357143]
0.08	 0.71	0.02	-0.25	185_S	[ 11.04066667   3.8262     -32.40526667]
-0.12	 0.04	-0.06	0.05	185_S	[ 11.58128   5.65496 -34.24452]
-0.09	 0.21	-0.11	0.2	185_S	[ 13.78359091   6.33254545 -32.28113636]
0.07	 0.82	0.01	-0.25	186_A	[  9.80272727   5.49436364 -27.07663636]
0.2	 1.51	0.17	-0.39	186_A	[  9.56955556   6.50133333 -25.81222222]
-0.0	 0.82	-0.15	-0.03	186_A	[  7.74910526   4.39510526 -27.91815789]
0.11	 0.92	0.05	-0.4	186_A	[  8.55977193   4.77826316 -30.94259649]
0.09	 1.02	0.07	-0.35	186_A	[  8.765875   5.4955   -26.4435  ]
0.09	 0.97	-0.01	-0.21	186_A	[  5.9819375    5.2083125  -29.09096875]
-0.19	 -0.22	-0.28	0.22	186_A	[  8.8539697    4.16978788 -28.34018182]
0.13	 1.42	-0.17	-0.14	187_N	[ 14.93071429   7.21371429 -27.78214286]
0.08	 0.43	-0.12	-0.1	187_N	[ 14.7465625   7.4924375 -26.4058125]
0.06	 0.7	0.05	-0.28	187_N	[ 14.36561905   5.14338095 -28.58642857]
0.13	 0.03	-0.46	0.24	187_N	[ 12.59059259   3.38314815 -29.22781481]
-0.28	 -1.13	-0.06	0.44	187_N	[ 12.29845946   3.11813514 -27.54121622]
0.12	 0.69	0.33	-0.72	187_N	[ 12.28151163   3.01011628 -30.88811628]
0.08	 0.75	0.04	-0.27	187_N	[ 12.1103       5.2262     -26.63153333]
0.11	 0.96	0.01	-0.24	187_N	[ 14.38309091   6.16154545 -30.60781818]
-0.2	 -0.54	-0.04	0.29	187_N	[ 14.91073333   5.58533333 -28.39466667]
-0.25	 -0.66	-0.52	0.75	187_N	[ 12.42786207   1.93451724 -30.42844828]
-0.12	 -0.32	0.04	0.25	187_N	[ 13.67645   3.90625 -31.6242 ]
-0.12	 -0.36	-0.0	0.19	188_V	[ 14.97132432  10.85513514 -26.00678378]
-0.1	 -0.45	-0.03	0.18	188_V	[ 16.00813636  12.33877273 -29.76627273]
-0.05	 -0.15	-0.03	-0.08	188_V	[ 14.66676   9.39208 -32.1892 ]
-0.01	 -0.01	-0.0	-0.0	188_V	[ 15.52990909   8.80090909 -28.34418182]
-0.05	 -0.43	0.01	0.14	188_V	[ 15.38146154  12.57561538 -31.37461538]
-0.01	 -0.06	0.02	-0.01	188_V	[ 14.5383913   12.92504348 -28.35617391]
-0.27	 -1.03	0.24	0.46	188_V	[ 16.72725    11.1446875 -29.443125 ]
-0.08	 -0.64	-0.11	0.14	188_V	[ 14.30484211  10.50626316 -32.79373684]
-0.09	 -0.33	-0.1	0.16	188_V	[ 15.53166667   8.57806061 -30.75645455]
0.06	 1.36	0.19	-0.46	189_V	[ 12.08783333  12.31166667 -24.302     ]
0.09	 1.14	-0.12	-0.21	189_V	[ 11.3695    12.266375 -23.926125]
-0.03	 -0.13	-0.03	0.02	189_V	[ 11.60724528  13.92022642 -26.11515094]
-0.1	 -0.32	-0.07	0.07	189_V	[ 13.042       11.93483333 -24.48416667]
0.04	 0.8	-0.08	-0.18	190_Q	[ 11.8509  11.5766 -23.0946]
0.09	 0.72	0.01	-0.25	190_Q	[ 10.83777778  12.26644444 -22.55611111]
-0.14	 -0.5	0.02	0.17	190_Q	[ 11.07773333  11.35226667 -20.32226667]
-0.0	 1.46	-0.1	-0.09	190_Q	[ 11.91142857   8.968      -20.559     ]
0.07	 0.43	-0.21	0.04	190_Q	[ 10.84446429   5.92889286 -22.83121429]
-0.04	 0.39	-0.01	0.0	190_Q	[ 13.47170833   6.98833333 -23.01808333]
-0.26	 -1.03	0.16	0.41	190_Q	[ 14.00186486   7.014      -21.36108108]
-0.04	 0.58	-0.24	0.07	190_Q	[ 13.44546154   6.22315385 -24.68307692]
0.02	 0.18	0.02	-0.13	190_Q	[ 13.1345     10.2098125 -23.7351875]
-0.03	 -0.16	-0.06	0.06	190_Q	[ 12.77192857   9.74178571 -21.6885    ]
0.03	 -0.05	-0.07	-0.07	190_Q	[ 10.75740741   8.26655556 -20.22522222]
-0.02	 -0.02	-0.33	0.0	190_Q	[ 11.09795455   5.98145455 -21.45213636]
0.15	 1.15	0.14	-0.38	190_Q	[ 10.62261905   6.5667619  -24.60428571]
0.06	 -0.24	-0.2	-0.05	190_Q	[ 12.115375   5.8535   -24.935   ]
-0.23	 -0.25	0.07	0.24	190_Q	[ 14.74522581   6.39929032 -24.46974194]
-0.13	 -0.46	0.01	0.14	191_I	[  8.64682857  13.59408571 -18.96174286]
0.1	 0.89	-0.01	0.05	191_I	[  8.07666667  14.49066667 -22.397     ]
-0.03	 -0.25	-0.02	0.01	191_I	[  9.34580769  13.82511538 -21.67784615]
0.12	 1.18	0.14	-0.44	191_I	[  7.74358333  14.91341667 -22.25241667]
0.15	 0.55	-0.02	-0.23	191_I	[  8.7178125  14.396125  -23.6351875]
0.11	 0.45	-0.08	-0.16	192_V	[  9.69035714   9.33057143 -18.43664286]
0.2	 1.59	0.24	-0.51	192_V	[  9.316        7.40223077 -19.246     ]
0.07	 0.31	-0.04	0.08	192_V	[  7.07366667  11.65333333 -16.51033333]
0.16	 0.82	-0.13	-0.15	192_V	[  5.08909091  14.03331818 -17.73836364]
-0.02	 -0.07	0.03	-0.05	192_V	[  8.60109091  11.48854545 -17.29022727]
0.13	 1.33	0.03	-0.22	192_V	[  6.248       11.31785714 -15.6885    ]
-0.11	 -0.32	-0.26	0.36	192_V	[  6.1454   13.39748 -16.62468]
-0.0	 -2.76	-0.04	-0.01	193_A	[  9.4605     9.7055   -16.779125]
0.08	 1.63	-0.06	-0.18	193_A	[  9.98966667   8.47266667 -16.272     ]
-0.09	 -0.2	-0.21	0.1	193_A	[  8.44290909   7.63872727 -13.75136364]
-0.02	 -0.2	0.01	-0.01	193_A	[  7.8430625  10.0868125 -15.3160625]
-0.16	 -0.17	0.02	0.25	193_A	[ 10.093875     7.28975    -17.09416667]
-0.15	 -0.62	0.15	0.13	193_A	[  9.48584615   6.06676923 -14.48838462]
-0.28	 -0.72	0.17	0.42	193_A	[  9.67909091   8.6665     -14.43459091]
0.08	 0.21	-0.08	-0.12	193_A	[  6.988        7.19069231 -13.63492308]
0.08	 1.03	0.01	-0.24	194_Q	[  5.54215385   2.44207692 -16.72861538]
0.17	 2.62	0.09	-0.35	194_Q	[  4.1832       2.39633333 -17.82806667]
0.01	 0.6	-0.04	-0.1	194_Q	[  7.45358824   1.95170588 -17.66305882]
0.0	 0.15	-0.08	-0.12	194_Q	[  9.90340909   3.55781818 -19.59945455]
-0.2	 -0.74	-0.1	0.18	194_Q	[  9.49183333   2.06983333 -21.2015    ]
-0.12	 -0.41	0.02	0.2	194_Q	[  7.28732432   1.30367568 -21.31310811]
-0.11	 -0.12	-0.06	0.11	194_Q	[  9.87706667   3.54466667 -22.20446667]
0.07	 0.13	-0.07	-0.09	194_Q	[  9.36143478   4.82982609 -16.74769565]
-0.17	 -0.52	-0.05	0.18	194_Q	[  8.1899   2.6991 -16.4762]
0.01	 -0.26	0.03	-0.03	194_Q	[  6.31792308   1.90769231 -18.34207692]
0.07	 0.4	0.01	-0.19	194_Q	[  9.60869565   5.59017391 -19.48295652]
-0.22	 -0.71	0.13	0.35	194_Q	[ 10.04592308   2.60119231 -18.94653846]
0.02	 -0.01	-0.32	0.06	194_Q	[ 10.256     4.48725 -21.79175]
0.02	 0.07	0.05	0.08	194_Q	[  8.52652174   3.29073913 -23.18626087]
0.05	 1.0	0.07	-0.19	195_N	[  5.08         2.224      -15.88666667]
0.11	 0.87	-0.06	-0.25	195_N	[  4.15375    5.576125 -13.037125]
-0.03	 0.07	-0.13	-0.03	195_N	[  2.17245455   4.39057576 -12.92918182]
0.01	 0.31	-0.12	-0.05	195_N	[  4.88347368   1.76794737 -13.43757895]
0.02	 0.29	-0.08	-0.08	195_N	[  6.33394737   4.66310526 -13.22276316]
-0.05	 0.21	-0.13	-0.06	195_N	[  7.90282353   4.89164706 -13.43558824]
-0.12	 -0.36	-0.03	0.19	195_N	[  6.18704   3.712   -11.3894 ]
0.03	 0.23	-0.09	-0.08	195_N	[  3.757        2.04314286 -16.02107143]
-0.16	 -0.61	-0.14	0.18	195_N	[  3.94092857   2.40192857 -12.73642857]
-0.17	 -0.52	-0.03	0.31	195_N	[  5.95544444   1.72840741 -14.8392963 ]
-0.32	 -1.03	0.14	0.58	195_N	[  7.3146    4.54748 -11.17976]
-0.33	 -1.23	0.27	0.52	195_N	[  5.33744444   2.98138889 -10.95783333]
0.18	 1.39	0.23	-0.5	196_E	[  4.73425      6.75208333 -13.71866667]
0.04	 0.47	-0.14	0.03	196_E	[  4.29625   8.74825 -12.1665 ]
-0.02	 -0.03	-0.03	-0.01	196_E	[  5.62998077   9.64632692 -13.00665385]
-0.14	 -0.19	-0.11	0.14	196_E	[  2.1624       9.56711429 -12.32734286]
0.05	 0.44	-0.18	-0.02	196_E	[  3.36168182   7.12345455 -12.91404545]
0.25	 1.3	0.44	-0.66	197_I	[  0.060375   9.613375 -14.334   ]
-0.08	 -0.0	-0.13	0.0	197_I	[  0.068        5.22816667 -11.91283333]
0.07	 1.47	0.06	-0.38	197_I	[ -3.352        5.04185714 -12.99614286]
-0.15	 -0.5	-0.0	0.19	197_I	[ -2.1445       7.13476667 -10.4323    ]
0.17	 1.26	0.12	-0.44	197_I	[  0.77872   8.10416 -13.14568]
0.19	 1.81	0.09	-0.37	197_I	[ -1.129625   8.862625 -12.780125]
-0.06	 0.38	-0.03	-0.01	197_I	[ -1.46787097   4.5803871  -12.71374194]
-0.11	 -0.25	-0.25	0.04	197_I	[  0.719625    6.8100625 -11.98375  ]
0.19	 1.24	0.02	-0.31	197_I	[ -4.593625    7.529875  -12.7675625]
0.09	 0.39	0.03	-0.2	197_I	[ -3.2266087    4.5113913  -14.82847826]
-0.24	 -0.88	0.29	0.44	197_I	[-1.0143913   5.86108696 -9.97213043]
-0.12	 -0.23	-0.28	0.43	197_I	[ -1.34048148   8.50433333 -11.11362963]
-0.12	 -0.52	-0.2	0.21	197_I	[ -3.72146667   6.34963333 -11.31006667]
0.17	 0.94	0.01	-0.24	200_M	[ -5.44263158   3.49163158 -26.00884211]
0.1	 1.42	0.16	-0.44	200_M	[ -2.6429   3.539  -29.2036]
-0.03	 0.03	-0.27	0.05	200_M	[ -4.39182143   3.30564286 -28.72603571]
0.21	 1.74	0.28	-0.54	202_V	[ -7.80530769   3.50207692 -30.47323077]
0.02	 0.55	0.01	-0.15	202_V	[ -6.9676875    3.76771875 -28.719875  ]
0.15	 1.17	0.37	-0.62	204_E	[-12.70711111   8.71166667 -37.85072222]
0.07	 0.98	-0.02	-0.23	204_E	[-10.13033333   3.7425     -36.77244444]
-0.1	 -0.13	-0.18	0.06	204_E	[-12.53354545   3.10936364 -35.96663636]
-0.08	 0.14	-0.16	0.08	204_E	[-14.208875     5.16077083 -36.23272917]
-0.16	 -0.43	-0.13	0.17	204_E	[-12.19413793   2.65786207 -37.75286207]
0.22	 1.53	0.25	-0.51	204_E	[-13.00955   6.4962  -34.01905]
0.19	 1.52	0.24	-0.5	204_E	[ -9.22638462   4.38369231 -37.36915385]
0.12	 0.79	0.01	-0.24	204_E	[-10.54382353   3.25917647 -34.95923529]
0.09	 0.76	-0.18	-0.1	206_I	[-13.47107143   6.12007143 -44.74007143]
0.06	 1.07	0.04	-0.22	206_I	[-13.58845833   6.82633333 -39.26154167]
-0.08	 -0.1	-0.02	0.04	206_I	[-13.30011538   4.57380769 -42.01815385]
-0.1	 0.0	-0.16	0.13	206_I	[-14.47292308   6.15919231 -43.84884615]
0.11	 1.26	0.29	-0.55	206_I	[-13.41725      7.58383333 -45.49358333]
0.13	 1.18	0.04	-0.23	206_I	[-11.75258824   4.91541176 -44.05758824]
0.05	 0.79	0.02	-0.09	206_I	[-13.36885714   4.20078571 -39.60028571]
-0.08	 0.23	-0.15	0.08	206_I	[-14.28405263   6.84555263 -39.52081579]
0.17	 1.4	0.21	-0.47	207_I	[ -8.37405   7.77955 -48.5706 ]
0.12	 0.8	-0.16	-0.18	207_I	[ -7.8934      11.4113     -48.29553333]
-0.07	 0.48	-0.15	0.03	207_I	[ -8.481       10.02207407 -48.49492593]
0.16	 1.42	0.23	-0.49	207_I	[ -9.8492      11.46726667 -47.4528    ]
0.13	 0.47	-0.0	-0.23	208_G	[-10.6342       9.94726667 -47.74093333]
-0.05	 -0.32	-0.05	-0.01	208_G	[-11.61818182   8.47095455 -49.01268182]
-0.05	 -0.13	-0.08	0.08	208_G	[-12.28038462   5.38861538 -48.84176923]
-0.07	 -0.09	0.04	0.03	208_G	[-12.73892593   5.42166667 -46.41074074]
0.19	 1.25	0.06	-0.34	208_G	[-12.86646667   9.27686667 -46.29366667]
-0.19	 -0.41	0.06	0.3	208_G	[-13.01117857   8.07585714 -47.94871429]
-0.11	 -0.09	-0.18	0.16	208_G	[-10.34243478   7.75208696 -49.79617391]
0.1	 1.45	0.05	-0.32	209_H	[-11.2513   5.5488 -49.8435]
0.07	 1.32	0.12	-0.43	209_H	[-11.152    3.3977 -48.5486]
0.11	 2.0	0.0	-0.25	209_H	[ -7.99816667   2.58416667 -47.50016667]
-0.08	 0.13	-0.4	0.26	209_H	[ -9.76187234   2.59387234 -45.54221277]
-0.09	 -0.06	0.01	0.0	209_H	[-10.0745625   2.2636875 -49.88725  ]
-0.12	 0.02	-0.08	0.12	209_H	[ -8.37371429   3.158      -51.36071429]
0.01	 0.92	-0.01	-0.06	209_H	[ -7.16842857   3.17728571 -50.36214286]
-0.19	 -0.42	-0.07	0.16	209_H	[ -9.19486957   5.06230435 -52.291     ]
0.03	 0.4	-0.03	-0.11	209_H	[ -6.40981818   5.43906061 -51.11412121]
0.03	 1.01	-0.02	-0.15	209_H	[ -7.96007692   6.63592308 -51.39838462]
-0.22	 -1.17	-0.06	0.26	209_H	[-11.66666667   3.26105556 -47.87222222]
-0.25	 -0.84	0.08	0.36	209_H	[ -9.05121053   1.91742105 -49.19015789]
-0.17	 -0.41	0.11	0.26	209_H	[-11.1372    3.31664 -50.46852]
0.06	 -0.02	-0.13	-0.07	209_H	[ -6.18167857   3.53296429 -49.08685714]
-0.18	 -0.62	0.06	0.33	209_H	[-10.4597037    5.49603704 -51.8932963 ]
-0.13	 -0.02	-0.2	0.18	209_H	[ -6.96434375   6.94940625 -52.9855625 ]
0.09	 0.66	-0.09	-0.16	210_S	[ -3.98934783   3.90130435 -45.70378261]
-0.02	 -0.46	-0.06	0.04	210_S	[ -6.46531579   2.90978947 -46.48763158]
0.13	 1.01	0.13	-0.54	211_R	[ -7.81942857   2.77142857 -44.07285714]
-0.02	 0.09	-0.06	-0.04	211_R	[ -5.673        2.24054167 -41.1075    ]
0.12	 1.54	0.21	-0.48	211_R	[ -8.28025    2.424375 -42.927   ]
0.08	 1.88	-0.09	-0.13	211_R	[ -8.33022222   2.37211111 -39.53033333]
0.03	 -0.13	-0.1	0.01	211_R	[-11.93527273   2.09363636 -41.49718182]
0.03	 0.83	-0.03	-0.14	211_R	[-10.68657143   1.30385714 -39.68592857]
-0.09	 -0.4	-0.03	0.07	211_R	[-10.6318   -0.32924 -40.58036]
-0.09	 -0.3	0.01	0.13	211_R	[-10.5249      -0.177      -42.48863333]
-0.17	 0.12	0.02	0.18	211_R	[-10.376375    -1.33270833 -39.40891667]
0.01	 -0.11	-0.01	0.02	211_R	[ -6.14145833   2.84283333 -43.86966667]
0.19	 1.39	0.16	-0.38	211_R	[ -9.57612903   3.12906452 -43.70045161]
-0.01	 0.01	-0.12	-0.04	211_R	[ -8.06507692   1.619      -41.07238462]
0.12	 0.92	0.03	-0.26	211_R	[ -8.87883333   3.56783333 -38.748     ]
0.08	 0.5	-0.05	-0.12	211_R	[-12.23163636   3.01654545 -40.59445455]
0.03	 0.34	-0.1	-0.03	211_R	[-11.154        2.63552941 -42.82429412]
-0.05	 -0.17	-0.22	0.16	211_R	[-10.60603846   1.57511538 -38.54761538]
-0.13	 -0.44	-0.17	0.19	211_R	[ -9.81336364   0.7995     -43.22559091]
-0.32	 -1.56	0.33	0.59	211_R	[-10.32415  -1.67905 -42.64045]
-0.26	 -1.04	0.18	0.48	211_R	[-10.70416  -0.77916 -38.41004]
-0.3	 -1.13	0.17	0.47	211_R	[-10.49516667  -2.43158333 -40.46916667]
0.07	 0.48	0.01	-0.13	212_G	[ -6.00476923   3.25503846 -38.52465385]
0.08	 0.66	-0.06	-0.17	213_M	[ -8.0525    3.89625 -36.49825]
0.01	 0.71	-0.08	-0.04	213_M	[ -8.744625    2.7389375 -34.7591875]
-0.06	 -0.13	0.02	0.04	213_M	[ -6.32871875   1.98340625 -32.65615625]
0.02	 0.07	-0.05	-0.08	213_M	[ -6.34654545   3.05086364 -36.24768182]
-0.2	 -0.15	-0.08	0.22	213_M	[ -7.30666667   1.92992593 -31.71866667]
-0.17	 -0.64	0.07	0.28	213_M	[ -5.74133333   1.7215     -34.55129167]
0.04	 0.17	-0.12	-0.08	213_M	[ -4.8945       3.62566667 -31.992     ]
0.18	 1.53	0.09	-0.34	215_N	[ -3.58129412   4.57664706 -30.29835294]
0.13	 0.96	0.08	-0.33	215_N	[ -2.5690303    4.72709091 -32.193     ]
0.19	 1.33	0.26	-0.51	220_V	[ -1.218       13.29266667 -12.39841667]
0.02	 0.45	-0.06	-0.14	220_V	[ -4.0663913   12.50091304 -11.60365217]
-0.01	 0.4	-0.03	-0.18	220_V	[ -1.1226      10.7733     -12.97693333]
-0.1	 0.9	-0.06	0.0	220_V	[ -4.71843333  11.2469     -11.91543333]
0.07	 0.73	-0.1	-0.1	220_V	[ -2.40781818  13.21645455 -11.48572727]
0.14	 1.45	0.12	-0.39	220_V	[ -3.85034783   9.11169565 -12.75991304]
0.03	 -0.52	-0.19	-0.07	221_I	[ -0.20157143  12.538      -12.79928571]
0.09	 1.91	0.06	-0.29	221_I	[  0.84328571  13.16914286 -12.13714286]
-0.07	 -0.56	-0.02	0.08	221_I	[  1.3312093   16.93553488 -12.86593023]
0.07	 0.95	0.12	-0.41	221_I	[  1.5245   12.6745  -12.16275]
-0.04	 0.0	-0.06	-0.05	221_I	[  2.62108333  14.45925    -11.26016667]
0.1	 1.06	0.01	-0.28	221_I	[  4.5567  14.3858 -15.0079]
-0.18	 -0.96	-0.07	0.25	221_I	[  4.87786364  12.65595455 -10.79345455]
0.14	 1.33	0.06	-0.3	221_I	[  0.23669231  14.60396154 -11.68284615]
0.13	 1.03	0.06	-0.27	221_I	[  1.22444444  11.91038889 -12.80638889]
-0.21	 -0.31	0.06	0.18	221_I	[  4.05842105  15.42005263 -12.26431579]
-0.19	 -0.38	-0.29	0.25	221_I	[  1.83786957  14.24726087 -10.91304348]
0.02	 0.55	-0.09	-0.1	221_I	[  5.29470588  12.81858824 -14.38741176]
-0.07	 -0.24	-0.11	0.25	221_I	[  4.02431818  15.26495455 -15.20027273]
-0.25	 -0.87	0.27	0.43	221_I	[  4.71636364  13.65486364 -10.09563636]
-0.08	 0.06	-0.01	0.05	221_I	[  3.38273684  11.44968421 -10.98289474]
-0.12	 -0.57	0.08	0.18	221_I	[  5.70325    12.7196875 -12.497375 ]
0.17	 0.86	-0.16	-0.1	222_S	[  0.03922222  18.50933333 -14.73611111]
0.13	 0.31	0.1	-0.27	222_S	[ -0.68005556  19.55661111 -15.32794444]
0.15	 0.91	0.26	-0.36	222_S	[  3.54396154  15.67396154 -17.692     ]
0.02	 0.92	0.0	-0.19	222_S	[  2.192       17.916      -15.60716667]
0.06	 1.26	0.13	-0.28	224_E	[ -4.02446154  19.33230769 -10.35869231]
0.14	 0.93	0.06	-0.3	224_E	[ -6.09395833  18.421375   -10.43516667]
0.09	 0.67	-0.09	-0.26	224_E	[ -1.284       17.28454545 -11.39809091]
0.03	 0.62	0.04	-0.28	224_E	[ -5.14424  15.94788 -10.57096]
-0.12	 -0.3	-0.2	0.12	224_E	[-2.88253571 14.81267857 -9.17735714]
-0.19	 -0.17	0.02	0.2	224_E	[-1.03159091 15.21906818 -9.70952273]
-0.3	 -0.95	0.21	0.46	224_E	[-3.87485  14.904175 -7.876975]
0.17	 0.61	0.06	-0.18	224_E	[ -1.36425    18.3933125 -13.3005   ]
0.16	 1.46	0.25	-0.52	224_E	[ -0.97975   16.518125 -11.37175 ]
-0.13	 0.16	-0.09	0.17	224_E	[ -2.354       18.52085714 -10.55033333]
-0.21	 -0.19	-0.25	0.28	224_E	[-5.20252941 17.05752941 -9.67229412]
-0.07	 0.36	-0.02	0.19	224_E	[ -5.045       14.39066667 -11.02453333]
0.07	 0.58	-0.06	-0.28	225_S	[ -3.00116667  20.324      -11.04483333]
0.04	 0.54	-0.02	-0.16	225_S	[ -3.5772  20.9084 -10.6132]
0.14	 1.08	0.04	-0.31	225_S	[ -5.39569231  23.12846154 -14.10292308]
0.02	 0.4	-0.1	-0.03	225_S	[ -7.18075862  23.36168966 -12.72727586]
0.07	 1.12	0.11	-0.37	225_S	[ -3.42822222  23.01688889 -12.25966667]
-0.15	 -0.66	-0.07	0.23	225_S	[ -4.43377419  23.72870968 -11.17277419]
0.09	 0.65	0.02	-0.23	225_S	[ -2.236       20.38791304 -13.2633913 ]
-0.07	 -0.99	0.0	0.07	225_S	[ -5.1111875  21.2145625 -10.0900625]
-0.18	 -0.56	0.0	0.4	225_S	[ -2.02538095  22.01152381 -11.61419048]
0.14	 0.93	-0.12	-0.07	225_S	[ -3.89825     23.65025    -13.81766667]
-0.38	 -0.88	0.05	0.51	225_S	[ -2.90479167  24.6065     -11.71529167]
0.23	 1.68	0.12	-0.39	226_I	[-10.1649375  19.5753125 -15.2554375]
0.24	 1.26	0.45	-0.66	226_I	[ -4.90786364  23.12195455 -15.58131818]
0.2	 1.07	0.11	-0.36	226_I	[ -9.05866667  18.90127778 -16.91661111]
0.07	 1.42	0.35	-0.6	227_L	[ -8.8996  17.3636 -11.0998]
0.06	 0.7	-0.12	-0.13	227_L	[-11.59903846  17.85423077 -12.71161538]
0.1	 0.68	-0.07	-0.25	227_L	[ -7.19752632  16.35668421 -11.54647368]
0.12	 0.98	0.36	-0.63	227_L	[ -6.3472      14.40893333 -11.92646667]
0.11	 0.8	-0.02	-0.16	227_L	[-10.10088889  17.60772222 -14.8715    ]
0.11	 0.31	0.03	-0.18	227_L	[ -8.37091667  16.41158333 -11.33058333]
-0.01	 0.01	-0.13	-0.03	227_L	[ -7.08386207  13.7387931  -11.91403448]
0.13	 0.71	0.1	-0.27	227_L	[ -9.82391667  15.86747222 -16.17613889]
0.09	 1.56	0.16	-0.42	228_S	[ -8.35938889  17.94994444 -10.85288889]
0.09	 1.9	0.06	-0.29	228_S	[ -9.1615   17.96475 -10.26275]
0.18	 2.25	0.0	-0.24	228_S	[-11.15707143  20.97764286 -11.01471429]
-0.19	 -0.93	0.11	0.28	228_S	[-11.71454054  21.59478378  -9.86367568]
-0.07	 0.21	0.11	-0.12	228_S	[-8.18930435 20.80356522 -8.64321739]
-0.11	 -0.5	-0.06	0.17	228_S	[-8.03583333 22.46276667 -9.9947    ]
-0.14	 -0.23	-0.18	0.17	228_S	[-10.43352381  18.18942857  -9.9907619 ]
-0.27	 -0.56	0.09	0.39	228_S	[-9.49536364 20.83963636 -8.21740909]
-0.12	 -0.19	0.03	0.15	228_S	[-7.35580769 19.27423077 -9.16173077]
0.08	 1.95	0.13	-0.46	229_K	[-12.86033333  23.39033333 -12.781     ]
-0.2	 -0.59	-0.16	0.23	229_K	[-13.52526471  22.09508824 -14.21723529]
-0.13	 -0.43	-0.09	0.21	229_K	[-12.84454545  19.80007273 -13.89116364]
-0.05	 -0.01	0.02	0.03	229_K	[-10.87948214  24.18492857 -13.465625  ]
-0.25	 -0.27	-0.09	0.28	229_K	[-12.53311765  22.86511765 -11.33558824]
