-0.23	 -0.78	0.1	0.35	0_A	[-12.713     20.57045   38.012925]
-0.13	 -0.59	-0.02	0.15	0_A	[-13.54647619  18.72461905  39.9792381 ]
0.11	 1.42	0.25	-0.53	0_A	[-16.75714286  18.97228571  38.33371429]
-0.13	 -0.43	0.06	0.16	0_A	[-15.84154545  19.15413636  36.36077273]
-0.21	 -1.19	0.03	0.3	0_A	[-15.73992405  20.53963291  39.85349367]
0.0	 0.01	0.07	-0.08	1_V	[-14.517       16.64786207  39.348     ]
-0.06	 0.04	-0.32	0.03	1_V	[-15.33161111  14.77361111  39.04661111]
0.01	 0.24	-0.01	-0.06	1_V	[-16.37703571  16.69407143  34.47271429]
0.02	 0.29	-0.03	-0.01	1_V	[-17.9205     17.6840625  37.771375 ]
-0.17	 -0.75	0.01	0.23	1_V	[-18.63483333  14.68671667  37.42721667]
-0.25	 -1.1	0.08	0.33	1_V	[-18.04331746  16.20719048  40.3068254 ]
-0.01	 0.41	-0.1	-0.05	2_Y	[-17.8111      13.57863333  34.77026667]
0.07	 0.69	-0.03	-0.17	2_Y	[-15.99265385  10.65588462  34.47865385]
0.02	 0.4	-0.01	-0.12	2_Y	[-13.15360714  13.56689286  37.84817857]
-0.15	 -0.47	-0.01	0.21	2_Y	[-16.71525714  10.1924      36.48262857]
-0.12	 -0.51	-0.07	0.14	2_Y	[-14.39512245  11.8147551   39.15834694]
0.05	 0.77	-0.07	-0.14	2_Y	[-14.97677273  10.29009091  38.32090909]
-0.28	 -0.9	0.11	0.42	2_Y	[-15.94464444   9.13793333  38.99135556]
-0.1	 -0.18	-0.08	0.12	3_P	[-18.0429375  15.1436875  32.2864375]
0.14	 1.13	-0.09	-0.18	3_P	[-17.83572727  11.99672727  32.85809091]
0.11	 0.5	-0.07	-0.16	3_P	[-16.41208696  10.85013043  31.85508696]
-0.04	 -0.46	0.0	-0.01	3_P	[-17.30704651  15.6845814   30.2502093 ]
0.16	 1.3	0.13	-0.37	3_P	[-15.21276923  17.10076923  30.69107692]
0.17	 1.27	0.09	-0.34	3_P	[-15.0816      16.5322      32.47266667]
-0.08	 -0.32	-0.15	0.06	4_K	[-19.37247826  13.10873913  31.23178261]
-0.15	 -0.0	-0.05	0.12	4_K	[-18.84907143  10.32321429  31.51571429]
0.1	 0.19	0.05	-0.25	4_K	[-19.0776      12.39223333  27.81986667]
-0.29	 -1.43	0.18	0.44	4_K	[-21.289375    11.28282143  30.63205357]
0.09	 0.12	0.08	-0.21	5_K	[-17.26566667   9.37233333  29.89054167]
-0.14	 -0.3	-0.02	0.14	5_K	[-20.38990244   8.99621951  27.15668293]
-0.08	 -0.47	-0.05	0.06	5_K	[-17.9385       7.31911538  29.13303846]
0.07	 0.69	0.02	-0.22	5_K	[-18.4824375   6.4059375  26.0459375]
-0.05	 -0.32	-0.13	0.05	5_K	[-17.14988   5.08156  28.75788]
0.04	 0.14	-0.05	-0.09	5_K	[-18.422        4.29966667  26.34029167]
0.0	 -0.03	0.09	-0.02	5_K	[-15.76025      3.06353571  28.38796429]
-0.03	 0.26	-0.15	-0.01	6_T	[-20.69575      9.6525      24.68133333]
0.1	 0.98	-0.01	-0.18	6_T	[-19.4079   7.3897  24.5336]
-0.19	 -0.89	0.05	0.27	6_T	[-20.54745455   8.10084848  22.54418182]
0.04	 0.14	0.01	-0.13	6_T	[-19.5853913   11.76465217  22.62830435]
-0.17	 -0.63	0.04	0.21	6_T	[-19.52981481  12.98546296  24.87724074]
0.16	 1.12	0.06	-0.34	7_H	[-18.747        6.30452941  23.23223529]
0.13	 1.45	0.26	-0.51	7_H	[-17.95763636   5.54745455  24.11563636]
0.01	 -0.49	-0.03	-0.02	7_H	[-19.03080645   7.77483871  18.73506452]
-0.04	 -0.11	0.01	0.02	7_H	[-19.10252778  11.59397222  20.04088889]
-0.17	 -0.89	-0.01	0.24	7_H	[-19.84882609   9.8023913   18.5793913 ]
0.08	 0.56	0.03	-0.23	8_W	[-16.26683333   1.24223333  21.9433    ]
-0.09	 0.2	-0.03	0.15	8_W	[-17.71171429   0.69        22.64385714]
-0.07	 -0.17	-0.06	0.04	8_W	[-19.36679545   2.86847727  23.0425    ]
0.01	 0.58	0.14	-0.26	8_W	[-17.59835294  -0.34176471  24.36288235]
-0.18	 -1.04	0.03	0.27	8_W	[-20.1819697    1.87736364  25.03730303]
0.01	 0.52	0.05	-0.13	8_W	[-19.03869231   0.89938462  25.31053846]
-0.03	 0.47	-0.18	0.02	8_W	[-15.36357895  -0.63757895  24.31626316]
-0.19	 -1.12	0.09	0.31	8_W	[-19.37158974   0.34279487  26.97812821]
-0.07	 0.07	-0.11	0.02	8_W	[-15.545175  -1.005275  26.675025]
-0.23	 -1.22	0.1	0.32	8_W	[-17.6245      -0.79752632  27.82118421]
0.15	 0.68	0.1	-0.32	9_T	[-10.9091       3.91913333  18.46246667]
0.22	 1.21	0.13	-0.39	9_T	[-11.21963333   0.49693333  22.02293333]
0.19	 1.27	0.36	-0.6	10_A	[-13.55738462   1.312       21.43307692]
-0.01	 0.62	-0.15	-0.01	10_A	[-12.10153846   1.47046154  17.449     ]
0.13	 1.7	0.05	-0.33	10_A	[-14.0344375   2.3614375  17.1924375]
-0.11	 -0.27	-0.01	0.04	10_A	[-14.42097561   2.19926829  16.03368293]
-0.19	 -0.56	-0.02	0.29	10_A	[-13.97493333  -0.16784     19.23382667]
-0.0	 0.16	-0.1	-0.02	11_E	[-16.66886667   3.72446667  16.3988    ]
0.07	 0.37	-0.02	-0.13	11_E	[-16.73228571   6.62925     15.98221429]
0.07	 0.13	0.06	-0.16	11_E	[-18.16513333   5.43593333  17.7156    ]
-0.09	 -0.53	-0.01	0.07	11_E	[-17.98477143   2.49171429  18.31288571]
-0.0	 0.06	-0.14	-0.03	11_E	[-19.32343478   4.17747826  19.58313043]
0.01	 0.46	-0.05	-0.15	11_E	[-19.45508333   5.27295833  21.47554167]
-0.28	 -1.07	0.11	0.45	11_E	[-20.523775   3.057825  19.684925]
-0.02	 0.3	-0.1	-0.05	12_I	[-11.12879412   4.87976471  15.29882353]
0.22	 1.53	0.31	-0.55	12_I	[-10.40961111   6.18133333  17.91744444]
0.17	 1.39	0.07	-0.33	13_T	[-11.76927273   5.40736364  13.10054545]
-0.05	 0.01	-0.09	-0.01	13_T	[-14.10347619   5.90552381  11.02638095]
0.06	 0.22	-0.01	-0.13	13_T	[-16.08465517   7.38489655  12.58006897]
-0.17	 -0.97	0.03	0.25	13_T	[-14.66914286   4.07734694  13.14871429]
0.02	 0.44	-0.15	-0.09	14_P	[-12.969   10.0526   8.6132]
0.06	 -0.36	-0.02	-0.14	14_P	[-12.87265217  11.8813913    9.2003913 ]
-0.15	 -0.36	0.05	0.15	14_P	[-10.68480556   8.93238889   8.28219444]
-0.17	 -0.3	-0.04	0.17	14_P	[-9.7235      6.7260625   8.93640625]
-0.08	 -0.76	-0.01	0.06	14_P	[-11.82739286   5.83396429  10.49039286]
0.07	 0.51	-0.06	-0.19	15_N	[-13.96664706   8.34211765   9.42717647]
-0.05	 -0.06	-0.12	-0.01	15_N	[-15.17275    10.9655      8.6378125]
0.11	 1.44	-0.07	-0.2	15_N	[-16.46305263  11.15789474  11.42573684]
-0.16	 -0.53	-0.1	0.16	15_N	[-16.81204878  12.5844878   10.94085366]
-0.1	 -0.39	-0.03	0.09	15_N	[-16.409725   8.343725  10.02205 ]
-0.09	 -0.14	-0.07	0.1	15_N	[-17.80973333   9.79626667   8.15806667]
-0.24	 -0.95	0.15	0.36	15_N	[-17.29981579  10.97784211   7.45805263]
-0.28	 -1.13	0.17	0.42	15_N	[-19.21058824   9.53115686   9.36964706]
0.18	 1.54	0.03	-0.34	16_L	[-16.9557  12.7328  13.2784]
0.23	 1.88	0.19	-0.46	16_L	[-15.73536364  14.17181818  12.58490909]
0.03	 0.24	-0.05	-0.13	16_L	[-16.81145   9.2421   14.18675]
0.17	 1.61	0.07	-0.32	16_L	[-17.2659   8.5447  16.5363]
-0.1	 -0.25	-0.01	0.08	16_L	[-18.30210169  11.32340678  15.77937288]
-0.13	 -0.32	-0.11	0.16	17_H	[-14.75672222  16.02405556  11.48802778]
-0.04	 -0.29	-0.02	-0.04	17_H	[-13.19591667  14.01566667   9.83045833]
0.08	 1.69	-0.07	-0.06	17_H	[-10.64871429  14.86371429   8.94842857]
-0.18	 -0.8	0.02	0.26	17_H	[-11.84202632  17.17560526   9.33434211]
-0.02	 0.19	-0.02	-0.04	17_H	[-8.577      16.69246512 10.3014186 ]
-0.23	 -0.94	0.09	0.35	17_H	[-9.8676129 18.1586129  9.847    ]
-0.1	 -0.49	-0.08	0.1	18_G	[-12.59063636  18.55665909  13.31725   ]
0.05	 0.45	-0.02	-0.06	18_G	[-15.38486667  17.81966667  14.12506667]
-0.13	 -0.71	0.08	0.21	18_G	[-14.60509677  19.37919355  15.84603226]
-0.07	 0.05	-0.1	0.06	19_S	[-16.771       17.2866      16.32606667]
0.0	 0.04	-0.06	-0.07	19_S	[-17.309375    14.55166667  17.29508333]
-0.16	 -0.52	0.05	0.2	19_S	[-17.3584      15.15525714  14.4004    ]
0.05	 -0.18	0.01	-0.08	20_E	[-16.21321053  17.71136842  18.45852632]
0.09	 1.73	0.01	-0.31	20_E	[-16.43742857  15.55128571  22.33485714]
-0.09	 0.02	-0.08	0.09	20_E	[-17.59        14.65107317  20.63002439]
-0.11	 -0.75	-0.06	0.12	20_E	[-16.48131034  18.51386207  20.50910345]
0.08	 0.98	0.03	-0.24	20_E	[-15.95084615  16.61080769  23.41623077]
0.05	 0.71	0.08	-0.26	20_E	[-15.40829167  20.04770833  23.12825   ]
-0.2	 -0.64	-0.03	0.31	20_E	[-16.94280851  19.3273617   23.75068085]
-0.08	 0.05	-0.18	0.12	20_E	[-13.58060345  20.12574138  23.24181034]
0.15	 1.4	0.16	-0.41	21_V	[-16.59435714  14.2755      22.82657143]
0.19	 1.66	0.24	-0.49	21_V	[-16.0554375  14.4036875  23.9248125]
0.18	 1.57	0.29	-0.55	21_V	[-16.83041176  12.84905882  18.693     ]
0.07	 -0.0	-0.08	-0.13	22_V	[-16.64823333  14.8544      26.19376667]
0.0	 0.63	-0.12	-0.08	24_A	[-12.7595     4.778875  30.29725 ]
0.14	 0.82	0.02	-0.15	24_A	[-13.52127273   3.95954545  28.98527273]
-0.06	 0.06	-0.03	-0.04	24_A	[-14.27327419   6.84295161  30.56606452]
0.15	 1.26	0.04	-0.31	25_G	[-11.42325      5.0385      31.24758333]
0.05	 -0.05	-0.11	-0.05	25_G	[-11.14144444   3.03996296  30.44596296]
0.18	 1.38	0.06	-0.32	25_G	[-9.2535      2.77285714 31.86378571]
0.11	 0.24	-0.03	-0.2	26_W	[-7.33196429  1.15382143 32.64814286]
0.14	 1.48	0.09	-0.37	26_W	[-6.4828 -0.7022 31.8006]
0.05	 1.36	-0.05	-0.17	26_W	[-7.11426667 -1.42306667 31.1902    ]
0.0	 0.29	-0.04	-0.11	26_W	[-4.79182353 -1.75358824 28.69352941]
0.07	 0.16	-0.25	-0.04	26_W	[-6.53813333 -2.70586667 30.01706667]
-0.06	 -0.3	0.02	0.05	26_W	[-9.32780556 -0.33458333 31.00975   ]
0.11	 0.08	-0.07	-0.14	26_W	[-6.713  -3.0212 27.2058]
-0.14	 -0.49	-0.09	0.16	26_W	[-10.60272414  -1.91368966  30.00813793]
0.12	 1.48	0.12	-0.35	26_W	[-10.40070588  -3.52417647  28.51405882]
0.23	 1.34	0.43	-0.65	27_V	[-1.4675625  0.367125  29.9736875]
0.05	 0.6	-0.04	-0.23	28_A	[-1.98195  0.0458  28.31945]
0.11	 1.55	0.29	-0.59	28_A	[-0.68    0.7154 25.3152]
-0.02	 -0.05	-0.07	-0.01	28_A	[ 0.14051515 -0.25624242 27.03818182]
-0.02	 -0.03	0.0	-0.04	28_A	[-2.82110256  0.24315385 25.15153846]
0.11	 0.85	0.03	-0.19	29_H	[ 0.41276923  1.62119231 24.23615385]
0.1	 1.08	-0.08	-0.19	29_H	[ 2.24    2.538  22.5142]
0.12	 1.09	0.04	-0.28	29_H	[ 2.74648148  5.36451852 23.09381481]
-0.08	 -0.29	-0.02	0.05	29_H	[ 4.01113514  1.39372973 24.6162973 ]
-0.13	 -0.25	-0.23	0.12	29_H	[ 4.93113333  4.18746667 22.60537778]
-0.26	 -0.93	0.13	0.39	29_H	[ 5.78066667  2.03577778 23.79551852]
0.17	 1.09	0.03	-0.28	30_L	[ 3.133125    3.47891667 27.66233333]
0.11	 0.79	-0.14	-0.12	30_L	[ 5.66645455  7.38954545 27.03254545]
-0.12	 -0.38	0.02	0.12	30_L	[ 5.68911429  4.91605714 26.51794286]
-0.04	 0.04	-0.06	-0.01	30_L	[ 4.30771795  6.86184615 29.03261538]
0.03	 0.09	0.02	-0.1	30_L	[ 3.24112245  6.50842857 31.02855102]
0.19	 1.59	0.26	-0.51	31_G	[ 3.74445455  7.09927273 23.98909091]
0.1	 0.69	0.04	-0.27	31_G	[ 5.87846341  6.95092683 24.27934146]
0.15	 1.16	0.15	-0.41	31_G	[ 5.81611765  9.03976471 26.79235294]
-0.01	 -0.12	-0.12	-0.05	32_D	[ 7.80119231  8.63953846 25.80638462]
-0.1	 -0.5	0.04	0.11	32_D	[10.48       10.49404762 25.14207143]
-0.14	 -0.4	0.03	0.15	32_D	[ 8.20577419 10.46167742 28.00751613]
-0.13	 -0.82	-0.04	0.12	32_D	[10.03554545 12.30818182 27.68718182]
0.01	 -0.56	-0.05	-0.05	32_D	[10.02872222 13.8745     26.78194444]
-0.15	 -0.5	0.05	0.24	32_D	[ 8.183575 13.231425 29.219275]
-0.07	 -0.21	-0.05	0.02	33_Y	[11.23       11.525      23.00416667]
-0.01	 -0.33	-0.07	0.03	33_Y	[11.57609091 13.32654545 23.62336364]
-0.15	 -0.26	0.02	0.2	33_Y	[11.2037619  14.35838095 21.51745238]
-0.05	 -0.13	0.04	0.02	33_Y	[ 9.47044444 12.28891667 20.24166667]
-0.11	 -0.11	-0.09	0.12	33_Y	[ 8.71816667 10.5585     19.65666667]
0.04	 0.36	0.06	-0.24	33_Y	[ 7.10017391 10.48973913 19.70726087]
-0.15	 -0.85	0.06	0.19	33_Y	[10.29842424  9.30236364 21.10560606]
-0.02	 0.06	-0.13	0.01	33_Y	[ 6.09661538  8.77769231 19.81792308]
-0.15	 -0.8	0.03	0.21	33_Y	[ 9.15225532  7.47297872 21.5792766 ]
-0.11	 -0.16	-0.05	0.13	33_Y	[ 7.38077778  7.88733333 19.82555556]
-0.13	 0.04	-0.03	0.13	33_Y	[ 6.12557778  6.47208889 21.48124444]
0.15	 1.81	0.02	-0.24	34_G	[10.78288889 13.49055556 24.96233333]
-0.2	 -1.29	0.09	0.28	34_G	[11.22630556 16.05025    24.68122222]
-0.01	 -0.14	-0.03	-0.08	34_G	[ 9.36911765 18.06717647 24.34676471]
0.11	 0.62	-0.04	-0.22	34_G	[ 7.937      18.14223529 25.22358824]
0.1	 0.43	-0.18	-0.12	35_R	[10.13193333 17.22713333 21.80146667]
0.12	 1.83	0.22	-0.49	35_R	[ 8.8234 19.2382 23.3554]
-0.02	 0.11	-0.19	-0.03	35_R	[ 7.81347619 18.86104762 19.832     ]
-0.16	 -0.62	-0.06	0.21	35_R	[ 9.98576667 20.64226667 22.2646    ]
-0.21	 -1.03	-0.0	0.28	35_R	[ 9.995525 21.358675 19.840525]
-0.1	 -0.53	-0.15	0.12	35_R	[11.57508696 18.946      20.29413043]
-0.11	 -0.19	-0.07	0.09	35_R	[11.6565     19.53557143 18.37285714]
-0.27	 -1.28	0.17	0.43	35_R	[11.625      20.90627451 17.03709804]
-0.28	 -1.2	0.17	0.44	35_R	[13.13803704 18.20835185 17.98807407]
0.17	 1.61	0.08	-0.31	36_V	[ 8.0732     15.46346667 20.51646667]
0.05	 0.59	-0.08	-0.12	36_V	[ 7.19725   13.7501875 19.456375 ]
0.15	 0.73	0.12	-0.3	36_V	[ 4.033      13.80696774 18.97935484]
-0.12	 -0.55	-0.05	0.16	36_V	[ 5.63227027 15.83945946 18.11445946]
0.17	 1.46	0.18	-0.45	37_K	[ 5.999625 14.170625 28.97225 ]
0.04	 0.12	-0.1	-0.06	37_K	[ 5.90376667 16.4325     28.9279    ]
-0.09	 -0.11	-0.01	0.03	37_K	[ 8.36985714 16.64445714 27.36202857]
0.19	 1.27	0.3	-0.55	38_I	[ 2.26815789  7.25905263 23.72557895]
0.16	 1.3	0.05	-0.29	38_I	[ 3.22580952  8.36414286 22.37633333]
0.06	 0.67	0.01	-0.26	38_I	[ 1.13283333  7.80636111 20.61469444]
-0.03	 -0.0	-0.09	-0.0	38_I	[ 3.60158696  9.4155     19.03932609]
0.05	 0.5	-0.05	-0.17	40_K	[-0.70341935  2.56290323 21.61954839]
-0.02	 0.19	-0.08	-0.06	40_K	[ 0.39342308  5.13953846 19.91519231]
-0.26	 -0.94	0.13	0.41	40_K	[ 0.96457627  2.94042373 19.24525424]
0.14	 1.03	0.09	-0.32	42_S	[-6.55590476 -1.25352381 25.10738095]
0.01	 0.1	-0.04	-0.13	42_S	[-5.43068182 -0.62627273 23.73990909]
0.18	 1.13	0.15	-0.39	43_D	[-11.31607692   0.68169231  28.668     ]
-0.03	 0.02	-0.01	-0.03	43_D	[-13.13680488  -1.55673171  27.63731707]
0.17	 1.04	0.01	-0.16	43_D	[-13.1394375   1.71375    28.0824375]
0.11	 0.78	0.02	-0.26	43_D	[-13.22123077   0.43930769  23.32569231]
0.06	 0.3	-0.08	-0.12	44_R	[-12.25493333  -3.5498      26.7438    ]
0.19	 0.85	0.07	-0.32	44_R	[-7.81626316 -3.45868421 24.96536842]
0.12	 0.95	0.04	-0.29	44_R	[-12.4303617   -2.1277234   23.57521277]
-0.05	 -0.48	-0.03	0.09	44_R	[-13.2789375  -4.7725625  25.056125 ]
-0.19	 -0.8	-0.01	0.29	44_R	[-14.21117073  -3.64863415  22.46436585]
-0.13	 -0.66	0.01	0.12	44_R	[-14.28113793  -6.29903448  23.39734483]
-0.01	 0.34	-0.13	-0.0	44_R	[-13.676       -6.73111538  21.75019231]
-0.27	 -1.13	0.08	0.47	44_R	[-14.31287719  -8.33605263  21.46875439]
-0.18	 -0.46	0.1	0.22	44_R	[-12.7665      -5.94738889  20.1502037 ]
0.08	 0.61	0.01	-0.2	45_E	[-11.13511111  -5.31161111  26.51188889]
0.15	 1.45	-0.03	-0.24	45_E	[-7.36888889 -5.02233333 26.37      ]
-0.02	 -0.12	-0.13	-0.05	45_E	[-8.46925 -8.03375 24.78375]
-0.02	 0.1	0.02	-0.06	45_E	[-10.68661111  -7.08736111  23.45633333]
-0.16	 -0.73	0.01	0.2	45_E	[-8.97026471 -7.98573529 26.64008824]
-0.17	 -1.02	0.07	0.2	45_E	[-9.83634783 -7.22354348 28.80252174]
-0.19	 -0.99	-0.03	0.25	45_E	[-7.6955     -6.9475     29.99907143]
-0.15	 -0.33	0.05	0.2	45_E	[-8.75872093 -4.75397674 30.49925581]
-0.18	 -0.58	-0.04	0.31	45_E	[-6.415      -5.62042857 28.6455    ]
-0.13	 -0.69	-0.12	0.17	46_G	[-6.82557143 -6.30535714 24.79067857]
-0.23	 -1.08	0.12	0.34	46_G	[-6.87877273 -7.41629545 22.41113636]
0.06	 0.57	-0.05	-0.16	46_G	[-8.0692  -5.85735 21.30525]
-2.68	 -0.56	-0.06	0.33	46_G	[-8.4262619  -6.15261905 19.95538095]
0.11	 0.2	0.02	-0.21	47_G	[-7.11821429 -4.06264286 22.87635714]
-0.02	 0.05	-0.11	-0.05	47_G	[-10.51943478  -3.7916087   20.82634783]
0.07	 0.71	0.23	-0.37	47_G	[-7.60948148 -2.4057037  21.58259259]
-0.14	 -0.39	-0.08	0.16	47_G	[-6.171      -2.59864706 20.95538235]
0.03	 0.21	-0.18	-0.01	48_A	[-9.96954545 -1.45821212 20.77236364]
-0.1	 -0.48	0.01	0.12	48_A	[-7.46094444 -0.68133333 18.734     ]
0.01	 0.22	0.08	-0.11	48_A	[-9.67585937  1.14289063 19.01885937]
-0.03	 -0.11	-0.08	0.05	49_A	[-6.10415789  0.74326316 19.30963158]
0.14	 1.21	0.04	-0.29	49_A	[-6.60408333  2.8825     19.43241667]
-0.03	 -0.14	-0.03	0.03	49_A	[-4.0205      3.38575    19.12561111]
-0.07	 -0.21	-0.06	0.1	49_A	[-3.44435294  0.65311765 21.36858824]
0.09	 1.1	-0.03	-0.18	50_V	[-6.95588235  4.82970588 19.018     ]
0.13	 1.02	0.02	-0.29	50_V	[-8.74103704  5.33492593 19.19262963]
0.15	 0.87	-0.04	-0.24	51_P	[-0.69968421  7.50584211 18.52215789]
0.02	 0.28	-0.2	-0.06	51_P	[-2.125      6.4118125 17.36825  ]
0.08	 0.6	-0.04	-0.15	51_P	[-4.73063636  5.80678788 17.60054545]
0.1	 1.27	-0.08	-0.26	53_Y	[-1.78537209 16.85567442 20.54223256]
0.15	 0.96	-0.05	-0.25	53_Y	[-0.46294444 15.48472222 18.987     ]
0.0	 0.44	3.17	0.06	53_Y	[ 1.28210526 14.39986842 17.97934211]
-0.11	 -0.07	-0.02	0.09	53_Y	[ 1.72245161 12.59025806 16.32935484]
0.13	 1.18	0.36	-0.58	53_Y	[ 0.6141875  9.8185    17.2689375]
-0.08	 -0.24	-0.09	0.05	53_Y	[ 1.1941      9.34841667 15.96975   ]
0.15	 0.87	-0.05	-0.26	55_E	[ 1.74169231 17.40210256 19.20005128]
0.11	 0.58	0.06	-0.24	55_E	[ 4.91404348 19.34782609 18.7933913 ]
-0.05	 0.04	-0.1	0.07	55_E	[ 3.32157143 19.34057143 16.54842857]
-0.19	 -0.49	1.88	0.46	55_E	[ 1.56534043 18.32531915 16.70378723]
-0.15	 -0.53	0.11	0.23	55_E	[ 2.7355  21.32404 16.4358 ]
0.04	 -0.02	-0.1	-0.03	56_R	[ 5.38242857 23.97442857 21.005     ]
-0.04	 0.2	0.04	-0.07	56_R	[ 4.70109091 22.12721212 19.25136364]
-0.03	 0.16	-0.07	0.0	56_R	[ 6.77496667 22.5581     21.85543333]
0.0	 0.13	-0.0	-0.1	56_R	[ 7.796      20.61463636 24.20386364]
-0.03	 -0.09	0.0	0.0	56_R	[ 5.87041667 23.21058333 24.717375  ]
0.02	 -0.03	-0.02	-0.05	56_R	[ 7.33396 20.3358  26.2794 ]
-0.1	 -0.53	-0.04	0.13	56_R	[ 7.086      22.41825    27.53883333]
-0.02	 0.17	-0.04	0.01	56_R	[ 4.95591176 23.16676471 28.42670588]
-0.18	 -0.79	0.03	0.26	56_R	[ 6.62586364 20.34190909 28.99909091]
0.03	 0.18	-0.02	-0.05	57_G	[ 3.17235484 24.03777419 22.93709677]
-0.22	 -1.1	0.03	0.3	57_G	[ 3.65009091 25.62318182 20.37675   ]
0.03	 0.27	-0.1	-0.05	57_G	[ 1.68857143 24.5085     20.22053571]
-0.25	 -1.04	0.15	0.37	57_G	[ 0.72332432 25.93305405 19.36648649]
-0.01	 0.28	-0.19	-0.0	58_K	[-1.13983333 24.40488889 19.71122222]
0.12	 0.86	0.02	-0.28	58_K	[-1.18185714 23.52680952 21.77052381]
-0.19	 -0.75	0.02	0.29	58_K	[-2.79038889 23.80572222 21.53805556]
0.03	 0.33	-0.09	-0.06	58_K	[ 0.63806667 22.9694     17.96093333]
-0.08	 -0.15	-0.07	-0.02	58_K	[-2.0788913  21.94986957 18.68047826]
0.03	 0.76	-0.11	-0.21	58_K	[-1.12384375 19.35042187 18.1445625 ]
-0.02	 0.39	-0.28	-0.0	58_K	[-2.57035  19.16905  17.855725]
-0.21	 -0.81	0.12	0.27	58_K	[-3.77262 21.00816 16.08798]
0.14	 0.64	0.01	-0.2	59_T	[-2.82388235 20.82405882 22.70676471]
0.11	 0.68	-0.12	-0.11	59_T	[-1.37522222 24.26433333 24.00877778]
0.11	 -0.23	0.04	-0.22	59_T	[ 0.90532258 23.66422581 24.4316129 ]
0.13	 0.65	-0.12	-0.17	59_T	[-2.004      19.19603333 21.80323333]
0.09	 1.28	-0.01	-0.24	60_P	[-2.76522222 24.23011111 24.37922222]
-0.17	 -1.05	0.06	0.14	60_P	[-2.1354375 25.06475   26.01825  ]
-0.0	 -0.26	-0.03	0.07	60_P	[-3.7243125 24.9413125 27.7015625]
-0.13	 -0.47	-0.01	0.11	60_P	[-5.6865     23.41313636 25.92156818]
-0.01	 0.17	-0.08	-0.05	60_P	[-4.51621429 22.39014286 23.9745    ]
0.01	 0.0	-0.02	-0.11	61_D	[-0.8055   24.881875 27.609125]
0.14	 1.07	0.52	-0.78	61_D	[ 1.7197 23.4319 31.3064]
0.17	 0.57	0.07	-0.31	61_D	[ 2.29229167 22.115625   30.93929167]
-0.13	 -0.53	-0.23	0.25	61_D	[ 1.59961905 25.14245238 30.05907143]
-0.06	 -0.58	-0.13	0.02	61_D	[ 2.8711     25.36623333 27.70026667]
-0.04	 -0.27	-0.06	0.01	61_D	[ 3.245      24.20669565 26.02682609]
-0.29	 -1.08	0.19	0.46	61_D	[ 3.2907561  26.98839024 28.04229268]
0.12	 1.07	0.09	-0.25	62_H	[-0.46066667 24.33744444 30.93177778]
0.13	 1.47	0.17	-0.44	62_H	[-0.44116667 24.01533333 32.40116667]
0.2	 0.75	0.13	-0.34	62_H	[-1.82616667 20.41338889 33.5845    ]
-0.1	 -0.61	-0.04	0.16	62_H	[-2.36215909 23.63572727 33.08979545]
-0.1	 -0.12	-0.05	0.15	62_H	[-4.4285 23.8585 32.6535]
-0.11	 -0.38	0.07	0.11	62_H	[-3.61004762 24.86533333 30.33352381]
-0.12	 -0.42	-0.02	0.15	62_H	[-4.93502941 21.27608824 32.68261765]
-0.18	 -0.77	0.04	0.22	62_H	[-6.12952941 23.93870588 29.70723529]
-0.1	 0.3	-0.02	0.09	62_H	[-6.7312  21.75515 30.81095]
0.18	 1.27	0.06	-0.3	63_L	[-5.7554  18.74752 31.1506 ]
0.08	 0.63	-0.13	-0.09	64_F	[ 3.6984 18.8295 31.6563]
0.08	 0.69	0.0	-0.22	64_F	[ 3.99277419 16.73054839 31.23548387]
0.07	 0.36	-0.05	-0.15	64_F	[ 3.98055172 19.71165517 30.08134483]
0.12	 1.14	0.04	-0.32	65_K	[ 3.13988889 19.77355556 32.13977778]
-0.08	 -0.19	-0.15	0.02	65_K	[ 3.44335 18.6982  34.0736 ]
0.15	 1.21	0.44	-0.69	65_K	[ 0.26952941 17.88823529 35.46741176]
0.05	 0.37	-0.08	-0.12	65_K	[ 1.94272 16.85888 35.90824]
-0.12	 -0.46	-0.11	0.18	65_K	[ 0.89493333 19.39896667 35.5476    ]
-0.14	 -0.89	0.04	0.21	65_K	[ 3.31480645 21.19158065 33.98293548]
-0.13	 -0.71	0.03	0.14	65_K	[ 1.11547727 21.85511364 35.89575   ]
-0.09	 -0.08	-0.27	0.13	65_K	[ 1.3877193  23.98898246 33.72410526]
-0.28	 -1.29	0.21	0.47	65_K	[ 1.62696226 24.97826415 36.0905283 ]
0.15	 1.05	0.09	-0.31	66_V	[-4.08231818 14.74886364 34.80845455]
-0.07	 -0.2	-0.0	0.03	66_V	[-3.448      17.97903922 34.3582549 ]
0.22	 0.83	0.13	-0.37	67_F	[ 2.96814815 10.83985185 32.01785185]
0.09	 0.67	-0.07	-0.21	67_F	[ 4.48803448 14.03468966 30.38955172]
0.01	 0.17	-0.11	-0.03	67_F	[ 4.54125806 10.74596774 29.69032258]
0.19	 1.58	0.15	-0.42	67_F	[ 5.01078571  9.84842857 27.87335714]
-0.06	 -0.05	-0.2	0.04	68_A	[ 4.79591304 12.85965217 32.66926087]
0.12	 1.52	0.08	-0.32	68_A	[ 3.81411111 12.6315     35.25288889]
-0.21	 -0.85	-0.03	0.33	68_A	[ 4.72213953 11.81267442 35.59865116]
-0.17	 -0.85	0.07	0.25	68_A	[ 5.12115789 15.56317544 34.17233333]
-0.05	 -0.41	-0.09	0.07	69_E	[ 2.487  12.2014 37.5982]
0.13	 0.22	-0.05	-0.14	69_E	[ 2.766  10.1615 36.2419]
-0.02	 0.11	-0.04	-0.15	69_E	[ 1.0579      9.11506667 37.4106    ]
0.17	 1.26	-0.03	-0.24	69_E	[ 0.744  11.8634 38.5099]
-0.1	 -0.71	0.0	0.12	69_E	[ 1.5265     14.46980556 38.30961111]
-0.06	 -0.03	-0.01	0.05	69_E	[-0.48855 15.7793  38.39255]
-0.19	 -0.52	-0.02	0.29	69_E	[-1.3236087  14.17286957 39.60234783]
-0.1	 -0.12	-0.03	-0.03	69_E	[-1.37579487 16.32602564 36.82897436]
0.14	 1.48	0.26	-0.52	70_L	[ 2.45209091  8.42690909 35.81963636]
-0.03	 0.03	-0.01	-0.01	70_L	[ 3.40814634  8.5015122  33.86660976]
0.09	 0.37	-0.05	-0.07	71_S	[ 3.22522222  5.485      34.14533333]
-0.09	 -0.26	-0.09	0.02	71_S	[ 1.38605128  4.77535897 36.56623077]
-0.27	 -0.85	0.02	0.44	71_S	[ 3.00939024  6.08243902 36.84717073]
0.06	 0.44	0.01	-0.14	72_R	[ 2.49785714  3.55009524 33.54461905]
0.03	 0.21	0.0	-0.13	72_R	[ 0.146       1.59507143 35.43132143]
-0.07	 -0.33	0.01	0.08	72_R	[ 2.32523684  1.43381579 32.45328947]
0.13	 0.91	0.12	-0.34	72_R	[ 1.40267742  1.57145161 29.82432258]
-0.17	 -0.65	-0.12	0.18	72_R	[ 2.29227273 -0.54793182 30.6085    ]
0.12	 1.24	-0.02	-0.21	72_R	[ 2.953375   1.0840625 28.4430625]
-0.04	 -0.33	-0.04	0.01	72_R	[ 3.64242857 -0.269      27.84714286]
-0.19	 -0.6	-0.03	0.19	72_R	[ 3.65884091 -0.94186364 25.87984091]
-0.28	 -1.33	0.17	0.43	72_R	[ 4.8273617  -1.7192766  28.87597872]
0.2	 0.44	0.06	-0.27	73_E	[-5.35126316  0.95273684 34.87947368]
-0.02	 -0.12	-0.1	-0.07	73_E	[-2.44759259 -0.4842963  35.4537037 ]
-0.14	 -0.66	0.03	0.2	73_E	[-0.98705263 -1.78928947 33.67715789]
-0.19	 -0.69	-0.04	0.24	73_E	[-2.88769231 -3.26592308 32.83661538]
-0.15	 -0.0	0.03	0.12	73_E	[-2.37516279 -2.24681395 30.72546512]
-0.14	 -0.38	0.02	0.16	73_E	[-4.76685714 -1.89147619 33.077     ]
0.16	 1.3	0.1	-0.37	74_D	[-0.85988462  4.84484615 37.79042308]
0.22	 1.37	0.44	-0.65	74_D	[-0.11823077  7.40738462 36.82338462]
-0.05	 -0.14	-0.0	-0.03	75_V	[-10.96305455   4.62716364  34.16550909]
-0.06	 -0.11	-0.12	0.13	75_V	[-8.345       2.33673913 35.92071014]
0.24	 1.36	0.44	-0.66	76_V	[-11.23447059   6.85076471  32.15070588]
0.19	 1.15	0.42	-0.63	77_V	[-14.710875   10.2333125  30.444125 ]
0.1	 0.74	0.04	-0.29	77_V	[-13.64464103   8.704       32.52205128]
0.1	 0.12	-0.03	-0.19	79_K	[-14.00178947  19.84826316  26.34357895]
0.1	 0.81	0.05	-0.25	79_K	[-16.09916667  17.13433333  26.42079167]
-0.16	 -0.55	0.0	0.23	79_K	[-16.23822807  19.16977193  28.46922807]
0.15	 1.34	0.2	-0.47	80_G	[-10.80914286  18.12892857  22.49771429]
0.07	 0.64	-0.15	-0.09	81_I	[-8.80572727 18.88590909 17.96281818]
-0.15	 -0.43	0.26	0.26	81_I	[-10.34883333  19.80841667  19.73135417]
0.02	 -0.06	-0.05	-0.0	81_I	[-10.30714286  18.60947619  16.21104762]
-0.07	 -0.31	-0.01	0.03	81_I	[-13.14236735  19.99028571  19.7754898 ]
0.18	 1.05	0.09	-0.34	82_V	[-9.87225    16.59804167 13.90366667]
0.23	 1.51	0.26	-0.51	83_E	[-7.70138889 16.37427778 14.99883333]
0.09	 1.08	-0.01	-0.25	83_E	[-5.50663636 17.51       11.65590909]
-0.08	 -0.25	-0.12	0.08	83_E	[-6.97615 17.6669  12.70605]
-0.1	 -0.32	0.04	0.14	83_E	[-4.40009091 16.16367273 11.11714545]
0.04	 0.84	-0.0	-0.18	84_A	[-6.89641667 10.89033333  9.106     ]
-0.08	 -0.34	0.03	0.05	84_A	[-6.60303571 13.58332143  8.96071429]
-0.06	 -0.58	0.01	0.07	84_A	[-9.29185  11.860975  8.603525]
0.11	 1.73	0.08	-0.34	85_S	[-6.00375   9.963875  9.575625]
-0.06	 -0.13	-0.14	0.05	85_S	[-4.50875 11.2618   8.6698 ]
0.08	 0.44	-0.0	-0.18	85_S	[-5.01444444  9.12711111  9.32566667]
-0.05	 -0.41	-0.02	0.09	85_S	[-2.69285366 12.82012195 10.2505122 ]
0.1	 0.73	0.01	-0.19	85_S	[-1.68736364 11.80854545 12.05409091]
-0.12	 -0.24	0.08	-0.01	86_E	[-3.58586667  9.39593333  8.45006667]
-0.07	 -0.16	-0.17	0.04	86_E	[-3.225375   7.1199375  8.8611875]
0.09	 0.84	-0.05	-0.24	86_E	[0.36430769 7.58876923 9.61307692]
-0.05	 -0.25	-0.08	0.05	86_E	[-0.06141304  9.23319565 11.12784783]
-0.09	 -0.18	0.07	-0.01	86_E	[-0.99831111  7.22631111  7.91695556]
-0.19	 -0.8	-0.14	0.2	86_E	[-0.44511429 10.21528571  8.0032    ]
-0.14	 -0.51	-0.05	0.19	86_E	[1.114      8.97203571 6.42032143]
-0.23	 -0.78	0.03	0.45	86_E	[1.45395833 7.3284375  6.95820833]
-0.29	 -1.12	0.21	0.47	86_E	[ 1.3645122  10.34678049  5.58963415]
0.21	 1.1	0.11	-0.38	87_Q	[-2.61545  5.57565 10.2671 ]
0.18	 1.01	-0.12	-0.16	87_Q	[ 0.3552  7.4201 12.7569]
0.02	 -0.04	0.06	0.06	87_Q	[ 0.87676923  6.27384615 10.56523077]
-0.09	 -0.17	-0.06	0.01	87_Q	[-0.06589655  4.27286207  9.85110345]
0.04	 0.32	-0.03	-0.15	87_Q	[-2.05971429  5.02304762 14.51728571]
0.16	 1.12	-0.0	-0.28	87_Q	[-3.6368   5.85655 15.15615]
0.07	 0.91	0.07	-0.4	87_Q	[-0.386   8.4992 13.6722]
0.01	 0.29	-0.18	-0.18	87_Q	[-0.4432069   7.5152069  15.20324138]
0.17	 1.5	0.22	-0.49	87_Q	[-0.71116667  9.63891667 13.63216667]
-0.01	 -0.11	-0.41	0.24	88_Y	[ 1.15442857  6.21303571 13.29432143]
-0.02	 -0.22	-0.08	0.03	88_Y	[ 2.44409091  4.68109091 10.97590909]
-0.07	 -0.05	0.07	0.1	88_Y	[ 0.78708824  2.64908824 14.61158824]
-0.18	 -1.1	0.06	0.25	88_Y	[ 3.50494737  5.21736842 13.79263158]
-0.09	 -0.09	-0.02	0.07	88_Y	[ 5.731       3.85588889 13.84655556]
-0.14	 -0.63	0.0	0.19	88_Y	[ 4.10975     2.4285     15.26102778]
-0.13	 -0.82	0.01	0.21	88_Y	[ 5.36480556  3.67766667 11.51966667]
-0.2	 -1.07	0.1	0.28	88_Y	[ 5.431175  0.7924   14.94205 ]
-0.22	 -1.25	0.07	0.29	88_Y	[ 6.20221053  1.62936842 11.25771053]
-0.01	 0.14	-0.05	-0.18	88_Y	[ 6.11591304  1.07513043 13.15521739]
-0.29	 -1.06	0.18	0.44	88_Y	[ 7.06009091 -0.62515909 12.94872727]
0.04	 -0.02	-0.02	-0.07	89_G	[ 2.0274   1.96375 10.65285]
-0.11	 -0.45	-0.04	0.14	89_G	[ 1.88969565 -0.25715217 12.04595652]
0.03	 0.11	-0.08	-0.01	89_G	[-0.30981818 -0.23954545 12.15704545]
-0.31	 -1.27	0.23	0.49	89_G	[-0.53212903 -1.54006452 13.21335484]
0.1	 0.79	-0.05	-0.16	90_S	[-0.64091667  1.24216667 10.34483333]
-0.04	 -0.17	-0.15	0.03	90_S	[-2.8077619  -0.55619048 11.89447619]
-0.07	 -0.53	-0.07	0.05	90_S	[-2.29766667  0.44183333  9.6145    ]
-0.02	 -0.07	-0.02	-0.01	90_S	[-2.66268966  3.03951724  9.52055172]
-0.08	 -0.71	-0.01	0.13	90_S	[-2.57303125  1.50390625 14.2693125 ]
-0.09	 -0.24	-0.18	0.04	90_S	[-4.72316667  1.03622222 14.01094444]
-0.09	 -0.65	-0.05	0.06	91_A	[-4.38655 -0.1089  10.7374 ]
-0.12	 -0.59	-0.06	0.14	91_A	[-4.33164286  1.74221429  8.09407143]
0.09	 0.57	-0.02	-0.16	91_A	[-6.00252941  2.74117647  9.70958824]
-0.28	 -0.66	-0.0	0.3	91_A	[-7.2849      3.5215      8.77623333]
-0.23	 -1.23	0.12	0.37	91_A	[-5.8642027  -0.28337838  8.17697297]
0.14	 0.42	-0.03	-0.23	92_T	[-6.5335      0.83108333 11.17966667]
-0.07	 -0.05	-0.07	0.09	92_T	[-8.56142857  2.59938095 11.69366667]
0.08	 0.62	-0.01	-0.19	92_T	[-9.37412903  4.89145161 11.95348387]
-0.15	 -0.07	-0.31	0.13	92_T	[-8.10895238  3.7847619  14.41247619]
0.06	 0.21	0.03	-0.12	92_T	[-5.35473333  4.30606667 14.6866    ]
-0.26	 -1.38	0.18	0.42	92_T	[-7.48185185  0.93855556 14.23366667]
0.02	 0.36	-0.01	-0.14	93_G	[-5.8064359   6.25228205  9.77751282]
0.13	 1.36	0.11	-0.31	93_G	[-7.32433333  8.84919048  9.87685714]
0.11	 0.37	0.04	-0.26	94_V	[-7.91461538  6.03702564 16.19505128]
0.1	 1.36	0.33	-0.57	95_E	[-0.7446 12.9876 15.0334]
0.02	 0.08	-0.13	-0.03	95_E	[-0.67888462 11.69715385 13.98442308]
0.02	 0.11	0.0	-0.08	95_E	[-1.91428205 14.21807692 14.31317949]
0.06	 0.72	-0.13	-0.18	97_F	[-5.76535714 18.37335714 21.58214286]
0.11	 0.89	-0.07	-0.17	97_F	[-8.28827586 18.55658621 21.44551724]
-0.01	 0.22	-0.06	-0.06	97_F	[-5.8355814  18.65       19.26532558]
0.16	 1.39	0.26	-0.52	97_F	[-2.8949 17.0908 18.9576]
0.0	 0.12	-0.16	0.02	97_F	[-6.64308571 18.51511429 16.40594286]
0.04	 0.63	-0.26	0.05	97_F	[-1.7337931  16.48196552 16.8737931 ]
-0.07	 -0.15	-0.17	0.01	97_F	[-4.7552  18.48976 14.24412]
-0.06	 0.11	-0.09	0.03	97_F	[-2.76792857 17.08710714 14.53121429]
0.21	 1.51	-0.1	-0.21	98_P	[-7.66242857 19.32714286 23.18757143]
0.04	 0.45	-0.03	-0.11	98_P	[-5.51228571 19.67205714 23.49274286]
0.21	 1.07	0.09	-0.36	98_P	[-3.977      17.64258824 22.18776471]
0.14	 1.27	0.16	-0.42	99_S	[-7.35931579 21.19289474 25.51984211]
0.01	 0.31	-0.08	-0.1	99_S	[-8.21121212 21.22963636 28.29124242]
-0.17	 -0.57	0.08	0.34	99_S	[-9.82998387 20.62196774 24.45016129]
0.15	 1.07	0.11	-0.34	99_S	[-11.72524242  19.83239394  25.37290909]
0.11	 1.01	0.03	-0.22	100_E	[-8.22238462 19.12153846 30.17676923]
0.06	 0.53	0.06	-0.24	100_E	[-10.0534375  18.07825    31.3796875]
-0.08	 -0.23	-0.04	0.04	100_E	[-10.90293333  20.22013333  29.83003333]
-0.12	 -0.54	-0.17	0.14	100_E	[-12.44342857  19.91028571  31.21578571]
0.15	 0.97	0.04	-0.23	100_E	[-13.98115789  18.21121053  31.16915789]
-0.15	 -0.68	0.1	0.26	100_E	[-13.47977143  20.59922857  29.42442857]
0.13	 0.27	0.11	-0.34	101_I	[-7.94445 17.15245 31.33115]
0.11	 1.3	0.1	-0.39	101_I	[-8.54746154 16.16953846 32.52315385]
0.01	 0.19	-0.02	-0.07	101_I	[-6.73307692 15.97966667 33.52574359]
0.03	 0.47	-0.19	-0.07	102_W	[-8.021      14.52566667 35.10173333]
0.14	 1.2	0.05	-0.32	102_W	[-10.25929167  12.80920833  35.89395833]
0.11	 1.22	0.31	-0.54	102_W	[-9.646875 16.2605   32.41275 ]
-0.06	 0.32	-0.39	0.1	102_W	[-9.492125 16.243875 34.31    ]
0.1	 1.36	0.42	-0.65	102_W	[-10.06463636  16.82336364  32.10572727]
0.0	 -0.0	-0.03	-0.14	102_W	[-10.3382   17.18565  33.33875]
-0.07	 -0.37	-0.02	0.05	102_W	[-10.30810526  15.48247368  36.24963158]
-0.08	 -0.15	-0.05	0.03	102_W	[-12.81361765  18.52267647  33.62570588]
-0.06	 -0.08	0.03	-0.0	102_W	[-11.68062162  16.92245946  37.35651351]
-0.11	 -0.59	-0.1	0.11	102_W	[-12.26019048  19.20261905  35.65952381]
0.03	 0.25	-0.04	-0.1	103_I	[-7.34781481 13.21577778 35.88277778]
0.15	 1.59	0.18	-0.46	103_I	[-9.29045455 11.61209091 36.72872727]
-0.12	 -0.4	0.03	0.18	103_I	[-8.13259524 11.18859524 38.54666667]
-0.03	 -0.16	-0.09	-0.0	103_I	[-5.48138889 11.79655556 37.73455556]
0.2	 1.36	0.03	-0.28	103_I	[-5.0088 13.1374 35.6259]
0.2	 1.06	0.02	-0.27	103_I	[-5.03678571  9.60157143 38.68971429]
0.12	 1.57	-0.01	-0.19	103_I	[-3.26152 12.89772 37.16288]
-0.04	 0.45	-0.26	0.0	104_L	[-10.94976923   9.62353846  38.55923077]
0.17	 1.48	-0.01	-0.28	104_L	[-7.7572  9.2542 39.6852]
-0.19	 -0.57	0.05	0.23	104_L	[-9.76094737  8.37176316 40.34934211]
0.05	 0.32	-0.0	-0.18	104_L	[-11.55240741   7.18922222  37.77859259]
-0.14	 -0.27	-0.06	0.1	104_L	[-13.43735088   7.25940351  35.66557895]
0.16	 0.67	-0.07	-0.22	104_L	[-11.6075      10.53906667  37.55703333]
0.08	 0.89	0.0	-0.19	105_N	[-6.53816  8.1354  39.96884]
0.13	 1.37	-0.04	-0.29	105_N	[-6.22028571  4.10628571 38.91857143]
0.23	 1.58	0.29	-0.54	105_N	[-6.255125   4.0074375 37.807875 ]
-0.17	 -0.64	-0.04	0.21	105_N	[-7.90739394  5.99218182 41.75706061]
0.02	 0.17	0.02	-0.12	105_N	[-8.72979167  4.40891667 39.76391667]
-0.03	 0.13	-0.01	0.04	105_N	[-10.282     4.83152  38.49464]
-0.28	 -1.14	0.11	0.43	105_N	[-8.75366038  3.18898113 40.84684906]
-0.01	 0.25	-0.03	-0.16	106_K	[-5.5711  5.4025 40.9348]
0.06	 0.7	-0.14	-0.14	106_K	[-3.06894444  3.87777778 39.98322222]
-0.14	 -0.52	-0.03	0.17	106_K	[-2.4606875   3.71234375 41.30521875]
-0.17	 -1.07	0.05	0.22	106_K	[-1.77011538  5.99523077 40.95688462]
-0.09	 -0.36	-0.02	0.1	106_K	[-3.36318919  8.00564865 41.13602703]
0.07	 0.31	-0.04	-0.12	106_K	[-0.566875    7.79725    39.12591667]
0.05	 0.13	-0.07	-0.05	106_K	[-2.9943  10.89355 39.4935 ]
-0.19	 -0.76	0.08	0.28	106_K	[-0.67873214 10.37348214 41.12455357]
0.08	 0.58	-0.02	-0.22	107_A	[-5.09614286  3.2012381  38.64071429]
-0.17	 -0.89	0.0	0.21	107_A	[-4.06026667  1.24966667 39.7098    ]
-0.15	 -0.47	0.01	0.11	107_A	[-0.94030952  1.146      38.55759524]
-0.26	 -1.11	0.14	0.41	107_A	[-1.00905405  1.24059459 40.92035135]
-0.15	 -0.55	-0.13	0.26	107_A	[-4.27572727  0.43238636 37.50781818]
