-0.27	 -1.16	0.15	0.41	24_V	[-57.34         2.63697619 -25.9762619 ]
0.02	 0.45	-0.06	-0.12	24_V	[-58.80111111   3.66155556 -23.39266667]
0.01	 0.08	-0.06	-0.13	24_V	[-59.679        2.75092308 -26.86376923]
-0.09	 -0.71	0.02	0.12	24_V	[-59.7967619    5.01757143 -27.84557143]
-0.01	 -0.03	-0.07	0.03	24_V	[-57.59527778   6.09016667 -25.97211111]
0.14	 1.38	-0.0	-0.23	24_V	[-59.3042     6.724775 -23.445525]
-0.19	 -1.0	-0.01	0.26	24_V	[-56.27731746   5.33539683 -23.6482381 ]
0.08	 0.68	0.07	-0.27	25_P	[-60.71683333   2.03533333 -26.45533333]
-0.12	 -0.95	-0.05	0.11	25_P	[-62.25388889   2.82144444 -27.58227778]
0.11	 0.68	0.09	-0.25	25_P	[-62.91081481   5.50781481 -24.20822222]
-0.17	 -0.94	0.01	0.26	25_P	[-64.1485     2.4011   -25.524775]
-0.27	 -1.38	0.15	0.4	25_P	[-62.41504545   0.67743182 -24.63159091]
-0.14	 -0.95	0.01	0.21	25_P	[-60.662        2.10584444 -23.99286667]
-0.03	 -0.47	0.02	0.04	26_R	[-63.53075      4.66533333 -28.1785    ]
-0.0	 0.04	0.02	-0.1	26_R	[-63.41954167   6.88691667 -29.38229167]
0.25	 1.6	0.23	-0.48	26_R	[-64.147875    9.6411875 -26.6478125]
-0.09	 -0.13	-0.14	0.09	26_R	[-66.18403333   7.10843333 -28.08923333]
0.05	 0.5	-0.07	-0.14	26_R	[-65.48305714   7.9798     -25.26691429]
-0.13	 -0.42	-0.1	0.11	26_R	[-66.313        4.84210526 -25.39521053]
-0.2	 -0.84	-0.03	0.26	26_R	[-68.44184   6.48672 -26.15412]
-0.16	 -0.66	-0.03	0.2	26_R	[-68.47847368   6.53157895 -24.23547368]
-0.28	 -1.16	0.12	0.36	26_R	[-67.38185417   6.58889583 -22.61170833]
-0.34	 -1.35	0.3	0.54	26_R	[-70.04968889   7.48033333 -24.20317778]
0.12	 0.44	-0.04	-0.21	27_G	[-61.2852   6.2747 -28.4816]
0.02	 -0.12	-0.09	-0.06	27_G	[-59.09668182   7.97640909 -26.79931818]
-0.22	 -1.11	-0.02	0.21	27_G	[-58.694625   9.01625  -28.303125]
-0.04	 -0.17	0.02	0.04	27_G	[-59.17346667  10.93643333 -27.4495    ]
0.0	 0.07	-0.04	-0.09	28_S	[-60.38427778   7.57422222 -29.29033333]
-0.14	 -0.55	0.0	0.19	28_S	[-59.14917647  10.29894118 -30.44129412]
0.15	 2.29	0.1	-0.34	28_S	[-60.18075  11.977   -29.604  ]
-0.15	 -0.29	0.01	0.2	28_S	[-61.40116667  12.3382381  -31.44688095]
-0.23	 -1.11	0.14	0.3	28_S	[-60.19180851   8.60146809 -31.9737234 ]
-0.13	 -0.2	-0.02	0.13	28_S	[-62.85630233   8.86976744 -32.11337209]
0.18	 0.96	-0.06	-0.2	29_H	[-63.57736364  13.32681818 -30.28881818]
0.1	 1.18	-0.09	-0.1	29_H	[-63.44282353  13.11311765 -28.02088235]
-0.18	 -0.57	-0.01	0.21	29_H	[-64.53236842  14.30436842 -27.77013158]
-0.08	 -0.3	-0.05	0.03	29_H	[-65.61242424  10.91572727 -28.12987879]
-0.08	 0.16	-0.06	0.14	29_H	[-67.0415    11.59     -29.984125]
-0.08	 0.22	-0.12	0.03	29_H	[-65.98967647   8.91273529 -30.25914706]
-0.16	 -0.53	0.03	0.21	29_H	[-65.43068889  12.6472     -31.79926667]
-0.27	 -1.35	0.08	0.4	29_H	[-66.9221    9.57632 -32.65376]
-0.21	 -0.83	0.13	0.32	29_H	[-66.2950625   11.4831875  -33.34315625]
0.18	 1.37	-0.01	-0.25	30_M	[-63.83169231  13.26723077 -25.57084615]
0.16	 0.7	-0.06	-0.17	30_M	[-61.96618182  15.31281818 -27.66936364]
-0.09	 -0.06	-0.11	0.11	30_M	[-59.88304651  14.08090698 -27.71283721]
0.15	 1.18	0.07	-0.31	30_M	[-59.76609091  12.38359091 -25.08345455]
-0.01	 0.18	-0.0	-0.08	30_M	[-63.24690909  11.26631818 -24.197     ]
0.15	 1.35	0.04	-0.27	30_M	[-60.3343871   10.12545161 -23.154     ]
-0.11	 0.27	0.01	0.04	30_M	[-62.9785641    7.9595641  -22.90320513]
-0.05	 0.05	-0.08	-0.01	31_T	[-60.11595  16.7346  -27.09   ]
0.1	 1.03	-0.09	-0.19	31_T	[-58.82677778  14.35922222 -25.33188889]
0.18	 1.55	0.3	-0.55	31_T	[-58.76975     13.8935     -24.18141667]
-0.12	 -0.95	-0.01	0.13	31_T	[-59.76890476  18.9827619  -25.16247619]
0.09	 0.43	-0.05	-0.14	31_T	[-61.29775    19.0173125 -23.135    ]
-0.26	 -0.87	0.07	0.31	31_T	[-62.529875    18.59334375 -26.1585625 ]
0.0	 0.3	-0.13	-0.1	32_T	[-57.94        16.54674074 -25.82307407]
0.06	 0.23	0.01	-0.19	32_T	[-56.67378261  14.30195652 -24.19147826]
0.15	 0.85	-0.08	-0.16	32_T	[-55.7858125  18.0249375 -24.8126875]
-0.11	 -0.26	-0.09	0.02	32_T	[-55.13684783  15.80754348 -26.37580435]
0.17	 1.31	0.12	-0.38	32_T	[-54.81366667  14.1305     -24.17005556]
0.19	 2.34	0.1	-0.33	33_S	[-57.49971429  18.54607143 -23.48607143]
0.15	 1.49	0.07	-0.31	33_S	[-59.962       18.32653846 -19.41723077]
-0.08	 -0.11	-0.11	0.1	33_S	[-58.95555814  19.99404651 -22.11483721]
-0.08	 0.05	-0.11	0.08	33_S	[-58.079       20.8843913  -19.39504348]
0.13	 1.58	0.09	-0.37	34_E	[-60.72      18.240875 -20.486   ]
-0.05	 -0.29	-0.16	-0.01	34_E	[-61.73582353  16.98458824 -19.335     ]
0.11	 1.66	-0.03	-0.19	34_E	[-61.54661538  13.544      -20.34238462]
-0.01	 -0.13	-0.13	-0.05	34_E	[-61.79005  14.47345 -18.39545]
-0.05	 -0.26	-0.02	0.05	34_E	[-62.80577273  14.49581818 -21.32827273]
-0.18	 -1.03	-0.02	0.22	34_E	[-63.25167857  17.90092857 -21.01678571]
-0.01	 0.45	0.1	-0.18	34_E	[-64.21896296  16.83988889 -22.83262963]
-0.02	 -0.04	-0.16	0.06	34_E	[-63.95982353  15.05797059 -24.30673529]
-0.29	 -0.99	0.17	0.48	34_E	[-65.20021053  17.89092105 -22.96360526]
0.2	 1.12	0.08	-0.34	35_R	[-60.64885714  12.20609524 -20.98257143]
0.11	 0.8	0.06	-0.27	35_R	[-57.73880952  12.55852381 -23.12490476]
-0.01	 0.2	-0.06	-0.09	35_R	[-56.87248485  10.31715152 -22.31639394]
0.15	 1.72	0.15	-0.43	35_R	[-60.35541176  10.39223529 -20.43582353]
0.1	 0.49	-0.04	-0.16	35_R	[-56.91222222   8.35638889 -21.53455556]
0.1	 1.55	0.26	-0.52	35_R	[-58.7494   6.8452 -18.9154]
0.01	 0.27	-0.01	-0.11	35_R	[-60.70289796   7.80153061 -19.97732653]
-0.1	 -0.19	-0.19	0.14	35_R	[-57.68085185   5.90024074 -20.33018519]
0.16	 1.52	0.1	-0.36	37_V	[-58.8809375  16.1605625 -13.9693125]
0.21	 1.54	0.17	-0.42	37_V	[-59.5184375  14.8155    -12.9755625]
0.12	 0.66	-0.12	-0.14	37_V	[-61.55811111  16.41455556 -17.027     ]
-0.14	 -0.68	-0.02	0.21	37_V	[-61.98561538  16.3822     -14.52321538]
-0.11	 -0.72	-0.02	0.15	37_V	[-59.88076596  18.62529787 -16.05895745]
0.15	 1.42	0.1	-0.36	38_D	[-61.72338462  13.83192308 -16.59269231]
0.08	 0.4	0.01	-0.2	38_D	[-62.20177273  12.25927273 -14.9625    ]
0.25	 1.52	0.3	-0.55	38_D	[-59.49263158   9.16463158 -15.55547368]
0.17	 1.32	0.18	-0.43	38_D	[-61.04375     9.657625  -13.4310625]
0.01	 -0.17	-0.04	-0.07	38_D	[-61.80074074  11.70751852 -18.21959259]
-0.11	 -0.62	-0.1	0.14	38_D	[-62.51903846   9.75907692 -16.67092308]
-0.31	 -0.99	-0.01	0.43	38_D	[-63.04951515   9.71957576 -15.04757576]
-0.17	 -0.4	-0.03	0.19	38_D	[-62.11757778   8.83555556 -18.39075556]
0.2	 0.95	0.09	-0.32	39_L	[-54.95979167   8.75433333 -19.60954167]
0.08	 0.68	0.01	-0.26	39_L	[-57.85290476   7.49978571 -17.28407143]
0.21	 1.22	-0.05	-0.22	40_L	[-57.999625  13.625625 -10.212125]
0.17	 0.95	0.13	-0.33	40_L	[-56.76809677  12.58522581  -9.25703226]
0.01	 0.05	-0.07	-0.1	40_L	[-57.26863636  14.75493939 -11.48633333]
0.13	 0.94	0.05	-0.26	40_L	[-56.78872  17.13276 -12.9774 ]
0.18	 1.34	0.12	-0.37	40_L	[-54.5191  15.1324 -10.5703]
0.17	 1.6	0.25	-0.5	41_N	[-60.76955556  11.91144444  -8.84622222]
0.09	 0.42	-0.16	-0.14	41_N	[-61.49654545   9.62345455 -10.58845455]
0.09	 0.66	-0.06	-0.2	41_N	[-61.19058333   9.89604167  -8.58841667]
-0.12	 -0.17	-0.02	0.08	41_N	[-62.23078125  11.440625   -11.6313125 ]
-0.0	 0.1	0.02	-0.12	41_N	[-61.519       14.16038462 -11.04973077]
-0.14	 -0.43	0.01	0.21	41_N	[-62.843125  14.214925 -12.163675]
-0.2	 -0.78	0.03	0.28	41_N	[-60.96263158  14.34896491  -9.33964912]
0.17	 1.22	-0.02	-0.21	42_Q	[-60.943125   9.488625 -12.031125]
0.07	 0.81	-0.02	-0.17	42_Q	[-60.80983333   8.13858333 -11.64433333]
0.2	 1.4	0.3	-0.54	42_Q	[-58.90423077   5.47569231  -9.73330769]
-0.04	 0.27	-0.11	-0.09	42_Q	[-59.95489474   7.61876316 -13.50065789]
-0.03	 0.06	-0.09	-0.07	42_Q	[-59.33444   5.30788 -11.44   ]
-0.07	 -0.34	-0.09	0.1	42_Q	[-59.44491667   5.69116667 -14.49016667]
0.01	 -0.01	-0.02	-0.09	42_Q	[-57.31153571   5.90828571 -15.59553571]
-0.23	 -0.96	0.1	0.34	42_Q	[-58.464        3.56954545 -13.95130909]
0.19	 1.39	0.14	-0.39	43_A	[-55.10492857   8.33735714  -6.05289286]
-0.09	 -0.27	-0.13	0.07	44_A	[-56.30282353  10.54535294  -5.74435294]
0.14	 1.34	0.05	-0.32	44_A	[-58.81206667   8.92673333  -5.4688    ]
-0.16	 -0.6	0.02	0.2	44_A	[-58.05477273   8.61686364  -4.28075   ]
-0.16	 -0.68	-0.08	0.21	44_A	[-58.85191667  11.77853333  -6.73391667]
0.01	 0.21	-0.2	-0.04	45_L	[-60.25983333   7.13808333  -4.78075   ]
0.17	 1.33	0.1	-0.35	45_L	[-59.09394444   5.16611111  -5.57      ]
-0.17	 -0.6	-0.1	0.19	45_L	[-59.74875676   4.35405405  -4.80408108]
-0.03	 0.17	-0.06	-0.06	45_L	[-60.732        5.15482143  -8.11842857]
0.05	 0.26	-0.21	-0.0	45_L	[-62.32766667   8.63033333  -8.0645    ]
-0.2	 -1.01	0.07	0.29	45_L	[-62.73573438   6.33496875  -9.49490625]
-0.19	 -0.98	0.06	0.31	45_L	[-62.9740137    7.48246575  -6.10347945]
0.03	 -0.65	-0.03	-0.13	46_I	[-57.8125      3.09675    -6.5006875]
0.12	 0.78	-0.04	-0.22	46_I	[-55.67066667   6.4492963   -4.28781481]
-0.07	 -0.36	0.01	0.08	46_I	[-57.84175      3.29586111  -8.94219444]
0.09	 0.46	-0.04	-0.17	46_I	[-55.61505   1.66515  -7.18555]
-0.02	 -0.03	-0.04	-0.06	46_I	[-56.02033333   2.91784848 -10.86506061]
0.13	 1.0	0.05	-0.26	47_T	[-56.64055556   2.34466667  -4.70816667]
0.04	 0.27	-0.14	-0.04	47_T	[-54.95578571   5.08192857  -2.43664286]
0.09	 0.99	-0.09	-0.23	47_T	[-52.87189474   4.31557895  -2.58089474]
-0.2	 -0.64	-0.02	0.32	47_T	[-53.44348718   2.61989744  -1.16579487]
-0.23	 -1.17	0.03	0.27	47_T	[-56.13853333   3.1736      -0.428     ]
-0.2	 -0.48	-0.07	0.26	47_T	[-56.62065854   1.07268293  -2.19756098]
-0.68	 -0.83	0.08	0.28	47_T	[-58.25617742   4.25401613  -1.82545161]
-0.03	 0.39	-0.04	-0.1	48_N	[-51.49472727   2.45204545  -2.89786364]
0.08	 0.37	-0.16	-0.12	48_N	[-50.09036842   3.29368421  -4.13226316]
-0.14	 -0.58	0.03	0.16	48_N	[-52.59797297  -0.47045946  -3.21835135]
-0.04	 -0.17	-0.03	-0.05	48_N	[-52.21828571  -1.06614286  -6.204     ]
0.06	 1.1	0.05	-0.29	48_N	[-51.7996  -0.6282  -7.0282]
-0.17	 -0.63	0.08	0.26	48_N	[-54.72253333  -0.9997      -5.32088333]
-0.03	 0.35	-0.06	-0.1	49_D	[-50.03645455   0.38854545  -4.95677273]
0.03	 0.16	-0.13	-0.09	49_D	[-48.631    0.5696  -8.0626]
0.06	 0.49	0.09	-0.16	49_D	[-48.08005   2.1308   -9.2818 ]
-0.17	 -0.8	0.0	0.22	49_D	[-47.62961765   0.38291176  -6.15073529]
-0.09	 0.01	0.0	0.04	49_D	[-46.95453333   1.48213333  -3.61866667]
0.09	 0.5	0.09	-0.26	49_D	[-48.28887097   3.55022581  -3.8483871 ]
-0.09	 -0.01	0.01	0.04	49_D	[-45.14114286   1.46552381  -4.90490476]
0.03	 1.19	-0.01	-0.13	50_S	[-50.56028571  -0.14942857  -7.49871429]
-0.04	 -0.04	-0.06	-0.0	50_S	[-49.7475   0.6805 -10.215 ]
0.22	 1.12	0.08	-0.29	50_S	[-52.88983333   2.6165     -11.54905556]
-0.17	 -0.73	0.05	0.21	50_S	[-52.04878846  -0.32934615 -10.01609615]
-0.07	 -0.02	-0.07	0.04	50_S	[-54.08515152   0.16542424  -8.65145455]
0.17	 1.26	0.12	-0.36	51_K	[-50.7567037    5.49188889  -3.87811111]
-0.07	 -0.13	-0.16	0.07	51_K	[-52.70805357   7.32203571  -3.34739286]
0.1	 1.32	-0.1	-0.09	52_I	[-47.00323077   3.32369231 -10.32830769]
0.02	 -0.02	-0.06	-0.13	52_I	[-45.13047222   4.84147222 -11.31508333]
-0.0	 0.32	-0.0	-0.07	52_I	[-44.93834375   3.9243125   -8.371375  ]
0.13	 1.06	0.11	-0.38	53_T	[-48.25682609   3.2166087  -12.08108696]
0.01	 0.47	-0.16	-0.11	53_T	[-48.26481818   3.49586364 -14.76259091]
0.23	 1.27	0.1	-0.35	53_T	[-49.342        4.96705882 -16.50252941]
0.09	 0.49	-0.03	-0.16	53_T	[-51.72457895   2.12078947 -13.36763158]
-0.2	 -0.75	-0.0	0.27	53_T	[-49.274825   1.062775 -13.33215 ]
-0.17	 -0.69	0.07	0.15	53_T	[-51.02378125   2.28107813 -16.12046875]
0.06	 0.35	-0.04	-0.12	54_V	[-54.35970732   4.34287805 -14.11046341]
0.12	 0.72	-0.07	-0.16	56_K	[-48.1534   7.367  -18.1284]
0.02	 0.44	-0.02	-0.11	56_K	[-46.8123   9.0722 -18.2726]
-0.03	 0.16	0.04	-0.0	56_K	[-47.00185714   6.61039286 -16.78692857]
-0.01	 0.65	-0.09	-0.06	56_K	[-44.59463158   8.07068421 -15.19352632]
-0.07	 -0.08	-0.02	-0.05	56_K	[-45.97942857   4.72911429 -15.16402857]
-0.17	 -0.7	0.02	0.23	56_K	[-43.185375   5.989425 -14.30325 ]
-0.27	 -1.17	0.17	0.43	56_K	[-43.53682692   3.35488462 -14.28001923]
0.02	 0.24	-0.2	-0.01	57_Q	[-49.6941875   7.901125  -19.6886875]
0.15	 1.36	0.05	-0.3	57_Q	[-50.67305882   9.96982353 -20.64523529]
0.06	 -0.05	0.0	-0.17	57_Q	[-52.41683333   8.35166667 -19.7355    ]
-0.11	 -0.78	0.02	0.14	57_Q	[-50.4884       5.63634286 -19.2068    ]
0.03	 0.57	0.06	-0.12	57_Q	[-53.0682    5.02332 -18.11308]
-0.03	 -0.03	-0.27	0.07	57_Q	[-54.72464865   5.88724324 -18.25348649]
-0.26	 -0.9	0.05	0.34	57_Q	[-52.55030435   3.41802174 -18.80219565]
0.15	 1.32	0.4	-0.64	59_Q	[-45.61    13.1341 -19.6988]
0.06	 0.46	-0.02	-0.18	59_Q	[-44.57741935  12.53893548 -18.5016129 ]
0.02	 0.25	-0.12	-0.08	59_Q	[-44.5551   10.4029  -16.60305]
-0.1	 -0.22	-0.0	0.1	59_Q	[-42.13061538  11.66061538 -17.03971795]
0.15	 0.64	0.05	-0.25	59_Q	[-43.39681818  10.8135     -14.33595455]
0.15	 1.82	0.12	-0.38	60_E	[-46.26536364  10.82336364 -19.31509091]
0.11	 0.82	-0.02	-0.26	60_E	[-45.72789474  12.26636842 -20.72105263]
-0.04	 -0.1	-0.05	-0.04	60_E	[-48.0545       9.53184375 -21.20290625]
-0.15	 -0.54	-0.02	0.18	60_E	[-48.453        9.80774286 -23.64848571]
-0.2	 -0.67	-0.05	0.23	60_E	[-45.79723077   9.11907692 -24.13723077]
-0.16	 -0.64	0.1	0.18	60_E	[-44.92403226   9.75819355 -22.39148387]
-0.12	 -0.39	0.04	0.11	60_E	[-46.18555319  11.06519149 -25.44159574]
0.09	 0.7	-0.18	-0.09	61_L	[-52.15618182  10.44936364 -21.20945455]
0.12	 0.94	0.11	-0.34	61_L	[-54.65513889  11.64302778 -21.89880556]
-0.05	 0.09	-0.03	0.0	61_L	[-52.52132258  11.30820968 -23.62958065]
0.2	 1.36	0.18	-0.45	63_I	[-44.75905882  14.363      -20.37670588]
0.09	 0.72	-0.05	-0.17	63_I	[-42.28088889  15.62808333 -20.57525   ]
0.14	 1.83	0.16	-0.46	64_N	[-44.45657143  15.55685714 -25.90685714]
0.04	 0.3	0.03	-0.25	64_N	[-46.22038462  13.91915385 -26.17715385]
-0.07	 -0.21	0.04	0.07	64_N	[-46.10858621  16.61244828 -27.09624138]
-0.05	 0.04	-0.09	0.03	64_N	[-44.61963158  13.78142105 -25.85305263]
-0.13	 -0.67	0.01	0.09	64_N	[-43.06561538  13.10253846 -25.16084615]
-0.06	 -0.21	-0.03	0.05	64_N	[-42.08163333  14.8958     -24.22913333]
-0.11	 -0.24	0.01	0.13	64_N	[-43.16725455  12.55465455 -22.71750909]
0.11	 1.37	0.45	-0.69	65_K	[-47.09828571  13.34585714 -25.78842857]
-0.02	 -0.46	-0.08	-0.0	65_K	[-48.21557895  14.11963158 -27.12715789]
-0.14	 -0.46	0.05	0.17	65_K	[-49.57675676  17.23424324 -28.06056757]
0.07	 0.31	-0.1	-0.1	65_K	[-49.33981818  12.51859091 -25.58854545]
-0.14	 -0.52	-0.04	0.08	65_K	[-51.02986486  14.15562162 -28.04083784]
0.13	 1.08	0.13	-0.35	65_K	[-52.72589189  13.44183784 -26.47164865]
-0.22	 -1.11	0.05	0.31	65_K	[-53.21792105  13.97439474 -28.94576316]
-0.23	 -0.92	0.03	0.42	65_K	[-54.35316129  12.06614516 -27.80977419]
0.16	 1.16	-0.03	-0.26	66_D	[-49.79508333  19.42991667 -26.94608333]
0.06	 0.31	-0.07	-0.13	66_D	[-52.14143478  17.58108696 -26.54656522]
-0.06	 -0.14	0.01	0.05	66_D	[-51.80057143  20.2287619  -27.03942857]
0.01	 -0.44	-0.04	-0.03	66_D	[-50.65021053  21.69989474 -26.62047368]
-0.09	 -0.37	0.0	0.13	66_D	[-53.81695122  20.29997561 -25.89587805]
0.13	 0.76	-0.03	-0.21	67_P	[-47.38327273  23.32363636 -23.87109091]
0.04	 0.36	0.03	-0.1	67_P	[-47.21111429  23.11337143 -21.5636    ]
-0.11	 -0.31	-0.04	0.06	67_P	[-45.64937037  22.13048148 -24.36192593]
-0.05	 -0.05	-0.02	0.06	67_P	[-44.82066667  19.8956     -26.01776667]
-0.07	 -0.51	-0.06	0.07	67_P	[-47.59685714  20.21214286 -26.72060714]
-0.08	 -0.12	-0.07	0.07	68_T	[-49.03911111  24.88755556 -23.13772222]
0.13	 1.74	0.06	-0.3	68_T	[-49.52733333  24.23633333 -21.07766667]
-0.08	 -0.08	-0.09	0.08	68_T	[-51.54253061  24.66761224 -20.89373469]
-0.17	 -0.79	-0.05	0.21	68_T	[-51.04704762  25.53466667 -24.09252381]
-0.09	 -0.4	0.04	0.09	68_T	[-52.72767857  23.58725    -24.92171429]
-0.22	 -1.19	0.11	0.33	68_T	[-49.61367742  24.58833871 -26.35237097]
0.15	 1.84	0.12	-0.34	69_L	[-55.29493333  19.40146667 -23.55826667]
-0.03	 0.1	-0.03	0.01	69_L	[-54.94885455  22.35018182 -21.99327273]
0.08	 0.5	-0.05	-0.16	70_L	[-46.61955  23.08895 -18.8877 ]
0.07	 1.17	0.31	-0.59	70_L	[-45.47622222  23.11       -17.69433333]
0.15	 0.8	0.01	-0.28	70_L	[-44.88710526  22.09173684 -19.91336842]
0.13	 0.76	0.11	-0.35	71_D	[-48.232375    24.18359375 -18.4563125 ]
0.1	 0.66	-0.13	-0.11	71_D	[-51.1664  26.0074 -15.6672]
-0.02	 0.54	-0.06	-0.07	71_D	[-50.39578571  24.92785714 -13.67088095]
-0.15	 -0.68	-0.15	0.28	71_D	[-49.71872727  26.4670303  -17.788     ]
-0.03	 0.07	0.03	-0.01	71_D	[-47.81582609  27.11213043 -16.71095652]
0.05	 0.46	-0.02	-0.16	71_D	[-47.45557143  27.53646429 -15.08357143]
-0.16	 -0.46	0.0	0.27	71_D	[-46.86441304  27.4081087  -17.9138913 ]
0.14	 0.77	-0.01	-0.25	72_N	[-51.57594737  25.12405263 -17.83252632]
-0.22	 -0.1	0.05	0.25	72_N	[-53.22236364  25.39618182 -15.57227273]
0.02	 0.26	-0.38	0.2	72_N	[-53.55098462  23.07583077 -13.13789231]
-0.02	 0.06	-0.13	-0.03	72_N	[-53.54215789  24.26289474 -18.74973684]
0.03	 0.47	-0.01	-0.13	72_N	[-55.71125  24.22655 -16.6405 ]
-0.15	 -0.61	0.02	0.19	72_N	[-56.58436667  23.23023333 -15.5413    ]
-0.25	 -0.77	0.13	0.38	72_N	[-56.14656604  24.80303774 -18.27335849]
0.08	 0.7	-0.07	-0.13	73_F	[-57.09        19.62422727 -14.6735    ]
0.15	 0.72	-0.01	-0.21	73_F	[-57.42378947  20.73857895 -17.35331579]
0.26	 1.39	0.21	-0.48	74_L	[-48.46778947  24.28747368 -12.31605263]
0.21	 0.88	0.1	-0.35	74_L	[-46.31272  23.67368 -10.48696]
0.14	 1.13	-0.18	-0.28	75_D	[-51.51147727  22.37918182 -11.40765909]
0.15	 1.05	0.04	-0.27	75_D	[-49.54069231  22.10653846  -7.72161538]
0.16	 0.52	0.0	-0.25	75_D	[-52.83476923  20.755       -8.02284615]
-0.0	 0.23	-0.1	-0.07	75_D	[-50.97810345  20.27441379  -6.70506897]
-0.22	 -0.8	-0.15	0.24	75_D	[-52.34988889  22.83011111  -8.37861111]
-0.1	 -0.39	-0.05	0.12	75_D	[-50.64055172  24.44862069  -8.92296552]
-0.05	 -0.23	-0.08	0.0	75_D	[-48.53152941  24.28421569  -9.52627451]
-0.28	 -1.19	0.21	0.47	75_D	[-51.717075  25.591775  -8.7718  ]
0.02	 0.36	-0.13	-0.1	76_E	[-53.63389474  18.81794737  -8.03273684]
0.13	 1.06	0.05	-0.28	76_E	[-53.14423077  16.06530769  -8.45692308]
0.17	 1.78	-0.03	-0.27	76_E	[-54.11828571  16.603       -9.67285714]
-0.17	 -0.79	-0.04	0.23	76_E	[-55.784975  17.826175  -9.517175]
0.06	 0.78	0.16	-0.31	76_E	[-55.20404255  20.72557447 -10.94321277]
-0.04	 0.36	-0.0	0.02	76_E	[-56.13435714  20.27121429 -12.5195    ]
-0.18	 -0.73	-0.09	0.39	76_E	[-55.59608889  21.30213333  -9.2896    ]
0.16	 1.34	0.11	-0.39	78_I	[-48.17825     19.32091667  -5.05016667]
0.06	 0.18	-0.27	-0.11	78_I	[-47.92846667  21.15393333  -7.52453333]
0.15	 1.29	0.02	-0.3	78_I	[-46.58586364  21.76840909  -9.09095455]
0.0	 -0.05	0.01	-0.04	78_I	[-46.76475758  21.07433333  -6.18036364]
0.16	 1.07	0.05	-0.3	79_A	[-49.20811111  19.55077778  -5.89433333]
-0.04	 -0.62	-0.03	0.02	79_A	[-49.674       18.74652632  -4.05478947]
0.13	 0.37	0.04	-0.24	79_A	[-51.17158333  15.23825     -4.55625   ]
-0.05	 0.06	-0.06	-0.03	79_A	[-49.872       16.14224324  -2.36551351]
-0.2	 -0.9	0.07	0.28	79_A	[-52.40597959  17.56895918  -4.92810204]
0.11	 0.81	0.01	-0.26	80_F	[-50.14461538  13.41276923  -3.77392308]
0.1	 1.05	0.02	-0.26	80_F	[-51.30766667  13.6115      -5.30033333]
0.1	 1.21	0.16	-0.41	80_F	[-51.8828      14.16786667  -5.94653333]
0.02	 0.25	0.06	-0.18	80_F	[-51.37388235  11.98635294  -4.59811765]
0.05	 0.17	-0.0	-0.11	80_F	[-53.57023077  13.80042308  -8.19592308]
-0.04	 0.07	0.01	-0.09	80_F	[-53.20717241  10.84251724  -5.52403448]
-0.07	 -0.12	-0.16	0.06	80_F	[-54.48924  12.35204  -6.99572]
0.1	 0.98	-0.04	-0.19	81_Q	[-44.1      14.99296  -0.36092]
0.09	 0.79	-0.07	-0.2	81_Q	[-46.73852  17.6618   -1.36912]
0.09	 2.17	0.08	-0.36	81_Q	[-44.98992308  19.73861538  -1.64515385]
-0.17	 -0.56	-0.03	0.21	81_Q	[-46.79042222  19.91855556  -2.53415556]
0.16	 1.34	0.2	-0.46	81_Q	[-43.48506667  20.2024      -2.38466667]
-0.01	 0.33	0.01	-0.03	82_A	[-46.2748125  14.7940625   0.7904375]
0.06	 1.81	-0.01	-0.19	82_A	[-48.34942857  13.27885714   0.1       ]
-0.06	 -0.11	-0.14	0.01	82_A	[-48.64613636  12.44647727   1.97529545]
-0.19	 -0.87	0.06	0.28	82_A	[-48.66669118  15.99379412   0.72352941]
0.13	 1.25	0.03	-0.26	83_D	[-49.32436364  13.17227273  -1.74927273]
-0.06	 -0.3	-0.01	-0.03	83_D	[-49.88805  11.4036   -1.18125]
0.15	 1.4	0.07	-0.28	83_D	[-46.20529412  11.17982353   1.25511765]
0.17	 1.76	0.15	-0.41	83_D	[-49.92761538  11.24476923  -2.89923077]
0.03	 0.19	-0.04	-0.11	83_D	[-50.5071   8.788   -1.2018]
0.01	 0.19	-0.02	-0.1	83_D	[-49.64444444   7.00811111  -1.67372222]
-0.02	 0.06	0.0	0.04	83_D	[-51.41357895   9.73278947  -2.87989474]
0.13	 0.64	0.02	-0.23	84_K	[-49.50552941   9.43835294   0.80276471]
0.1	 0.47	-0.19	-0.13	84_K	[-46.3585   9.1115   2.7975]
0.04	 0.51	-0.12	-0.09	84_K	[-47.36325   5.94275   1.672  ]
-0.13	 -0.48	0.0	0.08	84_K	[-45.29640541   6.60489189   2.42597297]
-0.18	 -0.93	0.04	0.26	84_K	[-48.79688571   6.7942       2.66502857]
-0.12	 -0.61	0.02	0.19	84_K	[-50.11385106   8.61553191   3.75855319]
-0.07	 -0.43	0.13	0.16	84_K	[-47.35304545   9.44995455   4.52859091]
-0.23	 -1.24	0.09	0.34	84_K	[-50.01978049  10.43731707   5.62229268]
-0.28	 -1.16	0.09	0.46	84_K	[-48.27610714  11.92119643   6.03544643]
0.16	 1.42	-0.04	-0.19	85_S	[-48.2081   6.3961   0.2542]
-0.07	 0.12	-0.06	0.1	85_S	[-46.20711765   4.99188235   0.25829412]
-0.05	 -0.15	-0.12	0.04	85_S	[-47.88297297   4.76991892  -2.17445946]
0.09	 1.36	0.05	-0.25	85_S	[-45.4661875   3.64075    -2.8220625]
0.06	 0.32	0.04	-0.19	86_I	[-44.27325   4.70265  -0.65855]
-0.02	 0.21	-0.11	-0.01	86_I	[-42.01868421   3.64773684  -1.60857895]
-0.15	 -0.86	-0.02	0.2	86_I	[-41.64666667   4.19827778   1.05330556]
0.02	 0.34	0.04	-0.21	86_I	[-39.30018182   4.00469697  -2.03878788]
0.0	 0.14	-0.09	-0.06	86_I	[-41.67234783   6.67217391   2.49795652]
0.17	 1.89	0.16	-0.42	87_E	[-43.5536   4.0397  -2.7929]
0.19	 1.25	0.17	-0.37	87_E	[-42.53773913   6.3143913   -7.73708696]
0.23	 0.68	0.01	-0.23	87_E	[-44.02722222   2.79888889  -6.67066667]
-0.1	 -0.23	-0.01	0.06	87_E	[-42.71668182   2.06309091  -4.58465909]
-0.15	 -0.26	0.03	0.11	87_E	[-40.66853333   1.86953333  -6.53173333]
-0.13	 -0.54	-0.02	0.12	87_E	[-41.0724       3.80728571  -7.52588571]
-0.13	 -0.46	-0.04	0.15	87_E	[-39.59488372   2.34406977  -4.51876744]
0.03	 0.09	-0.03	-0.13	89_R	[-43.73448148  12.78992593   0.4572963 ]
0.14	 1.1	-0.17	-0.08	89_R	[-42.4154  11.9936   1.5922]
0.07	 0.42	-0.01	-0.15	89_R	[-42.62458824  10.83         2.31988235]
0.03	 0.31	-0.23	-0.05	89_R	[-44.24521053   9.54089474   2.15415789]
0.14	 1.07	-0.04	-0.19	89_R	[-42.22527273   8.36822727   2.83613636]
0.13	 0.87	-0.04	-0.19	90_K	[-40.21158333   8.48258333  -8.8965    ]
0.2	 1.39	0.09	-0.36	90_K	[-39.91753846   9.73607692  -9.93407692]
0.13	 0.56	-0.0	-0.19	90_K	[-39.75061111   6.88688889  -7.64983333]
0.21	 1.38	0.39	-0.62	90_K	[-38.02253333   4.67913333  -4.12966667]
-0.04	 0.09	-0.02	-0.0	90_K	[-36.77102778   5.91858333  -6.93263889]
-0.18	 -0.56	-0.02	0.29	90_K	[-37.11006122   3.63132653  -6.36346939]
0.16	 1.24	-0.05	-0.18	91_F	[-41.56544444   7.63388889  -8.31866667]
-0.05	 -0.19	-0.0	-0.0	91_F	[-42.075        8.75957895 -10.31863158]
0.13	 1.21	0.06	-0.33	91_F	[-41.95441667  10.83366667 -11.58458333]
0.14	 1.4	0.01	-0.22	91_F	[-43.56966667   7.45772222 -10.14211111]
0.05	 0.43	-0.08	-0.12	91_F	[-43.62833333   9.12644444 -12.87874074]
-0.0	 0.42	-0.05	-0.04	94_G	[-39.01869231  11.16725641 -12.33533333]
0.1	 0.77	-0.01	-0.21	94_G	[-41.2906087  11.8946087 -13.4773913]
0.14	 0.99	0.12	-0.35	94_G	[-39.03315385  12.85353846 -14.76373077]
0.07	 0.11	-0.04	-0.15	97_E	[-36.14771429  12.89304762 -14.44514286]
-0.01	 0.05	-0.15	-0.04	97_E	[-34.83255556  12.18985185 -12.91077778]
-0.05	 -0.01	-0.02	0.01	97_E	[-33.97522727  12.59859091 -15.90731818]
0.2	 1.49	0.14	-0.38	98_E	[-39.71956  16.99012 -19.55164]
0.2	 0.25	0.15	-0.38	98_E	[-41.80247059  14.15964706 -18.41594118]
-0.09	 -0.25	-0.13	0.06	98_E	[-40.1224   12.33388 -17.4016 ]
-0.2	 -0.62	-0.04	0.23	98_E	[-38.67338462  12.29392308 -19.21261538]
-0.12	 -0.39	0.03	0.13	98_E	[-38.51447222  14.40422222 -19.86027778]
-0.12	 -0.21	0.04	0.07	98_E	[-37.12757447  12.41525532 -17.48221277]
0.22	 1.46	0.15	-0.44	100_C	[-35.8576875  22.3024375 -18.9996875]
0.16	 1.23	0.05	-0.31	101_K	[-35.08441667  20.10391667 -19.83866667]
0.04	 0.6	-0.13	-0.12	101_K	[-38.02133333  18.92213333 -21.4136    ]
-0.22	 -0.43	-0.09	0.25	101_K	[-36.81242222  20.99377778 -21.50166667]
-0.07	 0.04	-0.04	0.03	101_K	[-36.50426923  17.47780769 -20.27392308]
0.07	 0.53	-0.0	-0.14	101_K	[-33.91205882  18.42488235 -19.50641176]
-0.03	 0.12	0.03	-0.08	101_K	[-35.334       15.36183333 -19.59727778]
-0.1	 -0.31	0.04	0.04	101_K	[-32.24910811  16.22310811 -18.77672973]
-0.13	 -0.14	-0.06	0.15	101_K	[-33.37825714  13.6474     -18.4728    ]
0.14	 1.1	0.12	-0.36	102_R	[-38.97025     18.54558333 -20.518     ]
0.15	 1.23	0.11	-0.37	102_R	[-39.20361111  20.00083333 -22.38938889]
0.19	 1.14	0.02	-0.29	102_R	[-38.23844444  22.91188889 -21.182     ]
-0.14	 -0.42	0.01	0.14	102_R	[-39.9707381   22.75040476 -22.8707381 ]
0.14	 1.81	0.12	-0.35	102_R	[-40.65525    18.3228125 -21.357375 ]
0.16	 0.98	0.03	-0.27	102_R	[-43.5043   21.94055 -21.5934 ]
-0.15	 -0.6	-0.02	0.18	102_R	[-42.43390909  21.45813636 -24.33163636]
0.12	 1.61	0.02	-0.3	102_R	[-42.988   19.887  -25.2456]
0.06	 0.37	0.11	-0.21	102_R	[-41.6628   18.25588 -24.40824]
-0.17	 -0.71	-0.03	0.27	102_R	[-39.82918333  18.67551667 -24.4019    ]
-0.09	 -0.45	0.02	0.1	102_R	[-42.51002941  16.77185294 -25.60770588]
0.0	 -0.34	-0.07	-0.12	103_D	[-39.50458824  24.56094118 -21.23494118]
0.0	 0.07	-0.07	-0.09	103_D	[-42.61016667  24.1833     -20.4614    ]
-0.13	 -0.58	0.04	0.11	103_D	[-41.91347059  26.68941176 -20.76694118]
-0.03	 -0.11	-0.08	0.0	103_D	[-39.98875     27.21591667 -20.32083333]
-0.08	 -0.39	-0.2	0.19	103_D	[-43.57321739  26.77852174 -18.91036957]
0.09	 0.34	-0.07	-0.17	104_I	[-37.664       24.70163333 -20.005     ]
0.05	 0.99	-0.06	-0.14	104_I	[-35.539     24.021625 -19.229125]
-0.06	 -0.55	0.04	0.06	104_I	[-35.55821277  26.74414894 -19.9097234 ]
0.17	 0.82	-0.06	-0.2	105_E	[-41.76727273  28.04045455 -15.65709091]
0.11	 0.09	0.01	-0.22	105_E	[-41.45185  28.8883  -14.19095]
-0.02	 -0.15	-0.04	0.02	105_E	[-41.45515385  29.17676923 -17.22292308]
-0.06	 -0.28	0.02	0.04	105_E	[-40.10444828  29.16924138 -19.72655172]
-0.13	 -0.32	-0.01	0.11	105_E	[-38.87768421  31.56621053 -19.79973684]
-0.16	 -0.52	0.12	0.24	105_E	[-39.6258  32.2584 -18.1634]
-0.11	 -0.41	-0.05	0.1	105_E	[-37.15311429  30.99482857 -19.48325714]
0.17	 1.42	0.24	-0.5	106_L	[-42.537       27.28793333 -14.19066667]
0.15	 1.0	0.02	-0.32	106_L	[-44.30595455  23.73913636 -17.89322727]
0.15	 0.9	0.1	-0.33	106_L	[-44.62726531  25.98410204 -16.42714286]
0.13	 1.23	0.43	-0.65	108_L	[-38.4609  30.1907  -9.6523]
0.22	 1.24	-0.15	-0.14	108_L	[-41.64657143  29.80414286  -9.73057143]
-7.69	 0.16	0.51	0.1	108_L	[-39.85956364  29.47321818  -8.34289091]
0.07	 0.43	-0.07	-0.1	108_L	[-41.30451724  30.41789655 -11.46217241]
-0.05	 -0.06	-0.07	0.07	108_L	[-39.96723188  32.47791304 -13.88082609]
0.17	 1.57	0.17	-0.43	108_L	[-38.15095238  31.59080952  -9.80947619]
-0.11	 -0.4	-0.18	0.11	109_K	[-42.22038462  28.38461538  -7.87338462]
0.16	 0.87	0.05	-0.31	109_K	[-40.77863158  26.41136842  -7.11515789]
-0.03	 0.11	-0.06	-0.03	109_K	[-43.37163158  25.57973684  -7.28560526]
-0.1	 -0.32	0.02	0.1	109_K	[-44.11466667  28.40985714  -9.36569048]
0.16	 1.8	0.12	-0.37	109_K	[-44.86428571  25.65814286  -9.97885714]
-0.07	 -0.1	-0.02	0.02	109_K	[-44.52963889  28.44077778 -12.61      ]
-0.01	 0.43	0.0	-0.12	109_K	[-47.32810811  26.6017027  -11.21256757]
-0.25	 -0.82	0.02	0.33	109_K	[-47.679      28.6011875 -12.6523125]
0.16	 1.12	0.1	-0.33	110_L	[-44.40521429  23.13507143  -8.94939286]
0.05	 0.44	-0.05	-0.19	111_I	[-37.1674902   27.87062745  -6.22513725]
0.22	 1.19	0.16	-0.41	112_A	[-39.429       26.15357895  -5.89415789]
0.19	 1.02	0.05	-0.28	112_A	[-37.41826667  25.2316      -2.3972    ]
0.12	 0.49	-0.01	-0.22	112_A	[-40.85288889  23.14244444  -2.32744444]
0.03	 -0.23	-0.12	-0.05	112_A	[-39.12945455  23.1215      -1.31968182]
-0.2	 -0.69	-0.07	0.3	112_A	[-40.22257746  26.20185915  -2.99839437]
0.17	 1.18	0.02	-0.28	113_N	[-41.85208333  21.85        -2.76466667]
0.06	 0.26	-0.09	-0.1	113_N	[-42.53116667  23.25516667  -3.66508333]
-0.07	 -0.37	-0.05	0.07	113_N	[-44.50521875  22.12075     -3.92140625]
0.03	 0.57	0.04	-0.07	113_N	[-43.55034615  23.72161538  -5.70876923]
0.15	 1.26	0.03	-0.25	115_N	[-35.96633333  21.641        0.14033333]
0.06	 0.55	-0.04	-0.12	115_N	[-35.83268  23.8964   -1.54848]
0.06	 0.31	-0.05	-0.09	115_N	[-34.08528571  22.719        0.30628571]
-0.01	 0.36	-0.05	-0.14	115_N	[-32.73247727  24.58040909  -1.27581818]
0.14	 1.18	0.11	-0.35	116_M	[-37.67353846  21.95776923  -0.42569231]
-0.01	 0.02	-0.09	-0.12	116_M	[-37.812      20.159125    1.5056875]
0.07	 0.57	-0.05	-0.15	116_M	[-38.62505882  17.80341176   1.95847059]
-0.15	 -0.86	0.03	0.25	116_M	[-39.90617143  21.17         1.10242857]
0.02	 0.24	0.0	-0.11	116_M	[-41.81185714  20.84346429  -0.72532143]
-0.13	 -0.51	0.04	0.12	116_M	[-41.19192308  17.61087179   1.46497436]
-0.08	 -0.12	-0.03	0.05	116_M	[-43.8630566   18.20337736   0.08739623]
0.2	 1.55	0.24	-0.5	117_L	[-41.58259259  14.98307407  -0.89051852]
0.1	 0.34	0.06	-0.2	118_L	[-32.62178261  15.66865217   1.65334783]
0.15	 0.12	0.0	-0.25	118_L	[-31.58210526  17.80042105   0.50257895]
0.24	 1.57	0.19	-0.44	118_L	[-29.96236842  18.69810526  -0.24163158]
0.04	 0.49	-0.04	-0.1	119_R	[-34.34526667  16.08         3.74166667]
0.15	 1.14	0.03	-0.28	119_R	[-36.63370588  15.845        3.42135294]
-0.19	 -0.89	-0.02	0.29	119_R	[-36.82116216  15.81681081   4.95367568]
-0.08	 -0.41	-0.0	0.07	119_R	[-36.34712  18.46592   3.87364]
-0.13	 -0.63	0.08	0.18	119_R	[-33.32530303  18.3949697    3.91690909]
-0.02	 -0.18	-0.03	0.04	119_R	[-35.13108333  21.1065       2.85411111]
-0.2	 -0.76	-0.05	0.22	119_R	[-33.32719231  21.55876923   4.70984615]
-0.05	 0.17	-0.11	0.05	119_R	[-32.138       21.82693333   2.97446667]
0.08	 0.56	0.07	-0.25	119_R	[-30.94813793  20.16444828   2.0187931 ]
-0.24	 -1.01	0.05	0.4	119_R	[-30.71124  22.80616   4.23992]
0.07	 0.25	0.06	-0.17	120_D	[-38.962       14.94642105   2.39652632]
0.12	 1.48	0.01	-0.31	120_D	[-36.5072  13.6618   5.1582]
-0.03	 -0.05	-0.01	-0.01	120_D	[-35.28556522  12.4496087    4.32865217]
0.14	 0.76	0.05	-0.38	120_D	[-40.0167  12.634    3.0308]
0.0	 0.64	-0.05	-0.06	120_D	[-40.78105714  13.39125714   1.46377143]
0.0	 -0.08	-0.07	-0.0	121_E	[-38.92108333  13.22591667   4.7605    ]
-0.09	 -0.58	-0.08	0.12	121_E	[-36.93804  12.37572   6.16448]
0.11	 1.39	0.09	-0.37	121_E	[-36.47805   9.8722    5.01575]
-0.12	 -0.46	-0.03	0.17	121_E	[-36.06039216   9.11833333   5.88664706]
-0.23	 -1.03	0.05	0.29	121_E	[-39.08854839  11.48919355   7.20335484]
0.05	 0.55	-0.06	-0.15	121_E	[-40.3719    9.92828   4.78236]
-0.14	 -0.73	-0.01	0.13	121_E	[-41.47763333   9.70913333   6.68993333]
-0.15	 -0.48	0.08	0.31	121_E	[-42.81907407   9.41048148   5.14907407]
-0.28	 -1.06	0.13	0.42	121_E	[-41.2985122   10.02553659   8.28304878]
0.03	 1.03	-0.07	-0.09	122_N	[-37.552        7.35292308   4.36838462]
0.13	 1.51	0.24	-0.49	122_N	[-34.86735294   9.54864706   3.45470588]
0.14	 0.75	-0.04	-0.2	122_N	[-39.40370588   7.31811765   3.60852941]
-0.11	 -0.31	0.07	0.1	122_N	[-38.02039623   4.70126415   2.54341509]
0.16	 1.49	0.1	-0.31	123_V	[-35.42969231   6.93569231   3.81838462]
0.14	 1.74	0.27	-0.53	123_V	[-33.73755556   9.24277778   3.12044444]
-0.1	 -0.21	-0.13	0.11	123_V	[-32.60163235   7.72507353   4.68154412]
-0.08	 -0.19	-0.01	0.04	123_V	[-32.66883333   4.71890741   2.55881481]
0.14	 1.62	0.19	-0.45	124_N	[-33.61728571   6.02335714  -2.84592857]
0.18	 0.67	0.09	-0.27	124_N	[-34.52994737   6.97089474  -4.20194737]
0.04	 0.54	-0.12	-0.15	124_N	[-36.063        4.61644828  -3.23317241]
-0.19	 -0.6	-0.46	0.43	124_N	[-35.04025      3.18608333  -2.60075   ]
-0.1	 0.09	-0.02	0.1	124_N	[-33.05557576   3.31775758  -1.63569697]
-0.16	 -0.39	0.01	0.22	124_N	[-35.75161404   2.96949123   0.06701754]
0.14	 0.97	0.01	-0.26	126_V	[-30.59282143  13.37467857   1.35457143]
0.05	 0.46	0.0	-0.19	126_V	[-33.63007895  12.16628947   2.70755263]
0.15	 1.23	0.15	-0.4	127_K	[-31.63733333   8.44361111  -5.89427778]
0.13	 -0.3	0.08	-0.23	127_K	[-31.78153333   7.11133333  -4.07606667]
0.06	 0.02	-0.1	-0.1	127_K	[-31.32511111   5.24588889  -3.04516667]
-0.1	 -0.31	0.03	0.09	127_K	[-29.95084   3.95798  -0.70488]
0.14	 0.87	0.04	-0.25	128_K	[-33.30983333   8.24316667  -5.25233333]
0.15	 0.66	0.06	-0.27	128_K	[-33.33216667   8.73875     -7.15883333]
0.14	 1.84	0.02	-0.22	128_K	[-34.857        8.06355556  -6.21277778]
0.07	 0.68	0.09	-0.29	128_K	[-34.55878947   9.24202632  -9.06805263]
0.0	 0.47	-0.11	0.01	128_K	[-37.7138       8.31146667  -9.64276667]
-0.19	 -0.58	0.05	0.21	128_K	[-35.94613462   9.47825    -11.57230769]
0.1	 0.56	-0.04	-0.25	131_L	[-31.95852632  12.35289474 -11.45426316]
0.12	 0.89	-0.07	-0.21	131_L	[-29.68529167  12.24433333 -11.57241667]
0.01	 0.39	-0.09	-0.04	131_L	[-31.95269444  10.30494444 -10.27844444]
-0.19	 -0.66	0.01	0.26	131_L	[-30.94591803   7.63281967  -9.22678689]
-0.03	 0.41	0.01	-0.07	131_L	[-27.55989286   9.51108929  -9.45614286]
0.18	 1.35	0.22	-0.48	132_T	[-34.1628      12.1462     -10.66016667]
0.19	 1.43	0.09	-0.33	134_T	[-26.17247619  16.84638095 -11.14990476]
0.05	 0.4	-0.01	-0.2	134_T	[-26.60945763  16.61049153 -14.10688136]
0.17	 1.68	0.18	-0.45	134_T	[-27.884625   12.8175    -11.6831875]
0.25	 1.48	0.4	-0.63	134_T	[-26.14976  12.4854   -9.54716]
-0.13	 0.1	-0.24	0.11	134_T	[-25.41661972  13.94195775 -12.34819718]
0.19	 1.64	0.2	-0.46	135_Q	[-30.06179167  17.34204167 -16.56858333]
0.18	 1.27	0.36	-0.59	135_Q	[-30.75172727  16.04881818 -16.53090909]
0.14	 0.72	-0.03	-0.15	135_Q	[-31.59475   12.755375 -13.805625]
0.09	 0.6	0.2	-0.35	135_Q	[-29.43975     13.60785714 -16.02771429]
-0.1	 -0.06	-0.07	0.07	135_Q	[-29.71521212  14.43618182 -17.53087879]
-0.17	 -0.46	0.02	0.24	135_Q	[-28.68972414  12.21981034 -15.20803448]
0.08	 0.9	0.03	-0.26	137_Y	[-26.49712  19.61928 -11.61316]
0.14	 1.36	0.33	-0.57	137_Y	[-25.2796  20.8474 -10.7098]
0.12	 0.76	0.03	-0.28	137_Y	[-24.52889474  21.05894737 -12.19973684]
0.21	 1.31	0.08	-0.34	137_Y	[-24.46538095  24.96580952  -8.55709524]
0.12	 0.8	-0.34	-0.11	137_Y	[-22.99085714  26.17052381  -9.53854762]
0.2	 1.87	0.18	-0.44	138_K	[-26.609       20.06685714 -13.87      ]
0.1	 1.09	0.05	-0.28	138_K	[-27.8507  22.1015 -18.418 ]
0.12	 1.26	-0.02	-0.3	138_K	[-27.21841667  23.23975    -19.00283333]
0.17	 1.6	0.13	-0.39	138_K	[-25.7130625   20.45796875 -16.29459375]
0.09	 0.69	0.0	-0.23	138_K	[-26.89573913  19.70930435 -18.55743478]
0.1	 0.56	-0.07	-0.17	138_K	[-24.64313333  18.32803333 -16.8853    ]
-0.03	 0.32	-0.19	-0.01	138_K	[-27.92410714  16.87121429 -18.18857143]
-0.1	 -0.43	-0.28	0.14	138_K	[-25.80138889  15.35357407 -17.36940741]
0.08	 0.47	-0.12	-0.18	139_V	[-29.79473684  22.632      -19.08294737]
0.17	 0.43	0.09	-0.31	139_V	[-31.68126087  25.18086957 -18.7343913 ]
-0.09	 -0.1	-0.08	0.04	139_V	[-33.23013043  22.503      -19.3115    ]
-0.02	 -0.24	-0.06	-0.01	139_V	[-30.86930612  19.62022449 -18.6867551 ]
0.15	 0.61	-0.03	-0.28	142_Q	[-29.59292857  24.46278571 -20.02214286]
0.02	 0.04	-0.08	-0.03	142_Q	[-29.92766667  26.08737037 -21.40951852]
0.03	 0.62	0.19	-0.26	142_Q	[-27.88838462  24.14753846 -23.07088462]
-0.08	 0.09	-0.04	-0.02	142_Q	[-27.86169811  23.0694717  -21.60388679]
-0.08	 -0.05	-0.08	0.06	142_Q	[-27.34692  24.9644  -24.01698]
0.18	 1.1	0.14	-0.39	143_W	[-30.77753846  26.50438462 -19.61092308]
0.05	 -0.01	-0.06	-0.13	143_W	[-31.47395652  28.3123913  -20.37895652]
0.2	 1.26	0.11	-0.39	143_W	[-31.7246  30.9406 -20.3452]
0.16	 1.16	0.03	-0.28	143_W	[-32.51045455  26.70772727 -18.97745455]
-0.03	 -0.01	-0.06	-0.01	143_W	[-34.01409091  29.78875758 -20.02369697]
0.12	 0.7	-0.1	-0.22	143_W	[-35.35435714  31.83371429 -18.72585714]
0.23	 0.92	0.09	-0.37	143_W	[-37.13375     31.935875   -15.72395833]
0.01	 0.4	0.03	-0.13	145_V	[-26.3854   33.76956 -21.94612]
0.08	 0.62	-0.02	-0.18	145_V	[-24.91378947  30.48715789 -22.38794737]
0.03	 0.02	-0.01	-0.04	146_K	[-27.758       31.97627778 -23.637     ]
0.12	 0.85	-0.1	-0.17	146_K	[-29.8668125  33.169625  -22.740125 ]
-0.03	 -0.09	-0.13	0.02	146_K	[-30.36244444  33.8898     -24.16322222]
-0.0	 0.21	-0.16	0.05	146_K	[-30.71724324  30.52991892 -23.08664865]
-0.04	 -0.51	-0.06	0.07	146_K	[-27.9874375  30.37175   -24.7521875]
-0.11	 -0.47	0.03	0.13	146_K	[-30.41545  28.11435 -24.1567 ]
-0.25	 -1.2	0.12	0.36	146_K	[-29.10445238  27.80364286 -26.56702381]
-0.15	 -0.41	0.06	0.18	146_K	[-26.62519231  27.96736538 -25.00771154]
0.16	 1.22	0.13	-0.39	147_S	[-31.45818182  32.08363636 -21.30118182]
-0.02	 -0.21	-0.07	-0.0	147_S	[-32.41752632  33.49805263 -21.71547368]
0.11	 1.17	0.01	-0.3	147_S	[-29.8404  35.766  -22.8562]
0.04	 0.28	0.01	-0.15	147_S	[-29.10956757  36.24332432 -20.70202703]
0.17	 0.83	-0.03	-0.17	147_S	[-33.32428571  35.03       -20.00185714]
0.04	 0.12	0.03	-0.14	147_S	[-33.443       32.98642857 -19.53778571]
0.08	 0.52	0.05	-0.25	148_R	[-32.83532  35.46172 -22.26352]
-0.03	 -0.16	-0.03	0.02	148_R	[-30.51994444  37.57161111 -23.2975    ]
0.09	 0.3	-0.16	-0.04	148_R	[-32.20554545  39.84236364 -22.355     ]
-0.15	 -0.6	0.13	0.22	148_R	[-30.42114894  39.37070213 -20.94255319]
-0.1	 -0.6	-0.08	0.13	148_R	[-33.93414634  38.1912439  -23.32485366]
-0.15	 -0.77	0.06	0.16	148_R	[-31.95252273  37.87797727 -25.38336364]
-0.12	 -0.62	0.05	0.13	148_R	[-34.1616    35.840475 -25.350125]
-0.17	 -0.82	-0.1	0.18	148_R	[-33.3527037   37.03514815 -27.718     ]
-0.14	 -0.41	-0.05	0.2	148_R	[-32.62357692  35.28323077 -27.62630769]
-0.17	 -0.53	-0.07	0.29	148_R	[-32.21161818  33.70616364 -26.41129091]
-0.3	 -1.28	0.23	0.49	148_R	[-32.54884615  34.96830769 -29.52830769]
0.11	 0.23	-0.11	-0.08	149_V	[-33.99077778  37.37966667 -20.93433333]
0.14	 1.96	0.05	-0.31	149_V	[-31.38672727  39.27363636 -18.84636364]
0.0	 -0.1	0.03	-0.12	149_V	[-34.5501      36.53606667 -18.5866    ]
-0.09	 -0.41	-0.07	0.1	149_V	[-33.81105263  40.85189474 -20.93384211]
-0.16	 -0.76	-0.09	0.32	149_V	[-35.86616901  39.85209859 -18.86921127]
-0.22	 -0.95	0.07	0.33	149_V	[-33.03736066  41.96767213 -18.40963934]
0.07	 0.84	-0.07	-0.15	150_I	[-31.865       39.63092308 -17.08938462]
0.15	 1.36	0.0	-0.27	150_I	[-34.60926667  40.01613333 -15.78953333]
-0.06	 -0.25	-0.14	0.07	150_I	[-33.1655      40.20259091 -13.93595455]
0.08	 0.58	-0.03	-0.15	150_I	[-30.65263636  38.27430303 -14.62306061]
0.04	 0.52	-0.17	-0.15	150_I	[-30.70707143  37.95814286 -17.62785714]
0.05	 0.4	-0.05	-0.11	150_I	[-28.96446667  37.27713333 -17.19633333]
0.11	 0.83	0.09	-0.36	151_S	[-35.77411538  38.04111538 -15.80411538]
-0.11	 -0.17	-0.21	0.11	151_S	[-35.95459091  39.96722727 -14.02145455]
0.1	 0.91	0.08	-0.33	151_S	[-34.6656  40.1536 -12.6322]
-0.18	 -1.1	-0.02	0.28	151_S	[-37.89422449  38.41810204 -13.90177551]
-0.02	 0.4	-0.1	-0.09	151_S	[-37.52044444  35.626      -13.86862963]
0.14	 1.25	0.11	-0.4	152_E	[-35.47222581  39.99222581 -11.50090323]
0.1	 1.88	0.21	-0.47	152_E	[-33.77253846  38.87546154  -8.67207692]
0.1	 0.72	-0.04	-0.16	152_E	[-36.49257143  37.553       -7.81335714]
-0.07	 -0.47	-0.18	0.02	152_E	[-34.61610526  37.44410526  -7.55784211]
-0.14	 -0.47	0.03	0.12	152_E	[-36.37735897  39.88530769  -8.25628205]
-0.2	 -0.82	-0.05	0.24	152_E	[-34.38260526  41.866       -8.18457895]
-0.05	 -0.41	-0.13	0.06	152_E	[-35.719       42.189      -10.27673684]
-0.34	 -1.32	0.29	0.55	152_E	[-35.36594286  44.1656      -9.86291429]
-0.33	 -1.08	0.02	0.42	152_E	[-37.3715      41.7622     -10.95096667]
0.05	 0.77	-0.06	-0.08	153_L	[-37.9316      37.8802      -9.78386667]
0.1	 0.95	-0.01	-0.19	153_L	[-37.71266667  36.27225     -7.88316667]
0.14	 0.77	0.11	-0.36	153_L	[-36.79566667  32.60455556  -8.85138889]
0.01	 -0.0	-0.07	-0.07	153_L	[-39.44657895  36.09492105 -10.94334211]
0.19	 1.45	0.29	-0.54	153_L	[-40.28790909  32.77545455  -9.53572727]
-0.5	 -0.72	0.21	0.23	153_L	[-39.40272464  34.07608696  -7.49514493]
-0.24	 -1.16	0.06	0.4	153_L	[-41.70415873  34.92826984  -9.88663492]
0.21	 1.3	0.14	-0.41	154_Q	[-36.495       33.7105     -14.18872222]
0.04	 0.24	-0.23	0.25	154_Q	[-35.49293333  34.14351111 -16.79555556]
0.15	 1.1	0.44	-0.67	155_E	[-31.854       35.72942857  -7.40571429]
0.08	 0.35	0.02	-0.16	155_E	[-31.692375    37.11483333  -8.25004167]
0.2	 1.4	0.18	-0.45	155_E	[-30.26192857  37.9385     -12.4495    ]
0.04	 -0.16	-0.05	-0.08	155_E	[-31.05433333  39.23687879 -10.47942424]
-0.11	 -0.07	-0.12	0.04	155_E	[-32.4137381   40.48252381 -10.26407143]
-0.21	 -0.45	0.06	0.25	155_E	[-29.34966667  39.475       -9.27803333]
0.14	 1.37	0.17	-0.41	156_A	[-33.01833333  35.82791667  -7.12008333]
0.05	 0.42	-0.22	-0.03	156_A	[-32.85426667  34.48733333  -5.56713333]
0.13	 0.67	-0.1	-0.17	156_A	[-34.8478125  31.56275    -6.0550625]
0.23	 1.17	0.06	-0.32	156_A	[-33.21278571  32.05121429  -4.91592857]
-0.19	 -0.62	-0.01	0.24	156_A	[-35.51507692  34.77298462  -5.75349231]
0.12	 1.0	0.03	-0.26	157_C	[-35.86858333  32.46875     -7.63666667]
0.1	 0.39	0.08	-0.26	157_C	[-35.35355  30.22185  -7.3372 ]
0.11	 1.39	0.11	-0.36	157_C	[-36.73418182  30.29786364  -9.15127273]
0.05	 0.16	-0.05	-0.15	158_W	[-26.70134483  32.13386207  -8.95951724]
-0.0	 0.34	0.01	-0.08	158_W	[-25.08354167  30.82189583 -10.669625  ]
0.16	 0.73	-0.01	-0.28	158_W	[-24.44422727  28.37331818  -9.97986364]
0.13	 0.59	-0.18	-0.07	159_D	[-27.99875   31.201625  -5.3815  ]
0.1	 0.84	0.02	-0.26	159_D	[-30.77905882  30.08447059  -3.58058824]
-0.09	 -0.92	-0.2	-0.0	159_D	[-28.64633333  29.84919048  -3.81942857]
-0.14	 -0.76	-0.04	0.19	159_D	[-30.5866      32.31433333  -4.00026667]
-0.19	 -0.89	-0.04	0.23	159_D	[-28.65492308  34.03961538  -4.37507692]
-0.06	 -0.2	0.07	0.04	159_D	[-27.65968421  33.32273684  -6.19678947]
-0.14	 -0.2	0.09	0.1	159_D	[-30.44142553  35.25908511  -5.47793617]
0.16	 1.44	-0.09	-0.22	160_M	[-31.75105263  28.34410526  -3.11489474]
0.21	 1.48	0.24	-0.49	160_M	[-31.50595833  25.98266667  -3.10291667]
0.14	 1.45	0.19	-0.46	160_M	[-34.84066667  29.08344444  -5.77744444]
0.14	 1.56	0.16	-0.41	160_M	[-33.8340625  27.5946875  -3.5320625]
-0.17	 -0.65	-0.08	0.16	160_M	[-34.38248485  29.87013636  -3.24657576]
-0.14	 -0.48	-0.0	0.18	160_M	[-35.76256962  27.62906329  -1.57391139]
0.1	 0.89	0.0	-0.26	162_S	[-25.98455556  27.60366667  -4.06188889]
-0.02	 -0.2	-0.07	-0.02	162_S	[-24.9663125  25.8079375  -4.080375 ]
0.05	 0.29	-0.09	-0.08	162_S	[-26.4904      29.65083333  -6.3425    ]
-0.12	 -0.09	-0.3	0.13	162_S	[-24.45331818  27.73645455  -6.6700303 ]
0.12	 1.2	0.09	-0.31	163_A	[-27.2679  28.3356  -3.6068]
-0.12	 -0.72	-0.01	0.18	163_A	[-26.3735      26.90328571  -2.08807143]
0.18	 1.28	0.45	-0.66	163_A	[-29.70692857  24.89421429  -1.50028571]
0.16	 1.16	-0.01	-0.23	163_A	[-26.75294118  24.88805882  -0.69458824]
-0.19	 -0.7	-0.07	0.26	163_A	[-29.08867164  27.44144776  -1.26883582]
0.15	 1.38	0.43	-0.66	165_A	[-23.654375  22.852     -4.7865  ]
0.14	 0.7	0.05	-0.26	165_A	[-24.25160606  23.69781818  -6.50718182]
0.15	 1.22	-0.04	-0.21	166_G	[-23.90609091  23.77127273  -4.28963636]
-0.11	 -0.29	-0.02	0.12	166_G	[-23.56602632  24.10894737  -1.99236842]
0.1	 0.9	-0.05	-0.16	166_G	[-24.62570588  23.355        0.21605882]
0.13	 0.66	0.05	-0.27	166_G	[-2.25098e+01  2.20452e+01 -3.50000e-03]
0.13	 2.16	0.08	-0.3	167_D	[-26.4085      20.97883333   1.9845    ]
0.12	 0.88	-0.06	-0.19	167_D	[-26.29842857  18.8217619    1.8592381 ]
0.1	 0.53	0.04	-0.17	167_D	[-28.55652174  19.90921739   0.88178261]
0.09	 1.04	0.07	-0.29	167_D	[-28.50763158  22.62684211   1.65310526]
-0.11	 -0.38	-0.11	0.17	167_D	[-27.39342857  23.60695238   2.00407143]
0.02	 0.37	0.02	-0.03	167_D	[-30.22477778  23.81411111   0.52222222]
0.16	 0.72	0.07	-0.27	169_I	[-20.04755  17.7192    1.253  ]
0.12	 1.61	0.16	-0.43	169_I	[-21.3254  21.6808  -1.5475]
-0.01	 0.44	-0.08	-0.14	169_I	[-19.30115873  20.52206349  -0.78131746]
-0.05	 0.2	-0.01	-0.0	169_I	[-20.55392982  22.44233333  -4.22312281]
0.22	 1.54	0.19	-0.45	170_L	[-20.73394737  19.03873684   2.21257895]
0.18	 1.62	-0.02	-0.27	170_L	[-24.393375  17.596125   3.5925  ]
0.05	 0.25	-0.03	-0.15	170_L	[-23.09312903  16.72696774   4.40712903]
0.0	 -0.15	-0.02	-0.06	170_L	[-23.96028571  19.61085714   3.83214286]
0.13	 0.94	0.02	-0.21	170_L	[-21.888   21.9357   1.6289]
-0.18	 -0.65	-0.0	0.25	170_L	[-24.34445313  22.76848438   3.45209375]
-0.23	 -1.03	-0.01	0.33	170_L	[-20.86161905  21.56290476   3.86044444]
0.19	 1.36	0.12	-0.38	171_L	[-27.4395  17.5447   1.2539]
0.05	 0.5	-0.09	-0.15	171_L	[-29.0902069   16.38189655   0.6117931 ]
-0.08	 -0.25	-0.01	0.08	171_L	[-27.3807625  15.30335     3.3025625]
0.15	 0.67	0.04	-0.27	172_L	[-18.86031818  12.275        3.994     ]
0.12	 0.84	-0.03	-0.22	172_L	[-18.64778788  15.45012121   1.81251515]
0.1	 0.52	0.04	-0.27	172_L	[-17.60337037  16.68996296  -0.16511111]
0.05	 0.61	0.09	-0.25	173_D	[-19.9592381   12.85         5.70161905]
0.11	 0.1	-0.12	-0.1	173_D	[-22.3545625  13.967625    6.1878125]
-0.14	 -0.75	-0.06	0.22	173_D	[-22.13544186  13.32134884   7.75711628]
-0.14	 -0.74	0.02	0.15	173_D	[-20.74476667  16.16333333   6.66126667]
-0.09	 -0.1	-0.1	0.13	173_D	[-18.43671429  16.338        5.74538095]
-0.14	 -0.6	-0.18	0.41	173_D	[-17.56813333  14.88215556   5.06437778]
-0.15	 -0.36	0.01	0.18	173_D	[-19.25627273  17.87869091   4.64274545]
0.18	 1.42	0.21	-0.46	174_S	[-23.96516667  14.38683333   4.75416667]
-0.1	 0.54	-0.05	0.07	174_S	[-25.07894444  13.30805556   5.9135    ]
0.14	 1.33	-0.15	-0.2	174_S	[-22.459       11.16028571   7.775     ]
0.1	 0.19	0.03	-0.19	174_S	[-21.48063158  10.56289474   6.57026316]
0.06	 0.35	-0.23	-0.0	174_S	[-26.2242  12.9894   4.9526]
0.11	 0.99	0.08	-0.26	174_S	[-27.1137      11.3969       4.85653333]
0.02	 0.21	-0.09	-0.1	175_D	[-25.06622222  11.54527778   7.61011111]
-0.03	 0.23	-0.11	-0.01	175_D	[-22.78694118   9.21688235   8.44458824]
0.09	 1.28	0.28	-0.53	175_D	[-26.23314286   7.31128571   7.65414286]
-0.14	 -0.55	0.02	0.2	175_D	[-24.6278     6.375675   7.903675]
-0.17	 -0.86	-0.01	0.24	175_D	[-24.09681633   9.462       10.07540816]
-0.1	 -0.7	-0.08	0.14	175_D	[-26.44268   9.45364   9.63408]
-0.16	 -0.77	0.03	0.19	175_D	[-27.44656667   9.08353333   8.1266    ]
-0.3	 -1.26	0.27	0.52	175_D	[-27.09997436   9.54982051  11.10558974]
-0.03	 0.16	-0.06	-0.11	176_N	[-26.4924375   6.2195      6.2961875]
0.05	 0.54	-0.1	-0.14	176_N	[-28.3031       8.14726667   5.78853333]
0.07	 0.61	-0.07	-0.2	176_N	[-27.15477778   5.174        4.52733333]
0.1	 0.5	0.02	-0.27	176_N	[-28.52762963   5.44574074   2.32718519]
-0.22	 -0.63	0.01	0.31	176_N	[-29.55582222   5.40271111   5.11137778]
0.06	 0.33	0.05	-0.15	177_D	[-24.84186364   5.01731818   4.70104545]
0.19	 1.13	0.03	-0.32	177_D	[-23.90646154   4.11492308   0.379     ]
-0.16	 -0.78	0.01	0.2	177_D	[-24.0477    3.1641    3.05875]
0.02	 0.21	-0.05	-0.0	177_D	[-21.42745455   2.77236364   3.62754545]
-0.03	 0.05	-0.0	-0.05	177_D	[-21.90467391   2.16269565   1.17547826]
-0.01	 -0.18	-0.05	-0.06	178_G	[-26.10969231   4.34746154   1.93315385]
-0.03	 -0.16	0.04	-0.05	178_G	[-26.42381081   4.50078378  -0.61859459]
-0.01	 0.15	-0.02	-0.05	179_I	[-29.85002  10.88698   3.4562 ]
0.12	 0.66	-0.06	-0.22	180_R	[-19.62844444   9.72611111   4.59718519]
0.16	 0.91	-0.06	-0.29	180_R	[-19.11668421   7.77821053   3.99173684]
-0.06	 0.49	0.32	0.23	180_R	[-19.59057143   7.14764286   5.24164286]
-0.13	 -0.59	-0.01	0.17	180_R	[-21.14713636   7.59890909   7.01513636]
-0.1	 -0.22	-0.04	0.09	180_R	[-20.91889744   5.04174359   5.51882051]
0.19	 1.06	0.12	-0.36	181_T	[-24.732        5.23823077  -3.06615385]
0.12	 0.85	0.04	-0.29	181_T	[-23.015125     4.20095833  -1.66683333]
-0.07	 0.1	-0.07	0.02	181_T	[-23.50502778   5.42763889  -5.48990278]
0.21	 1.53	0.27	-0.54	182_H	[-24.90758333   8.15058333  -5.80333333]
0.1	 1.31	-0.01	-0.25	182_H	[-25.85218182   7.67218182  -5.75772727]
0.14	 0.82	0.05	-0.26	182_H	[-26.84152941   8.34588235  -6.88058824]
-0.08	 -0.23	-0.03	0.1	182_H	[-27.50555319   5.28189362  -4.51529787]
-0.07	 -0.1	-0.0	-0.01	182_H	[-29.35844118   6.51967647  -6.20058824]
0.18	 0.55	0.05	-0.28	185_K	[-22.52944828  12.56655172 -10.93051724]
-0.05	 0.44	-0.13	-0.09	185_K	[-24.71810714  10.73014286  -9.42307143]
-0.08	 0.21	-0.07	-0.03	185_K	[-24.08915385   8.22658974  -7.93533333]
-0.02	 0.29	-0.0	-0.09	185_K	[-21.48094737   6.87431579  -8.51915789]
-0.13	 -0.72	0.01	0.17	185_K	[-22.42395349   8.48193023 -11.21525581]
-0.08	 -0.24	-0.03	0.07	185_K	[-19.83572   7.38182 -11.52202]
0.15	 0.99	0.11	-0.36	186_F	[-23.41184615  16.44546154 -10.155     ]
0.18	 1.81	0.08	-0.36	186_F	[-25.11875   16.982875  -9.682875]
0.14	 0.72	0.05	-0.26	186_F	[-25.03716667  18.4285      -9.61570833]
0.12	 1.38	0.15	-0.41	186_F	[-24.80088235  19.87447059  -9.42023529]
0.19	 1.69	0.03	-0.33	188_E	[-19.03307692  13.42853846 -13.17169231]
0.09	 0.42	-0.1	-0.16	188_E	[-20.39972727  11.86477273 -12.07668182]
-0.03	 0.0	-0.05	-0.01	188_E	[-19.01931707  11.1592439  -13.97429268]
0.17	 1.45	0.27	-0.53	189_G	[-20.833       13.55354545 -11.88418182]
-0.05	 -0.07	-0.26	0.12	189_G	[-21.88822807  15.2055614  -12.9444386 ]
-0.03	 -0.05	-0.03	-0.08	189_G	[-22.36011765  17.90247059 -12.77464706]
0.1	 0.74	-0.05	-0.22	189_G	[-20.92942857  17.59061905 -14.80890476]
0.14	 0.9	-0.0	-0.2	190_L	[-22.57154545  18.05963636 -10.58381818]
0.1	 1.1	-0.01	-0.24	190_L	[-22.29584211  19.77721053 -11.94878947]
0.16	 1.25	0.12	-0.4	190_L	[-22.86394737  19.334       -9.71352632]
0.18	 1.79	0.21	-0.44	190_L	[-22.985375   21.851      -9.5186875]
0.12	 0.43	0.03	-0.23	190_L	[-20.634       22.57578378  -7.02302703]
0.15	 0.93	-0.14	-0.14	192_V	[-19.58555556  16.41088889 -15.46555556]
-0.07	 -0.01	-0.24	0.07	192_V	[-19.36904762  16.83352381 -17.63940476]
0.13	 0.64	0.02	-0.28	192_V	[-17.86917073  14.32334146 -15.16982927]
0.21	 1.18	0.12	-0.38	193_T	[-20.2546   20.02345 -17.23915]
0.03	 0.39	-0.07	-0.15	193_T	[-22.69978846  19.68603846 -15.33425   ]
0.2	 1.2	0.12	-0.4	194_L	[-20.40134615  24.72234615  -9.00730769]
0.11	 0.21	0.02	-0.18	196_P	[-12.36323077  25.55915385 -21.09930769]
-0.06	 0.1	-0.11	0.03	196_P	[-11.01865714  25.6026     -18.77722857]
0.07	 1.01	-0.04	-0.18	196_P	[-11.6558   25.35695 -16.55955]
0.13	 1.18	-0.11	-0.11	197_R	[-12.976125  21.37025  -24.865875]
-0.0	 0.06	0.01	-0.04	197_R	[-12.6504375  23.3324375 -23.74575  ]
0.06	 0.28	-0.06	-0.13	197_R	[-14.83103333  20.6443     -24.88273333]
0.2	 1.58	0.02	-0.3	197_R	[-17.534375  19.12275  -22.342875]
0.15	 1.58	0.16	-0.42	197_R	[-18.00740541  20.82416216 -23.98437838]
-0.06	 -0.09	-0.11	0.08	197_R	[-16.47756522  19.94026087 -26.13934783]
-0.03	 0.1	-0.17	-0.01	197_R	[-18.84222222  20.26111111 -26.92011111]
0.14	 0.93	0.02	-0.28	197_R	[-19.85857143  19.60935714 -24.68691071]
-0.18	 -0.76	0.01	0.17	197_R	[-17.35091429  18.14194286 -27.72031429]
-0.05	 -0.46	-0.09	-0.01	198_M	[-10.93744444  22.011      -24.74766667]
-0.06	 -0.67	0.03	0.01	198_M	[-11.76669231  20.43584615 -25.93823077]
0.06	 0.05	-0.01	-0.09	198_M	[-12.25880952  18.34314286 -25.807     ]
0.03	 0.12	-0.04	-0.1	198_M	[ -8.36268966  20.2722069  -23.71603448]
-0.05	 -0.3	-0.03	0.09	198_M	[ -7.0812    20.754775 -21.3426  ]
-0.15	 -0.77	0.07	0.21	198_M	[ -8.38291667  23.86643333 -21.32816667]
-0.07	 -0.23	-0.09	0.05	199_A	[ -8.89852941  20.76364706 -26.        ]
-0.09	 -0.19	-0.06	0.1	199_A	[-10.19304167  19.29945833 -28.07729167]
0.14	 1.69	0.2	-0.47	199_A	[ -7.65414286  16.97557143 -27.96728571]
-0.24	 -0.58	0.02	0.27	199_A	[-10.09289744  16.30817949 -27.94371795]
-0.21	 -1.11	0.04	0.32	199_A	[ -7.37583117  19.62264935 -28.09451948]
0.19	 0.92	0.04	-0.32	200_D	[ -7.60407143  18.30035714 -25.27335714]
0.03	 0.41	-0.03	-0.2	200_D	[ -8.6145    14.432125 -26.540375]
0.14	 0.54	0.01	-0.22	200_D	[-10.26222222  14.53155556 -26.13933333]
0.11	 0.43	0.04	-0.22	200_D	[ -9.970125    12.92654167 -24.85666667]
0.11	 0.81	0.1	-0.38	200_D	[ -6.99568182  16.61109091 -23.68277273]
0.09	 1.05	-0.04	-0.18	200_D	[ -5.04436842  15.54663158 -26.08221053]
-0.14	 -0.24	-0.04	0.1	200_D	[ -5.96355102  14.58289796 -27.1724898 ]
-0.19	 -0.62	-0.02	0.3	200_D	[ -4.96086275  16.98715686 -25.26878431]
0.11	 1.51	0.2	-0.48	201_S	[-11.56742857  13.18442857 -25.18471429]
-0.08	 -0.22	-0.04	0.06	201_S	[-12.80302381  14.72195238 -26.08980952]
0.25	 1.95	0.14	-0.36	201_S	[-14.01584615  17.65776923 -24.51430769]
-0.0	 0.33	-0.1	-0.08	202_E	[-13.17927273  11.93304545 -25.43086364]
0.03	 0.47	-0.12	-0.15	202_E	[-15.47321429  10.7775     -24.05935714]
0.08	 0.6	-0.06	-0.14	202_E	[-15.64805714  11.08002857 -22.00748571]
0.14	 1.34	0.23	-0.5	202_E	[-13.75125     10.19416667 -22.06891667]
-0.13	 -0.63	-0.04	0.13	202_E	[-12.7848125    9.92185417 -25.10914583]
-0.01	 0.12	-0.04	-0.02	202_E	[-12.6597931    8.41448276 -23.46113793]
0.02	 0.55	0.05	-0.17	202_E	[-11.09654545   7.54463636 -22.59442424]
-0.21	 -0.7	-0.16	0.42	202_E	[-13.97120408   7.47904082 -23.13222449]
-0.02	 -0.49	-0.14	0.01	203_I	[-15.77305263  12.43642105 -25.63078947]
0.0	 0.23	-0.09	-0.13	203_I	[-17.35184615  10.85407692 -24.04361538]
-0.06	 -0.07	-0.09	0.1	203_I	[-18.769       11.5638     -26.30042222]
0.19	 -0.05	-0.06	-0.16	203_I	[-17.39172727  14.08054545 -26.29072727]
0.07	 0.52	0.02	-0.22	203_I	[-16.0533871   16.24490323 -25.67783871]
0.18	 0.8	0.08	-0.29	203_I	[-19.24891304  15.50491304 -22.85721739]
0.14	 1.22	0.0	-0.26	203_I	[-17.49352941  16.58785294 -22.13129412]
0.09	 2.09	0.1	-0.34	204_P	[-17.98144444  10.68244444 -23.01811111]
-0.15	 -0.74	0.01	0.17	204_P	[-19.52121429   9.4765     -23.83128571]
-0.13	 -0.49	0.01	0.12	204_P	[-21.76029412   9.63238235 -22.21208824]
-0.1	 -0.43	-0.0	0.09	204_P	[-19.05189474  10.11794737 -20.65789474]
0.18	 1.57	0.16	-0.43	204_P	[-19.02326316  13.01384211 -21.68573684]
0.01	 0.03	-0.13	-0.07	205_R	[-21.28425      9.511375   -25.35970833]
0.15	 0.98	-0.06	-0.23	205_R	[-21.79377778  11.94951852 -27.53414815]
0.07	 0.19	-0.13	-0.06	205_R	[-25.07427273  11.08418182 -27.07118182]
-0.08	 -0.22	-0.06	0.12	205_R	[-24.71996296  13.12648148 -27.20666667]
-0.07	 -0.38	-0.15	0.07	205_R	[-23.8663125    9.20284375 -27.30615625]
-0.2	 -1.04	-0.1	0.35	205_R	[-21.33041026  10.11102564 -28.94797436]
-0.18	 -1.0	0.02	0.26	205_R	[-20.93664103   7.84746154 -28.48612821]
-0.18	 -0.82	-0.08	0.2	205_R	[-22.9995       8.043375   -30.28070833]
-0.1	 -0.11	-0.05	0.09	205_R	[-22.75492308   6.13892308 -29.62219231]
-0.27	 -1.39	0.17	0.43	205_R	[-21.75660417   4.85952083 -28.65970833]
-0.28	 -1.14	0.17	0.44	205_R	[-23.96723636   5.31487273 -30.96483636]
0.17	 1.38	0.15	-0.38	206_R	[-24.66171875   9.7730625  -25.06634375]
-0.01	 0.04	-0.07	-0.02	206_R	[-26.78481818  11.61877273 -25.29795455]
0.12	 1.01	0.2	-0.44	206_R	[-25.82607143  13.511      -23.74735714]
-0.07	 -0.29	-0.45	0.28	206_R	[-26.27523333  14.66713333 -23.55675   ]
-0.09	 -0.38	-0.18	0.1	206_R	[-25.47053333  10.9859     -22.11156667]
-0.23	 -1.25	0.05	0.3	206_R	[-28.20591667  10.59391667 -23.906875  ]
-0.18	 -0.92	0.07	0.25	206_R	[-26.71323913   8.70715217 -22.08426087]
-0.27	 -1.04	0.06	0.32	206_R	[-28.79528571   7.56380952 -22.73071429]
-0.09	 -0.34	-0.06	0.13	206_R	[-27.940625     7.017375   -24.35154167]
-0.16	 -0.33	-0.05	0.21	206_R	[-26.2312069    7.66689655 -25.62194828]
-0.27	 -1.2	0.18	0.44	206_R	[-29.22173684   5.83914035 -24.94261404]
0.21	 0.99	0.1	-0.33	207_Q	[-21.50172  17.42    -23.03332]
0.15	 0.95	0.06	-0.3	207_Q	[-21.58033333  15.23442857 -21.16366667]
0.0	 0.19	-0.06	-0.06	207_Q	[-24.86852174  13.24617391 -20.60908696]
-0.03	 -0.18	-0.23	0.07	207_Q	[-23.53961538  13.46884615 -18.40884615]
-0.08	 0.27	-0.16	0.04	207_Q	[-21.38769231  14.45646154 -18.69551282]
-0.16	 -0.55	0.0	0.21	207_Q	[-22.24163636  11.35259091 -19.08536364]
0.14	 1.47	0.18	-0.42	208_E	[-24.59692308  15.14223077 -25.65238462]
0.04	 -0.15	0.03	-0.13	208_E	[-21.93196429  19.58242857 -26.68214286]
0.01	 -0.11	-0.08	-0.08	208_E	[-23.68508571  15.2154     -27.92705714]
-0.12	 -0.27	-0.04	0.07	208_E	[-22.3515      16.73547059 -29.65252941]
-0.18	 -0.83	-0.03	0.25	208_E	[-19.9792      15.80533333 -29.93493333]
-0.05	 0.09	0.01	-0.04	208_E	[-19.41139024  14.81653659 -28.01553659]
-0.16	 -0.75	0.13	0.23	208_E	[-19.91742424  17.97375758 -29.53727273]
0.11	 0.85	-0.14	-0.15	209_H	[-25.10612903  16.90870968 -25.189     ]
-0.03	 0.1	-0.0	0.01	209_H	[-24.19445455  20.60709091 -26.49990909]
0.06	 1.16	0.03	-0.27	209_H	[-25.24772414  19.50113793 -24.3352069 ]
-0.09	 -0.15	-0.2	0.1	209_H	[-25.93815217  21.94969565 -23.99884783]
-0.16	 -0.58	-0.18	0.26	209_H	[-26.62460465  19.03444186 -25.88132558]
-0.0	 -0.46	-0.05	-0.02	209_H	[-25.8182381   18.77138095 -27.89052381]
0.07	 0.98	-0.01	-0.17	209_H	[-24.15311111  18.84933333 -28.58888889]
-0.23	 -1.12	0.1	0.36	209_H	[-27.79722449  19.42016327 -28.81744898]
-0.22	 -1.27	0.03	0.3	209_H	[-24.66954717  18.42507547 -30.50754717]
-0.17	 -0.23	0.08	0.3	209_H	[-26.99811111  19.05144444 -30.81641667]
0.06	 0.39	-0.14	-0.11	210_D	[-25.81085  20.1346  -21.21205]
0.17	 1.35	0.27	-0.52	210_D	[-23.31533333  22.42022222 -23.40077778]
0.19	 0.7	0.08	-0.34	210_D	[-21.58785     20.77278333 -23.18566667]
0.04	 -0.02	-0.03	-0.1	210_D	[-22.91882609  18.58413043 -20.09782609]
-0.03	 0.23	-0.02	-0.02	210_D	[-26.30985714  17.5105102  -21.5382449 ]
0.18	 1.07	0.13	-0.36	210_D	[-24.34586207  16.16789655 -19.85972414]
0.16	 0.93	0.07	-0.32	211_I	[-25.40136364  21.70836364 -20.51368182]
0.12	 0.8	-0.02	-0.24	211_I	[-24.07415385  23.53423077 -22.50415385]
0.16	 0.87	-0.0	-0.27	211_I	[-21.6255      20.72105556 -19.18436111]
0.14	 1.67	0.08	-0.34	211_I	[-24.8753  24.6838 -21.9274]
0.15	 1.54	0.21	-0.46	211_I	[-23.33545455  25.32281818 -22.26227273]
0.19	 1.21	0.26	-0.52	211_I	[-25.71155  22.96435 -19.40945]
0.14	 0.61	0.02	-0.24	211_I	[-24.789       27.03729032 -22.03193548]
0.21	 1.3	0.13	-0.39	212_S	[-19.26961111  20.8845     -21.04377778]
0.18	 1.03	0.12	-0.38	213_L	[-12.87156  27.385   -16.5152 ]
0.08	 0.64	-0.03	-0.17	214_D	[-14.79878947  28.20189474 -21.90847368]
0.16	 1.32	0.09	-0.38	214_D	[-17.5871  27.0687 -24.5501]
-0.14	 -0.54	0.05	0.17	214_D	[-16.97765116  29.05365116 -23.95651163]
-0.13	 -0.44	-0.07	0.15	214_D	[-14.31905263  26.39905263 -23.66368421]
0.13	 1.54	0.17	-0.44	214_D	[-14.4758  24.5308 -24.1728]
0.01	 0.25	-0.06	-0.08	214_D	[-16.57025     24.81527273 -25.24215909]
0.05	 0.49	-0.08	-0.09	215_R	[-19.50447368  27.85142105 -24.88515789]
0.01	 0.63	-0.03	-0.06	215_R	[-19.727125  30.220875 -23.655125]
-0.01	 0.17	-0.0	-0.07	215_R	[-21.85307692  29.62253846 -23.39453846]
-0.06	 -0.03	-0.05	0.04	215_R	[-22.210675  26.586275 -24.31525 ]
-0.03	 0.06	-0.12	0.02	215_R	[-21.65147059  23.40791176 -24.58438235]
0.11	 1.05	0.04	-0.33	215_R	[-19.783     22.724375 -25.73375 ]
-0.0	 0.38	-0.04	-0.04	215_R	[-19.60738235  24.62591176 -26.83452941]
-0.25	 -1.07	0.13	0.39	215_R	[-21.4555102   25.62336735 -27.81889796]
-0.23	 -0.92	0.03	0.38	215_R	[-18.31498214  24.51244643 -28.11683929]
0.15	 0.79	-0.14	-0.17	216_I	[-18.60076923  31.40076923 -22.747     ]
0.1	 0.07	-0.02	-0.18	216_I	[-16.99470833  31.71566667 -21.550875  ]
0.11	 1.42	0.13	-0.4	217_P	[-19.9465      32.08875    -23.10941667]
-0.18	 -1.31	0.02	0.18	217_P	[-18.66664286  33.75371429 -23.37878571]
0.24	 1.44	0.42	-0.64	217_P	[-18.97919048  34.97961905 -18.15452381]
-0.09	 -0.5	-0.04	0.07	217_P	[-20.278       35.93567742 -23.35629032]
-0.15	 -0.77	-0.01	0.19	217_P	[-22.12003636  33.89438182 -23.46814545]
0.13	 1.77	0.02	-0.31	217_P	[-22.445875  31.91125  -22.989625]
0.01	 0.6	0.02	-0.15	218_R	[-17.32704167  35.27841667 -22.30533333]
0.14	 1.21	0.13	-0.4	218_R	[-16.9475      37.39727778 -19.02177778]
-0.19	 -0.29	0.01	0.18	218_R	[-16.97562963  37.5027037  -17.87601852]
-0.14	 -0.5	-0.05	0.12	218_R	[-14.75668889  36.72046667 -20.50802222]
-0.16	 -0.87	0.05	0.26	218_R	[-14.28322222  34.63372222 -21.93352778]
0.17	 1.3	0.18	-0.42	218_R	[-14.52691304  33.67969565 -19.52621739]
-0.07	 -0.01	-0.07	0.03	218_R	[-12.45665385  32.73330769 -20.71388462]
-0.04	 0.17	0.02	-0.11	218_R	[-11.44405  34.6469  -19.3576 ]
-0.11	 -0.19	-0.04	0.03	218_R	[-11.90470213  34.81997872 -17.2693617 ]
-0.26	 -1.07	0.09	0.39	218_R	[ -9.92438983  33.22971186 -19.24954237]
0.14	 1.37	0.37	-0.58	219_D	[-17.04171429  37.20757143 -21.67428571]
-0.12	 -0.3	-0.02	0.1	219_D	[-18.16770588  39.941      -19.01288235]
0.08	 0.79	0.01	-0.23	219_D	[-20.1784375  39.0644375 -19.5800625]
-0.09	 -0.33	-0.06	0.1	219_D	[-21.39645714  40.28465714 -19.988     ]
-0.2	 -0.96	-0.01	0.25	219_D	[-17.80338636  40.72575    -21.05095455]
-0.06	 -0.02	-0.06	-0.03	219_D	[-18.65659459  39.20754054 -22.61186486]
-0.09	 -0.32	-0.04	0.06	219_D	[-19.80148485  37.942      -22.90754545]
-0.31	 -1.24	0.29	0.55	219_D	[-18.96863889  40.85288889 -23.86675   ]
0.15	 1.38	0.06	-0.38	220_H	[-19.770875  37.047875 -17.985875]
0.14	 0.66	0.1	-0.31	220_H	[-22.14825     37.18733333 -20.80604167]
0.09	 1.24	0.35	-0.6	220_H	[-21.84214286  40.26814286 -17.84528571]
-0.01	 0.2	-0.05	-0.05	220_H	[-21.19319512  38.71141463 -16.30178049]
0.1	 0.66	-0.01	-0.17	220_H	[-23.98878261  35.43182609 -21.1176087 ]
-0.01	 0.32	-0.26	0.03	220_H	[-26.5786087   36.20513043 -20.31591304]
0.21	 1.16	0.19	-0.42	220_H	[-27.17156522  36.72247826 -18.34608696]
-0.11	 -0.64	0.0	0.16	221_P	[-23.36464706  41.24394118 -17.28017647]
0.18	 1.55	-0.12	-0.18	221_P	[-25.83214286  40.04771429 -15.13685714]
-0.16	 -0.31	-0.03	0.19	221_P	[-23.80837736  40.15322642 -14.3460566 ]
-0.22	 -0.49	-0.01	0.2	221_P	[-26.436425  40.403625 -17.352375]
-0.2	 -0.96	0.14	0.32	221_P	[-25.84326923  40.34811538 -19.63863462]
-0.09	 -0.37	-0.11	0.13	221_P	[-24.3385      38.87265385 -20.53123077]
0.19	 1.87	-0.06	-0.24	222_Y	[-24.56842857  38.79328571 -12.884     ]
0.01	 0.27	-0.14	-0.1	222_Y	[-23.61334783  36.81521739 -11.93171739]
0.11	 0.72	0.02	-0.22	222_Y	[-27.40611538  38.41934615 -14.58407692]
-0.04	 -0.17	-0.07	0.03	222_Y	[-27.14558537  38.6714878  -11.95195122]
-0.13	 -0.55	-0.05	0.18	222_Y	[-26.72116667  37.85793333  -9.3907    ]
0.09	 0.82	0.02	-0.23	222_Y	[-25.92256522  34.12943478 -11.1996087 ]
-0.02	 -0.3	0.03	-0.03	222_Y	[-26.08423077  35.42346154  -9.70776923]
0.01	 -0.33	-0.02	-0.04	222_Y	[-27.95877143  35.68048571  -8.07611429]
0.09	 -0.95	0.04	-0.2	223_I	[-23.71516667  34.17283333 -12.67716667]
0.11	 0.85	0.13	-0.28	223_I	[-20.21944828  35.50006897 -16.6472069 ]
0.2	 0.84	0.01	-0.29	223_I	[-24.96694444  32.86061111 -12.62805556]
0.18	 0.87	0.12	-0.36	223_I	[-23.06559259  31.39837037 -13.20851852]
0.12	 0.68	0.02	-0.19	224_Q	[-21.308125    34.12075    -12.29154167]
0.02	 0.21	-0.05	0.01	224_Q	[-19.27215789  36.11905263 -14.62773684]
0.11	 1.5	0.22	-0.48	224_Q	[-17.311125  34.970375 -13.841875]
0.22	 1.78	0.21	-0.47	224_Q	[-19.62430769  32.44053846 -11.88676923]
0.04	 0.64	0.0	-0.17	224_Q	[-18.39154839  35.51967742 -11.94529032]
-0.09	 -0.22	-0.07	0.06	224_Q	[-20.55993103  37.82082759 -13.02731034]
-0.1	 -0.12	0.07	-0.02	224_Q	[-20.71466667  38.48106667 -10.9436    ]
-0.2	 -0.67	0.1	0.28	224_Q	[-18.40526829  38.1785122   -9.96034146]
-0.22	 -0.65	0.02	0.3	224_Q	[-21.05722642  36.73245283  -9.34418868]
0.12	 0.96	-0.05	-0.28	225_Y	[-17.911125    34.7426875  -15.79434375]
0.12	 0.67	0.09	-0.32	225_Y	[-15.23384615  34.42961538 -16.88938462]
0.03	 0.52	-0.03	-0.18	225_Y	[-11.99047368  30.81510526 -16.58492105]
0.16	 0.64	-0.01	-0.2	225_Y	[-14.99268182  30.49140909 -20.49618182]
0.12	 1.48	0.13	-0.41	225_Y	[-13.2226  30.832  -19.9418]
-0.09	 -0.21	-0.02	0.02	225_Y	[-12.64453333  28.81604444 -19.27013333]
0.16	 0.84	0.13	-0.34	226_N	[-15.63155556  34.55372222 -14.03827778]
0.12	 0.83	-0.04	-0.22	226_N	[-14.40211765  33.37594118 -10.08382353]
0.06	 0.34	-0.24	-0.1	226_N	[-13.32714286  32.73871429 -10.06971429]
-0.09	 -0.26	-0.14	0.09	226_N	[-14.00209615  34.74457692 -11.81680769]
-0.18	 -0.63	-0.04	0.22	226_N	[-11.5687  35.111  -12.3339]
-0.17	 -0.56	0.1	0.23	226_N	[-12.30035556  35.74657778 -14.4318    ]
-0.08	 -0.1	-0.02	0.1	226_N	[-11.07752  32.9619  -13.6891 ]
0.08	 0.09	-0.13	-0.11	227_V	[-15.80533333  32.65406667  -8.51046667]
0.25	 1.5	0.09	-0.37	227_V	[-16.6935   30.065    -7.65175]
0.13	 1.54	0.01	-0.27	227_V	[-19.45004167  33.18604167 -10.31858333]
-0.18	 -0.84	0.0	0.21	227_V	[-19.05206122  32.37340816  -7.96536735]
-0.1	 -0.39	-0.02	0.13	227_V	[-17.23788679  34.998       -8.64722642]
0.13	 0.77	0.08	-0.32	228_L	[-20.45628571  31.11985714 -11.96104762]
-0.08	 0.51	-0.14	-0.17	228_L	[-22.17494595  29.41951351 -11.14021622]
0.16	 1.66	0.13	-0.39	229_W	[-11.98308333  28.70983333 -14.86625   ]
0.01	 0.12	-0.09	-0.04	229_W	[-10.51278378  30.1447027  -13.21051351]
0.16	 1.26	0.02	-0.26	229_W	[-11.75533333  26.80066667 -15.15741667]
-0.15	 -0.17	0.01	0.16	229_W	[ -8.71718519  28.14507407 -12.97140741]
-0.02	 0.66	0.08	-0.12	229_W	[-10.39464286  26.85671429 -14.85778571]
-0.13	 -0.52	-0.01	0.14	229_W	[ -8.80860976  25.23670732 -13.8325122 ]
0.13	 1.18	-0.04	-0.27	229_W	[ -9.8375  24.3324 -15.0192]
0.07	 0.23	-0.12	-0.1	230_E	[-15.10146154  28.24038462  -6.36176923]
0.01	 0.39	-0.06	-0.15	230_E	[-13.39773333  27.00366667  -6.07533333]
-0.08	 -0.12	0.11	-0.02	230_E	[-14.36524242  30.17951515  -6.91690909]
-0.06	 -0.18	-0.03	0.07	230_E	[-12.66405405  31.98967568  -8.60951351]
-0.19	 -0.52	-0.02	0.18	230_E	[-10.16876923  31.39453846  -7.65515385]
-0.11	 -0.23	0.02	0.09	230_E	[-10.11803846  31.05615385  -9.91407692]
-0.15	 -0.5	0.05	0.22	230_E	[-10.5192619   29.53054762  -6.48021429]
0.03	 0.47	-0.3	-0.03	231_E	[-15.937       28.66985714  -6.86528571]
0.02	 0.41	-0.2	-0.07	231_E	[-16.8058   26.46755  -5.86925]
0.1	 0.77	-0.02	-0.21	231_E	[-17.59507143  23.5985      -6.56660714]
0.08	 0.2	-0.16	-0.09	231_E	[-18.9663125  25.4308125  -7.3101875]
-0.1	 -0.47	0.07	0.08	231_E	[-18.32497872  28.23365957  -5.99310638]
-0.23	 -0.67	-0.3	0.28	231_E	[-20.968       28.80205556  -6.243     ]
-0.06	 -0.19	-0.05	0.02	231_E	[-20.4297037   30.27196296  -7.68974074]
-0.07	 -0.08	-0.21	0.1	231_E	[-21.74105263  27.31518421  -7.58971053]
0.19	 1.33	0.11	-0.37	233_K	[-10.86671429  22.19985714  -8.83842857]
0.11	 0.79	-0.08	-0.15	233_K	[-11.16492308  23.81546154  -5.94007692]
0.04	 0.12	-0.09	-0.08	233_K	[-10.78045833  21.82725     -6.91345833]
-0.02	 -0.19	-0.09	-0.04	233_K	[-10.55904545  25.077       -7.28904545]
-0.0	 0.39	-0.02	-0.05	233_K	[-9.39837037 23.67344444 -9.96377778]
-0.06	 0.01	-0.05	0.02	233_K	[ -8.264       25.92395455 -10.58745455]
-0.13	 -0.81	0.06	0.08	233_K	[-9.30277778 26.70814815 -7.61522222]
-0.17	 -0.8	0.08	0.23	233_K	[-7.91713953 28.6785814  -9.13611628]
0.15	 1.32	0.13	-0.37	234_A	[-12.3716  25.1882  -5.7517]
-0.03	 -0.17	-0.22	0.06	234_A	[-12.22694444  23.65038889  -3.69211111]
0.2	 0.76	-0.07	-0.17	234_A	[-15.5928  22.5964  -3.588 ]
0.16	 1.13	0.09	-0.36	234_A	[-13.30866667  22.11590476  -2.36138095]
-0.27	 -1.15	0.07	0.36	234_A	[-14.30054  25.145    -3.41308]
0.15	 1.04	0.04	-0.27	235_A	[-16.32163636  22.91545455  -4.97590909]
0.15	 1.03	0.06	-0.32	235_A	[-16.99657143  21.201       -4.01009524]
0.15	 1.45	0.26	-0.52	235_A	[-17.7164  22.1628  -5.5668]
0.15	 0.72	-0.06	-0.28	236_L	[-10.5479  20.0266  -7.35  ]
0.14	 1.8	0.09	-0.31	236_L	[-9.9342 18.9724 -6.797 ]
0.1	 0.28	-0.03	-0.17	236_L	[-9.57752778 19.87305556 -8.97636111]
0.11	 1.19	0.1	-0.35	237_E	[-10.45281818  20.21736364  -5.67363636]
0.12	 1.55	0.08	-0.3	237_E	[-9.7839 19.5374 -5.0576]
-0.08	 -0.24	-0.08	-0.01	237_E	[-10.55016667  22.17846667  -3.6308    ]
-0.07	 -0.24	-0.05	0.07	237_E	[-10.67386667  21.90417778  -1.24933333]
-0.02	 0.31	0.04	-0.09	237_E	[-8.02362963 20.08411111 -1.72133333]
-0.13	 -0.59	-0.08	0.15	237_E	[-7.58254839 20.175      -0.10590323]
-0.18	 -0.3	0.02	0.22	237_E	[-7.53591429 19.7134     -3.28468571]
0.11	 0.86	0.03	-0.28	238_Q	[-14.5852069   16.75755172   0.19731034]
0.18	 1.44	0.3	-0.55	238_Q	[-15.82146154  17.74669231  -0.13976923]
-0.05	 -0.13	-0.12	0.02	238_Q	[-15.97475758  21.4399697   -1.35218182]
-0.03	 -0.26	-0.0	-0.05	238_Q	[-14.85438095  20.13628571   1.27295238]
-0.26	 -0.54	0.08	0.32	238_Q	[-16.35380435  19.50906522   1.58319565]
-0.09	 -0.12	-0.01	0.05	238_Q	[-13.19603774  20.85275472   1.30433962]
0.22	 1.44	0.16	-0.45	240_L	[-9.2035    12.982875  -3.5018125]
0.04	 0.13	-0.1	-0.08	240_L	[-8.55463636 15.46054545 -1.182     ]
0.03	 0.66	-0.02	-0.18	240_L	[-8.41225926 13.3292963  -1.08125926]
0.0	 0.06	-0.01	-0.11	240_L	[-8.13189744 15.87146154 -2.95869231]
-0.02	 -0.04	-0.05	-0.03	240_L	[-7.38068085 17.41068085 -5.78376596]
0.16	 1.24	-0.01	-0.27	240_L	[-7.1325625 14.1935    -5.4179375]
0.1	 0.85	-0.05	-0.3	241_K	[-9.03785714 16.35585714 -0.85128571]
0.1	 0.7	-0.09	-0.2	241_K	[-9.04954545 15.50854545  1.42577273]
0.1	 0.66	-0.06	-0.17	241_K	[-11.98246667  14.43093333   2.82086667]
-0.01	 0.3	-0.04	-0.14	241_K	[-10.41175  13.66195   3.28545]
-0.02	 0.03	-0.07	0.01	241_K	[-11.75705882  17.19020588   2.32776471]
-0.0	 0.02	-0.04	-0.1	241_K	[-8.76748571 17.29791429  0.82297143]
-0.21	 -0.75	-0.06	0.22	241_K	[-10.71306667  18.99566667   3.28916667]
-0.12	 -0.6	-0.03	0.15	241_K	[-8.80869444 20.21316667  2.16277778]
-0.21	 -0.98	0.14	0.4	241_K	[-7.98703077 20.04115385  4.1624    ]
0.16	 1.05	0.06	-0.31	242_F	[-13.36591667  15.17225      1.45433333]
0.11	 0.57	0.01	-0.13	242_F	[-13.84569231  13.34723077   2.65446154]
0.1	 0.36	0.01	-0.2	242_F	[-15.74388235  14.56694118   0.804     ]
0.07	 0.67	-0.34	-0.0	242_F	[-16.65906452  12.91229032   2.78796774]
0.15	 1.42	0.36	-0.6	242_F	[-17.4925   11.43925   3.412  ]
0.13	 1.5	0.23	-0.51	243_M	[-8.860375  9.39925  -0.605375]
0.07	 0.69	-0.15	-0.14	243_M	[-9.32134783  7.72634783  0.85304348]
0.08	 0.28	-0.08	-0.18	243_M	[-9.30439394 10.49909091 -2.35718182]
0.2	 1.19	0.09	-0.35	243_M	[-8.9281      8.6073     -3.83293333]
-0.05	 0.12	-0.03	0.07	244_V	[-7.8445  8.9932  2.6701]
0.15	 0.88	0.08	-0.31	244_V	[-9.14761111 10.54694444  3.86277778]
-0.14	 -0.44	-0.02	0.13	244_V	[-8.118       9.98163636  5.36124242]
-0.15	 -0.38	-0.07	0.16	244_V	[-6.27166667 10.63633333  3.02883333]
-0.14	 -0.41	-0.13	0.0	244_V	[-6.1578     10.74977143  0.11721429]
-0.19	 -1.08	-0.05	0.28	244_V	[-7.29056522 13.50121739  2.79280435]
0.1	 1.74	0.0	-0.13	245_H	[-10.3382  11.8488   5.4778]
0.15	 1.12	0.12	-0.39	245_H	[-9.90304167  7.57783333  4.39691667]
-0.08	 -0.47	-0.02	0.09	245_H	[-12.46648649  12.30791892   5.60386486]
-0.11	 0.05	-0.08	0.08	245_H	[-14.478       11.79666667   5.64533333]
-0.04	 -0.35	0.05	-0.01	245_H	[-13.91645  10.0277    7.62795]
0.07	 0.87	0.01	-0.16	245_H	[-14.99326667  11.8164       4.1686    ]
-0.19	 -0.56	0.05	0.23	245_H	[-16.31795    9.1035     6.598975]
0.07	 0.87	-0.25	-0.12	245_H	[-16.89984615   9.184        4.23555769]
0.05	 0.65	-0.12	-0.06	246_P	[-8.62528571  7.08914286  6.55385714]
0.23	 1.23	0.03	-0.33	246_P	[-11.2728   6.0788   9.2597]
0.17	 1.18	0.32	-0.56	246_P	[-9.60947059  4.88658824  8.63235294]
-0.2	 -0.69	0.01	0.2	246_P	[-8.82161224  7.48991837  9.235     ]
-0.18	 -0.76	0.04	0.23	246_P	[-10.6813    9.25382   9.94994]
-0.16	 -0.84	-0.02	0.23	246_P	[-10.27544118  10.96911765   8.13358824]
0.13	 0.98	0.02	-0.28	247_A	[-14.071625   4.3595     7.98625 ]
0.1	 1.07	0.38	-0.93	247_A	[-14.0991   4.1232   6.9898]
-0.1	 -0.18	-0.07	0.15	247_A	[-15.81268182   5.11554545   6.38854545]
-0.15	 -0.66	0.01	0.21	247_A	[-14.391     6.45484   9.40404]
0.09	 1.17	0.26	-0.54	248_I	[-15.9498   6.7325   4.5737]
0.09	 0.65	0.53	-0.74	248_I	[-15.19157143   3.60285714   5.18685714]
0.19	 0.55	0.06	-0.3	248_I	[-13.92608333   3.00695833   5.10854167]
0.24	 1.34	0.45	-0.66	248_I	[-16.21085   7.20265   2.5702 ]
0.23	 1.56	0.37	-0.6	248_I	[-10.51390909   6.70772727   2.791     ]
0.07	 0.24	-0.18	-0.1	249_S	[-17.19804348   5.60591304   3.78343478]
-0.04	 0.1	0.12	-0.09	249_S	[-16.15815385   2.52561538   4.499     ]
-0.1	 -0.26	0.01	0.07	249_S	[-18.63744444   2.86833333   3.86627778]
0.06	 0.52	-0.06	-0.17	250_S	[-16.55448   0.68948   2.77796]
-0.0	 0.03	-0.15	-0.06	250_S	[-17.39093939  -1.21539394   1.07090909]
0.07	 0.61	0.01	-0.2	250_S	[-16.03032353  -2.09158824  -1.265     ]
0.17	 1.78	0.17	-0.4	251_I	[-18.88928571   1.166        0.77878571]
-0.12	 -0.35	-0.03	0.18	251_I	[-20.8034186   -0.42218605  -0.70355814]
-0.03	 -0.05	0.04	0.01	251_I	[-21.43547619   2.11885714  -3.08009524]
-0.19	 -0.81	0.08	0.24	251_I	[-19.59368966  -1.2602931   -3.17918966]
0.22	 1.23	0.15	-0.43	252_N	[-18.1624    7.31332   2.489  ]
0.2	 1.47	0.25	-0.5	253_L	[-9.69441667  6.74645833 -1.97220833]
0.17	 1.42	0.37	-0.6	253_L	[-9.31788889  2.37216667 -0.34311111]
0.11	 1.55	0.01	-0.32	254_T	[-16.97614286   3.15228571  -7.10885714]
0.17	 0.61	0.07	-0.28	254_T	[-15.41946154   3.10842308  -8.04076923]
0.15	 1.58	0.24	-0.51	254_T	[-15.13866667   1.18383333  -7.26666667]
-0.07	 -0.21	-0.1	0.06	254_T	[-17.307        0.97095556  -5.95382222]
0.15	 0.54	-0.01	-0.24	254_T	[-15.87709091  -0.83859091  -3.81240909]
0.02	 0.02	-0.01	-0.07	255_T	[-18.07515789   4.67047368  -7.34684211]
0.14	 0.64	0.0	-0.23	255_T	[-17.578        6.76757143  -8.83166667]
0.03	 -0.32	0.06	-0.1	255_T	[-19.84384615   3.66065385  -5.49573077]
0.08	 0.46	-0.01	-0.19	255_T	[-20.15195455   6.34945455  -7.54581818]
-0.03	 0.13	-0.02	-0.04	258_G	[-15.92913636   5.37568182 -10.55127273]
0.05	 0.45	-0.16	-0.05	258_G	[-16.600125    6.8750625 -11.3691875]
0.12	 0.55	0.06	-0.33	258_G	[-15.415        6.61730769 -13.09846154]
0.27	 1.04	0.49	-0.69	259_S	[-17.1828   7.5117 -10.1219]
0.17	 1.56	0.15	-0.38	262_N	[-15.01413043   9.63204348 -17.179     ]
0.27	 1.36	0.43	-0.65	262_N	[-16.894875   11.7299375 -15.175    ]
0.01	 0.61	-0.14	-0.06	262_N	[-16.95863158   8.35847368 -15.95152632]
0.01	 -0.07	0.02	-0.08	262_N	[-15.77223529   6.93811765 -15.34447059]
-0.08	 -0.3	-0.01	0.1	262_N	[-18.28734091   7.98622727 -14.47268182]
0.17	 0.85	0.06	-0.29	265_R	[-13.60362069  10.02272414 -19.44472414]
0.15	 1.21	0.09	-0.35	265_R	[-12.02127273   7.299      -20.54081818]
0.04	 -0.05	-0.0	-0.07	265_R	[-14.27247059   7.57935294 -18.71341176]
-0.15	 -0.33	0.02	0.16	265_R	[-13.48741071   5.06094643 -19.63758929]
-0.02	 -0.3	-0.04	-0.01	265_R	[-14.51769767   5.87369767 -16.60593023]
0.19	 0.82	0.14	-0.37	266_Q	[-15.74704348  11.36747826 -19.31156522]
0.11	 1.42	0.18	-0.45	266_Q	[-18.0744  13.3444 -17.0182]
0.19	 0.98	0.12	-0.34	266_Q	[-18.4916087   14.58445652 -19.05593478]
-0.04	 0.29	-0.13	-0.03	266_Q	[-17.97371186  11.44384746 -17.66162712]
0.18	 1.39	0.23	-0.48	267_R	[-16.99066667  16.90690476 -20.14052381]
0.03	 0.58	-0.05	-0.13	267_R	[-18.51668571  19.24848571 -19.5676    ]
0.08	 0.49	0.13	-0.25	268_P	[ -6.72833333  18.023      -19.59013333]
-0.01	 0.18	-0.03	-0.11	268_P	[ -4.9992      16.25168571 -17.8634    ]
0.06	 0.35	0.04	-0.19	268_P	[ -6.22805  16.196   -20.95   ]
0.14	 0.64	-0.0	-0.19	268_P	[ -7.69330435  17.568      -21.91782609]
0.1	 1.42	-0.08	-0.26	269_M	[ -6.91428571  19.01757143 -19.44742857]
-0.08	 -0.05	-0.02	0.07	269_M	[ -5.66083333  19.38661111 -18.29533333]
0.18	 1.35	0.02	-0.27	269_M	[ -4.93755556  17.81644444 -15.91122222]
-0.07	 -0.03	-0.13	0.09	269_M	[ -5.15773913  19.60091304 -14.64304348]
-0.11	 -0.19	0.04	0.07	269_M	[ -6.59211765  21.43205882 -16.70905882]
0.01	 0.65	-0.15	-0.08	269_M	[ -7.14309091  22.276      -18.82536364]
0.0	 0.31	-0.04	-0.09	269_M	[ -8.83026316  23.46310526 -16.52986842]
0.2	 1.24	0.12	-0.38	270_F	[ -7.58014286  20.43507143 -13.38235714]
0.09	 0.29	0.02	-0.24	270_F	[ -9.03227027  21.55702703 -12.01656757]
0.17	 1.45	0.23	-0.49	271_M	[ -4.31236364  14.126      -18.06190909]
0.2	 1.57	0.18	-0.43	272_S	[ -3.97344  16.32524 -14.98028]
0.1	 1.59	0.0	-0.26	272_S	[ -0.97663636  14.53818182 -12.39881818]
0.15	 1.67	0.24	-0.51	272_S	[-2.31366667 15.72488889 -9.80611111]
0.11	 0.19	-0.01	-0.16	272_S	[ -1.3962  13.907  -10.9622]
-0.09	 -0.25	-0.21	0.13	272_S	[ -1.494       16.99313953 -13.55344186]
-0.2	 -0.51	-0.02	0.27	272_S	[ -1.27408696  17.14182609 -11.23902174]
-0.01	 0.28	-0.06	-0.16	273_E	[-4.08052 16.04876 -8.36544]
0.15	 1.33	0.02	-0.25	273_E	[-5.2708  14.3116  -7.14856]
0.15	 1.61	-0.06	-0.24	273_E	[-5.5252 16.389  -7.6074]
-0.1	 -0.25	0.01	0.09	273_E	[-5.378325 18.47295  -8.29815 ]
-0.11	 -0.58	-0.07	0.15	273_E	[ -4.10641667  19.50091667 -10.49791667]
0.06	 0.59	-0.02	-0.17	273_E	[ -4.26621053  19.01521053 -12.25942105]
-0.16	 -0.54	0.04	0.21	273_E	[ -6.20734884  20.54809302 -10.55118605]
0.18	 1.22	0.12	-0.39	275_I	[ -0.80120833  11.76504167 -11.94154167]
0.15	 2.23	-0.07	-0.24	275_I	[ -0.27028571  11.11085714 -10.99685714]
0.17	 1.33	0.11	-0.34	276_Q	[-1.00429412 11.96547059 -9.68      ]
0.14	 1.17	0.04	-0.29	276_Q	[-0.32533333 11.73077778 -8.60688889]
-0.07	 -0.28	-0.19	-0.02	276_Q	[-1.73658824 14.322      -7.96332353]
-0.13	 -0.81	0.04	0.17	276_Q	[-2.06147727 14.28193182 -5.41888636]
-0.19	 -0.9	-0.03	0.24	276_Q	[ 0.49590909 14.22654545 -4.51136364]
-0.24	 -0.56	0.12	0.36	276_Q	[ 1.38338095 14.21947619 -6.55245238]
-0.07	 -0.06	0.03	0.0	276_Q	[ 0.714225 11.96315  -4.3246  ]
0.18	 1.36	0.14	-0.4	277_A	[-4.42709091 12.85290909 -6.15654545]
-0.0	 0.12	-0.09	-0.04	277_A	[-4.53443478 11.70721739 -4.58473913]
0.1	 0.67	-0.03	-0.16	277_A	[-5.86992857  8.94417857 -3.79146429]
0.02	 0.44	-0.03	-0.14	277_A	[-7.14759459 11.87383784 -4.92651351]
0.15	 1.22	0.43	-0.67	279_E	[ 0.510625  6.1795   -5.51275 ]
0.04	 0.69	-0.05	-0.14	279_E	[ 0.2795      7.68766667 -3.2875    ]
0.07	 0.26	-0.04	-0.17	279_E	[ 0.39688  5.58692 -4.0832 ]
0.02	 -0.11	-0.09	0.0	279_E	[ 1.22613793  8.16837931 -5.46889655]
0.14	 1.67	-0.04	-0.24	279_E	[ 1.882   7.1542 -7.228 ]
-0.11	 -0.3	-0.01	0.12	279_E	[ 2.76215385  8.59892308 -7.43923077]
-0.03	 0.18	-0.01	-0.05	279_E	[ 1.74795349 11.09981395 -7.55616279]
0.0	 -0.11	-0.01	-0.04	279_E	[ 3.13954545  8.45684848 -9.34342424]
0.14	 1.73	0.12	-0.38	280_T	[-0.2179  9.3198 -3.9196]
0.11	 0.71	0.05	-0.24	280_T	[-0.50944  9.0176  -2.05788]
0.19	 1.39	0.38	-0.61	280_T	[-3.74463636  7.533      -0.24018182]
0.05	 0.39	-0.28	-0.04	280_T	[-4.2594375 10.5791875 -2.3388125]
-0.06	 -0.5	-0.11	0.07	280_T	[-1.78426316 11.67568421 -2.65502632]
-0.11	 -0.08	-0.18	0.03	280_T	[-3.5557013   9.94185714 -0.20928571]
0.16	 1.64	0.14	-0.4	281_L	[-4.99807692  8.15007692 -2.20015385]
0.07	 0.5	-0.09	-0.17	281_L	[-5.0902   6.78416 -0.638  ]
0.23	 0.93	0.15	-0.41	281_L	[-4.28063636  2.52495455 -0.93445455]
0.11	 0.56	-0.05	-0.16	281_L	[-7.21133333  6.80346667 -2.70246667]
0.11	 0.92	0.02	-0.21	281_L	[-6.06304762  2.84228571 -2.15571429]
0.1	 0.81	-0.19	-0.11	281_L	[-7.61610526  4.7345     -0.35242105]
0.25	 1.83	0.12	-0.38	281_L	[-7.4631  2.2652 -3.6578]
0.17	 -0.7	0.03	-0.23	282_H	[-3.43821429  1.96642857 -2.89814286]
-0.02	 0.14	-0.21	-0.02	282_H	[-1.09629545  1.19488636 -1.19602273]
0.08	 0.48	-0.08	-0.14	282_H	[ 1.15644444  2.91002778 -4.5255    ]
-0.07	 0.56	-0.12	-0.05	282_H	[-2.52521739 -0.53104348 -4.112     ]
-0.1	 -0.59	-0.05	0.11	282_H	[ 1.55822727  0.74495455 -3.67654545]
-0.04	 -0.29	0.07	-0.08	282_H	[ 0.05714815 -1.42414815 -4.53088889]
-0.06	 -0.27	-0.1	0.07	283_A	[ 1.175       2.98295455 -0.88018182]
0.13	 1.53	0.22	-0.48	283_A	[-0.38677778  2.18122222  0.94888889]
-0.21	 -0.6	0.05	0.24	283_A	[0.494125   3.52684375 2.39590625]
-0.13	 -0.79	0.01	0.23	283_A	[ 1.79096825  5.61838095 -0.91704762]
-0.03	 0.27	-0.05	-0.09	284_N	[-2.1651875  3.7095625  3.4249375]
0.06	 0.56	-0.25	-0.07	284_N	[-3.60461538  3.75838462  3.83376923]
0.01	 -0.02	-0.02	-0.02	284_N	[-5.34657143  5.47521429  2.53989286]
-0.08	 -0.17	0.01	0.03	284_N	[-3.35868293  6.71270732  2.679     ]
-0.06	 -0.16	0.04	-0.02	284_N	[-1.69964286  8.29714286  2.732     ]
-0.21	 -0.77	0.14	0.34	284_N	[0.09465854 6.6414878  3.75039024]
-0.09	 -0.39	-0.07	0.13	284_N	[-0.30565714  8.48462857  1.26991429]
0.1	 1.38	0.28	-0.54	285_L	[-3.18244444  2.68266667  3.31      ]
-0.01	 0.34	-0.02	-0.06	285_L	[-4.83472727  2.50845455  5.06048485]
0.14	 0.41	-0.4	0.01	285_L	[-5.64732727  0.17196364  0.69810909]
0.03	 0.53	-0.05	-0.14	285_L	[-3.50325     0.99333333  3.98141667]
-0.11	 -0.39	-0.05	0.12	285_L	[-4.70438596 -1.75098246  4.10461404]
-0.06	 -0.19	-0.09	0.04	285_L	[-2.06784286  0.07972857  1.85804286]
0.03	 -0.37	-0.07	-0.11	286_P	[-7.23221053  4.81894737  5.20436842]
0.2	 1.5	0.27	-0.52	286_P	[-7.85844828 -0.47644828  5.02589655]
0.1	 0.38	-0.1	-0.14	286_P	[-9.04985714  5.779       4.703     ]
0.15	 1.74	0.17	-0.43	286_P	[-9.548375  5.706     2.854   ]
0.14	 1.08	0.11	-0.34	286_P	[-7.90780556  3.91986111  1.73063889]
-0.01	 0.46	-0.19	-0.02	287_P	[-6.2674  -0.1894   6.82685]
0.14	 1.17	0.07	-0.29	287_P	[-8.5459   0.1288   8.64025]
-0.25	 -0.73	0.04	0.33	287_P	[-8.41484375 -1.59803125  8.71965625]
-0.19	 -0.94	0.05	0.27	287_P	[-5.55016667  1.0175      8.879125  ]
-0.19	 -0.91	-0.06	0.24	287_P	[-7.03633333  3.34854902  9.64233333]
0.01	 0.13	0.05	-0.15	287_P	[-7.16218919  4.58135135  7.64775676]
-0.06	 -0.09	-0.07	0.09	288_T	[-10.837        0.04907143   9.88621429]
0.14	 0.91	0.05	-0.27	288_T	[-11.96768  -0.41044   7.15856]
-0.15	 -0.72	-0.18	0.26	288_T	[-13.23139583  -1.424125     7.83895833]
-0.04	 -0.46	0.1	-0.24	288_T	[-13.15680645   2.36706452   8.58567742]
0.1	 0.79	-0.02	-0.22	288_T	[-12.91077273   2.64509091   6.57890909]
-0.14	 -0.67	-0.04	0.21	288_T	[-11.3890625    3.09979688  10.38335937]
0.16	 1.47	0.15	-0.41	289_L	[-13.18130769  -0.60984615   5.47538462]
0.12	 1.18	-0.05	-0.2	289_L	[-11.41775  -2.9255    7.5175 ]
0.01	 0.48	-0.01	-0.14	289_L	[-9.55838298 -3.22495745  6.15617021]
0.15	 1.06	0.06	-0.33	289_L	[-9.05017241  0.19962069  0.93910345]
0.16	 1.04	0.07	-0.31	289_L	[-13.61738462   0.76603846   4.19976923]
0.12	 1.5	0.1	-0.4	290_A	[-13.48726667  -3.352        6.80786667]
-0.09	 -0.36	-0.06	0.11	290_A	[-12.01390909  -4.85672727   7.28854545]
-0.16	 -0.76	0.02	0.2	290_A	[-14.35336066  -5.83944262   6.47998361]
-0.07	 -0.2	-0.15	0.07	291_K	[-11.31633333  -7.1385       6.095375  ]
0.05	 0.27	-0.02	-0.16	291_K	[-9.16894118 -6.47947059  4.43717647]
0.18	 1.54	0.15	-0.4	291_K	[-8.71885714 -7.67828571  1.41319048]
-0.17	 -1.1	-0.03	0.21	291_K	[-10.55822222  -9.34213889   5.34033333]
-0.14	 -0.75	-0.05	0.21	291_K	[-7.889   -8.68475  4.15465]
-0.13	 -0.67	-0.0	0.18	291_K	[ -9.30344444 -11.30775556   3.93444444]
-0.13	 -0.48	-0.15	0.15	291_K	[ -7.60010345 -10.39625862   1.708     ]
-0.29	 -1.31	0.21	0.47	291_K	[ -7.43341509 -13.03628302   1.93237736]
0.08	 0.54	-0.01	-0.21	292_S	[-12.67404545  -8.73863636   3.55504545]
0.03	 0.27	-0.1	-0.11	292_S	[-11.80055556  -9.33633333   0.6582963 ]
0.16	 1.13	0.05	-0.3	292_S	[-14.67157143  -6.55771429   0.25914286]
0.21	 1.1	-0.14	-0.12	292_S	[-13.2834  -7.8568  -1.4056]
-0.25	 -1.08	0.07	0.33	292_S	[-14.16589796  -9.71391837   0.82379592]
-0.21	 -0.99	0.06	0.26	292_S	[-15.42697297  -8.18108108   2.57359459]
0.18	 1.12	0.08	-0.36	293_Q	[-14.87886667  -4.6198       0.05253333]
-0.01	 0.16	-0.06	-0.06	293_Q	[-16.11422857  -4.97014286   2.27588571]
0.11	 1.67	0.09	-0.34	293_Q	[-16.1558      -2.35313333   4.2334    ]
0.02	 -0.32	-0.07	0.0	293_Q	[-15.0847037   -1.85022222   4.95355556]
-0.25	 -0.92	0.09	0.37	293_Q	[-17.35312727  -3.71561818   4.47165455]
0.16	 1.68	0.13	-0.38	294_V	[-8.86747059 -2.35111765  0.10470588]
0.17	 1.39	0.2	-0.44	294_V	[-8.37514286 -2.4827619  -1.51547619]
0.04	 0.65	-0.23	-0.08	294_V	[-8.09988889 -5.81555556  2.52555556]
0.05	 0.5	-0.04	-0.15	294_V	[-6.69850769 -4.61901538  0.77627692]
0.08	 0.85	0.07	-0.21	294_V	[-7.89981633 -2.98257143  3.29318367]
0.07	 0.42	-0.0	-0.19	295_S	[-8.38058333 -6.737875   -2.88720833]
0.14	 1.38	0.35	-0.6	295_S	[-11.49625   -7.285125  -3.93975 ]
0.21	 1.55	0.07	-0.35	295_S	[-8.76033333 -6.0755     -4.74266667]
-0.11	 -0.51	-0.06	0.14	295_S	[-10.678025  -8.5188    -2.795125]
-0.07	 -0.09	0.03	0.08	295_S	[-8.8526     -8.96842222 -0.68977778]
0.13	 1.45	0.13	-0.4	296_S	[-12.30675  -6.9155   -3.463  ]
0.02	 0.43	-0.16	-0.08	296_S	[-13.24328571  -5.82209524  -4.9832381 ]
0.11	 1.01	0.03	-0.25	296_S	[-13.3582   -3.64875  -6.4152 ]
-0.07	 -0.06	-0.1	0.04	296_S	[-15.06388636  -3.82531818  -3.26265909]
-0.24	 -0.89	0.1	0.34	296_S	[-14.97609091  -6.51348485  -2.63409091]
0.18	 1.59	0.15	-0.41	297_V	[-9.60972727 -1.08109091 -1.18272727]
0.07	 0.45	-0.03	-0.2	297_V	[-8.74734783  0.60956522 -2.4786087 ]
0.28	 1.47	0.28	-0.53	298_R	[-7.27955556 -0.6415     -4.6145    ]
0.03	 0.35	-0.13	-0.1	298_R	[-7.1197 -4.2776 -6.7576]
0.17	 0.75	0.14	-0.35	298_R	[-6.40810526 -3.31805263 -7.65189474]
0.02	 0.16	-0.02	0.02	298_R	[-6.66292308 -4.73611538 -5.1455    ]
0.04	 -0.12	-0.29	0.09	298_R	[-5.87443243 -1.68321622 -2.91221622]
-0.07	 -0.18	-0.03	0.01	298_R	[-5.04668571 -4.85534286 -3.19068571]
0.01	 0.55	-0.22	-0.12	298_R	[-4.37833333 -2.21440476 -1.44652381]
-0.11	 -0.53	-0.05	0.13	298_R	[-2.55966667 -3.95575    -1.52591667]
-0.2	 -1.12	0.07	0.31	298_R	[-3.55345098 -5.74405882 -0.37633333]
-0.15	 -0.63	-0.11	0.22	298_R	[-2.652525 -2.9069    0.7519  ]
0.12	 1.74	0.15	-0.42	299_K	[-7.947125 -5.030625 -6.5645  ]
-0.0	 0.19	-0.32	0.05	299_K	[-8.3245     -4.99896154 -8.86253846]
0.16	 1.58	0.03	-0.32	299_K	[-11.520875  -3.77025   -9.50175 ]
0.03	 0.29	-0.01	-0.15	299_K	[-10.18284375  -3.6150625  -10.5780625 ]
-0.04	 -0.16	-0.14	-0.01	299_K	[-11.59441379  -5.17651724  -8.46082759]
-0.11	 -0.78	-0.04	0.15	299_K	[-9.00505405 -7.29913514 -7.18797297]
-0.11	 -0.05	-0.07	0.04	299_K	[-11.561125    -7.93308333  -5.96664583]
-0.23	 -1.15	0.07	0.34	299_K	[-12.53884783  -7.97206522  -8.77441304]
-0.27	 -1.2	0.22	0.43	299_K	[-10.63273077  -9.57288462  -9.32603846]
0.11	 1.02	0.02	-0.27	300_N	[-14.45758333  -0.40908333  -8.12966667]
-0.06	 -0.04	-0.02	0.06	300_N	[-15.20863636  -1.83031818  -6.52409091]
-0.1	 -0.16	-0.01	0.11	300_N	[-14.18352727  -2.31332727  -9.53267273]
0.18	 0.54	0.08	-0.32	301_L	[-5.5282973   0.98951351 -4.67408108]
0.19	 1.2	0.09	-0.35	302_K	[-6.0971  -3.70995 -9.5054 ]
0.12	 1.07	0.06	-0.29	302_K	[ -7.4607   -3.7543  -12.82575]
-0.08	 -0.26	-0.26	0.15	302_K	[ -6.06911628  -5.2837907  -11.01551163]
0.08	 0.45	0.02	-0.19	302_K	[ -6.67023077  -5.47323077 -14.03861538]
-0.13	 -0.47	0.07	0.13	302_K	[ -5.09218367  -7.53040816 -12.55887755]
0.17	 1.45	0.15	-0.41	303_L	[ -8.89236364  -2.90109091 -12.29854545]
0.16	 0.56	0.03	-0.25	303_L	[ -9.00042857  -2.5945     -13.89557143]
0.19	 1.69	0.1	-0.34	303_L	[ -9.81138462   0.07869231 -16.15153846]
0.02	 0.14	-0.03	-0.09	303_L	[-11.38757143  -2.73161905 -12.16628571]
0.17	 1.44	0.05	-0.29	303_L	[-12.1435     0.665125 -14.6845  ]
-0.21	 -0.94	0.0	0.32	303_L	[-11.96869697  -2.22975758 -15.48790909]
-0.17	 -0.76	0.02	0.2	303_L	[-14.31463265  -1.12434694 -12.91320408]
0.16	 1.21	0.09	-0.33	304_H	[-12.40784   3.14412 -14.43368]
-0.06	 -0.16	-0.07	0.05	304_H	[-14.41057692   3.4745     -13.16528846]
0.1	 0.25	0.0	-0.2	304_H	[-14.40345455   1.83654545 -10.19478788]
0.09	 0.73	-0.08	-0.19	306_L	[ -8.28604545  -0.79554545 -17.28568182]
0.06	 -0.29	-0.04	-0.15	306_L	[ -7.30732432  -3.26378378 -16.35167568]
0.17	 1.4	0.24	-0.52	307_S	[ -9.11313333   1.0408     -17.5546    ]
0.11	 1.48	0.33	-0.58	307_S	[ -9.6448   1.4528 -18.124 ]
0.15	 0.81	0.09	-0.33	307_S	[ -9.331        5.02332258 -20.29651613]
-0.05	 0.24	-0.14	-0.04	307_S	[-11.08053333   2.14906667 -16.70093333]
-0.21	 0.43	0.04	-0.06	307_S	[-11.46360606   3.61566667 -18.03518182]
0.17	 0.96	0.07	-0.37	309_L	[ -2.91592   5.563   -22.46236]
0.2	 1.48	0.2	-0.46	309_L	[ -0.69992   4.81568 -21.04692]
0.12	 0.99	0.1	-0.35	310_K	[ -6.19940909   5.77881818 -23.48422727]
-0.02	 -0.08	-0.11	-0.03	310_K	[ -6.26651064   5.40285106 -24.91746809]
-0.0	 0.11	-0.08	0.03	310_K	[ -8.6136    3.66905 -23.0895 ]
0.08	 0.72	-0.04	-0.18	310_K	[ -6.31095652   1.71378261 -24.18647826]
-0.17	 -0.84	0.01	0.24	310_K	[ -8.5589     0.373975 -23.775275]
-0.22	 -1.07	0.03	0.3	310_K	[-10.55454054   1.66364865 -21.99008108]
-0.16	 -0.4	0.06	0.16	310_K	[-10.04456098   0.27478049 -20.01531707]
0.15	 1.24	0.09	-0.34	311_H	[ -8.086        5.93711111 -21.97333333]
0.11	 0.88	-0.05	-0.23	311_H	[ -8.5781    7.334   -22.73595]
0.14	 1.5	0.05	-0.32	311_H	[ -4.72563636   7.41654545 -24.17781818]
0.16	 1.04	0.1	-0.33	311_H	[ -3.52663158   8.167      -23.47310526]
0.19	 1.52	0.32	-0.56	311_H	[ -8.9698125   7.4385    -21.3058125]
0.21	 1.45	0.28	-0.52	311_H	[ -9.73631579  11.20657895 -24.02189474]
-0.06	 0.2	-0.12	0.04	312_P	[ -4.20082609   8.60352174 -25.62621739]
0.11	 2.01	0.02	-0.27	312_P	[ -4.12266667  12.48953333 -25.28026667]
0.03	 0.23	-0.11	-0.06	312_P	[ -2.08205882  11.72758824 -25.11911765]
-0.2	 -0.62	0.04	0.22	312_P	[ -4.85371875  10.68746875 -27.24965625]
-0.11	 -0.42	0.04	0.13	312_P	[ -7.69809302  11.08732558 -26.66818605]
-0.09	 -0.12	-0.18	0.03	312_P	[ -8.3297907    8.85395349 -25.25716279]
0.05	 0.15	-0.02	-0.12	313_A	[ -3.14306452  13.24277419 -23.65677419]
0.13	 1.64	0.06	-0.34	313_A	[ -1.38771429  12.41514286 -22.38085714]
0.07	 0.7	0.02	-0.23	313_A	[ -2.044975  13.404    -20.6485  ]
-0.03	 0.07	-0.07	-0.05	313_A	[ -4.63943243  14.75827027 -21.51518919]
0.09	 0.78	-0.09	-0.16	314_S	[ -1.60675      7.24508333 -21.79513889]
0.13	 1.28	0.05	-0.35	315_L	[ -0.72911111   8.74       -22.72244444]
0.2	 1.23	0.16	-0.42	315_L	[  1.1305       8.59578125 -22.69065625]
0.11	 0.73	-0.13	-0.11	315_L	[  2.7636  11.7998 -22.4378]
-0.16	 -0.3	0.01	0.19	315_L	[  3.76178378   9.87532432 -21.52759459]
-0.04	 -0.19	-0.15	-0.05	315_L	[  1.15669231  11.91128205 -23.51241026]
-0.24	 -0.9	-0.28	0.34	315_L	[  2.0751   9.4013 -25.1888]
-0.18	 -0.7	-0.01	0.21	315_L	[ -0.86541818   9.18249091 -25.74212727]
-0.26	 -1.28	0.16	0.41	315_L	[  1.40226984  12.20468254 -26.26211111]
0.13	 1.4	0.17	-0.45	316_E	[  0.84       12.6326875 -21.8084375]
-0.08	 -0.57	-0.08	0.09	316_E	[  3.18755  12.7879  -20.8873 ]
0.08	 0.54	-0.01	-0.21	316_E	[  3.7585      10.99835714 -18.57557143]
-0.13	 -0.18	0.11	0.1	316_E	[  3.71196875  12.781      -17.04875   ]
-0.16	 -0.52	-0.1	0.11	316_E	[  1.26177778  14.08137037 -21.00162963]
0.01	 0.33	-0.13	-0.09	316_E	[  3.12305556  14.585      -17.96938889]
-0.04	 -0.07	-0.08	0.03	316_E	[  1.91054167  16.67054167 -18.637125  ]
-0.23	 -0.81	0.11	0.34	316_E	[  0.26995122  16.81634146 -19.43568293]
-0.28	 -0.96	0.12	0.42	316_E	[  2.87448837  17.00727907 -17.55688372]
0.16	 1.1	0.0	-0.28	317_F	[  3.5128  10.5603 -16.7394]
0.13	 1.2	0.11	-0.35	317_F	[  3.653875   9.268875 -16.4065  ]
0.12	 0.57	0.0	-0.23	317_F	[  0.94893333  12.94203333 -13.87126667]
-0.06	 -0.04	-0.08	0.02	317_F	[  0.85961538  14.94779487 -14.50989744]
0.13	 0.72	-0.07	-0.2	317_F	[ -2.13847368  14.54594737 -18.12989474]
-0.02	 0.45	-0.13	-0.04	317_F	[ -1.43059259  15.91774074 -16.23855556]
0.13	 1.31	0.06	-0.27	318_Q	[  3.72185714   9.04935714 -18.65528571]
0.13	 0.69	-0.06	-0.11	318_Q	[  4.137    7.6093 -20.4277]
0.04	 0.37	-0.11	-0.09	318_Q	[  4.61476   4.88712 -20.051  ]
0.05	 0.4	-0.08	-0.09	318_Q	[  3.929        5.88014286 -22.39885714]
-0.23	 -0.87	0.1	0.39	318_Q	[  4.7887234    4.74206383 -22.63240426]
-0.09	 0.22	-0.1	0.04	318_Q	[  1.77516667   6.16       -22.85935185]
0.01	 0.02	-0.08	-0.08	319_A	[  4.99266667   7.56885714 -17.81885714]
-0.01	 0.08	-0.08	-0.04	319_A	[  5.8042381    4.73938095 -17.23042857]
0.15	 0.72	-0.05	-0.15	319_A	[  6.0273   6.0016 -13.5645]
0.12	 1.39	-0.07	-0.2	319_A	[  6.18684615   4.07184615 -14.81476923]
-0.25	 -1.29	0.06	0.38	319_A	[  7.36944595   6.92774324 -16.23518919]
0.15	 1.19	0.13	-0.4	320_Q	[  4.95968   8.07472 -14.61   ]
0.01	 0.02	-0.09	-0.09	320_Q	[  4.51186957   6.47447826 -11.83717391]
0.21	 1.65	0.2	-0.45	320_Q	[  2.86508696   5.54956522 -10.72865217]
0.09	 1.48	0.21	-0.49	320_Q	[  3.616    7.6178 -11.0178]
-0.11	 -0.37	-0.11	0.16	320_Q	[  5.07293878   8.92989796 -12.20281633]
-0.23	 -0.92	-0.04	0.22	320_Q	[  4.6488  11.2978 -11.8129]
-0.12	 -0.09	-0.02	0.08	320_Q	[  3.91584615  11.44446154 -14.23251282]
-0.06	 -0.05	-0.03	0.07	320_Q	[  2.14904651  11.51532558 -10.92260465]
0.06	 0.49	-0.05	-0.18	322_T	[  5.37617647   2.62152941 -15.94864706]
0.16	 1.34	0.03	-0.23	322_T	[  4.2858125   2.78675   -18.3585   ]
-0.05	 -0.33	-0.01	0.06	322_T	[  5.16742308   0.19619231 -16.74263462]
0.11	 0.53	-0.06	-0.16	323_T	[  5.30427273   0.486      -12.76486364]
0.19	 1.59	0.21	-0.47	323_T	[  4.97776471  -0.27476471 -10.27676471]
0.04	 0.9	-0.02	-0.18	323_T	[  4.80376471   4.40852941 -10.68176471]
-0.16	 -0.71	-0.02	0.24	323_T	[  6.807425   3.174125 -12.7758  ]
-0.16	 -0.48	-0.13	0.23	323_T	[ 5.93627059  2.4896     -9.26237647]
0.05	 0.31	-0.04	-0.11	324_L	[ 2.11122222  4.65453968 -7.70290476]
0.1	 1.74	0.04	-0.33	326_V	[ 3.9868 -4.1428 -9.032 ]
0.01	 0.46	0.04	-0.13	326_V	[  2.67244444  -5.65288889 -10.02744444]
0.12	 1.06	0.06	-0.26	326_V	[  5.24386667  -1.75806667 -11.14233333]
-0.19	 -0.86	0.03	0.29	326_V	[  5.64623437  -4.43210937 -11.2253125 ]
0.11	 0.81	0.08	-0.25	326_V	[  5.12902  -3.09838 -14.2131 ]
0.02	 0.26	-0.1	-0.04	327_D	[ 3.653      -3.56968182 -7.41340909]
-0.15	 -0.51	0.03	0.22	327_D	[ 1.38061538 -4.49223077 -6.22187179]
0.17	 0.94	0.02	-0.27	327_D	[ 2.19908333 -1.96008333 -5.63125   ]
0.08	 0.77	0.08	-0.2	327_D	[ 4.14817143 -0.14708571 -6.918     ]
-0.14	 -0.17	-0.1	0.17	327_D	[ 5.52417949 -1.21933333 -8.03592308]
-0.2	 -0.44	-0.01	0.27	327_D	[ 3.89238095  0.27669048 -5.42230952]
0.05	 0.61	-0.04	-0.17	328_L	[-1.4055     -4.00985714 -6.48407143]
-0.09	 -0.53	-0.03	0.13	328_L	[-0.921      -6.05766667 -7.1455    ]
-0.11	 -0.39	-0.03	0.21	328_L	[-2.8795  -6.0292  -8.69805]
0.2	 1.53	0.13	-0.36	328_L	[-4.00429412 -3.66623529 -8.95023529]
0.08	 0.6	-0.13	-0.14	328_L	[-3.33937209 -2.95751163 -5.8195814 ]
-0.19	 -0.87	0.03	0.25	329_G	[ 0.31828205 -7.72658974 -8.88210256]
0.13	 0.74	0.0	-0.23	329_G	[ -0.70752  -7.24868 -11.14464]
-0.17	 -0.78	-0.08	0.23	329_G	[ -0.86763889  -8.94927778 -11.54077778]
0.13	 0.98	-0.05	-0.2	330_T	[  1.05725  -7.8925  -12.946  ]
0.09	 0.38	-0.02	-0.18	330_T	[  2.47718182  -6.08384848 -13.60112121]
-0.07	 -0.83	0.0	0.06	331_P	[  1.64127778  -8.83916667 -14.58827778]
-0.12	 -0.26	0.02	0.13	331_P	[  0.54094872 -10.18853846 -17.26584615]
-0.16	 -0.84	0.07	0.27	331_P	[ -1.11864583 -10.502375   -15.30947917]
0.12	 0.63	-0.09	-0.12	331_P	[ -2.601875   -8.9938125 -14.02775  ]
0.06	 -0.29	-0.06	-0.06	332_Q	[  3.19218182  -7.77204545 -16.3905    ]
0.06	 0.56	-0.1	-0.08	332_Q	[  3.23857143  -6.78728571 -20.88128571]
0.1	 0.91	-0.01	-0.21	332_Q	[  2.82888462  -4.725      -20.54307692]
-0.15	 -0.77	-0.03	0.17	332_Q	[  4.98766667  -7.65676923 -18.55446154]
-0.23	 -1.04	0.08	0.31	332_Q	[  5.90877143  -5.53408571 -19.90662857]
-0.21	 -0.96	-0.03	0.24	332_Q	[  7.25263636  -4.19454545 -18.09063636]
-0.07	 0.01	-0.01	-0.0	332_Q	[  5.20404  -2.78928 -18.31194]
-0.14	 -0.16	-0.02	0.14	332_Q	[  6.15540385  -5.10369231 -15.86828846]
0.03	 0.67	-0.08	-0.14	333_A	[  2.61894737  -8.71542105 -19.65831579]
-0.07	 -0.46	-0.14	0.03	333_A	[  1.763       -7.30311111 -22.35783333]
0.14	 -0.3	0.02	-0.18	333_A	[ -0.83695455  -7.02477273 -23.16968182]
-0.19	 -0.83	0.02	0.26	333_A	[  0.85277143  -9.99972857 -21.1465    ]
0.21	 1.71	0.22	-0.47	334_E	[ -1.347       -8.64284615 -19.30938462]
0.14	 1.04	-0.01	-0.22	334_E	[ -3.11571429  -8.46085714 -18.42819048]
0.27	 1.65	0.01	-0.29	334_E	[ -5.47518182  -6.17263636 -19.46418182]
-0.13	 -0.26	-0.24	0.1	334_E	[ -5.389125   -8.0814375 -17.9744375]
-0.15	 -0.5	-0.0	0.23	334_E	[ -6.767025  -6.3775   -17.2126  ]
-0.01	 -0.05	0.04	-0.1	334_E	[ -4.60291667  -8.38170833 -15.78433333]
0.15	 1.84	0.19	-0.45	335_I	[  2.22958333  -2.82333333 -19.412     ]
0.15	 1.06	0.02	-0.26	335_I	[  2.46225     -1.05683333 -19.418     ]
0.13	 0.71	0.1	-0.34	336_A	[  1.6655625  -2.728375  -21.3935   ]
0.08	 1.09	-0.03	-0.24	336_A	[  1.29778947  -1.89784211 -23.63789474]
0.03	 0.2	-0.09	-0.04	336_A	[ -0.975       -4.05142857 -25.20871429]
-0.03	 -0.02	-0.0	-0.02	336_A	[ -1.41706897  -2.111      -25.78006897]
-0.18	 -0.95	0.05	0.29	336_A	[  1.78225806  -4.21156452 -24.19959677]
0.11	 0.9	0.13	-0.34	337_R	[ -1.45509091  -5.30009091 -24.12663636]
-0.03	 -0.66	-0.09	0.08	337_R	[ -3.06947059  -4.40223529 -25.485     ]
0.14	 1.44	0.24	-0.49	337_R	[ -5.13426667  -3.24066667 -23.7446    ]
-0.08	 -0.34	-0.09	0.12	337_R	[ -5.21591667  -1.93172917 -24.89770833]
0.13	 1.54	0.08	-0.32	337_R	[ -2.6052  -6.2917 -24.1228]
-0.16	 -0.84	0.01	0.23	337_R	[ -5.26392857  -5.59438095 -24.96671429]
-0.17	 -0.89	0.03	0.22	337_R	[ -6.02351111  -7.32713333 -23.61755556]
-0.11	 -0.38	-0.03	0.15	337_R	[ -3.39336  -8.53656 -24.28704]
-0.12	 -0.4	-0.04	0.14	337_R	[ -4.759       -9.91125    -22.88683333]
-0.13	 -0.55	0.01	0.19	337_R	[ -5.36125581  -8.50202326 -20.70334884]
-0.15	 -0.56	0.0	0.19	337_R	[ -2.47123913  -9.9973913  -21.81682609]
0.19	 1.08	0.12	-0.38	338_N	[ -4.38321739   0.95347826 -24.473     ]
0.09	 0.39	0.08	-0.28	338_N	[ -6.6084      -2.01526667 -22.347     ]
-0.01	 -0.47	-0.04	0.04	338_N	[ -7.92795652  -1.71921739 -20.54626087]
0.0	 0.27	-0.06	-0.05	338_N	[ -6.23676923  -3.93679487 -20.66094872]
0.14	 1.17	-0.01	-0.24	339_M	[ -0.5865   3.2583 -25.2146]
0.02	 0.7	-0.08	-0.06	339_M	[ -2.13855319   4.53214894 -24.17982979]
-0.01	 0.42	-0.06	-0.04	339_M	[  0.39592308   0.85019231 -25.49184615]
-0.11	 -0.32	-0.14	0.13	339_M	[  1.69138095  -0.18695238 -23.89161905]
0.08	 0.46	0.03	-0.22	339_M	[  1.01318421   3.31678947 -23.16910526]
-0.03	 -0.12	-0.0	-0.01	339_M	[  2.94679545   0.89920455 -21.21020455]
0.12	 1.65	0.14	-0.43	340_P	[ -3.82385714   1.54314286 -25.91057143]
-0.06	 0.54	-0.04	0.05	340_P	[ -3.14985714   4.8375     -26.587     ]
-0.14	 -0.47	-0.12	0.16	340_P	[ -4.90567857   3.34576786 -26.99323214]
-0.26	 -1.17	0.2	0.43	340_P	[ -4.28524242   2.66109091 -29.55130303]
-0.19	 -1.19	0.08	0.26	340_P	[ -1.25070455   3.98881818 -28.46604545]
-0.24	 -1.23	0.11	0.35	340_P	[ -0.44417073   1.39492683 -28.57243902]
-0.06	 0.03	-0.16	0.03	340_P	[-2.57831429e+00  3.42857143e-04 -2.68591714e+01]
