-0.26	 -1.1	0.16	0.42	28_E	[56.65517021 12.13055319 39.15355319]
-0.13	 -0.11	0.01	0.15	28_E	[58.47583333 12.02427778 37.41416667]
0.09	 0.83	-0.14	-0.07	28_E	[56.76592857 13.46757143 35.88735714]
-0.17	 -0.31	-0.15	0.16	28_E	[58.08669231 14.07561538 34.79325641]
-0.15	 -0.77	-0.03	0.15	28_E	[55.64836585 10.71287805 36.80931707]
-0.16	 -0.89	0.04	0.25	28_E	[58.17039024  9.87865854 35.28104878]
-0.11	 -0.46	-0.06	0.14	28_E	[56.32014815 10.04562963 33.58407407]
-0.33	 -1.36	0.25	0.53	28_E	[57.2379697  10.7289697  32.31615152]
-0.26	 -0.96	0.15	0.41	28_E	[54.81344186  9.56527907 34.09162791]
-0.04	 -0.24	-0.19	-0.0	29_A	[55.38689286 14.09710714 37.70446429]
-0.04	 -0.02	-0.04	-0.03	29_A	[56.0988  15.63175 35.0473 ]
0.14	 1.53	0.19	-0.46	29_A	[56.3435     16.34583333 38.56616667]
-0.04	 0.49	0.01	-0.07	29_A	[58.28289655 16.1932069  38.35374138]
-0.21	 -1.03	0.09	0.27	29_A	[54.19003226 16.40516129 37.09696774]
0.03	 0.24	-0.08	-0.1	30_L	[56.22878947 18.54452632 36.17268421]
0.25	 1.29	0.46	-0.68	30_L	[59.872      17.97006667 38.04493333]
0.22	 1.08	0.07	-0.32	30_L	[58.72554545 20.60139394 35.36927273]
0.0	 0.18	-0.05	-0.04	30_L	[57.70717391 17.43278261 34.035     ]
-0.2	 -1.04	0.02	0.32	30_L	[58.77439437 19.88077465 32.59673239]
-0.12	 -0.32	-0.06	0.12	30_L	[60.48652 16.93454 34.05548]
0.18	 2.24	0.1	-0.33	31_T	[56.02615385 19.50576923 37.70930769]
0.16	 1.48	0.3	-0.56	31_T	[55.50418182 20.38627273 38.54590909]
0.21	 1.41	0.19	-0.45	31_T	[58.4807     22.53706667 42.33386667]
0.03	 0.11	-0.11	-0.05	31_T	[56.02445455 17.93240909 41.44177273]
-0.11	 -0.08	-0.17	0.09	31_T	[54.2188     18.59506667 39.61545   ]
0.22	 1.31	0.13	-0.37	31_T	[53.86863636 18.96127273 42.27118182]
0.21	 1.63	0.21	-0.48	32_T	[58.20383333 17.9105     40.56391667]
0.09	 1.15	-0.13	-0.12	32_T	[59.42892857 20.78242857 43.51421429]
0.14	 1.67	0.09	-0.36	32_T	[61.17205556 21.15183333 41.78211111]
-0.17	 -0.64	-0.02	0.22	32_T	[62.45002326 20.98976744 42.34409302]
-0.12	 -0.45	0.01	0.15	32_T	[61.22059091 18.63918182 43.68154545]
-0.24	 -0.13	-0.04	0.08	32_T	[61.26741304 17.45704348 40.93895652]
-0.12	 -0.72	-0.0	0.14	32_T	[59.21188889 17.16405556 43.52424074]
-0.06	 -0.13	-0.07	0.04	33_Q	[63.582      21.32718182 39.81009091]
0.17	 1.3	-0.04	-0.22	33_Q	[62.1694375 23.2625    39.3615   ]
-0.15	 -0.52	0.02	0.15	33_Q	[63.02314286 24.023      38.69428571]
-0.01	 -0.1	0.03	-0.07	33_Q	[61.83557143 21.63953571 37.12032143]
-0.12	 -0.59	-0.01	0.14	33_Q	[63.72926667 19.1423     38.9892    ]
-0.15	 -0.55	0.02	0.08	33_Q	[64.25530769 19.12423077 36.62107692]
-0.13	 -0.42	-0.05	0.21	33_Q	[62.741      19.71869231 35.08533333]
-0.19	 -0.45	-0.05	0.24	33_Q	[62.49338983 16.99620339 37.21415254]
0.12	 0.47	-0.17	-0.07	34_Y	[62.53666667 25.3585     40.69166667]
-0.03	 -0.19	-0.05	-0.04	34_Y	[60.95075    24.57440909 42.26468182]
0.08	 0.84	0.05	-0.29	34_Y	[59.12954286 25.36631429 36.39128571]
-0.1	 -0.33	-0.07	0.11	34_Y	[58.29683929 24.49598214 35.01267857]
0.12	 0.86	0.08	-0.32	34_Y	[55.84972727 21.41559091 36.89868182]
0.11	 1.03	0.2	-0.45	34_Y	[55.51982609 24.18186957 35.39630435]
-0.2	 -0.4	-0.17	0.31	34_Y	[56.193375 22.631125 34.27275 ]
0.16	 0.94	-0.07	-0.2	35_S	[62.5034 26.5288 39.5366]
-0.09	 -0.11	-0.09	0.09	35_S	[62.47915 27.24605 42.0766 ]
-0.15	 -0.98	0.01	0.25	35_S	[63.00481481 29.39964815 40.28372222]
0.04	 0.29	-0.08	-0.04	35_S	[61.5610625 30.787625  39.0828125]
0.07	 0.33	-0.01	-0.2	36_Q	[61.19158621 28.75034483 43.54968966]
0.14	 1.02	0.03	-0.25	36_Q	[61.22075   31.1518125 44.5740625]
-0.08	 -0.29	0.01	0.02	36_Q	[61.58644828 28.95093103 46.7282069 ]
-0.02	 -0.08	-0.11	-0.02	36_Q	[60.16385714 26.54982857 46.64091429]
0.18	 1.69	0.18	-0.43	37_S	[60.73033333 31.79106667 42.30593333]
-0.05	 -0.06	-0.02	0.02	37_S	[60.43858974 33.50264103 40.53730769]
-0.01	 0.0	0.0	-0.06	37_S	[59.03285714 33.92991429 38.7334    ]
0.15	 1.1	0.09	-0.34	38_E	[56.83675   29.7625    36.9898125]
0.1	 0.66	-0.11	-0.2	38_E	[57.53708333 28.19858333 36.60491667]
-0.08	 -0.24	-0.21	0.18	38_E	[59.206875  30.0444375 36.586125 ]
0.02	 -0.03	-0.22	-0.03	38_E	[61.24646429 28.13560714 36.54246429]
0.01	 0.23	-0.1	-0.06	38_E	[61.84240909 26.37686364 37.55      ]
-0.28	 -1.02	0.17	0.47	38_E	[62.06802326 28.99202326 35.61616279]
0.14	 0.66	0.02	-0.25	39_L	[58.57004167 24.77070833 43.97008333]
0.14	 1.83	0.17	-0.44	41_K	[52.02046154 32.69969231 37.05892308]
0.14	 0.75	0.03	-0.22	41_K	[52.72       29.69411111 35.94655556]
0.19	 0.73	0.06	-0.3	41_K	[51.08859375 31.11959375 35.95734375]
-0.0	 0.03	0.64	0.44	41_K	[53.99675    31.30716667 35.98397222]
0.06	 0.17	0.94	0.47	41_K	[53.24287097 34.36603226 36.72148387]
-0.06	 0.03	-0.13	0.11	41_K	[56.67897561 32.7112439  36.12287805]
0.08	 0.65	-0.02	-0.2	41_K	[55.72790909 35.999      37.28233333]
-0.17	 -0.98	0.03	0.2	41_K	[58.17461404 35.57342105 36.49863158]
-0.01	 0.37	-0.4	0.07	42_N	[51.45965217 27.79473913 35.76204348]
0.12	 1.42	0.04	-0.25	42_N	[49.66519048 26.78457143 36.36414286]
0.13	 0.86	0.08	-0.29	42_N	[51.98292857 25.53728571 36.64192857]
-0.0	 0.39	-0.07	0.02	42_N	[53.95313636 25.48440909 35.80113636]
-0.08	 -0.17	0.05	0.05	42_N	[54.89904167 27.76366667 35.59295833]
0.15	 1.33	0.49	-0.72	42_N	[54.487      24.39163636 36.24627273]
0.17	 0.54	0.12	-0.34	43_W	[46.63232 26.21836 44.58608]
-0.05	 -0.25	0.01	0.03	43_W	[44.84639286 28.52210714 44.81442857]
0.11	 0.99	0.02	-0.22	43_W	[44.1364  31.01745 44.8849 ]
0.16	 1.51	0.28	-0.52	44_A	[49.982125 33.08025  36.840625]
0.17	 0.52	0.06	-0.33	45_L	[50.06722222 29.01896296 34.49711111]
0.1	 0.35	-0.05	-0.17	45_L	[48.18544444 27.07283333 34.1005    ]
0.1	 0.84	-0.06	-0.19	45_L	[47.05078378 29.41116216 30.88045946]
-0.21	 -0.96	-0.06	0.38	45_L	[49.93584848 27.8704697  32.10560606]
0.14	 1.25	0.1	-0.35	46_S	[48.12123077 26.71123077 35.72569231]
0.13	 0.74	0.01	-0.26	46_S	[45.9872381  25.56714286 35.5172381 ]
0.03	 0.56	0.0	-0.18	46_S	[46.43080769 24.31103846 36.55      ]
0.13	 2.43	0.12	-0.32	46_S	[48.9372 25.1382 36.9757]
0.23	 1.42	0.24	-0.5	47_H	[43.43005882 27.05835294 40.30123529]
-0.01	 0.38	-0.18	0.17	47_H	[42.55564516 27.83754839 41.82132258]
-0.05	 -0.28	-0.02	0.07	47_H	[40.92444681 29.80276596 43.01006383]
0.21	 1.16	0.15	-0.39	49_L	[42.252875 25.04325  33.54575 ]
-0.1	 -0.48	-0.02	0.15	49_L	[45.12432759 25.53467241 32.52525862]
0.06	 0.52	-0.04	-0.18	49_L	[43.9112069  27.47558621 30.389     ]
0.19	 1.51	0.03	-0.28	50_A	[38.47228571 27.85814286 39.21042857]
0.1	 0.58	0.04	-0.22	50_A	[37.15138889 27.10961111 38.72816667]
0.15	 0.75	-0.01	-0.27	50_A	[40.51232759 26.45201724 39.99431034]
0.05	 0.26	-0.14	-0.12	51_L	[36.51253333 29.37626667 38.26006667]
-0.12	 -0.47	0.04	0.1	51_L	[35.26740541 30.11221622 36.22445946]
0.15	 0.64	-0.06	-0.15	51_L	[37.13007692 31.99661538 37.75192308]
0.17	 1.75	0.17	-0.41	51_L	[37.923      33.36041176 39.25729412]
-0.04	 0.01	-0.03	0.03	51_L	[37.93025    30.20726786 40.53307143]
0.02	 0.98	-0.02	-0.15	52_V	[35.93318182 31.23790909 33.51918182]
0.1	 1.14	-0.02	-0.28	52_V	[34.78475  28.797875 34.368625]
-0.1	 -0.06	-0.16	0.08	52_V	[34.29183784 29.11159459 32.45816216]
0.13	 1.13	-0.03	-0.26	52_V	[36.50353846 31.92223077 32.17569231]
0.27	 1.33	0.4	-0.63	52_V	[36.99181818 33.12172727 32.59454545]
0.17	 0.13	-0.14	-0.19	53_Y	[35.271   26.77075 31.0925 ]
0.15	 1.17	-0.03	-0.21	53_Y	[33.54633333 27.31322222 33.64977778]
0.1	 -0.25	0.03	-0.22	53_Y	[34.18029412 27.47882353 34.90023529]
0.1	 0.91	0.0	-0.23	53_Y	[36.09169565 23.84521739 31.936     ]
0.11	 0.74	-0.1	-0.12	53_Y	[37.86414286 24.07914286 30.78828571]
-0.08	 0.01	-0.07	0.02	53_Y	[36.66109677 25.96574194 29.87990323]
0.16	 1.42	0.2	-0.45	53_Y	[40.18166667 24.14057143 32.43233333]
-0.04	 0.0	0.04	0.0	53_Y	[38.28464516 26.44880645 28.37451613]
-0.1	 -0.07	-0.01	-0.09	53_Y	[40.76548485 24.32066667 30.75842424]
-0.13	 -0.47	-0.05	0.19	53_Y	[40.03666667 24.71022222 28.888     ]
-0.04	 -0.26	0.06	0.01	53_Y	[41.81061538 25.75280769 28.51711538]
0.01	 0.16	-0.08	-0.08	54_K	[33.85836364 25.57886364 31.70509091]
0.07	 0.6	-0.11	-0.17	54_K	[32.22795 26.02235 34.71475]
0.1	 0.34	-0.11	-0.16	54_K	[31.03528571 22.99542857 33.337     ]
-0.05	 -0.21	-0.09	0.03	54_K	[31.35132353 23.28611765 35.61341176]
-0.17	 -0.69	-0.03	0.16	54_K	[31.34958824 25.25411765 31.59661765]
-0.18	 -0.84	-0.06	0.22	54_K	[30.37686667 27.00553333 33.20891111]
-0.17	 -0.86	-0.09	0.21	54_K	[28.82433333 24.45820513 33.00617949]
-0.2	 -1.26	0.05	0.32	54_K	[27.393      26.75082692 33.48040385]
-0.29	 -1.48	0.32	0.56	54_K	[25.99304082 25.09269388 33.2582449 ]
-0.02	 -0.03	-0.11	-0.11	55_D	[33.02666667 23.06066667 32.02366667]
-0.03	 -1.25	-0.05	0.03	55_D	[31.60346667 21.25786667 33.35686667]
-0.11	 -0.17	-0.01	0.08	55_D	[33.8955122  21.11553659 31.26682927]
-0.12	 0.12	-0.03	0.16	55_D	[34.04646667 18.56933333 30.93853333]
-0.21	 -0.77	0.05	0.33	55_D	[32.23781818 18.16943182 32.45729545]
-0.01	 0.44	-0.01	-0.02	55_D	[34.85710526 17.36142105 32.13447368]
0.09	 0.54	-0.07	-0.13	56_D	[31.70421429 19.99221429 35.2775    ]
0.14	 1.33	0.1	-0.36	56_D	[34.09805882 20.567      38.22282353]
0.16	 1.54	0.28	-0.52	56_D	[34.61923077 17.34723077 37.55469231]
0.18	 1.61	0.25	-0.51	56_D	[35.49191667 20.15433333 38.56366667]
-0.08	 -0.04	-0.12	-0.01	56_D	[32.56882979 18.14408511 37.49953191]
-0.15	 -0.6	-0.21	0.17	56_D	[31.39233333 19.71993333 38.235     ]
-0.14	 -0.47	-0.03	0.17	56_D	[31.868675 21.61385  38.415925]
-0.33	 -1.34	0.29	0.55	56_D	[29.81529412 18.67867647 38.42697059]
0.21	 1.49	0.36	-0.59	57_V	[33.53522222 17.55522222 34.94033333]
0.07	 0.22	-0.14	-0.11	57_V	[36.21259091 16.46522727 37.20277273]
0.1	 0.61	-0.04	-0.18	57_V	[39.045   16.8952  36.69185]
0.08	 0.53	-0.04	-0.13	57_V	[35.95327273 16.25490909 32.95854545]
-0.16	 -0.79	-0.02	0.29	57_V	[37.95314493 15.13155072 34.19863768]
-0.23	 -1.08	0.0	0.35	57_V	[34.43252174 14.92998551 35.11782609]
0.13	 0.98	0.01	-0.26	58_V	[39.39377273 18.70045455 33.5015    ]
0.19	 1.23	0.09	-0.36	58_V	[41.09033333 21.12506667 34.7944    ]
0.18	 1.62	0.19	-0.46	58_V	[36.81038462 22.05653846 32.08      ]
-0.08	 -0.37	-0.11	0.05	58_V	[39.69147059 21.88331373 32.02717647]
-0.21	 -0.86	0.1	0.29	58_V	[37.59939623 19.34501887 30.92686792]
0.16	 1.48	0.27	-0.51	59_K	[35.83575 21.6935  38.79165]
0.26	 1.4	0.18	-0.44	59_K	[37.38892857 25.07785714 39.69      ]
-0.07	 -0.01	-0.2	0.05	59_K	[34.68213043 24.07147826 39.65017391]
-0.08	 -0.29	-0.0	0.12	59_K	[32.96392 25.08116 37.87124]
-0.09	 -0.05	0.01	0.06	59_K	[34.29816667 27.2007     37.4408    ]
0.17	 1.84	0.1	-0.35	60_N	[39.15066667 19.72566667 41.258     ]
0.07	 0.53	-0.11	-0.08	60_N	[40.60672727 17.78927273 39.58427273]
-0.02	 0.23	-0.15	-0.05	60_N	[40.99636364 18.87968182 40.98622727]
-0.1	 -0.61	0.03	0.1	60_N	[38.39541935 17.37754839 40.01564516]
0.0	 0.64	0.04	-0.14	60_N	[36.1615     19.02056667 40.3802    ]
-0.12	 -0.02	0.03	0.04	60_N	[36.81337778 20.17795556 41.76613333]
-0.21	 -0.56	-0.05	0.29	60_N	[35.21059649 17.50440351 40.43026316]
0.16	 1.69	0.01	-0.25	61_D	[39.96942857 17.55657143 38.204     ]
-0.01	 -0.16	-0.06	-0.09	61_D	[41.8169375 17.5479375 38.12725  ]
0.25	 1.62	0.1	-0.37	61_D	[44.71954545 18.65427273 38.01027273]
-0.05	 -0.23	-0.31	0.06	61_D	[40.97648387 18.03909677 34.881     ]
-0.07	 -0.14	-0.07	0.02	61_D	[43.61613793 17.76748276 35.49155172]
-0.3	 -1.05	0.23	0.48	61_D	[43.36020513 16.18141026 35.30248718]
-0.12	 -0.07	-0.0	0.15	61_D	[44.15083721 19.41004651 34.82637209]
0.15	 1.76	0.23	-0.48	62_A	[42.30681818 21.27736364 35.62327273]
0.08	 0.53	-0.01	-0.2	62_A	[44.26113636 22.19709091 36.28936364]
0.07	 0.62	-0.01	-0.18	62_A	[42.51940541 23.61386486 35.14797297]
0.16	 0.84	-0.0	-0.25	63_R	[42.75926316 24.28615789 41.32126316]
0.09	 0.64	-0.01	-0.19	63_R	[43.16076923 21.28392308 43.19430769]
0.01	 -0.25	-0.13	-0.03	63_R	[43.9954 22.8854 43.2807]
-0.01	 -0.57	0.02	0.02	63_R	[40.64490323 21.60945161 42.64729032]
-0.13	 -0.22	0.01	0.23	63_R	[40.53       24.72077778 42.26303704]
-0.03	 0.13	-0.07	0.03	63_R	[38.59046667 22.06293333 43.09813333]
-0.15	 -0.68	-0.13	0.2	63_R	[38.48088 24.6982  43.27536]
-0.02	 0.06	0.02	-0.03	63_R	[36.87568966 23.87493103 42.77741379]
-0.13	 -0.29	-0.09	0.14	63_R	[35.30046154 22.93561538 42.20215385]
-0.3	 -1.32	0.22	0.5	63_R	[35.9377451  25.40711765 43.94727451]
0.14	 0.51	-0.04	-0.21	64_A	[42.31825  20.129125 42.2145  ]
-0.08	 -0.14	-0.16	0.07	64_A	[44.12017647 19.38629412 43.20841176]
0.05	 0.39	-0.04	-0.12	64_A	[46.7695  18.67175 41.1885 ]
0.03	 0.56	-0.18	-0.0	64_A	[47.31171429 18.99392857 42.55064286]
-0.17	 -0.71	0.07	0.24	64_A	[43.99376923 17.53536923 41.05170769]
0.16	 1.22	-0.02	-0.27	65_T	[46.33775  18.898375 39.540625]
0.02	 0.24	-0.11	-0.04	65_T	[48.07931579 19.60457895 39.47373684]
0.23	 1.49	0.09	-0.33	65_T	[46.22155556 22.21111111 36.83055556]
-0.14	 -0.44	-0.05	0.12	65_T	[46.47128947 19.48257895 36.94444737]
-0.08	 -0.28	-0.04	0.05	65_T	[48.87618519 21.67935185 37.04125926]
0.12	 0.59	-0.06	-0.17	66_A	[44.709125   25.7335     41.90890625]
0.19	 1.42	0.11	-0.37	67_S	[45.98558333 23.9725     43.801     ]
0.08	 0.31	-0.1	-0.13	67_S	[47.06095 24.0506  45.5576 ]
0.03	 1.0	0.02	-0.23	67_S	[48.88744444 20.60477778 45.90388889]
0.1	 0.58	-0.05	-0.18	67_S	[49.18052381 21.98542857 46.96261905]
-0.2	 -0.89	0.06	0.23	67_S	[45.50348936 21.56261702 45.69587234]
-0.15	 -0.44	0.0	0.2	67_S	[46.66967647 19.30508824 44.78458824]
0.05	 0.73	-0.03	-0.06	68_A	[50.58677273 19.63781818 44.64622727]
-0.04	 -0.04	0.03	-0.0	68_A	[50.58772464 19.42446377 41.70402899]
0.18	 1.51	0.29	-0.54	69_Y	[53.61413793 21.21406897 39.00982759]
0.16	 -0.41	-0.02	-0.19	69_Y	[50.48685714 24.09757143 36.92328571]
0.08	 0.63	-0.08	-0.17	69_Y	[51.82472222 21.48922222 38.9065    ]
-0.21	 -0.22	-0.03	0.11	69_Y	[52.80033333 22.29241667 36.426875  ]
0.06	 0.81	0.02	-0.22	70_L	[52.3771875 25.689875  49.1236875]
0.13	 0.88	-0.08	-0.17	70_L	[50.101  27.0221 49.2812]
-0.02	 0.17	-0.03	-0.07	70_L	[47.34414754 27.35101639 48.46762295]
-0.13	 -0.59	0.02	0.21	70_L	[48.7798209  24.57808955 49.43747761]
0.04	 0.3	-0.1	-0.13	71_E	[51.41086364 22.46277273 49.08854545]
-0.05	 0.0	0.01	-0.02	71_E	[54.76557576 22.54881818 49.77539394]
-0.01	 0.32	-0.01	-0.11	71_E	[51.4022     20.10613333 46.81886667]
-0.03	 0.07	-0.03	0.0	71_E	[53.49024 18.60524 47.85224]
-0.07	 -0.22	-0.04	0.09	71_E	[53.08158333 19.24366667 50.07525   ]
-0.26	 -1.05	0.17	0.43	71_E	[51.48648649 19.65037838 50.40443243]
-0.22	 -0.71	0.0	0.34	71_E	[54.7555102  19.31487755 50.39881633]
0.09	 0.72	-0.14	-0.05	72_Y	[56.98722222 22.88777778 48.23444444]
0.16	 1.06	-0.05	-0.18	72_Y	[56.72375 24.11775 48.92725]
-0.04	 -0.06	0.02	-0.04	72_Y	[58.35175    24.85407143 47.67521429]
0.09	 0.37	-0.05	-0.17	72_Y	[58.04367857 22.66953571 45.07817857]
-0.04	 -0.04	0.0	0.03	72_Y	[58.0454375  20.8028125  46.90804167]
-0.14	 -0.59	-0.04	0.14	72_Y	[57.70792308 18.37374359 47.02364103]
0.04	 0.14	-0.06	-0.06	72_Y	[54.00334483 18.70058621 44.53744828]
0.05	 0.4	-0.25	-0.04	72_Y	[55.42577778 17.83366667 46.64155556]
-0.2	 -0.63	0.11	0.26	72_Y	[56.41797778 16.6338     44.94466667]
0.16	 1.51	0.15	-0.43	73_G	[54.1455 27.65   49.4325]
-0.16	 -0.36	-0.1	0.12	73_G	[55.7406129  26.01958065 50.45570968]
-0.07	 -0.09	-0.15	0.03	74_K	[56.74423077 27.65653846 51.89369231]
0.14	 0.54	-0.02	-0.16	74_K	[55.17833333 28.60066667 51.82822222]
-0.08	 -0.14	0.04	0.09	74_K	[56.28933333 30.47076667 53.18266667]
0.0	 0.23	-0.04	-0.09	74_K	[58.83788462 30.10319231 51.69665385]
-0.06	 -0.46	-0.05	0.12	74_K	[59.05915789 26.77321053 50.993     ]
-0.02	 0.32	-0.02	-0.07	74_K	[61.39251282 29.3164359  50.72207692]
-0.13	 -0.7	0.01	0.19	74_K	[61.67915686 26.5297451  50.02743137]
-0.29	 -1.25	0.16	0.48	74_K	[63.68153704 27.75346296 51.11133333]
0.12	 0.44	0.04	-0.24	75_Q	[53.7114 30.8536 53.2327]
-0.05	 0.34	0.04	0.01	75_Q	[52.46302564 29.27433333 51.51451282]
0.2	 1.6	0.21	-0.47	75_Q	[55.3192381  34.54185714 49.26819048]
0.12	 1.26	0.27	-0.52	76_S	[53.5325  31.6205  53.77275]
-0.11	 -0.46	-0.07	0.1	76_S	[51.55316667 30.75494444 53.82438889]
0.22	 1.33	0.28	-0.53	76_S	[51.41972222 33.80038889 51.08127778]
-0.07	 -0.24	-0.12	0.01	76_S	[50.97315556 33.95368889 54.07033333]
-0.24	 -0.73	0.12	0.34	76_S	[52.65213793 33.06889655 55.61765517]
0.04	 0.22	-0.06	-0.09	77_V	[49.18368421 30.90278947 53.50036842]
0.18	 0.73	0.16	-0.38	77_V	[48.8356875 29.78825   51.00825  ]
-0.15	 -0.42	0.09	0.08	77_V	[47.56944444 29.24072222 52.52972222]
-0.15	 -0.71	0.02	0.15	77_V	[45.78797561 31.19509756 54.38543902]
-0.12	 -0.29	-0.1	0.14	77_V	[45.68715789 29.17078947 50.87691228]
0.08	 0.57	-0.01	-0.2	78_E	[48.17238462 37.08807692 49.94276923]
0.04	 -0.04	-0.09	-0.08	78_E	[46.34572222 37.157      49.3485    ]
-0.14	 -0.57	0.05	0.14	78_E	[47.71986486 36.87575676 52.11710811]
-0.16	 -0.49	0.07	0.2	78_E	[45.77514286 36.67840476 53.66652381]
-0.16	 -0.27	-0.01	0.13	78_E	[47.83785714 36.01428571 55.44914286]
-0.04	 -0.3	-0.05	-0.03	78_E	[48.90125926 34.31196296 54.86881481]
-0.2	 -0.67	0.06	0.28	78_E	[45.85729787 34.73006383 55.77291489]
0.07	 0.26	-0.07	-0.15	79_I	[49.788      35.34768421 50.90747368]
0.13	 0.47	0.03	-0.17	79_I	[49.45626667 37.03606667 48.66486667]
-0.01	 -0.24	-0.07	-0.07	79_I	[51.69854545 35.41354545 49.55836364]
-0.02	 0.02	0.05	-0.12	79_I	[51.07388889 37.52027778 47.66672222]
0.09	 0.87	0.05	-0.22	79_I	[53.49019444 36.85041667 47.67527778]
0.16	 1.39	0.06	-0.32	80_Y	[44.59716667 32.359      46.72633333]
0.18	 1.57	0.23	-0.48	80_Y	[44.11053846 32.72215385 45.63976923]
0.15	 1.23	0.05	-0.29	80_Y	[45.95272727 30.45581818 47.31595455]
0.11	 0.95	-0.01	-0.24	80_Y	[50.2765     28.825      49.55795833]
0.2	 1.42	0.2	-0.47	80_Y	[52.6588 28.2907 48.7607]
0.04	 0.01	-0.11	-0.15	81_H	[42.76336842 34.23484211 46.96389474]
0.19	 0.33	-0.08	-0.24	81_H	[43.88092308 37.55476923 47.67646154]
0.12	 0.83	0.14	-0.41	81_H	[41.98075    36.533      46.57191667]
-0.14	 -0.93	-0.1	0.15	81_H	[43.08645714 36.06471429 49.06782857]
-0.11	 0.47	-0.07	0.12	81_H	[41.97514286 34.22271429 49.825     ]
-0.11	 -0.27	-0.02	0.12	81_H	[43.07247826 35.15047826 51.72565217]
-0.07	 -0.43	0.03	0.09	81_H	[43.03894872 32.18269231 48.83076923]
-0.16	 -0.61	0.05	0.2	81_H	[42.83744681 32.83755319 52.81397872]
-0.19	 -0.44	0.02	0.27	81_H	[42.62157143 30.97766667 51.06880952]
0.14	 0.75	-0.02	-0.28	82_E	[44.97622222 37.50655556 48.09844444]
0.04	 0.09	-0.01	-0.16	82_E	[47.37671429 38.68117143 47.89574286]
-0.01	 0.2	-0.08	-0.07	82_E	[47.91177419 40.91503226 45.87829032]
-0.2	 -1.06	-0.03	0.2	82_E	[46.40276923 41.66692308 47.51046154]
-0.17	 -0.58	0.04	0.24	82_E	[44.44878125 40.41759375 47.811875  ]
-0.21	 -0.52	0.06	0.24	82_E	[45.49910638 42.17557447 45.23838298]
0.07	 0.26	-0.02	-0.18	84_D	[42.23459091 33.11927273 45.09022727]
-0.03	 -0.21	-0.07	0.07	84_D	[40.299      32.91930769 44.70661538]
0.18	 1.58	-0.0	-0.29	84_D	[39.75575  32.003125 43.6275  ]
-0.05	 -0.1	-0.07	0.0	84_D	[39.48552941 35.18855882 44.99805882]
0.16	 1.5	0.26	-0.52	85_E	[41.49075  40.949125 41.8815  ]
0.13	 0.54	0.01	-0.23	85_E	[40.30136364 40.07568182 41.68513636]
0.04	 0.35	-0.14	-0.13	85_E	[42.3695     40.87584375 43.33875   ]
-0.03	 0.34	-0.09	-0.07	85_E	[42.20646875 39.6755625  46.72790625]
-0.02	 -0.16	-0.03	0.03	85_E	[39.80772 39.39    45.67184]
-0.31	 -1.05	0.12	0.46	85_E	[39.43014706 40.77161765 44.82829412]
-0.18	 -0.46	0.11	0.44	85_E	[39.64873469 37.88759184 46.4734898 ]
0.1	 0.59	-0.02	-0.23	86_I	[45.22697143 41.65517143 41.29565714]
0.14	 0.86	-0.0	-0.27	86_I	[45.36816129 41.49425806 37.91512903]
0.07	 0.14	-0.05	-0.12	86_I	[47.90634783 41.53782609 42.11043478]
0.08	 0.79	-0.06	-0.11	88_K	[38.33044444 40.02133333 38.87177778]
-0.03	 0.15	0.01	-0.0	88_K	[36.89275862 38.80796552 37.37362069]
-0.07	 -0.17	-0.11	0.04	88_K	[38.1495     38.92884615 40.71623077]
-0.16	 -0.82	0.04	0.21	88_K	[36.66975676 36.87862162 40.94778378]
0.17	 1.55	0.19	-0.42	88_K	[38.18718182 35.81272727 41.73613636]
-0.14	 -0.74	0.04	0.22	88_K	[36.32845833 34.76222917 42.39510417]
-0.21	 -0.55	0.06	0.25	88_K	[37.41696552 32.41968966 43.42493103]
-0.07	 -0.2	-0.1	0.06	89_K	[38.38929412 41.14794118 37.04594118]
0.11	 1.42	0.24	-0.49	89_K	[37.7705   40.024    35.571875]
0.02	 0.26	-0.02	-0.09	89_K	[39.21121739 41.03758696 34.25956522]
-0.06	 -0.06	-0.09	-0.01	89_K	[41.17616 42.15324 36.03336]
-0.08	 -0.42	0.04	0.09	89_K	[39.58988571 42.24008571 39.00977143]
-0.08	 -0.4	-0.06	0.09	89_K	[42.69366667 43.21474359 37.88697436]
-0.1	 -0.36	0.01	0.12	89_K	[41.52373585 43.45535849 40.91213208]
-0.28	 -1.04	0.08	0.42	89_K	[43.52733333 44.9127193  40.41964912]
0.14	 1.26	0.38	-0.61	90_Y	[41.6042 40.556  32.7639]
-0.04	 -0.03	-0.02	-0.06	90_Y	[43.38983333 40.83069444 31.42936111]
0.07	 0.29	-0.06	-0.17	90_Y	[43.41348148 41.37014815 35.26603704]
-0.04	 0.47	0.01	0.02	90_Y	[43.28954545 41.72863636 33.35327273]
-0.1	 -0.41	0.06	0.12	90_Y	[45.72325    42.01028125 32.417375  ]
0.1	 0.91	-0.06	-0.18	91_S	[35.4135  35.64375 35.639  ]
-0.11	 -0.32	0.0	0.02	91_S	[35.18339535 34.81160465 33.25832558]
0.04	 0.62	-0.09	-0.15	91_S	[36.53225  33.373625 35.62075 ]
0.06	 0.44	-0.01	-0.07	91_S	[36.77909375 35.25859375 37.5121875 ]
-0.16	 -0.6	0.0	0.15	92_G	[34.75533333 38.09886667 35.42215556]
0.08	 0.8	-0.04	-0.12	92_G	[34.7874  39.08525 33.35595]
-0.21	 -0.79	-0.07	0.27	92_G	[32.98625581 39.41025581 32.81381395]
0.07	 0.55	-0.11	-0.15	93_L	[34.97975   40.8851875 31.67625  ]
0.09	 0.78	-0.0	-0.22	93_L	[33.73104167 37.063875   30.92466667]
0.17	 1.19	0.07	-0.34	93_L	[36.55235714 40.59178571 29.04921429]
0.02	 0.25	-0.04	-0.08	93_L	[40.24074194 41.3876129  30.86303226]
-0.16	 -0.76	0.07	0.26	93_L	[37.43938095 42.36622222 31.52344444]
0.01	 0.13	-0.02	-0.05	94_K	[33.7966087  40.66282609 29.60521739]
0.05	 0.27	-0.1	-0.12	94_K	[33.15692857 37.35185714 27.825     ]
-0.05	 -0.3	0.0	0.04	94_K	[34.73893182 40.84177273 26.42643182]
-0.14	 -0.47	-0.05	0.14	94_K	[31.721075 39.794575 27.0946  ]
-0.22	 -1.17	0.13	0.37	94_K	[30.66717143 38.82985714 29.27658571]
0.15	 1.4	0.11	-0.36	95_Y	[34.26333333 36.45626667 26.97806667]
0.08	 1.1	-0.12	-0.14	95_Y	[36.26354545 39.40818182 24.58827273]
0.04	 0.64	-0.03	-0.23	95_Y	[32.99843243 36.44602703 24.80291892]
0.09	 0.77	0.04	-0.26	95_Y	[37.507875   36.98708333 23.80025   ]
-0.09	 0.47	-0.07	0.07	95_Y	[38.49683333 38.16766667 24.55283333]
-0.08	 -0.57	-0.01	0.04	95_Y	[37.90747826 39.76878261 25.40291304]
-0.08	 0.14	-0.04	0.01	95_Y	[39.77555 36.3419  25.2214 ]
-0.08	 -0.39	-0.0	0.1	95_Y	[38.60702778 40.68602778 27.1275    ]
-0.02	 0.28	-0.0	-0.08	95_Y	[41.17606667 37.05333333 26.01566667]
0.03	 0.1	-0.01	-0.09	95_Y	[40.65009091 39.35072727 25.92063636]
0.02	 0.01	-0.01	-0.04	95_Y	[41.76133333 40.2825     28.33179167]
0.04	 0.4	-0.01	-0.13	96_N	[35.34377273 39.34036364 23.27090909]
0.18	 1.44	0.05	-0.32	96_N	[33.07146154 36.22830769 21.41823077]
0.12	 0.75	-0.16	-0.11	96_N	[34.52233333 39.09622222 19.52744444]
-0.17	 -0.57	0.05	0.2	96_N	[36.71553659 38.06846341 20.73712195]
-0.14	 -0.28	-0.11	0.14	96_N	[32.86736538 39.16875    20.52286538]
-0.2	 -0.7	-0.05	0.22	96_N	[30.9013 39.8553 21.8648]
-0.25	 -0.71	0.09	0.34	96_N	[30.8815     37.78669048 22.88442857]
-0.18	 -0.52	-0.04	0.26	96_N	[32.01769767 40.59474419 23.93869767]
0.12	 1.0	0.05	-0.3	97_G	[33.5545     36.26090909 19.63563636]
-0.11	 -0.32	-0.02	0.08	97_G	[35.91080556 37.38744444 18.01891667]
-0.06	 -0.06	0.07	-0.07	97_G	[33.7355    38.1330625 17.4431875]
-0.2	 -0.72	0.03	0.27	97_G	[32.237    36.52975  17.428625]
-0.01	 -0.06	-0.05	-0.07	98_S	[35.73553846 36.27653846 15.90957692]
-0.07	 -0.23	-0.1	0.08	98_S	[32.82877273 36.95890909 14.64068182]
0.1	 0.69	-0.01	-0.16	98_S	[32.20592308 34.50807692 15.16253846]
-0.23	 -0.84	0.14	0.32	98_S	[32.99009375 33.9553125  12.7885    ]
-0.23	 -1.17	0.08	0.33	98_S	[34.36457447 37.2186383  12.77910638]
-0.19	 -0.61	0.02	0.27	98_S	[36.35314286 35.6394898  13.26528571]
-0.04	 0.49	-0.15	-0.01	99_I	[32.56333333 32.11638889 14.65705556]
0.01	 0.13	-0.12	-0.03	99_I	[31.61630769 33.04469231 16.80346154]
0.11	 0.66	0.03	-0.23	99_I	[32.82321739 33.91713043 18.91543478]
-0.02	 0.21	-0.04	-0.0	99_I	[34.58894737 30.11042105 15.86194737]
0.09	 0.46	0.05	-0.23	99_I	[36.43052381 33.5922381  16.23071429]
-0.17	 -0.98	0.04	0.25	99_I	[35.82326316 31.61535088 13.41191228]
-0.22	 -0.79	0.05	0.28	99_I	[37.55516923 30.54421538 16.87455385]
-0.07	 -0.18	-0.1	0.02	100_S	[32.4241875 30.450125  16.3886875]
-0.04	 -0.28	-0.07	0.09	100_S	[30.91       32.2244     18.94286667]
-0.0	 0.02	-0.12	0.0	100_S	[31.52171429 29.81028571 20.655     ]
-0.16	 -0.55	0.02	0.16	100_S	[33.58023077 29.02041026 19.22358974]
-0.2	 -0.85	0.02	0.26	100_S	[30.27848 29.38462 18.44802]
-0.29	 -0.97	0.18	0.45	100_S	[29.08734146 30.93921951 17.03046341]
-0.05	 0.16	-0.12	0.05	101_S	[31.53358824 31.85011765 20.91152941]
-0.12	 -0.4	-0.05	0.1	101_S	[32.92075   29.78375   22.4221875]
0.04	 -0.32	-0.15	-0.02	101_S	[31.7258 31.6845 23.1703]
0.05	 0.44	0.01	-0.12	101_S	[32.7002     34.10096667 22.0864    ]
-0.0	 0.32	-0.04	-0.06	101_S	[35.68277778 29.90988889 20.46827778]
-0.15	 -0.59	0.11	0.22	101_S	[36.14725806 29.66896774 22.68532258]
0.02	 0.12	-0.08	-0.04	102_D	[33.5685625 30.4099375 24.4356875]
0.17	 1.63	0.14	-0.4	102_D	[32.94855556 34.11488889 25.62555556]
0.17	 1.33	0.21	-0.46	102_D	[34.31095455 34.6605     26.56931818]
0.07	 0.74	-0.07	-0.14	102_D	[33.2401875  31.7399375  27.05990625]
-0.08	 -0.09	-0.04	0.02	102_D	[31.39914706 31.66858824 26.50394118]
-0.27	 -0.78	0.11	0.36	102_D	[30.624      33.21033333 25.48488889]
-0.31	 -0.98	0.08	0.46	102_D	[30.92204762 30.45321429 27.20157143]
0.13	 1.2	0.09	-0.3	103_F	[35.73661538 30.839      25.59384615]
-0.06	 -0.61	-0.24	0.05	103_F	[38.13919048 30.97528571 24.80128571]
0.15	 1.36	0.08	-0.35	103_F	[39.60690909 31.69563636 25.66345455]
0.12	 0.7	0.02	-0.26	103_F	[39.82278947 33.71263158 25.83005263]
-0.04	 -0.14	-0.02	-0.09	103_F	[39.04472222 34.15516667 24.09      ]
0.01	 0.34	-0.05	-0.04	103_F	[38.24842857 35.135      22.61314286]
-0.15	 -0.75	0.04	0.13	103_F	[39.25589474 32.85589474 22.04194737]
0.15	 1.01	0.09	-0.34	103_F	[37.32953846 35.65646154 21.90792308]
-0.15	 -0.38	0.01	0.14	103_F	[38.681      32.31785714 19.7882619 ]
0.12	 1.42	0.09	-0.35	103_F	[37.494625 35.3845   20.703125]
0.03	 0.19	0.03	-0.13	103_F	[37.55711538 34.47353846 18.91511538]
0.04	 0.54	-0.13	-0.02	104_N	[37.14664286 30.19764286 26.74285714]
0.15	 1.84	0.02	-0.23	104_N	[37.0565     29.06333333 28.16775   ]
0.1	 1.67	-0.04	-0.25	104_N	[34.331  30.7152 30.5902]
0.02	 0.16	-0.01	-0.12	104_N	[34.7097037  31.7702963  30.32866667]
-0.09	 -0.19	-0.0	0.02	104_N	[34.38742373 29.31261017 28.81718644]
0.12	 1.22	0.0	-0.32	105_T	[38.82273684 29.63931579 26.76789474]
0.06	 0.28	-0.01	-0.14	105_T	[42.41055172 31.64396552 26.37348276]
0.22	 1.4	0.37	-0.6	105_T	[43.95689474 30.13884211 28.96510526]
-0.18	 -0.18	-0.1	0.12	105_T	[40.85691304 29.55108696 25.52465217]
-0.14	 -0.48	-0.02	0.17	105_T	[39.80581081 27.64618919 26.55297297]
-0.15	 -0.5	-0.06	0.17	105_T	[43.5934386  28.06233333 26.5845614 ]
0.13	 0.71	0.04	-0.25	107_K	[42.23240625 34.4194375  27.35815625]
0.01	 0.34	-0.0	-0.14	107_K	[34.63266 34.43346 29.78768]
0.2	 1.65	0.27	-0.52	108_C	[44.63426667 30.2288     30.56673333]
0.08	 0.21	-0.06	-0.14	109_I	[44.93932 33.58192 26.90764]
-0.0	 0.42	-0.08	-0.11	109_I	[46.46140541 30.58037838 28.54767568]
-0.08	 -0.17	-0.04	0.05	109_I	[48.14013559 33.72733898 26.26794915]
-0.23	 -1.0	0.09	0.3	109_I	[46.38987931 30.43884483 25.5407069 ]
0.21	 1.4	0.36	-0.59	110_D	[44.46885714 35.29578571 27.88321429]
0.1	 0.5	-0.0	-0.22	110_D	[47.14871429 38.16704762 28.29309524]
0.13	 0.41	0.03	-0.2	110_D	[47.16495455 39.60313636 30.65568182]
0.01	 0.35	-0.0	-0.1	110_D	[44.66975  39.598625 28.9105  ]
-0.03	 -0.28	-0.04	-0.02	110_D	[44.2875     37.66109375 26.8995625 ]
-0.22	 -0.43	-0.06	0.28	110_D	[45.99920513 37.04817949 26.10658974]
-0.19	 -0.58	-0.06	0.14	110_D	[43.17804167 38.988875   26.40816667]
-0.05	 0.09	1.11	0.35	112_I	[51.82349091 36.43587273 33.65554545]
0.03	 0.41	1.21	0.44	112_I	[50.59944444 33.42844444 33.96948148]
0.04	 0.55	-0.03	-0.15	112_I	[51.4762  34.41805 30.9418 ]
0.19	 1.35	0.28	-0.52	112_I	[49.99125    32.12091667 34.43358333]
-0.11	 -0.37	0.01	0.08	112_I	[50.47185965 31.66119298 30.53921053]
-0.02	 0.01	-0.17	-0.0	113_H	[52.32584615 37.99023077 31.29207692]
0.12	 1.19	-0.01	-0.2	113_H	[50.64427778 39.669      32.03272222]
-0.14	 -0.59	-0.05	0.2	113_H	[51.54039474 41.00723684 31.66547368]
-0.11	 -0.6	-0.01	0.18	113_H	[50.20396296 39.40303704 29.16822222]
-0.02	 0.76	0.06	-0.12	113_H	[49.80383333 38.09191667 27.95483333]
0.12	 1.21	0.07	-0.28	113_H	[48.82416667 36.735      27.64433333]
-0.17	 -0.64	0.07	0.25	113_H	[52.65553704 37.56442593 28.46344444]
-0.14	 -0.52	-0.09	0.15	113_H	[50.85294595 34.86191892 27.28540541]
-0.21	 -0.72	0.19	0.27	113_H	[52.56990625 35.66184375 27.35565625]
0.1	 1.14	0.02	-0.17	114_D	[48.5045    41.4013125 32.6105625]
0.11	 0.9	-0.04	-0.27	114_D	[51.79524324 39.33624324 34.887     ]
0.13	 1.86	-0.06	-0.24	114_D	[46.4482 42.224  36.71  ]
-0.08	 -0.18	-0.11	0.11	114_D	[46.78181395 43.03751163 35.12588372]
0.13	 1.68	0.06	-0.31	114_D	[47.00336364 42.62490909 37.26227273]
0.02	 0.34	-0.1	-0.05	115_R	[49.72576471 43.157      33.83935294]
0.07	 0.21	-0.07	-0.09	115_R	[52.77766667 42.30675    34.27216667]
-0.11	 -0.47	-0.06	0.14	115_R	[51.0687  44.69985 34.0776 ]
-0.01	 0.01	-0.35	0.35	115_R	[54.16804444 44.31833333 35.00477778]
-0.24	 -1.19	0.11	0.35	115_R	[53.40079487 47.24017949 33.88761538]
-0.09	 -0.28	0.01	0.13	115_R	[51.3776  47.64868 35.65512]
-0.11	 -0.26	-0.03	0.16	115_R	[53.41992308 49.10546154 36.41546154]
-0.08	 -0.54	-0.05	0.1	115_R	[54.81227907 47.69886047 37.55109302]
-0.16	 -0.54	0.03	0.23	115_R	[51.54073016 48.34071429 38.21561905]
0.2	 1.78	0.19	-0.43	116_E	[49.18484615 43.96907692 36.17092308]
0.14	 0.83	-0.12	-0.17	116_E	[50.754    44.39175  39.995875]
0.2	 0.99	-0.23	-0.03	116_E	[50.6645     42.90116667 41.20356667]
-0.05	 0.13	-0.08	0.01	116_E	[48.15789189 43.60316216 39.56421622]
-0.18	 -0.87	0.03	0.26	116_E	[48.79247945 45.94475342 38.7099863 ]
0.2	 1.32	0.05	-0.31	117_L	[52.07808333 36.77258333 37.8175    ]
0.1	 0.75	-0.13	-0.2	117_L	[51.07604082 35.81273469 36.36079592]
0.16	 1.47	0.14	-0.42	118_N	[52.22871429 38.68307143 36.78885714]
0.12	 0.95	0.14	-0.47	118_N	[53.67028 37.89156 37.67264]
0.17	 1.48	0.15	-0.36	118_N	[56.32944444 38.72033333 39.48333333]
0.04	 0.47	0.26	0.1	118_N	[54.2373125  41.00820833 35.99375   ]
-0.04	 0.09	-0.02	-0.04	118_N	[56.6024 39.4377 36.5778]
-0.03	 0.07	-0.07	-0.04	118_N	[56.43704444 37.89304444 36.72566667]
-0.1	 -0.33	-0.13	0.27	118_N	[57.28806557 41.03144262 36.48955738]
0.22	 1.18	0.13	-0.41	119_E	[56.25173077 43.14776923 42.49719231]
0.05	 0.52	-0.07	-0.2	119_E	[52.62617241 44.62896552 40.75682759]
0.07	 0.72	-0.06	-0.2	119_E	[53.43731818 45.97672727 39.65140909]
0.02	 0.62	-0.12	-0.07	119_E	[56.966      45.81784615 38.94861538]
-0.18	 -0.38	-0.0	0.25	119_E	[56.76366667 45.5434     40.67662222]
-0.07	 0.2	-0.05	0.02	119_E	[56.72662687 43.9909403  37.72864179]
0.26	 1.45	0.18	-0.42	120_L	[53.8832381  39.58147619 46.02252381]
0.23	 1.69	0.1	-0.37	120_L	[50.31584615 41.567      42.96976923]
-0.0	 0.27	-0.09	-0.03	120_L	[50.609      40.61040351 45.98010526]
0.13	 1.01	0.06	-0.31	121_I	[57.05054054 36.47851351 40.50727027]
0.24	 1.6	0.3	-0.54	121_I	[53.48516667 36.0265     38.54733333]
0.15	 1.77	0.23	-0.49	122_K	[57.20127273 38.558      40.87227273]
0.06	 0.31	-0.16	-0.07	122_K	[59.03722222 38.47594444 41.90844444]
0.12	 0.95	-0.05	-0.25	122_K	[58.86683333 41.97383333 43.43525   ]
-0.03	 0.24	-0.08	-0.1	122_K	[60.41963636 39.88909091 44.07857576]
0.09	 0.97	-0.04	-0.21	122_K	[58.11189583 41.14033333 40.35102083]
-0.29	 -1.32	0.0	0.48	122_K	[60.39234921 41.36511111 40.83039683]
0.03	 0.74	0.17	-0.41	123_R	[58.03371429 42.29128571 43.58985714]
0.03	 0.22	-0.12	0.03	123_R	[59.07393333 42.12646667 45.711     ]
0.11	 1.42	0.23	-0.48	123_R	[57.25   41.1721 47.4935]
-0.06	 -0.49	-0.12	0.05	123_R	[57.21497297 41.64783784 48.57413514]
-0.11	 -0.71	0.05	0.12	123_R	[57.39731707 43.66197561 45.13497561]
0.04	 0.21	-0.06	-0.09	123_R	[54.63256522 42.13526087 46.92021739]
-0.16	 -0.8	-0.01	0.24	123_R	[55.20379545 45.08461364 46.41677273]
-0.14	 -0.57	0.02	0.12	123_R	[52.66385 43.9755  46.67645]
-0.18	 -0.66	-0.02	0.21	123_R	[52.3713 45.8797 45.3626]
-0.11	 -0.3	-0.13	0.14	123_R	[53.77038776 45.56642857 43.06546939]
-0.07	 -0.38	0.0	0.22	123_R	[50.89996667 44.12988333 44.14178333]
0.06	 -0.95	-0.05	-0.13	124_R	[55.33930435 39.358      47.84004348]
0.09	 1.06	-0.02	-0.24	124_R	[59.61584615 39.58876923 49.284     ]
0.18	 1.24	0.06	-0.31	124_R	[55.73866667 36.458      48.60975   ]
0.06	 0.43	0.02	-0.15	124_R	[59.97451515 36.40472727 43.23754545]
-0.05	 -0.24	0.0	0.07	124_R	[61.68931707 33.90556098 44.49358537]
0.09	 0.59	-0.02	-0.18	125_V	[56.02984615 38.65930769 50.19503846]
0.03	 0.47	0.0	-0.07	125_V	[58.94594118 39.81423529 51.04117647]
-0.09	 -0.25	0.03	-0.01	125_V	[60.42906383 37.51348936 51.88206383]
-0.09	 -0.34	-0.18	0.09	125_V	[55.91436842 37.80952632 52.68878947]
-0.24	 -1.04	0.1	0.29	125_V	[58.0064     38.315      54.55936364]
-0.22	 -1.08	0.03	0.35	125_V	[56.57355072 40.94510145 52.59256522]
0.2	 0.96	0.2	-0.46	126_E	[56.49954545 35.793      50.63127273]
-0.0	 0.1	0.02	-0.07	126_E	[59.141   34.87775 52.8115 ]
0.18	 1.42	0.11	-0.35	126_E	[59.4045     32.66764286 50.90892857]
0.04	 0.5	-0.03	-0.06	126_E	[58.34525    32.73716667 52.41541667]
-0.14	 -0.4	-0.1	0.13	126_E	[57.15945455 34.53618182 54.25578788]
-0.07	 -0.49	-0.07	0.03	126_E	[54.88894118 35.38435294 53.83023529]
0.01	 0.1	-0.01	-0.13	126_E	[54.03721622 34.58035135 51.50202703]
-0.17	 -0.48	-0.0	0.18	126_E	[54.92129412 33.04679412 55.01367647]
0.04	 -0.04	-0.09	-0.02	127_K	[61.13868421 34.42694737 51.06047368]
-0.11	 -0.14	-0.07	0.14	127_K	[62.0399375  32.02197917 49.39647917]
0.06	 1.02	0.02	-0.19	127_K	[61.86059091 31.20713636 47.47609091]
-0.09	 -0.65	0.05	0.14	127_K	[63.22464865 34.89218919 48.73616216]
0.0	 -0.43	-0.06	-0.02	127_K	[62.09566667 37.54826667 49.77013333]
-0.16	 -0.8	0.05	0.26	127_K	[63.65015909 37.33222727 47.61261364]
-0.12	 -0.57	-0.01	0.13	127_K	[62.22608333 38.43311111 45.62497222]
-0.08	 -0.47	0.02	0.09	127_K	[61.01921622 40.14454054 47.90716216]
