-0.22	 -0.72	0.09	0.33	2_N	[55.1327234  15.19408511 75.36304255]
-0.1	 -0.12	-0.02	0.06	2_N	[56.53776471 13.135      74.45558824]
0.15	 1.86	-0.17	-0.12	2_N	[56.109  12.4026 72.8242]
-0.36	 -0.34	0.01	0.16	2_N	[54.66341935 14.16351613 71.95906452]
-0.11	 -0.58	0.0	0.1	2_N	[53.97560465 12.69197674 76.59251163]
-0.09	 -0.12	0.04	-0.02	2_N	[55.68116667 10.35744444 76.17555556]
-0.19	 -0.72	0.0	0.29	2_N	[56.92932653 10.71365306 75.48293878]
-0.15	 -0.24	-0.06	0.16	2_N	[53.98580702  9.17296491 75.73324561]
0.14	 1.63	0.1	-0.39	3_R	[53.51355556 12.55966667 70.85955556]
0.09	 0.32	0.03	-0.14	3_R	[50.87416667 10.44166667 74.47556667]
0.21	 1.55	0.19	-0.46	3_R	[54.07073333  9.0522     72.84286667]
-0.05	 0.03	-0.1	0.02	3_R	[55.25485294 11.46391176 70.85029412]
0.06	 0.4	-0.1	-0.1	3_R	[55.424       9.25476316 70.95842105]
-0.11	 -0.25	-0.1	0.03	3_R	[57.10654545 10.46224242 70.25145455]
-0.07	 -0.16	0.02	0.01	3_R	[58.38035714  8.23228571 71.04421429]
0.06	 0.33	-0.03	-0.09	3_R	[57.56622727  6.56018182 70.40931818]
-0.07	 -0.04	-0.06	0.0	3_R	[59.8904   9.75654 69.54518]
0.12	 1.13	0.11	-0.41	4_P	[48.38447368 11.47563158 73.19168421]
0.08	 0.36	0.02	-0.23	4_P	[51.83023913 12.81767391 69.51217391]
0.09	 0.29	-0.04	-0.18	5_S	[47.72425    10.09641667 73.30288889]
0.15	 1.48	-0.01	-0.28	5_S	[48.813   7.953  73.9836]
-0.11	 -0.41	-0.03	0.13	5_S	[46.72492  7.027   74.33686]
0.21	 0.86	-0.0	-0.18	5_S	[44.24376923  7.04130769 73.61761538]
0.18	 1.13	0.09	-0.33	6_F	[47.53226087  2.99647826 70.67521739]
0.12	 0.86	-0.04	-0.25	6_F	[45.99129412  1.47294118 69.41829412]
-0.04	 0.03	-0.04	-0.06	6_F	[44.61770455  1.39990909 66.79697727]
0.18	 1.89	0.02	-0.31	6_F	[44.7725  1.3596 64.7634]
0.14	 0.8	0.0	-0.3	7_N	[45.8157   4.45355 71.73575]
0.18	 1.19	0.1	-0.35	7_N	[42.654       4.01436364 68.86      ]
0.05	 0.49	-0.13	-0.13	7_N	[41.32366667  6.44413333 70.69706667]
0.05	 0.43	-0.09	-0.02	7_N	[40.97605882  5.61229412 68.855     ]
-0.11	 -0.45	-0.14	0.16	7_N	[42.57706667  4.72026667 72.00142222]
-0.03	 -0.25	-0.11	0.01	7_N	[43.8475      2.28083333 71.28833333]
-0.14	 -0.35	-0.04	0.18	7_N	[43.394575  1.559125 69.92785 ]
-0.28	 -1.23	0.2	0.45	7_N	[43.67120755  1.90358491 73.12237736]
0.14	 1.53	0.08	-0.35	8_E	[40.98764  8.5184  70.57388]
0.23	 1.67	0.04	-0.28	8_E	[41.2764  10.41115 68.98205]
0.12	 0.41	0.07	-0.26	8_E	[42.52946667 11.03073333 71.48333333]
-0.15	 -0.34	-0.09	0.15	8_E	[41.69205405  8.64918919 73.01135135]
-0.09	 -0.09	0.04	-0.02	8_E	[43.03165 10.2931  74.8037 ]
-0.15	 -0.33	-0.02	0.15	8_E	[44.64538462  9.93317949 74.74487179]
-0.21	 -0.53	-0.01	0.32	8_E	[42.35928261 11.8613913  74.02967391]
0.14	 1.29	0.12	-0.35	10_W	[41.50296774  6.59493548 62.94987097]
0.12	 0.82	0.01	-0.25	10_W	[42.3776087   4.05608696 66.78891304]
0.13	 1.23	0.32	-0.56	10_W	[42.8592  2.9318 65.9412]
0.01	 0.14	0.02	-0.06	10_W	[40.84641026  3.53866667 64.70687179]
0.21	 1.42	0.33	-0.58	10_W	[42.8628      5.38713333 62.57313333]
-0.18	 -0.8	-0.1	0.2	10_W	[40.77582143  2.53714286 62.80421429]
0.09	 0.77	-0.03	-0.18	10_W	[42.83146875  2.689875   62.93621875]
-0.03	 0.29	-0.11	-0.07	10_W	[42.64818182  2.12547727 60.48729545]
0.16	 1.74	0.16	-0.4	11_L	[40.22357895  5.743      66.75515789]
0.15	 1.61	0.02	-0.31	11_L	[39.304   5.9326 66.8264]
0.21	 1.04	0.17	-0.41	11_L	[37.38290323  8.40348387 65.09758065]
0.11	 0.05	-0.05	-0.18	11_L	[38.841       6.14713333 68.0424    ]
-0.07	 -0.61	-0.08	0.04	11_L	[36.70925    7.617375  67.5381875]
-0.18	 -0.66	0.0	0.29	11_L	[37.72705195  7.54657143 70.31351948]
-0.1	 -0.25	-0.01	0.1	11_L	[37.31130769 10.32716923 68.259     ]
0.18	 1.28	0.03	-0.27	12_A	[39.38811111 12.52138889 66.54894444]
0.07	 0.89	-0.04	-0.18	12_A	[40.866875 12.258    67.767125]
0.16	 1.31	0.36	-0.61	13_F	[42.49583333  7.646      61.75266667]
0.13	 1.22	0.05	-0.3	13_F	[41.51372  7.62484 59.88304]
0.17	 1.16	0.14	-0.4	14_R	[40.54563636  7.519      61.75963636]
0.11	 0.68	-0.04	-0.21	14_R	[39.19265  7.40245 60.1993 ]
0.15	 1.68	0.13	-0.4	14_R	[35.82809091  9.33372727 61.90827273]
0.08	 0.78	-0.08	-0.2	14_R	[35.96943243  9.26521622 59.51691892]
0.07	 0.61	0.02	-0.23	14_R	[38.33493548  6.66435484 62.49109677]
-0.16	 -0.61	-0.24	0.22	14_R	[36.21153846  7.09146154 60.61469231]
-0.27	 -1.34	0.13	0.38	14_R	[35.8345      4.71376471 61.31205882]
-0.08	 -0.33	0.04	0.11	14_R	[35.72563636  5.87195455 63.80259091]
-0.1	 -0.29	-0.04	0.13	14_R	[35.96183333  3.39408333 63.9505    ]
-0.13	 -0.42	-0.04	0.11	14_R	[38.19415909  3.03459091 63.18554545]
-0.12	 -0.23	-0.01	0.14	14_R	[37.0985      4.9275     66.05678125]
0.03	 0.29	-0.06	-0.12	15_K	[35.00978571 11.37957143 61.702     ]
0.07	 0.69	-0.02	-0.18	15_K	[34.86760714 13.52135714 60.77914286]
0.13	 0.76	-0.05	-0.25	15_K	[35.64983333 14.179      63.09166667]
0.09	 0.53	-0.0	-0.19	15_K	[36.80285714 12.5762381  65.93052381]
-0.12	 -0.49	-0.19	0.12	15_K	[34.86673333 10.19871111 64.47824444]
-0.18	 -0.7	-0.08	0.23	15_K	[33.976      12.98875    64.94846154]
-0.21	 -1.09	0.14	0.4	15_K	[32.00015385 11.68861538 65.25410769]
0.11	 0.7	-0.04	-0.19	17_N	[38.54292857 10.21735714 54.43778571]
-0.09	 0.05	-0.02	-0.02	17_N	[36.77707407  8.71144444 55.74962963]
0.15	 1.27	0.09	-0.36	17_N	[38.66076  7.91028 58.39892]
0.01	 -0.03	-0.21	-0.02	17_N	[38.739   7.9056 54.9498]
0.04	 0.51	0.02	-0.11	17_N	[40.51109677  8.61506452 54.47274194]
-0.16	 -0.24	-0.11	0.22	17_N	[39.30506522  6.36132609 56.53452174]
0.08	 1.26	0.16	-0.44	18_H	[38.707375 11.162    54.193625]
-0.01	 -0.09	-0.13	0.0	18_H	[36.22094118 10.62241176 53.47858824]
-0.14	 -0.76	-0.02	0.11	18_H	[37.99645455 11.41381818 52.78736364]
0.07	 0.53	-0.03	-0.21	18_H	[39.11338095 12.531      52.78942857]
0.15	 2.09	0.03	-0.28	18_H	[34.21155556 11.73344444 53.81422222]
0.06	 0.77	0.02	-0.28	18_H	[33.1984375 12.6853125 55.4203125]
-0.22	 -0.67	-0.16	0.3	18_H	[33.41608333 10.53970833 54.738625  ]
0.03	 0.67	-0.02	-0.14	18_H	[33.52318182 12.91027273 57.57690909]
-0.2	 -1.05	0.01	0.35	18_H	[33.36203774  9.23792453 57.12901887]
-0.12	 -0.32	-0.03	0.21	18_H	[33.55408 10.82776 58.93724]
-0.01	 0.23	0.08	-0.04	19_S	[35.19244444 12.19272222 52.09572222]
-0.2	 -0.87	0.03	0.22	19_S	[37.55506667 12.873      50.40686667]
-0.2	 -0.99	0.06	0.27	19_S	[35.35529167 13.930875   49.44279167]
0.04	 0.21	-0.08	-0.06	19_S	[33.49342105 15.28442105 50.38742105]
0.08	 -0.11	-0.03	-0.15	20_V	[38.87368 14.99064 50.57436]
0.17	 0.22	0.03	-0.25	20_V	[40.68657143 16.2595     50.35578571]
-0.05	 -0.28	-0.08	0.0	20_V	[38.58455    17.99908333 48.44638333]
0.2	 1.64	0.3	-0.55	21_A	[36.2142 17.0343 49.5075]
0.17	 1.72	0.11	-0.38	21_A	[35.6876875 20.138375  50.4928125]
0.22	 0.92	0.04	-0.32	21_A	[32.90485714 18.84778571 52.24414286]
0.05	 -0.33	-0.07	-0.07	21_A	[34.07675 20.73675 52.72455]
-0.21	 -0.81	0.01	0.34	21_A	[34.02528125 18.7155625  49.34509375]
0.14	 0.5	0.04	-0.3	22_D	[32.38327273 17.21572727 54.88790909]
0.2	 1.39	0.21	-0.45	22_D	[32.86536364 17.62381818 56.37254545]
0.07	 1.13	-0.03	-0.18	22_D	[32.93904545 15.37409091 55.55381818]
-0.08	 0.13	0.02	-0.01	22_D	[31.6759  14.97565 53.81995]
-0.21	 -0.48	0.02	0.22	22_D	[31.48497368 16.69226316 52.42131579]
-0.16	 -0.52	0.01	0.27	22_D	[32.13280488 13.28202439 52.84697561]
0.18	 1.59	0.12	-0.37	24_G	[35.69507692 22.38423077 53.78015385]
0.05	 0.51	-0.07	-0.1	24_G	[34.48766667 22.73086667 54.92826667]
0.12	 1.16	-0.11	-0.07	24_G	[34.016      23.3665     56.52733333]
0.17	 1.31	-0.02	-0.25	25_S	[33.48666667 21.62322222 54.37711111]
-0.11	 -0.56	-0.02	0.1	25_S	[32.34733333 22.50594444 56.17788889]
0.15	 0.96	0.01	-0.22	25_S	[31.74233333 19.59644444 58.26022222]
-0.15	 -0.52	0.04	0.19	25_S	[31.96938235 21.91491176 59.04826471]
-0.2	 -0.87	0.07	0.26	25_S	[30.82068571 19.82302857 56.10942857]
-0.24	 -0.77	0.01	0.34	25_S	[31.37966667 20.46191667 53.81816667]
0.04	 0.01	-0.08	-0.02	26_I	[32.48289474 19.25784211 60.11931579]
-0.14	 -0.09	0.17	0.09	26_I	[34.33736842 21.00868421 61.88071053]
-0.13	 -0.6	0.03	0.18	26_I	[32.4573     16.9459     58.82953333]
-0.04	 -0.21	-0.08	0.04	26_I	[34.55516667 17.11378571 61.9875    ]
0.02	 0.1	-0.03	-0.09	26_I	[33.57511538 14.80657692 58.72907692]
0.1	 0.27	-0.05	-0.14	27_I	[36.77647059 20.89764706 62.09017647]
0.17	 0.56	-0.14	-0.17	27_I	[34.82772727 23.46963636 61.38363636]
0.02	 0.07	-0.15	-0.1	27_I	[36.5755     23.58922727 62.79104545]
0.16	 1.69	0.27	-0.53	27_I	[38.548      20.237      62.10828571]
0.2	 1.1	0.07	-0.35	27_I	[38.60382353 22.14723529 62.66482353]
-0.03	 -0.13	-0.05	0.03	28_G	[34.08665789 24.59494737 59.09871053]
0.11	 1.58	0.25	-0.5	28_G	[35.47566667 26.46133333 57.90433333]
-0.1	 -0.74	-0.06	0.11	29_G	[34.75663158 27.35852632 59.59484211]
-0.07	 -0.55	0.06	0.12	29_G	[36.58263158 29.17831579 60.39944737]
0.03	 0.39	-0.09	-0.09	29_G	[37.33386667 30.06413333 58.08073333]
0.05	 0.29	-0.01	-0.12	29_G	[36.0647619  28.06042857 57.08633333]
0.13	 0.6	-0.04	-0.22	30_N	[38.77484615 29.928      59.87038462]
0.17	 1.55	0.24	-0.5	30_N	[41.16    30.41225 56.341  ]
-0.04	 0.07	-0.15	-0.01	30_N	[40.84313793 31.4127931  57.59206897]
-0.26	 -0.53	-0.06	0.25	30_N	[38.99283333 32.04885714 57.36195238]
-0.17	 -0.73	0.03	0.27	30_N	[41.99694231 32.38365385 59.27913462]
0.08	 0.59	-0.01	-0.19	32_G	[35.45131818 25.41472727 55.82186364]
-0.07	 0.29	-0.09	-0.01	32_G	[35.33807143 26.4605     54.61921429]
0.11	 0.95	0.0	-0.27	32_G	[35.86008696 24.34726087 53.26734783]
0.06	 0.37	-0.1	-0.11	33_K	[35.97233333 27.917      55.49616667]
-0.01	 -0.24	-0.11	-0.04	33_K	[35.58984211 28.39457895 53.29      ]
0.1	 1.37	-0.03	-0.29	33_K	[39.03671429 29.62957143 51.81914286]
0.02	 0.32	-0.11	-0.15	33_K	[37.48028947 29.18257895 50.75631579]
0.06	 0.5	0.18	-0.29	33_K	[37.6965   30.213275 55.296975]
-0.23	 -0.99	0.07	0.31	33_K	[37.46162319 31.40449275 53.13871014]
0.15	 1.45	0.18	-0.43	34_N	[40.03185 29.29935 51.317  ]
0.11	 1.1	0.01	-0.27	34_N	[42.33566667 29.53966667 52.58277778]
-0.09	 -0.12	-0.11	0.07	34_N	[43.28530189 29.80164151 51.19567925]
-0.06	 -0.0	-0.07	-0.03	34_N	[41.96882857 30.19831429 54.56977143]
-0.01	 0.28	-0.06	-0.09	35_I	[37.60257692 23.16803846 48.25519231]
0.08	 0.42	-0.07	-0.18	35_I	[36.88738889 21.71451852 50.64409259]
-0.04	 -0.5	-0.05	0.1	36_T	[35.13023077 24.41484615 49.36238462]
-0.17	 -0.44	0.11	0.2	36_T	[35.4310303  25.82275758 46.89890909]
0.02	 0.5	-0.13	-0.12	36_T	[34.893      28.15941667 51.42266667]
-0.17	 -0.84	0.04	0.24	36_T	[33.975025 25.627025 51.899175]
-0.19	 -1.0	0.07	0.3	36_T	[33.46629167 27.73340278 49.34805556]
0.18	 1.42	0.19	-0.46	37_G	[36.33066667 28.551      49.15916667]
-0.08	 -0.37	-0.04	0.13	37_G	[37.28092105 29.00555263 47.24218421]
-0.02	 0.13	-0.15	-0.03	37_G	[37.54563636 26.70381818 45.53472727]
-0.14	 -0.51	0.04	0.2	37_G	[39.728025 27.95925  45.05895 ]
-0.1	 -0.2	-0.01	0.1	38_G	[39.00958621 24.341      45.40168966]
-0.02	 -0.11	0.1	-0.18	38_G	[41.69176923 26.50653846 45.47984615]
-0.08	 -0.23	0.04	0.09	38_G	[42.53193103 24.10303448 45.02427586]
-0.04	 0.44	-0.14	-0.0	39_Y	[43.76558824 26.28411765 46.206     ]
-0.17	 -0.68	0.08	0.24	39_Y	[45.37020588 24.51532353 47.54714706]
0.06	 0.68	-0.09	-0.07	39_Y	[44.72882353 27.70111765 48.95147059]
0.12	 1.31	0.38	-0.62	39_Y	[41.95366667 28.14666667 46.28355556]
-0.11	 -0.46	0.0	0.12	39_Y	[44.03235849 29.13535849 46.88981132]
-0.19	 -0.89	0.12	0.23	39_Y	[43.41434783 31.07395652 46.489     ]
-0.09	 -0.27	-0.09	0.05	39_Y	[40.265775 30.57545  48.4853  ]
-0.1	 -0.13	-0.09	0.02	39_Y	[41.68926087 31.13717391 47.27086957]
-0.29	 -1.07	0.17	0.43	39_Y	[41.19319048 32.81995238 46.36392857]
0.07	 0.68	0.01	-0.23	40_F	[44.79105556 21.96688889 49.61255556]
0.11	 1.2	0.0	-0.27	40_F	[44.5461875 21.8536875 51.4415625]
0.18	 1.1	0.14	-0.4	40_F	[45.30441667 22.93625    52.2605    ]
-0.02	 -0.49	-0.34	0.05	40_F	[46.26035 23.93035 50.79975]
-0.06	 0.17	-0.1	-0.01	40_F	[46.31242857 26.853      51.0405    ]
0.15	 1.14	0.05	-0.28	40_F	[45.81236842 27.89021053 53.42394737]
0.05	 0.17	-0.08	-0.08	41_Q	[44.78495238 21.13571429 47.9457619 ]
0.03	 0.53	-0.11	-0.06	41_Q	[44.7228 17.6032 47.4862]
-0.08	 -0.16	0.07	0.08	41_Q	[42.41392857 16.85189286 48.14542857]
-0.19	 -0.68	-0.01	0.18	41_Q	[43.73585714 18.94674286 45.70702857]
-0.14	 -0.35	-0.03	0.18	41_Q	[43.17166667 21.4096     44.59493333]
-0.05	 -0.97	-0.07	0.04	41_Q	[40.78841667 21.85925    44.35108333]
0.05	 0.28	-0.0	-0.14	41_Q	[39.51565  21.388775 46.765775]
-0.24	 -0.89	0.08	0.35	41_Q	[40.31111538 19.11878846 44.77598077]
-0.02	 -0.2	-0.16	-0.07	42_N	[45.492125   19.33016667 48.65375   ]
-0.05	 0.18	-0.12	-0.03	42_N	[44.74375    16.26266667 48.99258333]
0.16	 0.71	0.07	-0.32	42_N	[45.90431034 19.7202069  51.70410345]
-0.11	 0.07	-0.06	0.02	42_N	[47.55211111 17.95002222 49.43471111]
-0.05	 -0.21	-0.15	0.02	42_N	[47.06775    15.30291667 48.70466667]
-0.04	 -0.13	-0.12	0.06	42_N	[46.71076 14.36932 50.68508]
0.06	 0.33	-0.1	-0.13	42_N	[49.50390741 15.7452963  49.43768519]
0.1	 0.63	0.07	-0.26	43_A	[43.34485 15.7796  51.10585]
0.15	 1.32	0.03	-0.27	43_A	[41.5219375 15.2838125 51.9601875]
0.17	 1.18	0.12	-0.41	44_C	[44.92953846 14.35138462 52.53846154]
0.2	 1.33	0.08	-0.35	44_C	[46.31255556 13.24077778 52.65872222]
0.19	 1.52	0.22	-0.48	45_P	[48.82730769 18.58430769 52.66323077]
0.17	 1.36	0.43	-0.65	45_P	[48.6587 17.7915 52.2483]
0.22	 1.48	0.27	-0.51	46_I	[45.14347619 21.26533333 53.38614286]
0.12	 1.17	0.15	-0.41	47_R	[40.48763158 11.35857895 54.02978947]
0.17	 0.76	-0.0	-0.27	47_R	[40.29930769 13.88038462 52.53692308]
-0.08	 -0.18	-0.05	0.07	47_R	[42.904375   11.93153125 52.684375  ]
0.26	 1.58	0.23	-0.49	50_Y	[42.1385625 17.5865625 65.8181875]
0.2	 1.52	0.13	-0.37	50_Y	[40.79033333 18.0632     64.68273333]
-0.01	 0.11	-0.1	0.02	50_Y	[38.20223256 18.45867442 63.8807907 ]
0.2	 1.55	0.13	-0.4	50_Y	[38.86086667 14.1522     65.76173333]
0.11	 0.88	-0.2	-0.07	50_Y	[38.95057143 16.52314286 66.13757143]
-0.1	 -0.23	-0.05	0.11	50_Y	[36.64889583 15.8100625  64.92902083]
0.1	 0.52	0.01	-0.2	52_L	[51.38648837 15.44509302 67.08069767]
0.17	 1.15	0.07	-0.32	53_N	[42.16746154 18.86661538 68.18461538]
0.08	 0.44	-0.03	-0.2	53_N	[43.64635714 19.26940476 70.68130952]
0.16	 1.27	0.14	-0.37	53_N	[42.44716667 19.63906667 66.7788    ]
0.22	 1.35	0.32	-0.57	53_N	[46.16561111 22.86738889 67.41294444]
-0.09	 -0.09	-0.33	0.1	54_A	[41.31027273 17.85031818 69.43790909]
0.16	 0.97	0.1	-0.36	54_A	[42.34875   15.7150625 70.625375 ]
-0.19	 -0.5	0.01	0.32	54_A	[41.51085366 15.14329268 71.37821951]
-0.09	 0.07	-0.07	-0.01	54_A	[40.55574074 15.72324074 67.63446296]
0.15	 1.54	0.23	-0.49	55_T	[43.09790476 13.38504762 71.902     ]
0.02	 0.01	-0.08	0.01	55_T	[43.98372727 14.62863636 73.26154545]
-0.01	 0.1	-0.03	-0.1	55_T	[45.92760526 13.22384211 73.62931579]
0.14	 1.13	0.07	-0.31	55_T	[42.697      12.50657143 69.74409524]
0.04	 0.49	-0.14	-0.07	56_G	[43.99366667 16.91906667 72.39286667]
-0.13	 -0.89	0.06	0.18	56_G	[45.56371111 17.34804444 73.85342222]
0.15	 1.29	-0.05	-0.24	56_G	[47.0186 18.9188 73.8548]
-0.13	 -0.49	-0.03	0.15	56_G	[48.501375 17.74385  74.546   ]
0.06	 0.26	-0.05	0.01	57_F	[50.17888889 18.70211111 72.01766667]
0.14	 1.52	-0.05	-0.14	57_F	[50.28366667 19.54322222 70.77088889]
0.12	 0.76	0.07	-0.32	57_F	[50.69982609 18.35626087 68.50656522]
0.02	 0.57	-0.0	-0.13	57_F	[50.98196 16.48948 70.05364]
-0.09	 -0.11	-0.04	0.05	57_F	[52.05825581 16.32451163 72.27174419]
-0.11	 -0.51	-0.1	0.04	57_F	[52.06228 15.64368 74.86052]
-0.01	 0.16	-0.05	-0.0	57_F	[48.60346667 13.47253333 74.42466667]
-0.08	 -0.72	-0.01	0.13	57_F	[50.61759259 14.00059259 75.37662963]
-0.04	 0.24	-0.04	-0.07	58_P	[50.66463889 21.98186111 69.87091667]
-0.05	 0.23	-0.21	-0.03	58_P	[45.95426531 22.62432653 69.89769388]
-0.21	 -1.19	0.15	0.31	58_P	[47.28368889 22.36217778 72.20566667]
-0.01	 -0.22	-0.02	-0.02	58_P	[47.58848718 20.15251282 72.47807692]
0.09	 1.56	0.08	-0.35	59_I	[49.14053846 23.81161538 69.22984615]
0.06	 0.59	-0.04	-0.18	59_I	[47.96222581 24.66558065 67.91496774]
0.09	 0.7	-0.08	-0.23	60_A	[52.30633333 23.52273333 68.32726667]
-0.0	 -0.16	-0.09	0.03	60_A	[50.43522727 25.61368182 69.48886364]
-0.14	 -0.73	-0.0	0.18	60_A	[53.20079661 25.76976271 69.53362712]
0.07	 0.42	0.06	-0.21	61_R	[49.91573913 28.13326087 68.72117391]
0.13	 1.26	-0.09	-0.19	61_R	[51.77583333 31.4155     66.46516667]
-0.08	 -0.1	-0.08	0.1	61_R	[51.65422727 30.94431818 64.48672727]
-0.0	 0.06	-0.1	0.03	61_R	[49.29788462 30.5165     68.79688462]
0.04	 0.18	0.07	-0.21	61_R	[49.45928571 31.48628571 65.53237143]
-0.2	 -1.06	0.03	0.28	61_R	[49.7295     33.25480952 67.67280952]
-0.1	 -0.51	-0.0	0.11	61_R	[47.02288 32.54796 68.72776]
-0.05	 0.23	0.05	-0.06	61_R	[46.64158824 34.14247059 67.25135294]
-0.24	 -1.07	0.12	0.38	61_R	[47.00025    34.31495833 65.37702083]
-0.26	 -1.09	0.1	0.38	61_R	[44.86113208 33.57645283 67.41858491]
-0.05	 0.04	-0.02	-0.07	62_N	[53.66727273 30.90304545 65.40190909]
0.12	 1.42	0.12	-0.36	62_N	[55.4642     28.91193333 65.5286    ]
-0.14	 -0.47	-0.09	0.14	62_N	[56.71248718 29.60838462 65.55948718]
-0.19	 -0.91	0.09	0.22	62_N	[54.40379487 31.63446154 67.56953846]
-0.23	 -1.07	-0.04	0.22	62_N	[54.9684 30.8487 69.9431]
-0.13	 -0.36	0.02	0.13	62_N	[52.84442857 30.2        69.79902381]
-0.19	 -0.88	0.08	0.28	62_N	[55.85815556 28.58724444 69.48795556]
0.06	 1.1	-0.01	-0.16	63_S	[55.82955 26.81055 66.7588 ]
0.05	 0.75	0.03	-0.21	63_S	[55.003625  28.9586875 62.644    ]
0.06	 0.45	-0.01	-0.14	63_S	[55.19386667 24.42733333 66.03923333]
-0.07	 -0.29	-0.04	0.07	64_P	[56.9383913  29.06       61.93708696]
-0.07	 0.18	-0.07	0.01	64_P	[56.90273333 28.16986667 59.821     ]
-0.1	 -0.59	0.05	0.17	64_P	[58.37146154 26.2265     59.26519231]
-0.21	 -1.03	0.07	0.3	64_P	[59.55604651 28.38660465 61.91402326]
-0.14	 -0.41	-0.0	0.15	64_P	[60.0815625  25.77670833 62.76435417]
-0.07	 -0.48	0.01	0.1	64_P	[58.45151351 26.3312973  64.92721622]
0.09	 1.26	0.05	-0.27	65_Y	[55.07091667 28.25916667 60.49091667]
0.09	 0.75	-0.02	-0.2	65_Y	[56.01847826 26.21478261 58.0836087 ]
-0.05	 -1.03	-0.08	0.07	65_Y	[54.297625 28.29175  58.76475 ]
0.08	 0.07	-0.01	-0.13	65_Y	[52.74390909 28.55918182 59.68645455]
0.12	 0.98	-0.17	-0.08	65_Y	[57.8336 24.1222 58.1446]
-0.01	 -0.22	-0.09	-0.04	65_Y	[59.12641935 23.14974194 58.98490323]
0.14	 0.62	0.07	-0.28	65_Y	[57.73613333 22.5321     63.73376667]
0.13	 1.8	-0.07	-0.19	65_Y	[59.6996 23.8388 61.2192]
0.03	 0.28	-0.1	-0.08	65_Y	[60.34014706 22.22326471 61.91155882]
-0.03	 -1.2	-0.01	-0.03	66_A	[54.43407692 27.35261538 56.88292308]
-0.1	 -0.51	0.01	0.14	66_A	[52.31383333 28.9125     57.57988889]
-0.08	 -0.2	0.0	0.04	66_A	[52.55872222 28.42097222 55.44155556]
0.04	 0.19	-0.01	-0.16	67_K	[50.34520833 28.79491667 58.44166667]
0.14	 2.02	0.1	-0.35	67_K	[47.1445 28.759  60.577 ]
-0.16	 -0.67	0.08	0.26	67_K	[47.90559375 29.84021875 58.41946875]
0.09	 0.95	-0.03	-0.22	67_K	[48.85657143 28.83538095 61.08242857]
0.02	 0.11	-0.04	-0.09	67_K	[50.19648148 29.3772963  62.63974074]
-0.01	 0.07	0.07	-0.08	67_K	[52.955      29.22337931 61.90851724]
0.09	 0.65	0.04	-0.2	68_V	[45.33657143 29.44107143 59.46442857]
-0.06	 -0.12	-0.05	0.05	68_V	[45.10235294 29.84631373 56.30131373]
0.12	 0.62	-0.05	-0.16	69_S	[44.35766667 29.75085714 60.70009524]
-0.0	 0.39	-0.02	-0.13	69_S	[42.87851515 30.38712121 63.17272727]
-0.08	 0.08	-0.08	0.04	69_S	[40.97732353 30.68311765 61.7435    ]
0.23	 0.7	0.05	-0.29	70_G	[38.8795     28.86281818 62.92336364]
-0.03	 -0.04	0.01	-0.06	71_A	[36.5103125 28.500125  63.4571875]
-0.02	 0.16	-0.12	-0.06	71_A	[35.41925  25.837625 65.494   ]
-0.16	 -0.49	-0.02	0.19	71_A	[35.87936111 28.17491667 66.04369444]
-0.19	 -1.0	0.09	0.29	71_A	[34.25836 26.3607  63.15076]
0.11	 0.6	-0.01	-0.23	72_D	[36.7518     24.65826667 64.60213333]
-0.1	 -0.53	-0.07	0.12	72_D	[36.58929412 25.66747059 67.37794118]
0.16	 1.73	0.01	-0.25	72_D	[37.708      27.55111111 68.04977778]
-0.04	 -0.25	-0.02	0.07	72_D	[39.35590625 26.5735625  69.21165625]
-0.16	 -1.05	-0.02	0.22	72_D	[37.81751515 23.34890909 67.62587879]
0.08	 0.59	0.03	-0.22	72_D	[38.42085 23.0631  64.8026 ]
-0.12	 -0.16	-0.15	0.1	72_D	[39.77796154 21.50269231 66.36192308]
0.19	 1.82	0.15	-0.39	73_N	[41.39872727 29.78618182 65.76354545]
0.11	 2.62	0.03	-0.29	73_N	[41.7486 27.3468 68.6432]
-0.04	 0.06	-0.06	-0.06	73_N	[43.13302273 28.84897727 67.48484091]
-0.17	 -0.72	-0.0	0.14	73_N	[40.75788889 29.81303704 68.56003704]
-0.1	 -0.03	0.02	0.01	73_N	[39.17626667 31.11613333 67.41133333]
-0.14	 -0.43	-0.0	0.21	73_N	[39.14827273 30.79606818 65.54227273]
-0.24	 -1.01	0.09	0.38	73_N	[37.87536364 30.68298182 68.57298182]
0.15	 1.28	-0.1	-0.15	74_K	[44.29364286 26.027      67.75357143]
0.12	 1.13	-0.03	-0.22	74_K	[44.67541667 23.84683333 67.78166667]
0.0	 -0.04	-0.06	0.01	74_K	[42.72277778 24.83292593 69.42059259]
0.18	 1.56	0.19	-0.46	74_K	[42.1784375 21.7918125 68.6045   ]
-0.17	 -0.8	-0.02	0.2	74_K	[41.45293617 22.85255319 70.68706383]
-0.19	 -0.65	0.02	0.25	74_K	[40.66854902 20.72576471 70.25241176]
0.19	 1.33	0.27	-0.53	75_F	[45.84091667 24.57366667 66.47920833]
0.14	 0.69	0.09	-0.3	75_F	[47.13043333 29.14553333 63.03913333]
0.09	 0.43	-0.02	-0.21	75_F	[47.0596875 26.614625  67.515625 ]
-0.01	 0.11	-0.05	-0.07	75_F	[45.445325 30.6149   64.38005 ]
-0.09	 -1.05	-0.01	0.1	75_F	[46.35608333 28.59233333 68.21595833]
0.02	 0.32	-0.23	-0.05	75_F	[45.03773684 30.52042105 67.18084211]
0.17	 0.91	0.05	-0.32	76_Y	[40.3567381  20.41207143 64.35759524]
-0.01	 0.45	0.0	-0.13	78_Y	[48.4677234  21.10555319 52.33708511]
0.2	 1.68	0.19	-0.46	78_Y	[46.54027273 22.404      53.26581818]
0.13	 0.49	0.05	-0.17	78_Y	[48.75159091 24.52368182 51.62281818]
-0.1	 -0.17	-0.1	0.03	78_Y	[49.42433333 26.63008333 51.38170833]
0.12	 0.86	0.03	-0.3	78_Y	[48.51668182 28.39636364 55.369     ]
0.01	 -0.48	-0.11	-0.03	78_Y	[48.0954 28.1046 53.0932]
-0.18	 -0.71	0.07	0.24	78_Y	[50.19769697 29.097      53.28863636]
-0.01	 0.74	-0.15	-0.03	79_R	[51.20433333 20.63358333 51.84783333]
0.08	 0.54	-0.11	-0.08	79_R	[54.14727586 21.62862069 52.52268966]
-0.03	 -0.25	0.02	-0.01	79_R	[51.48088889 23.09666667 51.22805556]
-0.09	 -0.36	-0.12	0.18	79_R	[54.65302564 23.89035897 52.10166667]
-0.12	 -0.53	0.12	0.05	79_R	[52.65774074 25.06685185 50.33318519]
-0.06	 0.02	0.02	-0.01	79_R	[53.68811111 26.59894444 50.8085    ]
-0.05	 -0.41	-0.01	0.09	79_R	[53.83744444 27.58072222 52.77202778]
-0.28	 -1.08	0.14	0.42	79_R	[52.56022 27.67586 49.66012]
0.03	 0.24	-0.04	-0.12	80_V	[51.79389474 19.06336842 51.96221053]
0.01	 0.58	-0.12	-0.08	80_V	[53.73866667 16.91653333 50.9416    ]
0.22	 1.42	0.39	-0.62	80_V	[55.14121053 15.70552632 51.37721053]
0.16	 0.89	0.16	-0.38	80_V	[50.58621277 16.33457447 51.2603617 ]
0.14	 0.75	-0.06	-0.31	81_N	[54.86394118 19.00994118 51.98517647]
0.2	 1.61	0.17	-0.44	81_N	[57.9597 17.5679 54.2141]
0.21	 1.55	0.23	-0.49	81_N	[57.94706667 20.67753333 55.08366667]
0.15	 1.14	0.02	-0.28	81_N	[58.46582353 18.10176471 55.42829412]
-0.07	 -0.07	-0.33	0.1	81_N	[57.33910937 20.31789063 53.00314063]
0.04	 0.44	0.04	-0.18	81_N	[57.4739  17.61035 51.31395]
-0.01	 0.43	0.01	-0.04	81_N	[58.64742105 16.43478947 52.44702632]
-0.22	 -0.89	0.08	0.27	81_N	[57.97758 19.10558 49.81476]
0.15	 1.56	0.1	-0.38	82_D	[55.66528 23.42368 54.8074 ]
-0.14	 -0.28	-0.07	0.12	82_D	[57.10948889 23.46664444 55.79137778]
0.06	 0.4	-0.04	-0.14	82_D	[55.06104762 25.42095238 55.42742857]
0.12	 1.55	0.2	-0.47	84_I	[58.04833333 16.42708333 55.33441667]
0.01	 0.25	-0.07	-0.1	84_I	[59.38455556 14.51114286 56.9005873 ]
0.23	 1.47	0.16	-0.43	84_I	[58.36383333 14.69516667 53.80888889]
0.12	 1.65	0.05	-0.29	85_D	[60.60264286 21.04135714 59.23921429]
0.0	 0.41	-0.09	-0.06	85_D	[60.85245455 19.57904545 56.98090909]
-0.09	 -0.23	-0.04	0.1	85_D	[61.16196 17.79722 57.6739 ]
-0.2	 -0.54	-0.09	0.3	85_D	[60.24391304 20.95269565 56.31730435]
0.17	 1.68	0.19	-0.45	86_Y	[55.86409091 22.07272727 64.76772727]
0.11	 0.58	-0.06	-0.18	86_Y	[54.3272  22.35144 66.4256 ]
0.19	 0.92	0.09	-0.34	86_Y	[52.90672 17.89456 66.50608]
0.0	 -0.11	-0.09	-0.0	86_Y	[53.00846667 20.5919     67.9686    ]
0.22	 1.22	0.06	-0.36	87_L	[56.14309091 14.94554545 64.99936364]
0.13	 1.23	0.09	-0.27	87_L	[57.84508696 14.11565217 65.6736087 ]
0.19	 1.45	0.04	-0.32	87_L	[56.24841667 13.49841667 64.16166667]
0.06	 0.33	0.0	-0.19	87_L	[53.94825    14.27980556 64.86311111]
0.09	 0.37	-0.03	-0.13	88_T	[62.66213333 16.32436667 65.41303333]
0.18	 1.03	-0.0	-0.31	88_T	[61.683      16.89630769 60.37615385]
-0.0	 0.07	-0.1	-0.01	88_T	[60.83271053 14.46626316 59.82939474]
-0.16	 -0.66	-0.02	0.22	88_T	[63.39342623 15.40262295 62.03591803]
0.19	 0.79	-0.15	-0.07	89_H	[62.207875 18.455375 66.245375]
0.11	 1.53	0.13	-0.4	89_H	[60.55853333 18.74586667 66.92313333]
-0.22	 -0.86	-0.04	0.3	89_H	[60.78668293 19.02517073 68.08760976]
-0.0	 -0.13	-0.04	-0.06	89_H	[59.75906897 20.84       64.84482759]
0.06	 2.24	-0.21	-0.07	89_H	[61.553  21.566  63.6362]
-0.17	 -0.67	0.03	0.23	89_H	[63.39007407 20.57753704 64.57903704]
-0.11	 -0.26	-0.08	0.1	89_H	[63.004      19.72698246 60.82391228]
-0.21	 -0.6	0.15	0.35	89_H	[64.79841935 20.22803226 62.75874194]
-0.03	 0.79	-0.13	-0.01	90_T	[58.57136364 19.00263636 69.02672727]
0.03	 0.45	-0.01	-0.01	90_T	[57.94276 15.95116 68.7716 ]
-0.39	 -0.68	0.03	0.34	90_T	[58.17030233 16.53727907 70.26234884]
-0.12	 -0.43	-0.05	0.12	90_T	[55.42175    18.612375   68.62091667]
-0.02	 0.17	-0.01	-0.07	90_T	[55.5116 16.421  66.9312]
-0.04	 -0.18	0.03	0.04	90_T	[56.86485714 20.68269388 66.97553061]
-0.0	 0.47	-0.04	-0.13	92_G	[59.79310526 14.27047368 68.44265789]
-0.17	 -0.47	-0.02	0.26	92_G	[62.14708163 14.54873469 68.61189796]
-0.01	 -0.13	-0.11	0.02	92_G	[63.53781818 13.64372727 66.549     ]
0.2	 0.67	0.08	-0.35	92_G	[62.661625  13.3421875 64.6990625]
-0.06	 -0.19	-0.03	-0.05	93_K	[62.89038095 12.09161905 68.464     ]
0.11	 0.86	-0.08	-0.14	93_K	[63.78808333 12.13983333 65.29683333]
-0.01	 0.12	0.02	-0.04	93_K	[62.45425926  8.85722222 68.32255556]
-0.24	 -1.1	0.09	0.33	93_K	[65.51724242 10.63730303 66.78225758]
0.16	 1.5	0.21	-0.47	94_P	[61.94716667  6.61925    67.64066667]
-0.05	 0.01	-0.06	0.02	94_P	[63.82340909  6.605      65.98775   ]
0.06	 0.61	-0.02	-0.11	94_P	[62.48919231  9.64715385 61.59369231]
-0.03	 0.15	-0.06	-0.06	94_P	[63.7275     10.15615789 63.66031579]
-0.01	 -0.18	-0.09	-0.03	95_D	[62.41772222  4.55988889 67.64961111]
0.16	 0.75	0.1	-0.36	95_D	[62.16085185  3.38492593 64.92688889]
-0.18	 -0.61	0.28	0.56	95_D	[62.8922      2.15406667 65.83713333]
0.07	 0.39	0.0	-0.19	95_D	[60.26025926  2.2932963  67.22959259]
0.14	 1.66	0.14	-0.42	95_D	[58.483875  4.84325  69.6915  ]
-0.16	 -0.39	0.05	0.19	95_D	[60.27429091  4.93141818 69.82654545]
0.1	 0.67	-0.01	-0.23	96_L	[63.4810625  2.9974375 63.4364375]
0.18	 1.17	0.09	-0.37	96_L	[60.87438889  0.87594444 64.47594444]
-0.15	 -0.53	-0.1	0.21	96_L	[62.54483333 -0.6514697  62.40237879]
0.21	 1.3	0.04	-0.32	96_L	[60.03453846 -1.81753846 62.70961538]
0.05	 0.22	0.04	-0.14	97_I	[64.1865      2.86928571 61.98242857]
0.19	 1.88	0.14	-0.41	97_I	[65.359       3.53044444 57.59922222]
-0.14	 -0.49	0.06	0.18	97_I	[65.421525  1.8622   59.3912  ]
-0.05	 -0.14	-0.12	0.03	97_I	[65.87925    4.3253125 60.4554375]
0.15	 1.33	0.11	-0.37	97_I	[64.0825      6.3385     61.81453125]
-0.07	 -0.06	-0.09	0.1	97_I	[65.50993478  6.01436957 57.77295652]
-0.2	 -0.96	0.0	0.28	97_I	[66.02584058  7.36015942 61.66333333]
0.04	 0.31	-0.26	-0.02	98_V	[65.02173333  1.00846667 57.22406667]
-0.85	 -0.15	0.06	0.03	98_V	[63.57608 -1.1653  56.22414]
0.1	 0.8	0.03	-0.2	98_V	[62.31548 -0.69424 59.09588]
0.06	 -0.23	-0.01	-0.18	99_N	[65.62451515  2.27648485 55.55757576]
0.01	 -0.22	0.01	-0.04	99_N	[64.61069231 -0.66657692 52.88342308]
-0.09	 -0.08	-0.06	0.02	99_N	[66.74557143  1.86071429 52.0647619 ]
-0.04	 0.1	-0.12	0.03	99_N	[67.03765385  3.96369231 53.68819231]
-0.06	 -0.44	-0.06	0.04	99_N	[66.39353846  5.59384615 53.40496154]
-0.28	 -1.12	0.17	0.44	99_N	[68.9944      3.63518182 53.57236364]
0.14	 1.61	-0.02	-0.27	100_N	[61.6008  0.725  49.289 ]
0.12	 1.32	0.05	-0.27	100_N	[60.80223077  0.339      49.95215385]
-0.02	 -0.2	-0.05	-0.1	100_N	[61.51237143 -2.08137143 51.5878    ]
-0.13	 -0.87	-0.01	0.18	100_N	[63.09994872 -0.79294872 49.29330769]
-0.09	 -0.19	-0.02	0.08	100_N	[65.05727778  0.51372222 48.2665    ]
-0.09	 -0.28	-0.11	0.17	100_N	[64.33697826  2.40906522 48.15130435]
-0.21	 -0.91	0.07	0.35	100_N	[6.65011071e+01 1.15892857e-02 4.92024821e+01]
0.04	 0.31	-0.04	-0.13	101_P	[58.01393478 -0.17382609 50.51413043]
0.15	 1.79	0.21	-0.46	102_K	[56.27636364 -1.70590909 51.30654545]
-0.09	 -0.2	-0.04	0.04	102_K	[57.47148571 -3.72462857 51.1756    ]
0.12	 1.21	0.15	-0.42	102_K	[57.61330769 -5.72315385 53.102     ]
-0.15	 -0.83	0.01	0.19	102_K	[59.15744444 -5.67511111 50.93704444]
-0.18	 -0.92	-0.02	0.26	102_K	[61.725      -5.51023256 51.81623256]
-0.25	 -1.27	0.1	0.34	102_K	[61.03545 -7.6895  53.3804 ]
0.24	 1.74	0.1	-0.36	103_Q	[55.32341667 -4.55083333 52.87716667]
0.15	 1.39	0.35	-0.59	103_Q	[54.19175    -5.63958333 57.164     ]
0.26	 1.46	0.38	-0.61	103_Q	[53.5559375 -4.2670625 58.2595   ]
0.03	 0.54	0.01	-0.25	103_Q	[52.70127778 -4.44508333 53.24783333]
0.07	 0.54	-0.02	-0.19	103_Q	[51.887     -4.1859375 55.932    ]
-0.09	 -0.21	-0.11	0.07	103_Q	[51.2676 -5.7474 55.0041]
-0.27	 -1.03	0.06	0.41	103_Q	[51.92021053 -7.26297368 54.07807895]
-0.22	 -0.73	0.36	0.29	103_Q	[49.23753191 -5.782      55.61187234]
0.08	 1.25	0.02	-0.24	104_S	[55.6316  -6.19495 54.3235 ]
0.02	 0.3	-0.17	-0.06	104_S	[54.84677419 -6.92296774 56.87083871]
0.1	 1.21	-0.0	-0.24	104_S	[58.88933333 -6.55988889 57.36144444]
-0.08	 -0.16	-0.08	0.07	104_S	[58.024      -6.75879167 59.178375  ]
-0.24	 -1.09	0.09	0.32	104_S	[56.88055102 -8.26869388 55.70583673]
-0.03	 -0.35	-0.14	-0.01	104_S	[58.72048276 -7.37906897 54.80603448]
-0.03	 0.31	-0.06	-0.06	105_D	[59.70988235 -4.89129412 58.647     ]
0.01	 0.43	-0.03	-0.1	105_D	[58.85041667 -3.13264583 60.88966667]
0.14	 0.64	0.03	-0.22	105_D	[60.92546154 -2.68546154 58.12376923]
-0.0	 0.06	-0.23	0.02	105_D	[61.98438462 -3.33115385 56.26292308]
-0.09	 -0.34	0.04	0.13	105_D	[61.25222857 -5.1574     56.31671429]
0.18	 1.05	0.12	-0.32	105_D	[61.72011111 -3.08716667 54.15738889]
0.21	 1.37	0.32	-0.57	106_F	[56.719   -2.80425 62.1142 ]
0.05	 0.56	-0.02	-0.15	107_I	[56.30593478 -5.11852174 63.64784783]
0.08	 0.59	-0.15	-0.19	107_I	[53.97179167 -6.35441667 59.18783333]
-0.24	 -0.85	-0.05	0.31	107_I	[52.45853125 -7.7233125  60.21359375]
-0.14	 -0.49	-0.0	0.17	107_I	[56.27204 -7.97508 61.00076]
-0.19	 -1.17	0.11	0.26	107_I	[52.98630645 -8.59377419 62.76558065]
0.13	 0.84	0.07	-0.29	108_G	[51.80791667 -5.45416667 63.10316667]
-0.19	 -1.1	-0.05	0.22	108_G	[52.98904651 -6.02927907 65.41606977]
0.1	 1.12	-0.01	-0.22	108_G	[52.84633333 -3.65679167 65.75016667]
-0.26	 -1.1	-0.01	0.38	108_G	[53.79467647 -3.79926471 67.48908824]
0.08	 0.84	0.11	-0.28	109_K	[53.85330435 -0.89165217 66.93047826]
0.09	 1.45	0.2	-0.46	109_K	[55.4383 -0.2606 66.8656]
0.01	 -0.12	-0.07	-0.07	109_K	[56.19225    -2.66379167 66.719     ]
0.22	 1.49	0.29	-0.54	109_K	[57.68719231 -2.2675     63.75107692]
-0.06	 -0.3	0.09	0.17	109_K	[59.41984848 -1.2579697  66.65557576]
-0.27	 -0.71	-0.09	0.41	109_K	[59.34267273 -3.73087273 65.28774545]
0.08	 0.73	-0.03	-0.18	110_K	[52.65026667  0.30566667 67.403     ]
0.2	 1.5	0.3	-0.54	110_K	[52.4174      1.89246667 68.05586667]
0.17	 1.64	0.12	-0.37	110_K	[51.1049  0.8719 68.2452]
-0.01	 -0.06	-0.14	-0.07	110_K	[50.67680769 -1.65211538 66.86123077]
-0.09	 -0.33	0.07	0.01	110_K	[47.57452778 -1.13255556 67.42683333]
-0.01	 0.61	-0.04	-0.04	110_K	[47.8466  0.671  70.1534]
-0.21	 -0.67	0.01	0.32	110_K	[49.7641875  -0.63289062 70.49539063]
0.13	 0.55	0.04	-0.25	112_I	[53.11741667 11.53416667 65.7785    ]
0.2	 1.28	0.24	-0.5	114_V	[58.93180952  7.82328571 56.01271429]
0.09	 0.9	-0.0	-0.21	114_V	[58.73856098 10.83295122 56.77331707]
0.12	 1.06	0.48	-0.72	116_K	[60.71157143  9.51071429 49.481     ]
0.06	 0.4	0.02	-0.13	116_K	[60.8058125  10.65490625 50.73446875]
0.23	 1.66	0.14	-0.39	116_K	[60.04722222  9.86238889 53.8535    ]
-0.14	 -0.34	-0.05	0.21	116_K	[61.07236709 12.43881013 53.2074557 ]
0.13	 0.82	0.03	-0.26	117_G	[60.02472222 10.18427778 48.61027778]
0.14	 1.61	0.04	-0.34	117_G	[60.7358  9.5186 47.81  ]
0.17	 1.07	0.04	-0.3	117_G	[60.59366667  9.98455556 46.04766667]
0.11	 1.06	-0.04	-0.21	117_G	[59.65457143 11.41464286 46.92642857]
-0.08	 -0.25	-0.05	0.07	118_H	[60.79636585  9.89056098 42.76153659]
-0.11	 -0.2	-0.05	0.15	118_H	[61.849875  8.295875 41.740375]
0.04	 0.12	0.09	-0.12	118_H	[62.68375  7.90075 43.04075]
-0.11	 -0.77	0.02	0.13	118_H	[59.63123684  7.08923684 40.65831579]
-0.15	 -0.55	0.05	0.19	118_H	[62.6348      5.25274286 42.78245714]
-0.18	 -0.1	0.04	0.18	118_H	[60.89113636  4.88259091 40.95409091]
0.07	 0.41	0.05	-0.16	119_G	[57.67966667 10.63475    41.899875  ]
-0.11	 -0.39	-0.02	0.11	119_G	[56.62735484  8.65045161 40.34658065]
0.01	 0.07	-0.12	-0.05	119_G	[55.26957143 11.07235714 40.59735714]
-0.09	 -0.13	-0.14	0.13	119_G	[53.36410256  9.33523077 40.37394872]
0.16	 1.48	-0.04	-0.27	120_W	[52.4517 11.213  41.7338]
0.18	 1.0	0.04	-0.29	120_W	[54.82666667 12.7855     40.6935    ]
0.01	 0.33	0.01	-0.14	120_W	[55.90722222 13.88055556 42.57635556]
0.13	 1.48	0.31	-0.58	120_W	[50.9252 11.3284 44.8676]
-0.08	 -0.14	-0.09	0.07	120_W	[51.04352941 10.29873529 43.18708824]
0.09	 0.53	-0.1	-0.14	120_W	[50.8909 11.2368 45.8129]
-0.14	 -0.53	-0.02	0.1	120_W	[50.43835714  7.93678571 44.25264286]
-0.06	 0.02	0.04	-0.02	120_W	[50.19835714  9.90492857 46.2045    ]
0.13	 0.89	0.04	-0.24	120_W	[51.58065 11.8066  47.3333 ]
-0.12	 -0.54	0.08	0.09	120_W	[50.05088889  7.48525    47.17475   ]
0.11	 0.72	-0.03	-0.16	120_W	[51.04942857 10.91314286 49.11578571]
-0.03	 0.29	-0.23	-0.0	120_W	[50.155325  8.500225 49.40455 ]
0.04	 0.38	-0.0	-0.16	121_S	[52.08952381 12.67819048 41.8542381 ]
-0.07	 -0.07	-0.07	0.07	121_S	[54.57771429 15.33514286 40.3855    ]
0.05	 0.58	-0.13	-0.07	121_S	[52.89421739 16.21734783 42.29978261]
-0.26	 -1.14	0.19	0.43	121_S	[52.99309375 17.8545625  41.40990625]
-0.19	 -0.98	0.03	0.24	121_S	[52.0342549  15.35788235 39.55358824]
-0.24	 -0.73	0.03	0.42	121_S	[53.31938095 13.31442857 38.65621429]
0.11	 1.42	0.24	-0.51	122_N	[51.19476923 14.89038462 42.40115385]
-0.09	 -0.35	-0.19	0.09	122_N	[52.05188889 18.17116667 43.53105556]
-0.12	 -0.73	-0.03	0.1	122_N	[53.517      17.75927273 44.66309091]
-0.19	 -0.68	0.07	0.3	122_N	[51.6685     18.11956667 46.56926667]
-0.19	 -0.82	0.07	0.25	122_N	[49.60136585 16.9347561  43.6742439 ]
-0.2	 -0.67	-0.04	0.22	122_N	[48.912      14.77045455 44.14754545]
-0.0	 0.11	-0.04	-0.05	122_N	[50.48789474 13.35626316 44.8895    ]
-0.1	 -0.27	-0.08	0.1	122_N	[48.70444231 15.69861538 46.70232692]
0.08	 0.45	0.0	-0.2	123_A	[54.8085    15.9044375 44.751625 ]
-0.1	 -0.23	-0.11	0.09	123_A	[54.53294118 17.08541176 46.98982353]
0.13	 1.1	-0.03	-0.26	123_A	[56.07509091 16.044      46.03454545]
0.19	 0.84	0.06	-0.32	123_A	[52.12684783 15.32378261 48.51580435]
0.14	 0.67	-0.0	-0.29	124_R	[55.96197143 15.85297143 49.37325714]
0.17	 1.42	0.13	-0.37	124_R	[59.18317647 12.18782353 48.58088235]
0.08	 0.31	-0.11	-0.1	124_R	[59.34273333 14.21503333 50.02306667]
-0.03	 -0.05	-0.14	-0.01	124_R	[58.471      17.04562791 48.14530233]
-0.24	 -1.17	0.11	0.35	124_R	[60.66792683 16.5165122  46.78521951]
-0.06	 -0.45	0.01	0.08	124_R	[60.75872 13.77952 46.6448 ]
-0.13	 -0.63	-0.05	0.14	124_R	[60.59316667 14.87775    44.43966667]
-0.13	 -0.44	-0.04	0.2	124_R	[57.9272381  15.4997619  44.07716667]
-0.07	 -0.03	-0.04	0.01	124_R	[59.6447381  12.45061905 44.01054762]
0.18	 0.8	0.07	-0.31	125_G	[51.86975862 12.89613793 50.20868966]
0.2	 1.61	-0.07	-0.25	126_H	[49.6552  9.0344 51.037 ]
0.08	 0.68	-0.0	-0.18	126_H	[49.61676667 12.04983333 51.2997    ]
0.19	 1.17	0.16	-0.43	126_H	[49.43805263  7.99384211 51.66768421]
-0.07	 0.08	-0.14	0.05	126_H	[47.45046512 10.41372093 51.79204651]
0.13	 0.57	-0.04	-0.26	130_W	[50.87111429 -0.43642857 55.32582857]
-0.05	 0.22	0.01	0.03	131_N	[47.79408571 -2.49842857 64.17545714]
0.09	 1.32	-0.06	-0.18	131_N	[45.43120833 -0.07166667 64.03016667]
0.14	 1.39	0.14	-0.42	131_N	[46.701      -2.80255556 62.25811111]
-0.11	 -0.28	0.02	0.15	131_N	[44.4351  -1.92882 61.91956]
0.07	 0.62	0.0	-0.21	132_G	[50.26515385 -3.31569231 63.90173077]
0.08	 0.63	0.01	-0.19	132_G	[49.3340625 -4.384625  61.9405625]
0.16	 1.0	0.05	-0.31	132_G	[51.5015641  -4.916      60.18761538]
0.14	 1.12	0.09	-0.33	133_S	[50.3638     -4.89       58.34813333]
0.1	 0.78	-0.01	-0.27	133_S	[48.62841176 -3.26023529 55.86808824]
-0.16	 -0.27	-0.02	0.2	133_S	[48.18686364 -5.84356818 58.96202273]
-0.12	 -0.46	0.03	0.14	133_S	[46.30692105 -4.51852632 60.27705263]
0.17	 1.45	0.13	-0.41	134_I	[44.77236364 -2.64009091 58.85836364]
-0.02	 0.24	-0.0	-0.11	134_I	[45.51268254 -2.81038095 55.63688889]
-0.16	 -0.61	-0.03	0.22	134_I	[42.82806557 -0.76737705 57.87591803]
0.22	 1.28	0.18	-0.43	135_C	[43.62747826  2.27947826 57.50052174]
0.2	 1.39	0.28	-0.53	135_C	[50.44386364  1.962      54.48895455]
0.12	 1.62	0.25	-0.52	136_S	[42.90214286  4.01907143 58.80564286]
-0.07	 0.12	-0.1	0.05	136_S	[41.7092973   4.77135135 57.41005405]
0.17	 1.13	0.09	-0.34	136_S	[43.03351724  5.94537931 60.55044828]
0.1	 1.77	0.05	-0.34	137_D	[42.07275   6.778875 53.7295  ]
0.12	 0.97	-0.02	-0.26	137_D	[41.5613      5.30556667 54.1825    ]
0.06	 0.57	-0.06	-0.18	137_D	[42.96659091  8.30654545 53.44390909]
0.11	 1.8	0.03	-0.32	137_D	[44.5382  8.4884 52.841 ]
0.13	 0.69	0.05	-0.27	137_D	[45.03373684  9.27589474 52.88521053]
0.04	 0.62	0.03	-0.14	138_Q	[46.75694118  4.12894118 50.32058824]
-0.02	 0.37	-0.1	-0.05	138_Q	[47.80313043  6.21247826 50.83967391]
-0.13	 -0.64	0.0	0.17	138_Q	[44.78244118  6.80385294 50.38667647]
-0.14	 -0.65	0.04	0.19	138_Q	[42.43732609  6.5528913  50.60458696]
-0.19	 -0.76	-0.05	0.22	138_Q	[41.5244  4.4229 49.6187]
-0.19	 -0.48	0.1	0.21	138_Q	[43.1608  2.8582 49.8444]
-0.25	 -1.02	-0.01	0.42	138_Q	[40.73702703  4.06191892 51.98951351]
0.1	 1.16	0.06	-0.29	139_C	[46.574       2.98582353 50.628     ]
0.12	 0.82	0.09	-0.36	139_C	[48.34454545 -0.06072727 54.05742424]
0.22	 1.44	0.05	-0.33	139_C	[44.22782353  1.65841176 50.96147059]
-0.02	 0.05	-0.05	-0.03	139_C	[42.70871698  1.39888679 54.08716981]
0.15	 0.92	0.02	-0.21	140_H	[46.46007143  1.158      50.30042857]
0.11	 0.42	-0.1	-0.13	140_H	[48.90894118 -0.98705882 52.26635294]
0.05	 0.16	0.02	-0.1	140_H	[48.28669231  1.21707692 49.55169231]
-0.18	 -0.47	-0.04	0.19	140_H	[50.0076875  -0.57178125 48.834625  ]
-0.15	 -0.94	-0.04	0.21	140_H	[47.68821622 -1.84997297 49.63697297]
-0.12	 0.74	-0.07	0.13	140_H	[45.95614286 -2.68885714 49.56628571]
-0.24	 0.03	-0.19	0.22	140_H	[44.56193333 -0.46026667 49.94893333]
-0.22	 -0.64	0.51	0.28	140_H	[46.55719048 -3.58897619 52.13566667]
-0.14	 -0.67	0.08	0.17	140_H	[43.33057407 -1.78612963 51.69174074]
-0.22	 -0.33	0.01	0.3	140_H	[44.26933333 -3.85004167 52.49408333]
0.15	 1.33	0.21	-0.45	141_L	[49.37313636  2.01904545 51.62954545]
0.02	 0.85	0.03	-0.18	141_L	[49.70886364  2.82740909 49.70581818]
0.12	 0.79	-0.03	-0.14	141_L	[52.20715385  0.85423077 49.12376923]
0.0	 -0.15	-0.2	0.06	141_L	[53.87438462  2.02592308 48.84888462]
0.15	 1.46	0.26	-0.52	141_L	[49.97488235  5.74702941 50.30467647]
-0.08	 -0.31	-0.14	0.07	141_L	[51.13933333  4.28546667 48.37613333]
0.12	 1.09	-0.02	-0.28	142_L	[51.24504  0.28256 52.57156]
0.12	 0.71	0.0	-0.26	142_L	[54.57088889 -0.31755556 50.46444444]
-0.13	 -0.24	-0.2	0.12	142_L	[51.99507547 -2.51120755 51.18171698]
-0.22	 -1.08	-0.0	0.26	142_L	[54.40764516 -3.38367742 50.54364516]
0.13	 1.33	0.08	-0.34	142_L	[52.31094118 -1.47076471 53.63558824]
0.2	 1.29	0.43	-0.65	142_L	[52.16205263  1.02478947 54.06715789]
-0.27	 -1.09	0.16	0.42	148_G	[51.1898     -0.24383636 40.54618182]
-0.23	 -1.06	-0.04	0.3	148_G	[51.53147619  0.99421429 42.73252381]
0.04	 0.79	0.15	-0.34	148_G	[52.60562963  2.34377778 41.75122222]
-0.2	 -0.38	-0.07	0.24	148_G	[54.58151429  1.77251429 41.28425714]
0.1	 1.0	-0.08	-0.08	149_P	[51.864       3.048      39.69533333]
-0.09	 -0.11	-0.03	0.06	149_P	[53.25714286  3.89171429 39.47047619]
0.06	 0.38	0.03	-0.15	149_P	[55.46721951  5.54036585 40.65812195]
-0.16	 -0.88	-0.03	0.21	149_P	[51.99166667  6.46581818 39.67554545]
-0.23	 -1.0	0.09	0.34	149_P	[49.95395745  5.26580851 40.14617021]
-0.12	 -0.7	-0.07	0.12	149_P	[50.31756  3.6067  42.04136]
0.13	 0.97	0.04	-0.31	150_F	[52.7779375  3.8689375 43.680125 ]
-0.08	 -0.23	-0.2	0.07	150_F	[54.65844681  2.89393617 45.1437234 ]
0.11	 0.46	-0.03	-0.19	150_F	[52.33646154  5.38553846 45.36007692]
0.22	 1.36	0.47	-0.69	150_F	[54.20645455  4.21081818 47.53954545]
0.12	 2.37	0.05	-0.32	151_V	[57.127375  2.43525  44.9245  ]
-0.12	 -0.52	0.01	0.1	151_V	[60.36168966  2.43255172 44.32396552]
-0.11	 -0.65	0.02	0.12	151_V	[57.9834902   2.99154902 41.9157451 ]
0.07	 0.46	-0.02	-0.2	152_P	[60.73569048  2.38214286 48.03440476]
0.2	 1.38	0.32	-0.57	152_P	[58.58433333  1.76655556 49.11533333]
0.1	 0.32	0.09	-0.32	152_P	[55.49218182  2.21059091 48.662     ]
-0.1	 -0.52	-0.16	0.13	152_P	[56.93233333  1.86102564 47.22502564]
0.16	 1.0	0.12	-0.33	153_E	[64.68629167  4.5535     50.76104167]
0.08	 0.51	0.0	-0.16	153_E	[63.55040541  6.82516216 49.14518919]
0.02	 0.38	-0.23	0.07	153_E	[63.10235714  4.94628571 46.61885714]
-0.03	 -0.19	0.01	-0.02	153_E	[63.72318182  8.12081818 46.18831818]
-0.18	 -0.54	0.03	0.23	153_E	[62.92165957  9.19423404 47.78865957]
-0.15	 -0.5	-0.02	0.17	153_E	[63.62688889  7.84437037 44.76537037]
0.15	 1.36	0.2	-0.47	154_V	[60.62546667  7.04506667 55.30713333]
0.17	 1.21	0.13	-0.38	154_V	[59.83448  8.04276 54.19712]
0.14	 1.12	0.1	-0.38	154_V	[62.11078947  8.95552632 53.78694737]
-0.0	 -0.07	-0.14	0.01	154_V	[63.4159375   7.75758333 55.45083333]
-0.14	 -0.42	-0.07	0.15	154_V	[64.30042857  8.03942857 51.952125  ]
0.07	 0.85	-0.01	-0.24	156_T	[60.17996154  8.34384615 57.48176923]
-0.07	 -0.01	-0.03	-0.01	156_T	[62.296       8.31351852 58.46922222]
0.14	 1.07	0.05	-0.26	156_T	[60.09668421  9.81205263 59.56442105]
0.1	 0.75	0.04	-0.29	158_W	[55.28763636  9.52922727 66.69936364]
0.07	 0.96	-0.09	-0.07	158_W	[56.10766667 10.60755556 65.53344444]
0.09	 0.44	-0.03	-0.18	158_W	[58.2105625  11.4035625  66.87421875]
0.19	 1.12	0.14	-0.42	158_W	[56.61196 11.69388 64.2326 ]
0.18	 1.12	0.06	-0.33	158_W	[61.22211111 12.18788889 62.4225    ]
0.15	 1.59	0.05	-0.27	158_W	[59.37610345 11.83017241 60.21634483]
0.23	 0.7	0.12	-0.31	159_I	[54.82733333  6.14183333 70.78733333]
0.11	 1.23	-0.05	-0.17	159_I	[56.93453333  4.2974     69.9184    ]
0.13	 1.24	0.31	-0.56	159_I	[55.5335    1.019375 67.65825 ]
-0.13	 -0.45	-0.04	0.11	159_I	[54.59396552  2.47272414 70.21141379]
-0.09	 -0.19	-0.03	0.02	159_I	[57.89032143  1.12314286 68.89280357]
0.15	 0.97	-0.01	-0.26	160_L	[51.5846129  2.1793871 70.2246129]
0.24	 1.31	0.19	-0.44	160_L	[53.2725      9.55458333 68.17725   ]
0.11	 1.86	0.03	-0.31	161_P	[53.2879  4.6227 72.0574]
-0.09	 -0.61	-0.03	0.09	161_P	[52.17052381  3.04119048 72.9972381 ]
-0.14	 -0.36	-0.04	0.2	161_P	[49.33259615  3.18721154 73.56467308]
0.02	 0.22	-0.12	-0.04	161_P	[47.82673333  4.24786667 72.81253333]
-0.22	 -1.2	0.1	0.32	161_P	[52.25973913  4.64169565 75.02352174]
-0.02	 -0.1	-0.15	0.02	161_P	[51.04687805  7.11353659 74.65473171]
0.12	 0.55	0.15	-0.35	161_P	[53.27532  6.92736 72.6878 ]
