-0.19	 -0.67	-0.0	0.26	6_F	[32.00706383 -7.6763617   9.66559574]
0.05	 1.16	0.14	-0.51	6_F	[29.74883333 -7.39933333  8.97583333]
0.2	 1.42	0.22	-0.48	6_F	[28.39775  -6.459125  8.777875]
0.11	 1.29	0.26	-0.52	6_F	[31.1274 -9.2852 11.3824]
-0.02	 -0.18	-0.1	-0.03	6_F	[29.71015385 -9.62776923 11.59461538]
-0.03	 0.35	-0.06	-0.23	6_F	[32.17315789 -9.32836842 11.78926316]
-0.03	 0.44	0.32	-0.22	6_F	[ 29.64229032 -10.92141935  13.93880645]
-0.1	 -0.66	0.05	0.11	6_F	[ 32.73505882 -10.42294118  12.65229412]
-0.07	 -0.01	-0.06	0.07	6_F	[ 31.05986957 -11.62595652  14.09678261]
-0.05	 -0.68	-0.02	0.14	6_F	[28.65695238 -7.59471429  9.6822381 ]
0.19	 2.03	0.25	-0.5	6_F	[32.34958333 -5.71141667 11.51975   ]
0.14	 0.67	0.05	-0.22	6_F	[27.84952941 -9.37923529 12.45147059]
-0.29	 -0.03	0.04	0.09	6_F	[33.37291304 -7.463      12.87208696]
-0.19	 -0.11	0.01	0.28	6_F	[ 28.28358065 -10.78896774  14.42180645]
-0.12	 -0.28	0.03	0.28	6_F	[ 33.59611538 -10.15880769  14.47884615]
-0.22	 -0.2	-0.2	0.33	6_F	[ 31.33582609 -12.0986087   15.04208696]
0.01	 1.16	-0.12	-0.09	7_G	[28.9519375 -6.1113125  8.057875 ]
-0.01	 0.04	-0.04	-0.1	7_G	[29.93416667 -4.27175     7.15995833]
0.08	 0.57	-0.24	0.02	7_G	[31.31476923 -2.21392308  7.71384615]
-0.07	 0.23	-0.14	-0.04	7_G	[28.81941304 -1.36197826  8.58704348]
-0.17	 -0.6	0.09	0.21	7_G	[31.14906667 -6.19746667  8.06673333]
-0.2	 -0.82	0.3	0.05	7_G	[31.26737037 -3.91448148  6.89381481]
-0.1	 -0.05	-0.18	0.08	7_G	[28.08388 -4.06412  7.2678 ]
0.09	 1.63	0.06	-0.33	8_V	[32.32366667 -3.01533333  8.57788889]
-0.1	 -0.26	-0.01	-0.06	8_V	[33.226225 -0.633475  8.41745 ]
0.13	 1.24	0.01	-0.3	8_V	[34.49557143 -2.81764286 10.52514286]
0.06	 0.56	-0.26	0.09	8_V	[32.502875 -4.1145    9.224625]
0.18	 1.3	0.4	-0.63	8_V	[35.00361538 -3.66423077 12.44      ]
-0.07	 -0.14	-0.1	0.03	8_V	[34.025      -3.46       10.18121429]
0.14	 1.34	0.35	-0.6	9_Q	[29.39425   0.993125  7.65675 ]
0.12	 1.64	0.15	-0.44	9_Q	[32.24607692  3.25638462  7.09046154]
-0.01	 -0.05	-0.09	-0.02	9_Q	[30.16166667  3.35255556  6.17096296]
-0.35	 -0.97	0.04	0.46	9_Q	[29.01981818  2.08357576  5.84024242]
-0.16	 -0.99	-0.01	0.23	9_Q	[31.3506087   4.2193913   4.72404348]
0.12	 0.9	-0.07	-0.13	9_Q	[33.67171429  1.717       8.93971429]
0.07	 0.42	-0.12	-0.03	9_Q	[30.87275     0.32083333  7.08241667]
0.16	 0.83	0.03	-0.3	9_Q	[28.77417391  1.979       8.39678261]
-0.08	 -0.03	0.0	0.01	9_Q	[32.769875    3.16416667  7.227125  ]
-0.32	 -1.1	0.02	0.48	9_Q	[32.296       4.71469565  5.521     ]
-0.3	 -0.93	0.25	0.52	9_Q	[30.51180769  3.71473077  3.74315385]
0.1	 1.05	-0.05	-0.19	10_Q	[32.25233333  7.54083333  9.7885    ]
-0.03	 0.12	-0.08	-0.03	10_Q	[31.10564103  6.26884615  8.12376923]
0.07	 0.9	0.12	-0.23	10_Q	[33.22954545  7.02672727 11.13536364]
0.03	 1.15	0.01	-0.26	10_Q	[34.87257143  5.60342857 11.39385714]
0.0	 0.21	-0.13	-0.01	10_Q	[36.38638462  6.08742308 12.10946154]
-0.03	 -0.22	-0.18	-0.06	10_Q	[37.18438095  6.51090476 13.34057143]
-0.12	 -0.35	-0.01	0.12	10_Q	[36.349       6.97562069 10.43244828]
0.04	 0.58	-0.16	-0.04	10_Q	[33.77486667  3.8248      8.99393333]
-0.1	 -0.21	-0.06	0.04	10_Q	[33.669       5.93055556  9.07355556]
-0.03	 0.12	-0.23	-0.0	10_Q	[33.0464      7.84248571 11.61405714]
0.09	 1.09	0.23	-0.47	10_Q	[33.73789474  5.83526316 13.392     ]
0.05	 0.82	0.02	-0.14	10_Q	[35.22218182  4.46545455 10.17154545]
-0.17	 -1.05	0.07	0.24	10_Q	[35.44959091  7.08877273  9.65522727]
-0.29	 -0.94	0.26	0.53	10_Q	[37.51422222  7.74437037 11.18981481]
0.13	 0.38	0.02	-0.24	11_I	[31.31942857  8.921      10.36828571]
-0.19	 -0.71	0.07	0.27	11_I	[29.4810625  10.0623125   9.18646875]
-0.08	 -0.28	-0.03	0.03	11_I	[25.66040909  8.63845455 10.32622727]
-0.04	 0.16	-0.02	-0.04	11_I	[26.71255556  5.10374074  8.72588889]
0.0	 0.22	0.0	-0.03	11_I	[28.738   7.4757  8.6331]
-0.05	 0.07	-0.09	-0.0	11_I	[25.39133333  8.64057143 11.89880952]
0.06	 0.18	-0.11	-0.06	11_I	[27.09409091 10.378      10.48654545]
-0.11	 -0.38	0.02	0.2	11_I	[26.76409524  8.24519048  9.00871429]
0.02	 -0.1	0.02	-0.12	11_I	[27.007375   3.7550625  8.9675625]
-0.12	 -0.12	-0.13	0.14	11_I	[25.39716667  6.202       9.418     ]
-0.06	 -0.34	-0.19	0.07	11_I	[28.69808333  5.55125     8.08633333]
0.11	 1.55	0.04	-0.35	12_Q	[31.8059  9.7819 11.7041]
-0.02	 -1.84	-0.13	0.03	12_Q	[32.53825    10.16625    12.90833333]
0.02	 -0.47	-0.23	0.02	12_Q	[32.34193333  8.62113333 13.98693333]
0.03	 0.16	-0.02	-0.07	12_Q	[29.21916667 12.74691667 11.421     ]
0.05	 0.46	-0.06	-0.13	12_Q	[26.50053333 11.80453333 13.64173333]
-0.23	 -0.5	0.05	0.31	12_Q	[26.08265789 12.35189474 12.04207895]
0.03	 1.09	0.03	-0.11	12_Q	[26.31121739 12.90030435 15.20178261]
-0.17	 -1.04	-0.03	0.24	12_Q	[31.455875  11.2249375 11.002    ]
-0.09	 -1.0	0.18	0.06	12_Q	[29.173      13.55688889 12.331     ]
-0.05	 -0.06	-0.1	0.02	12_Q	[28.2660625 11.996     10.9075625]
0.08	 -0.0	-0.04	-0.12	12_Q	[27.9695625 13.173125  16.0841875]
-0.23	 -0.72	0.04	0.39	12_Q	[25.4712963  13.72762963 14.79488889]
0.01	 1.36	-0.1	-0.07	13_P	[33.0236 11.674  13.6156]
0.11	 0.98	0.4	-0.82	13_P	[33.6088 11.906  14.2468]
0.17	 1.73	0.17	-0.44	13_P	[29.539125 12.40675  16.91675 ]
0.0	 0.87	-0.05	-0.03	13_P	[33.42981818 13.76181818 16.797     ]
-0.12	 -0.24	-0.04	0.12	13_P	[33.0585    14.9439375 14.70325  ]
-0.0	 0.58	-0.05	-0.08	13_P	[31.85878571 13.50992857 13.03357143]
-0.11	 -0.45	-0.02	0.25	13_P	[33.7483125 10.7540625 14.9325   ]
-0.06	 -0.19	-0.03	-0.01	13_P	[31.26480769 13.51084615 17.27942308]
-0.16	 -0.25	-0.07	0.21	13_P	[34.11251852 12.87162963 16.94603704]
-0.24	 -0.82	0.19	0.45	13_P	[32.33928571 15.448      15.116     ]
-0.24	 -0.22	0.13	0.29	13_P	[34.03691667 13.57925    13.92079167]
-0.03	 0.05	-0.13	0.02	13_P	[29.8175     13.86292308 14.54976923]
-0.14	 -0.59	-0.0	0.17	13_P	[31.89566667 13.21354167 12.21808333]
0.09	 1.16	0.06	-0.27	14_N	[30.350375  10.5016875 20.7791875]
0.09	 0.68	-0.05	-0.25	14_N	[32.89333333 11.1538     20.3914    ]
0.11	 0.56	-0.1	-0.1	14_N	[34.32152381 10.59880952 19.12961905]
-0.05	 -0.6	-0.1	0.03	14_N	[32.35820833 12.31941667 20.984625  ]
0.06	 0.48	-0.07	-0.14	14_N	[33.6976  9.5201 16.8442]
0.12	 1.3	0.13	-0.35	14_N	[30.473375    9.14333333 21.41275   ]
-0.18	 -0.49	-0.02	0.26	14_N	[33.487      12.93479412 20.16379412]
-0.08	 -0.45	-0.07	0.13	14_N	[30.68030435 12.70934783 19.91843478]
0.14	 1.28	0.2	-0.44	15_V	[31.7627037   6.63485185 13.804     ]
0.15	 1.41	0.15	-0.4	15_V	[31.764       7.46490909 15.73554545]
0.21	 1.57	0.1	-0.35	15_V	[25.45266667  8.92683333 14.23141667]
0.1	 1.82	0.12	-0.35	16_I	[32.75983333  5.38233333 15.11116667]
0.12	 1.1	0.1	-0.36	16_I	[32.683625  5.4295   14.12325 ]
0.16	 1.32	0.19	-0.47	16_I	[32.34923077  5.86984615 16.08615385]
0.2	 1.59	0.23	-0.49	17_S	[27.25535294 -0.58764706 10.82764706]
0.13	 1.26	-0.06	-0.19	17_S	[27.264875  2.306625  9.20675 ]
-0.07	 -0.22	-0.08	-0.07	17_S	[26.17268421  0.99436842  9.54815789]
-0.04	 0.0	-0.33	0.06	17_S	[27.99775   0.682     9.346625]
0.08	 -0.02	-0.08	-0.1	17_S	[24.81136842  2.92594737  9.77321053]
0.19	 1.51	0.34	-0.57	18_V	[26.80994444 -2.08944444 11.01111111]
0.13	 1.45	0.32	-0.56	19_R	[27.1646 -2.8473 10.3897]
0.11	 0.75	-0.08	-0.21	19_R	[26.73816667 -7.98238889 11.03338889]
-0.02	 0.16	-0.03	-0.07	19_R	[25.9057 -5.1305  6.1416]
-0.09	 0.54	-0.1	0.14	19_R	[24.363  -5.4482  5.3698]
-0.1	 -0.41	0.0	0.07	19_R	[24.73371429 -6.96714286  4.73657143]
-0.11	 0.1	-0.01	0.14	19_R	[26.2186     -8.56313333  5.95653333]
-0.07	 0.38	-0.0	0.08	19_R	[22.69705263 -8.12647368  4.57031579]
0.07	 0.69	0.03	-0.28	19_R	[26.25730769 -3.20138462  8.88915385]
0.24	 1.55	0.22	-0.47	19_R	[26.03288235 -7.52082353  9.25152941]
-0.06	 -0.31	-0.11	0.15	19_R	[24.88473913 -3.84247826  6.74730435]
-0.02	 -0.01	-0.19	0.05	19_R	[26.83641176 -5.99311765  6.59388235]
-0.03	 -0.07	-0.02	-0.05	19_R	[22.52377419 -5.68170968  6.61329032]
-0.06	 -0.12	-0.03	0.13	19_R	[26.50809677 -8.05312903  7.43296774]
-0.12	 -0.66	-0.03	0.19	19_R	[25.47541667 -9.72554167  5.63283333]
-0.27	 -1.09	0.18	0.45	19_R	[21.94278947 -7.20363158  4.83105263]
-0.22	 -0.93	0.09	0.39	19_R	[23.221375 -9.319875  4.441125]
0.15	 1.48	0.11	-0.38	20_L	[25.72864706 -9.06229412 12.17605882]
0.12	 1.7	0.15	-0.42	21_F	[ 24.91175  -10.3075    11.877875]
-0.05	 -0.25	-0.03	0.01	21_F	[ 24.5923 -13.1701  11.7979]
0.04	 0.6	-0.04	-0.09	21_F	[ 23.7639 -13.6161  10.3365]
0.09	 0.56	0.08	-0.28	21_F	[ 23.06218182 -13.82381818   9.53172727]
-0.05	 -0.66	0.03	-0.2	21_F	[ 23.08433333 -15.29885714  11.59485714]
-0.1	 -0.47	-0.07	0.03	21_F	[ 21.87923077 -14.39907692   8.614     ]
-0.1	 -0.09	0.1	0.0	21_F	[ 22.13688889 -16.34744444  11.61616667]
-0.17	 -0.76	-0.09	0.26	21_F	[ 21.10753333 -16.02393333   9.41533333]
0.08	 0.6	-0.02	-0.23	21_F	[ 25.34954545 -10.73093939  13.74109091]
-0.05	 -0.02	-0.05	0.07	21_F	[ 24.8971875 -11.8751875  10.944125 ]
-0.03	 0.01	-0.08	0.01	21_F	[ 24.3315     -13.488       13.49190909]
0.0	 -0.08	-0.16	-0.02	21_F	[ 23.47641667 -15.15475     13.54383333]
0.02	 -0.0	-0.03	-0.04	21_F	[ 20.24495455 -13.57986364   7.95459091]
-0.04	 -0.22	0.07	-0.0	21_F	[ 20.59810345 -16.98882759  12.14613793]
-0.03	 0.46	0.04	0.02	21_F	[ 19.37042105 -16.36052632   9.56652632]
-0.02	 0.19	-0.01	-0.16	22_K	[ 15.3758 -11.2138  18.7209]
0.01	 1.1	-0.03	-0.23	22_K	[14.208   -9.76825 18.75225]
0.02	 -0.05	-0.0	-0.07	22_K	[ 15.04812 -12.41136  17.42392]
0.04	 0.47	-0.06	-0.09	22_K	[16.25416667 -9.60141667 18.51795833]
-0.13	 -0.47	-0.05	0.12	22_K	[ 12.9203913  -10.21256522  17.9053913 ]
0.04	 0.36	-0.05	-0.09	22_K	[14.56259091 -8.26818182 18.43681818]
0.19	 1.36	0.12	-0.35	23_R	[ 16.58685714 -14.64042857  17.19742857]
0.04	 0.58	-0.07	0.02	23_R	[ 22.50966667 -17.20566667  16.25733333]
0.03	 1.1	-0.07	-0.15	23_R	[ 24.15833333 -17.02966667  16.51033333]
-0.01	 0.2	-0.06	-0.01	23_R	[ 24.93375  -16.525125  16.159875]
-0.05	 -0.32	-0.01	0.05	23_R	[ 26.35125   -16.7429375  17.339125 ]
-0.05	 -0.13	-0.01	0.06	23_R	[ 26.18633333 -17.06833333  18.85158333]
-0.08	 0.02	0.0	-0.02	23_R	[ 27.75944444 -15.52411111  16.63588889]
0.16	 0.29	0.01	-0.17	23_R	[ 21.10358824 -17.54558824  16.95723529]
-0.06	 -0.19	-0.08	0.06	23_R	[ 22.50263333 -16.5658      14.7395    ]
0.15	 1.31	0.19	-0.46	23_R	[ 22.68605556 -15.46761111  19.54622222]
-0.14	 -0.52	-0.06	0.21	23_R	[ 23.21980952 -17.38466667  17.7507619 ]
0.06	 0.09	-0.01	-0.1	23_R	[ 24.91258333 -14.64808333  15.41683333]
-0.05	 0.04	-0.12	0.07	23_R	[ 24.17184211 -16.44842105  19.69115789]
0.1	 0.35	-0.01	-0.24	23_R	[ 27.3222 -16.8142  19.6719]
-0.19	 -0.63	-0.01	0.32	23_R	[ 27.4917     -14.35366667  16.14296667]
0.1	 0.61	1.21	-1.56	23_R	[ 29.00842857 -14.65057143  17.33585714]
-0.06	 0.03	-0.04	0.04	24_K	[ 15.16867442 -17.21206977  17.3902093 ]
0.07	 -0.55	-0.11	-0.14	24_K	[ 18.623125 -19.665     14.4555  ]
-0.0	 0.11	-0.11	-0.02	24_K	[ 14.44428571 -19.15671429  15.58942857]
0.06	 1.22	-0.02	-0.13	24_K	[ 16.9000625 -21.8465     14.04475  ]
-0.04	 0.26	-0.07	-0.01	24_K	[ 13.7708125 -20.9366875  13.97825  ]
-0.01	 -4.68	-0.01	-0.08	24_K	[ 14.58266667 -23.44783333  12.45016667]
0.04	 0.34	-0.08	-0.08	24_K	[ 19.85433333 -17.70319048  14.51919048]
0.07	 -0.26	-0.05	-0.04	24_K	[ 18.436      -19.065       13.41058333]
-0.06	 -0.19	0.01	0.08	24_K	[ 18.36365 -20.1395   16.24645]
-0.06	 -0.12	-0.13	0.05	24_K	[ 15.1546     -20.307       16.55346667]
0.02	 0.45	-0.17	-0.06	24_K	[ 14.513625   -18.09333333  14.3525    ]
0.02	 -0.38	0.08	-0.03	24_K	[ 17.587625  -20.9346875  13.0073125]
-0.25	 -0.54	-0.03	0.28	24_K	[ 16.57695455 -21.91518182  15.40663636]
-0.19	 -0.57	0.06	0.3	24_K	[ 13.80873077 -21.67019231  14.65023077]
-0.07	 -0.2	-0.02	0.1	24_K	[ 13.77166667 -19.96153333  12.6172    ]
-0.31	 -0.8	0.16	0.43	24_K	[ 13.75070833 -22.48875     11.70620833]
-0.22	 -0.46	0.02	0.26	24_K	[ 15.889      -22.13321053  11.20736842]
-0.29	 -0.76	0.13	0.41	24_K	[ 15.4453913  -23.66091304  13.32165217]
-0.03	 0.09	-0.13	0.0	25_V	[ 20.97425926 -17.52333333  20.18111111]
0.07	 0.31	-0.07	0.07	25_V	[ 18.74133333 -21.083       20.02266667]
-0.12	 -0.6	-0.03	0.18	25_V	[ 18.28425    -19.69696429  22.331     ]
-0.1	 -0.54	-0.03	0.14	25_V	[ 16.2897037  -20.95603704  18.99603704]
0.17	 0.7	0.04	-0.25	25_V	[ 19.47885714 -18.77171429  17.4405    ]
0.02	 -0.42	-0.02	-0.13	25_V	[ 16.34317647 -16.911       19.74394118]
-0.17	 -0.42	0.17	0.08	25_V	[ 19.31642105 -20.40194737  19.33773684]
-0.23	 -0.76	0.13	0.38	25_V	[ 18.4005     -21.22295833  21.69783333]
-0.1	 -0.66	-0.04	0.24	25_V	[ 19.65826316 -18.66978947  22.07605263]
-0.09	 -0.09	0.04	0.15	25_V	[ 16.92446667 -18.79746667  22.13      ]
-0.22	 -1.18	0.29	0.45	25_V	[ 16.90557143 -21.91028571  20.01514286]
-0.17	 -0.79	0.12	0.27	25_V	[ 15.29683333 -19.63144444  19.99533333]
-0.1	 0.1	-0.29	-0.07	25_V	[ 16.75225    -20.98358333  17.61066667]
0.09	 1.61	0.11	-0.32	26_G	[ 17.7828 -16.905   22.2508]
-0.02	 0.67	-0.24	-0.07	26_G	[ 19.92257895 -15.37042105  22.68336842]
0.08	 0.61	0.15	-0.24	26_G	[ 19.44171429 -13.40935714  21.45385714]
0.09	 0.55	0.05	-0.23	26_G	[ 19.67036364 -12.527       22.83093939]
-0.1	 -0.17	-0.06	0.15	26_G	[ 17.05533333 -15.68409524  21.36838095]
-0.16	 -0.06	-0.15	0.19	26_G	[ 19.12324242 -15.31024242  23.32709091]
-0.06	 -0.06	0.05	-0.14	26_G	[ 21.13534286 -15.18548571  21.50305714]
-0.05	 0.03	-0.08	0.01	27_G	[ 17.1414 -13.7272  20.3252]
-0.04	 -0.37	-0.15	0.04	27_G	[ 16.7315     -12.56841667  19.50908333]
0.11	 0.89	0.08	-0.26	27_G	[ 17.1840625 -14.71       19.1043125]
0.11	 1.03	0.04	-0.28	27_G	[ 16.77888889 -13.05166667  18.32922222]
-0.12	 -0.34	0.14	0.16	27_G	[ 17.27482353 -11.27552941  20.28529412]
0.09	 0.24	-0.01	-0.16	28_L	[18.46918182 -9.31554545 19.78286364]
0.1	 0.76	0.04	-0.28	28_L	[19.7576  -7.27368 20.65148]
-0.09	 0.49	0.12	-0.23	28_L	[17.70795122 -6.39431707 18.6545122 ]
0.15	 0.3	0.03	-0.25	29_G	[ 19.487      -10.42066667  21.50844444]
0.13	 1.0	0.13	-0.39	29_G	[ 22.24622222 -12.61983333  22.76591667]
-0.06	 -0.12	0.02	0.01	30_F	[18.815      -7.32830952 24.148     ]
0.12	 0.99	0.03	-0.27	30_F	[19.07504167 -4.88933333 22.1795    ]
0.15	 1.42	0.07	-0.35	30_F	[19.303      -5.28554545 20.61045455]
0.12	 0.72	0.03	-0.3	30_F	[20.04005882 -9.42391176 22.98964706]
0.09	 1.33	-0.01	-0.28	31_L	[18.40592857 -5.54842857 28.93678571]
0.08	 0.54	0.02	-0.15	31_L	[17.072      -7.74914286 27.92185714]
0.13	 1.01	0.02	-0.19	31_L	[19.37105 -9.6481  28.33555]
-0.15	 -0.78	0.01	0.16	31_L	[17.306      -8.09113793 30.37572414]
0.01	 0.29	-0.1	-0.07	31_L	[17.59709524 -5.6702381  25.82233333]
0.16	 1.52	0.23	-0.48	31_L	[20.07284615 -5.57438462 29.93392308]
0.05	 0.33	-0.25	0.01	31_L	[17.88745455 -5.13704545 29.24254545]
-0.12	 -0.3	0.06	0.11	31_L	[17.09125    -7.57091667 27.19541667]
-0.11	 -0.49	-0.07	0.12	31_L	[ 18.55191304 -10.32726087  28.25104348]
-0.2	 -0.9	0.27	0.36	31_L	[17.01178261 -9.49221739 29.65021739]
-0.08	 -0.42	0.01	0.16	31_L	[18.82132143 -7.40746429 30.83457143]
-0.22	 -1.17	0.06	0.55	31_L	[16.42927273 -6.73390909 29.84440909]
-0.08	 -0.1	-0.18	0.12	32_V	[16.51408108 -2.67562162 29.219     ]
0.06	 1.33	-0.0	-0.28	32_V	[15.28718182 -2.49736364 26.68445455]
0.02	 0.62	-0.04	-0.05	32_V	[16.91769231 -4.50161538 27.27715385]
0.2	 1.47	0.11	-0.34	32_V	[17.98372222 -3.95244444 24.03638889]
-0.07	 -0.59	-0.13	0.01	32_V	[15.92640909 -3.36568182 25.67118182]
0.16	 1.22	0.21	-0.47	32_V	[15.17228571 -1.83907143 27.21064286]
0.04	 0.29	0.06	-0.15	33_K	[16.82841667 -0.43566667 31.452     ]
0.04	 1.14	-0.13	-0.13	33_K	[18.32555556  1.87266667 33.702     ]
0.06	 0.57	0.05	-0.28	33_K	[21.66193103  1.90568966 31.71886207]
-0.0	 -3.0	-0.01	-0.12	33_K	[21.834       2.50288889 34.30555556]
0.18	 1.26	0.05	-0.27	33_K	[15.5101 -0.3576 30.1142]
0.06	 0.39	-0.06	-0.06	33_K	[16.71309091  0.80772727 32.44381818]
0.01	 -0.26	0.02	-0.03	33_K	[18.19983333 -1.42308333 31.33116667]
0.01	 0.24	-0.25	-0.02	33_K	[18.39658333  3.02675    33.2105    ]
-0.08	 -0.27	-0.11	0.13	33_K	[18.92180645  0.14448387 33.014     ]
-0.14	 -0.02	-0.18	0.07	33_K	[21.94130435  0.29547826 32.56017391]
-0.07	 0.17	-0.27	0.08	33_K	[21.37694737  3.43489474 31.57826316]
-0.35	 -0.7	0.24	0.48	33_K	[22.702875    2.582125   34.09845833]
-0.23	 -0.23	0.04	0.29	33_K	[20.24896774  3.50232258 33.89303226]
-0.29	 -0.84	0.15	0.42	33_K	[20.73158333  1.21083333 34.91745833]
-0.05	 0.86	-0.0	-0.12	34_E	[18.48143333  4.6678     31.63446667]
0.01	 0.4	-0.11	-0.05	34_E	[12.84833333  4.53811111 30.01988889]
0.01	 0.38	-0.14	-0.01	34_E	[14.43764286  5.24314286 32.589     ]
-0.13	 0.28	-0.01	0.06	34_E	[13.62915385  2.89623077 32.81053846]
-0.11	 -0.2	0.03	0.01	34_E	[14.20388889  1.33840741 31.69718519]
-0.21	 -0.66	0.06	0.31	34_E	[15.79855814  2.9672093  34.07672093]
-0.06	 0.59	-0.11	-0.07	34_E	[13.70289655  5.69455172 29.21031034]
0.02	 0.9	-0.12	-0.06	34_E	[12.78466667  3.38291667 30.39758333]
-0.04	 -0.55	-0.08	0.07	34_E	[15.93838462  5.81607692 32.43553846]
-0.21	 -0.67	0.18	0.29	34_E	[13.43921739  5.25073913 32.17786957]
0.11	 0.99	-0.07	-0.23	35_R	[17.26965  7.70325 31.7235 ]
-0.03	 0.17	-0.13	-0.01	35_R	[15.27353659  7.87756098 29.84458537]
-0.0	 0.37	-0.17	0.06	35_R	[20.12633333  7.65066667 29.34      ]
0.07	 0.92	0.1	-0.39	35_R	[21.3024  8.4524 28.3908]
0.11	 1.18	0.18	-0.48	35_R	[20.56447059  9.75517647 28.25229412]
0.03	 0.4	-0.13	-0.11	35_R	[22.24019565 10.52391304 27.07891304]
0.16	 1.6	0.26	-0.51	35_R	[15.58033333  6.59166667 28.06      ]
-0.07	 -0.14	-0.15	0.09	35_R	[19.26825  6.622   30.73725]
0.08	 0.39	-0.07	-0.08	35_R	[20.244375   8.4775625 29.200375 ]
0.12	 0.47	0.04	-0.24	35_R	[20.9348   6.32205 29.0454 ]
0.09	 0.08	0.0	-0.19	35_R	[22.18121053  7.97942105 28.30710526]
0.14	 0.56	0.05	-0.27	35_R	[20.30928571 11.88357143 25.50335714]
0.07	 1.28	0.31	-0.67	35_R	[22.59442857  9.347      28.48171429]
-0.14	 -0.39	-0.29	0.29	35_R	[22.04525    11.73372222 26.80452778]
0.03	 0.31	-0.17	-0.08	36_V	[15.0205     10.36841667 29.69316667]
-0.2	 -0.68	0.07	0.28	36_V	[14.70704 12.28572 30.52948]
0.06	 0.42	-0.12	0.07	36_V	[19.19066667 12.21233333 32.62866667]
-0.1	 -0.45	0.02	0.12	36_V	[16.79551613 12.96603226 33.09509677]
-0.13	 -0.52	0.0	0.12	36_V	[18.908       9.86996552 33.76565517]
0.05	 0.57	-0.13	-0.07	36_V	[19.502375   9.5753125 30.3676875]
-0.08	 -0.05	-0.01	0.15	36_V	[15.4548      9.63326667 31.9466    ]
-0.12	 -0.12	-0.06	0.05	36_V	[18.87952 12.23008 30.85456]
-0.21	 -0.62	0.15	0.39	36_V	[18.22744 12.95976 33.89936]
-0.23	 -0.58	-0.07	0.26	36_V	[16.157      13.45933333 31.94486667]
-0.16	 -0.81	0.18	0.41	36_V	[15.80816667 11.47805556 33.83961111]
-0.22	 -0.88	0.26	0.36	36_V	[19.53869565 11.08604348 34.09030435]
-0.17	 -0.56	0.09	0.34	36_V	[17.4452381   9.35209524 34.00042857]
-0.21	 -0.51	0.18	0.07	36_V	[19.53968421  9.191      32.30089474]
0.11	 2.02	0.11	-0.37	37_S	[15.4636 10.514  28.3784]
0.14	 1.32	0.0	-0.23	37_S	[15.75661538 10.01184615 27.26207692]
-0.09	 0.09	-0.02	0.07	37_S	[16.17438462 14.50576923 27.72946154]
0.03	 0.61	-0.19	-0.06	37_S	[19.5085 12.8783 27.9769]
0.19	 1.28	0.27	-0.54	37_S	[18.95785 11.00105 28.8715 ]
-0.2	 -0.68	-0.09	0.25	37_S	[14.65805 12.2002  27.555  ]
-0.11	 -0.49	0.01	0.1	37_S	[16.63425    14.23429167 26.24245833]
-0.13	 -0.04	0.08	0.04	37_S	[16.85491667 14.178125   29.36225   ]
-0.36	 -0.86	0.08	0.54	37_S	[19.17215385 14.41169231 27.69930769]
0.16	 0.74	0.1	-0.38	38_K	[14.93425    10.93108333 25.76883333]
0.11	 0.76	-0.06	-0.23	38_K	[17.85507692 12.39623077 22.24192308]
-0.12	 -0.44	-0.01	0.12	38_K	[18.45568966 13.31241379 24.17986207]
0.04	 0.11	-0.09	-0.07	38_K	[15.86657143 13.152      22.005     ]
0.05	 0.09	-0.16	0.05	38_K	[13.17655556 13.83411111 21.38933333]
-0.02	 0.42	-0.3	0.15	38_K	[11.19066667 13.33066667 21.93533333]
0.03	 0.61	0.03	-0.14	38_K	[10.09466667 11.62122222 23.48033333]
-0.05	 0.18	-0.11	0.06	38_K	[14.81869231 13.29123077 25.12746154]
-0.13	 -0.49	-0.09	0.16	38_K	[15.48995652 13.74043478 23.11182609]
0.1	 -0.2	-0.01	-0.15	38_K	[16.405      12.09152941 21.18111765]
0.0	 0.27	-0.09	-0.07	38_K	[13.5596087  11.41386957 24.69308696]
-0.22	 -0.86	0.16	0.27	38_K	[12.87533333 13.94177778 22.74055556]
-0.02	 -0.97	-0.01	0.0	38_K	[14.27266667 13.03008333 20.51575   ]
-0.07	 0.02	-0.03	0.11	38_K	[10.81477778 12.81688889 20.70777778]
-0.12	 -0.39	-0.11	0.18	38_K	[ 9.4816129  11.09780645 22.37135484]
-0.03	 -0.25	-0.06	0.01	38_K	[11.43752941 10.26641176 24.234     ]
-0.24	 -0.71	0.24	0.22	38_K	[10.87314286 13.03109524 23.62547619]
0.04	 1.16	-0.19	-0.02	39_P	[21.01154545 10.49681818 20.36145455]
0.05	 0.66	0.01	-0.22	39_P	[20.18193548 11.24296774 22.03670968]
0.2	 0.88	0.07	-0.29	39_P	[22.05322222  9.91322222 21.013     ]
0.02	 0.62	-0.02	-0.26	39_P	[19.75735714 10.8075     19.546     ]
0.08	 0.77	-0.03	-0.15	39_P	[21.49755 10.55885 23.54585]
-0.19	 -0.69	-0.06	0.31	39_P	[19.86172 12.08968 21.77008]
0.11	 1.1	0.3	-0.62	40_P	[14.347     6.737125 26.232875]
0.16	 1.36	0.29	-0.54	40_P	[14.91775  5.9619  27.08455]
0.05	 0.63	-0.26	-0.05	40_P	[13.75133333  6.95316667 26.0205    ]
0.09	 0.81	0.06	-0.29	40_P	[15.30585185  8.344      26.26185185]
0.07	 0.37	-0.05	-0.17	40_P	[12.97613333  8.35083333 24.71016667]
-0.01	 0.07	0.1	-0.13	42_I	[24.19802439  4.38407317 28.77097561]
0.15	 1.1	0.12	-0.32	42_I	[20.8982  4.4183 29.9024]
-0.08	 -0.86	-0.33	0.25	42_I	[25.7686875  4.60325   28.2293125]
-0.04	 -0.07	-0.24	0.07	42_I	[23.67148  6.1786  28.34752]
0.0	 0.28	-0.11	-0.02	42_I	[23.27513889  2.82113889 29.65016667]
0.1	 1.12	0.1	-0.37	43_I	[24.26335294  0.79476471 28.63935294]
0.09	 0.79	0.07	-0.06	44_S	[23.68533333 -1.438      30.85166667]
-0.12	 -0.17	0.0	0.13	44_S	[24.37897222 -3.26827778 31.40447222]
0.09	 1.23	0.01	-0.24	44_S	[22.7984 -0.79   31.3068]
0.02	 0.02	-0.18	-0.05	44_S	[23.72755172 -0.53710345 30.12158621]
-0.08	 -0.24	-0.11	0.1	44_S	[21.75615385 -1.83446154 31.90769231]
0.24	 1.32	0.42	-0.64	44_S	[22.18121053  0.54063158 29.87068421]
0.02	 0.6	-0.02	-0.04	44_S	[19.87048387 -3.46112903 30.829     ]
0.12	 0.88	0.05	-0.31	45_D	[22.06194118 -5.85923529 31.03235294]
-0.09	 0.04	0.09	-0.06	45_D	[23.16295238 -8.32157143 31.32285714]
-0.16	 -0.5	0.02	0.3	45_D	[24.53768966 -8.78313793 30.86375862]
-0.09	 -0.15	0.07	0.06	45_D	[21.4404 -8.9843 30.9051]
0.06	 -0.46	0.06	-0.19	45_D	[25.14929412 -5.47923529 30.53488235]
-0.16	 -0.61	-0.08	0.2	45_D	[22.18363158 -5.24636842 31.57594737]
-0.02	 0.28	-0.04	0.0	46_L	[ 26.72265  -10.256425  28.522925]
0.07	 0.73	-0.01	0.06	46_L	[27.99866667 -6.11266667 27.28566667]
0.07	 0.28	-0.03	-0.16	46_L	[30.1914375 -6.5795    24.983875 ]
0.11	 -0.35	-0.01	-0.13	46_L	[26.43538889 -6.50466667 29.06166667]
0.05	 -0.3	-0.05	-0.1	46_L	[28.15113043 -7.89443478 27.49273913]
0.13	 1.23	0.09	-0.36	46_L	[27.7785 -5.5647 27.4837]
-0.2	 -0.49	-0.02	0.27	46_L	[29.6517619  -6.04295238 26.58042857]
-0.05	 -0.12	-0.03	-0.02	47_I	[ 23.02996774 -14.56380645  25.74029032]
-0.04	 0.24	-0.03	-0.03	47_I	[ 19.73246667 -11.836       25.6296    ]
0.03	 -0.16	0.11	-0.09	47_I	[ 24.17482353 -11.14952941  28.79629412]
-0.0	 0.11	-0.02	-0.04	47_I	[ 21.83233333 -11.45662963  28.47681481]
-0.1	 -0.05	-0.24	0.21	47_I	[ 21.81237931 -14.30451724  24.98424138]
0.04	 0.23	-0.06	-0.15	47_I	[ 24.44715385 -14.97646154  24.89853846]
-0.07	 -0.57	0.05	0.14	47_I	[ 23.27633333 -14.15677778  27.83688889]
-0.11	 -0.95	-0.16	0.13	47_I	[ 19.22415 -10.9819   26.3788 ]
0.12	 1.5	0.04	-0.33	47_I	[ 20.07725  -11.1885    24.091625]
-0.15	 -0.2	-0.07	0.19	47_I	[ 20.3867  -13.62775  26.21945]
0.1	 1.23	0.05	-0.34	48_R	[ 28.083  -12.2458  27.6769]
-0.08	 -0.23	0.01	0.14	48_R	[ 25.68722727 -16.07227273  26.23381818]
-0.0	 0.86	-0.06	-0.04	48_R	[ 27.63688889 -14.37744444  29.60777778]
0.05	 0.68	-0.06	-0.0	48_R	[ 28.10466667 -16.84333333  28.40566667]
0.07	 1.27	-0.05	-0.19	48_R	[ 30.06866667 -15.49828571  29.10042857]
-0.0	 0.56	-0.07	-0.01	48_R	[ 31.01733333 -17.05293333  27.96466667]
-0.06	 -0.39	0.01	0.04	48_R	[ 32.23672727 -17.3730303   29.13057576]
-0.13	 -0.38	-0.03	0.21	48_R	[ 32.11132 -17.17088  30.98284]
-0.13	 -0.55	0.07	0.13	48_R	[ 33.38151724 -18.3437931   28.20406897]
-0.07	 -0.03	-0.13	0.12	48_R	[ 25.90173333 -12.9194      28.7838    ]
0.12	 1.22	0.07	-0.36	48_R	[ 28.33654545 -12.02036364  27.21918182]
-0.19	 -0.84	-0.02	0.15	48_R	[ 28.57055 -13.25415  28.96105]
-0.2	 -0.65	0.05	0.27	48_R	[ 26.67395 -15.22235  28.901  ]
-0.03	 -0.17	-0.04	-0.01	48_R	[ 28.4685  -17.0508   27.11955]
0.0	 0.05	-0.16	-0.07	48_R	[ 30.57913333 -15.22126667  26.3544    ]
-0.23	 -0.65	-0.16	0.31	48_R	[ 30.57016667 -14.59311111  29.4855    ]
-0.26	 -0.81	0.05	0.34	48_R	[ 28.88535 -16.92555  29.86715]
-0.23	 -0.48	-0.2	0.22	48_R	[ 31.14463636 -17.1245      26.85686364]
-0.22	 -0.56	0.03	0.32	48_R	[ 31.07069565 -16.52230435  31.32273913]
-0.25	 -1.59	0.19	0.48	48_R	[ 33.38615385 -17.93365385  31.25173077]
-0.33	 -1.13	0.16	0.49	48_R	[ 33.10709091 -18.38345455  27.09009091]
-0.3	 -1.66	0.33	0.6	48_R	[ 34.37431818 -18.87704545  29.27622727]
0.01	 0.44	-0.19	-0.08	49_G	[ 29.17908333 -16.80008333  23.71816667]
0.1	 0.76	-0.02	-0.11	49_G	[ 25.78636364 -15.92690909  23.35354545]
-0.05	 -0.25	-0.06	0.01	49_G	[ 26.66245833 -16.86866667  21.59783333]
0.15	 1.36	0.27	-0.55	49_G	[ 30.10636364 -15.008       24.82318182]
0.06	 -0.18	-0.04	-0.14	49_G	[ 30.13853846 -15.90084615  23.40392308]
-0.21	 -0.32	0.05	0.32	49_G	[ 27.75775   -17.3224375  24.295    ]
0.07	 0.59	-0.13	-0.15	50_G	[ 24.18407143 -14.03289286  22.61978571]
0.03	 0.41	0.11	-0.14	50_G	[ 23.85896667 -14.50706667  21.2556    ]
0.12	 1.13	0.52	-0.77	50_G	[ 23.78027273 -13.26154545  23.15754545]
0.09	 1.12	0.06	-0.37	51_A	[ 28.4201  -10.9378   17.30635]
0.14	 1.79	0.06	-0.34	51_A	[ 25.16405263 -12.25005263  16.05742105]
0.15	 0.75	0.03	-0.11	51_A	[ 27.35225  -12.144     17.239625]
0.1	 0.66	0.06	-0.32	51_A	[ 26.22554545 -10.63113636  16.02222727]
-0.01	 0.5	0.01	-0.17	53_E	[31.92909091 -9.18143182 21.86677273]
0.03	 0.58	-0.02	-0.13	53_E	[31.09464706 -9.32294118 25.04982353]
-0.15	 -0.38	-0.0	0.07	53_E	[ 32.04578571 -11.94835714  24.85542857]
-0.02	 0.08	0.01	-0.06	53_E	[ 31.41217241 -13.428       23.968     ]
-0.1	 -0.31	-0.0	0.12	53_E	[ 30.78281818 -12.1565      26.92177273]
0.05	 0.38	-0.17	-0.11	53_E	[30.30028571 -7.51692857 23.31014286]
-0.12	 -0.58	-0.09	0.18	53_E	[31.83666667 -9.69       23.85693333]
-0.03	 0.38	0.02	-0.13	53_E	[29.74134783 -9.57547826 26.07852174]
0.11	 1.15	0.18	-0.45	54_Q	[ 31.12577778 -11.07033333  18.091     ]
-0.11	 -0.44	-0.05	0.11	54_Q	[ 33.10960976 -11.27621951  17.8977561 ]
0.06	 1.05	-0.04	-0.24	54_Q	[ 30.64121053 -13.13168421  18.16942105]
0.06	 1.42	0.04	-0.31	54_Q	[ 31.912   -14.42725  19.83525]
-0.07	 -0.59	-0.07	0.11	54_Q	[ 31.48272727 -15.72463636  19.22754545]
-0.19	 -0.43	0.01	0.22	54_Q	[ 29.37417241 -16.27241379  18.07027586]
-0.07	 -0.16	-0.02	0.1	54_Q	[ 31.09647368 -16.99826316  21.09805263]
-0.02	 0.02	0.01	0.01	54_Q	[ 32.35168421 -11.94205263  21.13626316]
0.1	 1.37	0.07	-0.29	54_Q	[ 29.02525    -12.54316667  17.87058333]
-0.1	 -0.4	-0.22	0.11	54_Q	[ 30.52122222 -13.85188889  17.76622222]
-0.07	 -0.79	-0.04	0.15	54_Q	[ 31.9748     -14.05653333  21.20366667]
-0.15	 -0.53	0.01	0.27	54_Q	[ 31.11329412 -16.19947059  22.20347059]
-0.2	 -0.55	0.12	0.34	54_Q	[ 29.85963636 -17.74172727  20.28015152]
0.21	 1.18	0.44	-0.65	55_S	[ 29.70146154 -10.55307692  16.91730769]
0.17	 1.55	-0.08	-0.24	55_S	[33.88714286 -9.173      17.81328571]
-0.0	 0.32	0.04	-0.1	55_S	[33.82724 -8.0004  15.99056]
0.03	 0.23	0.05	-0.19	56_G	[33.88003846 -7.84769231 20.2045    ]
0.06	 0.83	-0.14	-0.18	56_G	[33.42036667 -5.40906667 19.70836667]
-0.08	 -0.04	0.79	0.24	56_G	[34.82138 -4.21738 19.71562]
0.31	 1.35	0.44	-0.65	56_G	[31.14285714 -7.02585714 20.66328571]
-0.32	 -0.96	-0.05	0.41	56_G	[33.7255     -7.51433333 21.19277778]
-0.18	 -0.32	-0.02	0.3	56_G	[34.99316 -7.84896 18.74464]
0.15	 1.42	0.33	-0.57	57_L	[32.37361538 -2.84215385 20.51446154]
0.06	 0.68	-0.04	0.07	57_L	[34.14366667 -5.374      15.195     ]
0.07	 0.51	-0.01	-0.2	57_L	[35.379875  -4.2656875 16.5146875]
0.15	 0.44	-0.08	-0.11	57_L	[34.1164 -5.7922 15.756 ]
0.04	 0.64	-0.07	-0.15	57_L	[33.64129412 -5.12344118 13.21835294]
0.08	 0.73	-0.07	-0.18	57_L	[35.2796875 -4.637625  15.0819375]
0.16	 1.21	0.38	-0.63	57_L	[35.52344444 -3.89244444 17.28433333]
0.07	 0.91	0.03	-0.36	58_I	[32.0375625 -3.493375  21.1085   ]
0.08	 0.39	-0.13	-0.14	58_I	[30.90133333 -5.44041026 22.63289744]
0.08	 0.85	0.01	-0.28	58_I	[31.768  -3.951  21.6936]
0.09	 0.79	-0.14	0.04	59_Q	[31.463      -2.72666667 25.908     ]
0.06	 1.29	-0.07	-0.2	59_Q	[32.71464286 -2.63292857 23.46621429]
-0.08	 -0.55	-0.06	0.13	59_Q	[33.55791667 -1.29175    26.00966667]
0.03	 -0.42	0.0	-0.08	59_Q	[32.94644444  0.812      26.09855556]
-0.09	 -0.65	-0.02	0.11	59_Q	[35.20194118 -1.74341176 24.60858824]
0.12	 1.31	0.0	-0.22	59_Q	[30.50046667 -3.7946     25.7238    ]
-0.05	 -0.11	-0.03	0.12	59_Q	[30.99028571 -1.69742857 26.91209524]
-0.1	 -0.04	0.01	0.08	59_Q	[32.452125   -3.263125   24.46441667]
0.14	 1.33	0.17	-0.42	59_Q	[32.70672222 -2.03411111 22.14822222]
-0.06	 -0.06	0.94	0.42	59_Q	[34.75239024 -1.87146341 22.8185122 ]
-0.08	 -0.12	-0.0	0.11	59_Q	[35.80485185 -0.2762963  24.34392593]
0.1	 0.47	-0.12	-0.03	60_A	[27.51375     0.18125    29.20391667]
-0.01	 0.07	-0.0	-0.07	60_A	[29.49695122  0.69426829 28.0815122 ]
-0.14	 -0.44	-0.02	0.2	60_A	[27.73484211 -2.63926316 30.02184211]
-0.01	 0.06	-0.08	-0.08	60_A	[29.1126875 -3.611125  27.6668125]
-0.04	 -0.18	0.01	0.1	60_A	[26.33853333 -1.26473333 30.0552    ]
0.03	 0.32	0.0	-0.06	60_A	[27.31842105 -4.21294737 29.04847368]
-0.2	 -0.91	0.25	0.31	60_A	[28.85947368 -1.89510526 29.59431579]
0.09	 1.15	0.02	-0.26	61_G	[25.82092857  0.40942857 28.8075    ]
-0.03	 -0.16	-0.1	0.01	61_G	[27.02564286  2.85114286 28.65657143]
0.17	 1.23	0.3	-0.55	61_G	[26.23957143  5.27364286 26.73964286]
-0.02	 0.19	-0.13	0.03	61_G	[25.62755556  2.45827778 28.94805556]
-0.1	 -0.54	-0.1	0.1	61_G	[28.3328  2.7827 28.4459]
0.04	 0.24	-0.14	-0.13	63_I	[24.9853   9.55875 24.4219 ]
0.22	 1.38	0.38	-0.61	63_I	[25.24318182  7.12009091 26.28477273]
0.12	 1.16	0.06	-0.33	63_I	[26.24833333  8.79785714 24.01071429]
0.14	 0.32	0.02	-0.25	63_I	[23.1295  9.6436 23.7525]
0.17	 1.2	0.1	-0.4	65_L	[18.811       7.35033333 14.87133333]
0.15	 1.65	0.16	-0.43	65_L	[21.19718182  6.73190909 14.74509091]
0.11	 1.65	-0.06	-0.32	65_L	[23.89157143  8.53714286 14.99471429]
0.11	 1.81	0.12	-0.41	65_L	[22.099125 10.018625 19.3925  ]
0.06	 0.45	-0.11	-0.06	65_L	[20.79479167  7.85770833 15.30191667]
-0.03	 0.09	-0.13	0.02	65_L	[23.28625     9.45438889 15.78916667]
0.08	 0.46	-0.12	-0.07	65_L	[21.67847368 10.14268421 18.34736842]
0.07	 0.96	-0.01	-0.18	66_A	[18.30953846  5.43030769 12.12584615]
0.07	 0.68	-0.4	-0.08	66_A	[18.60728571  3.92414286 11.35914286]
0.01	 0.53	-0.12	-0.11	66_A	[19.73729167  6.22566667 13.293     ]
0.06	 0.68	0.06	-0.3	68_N	[18.123      -0.759       8.42366667]
0.0	 0.33	0.06	-0.12	68_N	[18.01872222  0.58911111  8.18711111]
0.04	 0.38	0.02	-0.12	68_N	[19.08776087  2.20784783  9.98923913]
0.03	 0.83	0.0	-0.32	68_N	[16.40146667 -2.33013333  8.9512    ]
-0.08	 -1.2	-0.11	0.04	68_N	[17.45276923 -3.92392308  8.80653846]
0.0	 0.03	-0.05	-0.05	68_N	[19.03466667 -3.76683333  8.84266667]
-0.06	 0.09	0.0	0.05	68_N	[16.10661111 -4.82638889  9.77055556]
0.03	 0.78	0.1	-0.15	68_N	[19.07405263 -1.41963158  8.67589474]
0.11	 1.66	0.06	-0.3	68_N	[14.62441176 -1.50547059 10.38205882]
-0.23	 -0.81	-0.06	0.32	68_N	[16.3545 -1.7073  8.1973]
0.01	 0.27	-0.08	-0.11	68_N	[16.49314286 -5.99964286 10.4485    ]
-0.02	 -0.13	0.02	-0.02	68_N	[14.71724 -4.07852 11.07308]
0.14	 2.41	-0.13	-0.18	69_D	[16.72328571  0.24371429  7.661     ]
0.1	 1.7	0.09	-0.42	69_D	[16.5888  2.6567  7.533 ]
0.14	 0.84	0.01	-0.22	69_D	[16.45353846  4.15207692  9.86346154]
-0.12	 -0.32	-0.01	0.17	69_D	[14.059       4.68230556  8.72905556]
-0.24	 -1.08	0.11	0.33	69_D	[14.77995313  1.92540625  6.66310937]
0.09	 0.57	-0.03	-0.19	69_D	[1.45742500e+01 4.08333333e-03 9.08454167e+00]
-0.24	 -1.0	0.04	0.36	69_D	[17.08846667  3.27066667  7.74953333]
-0.03	 0.17	-0.12	-0.0	70_R	[11.68044444  3.24955556 10.48177778]
-0.03	 1.33	-0.09	-0.01	70_R	[10.01209091  1.89690909 11.34418182]
-0.04	 0.26	-0.06	0.07	70_R	[11.57833333 -0.14566667 10.38516667]
-0.14	 -0.95	0.0	0.04	70_R	[10.70830769 -1.375      10.77892308]
-0.1	 -0.19	-0.06	0.19	70_R	[ 8.68688235 -0.73876471 12.16594118]
-0.1	 0.24	0.08	0.05	70_R	[11.61046667 -3.057      11.59433333]
0.15	 1.42	0.04	-0.3	70_R	[12.18204545  3.93718182 13.36759091]
-0.17	 -0.33	0.05	0.19	70_R	[11.57045455  4.12277273 11.00886364]
0.0	 0.35	-0.05	-0.13	70_R	[12.51734615  1.58815385  9.55423077]
-0.03	 -0.25	0.0	0.01	70_R	[10.3002   2.34255 13.3867 ]
-0.21	 -0.42	0.01	0.27	70_R	[ 9.782625  1.410375 10.576   ]
0.1	 0.73	0.08	-0.26	70_R	[13.09     -0.507375 10.735125]
-0.22	 -0.77	0.1	0.31	70_R	[ 8.66758824  0.58570588 12.558     ]
-0.19	 -0.39	0.04	0.26	70_R	[ 9.07474286 -2.01951429 13.11385714]
0.07	 0.74	-0.11	-0.09	70_R	[13.10766667 -2.90583333 11.71145833]
-0.13	 -0.4	-0.3	0.22	70_R	[10.6433913  -3.858      12.63682609]
0.14	 1.07	-0.06	-0.28	71_P	[12.91545455  6.69293939 14.92736364]
-0.12	 0.02	-0.27	0.06	71_P	[16.43111111  9.315      13.52433333]
-0.11	 0.03	-0.05	0.12	71_P	[14.634       8.75546667 12.02386667]
-0.06	 0.51	-0.05	0.01	71_P	[13.98775  6.906   10.39725]
0.1	 1.09	0.05	-0.39	71_P	[15.20752941  9.24282353 14.60676471]
-0.05	 0.03	0.06	0.01	71_P	[17.51027778  7.75191667 12.92538889]
-0.11	 0.04	0.61	0.61	71_P	[13.53523684  8.29234211 13.67071053]
-0.25	 -0.73	0.14	0.38	71_P	[15.4135      8.837      11.27420833]
-0.04	 -0.04	0.01	0.02	71_P	[13.05217391  5.95508696 11.57943478]
-0.08	 -0.08	0.02	0.03	71_P	[15.88433333  6.04979167 10.61520833]
0.12	 1.65	0.14	-0.37	73_V	[14.84518182 11.87681818 18.61318182]
0.09	 1.16	0.1	-0.29	73_V	[14.93663636 12.05254545 19.64890909]
0.05	 0.47	-0.06	0.08	73_V	[18.48566667 11.46233333 17.62566667]
0.09	 1.37	-0.01	-0.25	73_V	[18.8482      9.41686667 16.2662    ]
-0.08	 -0.27	-0.18	0.08	73_V	[16.68814706 10.73723529 15.41597059]
0.0	 0.47	0.01	-0.05	73_V	[17.55253571 11.55710714 19.04864286]
-0.07	 -0.04	0.07	-0.03	73_V	[19.72012 10.4098  16.96564]
0.1	 1.03	0.19	-0.49	73_V	[18.4237  8.3227 15.6266]
-0.25	 -0.91	0.14	0.38	73_V	[18.05958333 11.57216667 15.926     ]
-0.07	 0.07	-0.1	-0.0	73_V	[15.565125  12.032875  17.0850625]
-0.0	 0.1	-0.03	-0.01	74_D	[ 9.76852632 10.59194737 18.98731579]
0.05	 0.8	0.1	-0.27	74_D	[13.34368182 11.88986364 16.40422727]
-0.06	 -0.24	-0.05	0.04	74_D	[11.65210526 13.55489474 17.40126316]
-0.21	 -0.47	0.05	0.27	74_D	[12.73108824 14.12076471 18.61117647]
-0.28	 -1.06	0.18	0.45	74_D	[10.34333333 13.20008333 16.49497222]
0.17	 1.23	0.1	-0.44	74_D	[13.383125  8.850125 16.358625]
-0.12	 -0.03	-0.08	0.1	74_D	[14.10785 11.92985 16.1855 ]
-0.14	 -0.0	0.05	0.28	74_D	[11.77139286 10.28885714 16.12017857]
0.05	 1.96	-0.02	-0.15	75_L	[10.09971429  4.077      16.31042857]
-0.04	 -0.24	0.01	0.02	75_L	[ 9.94105263  7.19428947 16.16276316]
0.01	 0.3	-0.15	0.03	75_L	[ 8.90363636  8.25781818 18.99945455]
0.03	 0.92	-0.07	-0.12	75_L	[11.16419048  4.24809524 15.34833333]
0.14	 -0.04	0.03	-0.25	75_L	[ 9.47290909  3.80463636 17.21454545]
-0.23	 -0.63	0.1	0.42	75_L	[10.34913636  6.53363636 15.10686364]
-0.06	 -0.39	0.05	0.05	75_L	[ 8.68308  6.13388 17.38908]
-0.06	 -0.04	-0.11	0.11	75_L	[ 9.70661538  8.68776923 16.91238462]
0.17	 1.86	0.06	-0.28	76_S	[ 9.0935  9.1783 21.3046]
-0.07	 -0.14	0.02	-0.02	76_S	[ 7.47233333  8.447      23.7438    ]
0.03	 -0.3	0.02	-0.1	76_S	[ 8.03384  7.42344 20.31412]
0.03	 0.23	-0.03	-0.15	76_S	[ 9.90591304  8.80808696 24.07704348]
-0.11	 -0.58	0.08	0.14	76_S	[ 7.14286957  6.72404348 24.85565217]
-0.17	 -0.7	0.08	0.29	76_S	[ 7.07645833  8.39475    22.43445833]
-0.17	 -0.08	-0.09	0.16	76_S	[ 5.76775  5.8204  22.89785]
0.01	 -0.34	-0.04	-0.08	77_Y	[11.08178571  5.577      27.788     ]
0.11	 1.5	0.07	-0.33	77_Y	[11.992125  4.525875 28.6935  ]
-0.03	 -0.1	-0.07	0.02	77_Y	[10.99625    3.58175   29.1028125]
-0.01	 0.18	-0.14	0.03	77_Y	[11.55615385  1.77938462 29.87007692]
-0.05	 0.46	-0.01	-0.06	77_Y	[13.40938462 -0.50784615 29.22238462]
0.04	 0.31	-0.02	-0.1	77_Y	[ 9.79276  6.90744 25.53624]
0.01	 0.34	-0.01	-0.1	77_Y	[12.53465385  6.19469231 26.91084615]
-0.09	 -0.2	-0.15	0.17	77_Y	[ 9.31863636  4.83554545 27.3955    ]
0.03	 0.04	-0.01	0.07	77_Y	[ 9.26971429  2.93564286 28.40592857]
-0.19	 -0.59	0.08	0.15	77_Y	[10.30766667  0.73671429 29.10752381]
0.08	 1.33	0.04	-0.33	77_Y	[14.64957143 -1.21557143 28.32228571]
0.08	 1.04	0.19	-0.35	78_D	[ 7.5526  0.572  24.5082]
0.08	 1.25	-0.09	-0.21	78_D	[ 6.379       1.73472727 22.116     ]
0.05	 0.62	-0.11	-0.12	78_D	[ 7.19973684e+00 -1.66842105e-02  2.30005263e+01]
0.01	 0.46	0.0	-0.14	78_D	[ 5.92811111  2.09616667 24.48405556]
-0.1	 -0.52	-0.08	0.05	78_D	[ 6.3873  2.3692 27.2972]
-0.17	 -0.45	-0.01	0.23	78_D	[ 7.39767857  1.02803571 27.5695    ]
-0.26	 -0.79	0.05	0.41	78_D	[ 5.76134884  3.76186047 27.2337907 ]
0.17	 1.85	0.13	-0.38	78_D	[ 7.88827273  4.80027273 26.04909091]
0.15	 1.44	0.17	-0.45	78_D	[ 7.8894      0.4848     25.13833333]
0.0	 0.88	0.02	-0.13	78_D	[ 5.96734783  3.9893913  24.0973913 ]
-0.26	 -0.72	0.02	0.45	78_D	[ 5.77190909  1.24872727 24.28381818]
0.08	 0.81	0.0	-0.24	79_S	[ 6.38258333  3.17966667 21.99608333]
0.09	 1.21	0.38	-0.64	79_S	[ 7.06833333  2.246      19.83833333]
0.2	 1.55	0.21	-0.47	79_S	[ 8.167       1.2768     18.59726667]
0.15	 0.33	-0.1	-0.28	79_S	[ 7.31822222  4.34416667 19.04905556]
-0.24	 -0.68	-0.11	0.34	79_S	[ 5.87234375  4.10084375 19.73803125]
0.13	 1.14	0.05	-0.27	79_S	[ 6.1725      2.13058333 20.89933333]
-0.06	 0.16	-0.2	0.09	79_S	[ 8.22278261  3.502      18.12482609]
-0.08	 -0.59	0.03	0.17	79_S	[ 5.85578947  5.35173684 21.02289474]
0.19	 1.24	0.47	-0.68	81_L	[12.0413125 -3.4499375 22.65675  ]
-0.06	 -0.29	-0.08	0.02	81_L	[11.10082353 -1.71147059 27.70388235]
0.06	 1.14	0.02	-0.18	81_L	[13.3296 -2.0491 26.7836]
0.16	 1.31	0.1	-0.36	81_L	[ 8.83995238 -1.16480952 24.29019048]
0.01	 0.12	-0.2	0.05	81_L	[11.743    -1.102375 28.379125]
0.08	 0.82	-0.07	-0.18	81_L	[ 9.20968 -0.71464 26.63388]
-0.04	 -0.12	-0.03	0.02	81_L	[10.7955 -2.7351 27.3632]
0.08	 1.05	-0.0	-0.25	81_L	[13.894125 -1.497125 27.215625]
0.02	 -0.05	-0.06	-0.09	81_L	[13.09695455 -2.99345455 24.99109091]
0.07	 0.54	-0.08	-0.21	82_E	[ 8.37731429 -3.86382857 17.98831429]
0.19	 1.32	0.26	-0.42	82_E	[ 7.01933333 -2.5725     21.40633333]
0.01	 0.11	0.07	-0.22	82_E	[ 5.8675625 -2.4393125 18.8060625]
-0.05	 0.04	-0.13	0.02	82_E	[ 5.34397297  0.068      18.70713514]
-0.25	 -0.75	0.02	0.36	82_E	[ 4.59259459  0.22443243 20.53481081]
-0.27	 -1.17	0.15	0.47	82_E	[ 5.011525 -0.11255  17.240725]
0.12	 1.46	0.02	-0.34	82_E	[ 7.57142857 -3.79857143 20.48714286]
0.13	 0.28	-0.07	-0.09	82_E	[ 6.95065 -1.55015 21.9084 ]
-0.06	 -0.06	-0.2	0.1	82_E	[ 7.32082759 -1.60993103 17.35093103]
-0.17	 -0.44	-0.07	0.23	82_E	[ 6.17487097 -3.02987097 19.98612903]
-0.02	 -0.0	-0.08	0.02	83_V	[ 9.55807143  1.55485714 16.11717857]
0.12	 0.63	0.03	-0.29	83_V	[ 9.68393103 -2.31558621 15.85768966]
0.14	 1.26	0.27	-0.53	83_V	[10.767375  2.529125 15.091625]
0.01	 0.27	-0.09	-0.06	83_V	[ 9.36813043  0.16130435 15.16956522]
-0.02	 0.34	-0.47	0.16	83_V	[ 8.754    0.92975 17.32825]
0.18	 0.93	-0.01	-0.27	84_L	[13.41409091 -5.71118182 20.57118182]
0.06	 0.2	-0.1	-0.11	84_L	[14.69047619 -6.33195238 19.01738095]
0.08	 0.82	-0.01	-0.25	84_L	[13.99011111 -3.67455556 22.073     ]
0.16	 1.31	0.39	-0.62	84_L	[14.61677778 -2.70511111 22.99611111]
0.07	 1.17	-0.21	-0.12	84_L	[13.18521429 -3.42535714 22.253     ]
-0.05	 0.05	0.01	-0.02	84_L	[14.98445833 -4.632875   20.85795833]
0.07	 0.55	-0.02	-0.16	84_L	[15.97519048 -3.19338095 22.90228571]
0.11	 0.77	-0.04	-0.21	84_L	[17.38883333 -4.22316667 20.67238889]
0.07	 1.26	0.33	-0.6	85_R	[10.864875 -8.02575  20.32625 ]
0.08	 1.23	-0.12	-0.23	85_R	[ 9.0322 -7.395  18.6772]
-0.12	 -0.55	-0.02	0.16	85_R	[10.45592857 -8.80167857 18.43557143]
0.07	 0.57	-0.0	-0.21	85_R	[ 8.9635625 -6.3946875 20.0256875]
0.03	 0.13	-0.09	-0.05	85_R	[10.9436 -6.9421 22.7297]
0.07	 0.41	-0.05	-0.14	85_R	[ 8.244  -6.6806 23.0521]
-0.07	 0.47	-0.06	0.08	85_R	[ 9.356  -6.651  24.9924]
-0.12	 -0.92	-0.01	0.11	85_R	[ 8.17158333 -5.83108333 25.93366667]
-0.11	 -0.41	0.07	0.07	85_R	[ 9.1014     -4.64973333 27.1822    ]
-0.08	 -0.34	-0.19	0.07	85_R	[ 7.0537931  -3.78996552 24.29906897]
-0.07	 -0.24	-0.16	0.07	85_R	[12.13473913 -7.53356522 20.56934783]
0.11	 1.24	0.0	-0.24	85_R	[ 8.25383333 -4.89058333 20.34216667]
-0.17	 -0.66	-0.08	0.22	85_R	[ 8.60365385 -7.18161538 20.39492308]
-0.22	 -0.53	0.05	0.28	85_R	[10.50708333 -7.820375   22.564875  ]
0.01	 0.06	-0.12	-0.03	85_R	[11.93533333 -5.18279167 22.55608333]
0.0	 0.45	-0.05	-0.05	85_R	[ 7.5415    -4.9086875 21.777875 ]
-0.2	 -0.76	0.09	0.36	85_R	[ 8.025      -7.26991304 23.47847826]
-0.1	 -0.37	0.12	-0.01	85_R	[10.73683333 -5.58855556 24.98261111]
-0.12	 -0.5	-0.02	0.18	85_R	[10.66681818 -4.40431818 26.59386364]
-0.13	 -0.7	0.09	0.16	85_R	[ 8.4077931  -3.141      26.79548276]
-0.21	 -1.1	0.01	0.34	85_R	[ 6.55394737 -4.49105263 23.21447368]
-0.23	 -0.89	0.14	0.39	85_R	[ 6.63432143 -3.60085714 25.50971429]
0.13	 1.33	0.11	-0.41	86_G	[ 8.92314286 -5.638      18.26642857]
-0.03	 -0.41	-0.04	-0.03	86_G	[ 8.5485  -6.2194  17.04605]
0.14	 1.39	0.03	-0.24	86_G	[10.4271 -8.3477 15.463 ]
-0.17	 -0.28	-0.06	0.21	86_G	[ 9.96683333 -6.96355556 13.40333333]
-0.19	 -0.66	-0.05	0.27	86_G	[ 8.715   -7.46452 16.75284]
-0.05	 -0.23	-0.15	0.19	86_G	[ 9.07114286 -4.62346429 15.63621429]
0.13	 1.35	0.18	-0.41	87_I	[11.05911111 -8.90533333 14.34344444]
0.13	 0.08	-0.03	-0.17	87_I	[ 12.05014286 -10.09552381  15.36242857]
0.12	 0.65	-0.03	-0.22	87_I	[12.65583333 -5.50103333 12.83743333]
0.15	 0.88	-0.0	-0.25	87_I	[14.99283333 -6.62304167 11.902625  ]
0.21	 1.31	0.47	-0.68	87_I	[15.92886667 -6.6574     17.57433333]
0.1	 1.36	0.05	-0.27	88_A	[10.8862 -9.4302 12.488 ]
-0.12	 -0.38	0.0	0.11	88_A	[ 11.86913043 -10.13556522   9.8503913 ]
-0.0	 -0.1	-0.02	-0.03	88_A	[12.605875  -7.832125  11.5526875]
-0.19	 -0.33	0.0	0.17	88_A	[ 11.0157  -10.4545   13.09945]
-0.08	 -0.36	0.07	0.11	88_A	[ 12.128      -11.99263636  10.47777273]
-0.26	 -0.8	0.11	0.39	88_A	[10.83804167 -9.43366667 10.75379167]
0.03	 -0.03	0.01	-0.05	88_A	[13.55141667 -8.92625    10.18691667]
0.03	 -0.09	-0.01	-0.09	89_S	[ 13.76245833 -13.93025     10.83316667]
0.08	 0.61	-0.02	-0.24	89_S	[ 14.64009524 -14.664       16.02185714]
-0.21	 -0.37	0.04	0.07	89_S	[ 13.37803333 -15.9964      13.6765    ]
0.0	 0.44	-0.04	-0.09	89_S	[ 12.1511  -12.45085  13.3157 ]
-0.08	 -0.15	-0.05	0.09	89_S	[ 13.39764286 -13.03842857  15.89896429]
-0.2	 -0.58	0.11	0.34	89_S	[ 11.97495652 -14.50178261  13.63573913]
-0.09	 -0.05	0.04	0.06	90_E	[ 16.90516667 -14.23495833   8.39495833]
0.07	 0.75	-0.04	-0.15	90_E	[ 15.85744444 -16.29311111   9.20266667]
-0.05	 0.0	-0.12	-0.03	90_E	[ 16.1461 -18.0566   9.4222]
-0.23	 -0.51	0.03	0.22	90_E	[ 14.43131579 -18.53481579  10.66055263]
-0.18	 -0.47	-0.07	0.24	90_E	[ 17.61394444 -19.33072222  10.4975    ]
-0.03	 0.23	0.06	-0.11	90_E	[ 14.6987619  -15.63028571  10.53842857]
-0.07	 -0.32	-0.01	0.05	90_E	[ 17.31928571 -16.43142857   9.05171429]
0.23	 1.45	0.25	-0.5	90_E	[ 18.50645455 -17.78781818  12.29309091]
0.2	 1.36	0.42	-0.65	90_E	[ 14.6849 -17.3701  12.9255]
0.01	 0.84	-0.05	-0.03	91_T	[16.55416667 -9.7215      8.45233333]
0.1	 0.43	0.09	-0.3	91_T	[15.77227273 -8.41281818 10.56354545]
-0.06	 0.19	-0.02	0.05	91_T	[ 14.4437  -11.49775   8.37235]
0.1	 -0.69	-0.0	-0.14	91_T	[ 18.26955556 -11.76883333   7.83155556]
-0.13	 -0.32	-0.01	0.17	91_T	[16.86288889 -9.083       8.25761111]
-0.14	 -0.37	-0.06	0.16	91_T	[14.16005263 -9.836       8.73947368]
-0.2	 -0.85	0.12	0.38	91_T	[ 15.74878947 -11.78473684   7.50578947]
0.15	 1.51	0.25	-0.51	92_H	[21.03028571 -6.41471429  8.56185714]
-0.03	 -0.07	-0.06	-0.0	92_H	[18.48275    -6.63346875  8.9204375 ]
0.1	 1.34	0.05	-0.32	92_H	[21.186875 -7.01975   7.7515  ]
0.05	 0.79	-0.09	-0.14	92_H	[ 25.3514 -10.139    9.2933]
0.01	 0.1	-0.11	0.01	92_H	[ 23.66403226 -12.26619355   6.76806452]
0.04	 1.29	0.15	-0.52	92_H	[ 25.4288 -11.1448   7.075 ]
0.1	 0.1	-0.05	-0.07	92_H	[18.90918182 -9.61272727  7.71836364]
-0.11	 0.08	-0.13	0.07	92_H	[20.72005263 -7.94247368  7.02505263]
-0.03	 -0.01	-0.02	-0.01	92_H	[ 21.06792593 -10.84874074   6.51281481]
0.06	 -0.82	0.03	-0.17	92_H	[25.17778947 -9.55147368 10.07405263]
-0.29	 -0.93	0.17	0.44	92_H	[ 23.22618182 -13.06577273   6.60004545]
-0.2	 -0.51	0.03	0.26	92_H	[ 25.46563636 -11.79621212   8.50012121]
0.07	 0.53	-0.08	0.07	94_V	[21.64366667 -0.426       8.51133333]
-0.02	 -0.39	-0.32	0.04	94_V	[23.01566667  0.26455556  9.33361111]
-0.01	 -0.1	-0.12	-0.09	94_V	[22.46339286 -2.26317857  7.56196429]
0.03	 0.44	-0.16	-0.05	94_V	[20.52783333 -0.21311111  9.03727778]
-0.19	 -0.8	-0.05	0.23	94_V	[23.28868  0.40488  8.43816]
0.22	 1.36	0.3	-0.56	94_V	[21.648125   0.78225   10.8109375]
0.09	 0.22	0.04	-0.24	94_V	[25.27594737 -1.24231579  9.77821053]
-0.23	 -0.9	0.11	0.46	94_V	[22.39657143 -1.5572381   7.15404762]
0.08	 1.52	0.06	-0.29	94_V	[24.46008333 -2.46391667  8.23275   ]
0.03	 0.41	0.07	-0.22	94_V	[21.09       -3.99096296  8.38844444]
-0.11	 -0.21	-0.13	0.13	96_I	[21.81113333  5.5244     10.93193333]
0.14	 0.78	-0.11	-0.24	96_I	[21.95119355  2.43816129 11.15164516]
0.09	 0.77	-0.04	-0.16	96_I	[23.11658065  7.03564516 13.52922581]
-0.14	 -0.52	0.08	0.2	96_I	[22.81353125  4.463375    9.9416875 ]
-0.06	 0.23	-0.09	-0.05	96_I	[20.521125   5.129625  11.3478125]
-0.09	 0.46	0.03	-0.05	96_I	[23.604       6.66244444 11.01055556]
0.09	 1.53	0.05	-0.28	98_R	[28.32790909  9.73672727 21.25163636]
0.01	 -0.01	0.01	-0.14	98_R	[25.57284211 10.74021053 22.00168421]
-0.04	 0.85	-0.04	0.09	98_R	[24.6606 11.6888 20.3568]
-0.1	 -0.54	0.0	0.11	98_R	[25.6528 12.7382 19.567 ]
-0.12	 -0.57	0.03	0.12	98_R	[27.8196 12.8013 19.9489]
-0.13	 0.39	0.03	0.15	98_R	[25.10563636 13.16836364 17.87609091]
0.06	 0.6	0.03	-0.35	98_R	[27.66555  9.19235 22.31125]
0.04	 0.42	-0.07	-0.16	98_R	[24.02054167 10.048      21.846875  ]
-0.14	 -0.44	-0.14	0.34	98_R	[26.54603448 10.8882069  22.15665517]
0.02	 0.38	-0.25	0.04	98_R	[23.42154167 10.60425    19.81529167]
-0.05	 -0.1	-0.17	0.02	98_R	[28.5719375 11.5201875 20.703625 ]
-0.05	 0.13	-0.01	-0.01	98_R	[28.43009091 12.94313636 18.26040909]
-0.11	 -0.19	-0.11	0.11	98_R	[24.12061538 11.68596154 17.28746154]
-0.09	 -0.5	-0.06	0.22	98_R	[26.2547 13.5385 17.2224]
0.12	 0.75	-0.04	-0.21	99_G	[28.74807895  8.48086842 23.56055263]
0.22	 1.36	0.02	-0.3	100_P	[30.32083333  9.07341667 24.95116667]
0.02	 0.54	-0.07	-0.19	100_P	[31.0429  5.0929 28.3515]
0.13	 1.05	-0.01	-0.26	100_P	[30.28466667  2.9035     27.45666667]
-0.0	 0.05	-0.17	0.06	100_P	[29.24213158  4.77397368 28.09810526]
0.03	 0.14	-0.06	-0.1	100_P	[31.649   3.0008 26.8639]
0.05	 0.09	-0.09	-0.12	101_E	[29.9059 10.2658 29.8203]
-0.07	 -0.15	-0.03	-0.0	101_E	[30.53618182  7.75336364 29.77536364]
0.08	 0.1	-0.04	-0.14	101_E	[28.38225 10.47775 29.464  ]
0.05	 1.06	0.05	-0.34	101_E	[26.767    10.600375 28.184   ]
-0.12	 -0.41	-0.14	0.07	101_E	[25.02459259 10.90188889 28.62262963]
-0.3	 -1.11	0.2	0.47	101_E	[25.92325714 12.08197143 29.72322857]
-0.17	 -0.49	0.01	0.17	101_E	[23.99003846  9.61088462 29.07807692]
0.08	 0.4	-0.16	0.03	101_E	[27.48078947  6.88484211 27.44963158]
-0.09	 -0.07	-0.09	0.05	101_E	[29.16395455 10.17       25.98704545]
-0.08	 -0.44	0.03	0.1	101_E	[27.42575  8.98695 29.70015]
-0.12	 -0.88	-0.01	0.01	101_E	[28.34466667 11.52814286 28.69528571]
-0.02	 0.14	-0.04	0.02	101_E	[26.37469231 10.30774359 26.18335897]
-0.01	 0.26	-1.08	-0.12	101_E	[25.6156   8.1636  27.85345]
-0.05	 -0.04	-0.26	0.05	102_G	[30.595625 11.44175  29.019625]
-0.05	 0.08	0.03	-0.03	102_G	[32.4182381  11.279      29.22380952]
0.0	 -0.21	-0.14	0.01	102_G	[34.59161538 10.77107692 27.41784615]
0.01	 0.05	-0.11	-0.0	102_G	[35.24777778  9.60051852 29.66055556]
-0.13	 -0.29	-0.04	0.16	102_G	[31.10263636 11.31440909 26.94109091]
-0.27	 -0.73	0.14	0.44	102_G	[33.01722727 12.05145455 28.87318182]
-0.12	 -0.39	0.01	0.19	102_G	[32.30645833  9.78070833 30.49275   ]
0.12	 1.02	-0.01	-0.27	103_F	[33.38836364 10.64318182 26.29709091]
0.15	 1.46	0.3	-0.55	103_F	[35.6024     10.078      26.39693333]
0.03	 0.5	-0.09	-0.18	103_F	[34.69661538 10.60676923 25.19684615]
0.04	 0.38	-0.08	-0.09	103_F	[32.43874359  9.90353846 23.85151282]
0.1	 1.46	0.12	-0.44	103_F	[33.372       4.69371429 27.36285714]
0.07	 1.12	1.26	-0.29	103_F	[33.169       4.75163636 28.12236364]
0.11	 0.98	0.07	-0.32	103_F	[34.3754      4.34346667 27.39033333]
-0.03	 0.28	-0.21	0.07	103_F	[33.29353333  6.05151111 30.06075556]
-0.03	 -0.03	-0.08	-0.03	103_F	[35.92557143  4.09292857 28.62957143]
-0.08	 -0.29	-0.04	0.09	103_F	[35.5306875   4.98978125 30.536     ]
-0.28	 -0.67	0.06	0.41	103_F	[32.84072727  6.50018182 31.02736364]
-1.01	 -0.36	-0.03	0.25	103_F	[37.35578947  4.17742105 29.30789474]
-0.93	 -0.71	0.57	0.96	103_F	[35.29152632  4.61747368 31.56310526]
0.03	 1.0	-0.07	-0.15	104_T	[37.67533333 10.48633333 21.064     ]
0.0	 0.01	-0.03	-0.06	104_T	[38.7905      9.04630556 22.21969444]
-0.07	 -0.33	-0.1	0.12	104_T	[36.77243333 11.85916667 23.2525    ]
0.01	 0.38	0.05	-0.11	104_T	[36.18945161  9.98993548 20.30032258]
-0.24	 -0.79	0.22	0.44	104_T	[37.88975    11.88725    22.40129167]
-0.1	 -0.24	-0.13	0.09	104_T	[34.77496552 11.88751724 22.7272069 ]
0.05	 0.23	-0.03	-0.2	104_T	[36.36838462 10.85969231 25.17653846]
0.17	 1.13	0.08	-0.34	105_T	[34.45527907  7.47874419 17.41606977]
-0.07	 0.36	-0.03	0.03	106_H	[37.16042857  7.61685714 15.65478571]
-0.09	 0.32	-0.07	0.1	106_H	[39.286375  7.650375 16.487125]
0.01	 0.88	0.01	-0.07	106_H	[39.05342857  8.12285714 17.9       ]
-0.06	 -0.11	-0.1	0.19	106_H	[40.640875  6.35375  15.603625]
-0.09	 -0.63	0.01	0.14	106_H	[40.9085      7.536375   18.79891667]
-0.03	 0.16	0.08	-0.09	106_H	[41.81911111  6.35544444 16.83788889]
0.12	 0.37	0.05	-0.28	106_H	[34.9402381   5.96952381 15.24733333]
-0.05	 -0.09	-0.08	0.01	106_H	[38.09805263  6.90242105 14.71963158]
-0.14	 -0.16	-0.07	0.14	106_H	[36.71380952  8.11       17.27142857]
0.01	 0.07	-0.21	0.01	106_H	[38.13786667  8.2868     19.1742    ]
0.08	 0.91	1.04	-1.7	106_H	[40.833625  5.35125  14.8315  ]
0.03	 0.41	-0.01	-0.11	106_H	[41.20857692  6.91703846 20.13553846]
0.06	 0.27	-0.17	0.03	106_H	[42.364125  5.885125 16.979375]
0.08	 0.58	-0.01	-0.2	107_L	[39.30886667  2.6286     12.36113333]
-0.09	 -0.31	-0.06	0.13	107_L	[39.46638462  4.82342308 13.00219231]
0.05	 0.88	0.09	-0.3	107_L	[37.5017  1.9614 11.4836]
0.02	 0.61	-0.01	-0.13	107_L	[35.77261111  1.3925     10.46855556]
0.03	 -0.41	0.19	-0.14	107_L	[37.35985714  3.41957143 11.54428571]
0.08	 1.04	-0.04	-0.2	107_L	[38.5955  1.434  11.9439]
0.05	 -0.66	-0.04	-0.0	107_L	[35.46414286  2.74935714 10.34057143]
0.14	 1.18	0.0	-0.23	107_L	[35.45683333  0.51733333 10.29825   ]
0.08	 1.48	0.21	-0.57	108_E	[40.5438  2.3258 12.3638]
0.17	 1.1	0.14	-0.38	108_E	[42.02737143 -0.0786     13.11768571]
0.07	 1.07	-0.1	-0.13	108_E	[43.26647059  0.95776471 15.09329412]
0.07	 1.34	0.05	-0.33	108_E	[43.4385   3.6895  14.67475]
-0.09	 -0.19	-0.06	0.04	108_E	[44.12405556  3.74333333 16.60266667]
-0.27	 -0.81	0.09	0.39	108_E	[44.85464865  2.31951351 16.86943243]
-0.13	 -0.31	0.0	0.1	108_E	[43.52056667  4.88146667 18.2278    ]
-0.07	 0.13	-0.1	0.0	108_E	[41.7316   2.93896 12.53584]
0.02	 0.57	-0.19	-0.11	108_E	[42.62564706  0.32394118 16.41623529]
-0.06	 -0.09	-0.29	0.25	108_E	[44.03587879  1.42681818 14.11215152]
-0.07	 -0.26	-0.01	0.08	108_E	[42.39961111  4.65244444 14.73833333]
0.06	 1.52	-0.05	-0.19	109_M	[41.65655556  1.30266667 10.94988889]
0.15	 1.23	0.44	-0.66	109_M	[44.9129  0.1738 13.0324]
-0.1	 -0.35	-0.05	0.09	109_M	[45.52224138  0.93193103 11.21903448]
0.01	 0.61	-0.07	-0.01	109_M	[41.75766667  0.62944444  9.07844444]
-0.05	 -0.02	-0.04	0.04	109_M	[41.53187097 -1.4976129   6.60509677]
0.02	 -0.1	-0.02	-0.09	109_M	[39.91756522 -2.93243478  7.48913043]
-0.15	 -0.72	-0.0	0.11	109_M	[43.04        1.87688889 11.168     ]
0.05	 -0.74	0.03	-0.09	109_M	[40.5444  -0.04895  9.70515]
-0.01	 -0.0	0.03	-0.05	109_M	[43.0914  0.805   8.5443]
-0.01	 -0.45	0.05	-0.06	109_M	[40.125125  -4.3609375  7.4881875]
-0.15	 -0.49	0.03	0.21	109_M	[39.22004167 -1.82004167  7.56066667]
0.26	 1.38	0.46	-0.67	110_T	[43.9471875 -2.0330625 13.2724375]
0.18	 1.29	0.18	-0.43	110_T	[46.04624 -5.3398  10.70448]
0.08	 1.5	-0.09	-0.25	110_T	[45.62875  -4.11975  14.471625]
-0.11	 -0.14	-0.18	0.11	110_T	[45.59730769 -2.55107692 14.90479487]
0.14	 0.49	1.09	-1.69	110_T	[48.04268182 -4.33359091 13.57986364]
0.04	 -0.51	-0.07	-0.05	110_T	[47.38177778 -0.59211111 11.90111111]
-0.07	 0.6	-0.14	-0.03	110_T	[45.13185185 -4.45748148 13.07444444]
-0.25	 -0.48	-0.04	0.32	110_T	[46.53048387 -0.93203226 14.12445161]
-0.12	 -0.1	-0.01	0.12	110_T	[48.24948276 -4.779      14.13748276]
-0.02	 -0.19	-0.0	0.08	110_T	[49.1666087  -2.37791304 12.70373913]
0.12	 1.11	0.2	-0.37	111_F	[48.899  -4.3122  7.4198]
0.19	 1.42	-0.09	-0.24	111_F	[50.68       -3.96614286  7.569     ]
-0.15	 -0.51	0.07	0.21	111_F	[51.25758974 -2.74707692  9.42971795]
-0.03	 0.96	-0.03	-0.03	111_F	[49.95188889 -1.40988889  6.99344444]
-0.07	 -0.23	-0.06	0.12	111_F	[48.33877778 -0.60222222  6.05955556]
-0.12	 -0.63	-0.01	0.11	111_F	[47.70071429 -1.67521429  4.92671429]
-0.06	 -0.36	0.14	-0.42	111_F	[47.36985  0.4113   6.46335]
-0.18	 -0.87	-0.0	0.24	111_F	[46.0958     -1.23486667  4.19466667]
-0.18	 -0.85	-0.09	0.27	111_F	[46.03693333  1.31373333  6.523     ]
-0.15	 -0.57	-0.01	0.21	111_F	[45.28666667  0.32993333  4.95166667]
0.03	 0.26	0.06	-0.08	111_F	[48.48253333 -0.96653333 10.54006667]
0.1	 0.56	-0.01	-0.25	111_F	[47.878      -4.57085714  7.497     ]
-0.11	 -0.2	-0.0	0.17	111_F	[49.62261905 -0.65571429  8.23385714]
-0.19	 -0.41	0.41	0.1	111_F	[49.41204348 -2.94721739  6.3703913 ]
-0.11	 -0.09	0.08	0.15	111_F	[47.07281818 -3.72190909  5.289     ]
-0.08	 -0.43	0.05	0.25	111_F	[47.16415385  0.89830769  8.74238462]
-0.33	 -0.31	0.06	0.33	111_F	[44.562125   -2.65495833  4.418875  ]
-0.13	 -0.35	0.07	0.17	111_F	[44.763    1.4088   7.74975]
-0.13	 -0.22	0.09	0.26	111_F	[43.5003913  -0.12321739  5.54508696]
0.03	 -0.21	-0.08	-0.06	112_T	[52.78115385 -6.88661538  9.02069231]
-0.12	 -0.61	-0.05	0.08	112_T	[51.84942308 -8.78       10.50603846]
0.11	 1.55	0.06	-0.29	112_T	[51.14208333 -4.77366667 12.41158333]
-0.26	 -0.64	0.09	0.34	112_T	[52.33225    -6.11703571 12.76417857]
0.05	 0.46	-0.07	-0.16	112_T	[48.97922727 -7.53318182 12.76795455]
0.14	 1.01	0.06	-0.34	112_T	[48.08746154 -6.29626923  8.77715385]
-0.08	 -0.08	-0.0	0.09	112_T	[52.27269565 -4.705       9.35108696]
-0.05	 0.3	-0.12	-0.02	112_T	[50.534      -4.12205556 12.59116667]
-0.15	 -1.49	0.14	0.31	112_T	[52.7745     -7.12694444 11.83955556]
-0.27	 -0.64	-0.02	0.33	112_T	[49.38657895 -7.13594737 13.53036842]
0.33	 0.79	-0.33	0.12	112_T	[47.63119048 -6.21571429 11.99642857]
0.04	 -1.38	-0.09	-0.08	112_T	[50.5885   -8.544375 12.039875]
-0.14	 -0.58	-0.11	0.13	113_G	[52.073      -6.2375      7.50783333]
-0.03	 -0.16	-0.04	-0.01	113_G	[51.73055 -8.02925  6.49905]
0.04	 0.57	-0.1	-0.11	113_G	[50.31272727 -9.52495455  6.96036364]
-0.22	 -0.81	0.01	0.31	113_G	[ 50.395      -10.71956667   5.69623333]
-0.31	 0.25	-0.09	0.09	113_G	[49.98770968 -5.99419355  7.31316129]
-0.23	 -0.75	0.09	0.41	113_G	[51.50404348 -7.63821739  5.73456522]
-0.21	 -1.1	0.08	0.35	113_G	[52.79961111 -8.92655556  7.65427778]
0.04	 0.85	-0.05	-0.23	114_D	[50.6958 -9.919   9.2282]
0.11	 1.1	0.34	-0.69	114_D	[ 47.9682 -12.1692   8.8684]
-0.13	 -0.41	-0.0	0.14	114_D	[ 47.79522222 -12.67902222   7.00017778]
0.08	 1.16	0.03	-0.34	114_D	[ 46.45829412 -10.63852941   9.96864706]
-0.21	 -0.84	-0.08	0.22	114_D	[ 46.87583333 -10.65658333  11.6655    ]
-0.2	 -0.95	0.14	0.33	114_D	[ 49.00477778 -11.05025     11.70713889]
0.05	 -0.17	-1.66	1.17	114_D	[46.83055556 -8.29992593 11.51762963]
-0.06	 -0.05	0.03	-0.02	114_D	[ 49.62352 -11.48128   9.11228]
0.28	 1.43	0.33	-0.57	114_D	[47.13514286 -7.89328571  8.59766667]
-0.08	 0.12	-0.1	-0.08	114_D	[ 45.94956522 -11.28152174   9.59334783]
-0.04	 -0.34	-0.11	0.04	115_G	[ 47.38185714 -10.9405       3.84371429]
0.02	 0.42	-0.1	-0.05	115_G	[ 44.93345455 -11.48527273   4.66281818]
-0.22	 -0.65	0.08	0.3	115_G	[44.4743125  -9.4661875   3.43103125]
0.04	 0.48	-0.09	-0.14	115_G	[47.59189655 -8.17317241  6.47672414]
-0.18	 -1.08	-0.01	0.28	115_G	[47.52656522 -9.45386957  3.89217391]
-0.14	 -0.49	0.17	0.17	115_G	[ 47.01705 -11.9408    4.74835]
0.2	 1.36	0.2	-0.48	116_T	[41.9151 -8.3019  6.5154]
0.13	 0.87	0.06	-0.32	116_T	[43.8463  -9.31535  9.71705]
0.06	 1.1	-0.06	-0.16	116_T	[ 41.53516667 -11.66033333   5.93916667]
-0.22	 -0.56	0.03	0.29	116_T	[ 40.57993103 -10.63603448   7.25806897]
-0.12	 -0.82	-0.1	0.2	116_T	[ 43.71761111 -12.85488889   8.52938889]
-0.03	 0.09	-0.02	0.0	116_T	[42.4186     -9.27793333  4.9958    ]
-0.19	 -0.4	0.07	0.25	116_T	[ 42.58017391 -11.99173913   5.37982609]
0.03	 0.29	-0.17	-0.05	116_T	[40.52235714 -9.62457143  8.29457143]
-0.17	 -0.52	-0.05	0.31	116_T	[ 42.12825806 -12.9736129    8.73077419]
-0.03	 0.5	-0.01	-0.02	116_T	[ 44.76086364 -12.65054545   7.15718182]
0.03	 0.47	-0.08	-0.2	116_T	[ 43.78633333 -11.00725      9.673     ]
-0.03	 0.2	-0.07	-0.01	117_P	[40.69483333 -6.64753333  7.5408    ]
0.0	 0.33	0.03	-0.09	117_P	[44.5738125 -5.1499375  5.105625 ]
0.04	 -0.07	-0.14	-0.02	117_P	[44.76542857 -7.04214286  4.29914286]
0.18	 1.41	-0.31	-0.02	117_P	[44.9392069  -7.18182759 10.00124138]
0.2	 1.07	0.12	-0.38	117_P	[46.09586207 -5.98931034  7.74168966]
-0.03	 -0.25	0.07	-0.03	117_P	[42.46741667 -4.74166667  5.53491667]
-0.13	 -0.26	-0.22	0.17	117_P	[45.36613333 -4.8218      4.9466    ]
-0.15	 -0.62	-0.05	0.14	117_P	[42.89806667 -7.12186667  4.8426    ]
-0.03	 0.26	-0.19	0.05	117_P	[45.98036842 -7.12805263  5.32005263]
0.22	 1.46	0.15	-0.42	118_K	[42.75394118 -4.54941176 12.63294118]
0.07	 1.34	-0.01	-0.23	118_K	[40.03486667 -7.01953333 12.76053333]
0.07	 0.66	-0.19	0.07	118_K	[40.89266667 -8.58816667 11.76983333]
0.02	 0.33	-0.07	-0.05	118_K	[40.77677778 -9.20422222 13.32038889]
0.04	 0.28	-0.26	0.04	118_K	[ 41.0005     -11.72266667  11.63075   ]
0.01	 -2.68	-0.02	-0.12	118_K	[ 40.57811111 -12.80922222  13.07944444]
0.01	 0.52	-0.19	-0.06	118_K	[43.62230769 -6.13403846 11.32369231]
-0.02	 0.43	0.01	-0.08	118_K	[39.32992857 -6.20735714  9.59335714]
-0.09	 -0.01	-0.23	0.08	118_K	[41.8335     -6.63538462 13.54192308]
-0.05	 -0.3	-0.22	0.1	118_K	[39.25973077 -6.68257692 12.91257692]
-0.04	 -0.04	0.05	-0.08	118_K	[39.57416 -8.7178  10.33144]
0.08	 0.96	0.1	-0.2	118_K	[42.87013333 -8.56113333 11.24366667]
-0.21	 -0.86	0.01	0.31	118_K	[42.17522727 -9.16572727 13.41095455]
-0.19	 -1.24	0.03	0.29	118_K	[39.37978261 -9.11013043 13.23152174]
-0.09	 -0.37	-0.03	0.09	118_K	[ 39.70868 -11.30552  10.83496]
-0.07	 -0.67	-0.11	0.05	118_K	[ 42.551375   -11.33533333  11.36808333]
-0.31	 -0.66	0.22	0.46	118_K	[ 40.66218182 -13.42995455  12.44895455]
-0.25	 -0.79	0.1	0.34	118_K	[ 41.64333333 -11.85425     14.07716667]
-0.24	 -0.76	0.15	0.37	118_K	[ 39.26388462 -11.70642308  13.72065385]
-0.02	 -0.12	-0.1	-0.01	119_T	[37.1176     -4.8102     13.68513333]
0.15	 1.04	0.63	-1.05	119_T	[37.1518 -4.0952 10.1958]
-0.16	 -1.0	-0.13	0.19	119_T	[36.8795     -3.19466667  9.23558333]
0.06	 0.79	-0.1	-0.17	119_T	[37.19981818  0.12636364 10.38372727]
0.02	 0.16	0.04	-0.1	119_T	[38.22703846 -5.18011538 10.60234615]
-0.07	 0.19	-0.2	0.12	119_T	[36.07727273 -3.89454545 11.08190909]
-0.18	 -0.09	0.0	0.15	119_T	[37.021875   -1.58704167  9.05783333]
0.15	 0.74	0.01	-0.27	119_T	[35.92616667 -0.59175     9.94191667]
0.06	 0.52	0.07	-0.26	119_T	[38.4792   0.1963  10.84875]
0.12	 1.29	0.23	-0.4	120_I	[41.6064 -5.5544 15.2618]
-0.05	 0.54	-0.09	-0.01	120_I	[40.22915385 -2.59915385 19.36692308]
-0.16	 -0.83	-0.05	0.18	120_I	[43.37172727 -4.16659091 17.38018182]
0.08	 -0.14	-0.01	-0.17	120_I	[37.61071429 -4.08514286 16.10461905]
0.18	 1.37	0.39	-0.62	120_I	[41.74933333 -0.92608333 16.78741667]
-0.01	 0.17	-0.11	0.07	120_I	[40.31193103 -5.40448276 15.61234483]
0.21	 1.39	0.31	-0.56	120_I	[42.4383  -4.4303  14.16285]
-0.16	 -0.23	-0.18	0.2	120_I	[41.61692857 -1.96764286 18.72492857]
-0.29	 -0.87	0.15	0.37	120_I	[39.353      -3.98391667 18.66975   ]
-0.22	 -0.3	-0.05	0.27	120_I	[43.52675    -5.03703125 15.79946875]
0.02	 0.25	-0.22	-0.01	120_I	[43.1107619  -2.28228571 16.00992857]
-0.13	 -0.43	0.07	0.18	120_I	[42.14204348 -4.35617391 18.31756522]
-0.06	 -0.03	-0.09	0.13	121_R	[37.8187561  -1.20041463 20.53309756]
0.06	 0.56	-0.13	-0.17	121_R	[36.96492308 -3.25523077 18.022     ]
0.12	 0.53	-0.08	-0.22	121_R	[35.52361111 -1.50583333 20.18544444]
0.17	 1.04	-0.05	-0.0	121_R	[33.76325    -1.79465625 20.643625  ]
0.06	 2.05	-0.01	-0.09	122_V	[42.49457143  2.72728571 21.12314286]
0.05	 0.33	0.04	-0.19	122_V	[42.16744828  0.76555172 18.7542069 ]
0.06	 0.64	-0.1	-0.07	122_V	[39.47269231  0.48153846 21.51723077]
0.04	 0.82	-0.19	-0.05	122_V	[42.83409091  3.52954545 20.665     ]
-0.04	 -0.31	-0.07	0.07	122_V	[41.34531818  2.26490909 22.34913636]
0.08	 0.29	0.0	-0.17	122_V	[42.834625   2.3100625 19.23325  ]
-0.09	 0.06	-0.04	0.1	122_V	[41.36234783  0.18491304 20.1143913 ]
-0.08	 -0.07	-0.06	0.04	123_T	[38.11318605  2.8765814  25.85997674]
0.03	 0.69	-0.12	-0.12	123_T	[34.94253846  3.04230769 26.00953846]
0.08	 0.47	-0.0	-0.17	123_T	[37.93787097  1.18222581 22.99974194]
0.04	 0.53	0.02	-0.21	123_T	[36.21416667  1.54991667 24.95016667]
0.17	 1.24	0.06	-0.3	123_T	[33.74485714  3.26235714 26.01507143]
0.14	 1.1	0.21	-0.47	123_T	[35.923       3.53842857 26.38242857]
0.16	 1.42	0.36	-0.6	124_Q	[39.27327273  8.45227273 24.68581818]
0.06	 0.05	-0.15	-0.13	124_Q	[40.84744444  7.81777778 24.72455556]
0.05	 0.57	-0.04	-0.15	124_Q	[41.55446154  3.83676923 24.523     ]
-0.06	 -0.24	-0.06	-0.04	124_Q	[43.050875   6.3933125 24.1186875]
-0.12	 -0.28	-0.03	0.16	124_Q	[42.69155172  6.557      21.78155172]
-0.09	 -0.45	-0.04	0.09	124_Q	[43.95227273  4.24787879 23.67124242]
0.16	 0.96	-0.09	-0.17	124_Q	[39.71155556  4.221      26.51766667]
0.09	 0.54	0.06	-0.24	124_Q	[40.17608696  7.55443478 23.16286957]
-0.12	 -0.36	-0.02	0.05	124_Q	[41.52825    7.1386875 25.6266875]
-0.16	 -0.26	-0.07	0.19	124_Q	[41.54561905  4.16838095 25.70009524]
0.12	 2.33	0.09	-0.32	124_Q	[40.345    3.07275 23.848  ]
-0.21	 -0.73	0.07	0.31	124_Q	[43.38614815  3.34344444 24.32011111]
-0.24	 -0.84	0.14	0.43	124_Q	[44.63067742  4.72603226 22.4696129 ]
-0.09	 -0.42	-0.05	0.07	125_P	[39.721075  9.925375 26.22025 ]
-0.22	 -0.53	-0.02	0.27	125_P	[37.89563415 11.36985366 27.33363415]
-0.09	 0.1	-0.05	0.01	125_P	[37.9355  8.7613 30.3864]
-0.15	 -0.42	-0.05	0.16	125_P	[40.721       7.58646154 30.06915385]
-0.02	 0.4	0.06	-0.14	125_P	[40.62266667  5.34358333 27.86908333]
-0.18	 -0.6	0.03	0.22	125_P	[38.39188889  9.93183333 29.73955556]
-0.0	 0.37	0.0	-0.12	125_P	[36.876       7.67405263 30.20105263]
-0.21	 -1.12	0.11	0.32	125_P	[41.0235  8.7594 29.0713]
-0.16	 -0.55	0.01	0.26	125_P	[39.25432258  6.50522581 30.35896774]
-0.07	 -0.11	-0.08	0.05	125_P	[41.3437   6.90005 27.3288 ]
0.03	 -0.06	0.04	-0.07	125_P	[39.17329412  4.86052941 28.24876471]
