-0.14	 -0.44	-0.07	0.22	2_I	[-36.06027907   6.59272093   7.12834884]
0.08	 2.37	0.02	-0.24	2_I	[-36.98466667   8.46466667   8.02966667]
0.01	 0.57	-0.22	-0.08	2_I	[-37.2346       8.79493333   9.3       ]
0.11	 0.77	-0.02	-0.21	2_I	[-39.29672727   8.56745455  10.68063636]
0.1	 1.01	-0.02	-0.22	2_I	[-41.74747059   6.17635294   8.43011765]
0.06	 0.42	0.4	-0.55	2_I	[-39.55589286   3.90957143   9.31785714]
0.09	 0.35	0.06	-0.29	2_I	[-41.05330435   9.33508696   8.26547826]
0.11	 0.71	0.03	-0.24	2_I	[-37.6298125   8.8525625   7.088375 ]
-0.03	 -0.04	0.02	-0.03	2_I	[-39.11288889   5.76225926   6.08425926]
-0.12	 0.27	-0.04	-0.0	2_I	[-41.97435   5.95075   7.24945]
0.17	 1.1	0.18	-0.42	2_I	[-41.12916667   5.6585       9.90008333]
-0.22	 -0.39	-0.19	0.4	2_I	[-40.12783871   3.84974194   8.69022581]
-0.13	 -0.39	0.09	0.2	2_I	[-37.60186667   3.7444       7.9916    ]
0.14	 1.0	-0.01	-0.28	2_I	[-42.21180769   9.11146154   8.51542308]
0.03	 -0.01	-0.16	-0.0	2_I	[-39.47005882   9.59711765   8.15552941]
0.01	 -0.06	-0.05	-0.1	2_I	[-41.26913043   7.769        5.85134783]
0.1	 1.02	0.04	-0.34	3_F	[-35.942     8.23575   9.23   ]
0.14	 1.1	0.04	-0.32	3_F	[-35.95190909   9.22927273  10.12427273]
-0.05	 -0.32	-0.14	0.12	3_F	[-34.45919048   8.86480952   9.95338095]
0.07	 0.62	0.21	-0.46	3_F	[-39.2804375   2.691875   11.2815625]
-0.02	 0.24	-0.23	-0.01	3_F	[-35.07631579   6.44989474   9.21436842]
0.22	 1.38	0.09	-0.34	3_F	[-34.277875    5.321625   10.5779375]
0.02	 0.58	-0.15	-0.15	3_F	[-35.8250625    3.66628125   9.8343125 ]
-0.01	 0.13	-0.04	-0.12	3_F	[-38.11664706   1.79988235  10.80579412]
0.04	 0.6	-0.16	-0.06	4_K	[-35.453  11.931  10.481]
-0.02	 -0.06	-0.12	0.0	4_K	[-34.2595      14.13233333  12.648     ]
-0.05	 0.01	-0.11	0.08	4_K	[-36.57438462  15.36023077  11.70146154]
0.09	 0.95	0.05	-0.3	4_K	[-36.50254167  13.21975      8.72579167]
-0.01	 0.35	-0.2	-0.07	4_K	[-38.90875   13.27925    8.534375]
0.04	 0.33	-0.0	-0.17	4_K	[-33.8471   10.71485  11.2292 ]
0.07	 0.41	-0.15	-0.14	4_K	[-36.77590323  10.7473871   10.81106452]
0.09	 0.59	0.07	-0.27	4_K	[-35.85895238  13.95457143  13.74314286]
-0.16	 -0.49	-0.05	0.24	4_K	[-33.9174375  13.228375   11.5705625]
-0.1	 -0.02	-0.14	0.08	4_K	[-38.0632069   14.22344828  12.4987931 ]
-0.16	 -0.44	0.09	0.25	4_K	[-35.73230769  15.58319231  11.2515    ]
-0.13	 -0.3	-0.16	0.13	4_K	[-35.50524138  13.35224138   9.22824138]
-0.18	 0.2	0.17	0.37	4_K	[-37.73935714  11.97939286   9.91342857]
0.08	 0.96	0.6	-0.88	4_K	[-38.71833333  13.16211111   8.30166667]
-0.02	 0.26	-0.15	-0.02	4_K	[-39.5312      14.11468571   9.78454286]
0.01	 0.23	-0.12	-0.05	4_K	[-37.65568182  16.264        9.55386364]
-0.1	 -0.39	0.0	0.05	5_V	[-35.06681481  14.25211111  15.4177037 ]
0.05	 0.37	-0.04	0.07	5_V	[-30.439       13.566       14.85966667]
-0.05	 -0.37	-0.02	0.01	5_V	[-31.13764  13.18248  17.90228]
-0.02	 -0.2	-0.06	-0.05	5_V	[-29.72264706  11.00605882  13.42041176]
0.13	 0.65	-0.07	-0.16	5_V	[-32.53490909  11.49072727  12.55118182]
-0.07	 -0.05	0.01	0.01	5_V	[-32.23394595  13.70756757  14.13402703]
-0.17	 -0.45	0.06	0.25	5_V	[-29.61965217  13.44782609  16.429     ]
-0.08	 -0.49	0.01	0.15	5_V	[-32.14221739  14.1663913   17.43117391]
-0.16	 -0.55	0.01	0.24	5_V	[-29.141       11.94758333  14.46341667]
-0.03	 -0.05	-0.04	-0.02	5_V	[-30.918       10.61988889  12.66688889]
-0.06	 -0.52	-0.14	0.04	6_G	[-34.7495      14.29558333  19.01858333]
0.04	 0.41	0.02	-0.18	6_G	[-37.25846667  13.6586      17.37346667]
-0.1	 -0.42	0.02	0.17	6_G	[-37.9609697   13.25336364  19.77733333]
-0.05	 0.01	-0.04	0.0	6_G	[-34.05744444  13.18325926  19.68833333]
-0.18	 -0.51	0.02	0.27	6_G	[-35.10318182  14.78431818  17.86131818]
0.13	 1.26	0.07	-0.39	7_D	[-40.179   10.824   16.7445]
-0.04	 0.44	1.15	0.32	7_D	[-40.431       11.02561111  14.67388889]
-0.13	 -0.4	0.07	0.15	7_D	[-38.90697436  13.17817949  15.069     ]
0.01	 0.42	-0.08	-0.06	7_D	[-39.02724138  10.97372414  12.72610345]
-0.03	 0.31	-0.08	-0.05	7_D	[-39.6867619   12.24304762  17.41319048]
0.19	 1.03	0.12	-0.33	7_D	[-40.54515385   9.57869231  16.48523077]
0.15	 1.42	0.3	-0.55	8_T	[-39.41271429  11.46328571  19.88885714]
-0.11	 0.18	0.02	0.04	8_T	[-42.11182759   8.13434483  18.00606897]
0.08	 1.34	0.04	-0.31	8_T	[-40.93425   10.782375  21.353875]
0.03	 0.22	-0.04	-0.15	8_T	[-38.97646667  10.78103333  22.0435    ]
-0.01	 0.39	-0.07	-0.13	8_T	[-41.06338095   8.3202381   23.23228571]
-0.03	 -0.19	-0.02	0.04	8_T	[-40.53585  10.8532   18.86615]
-0.19	 -0.47	-0.02	0.28	8_T	[-41.8102381   10.15604762  20.8057619 ]
-0.28	 -0.81	0.1	0.39	8_T	[-39.78692308  11.06888462  23.14242308]
-0.14	 -0.89	-0.14	0.22	8_T	[-41.52343478   9.02991304  23.67269565]
0.04	 0.58	0.09	-0.21	8_T	[-42.12355556   7.04244444  21.83303704]
0.14	 1.37	0.08	-0.31	8_T	[-38.98244444   7.99772222  23.38788889]
0.13	 0.38	0.04	-0.26	9_V	[-42.39596296   5.86066667  18.7252963 ]
0.22	 0.98	-0.04	-0.28	10_V	[-42.67293333   0.62566667  18.7904    ]
0.06	 0.31	-0.09	0.08	10_V	[-45.42233333   1.84266667  20.83866667]
-0.12	 -0.47	-0.09	0.09	10_V	[-44.6778    0.41512  22.70252]
-0.1	 -0.65	0.02	0.07	10_V	[-44.68846875   4.22625     22.4354375 ]
-0.0	 0.27	-0.13	-0.08	10_V	[-43.05884211   3.62268421  18.78868421]
-0.1	 -0.16	0.07	0.1	10_V	[-44.35827273   2.20622727  19.70859091]
-0.2	 -0.73	0.25	0.32	10_V	[-45.60645455   0.65304545  22.22431818]
0.05	 0.51	0.06	-0.33	10_V	[-43.74579167  -0.49870833  21.01929167]
0.03	 0.4	-0.02	-0.13	10_V	[-43.53196   0.5664   23.9122 ]
-0.21	 -0.83	0.15	0.38	10_V	[-46.19670833   2.87141667  22.007125  ]
-0.24	 -0.47	-0.3	0.13	10_V	[-43.71606897   3.96813793  23.84072414]
-0.18	 -0.56	-0.17	0.33	10_V	[-44.18804545   4.9775      21.03909091]
0.15	 1.0	0.23	-0.48	11_Y	[-42.10672727  -1.02463636  24.055     ]
-0.01	 0.11	-0.18	-0.07	11_Y	[-35.72971429  -4.52557143  21.39385714]
0.16	 1.1	0.09	-0.37	11_Y	[-34.97142105  -3.50105263  21.52631579]
-0.0	 0.66	-0.09	-0.07	11_Y	[-34.07443478  -4.20091304  19.49347826]
0.04	 0.26	0.02	-0.14	11_Y	[-37.70279167  -5.02066667  20.77254167]
-0.03	 -0.47	-0.02	0.02	11_Y	[-35.31095652  -5.23486957  19.10386957]
0.13	 1.42	0.02	-0.27	12_P	[-43.4324  -2.5248  22.108 ]
0.18	 1.32	0.07	-0.36	12_P	[-39.12510526  -5.17936842  22.64421053]
-0.03	 0.01	-0.11	-0.01	12_P	[-43.17131579  -5.64194737  22.25210526]
0.0	 0.71	-0.1	0.03	12_P	[-42.3755    -4.946     20.008625]
-0.1	 0.15	-0.15	0.04	12_P	[-43.30846429  -2.30957143  23.38839286]
-0.06	 0.23	-0.3	0.13	12_P	[-42.171       -6.54164286  21.73592857]
-0.18	 -0.49	0.12	0.27	12_P	[-43.92221429  -4.23657143  21.38617857]
0.11	 0.42	-0.01	-0.23	12_P	[-40.23711111  -5.43138889  20.58755556]
-0.06	 0.67	-0.0	-0.05	12_P	[-42.9845     -4.3839375  19.297    ]
0.05	 -0.16	-0.04	-0.14	12_P	[-43.23646667  -2.23853333  20.23186667]
0.1	 1.52	-0.02	-0.23	13_H	[-42.01933333  -3.82833333  26.90533333]
-0.09	 -0.18	-0.06	0.03	13_H	[-41.15133333  -3.339       27.54958333]
-0.19	 -0.72	0.14	0.23	13_H	[-39.43108333  -4.41366667  28.58341667]
0.02	 0.93	-0.08	-0.09	13_H	[-38.83322222  -7.204       25.42833333]
-0.12	 0.63	-0.09	0.1	13_H	[-40.03333333  -8.40883333  25.65966667]
0.05	 1.13	0.02	-0.14	13_H	[-42.381       -7.43976923  26.28023077]
-0.12	 -0.25	-0.05	0.18	13_H	[-40.328   -8.4516  23.3934]
-0.15	 -0.61	-0.04	0.24	13_H	[-42.9965      -8.69797727  25.07875   ]
-0.03	 1.2	-0.15	-0.02	13_H	[-42.2855625  -8.495875   23.3405   ]
-0.05	 0.08	-0.02	0.07	13_H	[-42.84279487  -4.04476923  25.19961538]
-0.2	 -0.53	0.01	0.26	13_H	[-42.277875   -4.983125   27.2273125]
0.05	 0.53	-0.14	-0.16	13_H	[-38.49991304  -6.34095652  24.45817391]
-0.06	 -0.28	-0.12	0.12	13_H	[-39.37653571  -6.793       27.1195    ]
-0.38	 -0.94	0.06	0.41	13_H	[-42.55723529  -7.36717647  27.29711765]
-0.19	 -0.58	-0.02	0.27	13_H	[-40.1302   -7.2399   22.39675]
-0.33	 -1.21	0.44	0.66	13_H	[-43.97088889  -9.72266667  25.49166667]
-0.35	 -0.81	0.19	0.53	13_H	[-42.32991667  -9.387375    22.657125  ]
0.15	 1.03	0.0	-0.29	14_H	[-41.26533333  -2.27211111  26.58277778]
0.05	 1.1	0.45	-0.79	14_H	[-39.83966667  -2.21133333  28.233     ]
-0.01	 0.19	-0.05	-0.09	14_H	[-40.621       -0.97347368  27.96363158]
-0.0	 0.08	-0.23	-0.02	14_H	[-38.88808333   0.06604167  29.0915    ]
-0.0	 -0.06	-0.21	0.01	14_H	[-35.9208    -5.635725  26.43435 ]
0.11	 1.08	0.08	-0.39	14_H	[-35.34485714  -5.02764286  24.56328571]
-0.06	 0.46	-0.11	-0.01	14_H	[-38.36042105  -1.80510526  28.45784211]
0.21	 1.58	0.19	-0.45	14_H	[-36.40225    -1.2653125  27.4955625]
-0.09	 -0.19	-0.1	0.1	14_H	[-36.63977778  -3.67194444  28.21655556]
-0.29	 -0.95	0.2	0.58	14_H	[-35.70913043  -6.2493913   26.84856522]
-0.14	 -0.12	-0.02	0.15	14_H	[-35.73889744  -5.18        23.55694872]
0.01	 0.16	-0.04	-0.1	15_G	[-41.5319  -1.2109  26.3615]
-0.09	 -0.37	-0.05	0.06	15_G	[-42.03153846   1.35723077  27.44238462]
0.17	 1.56	0.17	-0.44	15_G	[-42.49385714   2.88357143  25.04242857]
0.11	 0.64	0.02	-0.31	15_G	[-41.85331579  -0.87236842  25.16610526]
-0.11	 -0.13	0.01	0.29	15_G	[-42.71084615   1.43923077  26.18180769]
-0.05	 -0.63	-0.07	0.15	15_G	[-40.74709091   1.89759091  28.31777273]
0.11	 1.59	-0.07	-0.17	16_A	[-42.31109091   3.771       25.53627273]
0.09	 1.26	0.08	-0.33	16_A	[-38.52114286   6.52092857  24.85735714]
0.05	 0.1	-0.05	-0.16	16_A	[-37.76686207   5.52313793  26.23251724]
-0.05	 0.02	-0.04	0.0	16_A	[-41.41465625   6.62228125  25.45915625]
-0.05	 0.18	-0.08	0.08	16_A	[-40.73125926   4.05555556  27.34555556]
0.2	 1.08	0.41	-0.63	16_A	[-41.96617647   5.11270588  23.29352941]
-0.08	 -0.16	-0.13	0.12	16_A	[-40.14875      7.74383333  24.94725   ]
-0.23	 -0.49	0.0	0.31	16_A	[-42.41919231   6.11746154  25.3725    ]
-0.26	 -0.99	0.16	0.38	16_A	[-39.92864706   6.28105882  27.17205882]
0.15	 0.87	0.02	-0.3	17_A	[-37.52708333   7.26375     23.51175   ]
0.1	 0.71	-0.12	-0.16	18_L	[-36.62707692   7.06646154  24.06607692]
0.11	 1.55	0.08	-0.33	18_L	[-33.88578571   9.00642857  24.46314286]
0.06	 -0.16	0.04	-0.15	18_L	[-36.89911765  12.15705882  22.40676471]
-0.03	 -0.19	0.1	-0.13	18_L	[-32.92133333  11.5877381   23.25169048]
0.11	 1.39	0.33	-0.57	18_L	[-36.079   6.898  24.382]
-0.01	 0.08	-0.06	-0.02	18_L	[-35.95510714   9.20803571  24.01421429]
0.17	 1.14	0.24	-0.52	18_L	[-33.454   11.3832  20.7232]
-0.03	 -0.82	-0.03	0.07	18_L	[-35.67927273  13.07209091  21.61027273]
-0.25	 -0.39	-0.04	0.22	18_L	[-36.9470625  11.240625   23.53475  ]
-0.15	 -0.51	-0.12	0.29	18_L	[-33.23042857  12.47335714  22.15075   ]
-0.18	 -1.43	0.18	0.35	18_L	[-34.32104545  11.51654545  24.72890909]
-0.06	 -0.08	-0.23	0.13	18_L	[-31.63795833  10.42525     23.621125  ]
0.17	 1.13	0.2	-0.46	19_V	[-32.65494444  11.33177778  19.32633333]
-0.02	 0.47	-0.07	-0.04	20_E	[-28.48507692  11.37153846  18.02519231]
0.05	 0.84	-0.08	-0.11	20_E	[-28.96884615  10.49076923  22.57046154]
-0.06	 -0.45	-0.16	0.06	20_E	[-26.43161538   9.14976923  22.16115385]
-0.03	 0.3	-0.04	-0.04	20_E	[-26.03970968   7.82993548  20.479     ]
-0.26	 -0.93	0.15	0.41	20_E	[-26.30471795  10.82638462  20.91512821]
0.19	 0.49	-0.1	-0.23	20_E	[-31.15513636  10.98227273  20.24581818]
-0.1	 -0.35	-0.12	0.16	20_E	[-29.60263636  11.096       21.40709091]
-0.11	 -0.25	-0.03	0.17	20_E	[-29.23146154   9.81876923  23.15384615]
-0.04	 -0.37	-0.02	0.01	21_A	[-26.06888462   8.75826923  16.69880769]
0.18	 1.5	0.04	-0.29	21_A	[-28.11283333  10.28108333  15.56366667]
-0.06	 -0.16	-0.02	0.07	21_A	[-25.78688   8.23344  15.03724]
-0.09	 -0.12	-0.07	0.17	21_A	[-26.254      9.71425   17.886125]
0.13	 1.27	0.17	-0.39	21_A	[-25.92753846   7.03107692  17.80092308]
0.12	 1.74	0.15	-0.44	22_I	[-25.536625   7.184875  13.49725 ]
-0.15	 -0.38	-0.03	0.19	22_I	[-25.98688889   7.42575     11.21852778]
0.04	 -1.6	-0.09	-0.01	22_I	[-28.46357143   6.79671429   9.397     ]
0.02	 0.16	-0.12	-0.07	22_I	[-32.25011765   7.35805882   9.65005882]
0.07	 -0.03	-0.07	-0.06	22_I	[-27.7929    9.162    13.31905]
-0.05	 -1.58	0.01	-0.0	22_I	[-29.0310625   8.592125   11.038625 ]
0.02	 -0.25	-0.11	-0.06	22_I	[-29.84123529   6.86441176   9.03782353]
0.18	 0.51	0.14	-0.35	22_I	[-27.03041176   5.46541176   9.52058824]
-0.17	 -0.38	0.09	0.16	22_I	[-31.37156522   9.12052174  10.64869565]
-0.06	 0.08	-0.23	-0.06	22_I	[-32.1095625    5.87559375  10.04478125]
0.2	 1.38	0.08	-0.36	23_E	[-24.30622222   5.67533333  10.502     ]
-0.02	 0.28	-0.22	-0.06	23_E	[-24.07885714   6.112       15.27090476]
0.0	 0.22	-0.02	-0.06	23_E	[-22.26195238   2.8332381   15.4382381 ]
0.08	 1.51	-0.02	-0.26	23_E	[-22.5522   1.5853  15.1639]
-0.18	 -0.28	0.03	0.24	23_E	[-22.43245455   4.35827273  17.38006818]
-0.07	 0.16	-0.03	-0.01	23_E	[-24.22426316   6.49326316  12.49047368]
0.09	 0.92	0.01	-0.27	23_E	[-22.4464       3.42633333  13.40506667]
-0.27	 -0.69	0.05	0.37	23_E	[-22.73194737   5.769       14.38505263]
0.05	 0.79	0.02	-0.31	23_E	[-24.6801   5.9974  16.3832]
0.07	 1.56	0.05	-0.31	24_T	[-23.172        5.23133333  10.29133333]
-0.09	 0.13	0.02	0.1	24_T	[-20.50806818   2.47465909  10.49161364]
0.05	 0.7	0.04	-0.24	24_T	[-22.19685714   4.998        8.61271429]
0.2	 0.11	-0.11	0.14	24_T	[-24.94918919   4.76210811   8.2887027 ]
0.04	 0.66	0.1	-0.29	24_T	[-22.37710526   3.02505263   7.11347368]
-0.07	 -0.17	-0.12	-0.0	24_T	[-22.2147    4.74115  11.3412 ]
-0.13	 -0.4	-0.08	0.25	24_T	[-21.32147619   4.47061905   8.38747619]
-0.37	 -1.23	0.26	0.59	24_T	[-23.575    5.4299   7.1042]
-0.13	 -0.6	-0.04	0.19	24_T	[-22.25347368   3.63121053   6.152     ]
0.07	 1.07	0.12	-0.47	24_T	[-20.58094444   2.04577778   8.11305556]
0.11	 0.84	0.03	-0.18	24_T	[-24.54532   2.04208   7.06416]
-0.08	 -0.16	-0.02	0.01	25_R	[-20.48075     -1.85644444  10.31838889]
0.03	 0.7	-0.16	-0.1	25_R	[-22.95105882  -3.12358824  10.06329412]
0.07	 0.47	-0.18	0.04	25_R	[-21.66233333   0.649       13.296     ]
0.02	 0.82	-0.01	-0.11	25_R	[-20.34041667  -1.6545      13.33408333]
0.09	 0.79	-0.16	0.01	25_R	[-22.667       -3.52833333  13.89      ]
0.03	 0.5	-0.36	0.02	25_R	[-22.97130435  -3.15273913  15.52991304]
0.05	 0.38	0.06	-0.25	25_R	[-22.61416667  -2.17938095  16.7035    ]
0.01	 0.45	-0.03	0.0	25_R	[-21.62966667   0.52        16.7012    ]
-0.18	 -0.05	-0.08	0.22	25_R	[-21.514       -3.00183333  18.38225   ]
-0.15	 -0.13	-0.06	0.15	25_R	[-20.2612    0.6409   11.95455]
0.12	 1.25	0.2	-0.45	25_R	[-22.2347619    1.16295238  13.4622381 ]
-0.07	 -0.02	-0.02	0.05	25_R	[-21.62713333  -2.93853333  12.86353333]
-0.15	 -0.04	0.0	0.13	25_R	[-20.81095455  -0.33309091  14.21413636]
0.07	 0.41	-0.07	-0.15	25_R	[-23.45416667  -3.57991667  13.60516667]
-0.2	 -0.7	-0.05	0.34	25_R	[-22.67814815  -4.08151852  15.35807407]
0.08	 0.62	-0.08	-0.22	25_R	[-22.00327273   0.67354545  15.83127273]
-0.09	 -0.49	-0.1	0.07	25_R	[-21.91995455   0.43522727  18.30790909]
-0.24	 -1.27	0.18	0.48	25_R	[-21.30956  -4.21004  17.65348]
-0.19	 -0.69	-0.01	0.38	25_R	[-21.55996552  -1.9547931   19.21410345]
-0.19	 -0.39	-0.18	0.28	30_E	[-22.851       -6.61355556   5.87091111]
0.08	 2.58	0.01	-0.23	30_E	[-21.858       -6.506        7.92033333]
0.11	 0.01	0.01	-0.22	30_E	[-21.69903571  -4.56160714   7.61589286]
-0.12	 -0.64	-0.14	0.17	30_E	[-20.09251515  -4.38330303   8.84115152]
-0.12	 -0.14	-0.21	0.06	30_E	[-18.52318182  -4.88909091   5.77909091]
-0.06	 0.11	-0.04	-0.01	30_E	[-18.95105556  -7.79905556   4.22783333]
-0.12	 -0.34	-0.12	0.17	30_E	[-18.61747368  -9.32615789   6.005     ]
-0.28	 -0.87	0.15	0.42	30_E	[-17.57494444  -8.58375      7.13372222]
-0.29	 -1.08	0.23	0.46	30_E	[-20.02530556 -10.18869444   5.88866667]
-0.17	 -0.07	0.05	0.21	30_E	[-20.45376471  -7.16729412   8.09564706]
-0.07	 -0.04	-0.05	-0.03	30_E	[-19.76158333  -4.84145833   4.73675   ]
-0.14	 -0.31	0.02	0.21	30_E	[-18.34175     -5.55125      6.81604167]
-0.16	 -0.36	-0.01	0.26	30_E	[-20.75252632  -7.96131579   4.15363158]
-0.2	 -0.62	0.25	0.22	30_E	[-18.06447826  -7.28530435   4.14817391]
-0.1	 -0.16	0.02	0.07	31_Q	[-23.87710714  -2.02603571   4.26503571]
0.06	 2.89	-0.01	-0.21	31_Q	[-19.56566667  -2.59983333   5.07283333]
0.09	 1.56	0.13	-0.39	31_Q	[-21.03844444  -0.32977778   5.54633333]
-0.1	 -0.82	-0.05	0.11	31_Q	[-19.75805   0.6575    5.3059 ]
-0.27	 -0.82	0.12	0.38	31_Q	[-1.84996111e+01  3.05555556e-04  4.57625000e+00]
-0.12	 -0.18	-0.18	0.16	31_Q	[-20.38632353   2.59732353   5.93344118]
0.05	 -0.09	-0.02	-0.11	31_Q	[-22.5495      -4.53577778   4.87127778]
-0.03	 -0.05	-0.1	-0.01	31_Q	[-19.30984375  -2.0626875    6.74796875]
-0.11	 -0.26	-0.03	0.15	31_Q	[-21.00736842  -2.18063158   4.27857895]
0.0	 0.71	-0.05	-0.12	31_Q	[-22.76743478   0.51078261   5.42808696]
0.13	 0.56	0.02	-0.26	31_Q	[-20.43561111   0.37283333   8.32888889]
0.01	 0.13	-0.37	-0.17	31_Q	[-20.5518   3.4208   6.671 ]
-0.33	 -1.23	0.38	0.63	31_Q	[-19.00904545   2.97722727   5.12704545]
0.16	 1.58	0.26	-0.52	32_K	[-24.06941667  -3.40958333   7.80716667]
0.17	 1.14	-0.05	-0.2	32_K	[-25.7755     0.9795     6.855625]
0.01	 0.61	-0.27	0.0	32_K	[-24.8735    -4.9725     6.564625]
0.06	 0.73	-0.1	-0.13	32_K	[-26.38261538  -3.97638462   3.893     ]
0.08	 0.92	-0.07	-0.13	32_K	[-28.03942857  -4.01171429   4.64542857]
0.01	 -4.52	-0.01	-0.08	32_K	[-29.638       -3.31333333   3.14533333]
0.16	 1.75	0.16	-0.4	32_K	[-23.88025    -3.0243125   8.6765625]
0.03	 -0.46	-0.02	-0.07	32_K	[-25.46129412  -0.33070588   5.72076471]
0.11	 0.16	-0.16	-0.1	32_K	[-26.46141176  -3.83017647   8.80176471]
0.09	 1.42	0.26	-0.54	32_K	[-24.31254545  -4.69136364   5.31236364]
-0.17	 -0.21	-0.02	0.18	32_K	[-27.02729167  -5.03270833   7.10016667]
-0.06	 0.14	-0.02	-0.07	32_K	[-26.72113636  -2.01409091   4.27504545]
-0.17	 -0.59	-0.01	0.19	32_K	[-26.15966667  -4.72743333   3.9392    ]
0.04	 -0.56	-0.17	0.03	32_K	[-28.34963636  -5.58127273   5.40490909]
0.05	 0.63	-0.02	-0.12	32_K	[-29.39323077  -2.316        5.75896154]
-0.16	 -0.47	-0.19	0.16	32_K	[-30.76163636  -3.71709091   3.90959091]
-0.29	 -0.66	0.22	0.46	32_K	[-28.77709091  -2.63136364   2.83195455]
-0.23	 -0.76	0.21	0.33	32_K	[-28.820375    -5.246        3.18095833]
0.09	 0.43	-0.22	-0.12	33_E	[-26.789375   0.71975    6.425375]
0.03	 0.31	-0.1	-0.07	33_E	[-29.2841   1.6422   6.375 ]
-0.06	 -0.23	-0.12	0.09	33_E	[-29.86507143   4.15571429   6.37278571]
-0.24	 -0.27	0.23	0.32	33_E	[-27.87248889   5.22037778   6.89211111]
-0.16	 -0.68	-0.15	0.33	33_E	[-31.31866038   4.58428302   7.32818868]
0.1	 0.29	-0.01	-0.19	33_E	[-28.51575     -0.66841667   6.87766667]
-0.01	 -0.04	-0.01	-0.0	33_E	[-27.5782069    2.41517241   6.6722069 ]
0.06	 0.2	0.06	-0.08	33_E	[-30.32209091   1.0665       7.35068182]
0.2	 1.17	0.43	-0.64	33_E	[-31.01966667   4.09327778   9.49744444]
0.1	 1.1	0.12	-0.37	34_Y	[-24.95725     -3.63178571  11.55232143]
0.1	 0.93	0.09	-0.41	34_Y	[-25.56042857  -3.094       15.53294286]
0.13	 1.48	0.06	-0.34	34_Y	[-24.4026  -3.9256  12.736 ]
-0.18	 -0.35	0.06	0.25	34_Y	[-25.79296667  -5.40866667  12.32233333]
-0.05	 0.01	-0.12	-0.02	34_Y	[-25.5326087   -3.84456522  10.44043478]
-0.05	 -0.33	-0.2	0.12	34_Y	[-27.04433333  -3.90345833  15.7185    ]
-0.17	 -0.6	-0.04	0.28	34_Y	[-26.41321875  -5.69390625  13.95603125]
0.09	 1.37	0.24	-0.51	35_L	[-32.27205556   3.80588889  10.75827778]
0.11	 1.04	0.02	-0.29	35_L	[-33.4398125   3.8548125  10.7919375]
0.12	 0.86	0.05	-0.26	36_V	[-26.00621212   5.30936364  20.44527273]
0.15	 0.88	0.08	-0.33	36_V	[-25.20669231   5.62261538  17.39184615]
0.08	 0.81	-0.05	-0.19	38_K	[-34.49019231   6.82088462  25.45988462]
0.01	 0.59	-0.15	-0.04	38_K	[-31.7876   7.932   25.0478]
0.09	 1.53	-0.02	-0.23	38_K	[-29.98933333   7.908       25.00633333]
0.08	 0.79	0.02	-0.28	38_K	[-28.4385    7.628    25.03425]
0.1	 1.2	0.05	-0.33	38_K	[-26.82192308   6.53215385  23.10753846]
0.03	 -4.26	-0.01	-0.08	38_K	[-25.66266667   6.2005      25.2655    ]
0.1	 0.56	-0.1	-0.14	38_K	[-32.57914286   8.34971429  24.55357143]
0.01	 0.37	-0.08	-0.06	38_K	[-31.55428205   6.063       26.47141026]
0.11	 0.47	-0.0	-0.16	38_K	[-30.07944444   8.69427778  24.00405556]
-0.08	 -0.09	-0.02	0.01	38_K	[-29.14435   7.14575  26.01805]
0.01	 0.26	-0.1	-0.01	38_K	[-27.14694737   7.85578947  23.63226316]
-0.14	 -0.19	0.02	0.35	38_K	[-25.34025581   5.44290698  23.76151163]
-0.27	 -0.37	0.02	0.3	38_K	[-26.6565       6.6225      26.11316667]
0.06	 0.56	0.07	-0.16	38_K	[-26.48535714   4.49        25.82942857]
-0.06	 1.0	-0.39	-0.14	39_V	[-32.70866667   5.56466667  27.51675   ]
0.21	 1.33	0.29	-0.54	39_V	[-31.94209091   4.56363636  28.07209091]
0.21	 1.44	0.14	-0.38	39_V	[-36.2678125   0.199875   28.2846875]
0.22	 1.4	0.21	-0.47	39_V	[-38.12047368   3.23921053  27.78647368]
0.13	 1.53	0.13	-0.41	40_A	[-33.77483333   6.26616667  27.36183333]
0.09	 1.67	-0.08	-0.16	40_A	[-33.5386   6.693   28.4258]
0.06	 0.91	-0.03	-0.2	40_A	[-35.9402       5.79913333  31.71373333]
-0.1	 -0.64	-0.06	0.12	40_A	[-33.68051613   5.54690323  32.33880645]
-0.17	 -0.79	-0.01	0.23	40_A	[-35.5612963    8.07725926  30.07422222]
0.06	 0.45	-0.12	-0.08	40_A	[-36.19393333   6.08973333  27.3702    ]
-0.09	 0.22	-0.25	0.03	40_A	[-32.52321875   6.15215625  29.5574375 ]
-0.24	 -1.09	0.27	0.46	40_A	[-34.5996   7.9239  31.4069]
-0.25	 -0.73	0.14	0.44	40_A	[-34.78492   8.155    28.65068]
-0.2	 -0.83	0.07	0.38	40_A	[-36.88942857   6.85866667  30.0112381 ]
0.11	 0.83	-0.1	-0.24	41_Q	[-36.908375   5.006625  31.095375]
0.1	 1.15	0.08	-0.29	41_Q	[-37.181        4.26428571  32.10742857]
0.05	 0.59	0.09	-0.24	41_Q	[-35.34595833   0.21125     30.04245833]
0.11	 1.47	0.12	-0.35	41_Q	[-39.04528571   2.13557143  29.96814286]
0.01	 0.55	0.06	-0.15	41_Q	[-38.31652381   0.5337619   31.68052381]
-0.07	 -0.21	-0.08	0.12	41_Q	[-38.82333333   1.86416667  33.98966667]
-0.26	 -0.94	0.16	0.39	41_Q	[-39.46925641   3.33882051  33.45905128]
-0.1	 -0.48	-0.09	0.09	41_Q	[-37.38939286   1.34689286  34.91067857]
0.14	 0.29	0.03	-0.27	41_Q	[-37.03458824   4.52611765  29.00835294]
-0.05	 0.14	-0.08	0.03	41_Q	[-36.48278571   3.96885714  33.1475    ]
-0.12	 -0.27	-0.15	0.21	41_Q	[-38.50073333   3.33523333  30.17666667]
0.18	 1.29	0.36	-0.6	41_Q	[-37.3022   0.7198  29.8804]
-0.17	 -0.27	-0.07	0.17	41_Q	[-39.3552963    0.90318519  31.22362963]
-0.1	 -0.73	-0.08	0.18	41_Q	[-36.83913333  -0.15806667  32.38253333]
-0.12	 -0.64	-0.01	0.23	41_Q	[-36.4945       0.35992308  34.45142308]
-0.33	 -0.94	0.25	0.52	41_Q	[-37.9958    2.125    35.79056]
-0.03	 -0.01	-0.12	-0.05	42_G	[-33.1222   0.7913  33.6718]
-0.0	 0.11	-0.1	-0.1	42_G	[-30.8535       2.28478571  33.306     ]
-0.13	 -0.43	0.01	0.21	42_G	[-3.05814687e+01  1.38125000e-02  3.17297187e+01]
-0.06	 -0.09	-0.03	0.09	42_G	[-34.52341667   2.8825      34.0685    ]
-0.26	 -0.7	-0.01	0.4	42_G	[-32.9834    0.99908  34.404  ]
-0.05	 -0.05	0.02	0.12	42_G	[-34.01325     -0.30016667  32.472     ]
0.09	 1.66	-0.01	-0.27	43_D	[-32.03222222   3.42411111  33.08988889]
-0.05	 -0.26	0.05	0.05	43_D	[-28.22692593   2.09159259  29.39862963]
0.05	 0.87	-0.02	-0.18	43_D	[-29.9961875   4.4410625  32.461375 ]
-0.11	 -0.5	-0.16	0.12	43_D	[-28.93824   5.25036  30.7858 ]
-0.06	 0.17	-0.08	-0.06	43_D	[-29.3767907    5.32960465  28.68395349]
-0.35	 -1.21	0.3	0.55	43_D	[-27.44332353   5.90055882  31.88929412]
0.1	 1.04	0.08	-0.35	43_D	[-32.4773   3.8725  32.9073]
0.14	 1.14	0.31	-0.56	43_D	[-31.4811   5.2566  30.9453]
-0.28	 -0.85	-0.08	0.37	43_D	[-30.30535   4.68685  33.04615]
-0.1	 -0.23	-0.02	0.11	43_D	[-28.52114286   2.5852381   32.08614286]
-0.08	 -0.06	0.03	0.05	44_L	[-30.61085714  -3.04957143  27.73610714]
0.08	 1.38	-0.03	-0.2	44_L	[-33.24757143  -3.68328571  26.98      ]
0.1	 0.74	-0.06	-0.17	44_L	[-29.59535  -0.23385  28.93775]
0.05	 0.16	-0.12	-0.14	44_L	[-32.73827778  -0.81794444  29.76105556]
-0.12	 -0.8	0.1	0.17	44_L	[-30.94956  -3.52656  26.16716]
-0.15	 -1.05	0.11	0.23	44_L	[-29.17163636  -1.98936364  27.36563636]
-0.22	 -0.87	0.04	0.34	44_L	[-31.49565  -2.8251   28.88805]
0.08	 0.79	-0.09	-0.1	44_L	[-33.23192857  -3.64421429  25.38878571]
-0.01	 0.17	-0.08	-0.06	44_L	[-34.26604  -2.12672  27.99424]
-0.12	 -0.84	-0.02	0.13	45_T	[-28.74538462  -1.74726923  24.12838462]
-0.08	 -0.08	-0.19	0.04	45_T	[-26.05725   1.76775  24.982  ]
0.1	 1.66	-0.04	-0.15	45_T	[-26.0185     2.946875  25.18    ]
0.05	 -0.32	-0.3	-0.04	45_T	[-26.14766667   0.83533333  22.969     ]
0.07	 0.07	-0.01	-0.11	45_T	[-28.2144       0.1758      26.87606667]
-0.14	 -0.13	0.04	0.2	45_T	[-26.77965   0.36535  25.02015]
-0.11	 -0.01	-0.0	0.07	45_T	[-27.18257692   3.01865385  26.97973077]
0.05	 0.37	-0.06	-0.17	45_T	[-25.52219048   2.27590476  23.45938095]
0.12	 1.07	0.13	-0.42	45_T	[-27.29405   0.1178   22.29975]
0.11	 1.09	0.04	-0.31	46_V	[-32.75395833  -3.328125    20.65858333]
0.13	 1.24	0.08	-0.36	46_V	[-33.87357143  -2.92571429  22.82735714]
0.03	 0.82	-0.08	-0.06	46_V	[-29.8152  -2.326   22.5756]
-0.16	 -0.4	-0.1	0.22	46_V	[-31.52340909  -3.424       21.03263636]
0.0	 0.03	-0.08	-0.0	46_V	[-32.26613636  -3.00845455  23.6475    ]
-0.09	 -0.01	0.02	-0.0	47_R	[-29.58313514  -3.88197297  17.60237838]
0.21	 1.4	0.43	-0.66	47_R	[-25.80157143  -1.72335714  17.11871429]
0.06	 1.45	-0.04	-0.23	47_R	[-26.817  -0.761  20.254]
0.07	 1.13	0.11	-0.36	47_R	[-26.19654545  -1.04763636  20.05109091]
0.06	 1.29	-0.04	-0.25	47_R	[-23.048   -0.1333  19.9099]
0.0	 0.24	-0.17	-0.03	47_R	[-22.60153333   1.65        19.70246667]
0.14	 1.38	0.17	-0.45	47_R	[-22.59133333   2.31033333  18.30055556]
-0.08	 0.02	0.04	0.02	47_R	[-22.636        2.85871429  21.0072381 ]
0.02	 0.22	0.06	-0.15	47_R	[-28.53766667  -2.021       20.60614815]
-0.05	 -0.06	-0.13	0.07	47_R	[-26.82504348  -2.386       18.4103913 ]
0.16	 1.51	0.19	-0.47	47_R	[-27.0291  -0.2021  20.7811]
-0.11	 0.02	-0.16	0.09	47_R	[-24.72136364  -1.72409091  19.24863636]
-0.09	 -0.2	-0.02	0.02	47_R	[-2.47235588e+01  9.41176471e-03  2.12857059e+01]
0.11	 -0.21	-0.05	-0.2	47_R	[-23.96653846   4.61176923  18.85576923]
-0.21	 -0.96	-0.08	0.37	47_R	[-23.5696087    2.39865217  22.45565217]
-0.18	 -0.23	-0.1	0.33	47_R	[-23.62291176   3.97894118  21.10761765]
0.1	 1.34	0.1	-0.36	48_V	[-33.60075    -4.595625   16.9070625]
0.06	 -0.25	-0.25	-0.05	48_V	[-30.58085714  -4.36957143  16.31757143]
0.18	 0.64	0.06	-0.28	48_V	[-32.19282353  -3.71358824  17.77611765]
-0.06	 0.13	-0.02	-0.06	48_V	[-32.97164  -5.41692  15.45712]
0.16	 0.95	0.08	-0.39	49_P	[-30.2211875  -5.477       9.9628125]
0.09	 1.13	0.22	-0.5	49_P	[-30.34545455  -6.29590909  12.017     ]
0.02	 0.84	0.0	-0.17	49_P	[-29.23211765  -4.99664706  14.70035294]
0.08	 0.29	0.01	-0.2	49_P	[-28.59114286  -4.32685714   9.82667857]
-0.1	 -0.36	-0.1	0.09	49_P	[-29.35803448  -6.30272414  11.89172414]
0.04	 0.11	-0.04	-0.02	49_P	[-30.60347368  -5.267       14.88605263]
0.04	 0.2	-0.2	-0.13	49_P	[-28.35757143  -5.03528571  14.42442857]
0.14	 0.72	-0.15	-0.13	50_A	[-34.53144444  -0.10788889   8.149     ]
0.04	 -0.24	-0.08	-0.1	50_A	[-36.51345  -0.5981    9.56215]
0.01	 0.76	-0.13	-0.11	50_A	[-32.82308333   2.23279167   8.727625  ]
-0.04	 -0.3	-0.07	0.08	50_A	[-34.17436   2.10056   9.18732]
0.14	 1.28	0.36	-0.59	50_A	[-31.864        3.03854545   9.45254545]
-0.02	 -0.16	-0.17	0.08	50_A	[-32.09468421   0.86226316   7.68010526]
0.06	 0.82	-0.09	-0.2	51_E	[-33.5005  -0.8163   7.4534]
0.08	 0.87	0.29	-0.59	51_E	[-35.053625  -2.516375   6.759375]
0.02	 0.28	-0.24	-0.03	51_E	[-36.93092308  -4.64026923   7.23446154]
-0.05	 0.7	0.03	-0.1	51_E	[-34.74    -3.4764   5.819 ]
0.08	 1.55	0.08	-0.31	51_E	[-31.2374  -2.7584   6.4018]
-0.02	 0.08	-0.1	0.05	51_E	[-32.24708333  -6.07783333   6.24716667]
-0.19	 -0.62	-0.03	0.22	51_E	[-32.14351613  -4.93467742   4.63635484]
-0.11	 0.2	0.0	0.01	51_E	[-30.17846154  -5.90951282   7.28064103]
0.21	 1.23	0.06	-0.35	51_E	[-31.83561538  -1.12392308   7.76869231]
-0.19	 -0.28	-0.08	0.2	51_E	[-35.98352174  -2.09995652   7.36491304]
-0.01	 0.05	-0.5	0.35	51_E	[-34.63578571  -5.14028571   6.53221429]
-0.17	 -0.78	0.03	0.29	51_E	[-33.00016667  -2.31508333   5.65329167]
0.15	 1.1	0.07	-0.33	51_E	[-30.803       -2.11704762   7.47538095]
-0.01	 0.5	-0.06	-0.07	52_N	[-34.264       -8.07176923  10.59130769]
-0.06	 0.38	-0.06	-0.04	52_N	[-33.62846154  -7.10380769   8.38519231]
-0.12	 -0.25	-0.01	0.12	52_N	[-32.50578571  -8.25285714  11.78685714]
0.08	 0.47	0.02	-0.23	52_N	[-34.57266667  -6.72325926  13.13881481]
-0.2	 -0.23	0.03	0.23	52_N	[-31.38876923  -7.76012821  10.20912821]
-0.1	 -0.39	-0.03	0.23	52_N	[-32.10126316  -7.20089474  12.98084211]
0.11	 0.86	-0.06	-0.2	53_A	[-38.27986364  -0.55290909  10.99181818]
0.13	 1.87	0.16	-0.41	54_E	[-39.72325     -1.69216667  11.18325   ]
0.11	 1.16	0.17	-0.41	54_E	[-40.4815      -1.77583333  11.45766667]
0.11	 1.23	-0.19	-0.14	54_E	[-41.8152  -5.7864  11.131 ]
0.05	 0.22	-0.05	-0.05	54_E	[-42.53935  -5.607    13.2573 ]
0.06	 1.74	-0.01	-0.24	54_E	[-42.23223077  -2.86423077  10.312     ]
0.13	 1.24	0.17	-0.43	54_E	[-40.13621429  -4.78242857   8.99042857]
-0.1	 -0.6	-0.14	0.12	54_E	[-40.85416667  -3.84286667   7.6008    ]
-0.24	 -1.42	0.12	0.38	54_E	[-42.627       -3.51990323   7.75019355]
-0.23	 -0.5	0.03	0.29	54_E	[-39.43106977  -3.74813953   6.46539535]
-0.06	 -0.11	-0.01	-0.01	54_E	[-42.0906      -4.81016667  10.319     ]
-0.06	 0.02	-0.22	0.1	54_E	[-41.95512  -1.7482   10.43288]
0.01	 0.36	0.01	-0.11	54_E	[-38.89936364  -2.12372727   9.09759091]
0.09	 0.91	0.23	-0.4	55_Y	[-40.4248  -8.8248  13.0196]
0.14	 1.68	0.15	-0.42	55_Y	[-38.73372727  -8.37236364  14.83918182]
-0.18	 -0.54	0.07	0.26	55_Y	[-41.12658824  -8.11114706  14.90417647]
0.02	 0.62	0.06	-0.21	55_Y	[-37.28469231  -8.46953846  13.31276923]
-0.04	 0.47	-0.07	0.05	55_Y	[-37.28133333  -9.4085      11.01316667]
-0.0	 0.21	0.02	-0.09	55_Y	[-39.38612121  -8.87081818  10.07087879]
0.05	 0.74	0.02	-0.2	55_Y	[-36.28373684  -8.37868421  10.87521053]
-0.12	 -0.55	-0.03	0.13	55_Y	[-39.32772727  -9.36084848   8.51475758]
0.04	 0.83	-0.01	-0.2	55_Y	[-36.7267931   -7.58272414   8.06513793]
-0.09	 -0.3	-0.22	0.05	55_Y	[-38.04295833  -8.38295833   7.75166667]
-0.24	 -1.13	0.09	0.34	55_Y	[-38.1924      -9.33923333   6.23893333]
-0.07	 0.02	-0.05	-0.02	55_Y	[-41.25752174  -7.42569565  11.81726087]
0.12	 0.96	-0.06	-0.14	55_Y	[-36.68081818  -7.81390909  13.04181818]
-0.19	 -0.44	0.09	0.15	55_Y	[-38.71952381  -9.33885714  13.14566667]
-0.27	 -0.64	0.01	0.46	55_Y	[-40.33970588  -9.91582353  10.91470588]
-0.3	 -0.94	0.28	0.52	55_Y	[-39.99170588 -10.44829412   8.035     ]
0.07	 0.38	-0.11	-0.01	55_Y	[-35.78208696  -6.7476087    7.36386957]
-0.28	 -0.99	-0.02	0.59	55_Y	[-36.76648148  -7.90296296   6.08422222]
0.06	 0.16	-0.07	-0.11	56_V	[-41.48177778  -6.223       17.01511111]
-0.0	 0.45	0.01	-0.07	56_V	[-40.69382353  -5.83152941  18.59823529]
0.04	 0.47	-0.0	0.07	56_V	[-37.71066667  -6.978       17.668     ]
-0.03	 -0.28	-0.06	0.02	56_V	[-35.6847037   -7.15881481  15.749     ]
-0.1	 -0.53	-0.08	0.17	56_V	[-39.30570588  -7.76752941  16.85917647]
0.08	 0.08	-0.05	-0.09	56_V	[-37.7840625  -6.351375   18.2749375]
-0.05	 0.06	-0.11	0.04	56_V	[-34.609125  -5.989125  16.682125]
-0.17	 -0.48	0.07	0.32	56_V	[-36.88503448  -8.09648276  16.10513793]
0.12	 1.5	0.15	-0.44	56_V	[-36.04     -7.21725  14.07025]
0.01	 -0.27	-0.05	-0.07	57_G	[-43.16863158  -4.81363158  16.20031579]
0.03	 0.23	-0.01	-0.12	57_G	[-43.53851351  -1.54754054  17.21275676]
-0.03	 -0.06	-0.04	-0.07	57_G	[-43.80361538  -4.45092308  14.93692308]
-0.09	 -0.12	-0.02	0.17	57_G	[-43.14133333  -4.72177778  17.65244444]
0.14	 1.17	0.11	-0.34	58_V	[-40.37596154  -0.11965385  12.40084615]
0.11	 0.29	0.05	-0.25	59_R	[-43.17125      3.93504167  16.23120833]
0.11	 1.37	-0.02	-0.26	59_R	[-44.96341667   2.36583333  14.67091667]
-0.02	 0.72	-0.09	0.01	59_R	[-43.16907692   0.41638462  10.99307692]
0.01	 0.42	-0.09	-0.08	59_R	[-46.26072   1.0764   10.99848]
-0.05	 1.1	-0.04	0.09	59_R	[-46.95    -0.4614  12.9182]
-0.05	 -0.33	0.0	0.02	59_R	[-46.43736842  -1.79010526  12.81131579]
-0.05	 0.34	-0.01	0.05	59_R	[-44.787125   -2.6670625  11.618125 ]
-0.09	 0.14	-0.03	0.13	59_R	[-46.204875  -2.647125  15.14975 ]
0.15	 0.83	0.01	-0.21	59_R	[-42.79461905   1.48380952  16.7392381 ]
0.07	 0.88	-0.09	-0.06	59_R	[-41.23417647   1.73976471  12.13023529]
0.06	 0.28	0.06	-0.18	59_R	[-44.37533333   0.97706667  15.2614    ]
-0.03	 -0.0	-0.04	0.06	59_R	[-43.96617647   2.47314706  11.10744118]
0.06	 -0.15	-0.16	-0.08	59_R	[-42.1250625  -0.0936875  11.617875 ]
0.07	 0.42	-0.05	-0.15	59_R	[-46.83155556   1.96816667  12.1655    ]
-0.36	 -1.07	-0.21	0.57	59_R	[-45.73488235   0.14941176  10.58082353]
-0.13	 0.05	-0.11	0.21	59_R	[-46.54916   1.01684  14.13716]
-0.01	 -0.18	-0.13	-0.05	59_R	[-44.01473333  -1.64966667  10.9532    ]
0.01	 -0.21	-0.01	-0.02	59_R	[-44.25988235  -3.77464706  12.73870588]
-0.18	 -0.47	0.11	0.27	59_R	[-46.20592857  -1.25803571  15.54442857]
-0.16	 -0.53	0.1	0.3	59_R	[-45.44958824  -3.47323529  15.23029412]
0.12	 0.73	-0.01	-0.25	60_D	[-42.95434328   6.93649254  11.07892537]
0.2	 0.59	0.07	-0.26	60_D	[-40.356        8.52963636  12.18809091]
0.11	 0.76	-0.4	0.15	60_D	[-41.72858537   9.25407317  14.07970732]
0.1	 1.05	0.11	-0.35	60_D	[-41.14919355   3.87977419  11.57477419]
0.0	 -0.08	-0.09	0.02	61_V	[-44.51913889   9.64344444  15.44633333]
0.08	 0.74	-0.08	0.07	61_V	[-47.24466667   6.23066667  15.38266667]
-0.15	 -0.55	-0.09	0.04	61_V	[-48.355625   8.12375   14.631625]
-0.02	 1.1	-0.03	-0.06	61_V	[-46.08609091   3.96345455  14.83654545]
0.14	 0.79	0.04	-0.27	61_V	[-43.73395455   6.72322727  15.81504545]
-0.13	 -0.24	0.07	0.01	61_V	[-46.44817391   7.04282609  15.67386957]
-0.11	 -0.59	0.02	0.1	61_V	[-48.94514286   6.78919048  14.1882381 ]
0.12	 0.67	0.02	-0.17	61_V	[-47.6386       9.11506667  14.61753333]
-0.09	 -0.19	0.02	0.11	61_V	[-47.63975      4.4561875   13.96928125]
0.25	 1.54	0.3	-0.55	61_V	[-45.33661905   4.47433333  11.92528571]
0.09	 0.52	0.07	-0.27	61_V	[-45.0336       4.5592      15.17246667]
0.2	 1.64	0.22	-0.48	62_V	[-43.63769231   9.36392308  12.12569231]
0.1	 0.69	-0.09	-0.19	62_V	[-48.57848  11.69316  14.16356]
0.06	 1.2	0.03	-0.26	62_V	[-43.22230435  10.61169565   9.98573913]
0.16	 0.39	0.56	0.2	62_V	[-43.3002      11.18536667  13.3074    ]
0.12	 1.56	0.3	-0.55	62_V	[-43.80414286  13.43542857  12.25842857]
-0.06	 -0.04	-0.09	0.0	62_V	[-43.2356129   12.60296774  10.65832258]
0.14	 0.91	-0.03	-0.26	62_V	[-43.44906667   9.32633333   9.80233333]
0.09	 1.1	-0.02	-0.18	63_G	[-44.542       11.38133333  15.7905    ]
-0.07	 -0.25	-0.15	-0.05	63_G	[-45.91985714  11.91228571  16.90742857]
0.16	 1.51	-0.05	-0.22	63_G	[-48.5588  13.8032  14.8718]
-0.07	 -0.32	-0.06	0.09	63_G	[-43.96844  12.72352  15.0894 ]
-2.94	 0.03	0.06	0.17	63_G	[-47.35129167  11.71345833  16.26095833]
-0.08	 -0.14	0.05	0.15	63_G	[-45.15654167  13.17758333  17.22741667]
0.03	 0.61	0.11	-0.28	64_Q	[-49.00877778  14.4435      16.19916667]
0.07	 1.48	-0.02	-0.34	64_Q	[-49.466   14.9394  16.1516]
0.13	 1.81	0.18	-0.44	64_Q	[-47.225       18.51838462  17.10984615]
-0.12	 -0.69	-0.1	0.13	64_Q	[-48.88933333  16.15933333  19.05283333]
-0.06	 -0.0	0.02	-0.09	64_Q	[-50.4961   18.3858   17.64385]
-0.19	 -0.82	-0.07	0.2	64_Q	[-52.26836364  17.88109091  16.86163636]
-0.19	 -0.59	0.06	0.26	64_Q	[-51.90959524  15.5737381   16.48871429]
-0.1	 -0.12	0.04	0.1	64_Q	[-51.7848125  18.68       14.87175  ]
-0.12	 -0.12	-0.08	0.11	64_Q	[-47.74547368  14.503       18.22494737]
0.16	 1.1	0.15	-0.38	64_Q	[-49.7488  15.0828  15.4473]
-0.19	 -0.01	0.01	0.23	64_Q	[-50.00647368  15.43573684  18.34968421]
-0.09	 -0.41	-0.01	0.01	64_Q	[-47.825375    17.254375    18.67591667]
-0.31	 -0.96	0.21	0.51	64_Q	[-50.7544   18.0484   18.68005]
0.01	 0.38	-0.07	-0.04	64_Q	[-49.34235294  19.38423529  16.91176471]
0.05	 -0.2	-0.04	-0.08	64_Q	[-50.80178947  19.25768421  14.58431579]
-0.15	 -0.2	-0.08	0.19	64_Q	[-52.38157143  17.30285714  13.86053571]
0.18	 1.37	0.2	-0.45	65_E	[-46.54128571  18.06714286  17.60157143]
0.1	 0.98	0.2	-0.38	65_E	[-44.051   19.6084  15.5066]
0.07	 0.57	-0.19	-0.1	65_E	[-42.9241  17.8518  14.2248]
0.0	 0.04	-0.15	-0.05	65_E	[-43.755625    19.71654167  13.94841667]
-0.03	 0.79	-0.04	-0.04	65_E	[-42.496       17.79142857  16.18071429]
-0.06	 0.28	0.02	-0.06	65_E	[-43.14761111  18.62038889  18.4495    ]
-0.13	 -0.88	-0.14	0.15	65_E	[-44.18765217  16.19973913  19.18308696]
-0.06	 -0.0	-0.18	0.05	65_E	[-45.0631   14.97035  18.44835]
-0.29	 -1.1	0.25	0.5	65_E	[-43.14010256  15.95958974  20.37548718]
-0.06	 -0.2	-0.09	0.04	65_E	[-45.31614286  19.76942857  16.44052381]
-0.03	 -0.06	0.07	0.06	65_E	[-43.06326087  15.85030435  16.47582609]
-0.24	 -0.83	0.12	0.36	65_E	[-42.54342857  19.00680952  16.04647619]
-0.23	 -0.75	0.07	0.38	65_E	[-42.02629167  18.19429167  18.72258333]
-0.17	 -0.45	0.03	0.23	65_E	[-44.93752  18.7914   18.58236]
0.09	 0.57	-0.18	-0.19	66_G	[-43.0769  16.5085  14.5031]
0.0	 0.33	0.03	-0.09	66_G	[-43.22395833  16.0805      12.05845833]
0.11	 0.73	-0.09	-0.13	66_G	[-43.7355  15.1964  14.725 ]
-0.15	 0.31	0.03	-0.06	66_G	[-42.71119048  17.41690476  12.09280952]
0.02	 0.33	0.01	-0.07	66_G	[-43.62951852  14.57907407  12.28103704]
0.12	 1.42	0.29	-0.55	67_L	[-52.25691667  13.59908333  13.19883333]
0.15	 1.09	0.14	-0.41	67_L	[-50.4968   17.90448  12.10136]
0.09	 0.59	-0.02	-0.2	67_L	[-50.73633333  14.19393939  13.93184848]
0.23	 1.58	0.18	-0.46	67_L	[-52.50283333  16.23058333  11.97      ]
0.04	 1.1	0.06	-0.3	68_D	[-48.0838  22.1672  11.2624]
0.15	 1.1	0.02	-0.24	68_D	[-47.78138889  22.56133333  10.14772222]
0.03	 0.22	0.02	-0.17	68_D	[-46.99911111  22.19722222  13.43394444]
-0.2	 -0.65	-0.1	0.18	68_D	[-48.49342857  22.17371429  14.72578571]
-0.09	 -0.07	0.09	0.05	68_D	[-49.89777143  20.65162857  13.6398    ]
-0.15	 -0.28	0.06	0.19	68_D	[-47.49546875  20.96678125  16.20078125]
0.01	 -1.03	-0.07	0.08	68_D	[-49.25515385  21.43838462  11.24384615]
0.02	 0.18	0.02	-0.05	68_D	[-45.46392308  21.21076923  13.91230769]
-0.18	 -0.18	-0.15	0.29	68_D	[-47.02864286  22.86771429  12.51696429]
0.16	 1.1	0.16	-0.42	69_K	[-45.01211765  21.983       11.659     ]
0.13	 1.74	0.08	-0.33	69_K	[-43.81366667  21.89066667  11.3675    ]
0.17	 1.17	0.06	-0.31	69_K	[-41.97577778  18.79611111  11.23233333]
0.03	 0.55	0.05	-0.29	69_K	[-41.16775  20.968    11.34825]
0.08	 0.4	0.03	-0.27	69_K	[-41.00175  21.79225  11.22775]
-0.18	 -0.42	-0.17	0.15	69_K	[-39.69354545  23.61409091  10.01409091]
0.06	 0.73	-0.0	-0.33	69_K	[-39.607875   22.1699375   7.4485625]
0.11	 1.3	0.02	-0.26	69_K	[-43.92125   22.478125  11.05925 ]
-0.05	 0.35	-0.01	0.0	69_K	[-42.93658333  20.613625    12.152     ]
-0.07	 -0.04	-0.11	0.09	69_K	[-40.32409091  19.99472727  10.74304545]
-0.07	 -0.06	-0.06	0.15	69_K	[-42.0043125  22.9375625  11.2904375]
-0.14	 -0.21	-0.08	0.09	69_K	[-40.00883333  24.51625      9.0715    ]
-0.25	 -1.0	0.22	0.39	69_K	[-39.31055556  22.36711111  10.53461111]
-0.29	 -0.53	0.14	0.35	69_K	[-38.93759259  22.72603704   7.57514815]
-0.06	 0.13	-0.12	0.03	69_K	[-38.931125  20.344625   8.465   ]
0.09	 0.87	-0.08	-0.19	69_K	[-40.60953846  22.11803846   6.5295    ]
0.23	 1.52	0.25	-0.51	70_V	[-43.58747619  16.08590476   9.21319048]
0.1	 1.1	0.48	-0.73	71_F	[-49.24628571  23.05785714   7.88057143]
0.18	 1.06	-0.0	-0.21	71_F	[-50.48357143  22.04714286   8.65542857]
0.03	 0.53	-0.02	-0.17	71_F	[-52.67642857  19.93261905   8.4407619 ]
0.06	 0.43	-0.07	-0.11	71_F	[-53.57961538  17.80519231   8.48680769]
0.04	 0.22	-0.04	0.0	71_F	[-50.0165  21.529    9.5155]
-0.05	 -0.33	-0.08	0.13	71_F	[-51.25408333  19.67779167  10.44279167]
-0.0	 0.26	-0.07	-0.01	71_F	[-52.73852  17.209    10.42028]
0.09	 0.89	0.0	-0.23	72_Q	[-48.62625    23.192875    8.3025625]
0.16	 1.17	0.12	-0.32	72_Q	[-48.299   24.2812   8.0326]
0.15	 0.77	0.07	-0.27	72_Q	[-46.2705     26.2735      5.4334375]
0.1	 0.89	-0.06	-0.01	72_Q	[-46.527       25.81866667   8.49866667]
0.07	 0.74	-0.0	-0.31	72_Q	[-44.38521429  26.27464286   7.90735714]
-0.13	 -0.59	-0.09	0.17	72_Q	[-43.54127273  26.67527273   9.73318182]
-0.19	 -0.45	-0.1	0.26	72_Q	[-44.33087805  24.84041463  11.15368293]
-0.12	 -0.29	0.07	-0.01	72_Q	[-42.12470588  26.49352941   8.66182353]
-0.05	 -0.32	-0.16	0.05	72_Q	[-48.13114286  25.38604762   7.2482381 ]
-0.1	 -0.3	0.01	0.1	72_Q	[-46.79746154  24.78257692   9.61461538]
-0.15	 -0.5	-0.02	0.27	72_Q	[-45.20159091  26.61822727   7.76      ]
-0.11	 -0.04	-0.09	0.13	72_Q	[-41.8127027   25.13935135   7.34254054]
-0.19	 -1.12	0.14	0.28	72_Q	[-41.3889   25.54325  10.30855]
0.12	 0.47	0.17	-0.32	73_V	[-42.206  23.272   4.996]
-0.0	 0.06	-0.3	-0.06	73_V	[-40.83918182  22.25045455   4.45127273]
0.16	 0.89	0.07	-0.32	73_V	[-43.066       24.70622222   5.01761111]
0.13	 0.89	-0.01	-0.26	73_V	[-42.05095  23.194     5.7954 ]
0.17	 0.95	0.03	-0.33	73_V	[-40.54538095  20.81242857   4.30552381]
0.04	 0.12	-0.04	-0.03	73_V	[-41.39668421  23.71452632   3.37673684]
0.17	 0.92	0.03	-0.3	74_L	[-49.84968182  23.59022727   0.21904545]
0.14	 1.13	0.0	-0.27	75_R	[-47.48509091  27.38836364   3.87590909]
-0.09	 0.06	-0.06	0.06	75_R	[-48.14366667  28.35171429   1.58990476]
0.08	 0.56	-0.04	-0.15	75_R	[-49.64618182  27.04281818   4.04281818]
0.13	 0.97	0.12	-0.41	75_R	[-51.57714286  25.88471429   3.03685714]
-0.06	 -0.47	-0.04	0.05	75_R	[-52.06118182  26.73509091   5.95963636]
-0.09	 0.28	-0.1	0.14	75_R	[-52.099   25.5668   7.3592]
-0.15	 -0.9	-0.02	0.04	75_R	[-53.62269231  24.95923077   7.12946154]
-0.08	 -0.43	-0.04	-0.03	75_R	[-55.0009375  25.2750625   4.8994375]
-0.09	 0.31	0.05	0.03	75_R	[-53.67947059  22.88635294   8.12711765]
0.08	 0.09	-0.02	-0.11	75_R	[-50.04266667  25.37411111   1.40372222]
0.08	 -0.13	-0.02	-0.06	75_R	[-48.28492308  26.59461538   5.42084615]
-0.13	 -0.67	-0.06	0.19	75_R	[-50.32873684  27.33021053   3.68952632]
0.05	 0.24	-0.2	-0.16	75_R	[-51.68218182  25.10381818   2.42109091]
-0.19	 -0.53	0.11	0.29	75_R	[-50.51247059  26.65117647   6.51017647]
-0.11	 -0.77	-0.01	0.03	75_R	[-52.78436842  26.40184211   4.57231579]
-0.02	 -0.08	-0.02	0.02	75_R	[-50.64608696  24.34952174   7.72817391]
0.04	 0.36	-0.09	-0.16	75_R	[-54.295       25.84457143   3.79178571]
-0.06	 -0.58	-0.01	-0.01	75_R	[-55.50348276  23.60244828   4.73686207]
-0.15	 -0.36	-0.16	0.24	75_R	[-52.51940909  22.46536364   8.60972727]
-0.1	 -0.13	-0.02	0.16	75_R	[-54.32428571  22.10807143   7.21403571]
0.03	 0.1	-0.02	-0.14	76_A	[-42.80048718  26.87538462   2.45641026]
0.04	 -0.09	-0.0	0.04	76_A	[-45.92735714  28.28292857   3.66592857]
-0.15	 -0.42	-0.13	0.18	76_A	[-42.45203846  28.08530769   2.30234615]
-0.06	 -0.03	-0.23	0.11	76_A	[-43.90975     26.67545833   4.85829167]
0.1	 1.16	0.41	-0.62	77_P	[-46.2564  29.5766   0.7086]
0.1	 1.66	-0.05	-0.21	77_P	[-45.91641667  29.91958333  -0.51058333]
-0.08	 -0.11	-0.12	0.09	77_P	[-43.14684314  28.29494118  -1.9567451 ]
-0.24	 -0.79	0.33	0.39	77_P	[-41.58452941  29.32376471  -0.83435294]
-0.13	 -0.26	-0.04	0.1	77_P	[-44.43733333  32.04793333  -1.3474    ]
-0.1	 -0.23	-0.03	0.14	77_P	[-43.38888235  32.16835294   1.64223529]
-0.05	 -0.16	-0.05	0.0	77_P	[-44.68833333  30.45655556   3.28666667]
-0.08	 -0.13	-0.08	0.16	77_P	[-46.13728  29.44108  -1.57688]
-0.21	 -0.75	0.11	0.38	77_P	[-43.14        31.98342105  -1.46715789]
-0.25	 -0.95	0.21	0.38	77_P	[-45.81033333  31.8957619   -0.61790476]
-0.1	 -0.25	0.05	0.16	77_P	[-42.15279167  30.97291667   1.12816667]
-0.24	 -0.75	0.16	0.42	77_P	[-44.28765217  32.68052174   1.78904348]
-0.16	 -0.71	0.06	0.31	77_P	[-43.74391667  29.83108333   3.36266667]
-0.14	 -0.44	0.01	0.18	77_P	[-46.06877778  30.61240741   2.06044444]
-0.18	 -0.72	0.07	0.26	85_W	[-36.12271111  21.74808889 -16.45926667]
0.06	 1.14	0.09	-0.36	85_W	[-34.35    22.6152 -16.3106]
0.06	 0.64	-0.12	-0.11	85_W	[-34.87607692  19.68461538 -15.321     ]
0.15	 1.25	0.03	-0.29	85_W	[-36.055       19.71581818 -14.053     ]
0.11	 2.16	0.02	-0.26	85_W	[-35.06433333  24.25633333 -15.301     ]
-0.02	 0.75	0.05	-0.09	85_W	[-34.27277778  24.77366667 -15.00144444]
-0.02	 0.13	-0.01	0.01	85_W	[-34.52140541  25.52132432 -12.42043243]
-0.09	 -0.18	-0.01	-0.06	85_W	[-32.6         25.00271429 -14.96828571]
-0.04	 0.98	-0.06	-0.02	85_W	[-33.002       26.44183333 -12.31183333]
-0.07	 0.25	-0.06	0.08	85_W	[-32.039   26.0692 -14.2996]
-0.02	 -0.16	-0.06	-0.06	85_W	[-31.86773333  23.10653333 -15.871     ]
-0.1	 -0.3	-0.03	0.09	85_W	[-30.73310526  26.68226316 -13.61921053]
-0.02	 0.14	0.08	-0.11	85_W	[-30.00657143  23.24608571 -14.73962857]
-0.03	 0.45	0.1	-0.12	85_W	[-29.12557143  24.29946429 -13.61825   ]
-0.06	 -0.49	-0.02	0.08	85_W	[-33.56575    23.0803125 -16.1656875]
-0.01	 -0.23	-0.06	0.05	85_W	[-36.43435714  24.513      -14.82557143]
-0.16	 -0.7	-0.04	0.22	85_W	[-35.91119048  25.66138095 -12.07957143]
-0.37	 -0.87	0.19	0.47	85_W	[-32.9164   27.1339  -11.65395]
-0.13	 -0.27	0.01	0.12	85_W	[-30.12740741  26.64392593 -11.86785185]
-0.31	 -0.33	-0.14	0.28	85_W	[-29.42505882  22.08482353 -15.25117647]
-0.89	 -0.23	0.04	0.34	85_W	[-28.26695238  24.79971429 -13.57138095]
0.01	 0.16	-0.17	0.03	86_S	[-33.5139  19.9896 -16.2682]
0.08	 1.05	0.06	-0.31	86_S	[-32.80366667  18.84466667 -16.0665    ]
-0.02	 0.38	-0.1	-0.04	86_S	[-30.293       18.09953846 -15.27569231]
-0.12	 -0.53	0.04	0.2	86_S	[-31.18321739  20.32817391 -16.97056522]
-0.05	 -0.6	-0.19	0.05	86_S	[-32.73383333  20.97391667 -16.61083333]
-0.01	 0.12	-0.03	-0.04	86_S	[-33.06496296  17.64844444 -14.63085185]
-0.12	 0.19	-0.1	0.04	86_S	[-29.61308571  19.18157143 -13.83608571]
-0.2	 -0.47	-0.1	0.23	86_S	[-30.73148148  17.18366667 -14.87781481]
-0.29	 -0.75	0.23	0.46	86_S	[-29.89388  19.61872 -17.13148]
0.12	 1.42	0.21	-0.48	87_R	[-30.080625  20.779125 -13.0935  ]
0.06	 1.13	0.01	-0.23	87_R	[-29.86345455  20.85181818 -12.13663636]
0.15	 1.91	0.01	-0.24	87_R	[-31.21183333  19.754       -8.40738889]
0.05	 1.0	-0.05	-0.19	87_R	[-29.48433333  21.751      -11.648     ]
0.06	 0.92	0.04	-0.22	87_R	[-30.12263636  22.15554545  -8.82531818]
0.05	 0.96	-0.11	-0.08	87_R	[-30.37655556  25.32911111  -9.42422222]
-0.01	 0.93	-0.06	0.02	87_R	[-29.03477778  24.87011111  -8.25933333]
-0.06	 -0.56	-0.01	-0.03	87_R	[-27.84009677  25.40870968  -9.06522581]
-0.14	 -0.23	-0.12	0.17	87_R	[-27.12265217  25.0263913  -10.89756522]
-0.2	 0.39	0.01	0.26	87_R	[-26.55481818  25.66031818  -7.58013636]
-0.04	 0.2	-0.11	-0.07	87_R	[-30.00052  19.56624 -10.92268]
0.06	 0.72	-0.1	-0.15	87_R	[-29.39677778  22.25211111 -12.061     ]
0.2	 1.19	0.1	-0.34	87_R	[-32.80693333  23.4714     -10.42573333]
-0.13	 -0.02	-0.28	0.15	87_R	[-31.17343333  22.20926667  -8.3504    ]
-0.11	 0.04	-0.01	0.08	87_R	[-28.58964516  22.13280645 -10.03032258]
-0.16	 -0.45	0.0	0.1	87_R	[-31.55933333  25.15641667  -9.76141667]
-0.26	 -1.38	0.11	0.39	87_R	[-29.51622222  24.69127778  -7.38522222]
-0.01	 0.48	-0.18	-0.03	87_R	[-27.79726667  24.01406667 -11.69973333]
-0.3	 -1.77	0.33	0.59	87_R	[-25.89625  25.5235  -10.68145]
-0.3	 -0.98	0.18	0.48	87_R	[-27.47561538  25.43711538  -6.64011538]
-0.27	 -1.14	0.18	0.47	87_R	[-25.54816  25.91644  -8.39908]
0.08	 0.81	0.08	-0.36	88_R	[-33.25935714  22.34257143  -9.65442857]
0.01	 0.55	-0.1	-0.1	88_R	[-34.20375  22.31975  -9.194  ]
0.12	 1.22	0.11	-0.37	88_R	[-35.23309524  22.45471429  -9.64585714]
0.09	 1.1	0.17	-0.42	88_R	[-37.462       21.21485714  -8.60485714]
0.06	 0.89	-0.11	-0.17	88_R	[-39.87933333  23.04616667 -10.05116667]
0.02	 0.76	-0.1	-0.31	88_R	[-39.8338  23.5072 -10.7926]
0.18	 1.28	0.19	-0.44	88_R	[-37.95522222  19.78522222 -13.41011111]
0.02	 0.33	-0.08	-0.1	88_R	[-39.60177778  24.08583333 -14.12966667]
0.03	 0.17	-0.05	-0.06	88_R	[-34.57388  21.35688  -8.11476]
-0.12	 -0.33	-0.1	0.18	88_R	[-36.06782143  23.29371429  -9.59110714]
0.06	 1.23	-0.05	-0.22	88_R	[-37.4839  20.4783  -8.1964]
-0.0	 -0.16	-0.25	0.16	88_R	[-39.2501      22.48593333  -8.85123333]
-0.04	 0.04	0.01	-0.16	88_R	[-38.87845714  24.18248571 -11.11022857]
-0.02	 0.0	-0.15	-0.03	88_R	[-38.48083333  20.64143333 -14.58183333]
-0.19	 -0.44	-0.04	0.26	88_R	[-38.41324  25.18796 -13.21888]
-0.12	 -0.21	-0.1	0.21	88_R	[-38.95392308  23.27053846 -15.07688462]
0.08	 0.82	-0.08	-0.19	89_Y	[-34.96477778  16.663      -14.122     ]
-0.05	 0.32	-0.06	0.06	89_Y	[-35.06916667  15.35566667 -14.14716667]
-0.07	 -0.26	-0.04	-0.06	89_Y	[-33.86303704  14.27411111 -13.17155556]
-0.06	 -0.55	0.05	0.0	89_Y	[-36.69405882  15.23911765 -14.72870588]
-0.13	 -0.71	-0.06	0.18	89_Y	[-34.860125   12.4194375 -13.5974375]
-0.03	 -0.61	-0.06	0.03	89_Y	[-37.65211765  13.68935294 -15.06058824]
-0.13	 -0.3	-0.04	0.08	89_Y	[-36.27881818  12.77727273 -14.59290909]
-0.14	 -0.05	0.01	0.14	89_Y	[-37.43492105  10.93771053 -12.90981579]
0.1	 0.4	0.03	-0.2	89_Y	[-36.25977778  18.05985185 -13.65925926]
0.13	 1.23	-0.04	-0.16	89_Y	[-33.5292  16.1601 -13.3174]
0.1	 1.06	0.01	-0.25	89_Y	[-33.4345     13.3514375 -11.5996875]
0.07	 0.61	0.0	-0.14	89_Y	[-38.1477619   16.67771429 -14.28785714]
-0.04	 0.05	0.04	0.06	89_Y	[-34.71566667  11.49055556 -12.01033333]
0.13	 1.03	0.3	-0.53	89_Y	[-38.92888889  13.70533333 -15.28022222]
-0.11	 -0.32	-0.28	0.2	89_Y	[-38.63209524  11.12633333 -14.37419048]
0.1	 1.1	0.0	-0.22	90_K	[-30.91216667  16.62983333  -7.097     ]
0.07	 1.15	-0.03	-0.14	90_K	[-30.21091667  15.88875     -8.88325   ]
0.07	 -0.79	0.05	-0.19	90_K	[-31.2258  15.3789 -12.7031]
0.07	 0.58	-0.01	-0.21	90_K	[-28.60013333  16.111      -12.58993333]
-0.03	 0.32	-0.03	-0.08	90_K	[-29.05719048  13.98895238 -10.47771429]
-0.01	 -2.93	-0.01	-0.12	90_K	[-26.52844444  14.11577778 -11.54933333]
0.11	 1.29	0.04	-0.29	90_K	[-32.18658333  13.706       -9.2155    ]
0.08	 -0.46	0.03	-0.08	90_K	[-30.36570588  17.76488235  -8.91929412]
-0.1	 0.09	-0.33	0.06	90_K	[-30.4130625   14.84278125  -8.1545625 ]
-0.12	 -0.25	-0.2	0.08	90_K	[-31.55614286  13.97709524 -11.2507619 ]
0.09	 0.9	0.03	-0.28	90_K	[-31.84547059  16.14129412 -12.87882353]
-0.15	 -0.59	-0.16	0.12	90_K	[-29.03903846  15.79007692 -13.34426923]
-0.08	 0.37	0.01	-0.01	90_K	[-28.79683333  17.2585     -10.96375   ]
-0.23	 -0.42	0.0	0.27	90_K	[-28.3981   14.77975  -9.33345]
-0.28	 -1.06	0.09	0.44	90_K	[-29.34095238  13.15985714 -11.58671429]
-0.32	 -0.62	0.22	0.46	90_K	[-26.40673913  13.37443478 -11.08204348]
-0.3	 -0.93	0.21	0.45	90_K	[-27.0704   14.33375 -13.12855]
-0.3	 -0.83	0.14	0.42	90_K	[-26.38791304  15.80108696 -11.09982609]
0.06	 1.5	0.01	-0.2	91_A	[-31.494625  18.14375   -7.154   ]
0.05	 0.92	0.16	-0.35	91_A	[-32.39575  17.94775  -5.01125]
0.13	 1.2	0.05	-0.29	91_A	[-33.46741176  17.21064706  -3.56876471]
-0.04	 -0.25	-0.27	0.18	91_A	[-34.07112121  20.17772727  -5.102     ]
-0.09	 -0.38	-0.09	0.16	91_A	[-31.5812381   17.35919048  -4.953     ]
-0.11	 0.05	-0.22	0.17	91_A	[-33.557       19.55691304  -4.06847826]
-0.09	 -0.05	0.05	0.11	91_A	[-32.05629167  20.1555      -6.53816667]
0.11	 0.47	-0.09	-0.14	91_A	[-35.20477778  20.20166667  -6.59655556]
0.1	 0.69	-0.02	-0.18	92_N	[-37.44896774  19.96893548  -5.83970968]
0.17	 0.99	0.15	-0.39	92_N	[-39.1856087   20.59421739  -7.30817391]
0.2	 1.52	0.02	-0.3	93_L	[-35.2805       9.97491667  -4.97966667]
0.08	 1.26	-0.03	-0.15	93_L	[-32.57333333  12.57133333  -8.76233333]
0.07	 0.5	-0.11	0.09	93_L	[-33.24766667  10.91766667  -9.4755    ]
-0.14	 -0.4	-0.17	0.18	93_L	[-33.48006452   9.21564516  -7.40251613]
-0.02	 0.7	0.08	-0.01	93_L	[-36.76477778  10.03016667  -9.03666667]
0.18	 0.8	0.12	-0.36	93_L	[-32.11478947  12.751       -7.94578947]
-0.04	 0.07	-0.05	-0.03	93_L	[-33.24489286  11.37492857 -10.05364286]
-0.26	 -1.4	0.15	0.46	93_L	[-33.77433333   8.72038095  -8.80871429]
-0.08	 -0.17	-0.3	0.31	93_L	[-32.08075     10.65222222  -6.97744444]
0.01	 0.26	0.01	-0.08	93_L	[-35.04938889   9.70255556  -6.54944444]
-0.25	 -0.89	0.08	0.37	93_L	[-35.80785714   9.67580952 -10.00147619]
0.08	 0.8	-0.37	-0.03	93_L	[-37.22125806  10.36996774  -7.44729032]
0.16	 1.52	0.07	-0.33	94_E	[-33.56488889  14.55688889  -1.43988889]
0.08	 0.88	-0.09	-0.15	94_E	[-32.691       12.59842857  -0.93419048]
0.02	 0.65	-0.01	-0.15	94_E	[-31.43578571  15.60757143  -3.10835714]
0.07	 0.72	-0.06	-0.21	94_E	[-29.67185714  14.39342857  -4.942     ]
-0.11	 -0.2	-0.2	0.12	94_E	[-29.41925     12.79592857  -3.38392857]
-0.25	 -1.23	0.11	0.39	94_E	[-29.50460526  13.33081579  -1.93836842]
-0.29	 -1.04	0.08	0.55	94_E	[-28.8743    11.852075  -4.57675 ]
0.16	 1.02	0.05	-0.31	94_E	[-32.13355556  11.30405556  -4.47983333]
0.07	 -0.83	0.08	-0.23	94_E	[-32.51542857  16.12        -3.35628571]
-0.05	 -0.17	-0.12	0.08	94_E	[-31.89956  14.7732   -1.98548]
0.06	 0.43	-0.16	-0.04	94_E	[-30.94887879  12.69021212  -6.09727273]
-0.15	 -0.26	-0.03	0.19	94_E	[-29.97152  15.53788  -4.93628]
0.05	 0.61	0.06	-0.24	95_K	[-34.29735714  16.306       -1.353     ]
-0.06	 0.09	-0.04	-0.01	95_K	[-34.56676923  19.05269231  -1.32584615]
0.1	 0.86	0.13	-0.42	95_K	[-37.28763333  21.30563333  -2.14413333]
0.14	 1.04	0.03	-0.27	95_K	[-34.346375   14.6165625   0.1735625]
0.09	 -0.85	0.04	-0.21	95_K	[-34.491      16.8626875  -0.382625 ]
0.02	 0.47	-0.07	-0.14	95_K	[-33.88366667  16.55205556  -2.34733333]
-0.08	 -0.54	-0.06	0.09	95_K	[-34.96704167  19.16283333   0.1305    ]
-0.01	 -0.74	0.02	-0.09	95_K	[-34.372       19.19857895  -2.488     ]
-0.3	 -0.57	-0.08	0.44	95_K	[-36.04689655  21.47651724  -2.39375862]
0.19	 0.82	-0.01	-0.19	95_K	[-37.51505882  20.62341176  -3.80664706]
-0.04	 0.11	-0.29	-0.06	95_K	[-37.55575  21.73675  -0.868  ]
0.11	 0.79	-0.15	-0.13	96_L	[-37.10722222   8.70922222  -3.06622222]
0.01	 0.5	-0.14	-0.01	96_L	[-38.3405625    8.10159375  -0.89315625]
0.04	 0.69	-0.07	-0.18	96_L	[-37.839    9.3159  -4.5418]
0.08	 0.45	-0.05	-0.16	96_L	[-37.17389474  10.05905263  -5.18110526]
0.11	 0.77	0.01	-0.23	96_L	[-39.04652632   8.71842105  -3.53005263]
0.14	 1.22	0.25	-0.52	96_L	[-38.78772727   9.9425      -6.61527273]
0.08	 1.0	0.11	-0.34	97_A	[-35.96466667   9.29416667  -3.632     ]
0.09	 1.18	0.17	-0.35	97_A	[-34.588625   7.85125   -2.17525 ]
-0.01	 0.61	-0.15	0.03	97_A	[-33.12366667   8.79066667   0.2775    ]
-0.18	 -0.5	0.03	0.28	97_A	[-34.94693548   7.27116129   0.462     ]
-0.07	 -0.12	-0.16	0.08	97_A	[-32.41840541   9.50081081  -2.16008108]
-0.24	 -0.58	0.04	0.31	97_A	[-35.4066    7.48415  -2.1842 ]
-0.22	 -0.76	0.14	0.36	97_A	[-32.573875   8.091125  -1.808625]
-0.02	 -0.03	-0.13	0.05	97_A	[-33.44352   9.17408  -4.30384]
0.02	 0.61	-0.02	-0.14	97_A	[-32.44425    10.6678125  -1.3349375]
0.09	 0.67	0.16	-0.45	98_S	[-33.027375  10.372625   0.114625]
0.03	 1.21	-0.06	-0.16	98_S	[-32.9105      10.18033333   0.6985    ]
0.16	 0.55	-0.11	-0.11	98_S	[-35.115625   8.06325    2.7725  ]
-0.14	 -0.23	-0.21	0.17	98_S	[-35.39123529   9.04517647   4.89979412]
-0.14	 -0.06	-0.13	0.11	98_S	[-32.7403  12.2641   2.6397]
-0.18	 -0.38	0.06	0.18	98_S	[-33.0826    9.31755   1.9991 ]
-0.14	 -0.39	0.02	0.16	98_S	[-33.43513043  11.79978261   3.70765217]
-0.05	 0.0	-0.01	0.03	98_S	[-32.9261875   12.4868125    1.23290625]
0.04	 -0.39	0.02	-0.13	99_G	[-38.17295   7.6786    2.878  ]
0.17	 1.3	0.22	-0.47	99_G	[-37.16523077   9.729        5.47984615]
0.08	 0.6	-0.03	-0.26	99_G	[-40.25951515   9.20572727   4.48039394]
-0.02	 -0.16	-0.11	-0.05	99_G	[-39.50558333   8.29829167   1.97691667]
-0.16	 -0.46	-0.35	0.34	99_G	[-37.25242857   7.28152381   3.941     ]
0.08	 1.5	0.07	-0.33	100_D	[-36.98325   10.853875   5.651375]
0.11	 1.1	0.21	-0.42	100_D	[-36.68585714  12.62471429   6.91857143]
-0.01	 0.2	-0.01	-0.08	100_D	[-36.01875     15.38384375   6.76034375]
-0.03	 0.18	-0.36	0.02	100_D	[-38.14275     11.33421875   6.9290625 ]
0.02	 0.37	-0.01	-0.14	100_D	[-35.62607143  12.64667857   5.50325   ]
0.17	 1.4	0.34	-0.58	101_V	[-41.80415385  10.98738462   4.85853846]
0.11	 0.93	-0.04	-0.23	101_V	[-42.37715556  13.65191111   8.53273333]
0.11	 0.75	-0.01	-0.21	101_V	[-39.91882609  12.1796087    7.27482609]
0.19	 1.48	0.27	-0.52	101_V	[-41.98181481  11.08114815   3.81955556]
-0.11	 -0.33	-0.34	0.07	101_V	[-41.3455      12.89677778   8.4445    ]
0.08	 0.55	0.06	-0.28	102_N	[-38.2235     17.9516875   5.942625 ]
0.13	 1.29	0.19	-0.43	102_N	[-41.4368  16.2258   8.494 ]
0.14	 1.48	0.2	-0.46	102_N	[-42.12735714  16.86585714   8.85307143]
0.08	 1.24	-0.02	-0.17	102_N	[-39.09966667  18.47255556   9.39355556]
0.11	 1.39	0.03	-0.31	102_N	[-37.7895  17.2495   6.225 ]
0.05	 0.32	-0.07	-0.15	102_N	[-39.39108333  19.29741667   5.38794444]
-0.05	 0.14	-0.12	-0.05	102_N	[-40.54339394  17.12490909   9.83648485]
-0.11	 -0.45	-0.03	0.07	102_N	[-38.1949375  17.84175     8.105625 ]
-0.01	 0.44	0.03	-0.17	103_K	[-35.26788462  18.10826923   4.17946154]
-0.04	 -2.17	-0.01	-0.15	103_K	[-33.17518182  17.07927273   3.086     ]
0.09	 0.56	0.16	-0.2	103_K	[-37.564       18.85836842   3.47168421]
-0.17	 -0.37	-0.06	0.24	103_K	[-35.02532353  19.08755882   3.23135294]
-0.08	 0.19	-0.07	0.04	103_K	[-35.37147826  17.06347826   5.29069565]
-0.37	 -1.03	0.32	0.61	103_K	[-32.45257143  17.56928571   3.41942857]
-0.08	 -0.05	-0.22	0.12	103_K	[-33.66938889  14.90261111   3.55422222]
-0.02	 -0.37	0.01	-0.04	103_K	[-33.80258333  16.51783333   1.4145    ]
0.12	 0.71	0.11	-0.33	106_E	[-38.06065  21.14735   1.45095]
0.11	 0.45	-0.02	-0.21	106_E	[-36.57982353  20.51470588   1.10323529]
-0.22	 -0.43	-0.04	0.32	106_E	[-38.38834884  21.95334884   2.66644186]
0.18	 1.81	0.17	-0.43	109_R	[-43.44223529  25.19747059  -2.14705882]
0.06	 0.63	-0.39	0.09	109_R	[-42.09811111  25.3775      -1.07777778]
0.2	 1.8	0.15	-0.39	109_R	[-42.3951  25.7615   0.5041]
-0.08	 0.38	0.03	0.08	109_R	[-40.54075    24.4388125  -1.61925  ]
-0.02	 -0.32	-0.21	-0.02	109_R	[-41.47325  25.02995   1.6313 ]
0.04	 0.43	-0.01	-0.06	109_R	[-40.426       23.86507143  -2.56728571]
-0.09	 -0.04	-0.02	0.13	109_R	[-39.66451852  23.77674074  -0.16737037]
0.2	 0.79	0.4	-0.61	110_D	[-43.5005  23.1875  -7.0515]
0.2	 1.71	0.01	-0.26	110_D	[-44.08583333  23.28708333  -8.06566667]
0.13	 1.17	0.14	-0.35	110_D	[-40.91114286  22.08428571  -6.68485714]
-0.11	 1.57	0.02	0.1	110_D	[-41.44406667  23.86706667  -5.22253333]
-0.11	 -0.2	0.04	0.16	110_D	[-43.05279167  24.57945833  -3.97620833]
-0.07	 -0.08	-0.11	0.11	110_D	[-39.57394595  22.43994595  -4.458     ]
0.09	 0.49	0.05	-0.16	110_D	[-43.90557143  23.77109524  -6.11180952]
-0.03	 -0.17	-0.25	0.11	110_D	[-41.66465217  22.69073913  -7.59182609]
0.09	 1.3	0.09	-0.29	112_W	[-51.81661111  17.62061111  -8.11638889]
0.08	 1.04	0.07	-0.27	112_W	[-53.1778  18.5214  -8.224 ]
0.1	 1.01	0.1	-0.41	112_W	[-54.9007619   20.32452381  -5.41842857]
0.19	 1.36	0.14	-0.39	112_W	[-51.52245  23.3048   -4.67705]
0.11	 1.37	0.38	-0.71	112_W	[-54.47346154  23.12007692  -6.91338462]
0.02	 -0.74	-0.06	-0.09	112_W	[-51.53569231  16.27692308  -7.17423077]
-0.08	 0.18	0.02	-0.05	112_W	[-54.0100303   17.90048485  -6.121     ]
-0.15	 -0.2	-0.14	0.19	112_W	[-55.376       20.39612903  -6.00103226]
-0.1	 -0.11	-0.14	0.07	112_W	[-52.208375    24.25616667  -5.5095    ]
-0.06	 0.24	-0.09	0.08	112_W	[-55.27933333  22.92975758  -5.56027273]
0.06	 0.79	0.36	-0.64	113_R	[-49.32683333  24.90683333  -8.37933333]
0.16	 1.18	0.07	-0.32	113_R	[-46.87991667  24.90883333  -9.5505    ]
0.15	 1.44	0.12	-0.38	113_R	[-49.60885714  25.23685714  -9.40414286]
0.05	 0.65	0.05	-0.25	113_R	[-46.79252174  24.97178261  -8.03243478]
0.04	 0.37	-0.18	0.06	113_R	[-48.75033333  25.98233333  -6.275     ]
0.05	 1.8	-0.05	-0.13	113_R	[-46.7545  26.0326  -5.7215]
0.0	 -0.04	-0.06	-0.01	113_R	[-48.83525   26.341875  -4.036   ]
-0.04	 -0.05	-0.04	0.01	113_R	[-47.91473333  27.37113333  -2.92073333]
0.1	 0.88	0.07	-0.28	113_R	[-45.19666667  27.18307407  -2.97714815]
-0.03	 0.45	-0.02	0.06	113_R	[-48.071875   27.5505625  -1.276125 ]
0.11	 0.94	0.07	-0.26	113_R	[-50.2486      24.391       -7.78006667]
0.05	 -0.0	-0.04	-0.12	113_R	[-45.6286875  24.42025    -7.38825  ]
-0.06	 -0.26	-0.16	0.11	113_R	[-47.99625     25.94941667  -7.90779167]
-0.07	 -0.69	-0.08	0.2	113_R	[-49.7795625  25.3276875  -5.9749375]
0.11	 0.31	0.03	-0.23	113_R	[-45.2055625  25.0884375  -5.2335   ]
-0.19	 -1.19	0.02	0.27	113_R	[-47.39        26.77736364  -5.85395455]
0.04	 0.35	0.97	0.11	113_R	[-49.53432353  24.33705882  -3.48817647]
-0.16	 -0.39	-0.22	0.21	113_R	[-45.07526087  26.93356522  -4.11404348]
-0.0	 0.23	0.08	0.05	113_R	[-49.14395652  25.54108696  -1.203     ]
0.18	 1.42	0.03	-0.3	113_R	[-47.39166667  27.99188889  -0.48111111]
0.0	 0.42	0.07	-0.2	114_R	[-44.65942105  24.60821053 -10.56436842]
0.14	 1.42	0.08	-0.39	114_R	[-42.30605882  23.92847059 -13.07576471]
0.07	 0.85	0.11	-0.31	114_R	[-42.03463636  21.008      -15.0995    ]
0.1	 1.01	0.06	-0.31	114_R	[-46.8245625  25.2749375 -11.069375 ]
-0.02	 0.25	-0.1	-0.02	114_R	[-45.127       25.27088889 -12.39862963]
-0.05	 -0.18	0.01	0.05	114_R	[-43.85975  23.9667   -9.71375]
-0.2	 -0.22	-0.25	0.12	114_R	[-41.972       24.55175    -12.91841667]
0.15	 0.78	-0.01	-0.38	114_R	[-41.47384  22.74004 -10.07412]
-0.03	 0.16	-0.1	0.1	114_R	[-42.51981579  22.43286842 -14.87897368]
-0.02	 -0.16	-0.05	-0.01	114_R	[-40.94971429  19.95007143 -15.19507143]
0.02	 0.22	-0.03	-0.07	115_D	[-51.87786842  20.57865789 -13.86776316]
0.04	 0.58	0.05	-0.23	115_D	[-51.67641667  18.57616667 -12.52566667]
0.01	 0.24	-0.06	-0.11	115_D	[-50.689       17.71073333 -14.832     ]
-0.1	 -0.27	-0.03	0.11	115_D	[-51.00117647  16.8197451  -11.70752941]
0.17	 1.04	-0.07	-0.25	116_Q	[-52.35092308  22.74261538 -14.36084615]
-0.17	 -0.64	0.04	0.17	116_Q	[-53.33576316  24.27213158 -13.79502632]
-0.05	 -0.1	-0.1	-0.02	116_Q	[-52.075       25.41516667 -10.30983333]
0.07	 0.79	0.33	-0.51	116_Q	[-53.689   24.2564  -9.1596]
0.06	 1.26	-0.11	-0.05	116_Q	[-54.72625  21.8395  -11.0115 ]
-0.18	 -0.41	0.04	0.21	116_Q	[-55.35978  22.78614  -9.3483 ]
-0.04	 0.43	-0.12	-0.11	116_Q	[-53.34528571  19.87838095 -10.63533333]
0.01	 0.02	-0.02	0.02	116_Q	[-53.7069375  22.1724375 -12.2625   ]
0.04	 1.15	0.18	-0.11	116_Q	[-51.18541176  25.25288235  -9.96476471]
-0.11	 -0.33	-0.13	0.2	116_Q	[-53.47366667  24.97972222 -10.93861111]
0.06	 0.32	-0.0	-0.13	116_Q	[-52.79332  24.17776  -8.18088]
0.14	 0.95	-0.16	-0.14	116_Q	[-52.34876471  19.14911765  -9.78776471]
-0.27	 -0.52	0.11	0.33	116_Q	[-54.80776  19.97368  -9.64048]
0.08	 0.68	0.14	-0.37	117_E	[-50.58166667  26.42866667 -15.758     ]
-0.05	 -0.32	-0.09	0.05	117_E	[-49.78975   25.777375 -16.84575 ]
-0.12	 -0.41	0.0	0.18	117_E	[-51.01025     23.33553125 -16.680625  ]
0.07	 0.68	-0.12	0.03	117_E	[-50.74533333  27.34233333 -14.23266667]
0.08	 1.51	0.05	-0.31	117_E	[-50.6405  27.2452 -11.8794]
-0.14	 -0.32	-0.17	0.13	117_E	[-48.62928571  27.98035714 -11.63496429]
-0.13	 -0.52	-0.04	0.18	117_E	[-48.58680392  27.25878431  -9.90084314]
-0.16	 -0.29	-0.01	0.21	117_E	[-48.09972917  28.91122917 -13.03629167]
-0.1	 -0.61	-0.02	0.09	117_E	[-51.84711111  25.88527778 -15.146     ]
0.27	 1.43	0.4	-0.62	117_E	[-47.04277273  26.254      -13.53031818]
-0.05	 -0.41	0.03	0.05	117_E	[-49.52466667  27.502875   -14.92395833]
-0.13	 -0.44	-0.11	0.17	117_E	[-51.41234783  26.959      -12.25565217]
0.18	 1.03	0.04	-0.29	118_R	[-48.43288889  26.30788889 -16.48066667]
0.1	 1.04	0.49	-0.83	118_R	[-47.0044  24.2168 -18.7836]
0.09	 0.89	-0.08	-0.17	118_R	[-49.27566667  22.68541667 -18.14416667]
-0.24	 -0.86	0.08	0.32	118_R	[-47.59156667  22.25143333 -19.16103333]
0.11	 1.5	0.09	-0.33	118_R	[-45.40876471  23.73370588 -17.23741176]
0.06	 1.31	-0.01	-0.16	118_R	[-46.37716667  26.50775    -17.75375   ]
-0.02	 -0.04	-0.03	-0.05	118_R	[-43.12325    25.9178125 -16.9251875]
-0.03	 0.99	-0.1	-0.02	118_R	[-43.50854545  27.58454545 -17.60545455]
-0.05	 -0.13	-0.06	-0.01	118_R	[-43.92084375  28.67475    -16.5073125 ]
-0.0	 -0.04	-0.01	-0.06	118_R	[-44.92184615  28.40930769 -14.35380769]
-0.19	 0.17	0.01	0.25	118_R	[-43.19995238  30.32661905 -16.92761905]
-0.19	 -0.91	0.01	0.31	118_R	[-48.2915625  25.1394375 -18.4226875]
-0.11	 -0.72	-0.08	0.07	118_R	[-45.38655556  23.69805556 -18.19627778]
-0.21	 -0.85	0.01	0.33	118_R	[-46.27036364  26.63345455 -18.44468182]
0.11	 0.35	0.09	-0.22	118_R	[-46.98638462  27.25584615 -15.89230769]
-0.0	 0.13	-0.28	-0.12	118_R	[-43.31532353  25.29347059 -15.19767647]
-0.15	 -0.46	0.05	0.23	118_R	[-43.46306897  25.0197931  -17.608     ]
-0.26	 -0.98	0.09	0.41	118_R	[-43.52471429  27.66542857 -18.62628571]
0.02	 0.71	-0.05	-0.18	118_R	[-45.12055172  27.00165517 -13.97803448]
-0.4	 -1.39	-0.2	0.74	118_R	[-44.4737  29.3748 -14.0076]
-0.24	 -1.41	0.18	0.48	118_R	[-42.8968   29.87996 -18.1364 ]
-0.26	 -1.39	0.17	0.47	118_R	[-43.423625    30.85491667 -15.719125  ]
0.08	 1.37	-0.06	-0.12	119_G	[-49.88915385  20.503      -16.58815385]
0.19	 1.52	-0.14	-0.12	119_G	[-46.68033333  19.5555     -17.95083333]
-0.02	 0.69	-0.03	-0.11	119_G	[-45.0555      20.92206667 -16.85986667]
0.17	 0.86	0.11	-0.36	119_G	[-49.88278571  19.38335714 -15.936     ]
-0.15	 -0.44	-0.06	0.23	119_G	[-49.04855  20.00225 -17.82985]
-0.01	 0.35	-0.11	-0.02	120_L	[-44.52292308  18.34938462 -17.85738462]
-0.03	 -0.04	0.06	-0.01	120_L	[-46.474       17.35763636 -18.50390909]
0.15	 1.76	0.15	-0.41	120_L	[-43.98113333  19.31146667 -15.9726    ]
0.05	 0.21	-0.08	-0.16	121_S	[-43.23166667  18.03141667 -17.23333333]
0.04	 0.63	-0.07	-0.14	121_S	[-43.57566667  17.38916667 -18.55683333]
-0.21	 -0.88	-0.12	0.24	121_S	[-41.2336  16.303  -19.071 ]
0.12	 1.08	0.1	-0.38	121_S	[-42.5845    18.004125 -16.78825 ]
-0.17	 -0.38	0.02	0.15	121_S	[-44.2396   16.17115 -19.385  ]
-0.14	 -0.34	0.09	0.22	121_S	[-41.64381818  14.85336364 -19.33790909]
-0.22	 -0.56	0.19	0.2	121_S	[-41.44634783  17.36778261 -18.07530435]
-0.02	 0.17	-0.11	-0.02	121_S	[-39.81514634  15.16809756 -16.55290244]
0.11	 1.12	-0.01	-0.25	122_A	[-45.47433333  13.99346667 -18.88266667]
0.08	 0.86	0.19	-0.57	122_A	[-46.04        13.15171429 -18.56642857]
0.17	 2.16	0.09	-0.35	122_A	[-45.44108333  10.43875    -16.27275   ]
-0.1	 -0.49	-0.06	0.15	122_A	[-44.57508  10.39776 -20.06372]
-0.05	 -0.4	-0.15	0.09	122_A	[-43.82790476  13.50938095 -19.85595238]
0.03	 0.75	-0.17	-0.04	122_A	[-46.43938889  12.00533333 -17.725     ]
-0.03	 -0.06	-0.07	-0.01	122_A	[-45.22796296   9.57722222 -18.25396296]
-0.24	 -0.75	0.19	0.42	122_A	[-45.57157143  11.81642857 -20.06852381]
-0.17	 -0.63	0.08	0.19	122_A	[-42.748       10.85214286 -19.78257143]
0.05	 0.61	-0.1	-0.14	123_G	[-40.31664286  10.47328571 -16.21857143]
0.15	 0.44	0.06	-0.33	123_G	[-40.7694   10.78375 -12.688  ]
0.07	 -0.38	-0.0	-0.13	123_G	[-41.46138095  12.10409524 -18.16442857]
0.03	 0.4	-0.03	-0.28	123_G	[-40.6783    9.9843  -14.94165]
-0.05	 -0.16	-0.11	0.05	123_G	[-39.68612  11.99232 -16.12056]
0.06	 -0.44	0.01	-0.17	124_E	[-40.05144444  17.74027778 -15.08733333]
0.02	 -0.05	-0.07	-0.12	124_E	[-41.97266667  18.79419048 -15.79552381]
0.14	 1.39	0.12	-0.4	124_E	[-38.78926316  18.57447368 -13.46157895]
0.07	 0.91	0.26	-0.42	125_K	[-47.7208  12.8662 -12.141 ]
0.13	 1.33	-0.07	-0.19	125_K	[-46.97981818  10.39081818 -12.95209091]
0.15	 0.89	-0.04	-0.24	125_K	[-47.75160714  11.50557143 -11.24278571]
0.09	 1.08	-0.03	-0.17	125_K	[-47.40521429  11.42064286 -14.04464286]
-0.01	 0.47	-0.19	0.07	125_K	[-48.87433333  13.87666667 -13.91066667]
-0.06	 0.0	-0.11	0.08	125_K	[-49.4894  12.3359 -16.0739]
-0.01	 -0.06	-0.02	-0.04	125_K	[-48.5805   14.41265 -18.1616 ]
0.01	 0.47	-0.02	-0.19	125_K	[-50.521       15.99233333 -17.22866667]
0.17	 1.08	0.11	-0.4	125_K	[-47.748625   13.6085625 -12.067375 ]
0.01	 0.17	-0.18	-0.03	125_K	[-46.63547619  10.86614286 -15.21728571]
-0.26	 -0.84	-0.07	0.38	125_K	[-48.48435  11.90055 -13.37855]
0.13	 0.6	0.11	-0.37	125_K	[-48.71895455  14.78522727 -13.38759091]
-0.11	 -0.38	0.02	0.2	125_K	[-48.3715   11.9983  -16.66685]
-0.15	 -0.94	0.04	0.26	125_K	[-49.96617391  13.53556522 -15.05056522]
0.01	 0.05	-0.15	0.08	125_K	[-47.23457895  14.39757895 -18.41042105]
-0.22	 -0.62	0.18	0.32	125_K	[-50.00404348  14.233      -18.00895652]
-0.06	 -0.21	-0.04	0.06	125_K	[-49.57157143  17.32114286 -17.44442857]
-0.12	 -0.41	-0.07	0.14	125_K	[-50.58445  15.7705  -15.529  ]
0.07	 1.33	-0.03	-0.21	126_R	[-42.66353333   8.98813333 -10.17586667]
0.03	 0.39	-0.2	-0.09	126_R	[-44.12858333   8.18833333  -9.6395    ]
0.03	 0.5	-0.11	-0.03	126_R	[-43.1644   8.2266 -12.1204]
0.08	 0.31	-0.15	-0.06	126_R	[-45.50166667   8.26625    -14.78583333]
-0.05	 0.33	-0.06	0.03	126_R	[-43.16013333   6.2692     -14.58993333]
0.05	 0.63	0.1	-0.26	126_R	[-44.43921429   7.45871429 -16.64385714]
-0.07	 -0.21	0.0	0.07	126_R	[-42.30623529   6.48752941 -17.40058824]
-0.08	 0.07	0.07	0.04	126_R	[-41.04522222   7.50683333 -16.48666667]
-0.1	 0.32	-0.0	0.12	126_R	[-43.1200625   7.2455625 -19.386375 ]
-0.01	 -0.28	-0.07	-0.01	126_R	[-46.3068125   8.6359375 -11.5645625]
0.05	 -0.26	0.08	-0.17	126_R	[-41.95433333   9.03473333 -13.2068    ]
-0.21	 -1.02	-0.0	0.33	126_R	[-43.77952632   7.40247368 -11.81478947]
-0.15	 -0.33	0.12	0.03	126_R	[-45.9909       8.2008     -13.88336667]
0.12	 0.81	0.13	-0.35	126_R	[-45.19014286   9.27514286 -15.91864286]
-0.13	 -0.63	-0.02	0.21	126_R	[-41.99528571   7.14142857 -14.04842857]
-0.23	 -0.8	0.11	0.42	126_R	[-44.06713636   5.85963636 -14.13454545]
-0.21	 -0.63	0.02	0.3	126_R	[-45.10346154   6.63326923 -16.56696154]
-0.16	 -0.37	0.07	0.17	126_R	[-41.035        8.26566667 -15.22088889]
-0.15	 -1.35	0.02	0.27	126_R	[-40.72990909   9.18645455 -17.61827273]
-0.2	 -0.64	0.06	0.34	126_R	[-44.42857143   7.21385714 -19.04057143]
-0.22	 -0.71	0.07	0.31	126_R	[-42.24654545   8.31872727 -19.56881818]
0.09	 0.65	0.29	-0.46	127_M	[-41.9934  10.0709 -11.0827]
0.04	 0.21	0.07	-0.3	127_M	[-41.76883333  10.04583333 -10.30366667]
0.04	 0.37	-0.21	0.07	127_M	[-40.52   10.961  -9.946]
0.04	 0.67	0.02	-0.08	127_M	[-41.23469231   9.90615385  -9.08584615]
0.08	 0.62	0.15	-0.36	127_M	[-40.14489474  11.25547368 -10.75857895]
0.11	 0.75	0.02	-0.24	127_M	[-39.36228571  10.73932143  -8.301     ]
0.19	 0.83	0.08	-0.3	127_M	[-38.33966667  11.3516     -10.4536    ]
0.08	 0.67	0.01	-0.13	128_L	[-48.23     13.4815   -9.16975]
0.02	 -0.16	-0.06	-0.09	128_L	[-49.81358333  15.07333333  -8.88091667]
0.03	 0.3	-0.13	-0.09	128_L	[-48.9864   13.29825  -8.31265]
0.12	 0.56	0.08	-0.27	128_L	[-50.2366087   16.06204348  -8.474     ]
0.07	 0.35	0.14	-0.24	128_L	[-48.76929032  14.60441935 -10.45583871]
0.11	 0.97	1.93	-0.89	129_A	[-48.0096875  12.2955625  -9.34275  ]
0.11	 1.42	0.05	-0.28	129_A	[-48.8576  11.6972  -8.6318]
0.04	 0.68	-0.09	-0.08	129_A	[-47.18566667   7.75111111  -7.41233333]
0.04	 -0.13	-0.07	-0.05	129_A	[-48.7241    8.2238   -5.69925]
-0.14	 -0.78	-0.03	0.18	129_A	[-48.70672   8.76364  -9.82244]
0.04	 0.88	-0.04	-0.14	129_A	[-49.4707619   10.84690476  -7.42695238]
-0.23	 -0.73	0.13	0.35	129_A	[-49.26552174   8.32747826  -8.50878261]
-0.22	 -0.8	-0.01	0.31	129_A	[-49.16709091  10.68436364  -9.99168182]
0.03	 0.09	0.11	-0.15	129_A	[-46.76005263   8.20468421  -9.25778947]
0.11	 1.58	-0.06	-0.22	130_K	[-45.93133333   7.78666667  -7.874     ]
0.04	 1.68	0.03	-0.26	130_K	[-46.1105       7.40033333  -7.27716667]
0.17	 1.1	0.07	-0.46	130_K	[-44.77816667   6.18033333  -6.48433333]
0.04	 0.44	-0.11	-0.29	130_K	[-44.15481818   5.52145455  -5.92154545]
-0.04	 -0.18	-0.12	0.02	130_K	[-42.65628571   4.94692857  -5.90407143]
0.06	 0.89	0.04	-0.22	130_K	[-41.15222222   6.99433333  -7.03477778]
-0.02	 -3.1	-0.02	-0.12	130_K	[-39.08244444   6.61844444  -7.36366667]
0.04	 0.57	-0.03	-0.22	130_K	[-46.4103913    6.46343478  -6.10295652]
-0.05	 0.32	0.02	-0.03	130_K	[-44.0157       6.97316667  -7.93276667]
-0.19	 -0.45	-0.17	0.23	130_K	[-41.865375     5.45608333  -4.63870833]
-0.2	 -0.61	0.03	0.28	130_K	[-42.35495   5.41215  -7.5195 ]
0.03	 0.72	-0.09	-0.18	130_K	[-41.17220833   8.176375    -8.12441667]
0.1	 0.45	0.0	-0.2	130_K	[-40.10023529   7.34394118  -4.61217647]
-0.15	 -0.21	0.04	0.39	130_K	[-38.62724444   7.83593333  -7.11233333]
-0.23	 -0.53	0.09	0.34	130_K	[-39.40803704   5.37681481  -6.11437037]
-0.32	 -0.58	0.24	0.44	130_K	[-40.14257143   5.70080952  -8.37166667]
0.13	 1.37	0.13	-0.4	132_R	[-50.21984615   9.28892308  -2.07069231]
0.06	 0.51	-0.16	-0.07	132_R	[-50.44      10.317625  -4.159875]
0.02	 -0.38	0.04	-0.16	132_R	[-51.02188235  13.71952941  -6.78929412]
-0.09	 0.41	-0.11	0.13	132_R	[-52.5558  12.4776  -5.8912]
-0.09	 -0.43	0.0	0.09	132_R	[-53.64457143  13.70457143  -5.70835714]
0.02	 0.68	-0.06	-0.07	132_R	[-52.81083333  15.32505556  -6.18483333]
-0.14	 0.34	-0.03	0.2	132_R	[-55.08183333  13.35466667  -4.70308333]
0.07	 1.42	0.05	-0.2	132_R	[-49.99530769  10.41084615  -5.05407692]
0.09	 0.46	-0.02	-0.18	132_R	[-50.99266667  10.53819048  -2.91957143]
0.07	 1.35	0.02	-0.29	132_R	[-50.94907143  14.80057143  -6.7435    ]
-0.01	 0.03	-0.03	0.0	132_R	[-50.6692   12.01905  -6.52665]
-0.04	 -0.41	-0.01	0.05	132_R	[-52.45285714  11.47395238  -4.19409524]
0.13	 1.02	0.16	-0.32	132_R	[-51.849    15.23875  -6.31675]
0.08	 0.75	-0.02	-0.14	132_R	[-54.17677778  15.75611111  -5.33844444]
0.02	 0.22	-0.13	-0.06	132_R	[-54.95842105  12.01818421  -3.37528947]
-0.02	 0.3	-0.12	0.0	132_R	[-55.48833333  14.27        -4.495     ]
0.03	 0.92	0.07	-0.29	133_Q	[-49.5165       8.6845      -3.54533333]
0.07	 0.69	-0.05	-0.19	133_Q	[-49.61166667   7.75833333  -3.389     ]
0.05	 0.19	-0.1	-0.08	133_Q	[-48.73680952   6.11528571   0.47647619]
0.09	 0.58	-0.02	-0.02	133_Q	[-49.30933333   5.82533333  -3.089     ]
-0.0	 -0.05	-0.06	0.02	133_Q	[-47.38666667   4.52433333  -1.09855556]
-0.2	 -0.79	-0.05	0.21	133_Q	[-46.55422222   3.02011111  -2.85722222]
-0.12	 -0.23	0.05	0.1	133_Q	[-44.55992857   4.14457143  -2.9022619 ]
-0.14	 -0.98	-0.11	0.19	133_Q	[-47.34115   3.5919   -4.98285]
-0.07	 0.13	-0.12	0.06	133_Q	[-50.18656   7.32404  -1.79076]
-0.09	 0.03	-0.08	0.08	133_Q	[-49.13627778   6.42633333  -4.16316667]
0.06	 0.52	0.03	-0.13	133_Q	[-46.40671429   5.292       -0.68457143]
-0.24	 -0.66	0.07	0.36	133_Q	[-48.734        4.59605263  -1.87557895]
-0.16	 -0.67	0.08	0.27	133_Q	[-48.22268182   4.51327273  -5.10672727]
-0.18	 -0.43	0.01	0.22	133_Q	[-45.75885366   3.69973171  -5.44787805]
0.21	 1.35	0.09	-0.35	134_I	[-45.83307143   7.19621429   2.88921429]
0.1	 1.42	0.14	-0.35	134_I	[-43.1782   5.904   -1.8594]
0.07	 0.83	0.01	-0.28	134_I	[-42.39175862   9.10472414   2.63424138]
-0.12	 -0.36	-0.11	0.06	134_I	[-40.7825     7.015125  -1.026125]
-0.05	 -0.14	-0.05	-0.01	134_I	[-46.02752941   6.24158824   1.14064706]
-0.08	 -0.02	-0.08	0.07	134_I	[-43.63865   5.81625  -0.5163 ]
-0.18	 -0.1	-0.07	0.15	134_I	[-43.46921739   7.15134783   2.36965217]
0.05	 0.11	0.05	-0.14	134_I	[-41.43753571   6.87375     -2.52278571]
0.06	 0.19	0.07	-0.21	134_I	[-40.99985714   7.53190476   0.32471429]
0.14	 1.74	0.22	-0.48	136_V	[-51.447        9.77927273  -1.23581818]
0.03	 0.66	-0.08	-0.13	136_V	[-51.54857692   7.34096154  -0.06438462]
0.1	 0.85	0.06	-0.28	136_V	[-52.78665517  10.41986207  -1.42151724]
-0.08	 0.17	-0.18	0.03	136_V	[-53.3177     7.942675   0.3078  ]
0.06	 0.52	-0.02	-0.17	136_V	[-52.03513636   6.24181818   1.6335    ]
-0.02	 0.06	-0.02	-0.01	137_G	[-49.48863158   5.51189474   2.89089474]
-0.05	 0.11	-0.21	0.07	137_G	[-47.67714286   5.73271429   5.31185714]
0.1	 0.96	0.07	-0.28	137_G	[-48.63078571   5.54475      6.33407143]
-0.13	 -0.58	-0.1	0.14	137_G	[-50.81222222   5.34616667   3.60083333]
-0.14	 -0.64	0.04	0.14	137_G	[-47.66591667   5.771        3.266125  ]
0.07	 0.97	-0.09	-0.22	138_E	[-43.38610526   8.05510526   4.86826316]
0.11	 1.47	0.37	-0.6	138_E	[-42.88614286   7.53542857   5.88114286]
0.2	 1.67	0.12	-0.38	138_E	[-44.42889286   6.66592857   8.89707143]
-0.2	 -0.04	-0.11	0.15	138_E	[-44.74432653   5.9992449    6.2895102 ]
0.19	 1.17	0.21	-0.46	138_E	[-45.43246667   7.1966       4.26786667]
0.15	 0.97	0.09	-0.37	138_E	[-42.9992       9.58936667   4.92266667]
0.05	 0.61	-0.01	-0.24	140_A	[-53.09841176   5.05394118   5.99182353]
0.16	 0.98	0.07	-0.33	140_A	[-53.39121053   4.839        7.44478947]
0.07	 0.62	0.04	-0.23	140_A	[-51.73126923   5.30438462   6.19392308]
0.01	 0.25	-0.09	-0.1	141_L	[-51.08206452   7.12503226  13.29312903]
0.05	 0.37	-0.08	0.08	141_L	[-49.01633333   3.43933333   8.09466667]
0.01	 0.71	-0.04	-0.15	141_L	[-47.4627931    3.17137931   9.45665517]
-0.05	 -0.33	-0.37	0.1	141_L	[-51.24637931   3.04755172   9.51144828]
0.13	 0.91	0.07	-0.34	141_L	[-52.16496429   5.2225      10.89592857]
0.2	 1.51	0.25	-0.5	141_L	[-49.17464706   5.38341176  12.14588235]
-0.01	 0.24	-0.09	-0.12	141_L	[-49.33952632   4.30363158   7.56610526]
-0.2	 -0.64	-0.12	0.28	141_L	[-47.65996552   2.257        9.27355172]
0.05	 0.59	0.06	-0.24	141_L	[-46.34208571   4.94062857   9.36837143]
0.08	 0.56	-0.05	-0.21	141_L	[-48.04126667   3.08353333  11.59973333]
-0.22	 -1.47	-0.18	0.74	141_L	[-50.41552381   2.22242857   9.04785714]
-0.14	 -1.0	-0.1	0.35	141_L	[-50.59256   3.87928  11.55184]
0.13	 0.95	-0.03	-0.23	141_L	[-52.3225       4.09411765   8.93664706]
-0.05	 0.18	-0.02	0.01	142_A	[-51.72156522  10.90023913  14.06671739]
0.14	 0.83	0.06	-0.3	142_A	[-49.5830625   9.417125   13.7178125]
0.04	 0.79	0.19	-0.49	143_E	[-55.3016  11.2292  13.0564]
0.02	 0.61	-0.0	-0.18	143_E	[-54.36011111   9.87977778  13.85811111]
-0.09	 -0.43	0.01	0.12	143_E	[-56.79386957   9.78669565  12.4363913 ]
0.04	 0.46	-0.14	-0.02	143_E	[-55.30973684  14.45910526  11.75478947]
-0.13	 -0.1	0.24	0.13	143_E	[-56.211375   14.9205625  10.24075  ]
-0.15	 -0.38	-0.08	0.2	143_E	[-54.27941026  15.12415385  12.76420513]
-0.06	 0.7	0.01	-0.04	143_E	[-54.38680952  11.81538095  13.33990476]
0.05	 0.16	-0.03	-0.13	143_E	[-56.3945  11.6313  10.5731]
0.11	 0.83	-0.04	-0.17	144_S	[-55.53093333   5.01313333  11.381     ]
-0.17	 -0.48	-0.1	0.18	144_S	[-57.42960714   5.87235714  12.14657143]
-0.04	 0.25	0.06	-0.1	144_S	[-54.54295652   7.60352174  15.08665217]
-0.36	 -1.18	0.23	0.52	144_S	[-55.66425      5.17679167  15.15025   ]
-0.01	 0.35	-0.18	0.04	144_S	[-53.4688    5.5688   12.41064]
-0.23	 -0.43	-0.03	0.31	144_S	[-53.379125     7.231875    14.88470833]
-0.13	 -0.58	0.01	0.22	144_S	[-56.1419    8.1796   14.57455]
-0.16	 -0.73	0.14	0.18	144_S	[-56.50223529   5.20729412  14.00805882]
0.17	 1.21	0.06	-0.33	145_T	[-54.28135   4.84525   9.813  ]
0.02	 0.2	-0.13	-0.04	145_T	[-58.64442857   8.38528571   9.297     ]
-0.22	 -0.02	-0.29	0.18	145_T	[-59.49236364   7.16945455   7.68381818]
0.11	 1.23	-0.03	-0.22	145_T	[-56.9136  10.2264   9.31  ]
0.01	 -0.08	-0.06	0.05	145_T	[-58.28764706   5.97135294  10.05111765]
-0.07	 0.05	-0.02	0.11	145_T	[-58.18481481   8.9537037   10.04496296]
-0.07	 0.0	-0.21	0.09	145_T	[-59.73009091   8.44586364   7.89059091]
0.15	 0.83	0.1	-0.33	145_T	[-57.48066667  10.52781481   8.12881481]
0.15	 1.45	0.24	-0.5	146_D	[-57.94144444   4.59277778   8.85477778]
-0.01	 -0.06	-0.03	-0.02	146_D	[-58.70724   4.02308   4.42416]
-0.04	 0.58	-0.03	-0.02	146_D	[-58.22266667   1.986        6.48011111]
-0.04	 0.24	-0.03	-0.04	146_D	[-56.17266667   2.04933333   8.73895833]
-0.09	 0.01	-0.69	0.47	146_D	[-54.3075625    2.66116667   8.60660417]
-0.23	 -0.78	0.09	0.33	146_D	[-57.6216087    1.98195652   9.52304348]
0.06	 0.43	0.13	-0.26	146_D	[-58.66777273   5.88836364   6.73581818]
0.18	 1.26	0.23	-0.53	146_D	[-54.47366667   3.874        6.30586667]
-0.18	 -0.36	0.04	0.24	146_D	[-58.80522727   3.26904545   7.33209091]
-0.18	 -0.23	0.03	0.08	146_D	[-57.08615789   1.66773684   5.62884211]
0.03	 0.43	-0.02	-0.23	147_D	[-56.2823913    6.86652174   1.27978261]
-0.23	 -0.74	0.03	0.2	147_D	[-57.74352632   4.83515789   0.66452632]
-0.04	 0.61	0.0	-0.05	147_D	[-53.53177778   4.22955556   1.76466667]
-0.11	 -0.6	0.04	0.13	147_D	[-54.71526667   2.1292       2.4082    ]
-0.19	 -0.61	0.08	0.32	147_D	[-56.87892105   2.32205263   2.06621053]
-0.16	 -0.39	0.02	0.17	147_D	[-54.75062162   2.01478378   4.56      ]
0.23	 1.46	0.33	-0.57	147_D	[-54.69946667   7.41666667   2.24473333]
-0.14	 -0.52	-0.04	0.1	147_D	[-54.57552   4.84264   1.01116]
-0.02	 0.06	-0.08	-0.06	147_D	[-53.02342857   4.62767857   3.27446429]
0.12	 0.4	-0.03	-0.11	148_A	[-60.43547059   9.24994118   0.74452941]
-0.13	 -1.17	-0.05	0.14	148_A	[-60.96908696   5.592        2.32886957]
-0.02	 0.2	-0.14	-0.06	148_A	[-58.82920833   7.20204167   0.23570833]
-0.13	 -0.57	-0.06	0.25	148_A	[-61.621        7.0937       1.75903333]
-0.17	 -1.08	0.07	0.25	148_A	[-59.7502   4.4472   2.044 ]
0.01	 0.39	-0.03	-0.08	148_A	[-60.397        6.27795455   4.27686364]
0.15	 1.26	0.43	-0.64	149_K	[-59.3635  12.9483   4.8635]
0.08	 0.47	0.03	-0.2	149_K	[-59.33833333  10.85226667   7.029     ]
0.08	 0.9	0.08	-0.3	149_K	[-62.07211765   9.01917647   6.36394118]
0.06	 -0.19	-0.11	-0.14	149_K	[-62.5744  11.1382   3.1399]
-0.04	 -0.07	-0.15	0.12	149_K	[-63.99073333   8.91133333   3.43126667]
0.0	 -2.93	-0.02	-0.12	149_K	[-65.11077778   9.49933333   5.83611111]
0.1	 1.29	0.25	-0.65	149_K	[-59.08157143   9.92914286   7.41128571]
-0.06	 0.28	-0.11	0.09	149_K	[-60.43721429  11.813        5.99942857]
0.11	 0.34	0.0	-0.14	149_K	[-60.73390909   7.51504545   5.67490909]
-0.19	 -0.47	-0.18	0.22	149_K	[-62.0853   9.4797   7.1373]
-0.08	 0.08	-0.11	-0.04	149_K	[-62.62344444  11.73292593   4.55777778]
0.04	 0.4	-0.06	-0.18	149_K	[-62.090125    9.801       2.5094375]
-0.28	 -0.85	0.24	0.52	149_K	[-64.61095238   9.751        3.15742857]
-0.15	 -0.59	-0.08	0.24	149_K	[-63.60954167   7.55866667   4.42679167]
-0.43	 -0.98	0.33	0.62	149_K	[-65.9288   9.0966   5.6352]
-0.35	 -1.42	0.21	0.51	149_K	[-64.13157143   8.91542857   7.06007143]
-0.25	 -0.89	0.26	0.31	149_K	[-64.54668182  11.12140909   5.74768182]
0.2	 1.64	0.13	-0.39	151_E	[-54.7408  10.6871  -2.0537]
0.09	 1.23	0.11	-0.44	151_E	[-56.3396   8.86    -0.648 ]
0.05	 0.25	-0.16	-0.04	151_E	[-57.50403846   9.42184615  -2.04907692]
-0.31	 -1.01	0.04	0.45	151_E	[-56.34721622   8.89640541  -2.84116216]
-0.18	 -0.37	0.02	0.24	151_E	[-59.21653333  10.27875556  -2.03995556]
0.21	 1.41	0.34	-0.58	151_E	[-55.41123077   9.03723077   1.62219231]
0.08	 0.75	-0.06	-0.18	151_E	[-55.00708333   9.33808333  -0.50754167]
0.05	 0.07	-0.34	0.07	151_E	[-56.546        8.65769231   0.14192308]
-0.04	 0.09	-0.03	0.07	152_T	[-61.01417241  11.80527586   0.72782759]
-0.03	 0.1	-0.1	-0.02	152_T	[-61.74237931  14.49096552   2.47265517]
0.16	 0.87	0.11	-0.35	152_T	[-59.04117391  13.98913043  -0.74721739]
0.15	 0.76	0.11	-0.35	152_T	[-60.29214286  13.10042857   3.85742857]
0.11	 1.06	0.57	-1.07	152_T	[-61.06885714  10.75271429   1.31285714]
-0.22	 -0.62	-0.24	0.38	152_T	[-62.3837931   13.65465517   2.62906897]
0.06	 0.41	-0.12	-0.06	152_T	[-60.26161538  15.76619231   3.43034615]
-0.03	 -0.06	-0.1	0.18	152_T	[-61.1125      15.48383333   0.3844    ]
0.0	 0.01	-0.16	-0.05	153_I	[-58.9494      14.37006667   5.86233333]
0.08	 0.04	-0.17	-0.1	153_I	[-55.376     16.76775    7.636125]
-0.12	 -0.87	-0.17	0.14	153_I	[-57.58025  15.20675   8.38925]
0.11	 0.63	-0.09	-0.14	153_I	[-58.65361111  16.91605556   4.15077778]
-0.15	 -0.52	0.1	0.18	153_I	[-58.50295  15.89735   6.43315]
0.02	 0.37	-0.17	-0.07	153_I	[-59.15238095  14.03280952   5.11585714]
0.19	 1.16	0.18	-0.44	153_I	[-54.91470588  16.00717647   8.25488235]
0.01	 -0.24	-0.02	-0.02	153_I	[-56.09133333  17.723        6.32511111]
-0.09	 0.04	-0.06	0.02	153_I	[-58.02491667  12.97083333   8.09611111]
0.11	 0.39	-0.05	-0.11	153_I	[-56.54083333  15.76008333   8.31383333]
0.07	 0.95	0.09	-0.19	155_D	[-56.066       18.679       -2.74466667]
0.15	 1.33	0.15	-0.4	155_D	[-58.08335714  19.53842857  -1.43192857]
0.16	 1.06	0.17	-0.42	155_D	[-55.99575  19.9125   -2.7326 ]
0.03	 0.44	-0.09	-0.17	155_D	[-58.04847059  17.35382353  -2.41035294]
-0.14	 -0.35	-0.07	0.1	155_D	[-57.14469231  15.70684615  -3.938     ]
-0.04	 -0.46	-0.06	-0.0	155_D	[-55.5371875  16.4426875  -4.2126875]
-0.1	 -0.17	-0.12	0.11	155_D	[-57.76815   13.8225    -2.829525]
0.17	 1.03	0.57	-0.93	155_D	[-55.09007407  18.38937037  -3.19833333]
0.04	 0.59	-0.09	-0.13	155_D	[-59.09457143  16.55742857  -0.839     ]
-0.2	 -0.49	-0.07	0.25	155_D	[-57.81392308  18.39576923  -2.74611538]
0.06	 0.52	0.0	-0.22	156_E	[-56.88555  21.21095   3.3388 ]
0.11	 1.32	0.0	-0.26	156_E	[-57.68216  22.72516   1.94728]
0.03	 0.47	0.04	-0.27	156_E	[-59.556       20.38384211   2.75378947]
0.11	 1.27	0.22	-0.73	156_E	[-60.39030769  18.20392308   0.67123077]
-0.11	 -0.69	-0.05	0.11	156_E	[-61.35755172  19.12603448   2.65062069]
-0.29	 -1.11	0.23	0.49	156_E	[-61.6525     20.6018125   3.483875 ]
-0.23	 -0.75	-0.02	0.34	156_E	[-62.53431579  17.67378947   2.26189474]
0.04	 0.57	-0.11	-0.08	156_E	[-58.91873684  20.88794737  -0.13421053]
0.08	 0.09	0.01	-0.04	156_E	[-58.06861111  19.20711111   3.88672222]
-0.13	 -0.71	-0.28	0.2	156_E	[-59.265125    21.48129167   2.62854167]
-0.09	 -0.39	-0.49	0.65	156_E	[-6.01834483e+01  1.86814828e+01  1.69310345e-02]
0.15	 1.26	0.1	-0.36	157_V	[-52.29003846  23.92538462   0.91542308]
0.09	 1.29	-0.0	-0.18	157_V	[-54.41476  19.939     5.96012]
0.17	 0.92	-0.02	-0.25	157_V	[-55.47408333  21.87308333   4.072     ]
0.07	 1.02	0.0	-0.23	157_V	[-54.94155556  21.30466667   5.26655556]
0.05	 0.49	-0.03	-0.18	157_V	[-55.98852941  19.47394118   4.58029412]
0.01	 0.44	0.71	-0.07	158_L	[-52.96582609  24.1033913   -2.60571739]
0.2	 1.49	0.17	-0.45	158_L	[-50.70636842  22.24057895  -2.89047368]
0.14	 0.67	-0.05	-0.23	158_L	[-51.63776923  22.94730769  -0.78307692]
0.1	 0.91	0.05	-0.33	158_L	[-50.285    22.48775  -1.566  ]
0.05	 0.53	-0.12	-0.08	159_A	[-58.0714  24.9494  -1.5271]
-0.19	 -0.67	0.03	0.3	159_A	[-56.52509091  26.15972727  -2.79384848]
-0.11	 -0.27	0.03	0.07	159_A	[-58.52728571  22.50939286  -2.72271429]
-0.1	 -0.01	-0.1	-0.02	159_A	[-55.89446154  24.07584615  -4.10123077]
-0.23	 -0.88	0.18	0.39	159_A	[-58.6383  24.0023  -3.2587]
-0.15	 -0.02	-0.13	0.14	159_A	[-57.44588462  21.22011538  -3.34965385]
-0.06	 -0.22	-0.07	0.07	159_A	[-58.6225625  22.759125   -0.6365   ]
0.11	 1.42	0.13	-0.41	160_A	[-57.964       24.56845455  -0.39963636]
0.05	 1.0	-0.03	-0.22	160_A	[-57.45755556  26.22588889   0.19566667]
-0.15	 -0.17	-0.06	0.16	160_A	[-54.29635   27.0314     1.091925]
-0.22	 -0.96	0.04	0.26	160_A	[-53.656625   26.6449375  -0.896875 ]
-0.13	 -0.62	-0.06	0.11	160_A	[-57.34540909  25.47618182   2.93359091]
-0.19	 -0.59	0.06	0.2	160_A	[-57.44352941  26.86888235  -0.07076471]
-0.15	 -0.7	0.06	0.25	160_A	[-56.50782759  26.85196552   2.72334483]
-0.18	 -0.7	-0.02	0.37	160_A	[-58.36256667  24.72406667   1.62553333]
0.14	 1.54	0.04	-0.33	160_A	[-56.485875  24.003625   3.247   ]
