-0.29	 -1.18	0.19	0.45	193_G	[ -7.42036538  -4.34961538 -36.16234615]
-0.23	 -0.85	-0.11	0.3	193_G	[ -6.59694231  -4.19236538 -33.83880769]
-0.06	 -0.7	-0.12	0.04	193_G	[ -8.19983333  -5.59977778 -33.2805    ]
-0.3	 -0.89	0.11	0.38	193_G	[ -8.81283333  -7.1549     -34.14906667]
0.12	 0.56	0.0	-0.2	194_N	[ -8.28685714  -4.13607143 -31.9095    ]
-0.1	 0.14	-0.11	0.05	194_N	[-11.02772222  -5.377      -32.522     ]
0.13	 0.84	-0.02	-0.2	194_N	[-10.25983333  -3.15566667 -32.02733333]
0.25	 1.42	0.21	-0.46	194_N	[ -7.76058333  -3.74416667 -29.92791667]
-0.14	 -0.63	-0.09	0.11	194_N	[ -8.93657143  -7.39177143 -31.0922    ]
-0.07	 -0.2	0.03	0.04	194_N	[ -9.55025    -8.0021875 -29.3774375]
-0.0	 0.51	-0.26	-0.08	194_N	[-10.040875  -7.563375 -27.820375]
-0.19	 -0.98	0.13	0.27	194_N	[-11.95218868  -8.39675472 -30.50584906]
0.02	 0.43	0.08	-0.13	195_M	[-12.05814286  -4.36138095 -31.28685714]
-0.01	 -0.09	-0.26	0.03	195_M	[-11.43311111  -1.82966667 -31.188     ]
-0.17	 -0.85	-0.03	0.17	195_M	[-13.83617073  -3.37012195 -30.84309756]
-0.07	 -0.46	0.02	0.07	195_M	[-13.66436735  -0.53340816 -29.98089796]
-0.03	 0.23	-0.09	-0.05	195_M	[-15.33021622  -2.9727027  -27.5367027 ]
-0.24	 -1.21	0.11	0.37	195_M	[-15.87688136   0.3790678  -27.75350847]
0.15	 1.35	0.16	-0.41	196_E	[-12.01221739  -7.96443478 -26.5946087 ]
0.18	 1.59	0.32	-0.56	196_E	[-14.64558824  -4.89811765 -25.71135294]
0.1	 1.37	-0.17	-0.1	196_E	[-14.85084615  -6.57115385 -28.43938462]
-0.03	 0.06	-0.13	-0.0	196_E	[-13.65378378  -7.32767568 -28.85410811]
-0.08	 -0.06	-0.04	0.04	196_E	[-15.94945652  -6.27713043 -27.44754348]
0.14	 1.39	0.01	-0.3	197_R	[ -6.09023077  -3.17876923 -27.77753846]
0.18	 1.52	0.3	-0.55	197_R	[ -5.46226087  -2.33417391 -27.16534783]
0.04	 0.38	-0.07	-0.1	197_R	[ -7.21317949  -6.09910256 -27.89720513]
0.11	 1.5	0.14	-0.4	197_R	[ -6.3945    -7.50775  -26.478625]
-0.03	 -0.3	-0.06	0.05	197_R	[ -4.75788462  -7.51146154 -27.16542308]
0.02	 0.05	-0.01	-0.11	197_R	[ -4.29515  -4.35045 -27.771  ]
-0.14	 -0.53	-0.03	0.16	197_R	[ -2.64775     -6.06875    -28.46783333]
-0.06	 -0.1	-0.03	-0.01	197_R	[ -1.65083784  -7.49586486 -26.59918919]
-0.1	 -0.37	0.04	0.17	197_R	[ -0.98089796  -4.29553061 -27.91091837]
0.13	 0.5	0.02	-0.24	198_D	[ -6.44276923  -0.17553846 -27.88415385]
0.14	 1.22	-0.06	-0.18	198_D	[ -9.472      1.244875 -27.14625 ]
0.02	 0.04	-0.07	-0.1	198_D	[ -7.95409375   1.66453125 -26.48740625]
-0.06	 -0.32	-0.02	0.09	198_D	[ -9.50873529   0.54202941 -29.20667647]
-0.18	 -0.95	-0.01	0.27	198_D	[ -7.4653125   0.3820625 -30.81225  ]
-0.23	 -0.25	0.03	0.16	198_D	[ -6.42775     -1.50770455 -29.99484091]
-0.1	 -0.11	0.06	0.14	198_D	[ -9.0898    -1.09065  -31.913275]
0.16	 1.52	0.24	-0.5	199_I	[-10.42505263   1.92157895 -24.96057895]
0.16	 1.5	0.1	-0.32	199_I	[-10.27711538   1.55038462 -22.67853846]
0.13	 1.25	-0.01	-0.2	199_I	[-11.68054545   1.44463636 -23.79136364]
-0.09	 -0.25	-0.18	0.15	199_I	[-12.68089474   1.45138596 -25.96922807]
0.03	 0.47	-0.06	-0.11	199_I	[-14.59065957  -2.18704255 -24.06217021]
0.15	 1.06	0.22	-0.49	201_E	[ -4.46291667   2.61308333 -24.36058333]
0.13	 0.7	0.05	-0.28	201_E	[ -5.07170588   0.37552941 -26.34676471]
0.09	 0.31	-0.07	-0.16	201_E	[ -3.8164375   1.9586875 -25.21     ]
0.01	 0.04	0.07	-0.14	201_E	[ -2.154        0.55074194 -26.80009677]
-0.18	 -0.42	0.1	0.2	201_E	[ -0.49953333   0.4694     -26.61863333]
0.13	 0.44	-0.13	0.12	201_E	[ -3.39631429  -1.17191429 -27.67625714]
0.17	 0.94	0.05	-0.3	202_K	[ -5.867        2.07742857 -25.21864286]
-0.03	 0.19	-0.14	0.03	202_K	[ -5.65231818   4.07872727 -24.2405    ]
0.1	 0.61	-0.01	-0.23	202_K	[ -6.26061111   5.59244444 -21.94705556]
-0.01	 0.05	-0.12	-0.03	202_K	[ -8.27725926   3.59992593 -25.01062963]
-0.11	 -0.3	-0.18	0.1	202_K	[ -8.27623404   5.6303617  -23.40951064]
-0.1	 -0.22	-0.13	0.11	202_K	[-10.1517069    4.27560345 -25.02513793]
-0.26	 -1.19	0.32	0.4	202_K	[ -9.82707317   7.51480488 -24.31570732]
-0.29	 -1.28	0.22	0.47	202_K	[-12.05741818   7.07196364 -24.93070909]
0.13	 1.56	0.15	-0.42	203_K	[ -9.09014286   2.94507143 -21.93707143]
0.18	 0.89	0.06	-0.29	203_K	[ -9.1384       3.934      -20.53413333]
0.14	 1.55	0.02	-0.21	203_K	[-10.44183333   2.05766667 -20.58383333]
0.23	 1.2	0.09	-0.35	203_K	[-10.19930769   3.44261538 -15.80261538]
0.13	 1.17	0.08	-0.32	203_K	[-11.94907692   3.08994872 -18.03112821]
-0.21	 -0.64	-0.12	0.25	203_K	[-12.26584483   4.4877069  -17.37186207]
0.17	 0.89	0.07	-0.32	204_F	[  0.32744118   1.37808824 -20.37879412]
0.14	 1.33	0.31	-0.58	205_K	[ -1.32285714   5.556      -19.87942857]
0.03	 0.16	-0.14	-0.08	205_K	[ -3.6752   6.9645 -20.3809]
-0.04	 -0.06	0.03	0.02	205_K	[ -2.1692973    7.00278378 -18.29543243]
-0.06	 -0.06	-0.06	0.01	205_K	[ -2.9382973    5.92602703 -21.92      ]
0.05	 0.49	-0.08	-0.19	205_K	[ -0.48136667   3.75516667 -21.49313333]
-0.12	 -0.73	0.01	0.12	205_K	[ -2.43690909   4.76165909 -24.39204545]
-0.28	 -1.44	0.17	0.42	205_K	[  0.46773171   4.7614878  -24.59446341]
-0.08	 -0.57	-0.02	0.01	205_K	[ -0.0695       2.28958696 -24.62645652]
0.12	 1.07	0.1	-0.32	206_E	[ -5.3806   6.4855 -20.4526]
-0.1	 -0.59	-0.02	0.11	206_E	[ -5.27241176   8.172      -18.73152941]
-0.17	 -0.49	0.08	0.17	206_E	[ -4.73391892   8.05654054 -15.96302703]
-0.05	 -0.27	-0.08	0.04	206_E	[ -7.31975   7.0797  -20.02705]
-0.15	 -0.72	-0.03	0.14	206_E	[ -7.95288462   8.43973077 -16.98865385]
-0.01	 0.25	0.15	-0.18	206_E	[ -9.62270833   7.247      -17.74666667]
-0.45	 0.29	0.6	0.16	206_E	[-10.0706129    6.00980645 -19.5236129 ]
-0.25	 -0.85	0.11	0.36	206_E	[-10.44739535   7.83102326 -16.59911628]
-0.03	 0.08	-0.11	0.03	207_I	[ -5.24566667   6.51533333 -14.112     ]
0.18	 0.96	-0.04	-0.18	207_I	[ -3.10155556   6.52644444 -14.19555556]
-0.0	 0.2	0.01	-0.15	207_I	[ -3.49128205   4.50148718 -12.57369231]
-0.17	 -0.54	-0.01	0.18	207_I	[ -5.9821   4.4235 -12.9363]
-0.07	 -0.11	-0.03	0.04	207_I	[ -8.35170175   4.87887719 -14.44792982]
0.12	 0.95	0.08	-0.32	207_I	[ -5.94792593   1.07238889 -13.14833333]
-0.13	 -0.12	-0.02	0.08	208_K	[ -0.4066     6.767725 -14.414525]
0.23	 1.42	0.11	-0.38	208_K	[ -0.30225      6.02991667 -16.75775   ]
0.22	 1.67	0.18	-0.42	208_K	[  1.2312       3.38173333 -19.17266667]
-0.08	 -0.02	-0.11	0.07	208_K	[  1.63069492   5.77218644 -17.89327119]
-0.11	 -0.29	0.05	0.13	208_K	[  3.87684615   5.18876923 -19.31296154]
0.03	 0.06	-0.1	-0.05	209_D	[ -0.208    6.2407 -11.4369]
0.19	 1.13	0.12	-0.34	209_D	[  1.9206   6.9432 -13.4839]
0.13	 0.91	0.08	-0.31	209_D	[  3.11395652   5.39995652 -14.45913043]
0.07	 0.33	-0.09	-0.12	209_D	[ 0.69127273  5.416      -9.67081818]
0.17	 1.63	0.23	-0.51	209_D	[-0.39411111  2.93755556 -8.55822222]
-0.21	 -0.37	0.09	0.2	209_D	[-1.72923913  4.21282609 -9.51628261]
-0.0	 0.16	-0.03	-0.08	210_K	[  1.89922222   7.31216667 -11.10161111]
0.03	 0.35	-0.01	-0.14	210_K	[  4.07703571   7.34732143 -13.35914286]
0.04	 0.87	-0.06	-0.16	210_K	[  5.3844       6.65753333 -11.78266667]
-0.14	 -0.44	-0.2	0.3	210_K	[  6.49340909   7.06006818 -12.47738636]
-0.1	 -0.36	0.02	0.07	210_K	[  3.87493548   8.3656129  -10.07058065]
-0.25	 -1.01	-0.04	0.29	210_K	[  2.54793548   9.59264516 -12.8226129 ]
-0.23	 -1.16	0.12	0.36	210_K	[  3.06735714  11.89883333 -11.43266667]
-0.2	 -0.98	0.08	0.3	210_K	[  5.64275     11.62660417 -10.91389583]
-0.24	 -0.95	0.17	0.38	210_K	[  6.03133929  11.33608929 -13.35616071]
0.08	 0.51	-0.17	-0.09	211_W	[ 4.60388889  6.14644444 -9.57011111]
-0.08	 -0.35	-0.1	0.08	211_W	[  7.0031    5.42765 -10.33185]
0.12	 0.85	0.08	-0.34	211_W	[  7.2014   4.1953 -12.6924]
-0.04	 -0.25	-0.05	0.02	211_W	[  7.90947222   2.62105556 -11.48666667]
-0.17	 -1.3	0.14	0.34	211_W	[ 6.368       3.96723256 -8.29711628]
-0.08	 0.34	-0.08	0.1	211_W	[ 5.012       2.69871429 -7.45528571]
-0.14	 -0.46	0.15	0.08	211_W	[ 2.90087179  4.50407692 -7.87653846]
-0.03	 -0.04	0.03	-0.09	211_W	[ 4.80390909  1.43154545 -7.87527273]
-0.08	 -0.04	-0.05	0.12	211_W	[ 1.25528571  2.75904762 -7.57295238]
-0.1	 0.01	-0.05	0.1	211_W	[ 3.04945455  1.08781818 -7.39809091]
-0.02	 -0.41	0.07	0.12	211_W	[ 6.10056667  0.48053333 -9.451     ]
-0.02	 0.29	-0.06	-0.05	211_W	[ 1.65178947  0.30326316 -7.51984211]
-0.23	 0.16	0.31	0.08	211_W	[ 4.72928125 -1.49425    -9.3753125 ]
-0.05	 -0.11	-0.03	0.02	211_W	[ 2.43616667 -1.80895833 -8.92266667]
0.1	 1.17	0.11	-0.35	212_V	[  7.76244444   3.45422222 -14.164     ]
-0.0	 0.28	-0.02	-0.14	212_V	[  5.77542857   4.51038776 -15.47679592]
-0.06	 0.05	-0.11	0.04	213_T	[  8.60266667   3.5112     -15.93593333]
-0.06	 -0.49	-0.1	0.05	213_T	[ 10.45766667   1.30547619 -16.74952381]
0.06	 0.46	-0.04	-0.15	213_T	[  9.7388   -1.13585 -15.53595]
-0.21	 -1.01	0.1	0.31	213_T	[ 10.51047541   1.62142623 -13.929     ]
0.01	 0.33	0.02	-0.14	214_D	[  8.55241176   3.37005882 -17.85629412]
0.16	 0.76	0.0	-0.27	214_D	[  6.39672727   2.56209091 -20.61472727]
0.18	 1.23	0.09	-0.35	214_D	[  8.72413333   0.4514     -21.60546667]
0.17	 1.1	0.2	-0.39	214_D	[  6.0332   1.2318 -21.3283]
-0.11	 -0.53	-0.11	0.16	214_D	[  8.6956875    2.56845833 -21.41958333]
-0.16	 -0.84	-0.08	0.18	214_D	[  8.4247037    4.8232963  -20.68662963]
-0.14	 -0.46	0.02	0.1	214_D	[  6.55729268   4.98273171 -19.72595122]
-0.29	 -1.05	0.21	0.48	214_D	[  9.77669048   5.49321429 -21.19064286]
0.02	 1.18	-0.11	-0.09	215_K	[  9.92029412   0.88294118 -19.63476471]
-0.01	 -0.14	-0.05	-0.03	215_K	[  9.19423529  -1.67647059 -21.16594118]
0.19	 1.6	0.17	-0.42	215_K	[  7.88225    -3.6620625 -20.9571875]
-0.08	 -0.31	-0.04	0.03	215_K	[ 10.75026829  -1.29914634 -18.57853659]
0.05	 0.43	-0.03	-0.14	215_K	[  9.91117778  -3.98275556 -19.16506667]
-0.16	 -0.92	0.01	0.25	215_K	[ 12.60773333  -3.14937778 -19.15855556]
-0.21	 -1.21	-0.02	0.35	215_K	[ 12.58006383  -5.606      -17.75455319]
-0.16	 -0.47	0.06	0.13	215_K	[ 11.95819512  -6.81178049 -19.84453659]
0.2	 1.34	0.4	-0.63	216_Q	[  7.88125    -3.7584375 -17.29525  ]
-0.1	 -0.03	-0.15	0.09	216_Q	[  7.65980488  -3.89556098 -15.14034146]
-0.05	 -0.0	-0.1	0.01	216_Q	[  8.67021429  -1.74207143 -13.31464286]
0.16	 0.66	0.05	-0.26	216_Q	[  7.49315  -0.31275 -12.10875]
-0.16	 -0.25	-0.27	0.15	216_Q	[  6.69654902  -3.34954902 -11.54503922]
0.18	 1.5	-0.03	-0.25	217_A	[  3.202375  -0.077625 -21.5915  ]
0.21	 0.94	0.2	-0.44	217_A	[  2.33055556  -0.69694444 -21.72944444]
0.04	 0.18	-0.03	-0.09	217_A	[  3.5748125    1.80571875 -20.3590625 ]
0.07	 0.29	0.05	-0.26	218_D	[  3.86529412  -2.41311765 -23.76252941]
0.23	 1.45	0.05	-0.33	218_D	[  3.17        -3.57733333 -24.15858333]
0.01	 0.23	-0.21	-0.01	218_D	[  6.43971111  -3.32       -23.67553333]
-0.09	 0.67	-0.0	-0.02	218_D	[  6.09838095  -0.36       -24.39128571]
-0.17	 -0.63	-0.01	0.23	218_D	[  4.6879375    0.42804167 -23.55779167]
-0.23	 -0.84	-0.05	0.38	218_D	[  7.90043182  -0.31777273 -24.15365909]
0.08	 0.33	-0.1	-0.11	219_E	[  7.10842308  -6.87059615 -21.17248077]
0.05	 0.69	0.06	-0.31	219_E	[  8.31289474  -6.22763158 -18.4       ]
-0.0	 0.26	-0.02	-0.12	219_E	[  7.50596774  -7.64793548 -16.93809677]
0.12	 0.72	0.02	-0.25	219_E	[  9.76685714  -7.15991429 -18.7962    ]
0.12	 1.31	-0.01	-0.21	221_I	[  1.74041176  -2.96952941 -24.25864706]
0.07	 0.57	-0.1	-0.17	221_I	[  0.59308108  -0.57602703 -23.24497297]
-0.11	 0.11	-0.04	-0.02	221_I	[  0.23534483  -3.00627586 -25.94386207]
0.09	 0.53	-0.17	0.32	222_E	[  1.1147037   -6.33633333 -26.06425926]
0.12	 1.46	0.03	-0.25	222_E	[  2.273     -9.721875 -23.97825 ]
-0.15	 0.02	-0.06	0.15	222_E	[  0.13716279  -9.75462791 -25.01562791]
-0.06	 -0.35	-0.07	0.06	222_E	[  3.35835  -8.49205 -25.0568 ]
-0.11	 -0.5	-0.07	0.13	222_E	[  3.27737209  -5.4444186  -26.16074419]
0.01	 0.75	-0.08	-0.02	222_E	[  5.86426923  -6.31865385 -25.47842308]
-0.01	 0.08	0.07	-0.03	222_E	[  6.13460976  -6.86104878 -23.46468293]
-0.3	 -1.01	0.15	0.47	222_E	[  6.35414286  -5.87709524 -26.81033333]
0.14	 1.23	-0.16	-0.14	223_T	[  1.5415 -11.0922 -23.2541]
0.2	 1.4	0.29	-0.54	223_T	[ -0.67076471 -11.07658824 -23.28935294]
0.19	 1.62	0.22	-0.48	223_T	[  1.48246154 -12.04453846 -20.556     ]
0.03	 0.15	-0.25	0.01	223_T	[  3.63207143 -10.85578571 -21.42577143]
0.21	 1.49	0.34	-0.58	225_D	[ -2.48089655 -10.11782759 -24.42703448]
0.12	 0.97	-0.05	-0.24	225_D	[ -3.26528571 -13.89521429 -24.232     ]
0.15	 1.71	0.19	-0.45	225_D	[ -4.43784615 -14.835      -23.78976923]
-0.22	 -0.31	-0.26	0.22	225_D	[ -3.562625 -11.454225 -25.8373  ]
-0.09	 -0.08	-0.01	0.07	225_D	[ -5.8696875 -11.9641875 -26.9206875]
0.05	 -0.27	0.05	-0.15	225_D	[ -7.60386364 -11.99018182 -26.19295455]
-0.08	 0.1	-0.02	-0.01	225_D	[ -5.00602941 -14.34458824 -26.22811765]
0.22	 1.62	0.04	-0.32	226_K	[ -1.72836364 -12.39481818 -23.67409091]
0.02	 0.08	-0.15	-0.02	226_K	[ -2.95005882 -15.72135294 -22.55305882]
0.12	 -0.79	0.03	-0.17	226_K	[ -3.2370625 -16.618375  -20.175375 ]
0.17	 0.96	0.01	-0.22	226_K	[ -1.         -16.05823077 -21.13807692]
-0.13	 -0.49	-0.06	0.16	226_K	[ -0.56976596 -14.67670213 -23.87280851]
0.0	 0.16	-0.07	-0.02	226_K	[  1.88371622 -14.06993243 -22.30048649]
-0.14	 -0.65	0.09	0.09	226_K	[  1.52882353 -16.76041176 -21.98047059]
-0.17	 -0.18	0.01	0.15	226_K	[  3.73891525 -15.93440678 -21.70683051]
0.21	 1.23	0.15	-0.42	227_Y	[  1.19792593 -12.54488889 -18.958     ]
0.07	 0.72	-0.01	-0.18	229_D	[ -4.88425    -17.02484375 -23.0859375 ]
0.02	 0.27	-0.17	-0.11	229_D	[ -5.925     -19.1360625 -24.2489375]
0.02	 0.36	-0.02	-0.13	229_D	[ -8.64580556 -19.068      -23.15555556]
-0.09	 -0.15	-0.07	0.09	229_D	[ -5.18942105 -19.59826316 -22.46476316]
0.12	 1.23	0.08	-0.31	230_K	[ -4.6662 -17.7529 -19.9744]
0.04	 0.44	-0.07	-0.17	230_K	[ -5.21226923 -19.11330769 -18.31580769]
0.22	 1.74	0.23	-0.48	230_K	[ -6.65335714 -19.79085714 -16.47164286]
0.07	 -0.01	-0.03	-0.09	230_K	[ -3.32138462 -17.79753846 -18.10061538]
0.02	 0.12	-0.0	-0.07	230_K	[ -4.50354167 -19.33275    -15.66241667]
0.0	 -0.14	0.04	-0.09	230_K	[ -1.59273684 -18.06094737 -16.05321053]
-0.07	 0.18	-0.09	0.03	230_K	[ -1.99067568 -18.79691892 -13.58764865]
0.03	 0.39	-0.1	-0.14	230_K	[ -4.21308108 -17.37143243 -12.34      ]
0.17	 1.29	0.14	-0.41	231_A	[ -8.064      -16.4190303  -14.83524242]
0.04	 0.5	-0.01	-0.11	232_V	[-12.78217391 -20.51473913 -18.09630435]
-0.08	 -0.33	0.01	0.1	232_V	[-12.04672581 -19.25014516 -21.5925    ]
0.15	 1.13	0.03	-0.31	232_V	[-11.7975 -16.8778 -22.6697]
0.03	 0.18	-0.04	-0.04	233_Q	[-10.3920625 -22.2446875 -18.9576875]
0.16	 1.25	-0.02	-0.27	233_Q	[ -8.21363636 -22.35563636 -16.05409091]
-0.14	 -0.4	-0.05	0.22	233_Q	[-10.62638095 -23.21185714 -16.2792619 ]
-0.06	 -0.23	-0.08	0.02	233_Q	[ -7.34665625 -22.026875   -17.68075   ]
-0.06	 -0.38	-0.03	0.04	233_Q	[ -8.72833333 -21.92845833 -20.860875  ]
0.02	 0.4	0.0	-0.09	233_Q	[ -5.90004348 -22.14730435 -20.39065217]
-0.27	 -0.93	0.04	0.41	233_Q	[ -5.0022439  -22.30002439 -19.30807317]
-0.22	 -0.8	0.1	0.28	233_Q	[ -5.97660465 -22.41634884 -22.46093023]
0.04	 0.32	-0.15	-0.07	234_M	[ -9.8034 -22.2328 -13.6044]
0.11	 0.2	-0.0	-0.16	234_M	[-11.73414286 -22.42485714 -14.26057143]
-0.03	 -0.13	-0.02	0.05	234_M	[-11.9513913  -21.59426087 -12.52973913]
0.05	 0.73	-0.14	-0.15	234_M	[ -9.31377419 -18.85319355 -12.74093548]
0.06	 0.79	-0.01	-0.14	234_M	[ -6.84136585 -19.12612195 -13.83446341]
-0.18	 -0.95	0.0	0.26	234_M	[ -7.61378431 -22.14215686 -12.62592157]
-0.22	 -1.05	0.08	0.32	234_M	[ -4.92344444 -21.07819048 -12.05684127]
0.05	 0.33	-0.02	-0.07	235_S	[-14.57406667 -20.03453333 -16.41493333]
0.15	 0.83	0.25	-0.45	235_S	[-15.100375 -18.432875 -15.783375]
0.07	 0.18	-1.22	0.34	235_S	[-16.1655625 -18.32775   -13.615125 ]
-0.2	 -0.77	-0.11	0.25	235_S	[-15.39336585 -21.34814634 -14.04663415]
-0.21	 -0.76	0.1	0.29	235_S	[-13.96339024 -22.98460976 -15.60658537]
0.14	 0.91	0.04	-0.28	236_A	[-15.4019 -16.4178 -14.9011]
0.12	 0.71	0.03	-0.28	236_A	[-15.57734375 -15.24421875 -13.0905    ]
0.19	 1.29	0.42	-0.64	236_A	[ -9.72566667 -16.56966667 -13.44441667]
0.1	 0.61	0.09	-0.3	237_V	[-15.33741176 -13.58573529 -15.97123529]
-0.02	 -0.03	0.04	-0.16	237_V	[-15.76036842 -16.68189474 -16.52178947]
0.07	 0.5	-0.02	-0.18	237_V	[-14.50166667 -17.96714815 -18.25066667]
-0.0	 -0.2	-0.08	0.0	238_A	[-16.7608     -14.3874     -17.35166667]
0.09	 0.07	-0.81	0.42	238_A	[-17.72582143 -16.45942857 -18.19085714]
0.1	 1.29	0.34	-0.64	238_A	[-17.5938 -15.6398 -21.6672]
-0.15	 -0.46	-0.01	0.23	238_A	[-16.34197561 -17.4804878  -21.2795122 ]
-0.17	 -0.91	-0.17	0.33	238_A	[-18.83935938 -14.62628125 -19.53809375]
0.13	 1.04	-0.04	-0.17	239_S	[-13.93126667 -16.64093333 -22.72406667]
-0.16	 -0.75	0.06	0.21	239_S	[-15.90868293 -15.13507317 -24.02982927]
0.08	 0.31	-0.01	-0.16	239_S	[-16.96173913 -12.89278261 -23.24321739]
0.08	 0.58	-0.03	-0.16	240_R	[-12.55295238 -15.20933333 -23.95804762]
0.12	 1.34	0.43	-0.68	240_R	[-10.925375 -11.431125 -24.966   ]
0.01	 -0.53	-0.07	-0.01	240_R	[-10.47675    -13.13346429 -25.51925   ]
0.0	 -0.42	-0.03	-0.09	240_R	[-10.26505263 -16.27278947 -24.04921053]
-0.14	 -0.19	-0.01	0.16	240_R	[ -9.03011111 -14.55011111 -26.41811111]
0.03	 -0.31	-0.06	-0.06	240_R	[ -9.1002     -16.98693333 -25.52393333]
0.0	 0.26	-0.0	-0.04	240_R	[ -7.18609524 -16.48857143 -26.63761905]
-0.18	 -0.74	0.06	0.23	240_R	[ -6.5397381  -15.55397619 -27.7792619 ]
-0.24	 -0.84	0.08	0.32	240_R	[ -6.75789796 -18.57565306 -26.59069388]
0.03	 -0.02	0.01	-0.19	241_A	[-12.645      -12.14904762 -25.27352381]
0.06	 1.35	-0.02	-0.18	241_A	[-12.13584615  -9.93492308 -25.63192308]
-0.11	 -0.13	0.02	0.1	241_A	[-14.79295918 -10.76089796 -26.35326531]
0.21	 1.17	0.01	-0.33	242_E	[-17.75133333 -11.90322222 -21.42033333]
0.1	 0.57	-0.08	-0.19	242_E	[-17.51209524 -11.56871429 -18.52290476]
-0.09	 -0.41	-0.12	0.14	242_E	[-19.17933333  -9.9142     -19.13766667]
-0.01	 -0.0	-0.04	-0.03	242_E	[-18.33064286  -7.95328571 -18.11432143]
-0.04	 -0.01	0.03	-0.02	242_E	[-18.90620833  -9.06895833 -20.7515    ]
0.15	 1.15	0.09	-0.34	244_Y	[-10.57228571  -8.57757143 -25.878     ]
0.02	 0.18	-0.02	-0.12	244_Y	[ -9.34127027  -9.53778378 -25.74918919]
0.11	 1.5	0.21	-0.46	244_Y	[ -7.115875  -8.37625  -25.8755  ]
0.12	 0.89	0.01	-0.21	244_Y	[ -6.3763125  -9.2816875 -25.8849375]
0.15	 1.6	0.14	-0.35	245_R	[-15.12528571  -3.73528571 -21.74514286]
0.11	 2.16	0.0	-0.24	245_R	[-16.58194444  -5.41988889 -19.08288889]
-0.03	 0.69	-0.14	-0.04	245_R	[-15.853    -3.15715 -19.714  ]
-0.05	 0.11	-0.02	0.05	245_R	[-17.30257143  -5.79333333 -20.78242857]
0.06	 0.84	-0.02	-0.14	245_R	[-15.97022222  -4.71072222 -23.8805    ]
-0.16	 -0.77	0.04	0.23	245_R	[-18.27810256  -5.76112821 -23.87497436]
-0.03	 -0.57	-0.01	-0.01	245_R	[-19.02389474  -7.50126316 -22.44826316]
-0.18	 -1.01	-0.02	0.21	245_R	[-19.3109  -8.5841 -24.5443]
-0.08	 -0.42	-0.01	0.08	245_R	[-17.52184375  -9.07415625 -26.02296875]
-0.17	 -0.71	0.11	0.24	245_R	[-18.81591892 -10.68648649 -23.48097297]
0.14	 1.43	0.05	-0.28	246_M	[-16.50015  -5.8117  -16.9415 ]
0.12	 1.48	0.15	-0.41	246_M	[-16.81658824  -6.99011765 -16.23005882]
0.24	 1.59	0.09	-0.36	246_M	[-16.18636364 -11.18281818 -15.57368182]
0.18	 1.62	0.16	-0.43	247_Y	[ -6.55952632  -2.06142105 -14.44421053]
0.22	 1.44	0.36	-0.6	247_Y	[ -5.253125  -1.229375 -14.879625]
0.05	 0.22	-0.04	-0.09	248_V	[-14.51548   1.4508  -17.08468]
0.14	 0.94	0.09	-0.35	248_V	[-14.35653333  -2.0318     -21.04253333]
-0.08	 -0.24	-0.05	0.1	248_V	[-14.05782813   0.7695625  -20.66739062]
0.15	 1.31	0.16	-0.42	249_S	[-15.56808333  -1.4625     -18.85075   ]
-0.09	 -0.35	-0.04	0.03	249_S	[-16.80369565  -0.11947826 -16.95891304]
0.04	 1.16	-0.13	-0.25	249_S	[-15.75133333   0.872      -15.84666667]
-0.04	 0.23	0.04	0.0	249_S	[-16.77282857   0.67962857 -14.47868571]
-0.12	 -0.53	-0.04	0.15	249_S	[-17.89066667  -2.42761538 -17.13389744]
0.1	 0.39	0.03	-0.19	249_S	[-17.641625   -3.8955625 -15.3738125]
0.11	 1.42	0.27	-0.54	250_R	[-15.40128571  -0.69814286 -11.55085714]
0.08	 0.94	-0.02	-0.25	250_R	[-14.72492593  -1.19418519 -10.27592593]
-0.04	 0.11	-0.24	0.04	250_R	[-14.21564516   0.75435484 -11.71493548]
-0.1	 -0.54	0.04	0.09	250_R	[-13.261425   2.32675  -14.0374  ]
0.13	 1.39	0.09	-0.32	250_R	[-11.02345455   2.45618182 -14.74945455]
0.04	 0.08	-0.06	-0.07	250_R	[-10.616    1.802  -12.7854]
-0.03	 0.26	-0.27	0.04	250_R	[ -8.09874576  -0.04237288 -11.96364407]
0.1	 0.67	-0.15	-0.18	251_K	[-16.78264286  -3.05742857 -10.49492857]
0.15	 0.78	0.08	-0.35	251_K	[-17.60291304  -5.62365217 -11.60543478]
0.15	 0.94	0.09	-0.36	251_K	[-17.3938   -5.6365  -14.56005]
-0.08	 -0.27	-0.15	0.09	251_K	[-18.4365      -3.94740625 -12.0653125 ]
-0.12	 -0.62	-0.08	0.11	251_K	[-17.56446154  -0.62230769 -11.47769231]
-0.19	 -1.05	0.13	0.28	251_K	[-19.91772727  -0.67093182 -11.33804545]
-0.18	 -1.12	0.07	0.24	251_K	[-21.00491489  -2.34276596 -13.26855319]
-0.21	 -0.69	0.05	0.31	251_K	[-20.51424138  -0.37201724 -14.78196552]
0.17	 1.3	0.37	-0.59	252_Y	[-16.42325   -5.28125  -10.098125]
0.19	 1.46	-0.04	-0.26	252_Y	[-17.82128571  -6.82528571 -10.927     ]
-0.05	 -0.06	0.01	-0.04	252_Y	[-16.52795   -7.61155   -9.051025]
0.21	 1.1	0.0	-0.28	252_Y	[-10.52631579  -7.69468421  -9.98689474]
0.07	 0.59	-0.45	0.06	252_Y	[ -9.1678125   -5.3476875  -10.46184375]
0.18	 1.1	0.11	-0.38	252_Y	[ -8.46575     -3.43789286 -12.34882143]
0.02	 0.07	-0.09	-0.07	253_H	[-17.9862      -9.75553333  -9.574     ]
0.18	 0.91	0.04	-0.26	253_H	[-16.69970833 -12.24558333 -13.55958333]
-0.17	 -0.61	0.03	0.17	253_H	[-19.85865116  -9.30732558 -11.05169767]
-0.11	 -0.36	-0.05	0.15	253_H	[-20.85225   -8.734875 -13.043375]
-0.1	 -0.11	-0.09	0.11	253_H	[-19.99170968 -11.33158065 -13.24425806]
-0.11	 -0.16	-0.08	0.08	253_H	[-19.30002778  -7.04911111 -13.89633333]
-0.17	 -0.92	0.05	0.24	253_H	[-20.03482609 -10.54184783 -15.78395652]
-0.1	 0.18	-0.04	0.1	253_H	[-19.488       -7.96566667 -16.16366667]
0.02	 0.64	-0.08	-0.05	254_Y	[-18.56015385 -11.64638462  -9.52246154]
0.15	 0.67	-0.0	-0.21	254_Y	[-17.71307692 -13.71446154 -12.46492308]
0.02	 0.29	-0.12	-0.12	254_Y	[-19.765      -13.57835294 -11.61782353]
-0.13	 0.06	-0.27	0.03	254_Y	[-20.28044737 -13.93639474  -8.87818421]
0.17	 2.34	0.06	-0.3	254_Y	[-17.35954545 -13.135       -8.66836364]
0.12	 1.06	0.1	-0.36	254_Y	[-16.09668966 -11.48562069  -8.40862069]
0.19	 1.42	0.32	-0.57	254_Y	[-12.42025   -10.318125   -8.5701875]
0.14	 0.76	0.02	-0.27	254_Y	[-10.98572414  -9.89455172 -10.18968966]
0.0	 0.35	-0.11	-0.16	255_K	[-17.84030769 -15.79811538 -12.04365385]
-0.04	 0.08	-0.07	-0.02	255_K	[-21.34314286 -15.65661905 -10.30738095]
0.2	 1.38	0.35	-0.58	255_K	[-19.26477778 -15.68266667  -7.97211111]
0.12	 0.64	-0.25	-0.04	255_K	[-19.47988679 -18.57345283 -11.58949057]
-0.14	 -0.66	-0.05	0.16	255_K	[-20.62340625 -16.22509375 -13.1021875 ]
-0.17	 -0.57	-0.59	0.53	255_K	[-19.69104348 -18.89369565 -13.79880435]
-0.18	 -0.64	-0.7	0.52	255_K	[-19.97009375 -17.37817187 -16.40896875]
-0.28	 -1.1	0.17	0.42	255_K	[-22.57018519 -17.01455556 -15.57162963]
-0.02	 0.47	-0.18	0.01	256_K	[-22.08407143 -17.08507143  -8.94307143]
0.07	 0.6	-0.05	-0.22	256_K	[-20.02203704 -16.32266667  -6.75637037]
0.17	 1.58	0.13	-0.38	256_K	[-20.9026 -20.0084  -6.0794]
0.19	 1.34	0.22	-0.46	256_K	[-19.42235294 -18.232       -5.27670588]
-0.16	 -0.86	0.05	0.24	256_K	[-22.8905     -18.72365625  -6.84353125]
-0.14	 -0.58	-0.2	0.28	256_K	[-22.46590196 -17.34068627  -4.86188235]
-0.13	 -0.54	0.02	0.11	256_K	[-23.76141667 -15.43766667  -7.18486111]
-0.24	 -1.01	0.06	0.3	256_K	[-22.26478571 -14.21245238  -5.26316667]
-0.31	 -1.2	0.22	0.49	256_K	[-23.66544 -12.86372  -6.5884 ]
0.02	 -0.05	-0.12	-0.08	257_E	[-21.34052381 -19.89419048  -8.40952381]
-0.0	 0.04	-0.11	-0.04	257_E	[-19.954      -21.76184211  -6.65426316]
0.14	 0.83	0.07	-0.27	257_E	[-17.44152 -23.05436  -7.3356 ]
-0.19	 -0.69	0.01	0.22	257_E	[-20.84882857 -22.15977143  -9.02565714]
-0.09	 -0.18	-0.7	0.56	257_E	[-18.94502941 -21.80452941 -11.10491176]
-0.12	 -0.41	-0.05	0.13	257_E	[-18.87822222 -24.59188889 -10.06114815]
-0.27	 -1.15	0.19	0.44	257_E	[-20.45569231 -25.16851282 -10.34941026]
-0.06	 0.04	-0.06	0.01	257_E	[-17.24418367 -24.88114286  -9.9184898 ]
0.19	 1.54	0.29	-0.53	258_F	[-18.146      -20.10476923 -10.64561538]
0.11	 0.66	-0.07	-0.18	258_F	[-15.96315 -21.42565 -10.02395]
0.16	 0.91	0.14	-0.38	258_F	[-16.55584615 -18.55420513 -11.50802564]
0.11	 0.85	-0.16	-0.14	258_F	[-13.82616 -20.9052  -10.60096]
0.03	 0.14	-0.13	-0.07	258_F	[-11.47475676 -19.88743243  -9.58318919]
0.18	 1.05	0.02	-0.26	258_F	[-10.13784 -17.66348 -10.24052]
0.15	 0.95	0.05	-0.27	259_V	[-17.88535 -17.1209   -4.97305]
-0.02	 0.18	-0.04	-0.04	259_V	[-16.0204186  -15.35362791  -3.52406977]
0.07	 0.18	-0.01	-0.11	259_V	[-17.249   -14.46624  -6.96908]
0.05	 -0.04	-0.12	-0.04	260_E	[-16.39675 -23.169    -3.92425]
0.12	 0.83	0.05	-0.26	260_E	[-15.15338235 -22.5945      -1.89135294]
-0.12	 -0.58	-0.01	0.15	260_E	[-18.39603846 -22.6205      -4.01334615]
-0.01	 0.03	-0.02	-0.04	260_E	[-20.12452174 -20.0666087   -3.89332609]
-0.19	 -1.04	-0.04	0.24	260_E	[-20.25871429 -20.42121429  -1.32878571]
-0.14	 -0.1	-0.02	0.24	260_E	[-19.45117647 -18.41785294  -1.92688235]
-0.04	 -0.05	0.08	0.02	260_E	[-18.293425 -21.282725  -0.495975]
0.13	 0.67	-0.01	-0.18	261_K	[-16.46575  -23.110625  -5.475   ]
0.08	 0.27	-0.04	-0.16	261_K	[-14.77194737 -24.24473684  -5.06373684]
0.09	 1.61	0.09	-0.37	261_K	[-11.4496 -22.8282  -6.565 ]
0.17	 1.05	0.09	-0.37	261_K	[-11.17704 -23.88544  -5.31764]
0.18	 1.61	0.17	-0.42	261_K	[-15.21232143 -23.21014286  -8.32346429]
-0.15	 -0.33	-0.17	0.18	261_K	[-12.27714286 -23.60844898  -8.30944898]
-0.15	 -0.22	-0.11	0.19	261_K	[-12.64466667 -26.1116875   -6.77052083]
-0.15	 -0.85	0.07	0.2	261_K	[-15.28042222 -26.42795556  -7.38013333]
-0.24	 -0.83	0.08	0.3	261_K	[-15.00312195 -26.30107317 -10.02436585]
0.24	 1.46	0.32	-0.56	262_L	[-12.590375  -21.018      -7.6054375]
0.04	 0.8	-0.01	-0.23	262_L	[-11.01352174 -21.43108696  -6.60334783]
0.14	 1.61	-0.02	-0.3	262_L	[-11.028625 -19.805875  -7.68925 ]
-0.02	 0.09	-0.04	-0.03	262_L	[ -8.233   -19.82928  -6.81956]
0.23	 1.83	0.16	-0.41	262_L	[ -8.9931875 -17.1684375  -7.98475  ]
0.2	 1.62	0.11	-0.37	263_K	[-15.401375  -15.7304375  -0.90575  ]
-0.1	 0.21	-0.09	0.11	263_K	[-1.76954038e+01 -1.71587500e+01 -1.00576923e-02]
0.13	 0.89	0.06	-0.3	264_Q	[-12.7107931  -25.09203448  -3.38117241]
-0.16	 -0.26	-0.02	0.12	264_Q	[-11.39753571 -26.57982143  -2.70317857]
0.05	 0.61	0.04	-0.13	264_Q	[-12.77380769 -26.47734615  -0.03257692]
-0.12	 -0.24	-0.07	0.15	264_Q	[-14.22544186 -25.34823256   0.2937907 ]
-0.25	 -0.91	0.1	0.34	264_Q	[-12.58335  -28.388575   0.274575]
0.13	 1.36	0.16	-0.44	265_V	[ -7.85243333 -24.9576      -2.10783333]
0.25	 1.43	0.16	-0.38	265_V	[ -5.82114286 -24.21285714  -0.42719048]
-0.03	 -0.03	-0.1	-0.02	265_V	[ -5.49144444 -22.95127778  -3.73024074]
-0.15	 -0.31	-0.01	0.13	265_V	[ -8.42777049 -23.94270492  -4.84360656]
0.11	 0.76	-0.05	-0.15	267_K	[ -9.96490909 -25.13290909   3.63490909]
0.09	 0.72	0.03	-0.15	267_K	[ -9.75184615 -24.27107692   5.41315385]
0.09	 0.45	0.01	-0.15	267_K	[-11.87643243 -24.21002703   3.49362162]
0.07	 1.17	0.04	-0.25	267_K	[-14.12814286 -23.82207143   3.9745    ]
0.19	 1.5	0.21	-0.47	267_K	[-14.17290476 -23.43528571   0.97080952]
-0.12	 -0.21	-0.16	0.09	267_K	[-16.17455556 -22.90868889   1.74486667]
0.03	 0.52	-0.08	-0.08	268_E	[ -8.20095238 -26.40066667   3.88747619]
0.13	 0.79	-0.04	-0.18	268_E	[ -5.15657143 -26.38442857   2.39757143]
-0.11	 -0.44	0.04	0.15	268_E	[ -5.60409756 -26.18197561   4.83336585]
-0.11	 -0.51	-0.07	0.09	268_E	[ -6.20989474 -26.75668421   1.15973684]
-0.07	 -0.4	0.03	0.04	268_E	[ -9.51475676 -27.32216216   1.87875676]
-0.03	 0.1	0.05	-0.08	268_E	[ -8.32857143 -28.04296429  -0.79139286]
-0.21	 -0.68	-0.06	0.29	268_E	[ -6.99424444 -27.3766      -1.27255556]
-0.15	 -0.56	-0.01	0.23	268_E	[-10.0397931  -28.90503448  -0.94493103]
-0.1	 -0.26	-0.09	-0.03	269_S	[ -3.6365     -25.249        3.73377778]
0.16	 0.65	0.08	-0.31	269_S	[ -4.2825625 -23.4598125   5.6336875]
0.04	 0.35	0.04	-0.15	269_S	[ -2.48145714 -22.52822857   5.39068571]
-0.04	 -0.15	-0.08	-0.02	269_S	[ -3.04842857 -24.74440476   1.40064286]
0.16	 0.89	0.08	-0.33	272_S	[ -0.56368182 -13.04109091  -0.03604545]
0.07	 1.06	0.08	-0.23	273_H	[ -0.22042857 -11.40733333   0.56385714]
0.11	 1.3	0.09	-0.35	273_H	[ 0.81253846 -9.54215385  0.67692308]
0.07	 1.6	0.0	-0.15	273_H	[-1.02885714 -8.96307143 -0.10285714]
-0.14	 -0.44	0.02	0.25	273_H	[-0.79237931 -6.58093103  0.38960345]
0.02	 0.04	0.01	-0.07	273_H	[ 1.25564286 -6.31907143  2.37675   ]
0.04	 0.39	-0.06	-0.16	274_V	[  2.20321429 -11.53153571   0.16260714]
-0.03	 0.02	-0.02	-0.05	274_V	[ 3.65822857 -8.66571429  0.10822857]
0.14	 1.09	0.02	-0.32	274_V	[  3.83335294 -11.266       -0.89858824]
0.19	 0.72	0.03	-0.28	275_T	[ 5.44711111 -6.90333333  1.05222222]
0.14	 1.62	0.11	-0.38	275_T	[ 3.67675  -6.615375  1.91375 ]
0.07	 0.53	-0.01	-0.21	275_T	[ 3.697      -5.37071429  3.40669048]
0.02	 -0.07	-0.12	-0.0	276_S	[10.03788889 -3.34022222  3.39366667]
0.14	 0.81	0.06	-0.3	276_S	[ 8.23594737 -2.11294737  2.91189474]
0.17	 1.03	0.03	-0.33	277_K	[10.91073333 -5.64193333  5.1796    ]
0.13	 0.64	-0.05	-0.21	277_K	[11.65918182 -3.91840909  7.33595455]
0.16	 1.26	-0.02	-0.3	277_K	[13.65534091 -4.99118182  9.53954545]
0.12	 0.9	-0.13	-0.13	277_K	[12.49354545 -4.31281818 12.95563636]
-0.15	 -0.36	-0.16	0.23	277_K	[14.46589157 -5.34842169 11.9363494 ]
0.06	 1.39	0.0	-0.18	278_K	[10.59805263 -2.69168421  6.44826316]
0.11	 0.63	-0.09	-0.18	278_K	[10.21214286 -0.7615      8.06628571]
0.24	 1.74	0.16	-0.43	278_K	[7.18041667 0.74808333 8.35425   ]
-0.1	 -0.47	0.0	0.09	278_K	[10.32235714 -0.88967857  5.05975   ]
-0.08	 -0.32	-0.07	0.07	278_K	[9.05009302 1.50174419 7.09597674]
-0.2	 -1.11	0.07	0.32	278_K	[10.88702632  1.85702632  4.92692105]
-0.12	 -0.56	-0.2	0.14	278_K	[7.88604444 1.93246667 3.73306667]
-0.21	 -0.98	0.13	0.4	278_K	[9.505625   2.9665     2.36639062]
0.14	 1.1	0.47	-0.75	279_D	[ 3.21357143 -3.40642857  6.42514286]
0.1	 0.56	-0.0	-0.23	279_D	[ 2.44084 -1.80632  7.13896]
0.03	 0.52	-0.09	-0.06	279_D	[ 3.35142308 -2.96315385  4.94115385]
-0.16	 -0.63	-0.33	0.19	279_D	[ 3.5775     -1.19028571  3.40978571]
0.05	 0.4	-0.01	-0.11	279_D	[ 5.83117143 -0.15931429  3.20371429]
-0.08	 -0.11	0.06	0.08	279_D	[ 4.39964286 -2.68892857  1.89432143]
0.11	 1.03	0.04	-0.31	281_M	[ 5.70876471  1.40094118 10.81905882]
0.04	 0.19	-0.04	-0.13	281_M	[ 7.51107143  0.64146429 10.2325    ]
-0.12	 -0.47	-0.1	0.2	281_M	[10.04761404 -0.05103509 12.03477193]
-0.09	 -0.08	-0.0	0.07	281_M	[11.96520408 -1.94208163 10.84146939]
0.1	 1.28	0.21	-0.48	282_L	[5.83628571 1.24814286 9.89928571]
0.17	 1.47	0.24	-0.5	282_L	[ 4.94684615  2.20153846 10.40623077]
0.1	 0.9	-0.13	-0.15	282_L	[6.49090909 2.00054545 8.04063636]
-0.04	 -0.1	-0.05	-0.06	282_L	[4.66723529 2.40047059 4.75264706]
-0.07	 -0.26	-0.09	0.14	282_L	[5.07576623 3.99136364 8.07207792]
0.19	 1.28	0.41	-0.63	283_A	[ 1.65445455 -0.64518182  8.23963636]
0.16	 1.16	0.09	-0.35	283_A	[ 0.09082353 -0.98194118  8.86964706]
0.26	 1.3	0.43	-0.65	283_A	[-1.1335      1.43405556 12.622     ]
0.14	 0.87	0.05	-0.21	283_A	[ 0.17626316 -2.96126316  8.85763158]
0.15	 1.29	0.16	-0.41	284_F	[ 0.08624 -0.67096 15.48536]
0.19	 1.4	0.3	-0.57	284_F	[ 0.77009524  1.56104762 14.33052381]
-0.31	 -0.02	-0.25	0.14	284_F	[ 0.31252  1.84212 15.56068]
0.15	 1.66	0.09	-0.34	284_F	[ 2.6659  -0.35215 16.4964 ]
0.2	 1.4	0.33	-0.58	284_F	[ 0.31064286 -2.08528571 16.36157143]
-0.07	 -0.03	-0.08	0.08	285_D	[ 2.74358333  3.52983333 15.43741667]
0.11	 0.69	-0.1	-0.17	285_D	[ 1.67931818  4.64081818 13.52240909]
-0.21	 -0.71	-0.05	0.28	285_D	[ 2.20731579  5.97615789 13.89763158]
-0.04	 -0.02	-0.17	0.11	285_D	[ 4.81086842  3.93584211 12.678     ]
-0.11	 -0.4	0.02	0.05	285_D	[ 5.758875  3.047125 15.435125]
-0.04	 -0.42	0.01	0.05	285_D	[ 4.4435      1.62616667 16.18741667]
-0.12	 -0.3	0.04	0.13	285_D	[ 7.21979487  2.30679487 13.68241026]
0.07	 0.61	0.06	-0.21	286_D	[ 2.64376  5.58228 10.88048]
0.12	 1.23	-0.03	-0.26	286_D	[-0.3907  4.3764 13.2158]
0.12	 0.6	0.05	-0.34	286_D	[-1.44551852  3.49151852 12.5212963 ]
0.15	 1.48	-0.18	-0.08	286_D	[3.012  5.3318 9.7136]
-0.03	 -0.62	-0.12	-0.0	286_D	[2.30030769 6.31815385 8.28761538]
0.19	 1.1	0.02	-0.27	286_D	[1.90366667 5.4368     6.76326667]
-0.12	 -0.24	0.1	0.07	286_D	[0.44191429 7.81194286 9.01334286]
0.05	 0.56	-0.08	-0.14	287_A	[ 0.09727273  7.56659091 11.82972727]
-0.02	 -0.27	-0.08	0.03	287_A	[-2.0414   5.57516 13.68252]
0.06	 0.11	-0.1	-0.07	287_A	[-3.96128571  7.91142857 11.74428571]
-0.1	 -0.16	-0.11	0.08	287_A	[-5.0938  6.0311 12.4227]
-0.26	 -1.21	0.12	0.38	287_A	[-2.04511765  8.51826471 13.65377941]
0.03	 0.52	-0.09	-0.07	288_K	[-2.34173333  8.1812     10.26586667]
-0.17	 -0.59	-0.03	0.16	288_K	[-5.1393125  7.53775    9.9820625]
0.12	 1.89	0.2	-0.44	288_K	[-4.98477778  5.04494444  9.20877778]
-0.08	 -0.24	-0.12	0.03	288_K	[-6.15673333  5.19083333  8.59513333]
-0.17	 -1.11	0.07	0.25	288_K	[-4.1426      8.20702857  8.14048571]
0.11	 1.18	-0.07	-0.15	288_K	[-2.93565  6.3227   7.0995 ]
-0.14	 -0.87	0.02	0.21	288_K	[-2.82960417  8.39241667  6.12335417]
-0.15	 -0.91	0.05	0.25	288_K	[-1.42085714  6.69232653  4.50610204]
-0.2	 -0.69	0.02	0.28	288_K	[0.75064865 7.51864865 5.65962162]
0.05	 0.32	-0.03	-0.16	289_R	[-4.90666667  2.30058333  8.28375   ]
0.23	 1.33	0.42	-0.65	289_R	[-5.25892857  0.55842857  8.90192857]
0.14	 1.13	-0.27	-0.16	289_R	[-3.05292857  0.78592857  8.23457143]
-0.03	 -0.06	0.02	-0.05	289_R	[-2.50056667  2.84463333  6.89333333]
0.02	 0.28	-0.13	-0.04	289_R	[-1.26877778  0.51788889  7.66394444]
0.01	 0.26	-0.02	-0.05	289_R	[-0.67475  2.9285   5.10675]
-0.11	 -0.19	0.03	0.08	289_R	[0.827      0.35569841 5.31692063]
-0.13	 -0.19	-0.04	0.19	289_R	[1.57773585 3.65139623 4.28681132]
0.02	 0.34	-0.11	-0.07	290_K	[-4.9316087   3.71982609 13.89986957]
0.13	 1.07	0.07	-0.32	290_K	[-5.94877778  1.94977778 15.0355    ]
0.15	 1.43	0.1	-0.36	290_K	[-7.72266667  3.3806     11.7981    ]
-0.02	 0.05	-0.01	-0.02	290_K	[-7.94779487  3.33730769 14.17187179]
-0.04	 0.01	-0.02	0.04	290_K	[-9.68217143  3.84985714 12.42628571]
-0.21	 -0.61	-0.1	0.33	290_K	[-10.47248   3.46092  14.91202]
-0.29	 -1.1	0.21	0.5	290_K	[-12.18262963   4.36033333  13.37746296]
0.14	 0.61	-0.03	-0.23	291_S	[-2.98552174  2.20313043 13.66269565]
0.18	 1.49	0.13	-0.41	291_S	[-3.27095652  0.09969565 15.85243478]
-0.15	 -0.12	-0.06	0.1	291_S	[-3.08672222  1.19818519 16.55612963]
0.13	 0.61	0.05	-0.29	292_T	[-2.58857143 -1.40917857  8.71575   ]
0.12	 0.89	0.01	-0.25	292_T	[-8.44754762 -0.55442857 11.81054762]
0.17	 1.02	0.07	-0.32	293_I	[-1.54426316 -4.23152632  8.30163158]
0.15	 1.07	-0.08	-0.23	293_I	[-1.0642 -5.6619  7.2992]
0.05	 0.3	0.08	-0.06	294_G	[-2.74    -3.85836  6.53196]
0.01	 0.32	-0.31	0.03	294_G	[-4.25974074 -3.51066667  4.21574074]
-0.09	 -0.19	-0.18	0.06	294_G	[-4.14633333 -1.99588889  5.00766667]
0.07	 0.51	0.04	-0.21	294_G	[-4.90891892 -0.78491892  6.94208108]
-0.05	 0.0	-0.09	0.0	295_R	[-5.97064286  0.27235714  5.2465    ]
0.09	 0.96	-0.08	-0.15	295_R	[-8.03427273  0.88736364  5.32309091]
0.17	 2.53	0.08	-0.33	295_R	[-9.0148  0.7636  4.4044]
0.13	 0.7	0.12	-0.3	295_R	[-7.60012821 -0.38279487  2.2945641 ]
-0.05	 -0.03	0.04	-0.1	295_R	[-4.6536875  -0.74997917  3.05847917]
0.08	 0.77	0.15	-0.33	295_R	[-6.16171053 -0.50926316  0.91852632]
-0.13	 -0.41	0.07	0.18	295_R	[-4.14266667  1.40271429  0.25066667]
-0.14	 -0.4	-0.05	0.17	295_R	[-2.43055556 -0.39966667  1.47355556]
-0.09	 -0.09	0.71	0.33	295_R	[-3.53280556 -2.64447222  0.21036111]
-0.27	 -1.04	0.11	0.42	295_R	[-1.81117647  0.40952941 -0.55529412]
0.15	 1.63	0.24	-0.49	296_Q	[-9.735      -1.2082      9.43813333]
0.13	 0.93	-0.0	-0.22	296_Q	[-10.19466667   0.81451282   7.81264103]
0.02	 0.18	-0.04	-0.17	296_Q	[-7.12659259  1.31566667  7.48033333]
0.01	 -0.18	-0.11	-0.02	296_Q	[-10.05453846   2.98430769   7.78661538]
-0.1	 -0.31	-0.15	0.08	296_Q	[-10.40046154   2.60546154  10.06579487]
-0.14	 -0.45	0.07	0.17	296_Q	[-8.25282857  4.39782857  8.42631429]
0.19	 1.38	0.22	-0.48	297_E	[-13.67025  -1.68075   3.80325]
0.03	 0.4	-0.1	-0.13	297_E	[-13.28236364  -4.13374242   4.40528788]
-0.05	 -0.06	-0.19	0.04	297_E	[-15.06454054  -0.08954054   4.86510811]
0.04	 0.27	0.01	-0.14	297_E	[-13.96048276   1.21141379   6.91227586]
-0.29	 -0.96	0.16	0.45	297_E	[-14.46787805   2.41787805   5.66907317]
-0.04	 0.06	-0.1	0.01	297_E	[-12.691        1.17697143   8.05914286]
-0.01	 0.24	-0.15	0.02	298_N	[-12.34433333  -2.60616667   1.72183333]
0.03	 0.28	-0.12	-0.02	298_N	[-11.5105    -4.784375   2.291   ]
0.16	 0.83	0.09	-0.34	298_N	[-9.72864516 -3.7655      0.48683871]
0.13	 1.86	0.13	-0.38	298_N	[-11.09492308  -1.80730769   0.38946154]
-0.13	 -0.35	0.03	0.15	298_N	[-13.16495   -0.12285    1.416875]
-0.06	 -0.17	-0.01	0.06	298_N	[-11.1104186    1.72795349   3.12386047]
0.19	 1.03	0.11	-0.35	299_G	[-10.68845455  -6.12681818   3.67818182]
0.21	 1.46	0.27	-0.52	299_G	[-7.5626 -5.6132  1.212 ]
0.04	 0.66	0.98	0.11	299_G	[-6.45461224 -3.7272449   2.3114898 ]
0.1	 0.77	1.6	0.03	300_L	[-5.36357895 -5.64605263  1.59      ]
0.06	 0.25	0.05	-0.06	300_L	[-2.76408163 -5.62216327  3.43681633]
0.06	 0.66	-0.19	-0.1	301_F	[-4.192      -6.21504762  0.29695238]
0.07	 0.69	-0.19	-0.06	301_F	[-3.183  -9.9465 -1.5485]
0.12	 0.16	0.11	-0.28	301_F	[-2.16145455 -9.967      -0.31363636]
-0.03	 -0.13	-0.04	-0.04	301_F	[-3.36906522 -8.05506522 -2.15743478]
-0.08	 0.05	-0.1	0.1	301_F	[-3.6275     -6.264      -3.33716667]
0.02	 0.21	-0.04	-0.1	301_F	[-4.22794118 -7.13858824 -4.58988235]
-0.0	 0.17	-0.19	-0.05	301_F	[-4.89258696 -4.71736957 -1.43858696]
0.1	 1.22	0.26	-0.51	301_F	[-4.63163636 -5.54018182 -4.71381818]
0.15	 1.77	0.09	-0.36	301_F	[-6.38816667 -4.33305556 -2.49466667]
0.2	 1.54	0.21	-0.46	301_F	[-4.83254545 -4.56972727 -4.97163636]
0.08	 0.11	2.36	0.11	302_V	[ -4.18185714 -10.61314286  -2.082     ]
0.11	 1.42	0.05	-0.29	302_V	[ -2.4130625 -11.6008125  -0.663    ]
-0.05	 0.09	0.06	-0.16	302_V	[ -3.42415 -11.78115  -2.2614 ]
0.15	 1.13	0.17	-0.3	302_V	[ -4.46775    -11.69891667  -3.12658333]
0.06	 0.61	-0.05	-0.11	303_T	[ -1.87314286 -13.172       -1.91042857]
0.01	 0.57	-0.11	-0.12	303_T	[ -1.3283 -14.1484  -4.0045]
0.09	 0.73	-0.03	-0.23	303_T	[  0.1718  -14.19208  -2.441  ]
0.25	 1.35	0.41	-0.63	304_S	[ -2.95446154 -22.16369231  -2.98838462]
0.22	 1.06	0.28	-0.52	305_F	[  2.24168966 -20.17796552   1.77944828]
0.1	 0.53	0.01	-0.19	305_F	[  0.15194118 -23.12026471   3.89752941]
0.13	 0.62	-0.03	-0.25	305_F	[  3.06166667 -19.57466667   3.97866667]
-0.15	 -0.42	-0.08	0.17	305_F	[  1.78656522 -23.38743478   5.49130435]
-0.07	 -0.0	-0.07	-0.02	305_F	[  3.36544186 -21.33553488   5.48113953]
0.13	 1.07	-0.02	-0.25	306_A	[  0.37072727 -23.90954545   0.69113636]
0.06	 0.67	0.01	-0.22	306_A	[  0.19023077 -23.31107692  -3.19915385]
-0.0	 0.32	-0.09	-0.11	306_A	[  1.85540741 -24.06340741  -2.0722963 ]
-0.16	 -0.57	-0.05	0.21	306_A	[ -1.92847368 -24.45689474  -1.49552632]
0.11	 0.51	-0.18	-0.07	307_E	[  0.68870588 -21.90488235  -4.74617647]
0.2	 1.52	0.13	-0.35	307_E	[  2.48777273 -20.19381818  -5.35909091]
0.19	 1.06	0.07	-0.28	307_E	[  0.801625 -19.7025    -5.720625]
-0.13	 -0.64	0.01	0.14	307_E	[ -1.48171053 -21.60544737  -5.35313158]
-0.03	 -0.57	-0.1	0.05	307_E	[ -3.6049375 -20.7105     -6.0401875]
-0.05	 -0.09	0.01	0.02	307_E	[ -1.97737931 -19.30803448  -7.67317241]
0.18	 1.57	0.11	-0.37	307_E	[ -5.01626316 -19.98805263  -5.23310526]
0.22	 1.47	0.29	-0.53	308_D	[  4.89372222 -19.16377778   0.48133333]
0.18	 1.77	0.24	-0.49	308_D	[  1.73964286 -13.9195      -0.59292857]
0.09	 0.89	-0.0	-0.23	309_M	[  3.63008333 -20.24116667   0.729     ]
0.11	 0.51	-0.06	-0.14	309_M	[  5.108    -20.893375   0.982125]
0.09	 1.48	0.09	-0.38	309_M	[  5.5796 -24.4038  -1.4574]
0.13	 0.98	0.09	-0.31	309_M	[  7.2637619  -23.85719048  -1.99647619]
0.12	 0.62	-0.05	-0.23	309_M	[  4.02357895 -22.01673684   1.93963158]
0.12	 1.13	0.09	-0.33	309_M	[  5.34511905 -24.14530952   0.77390476]
-0.14	 -0.62	0.02	0.16	309_M	[  3.30962903 -25.87509677   1.36224194]
-0.19	 -0.59	-0.1	0.23	309_M	[  4.2231129  -24.84624194   3.96030645]
0.14	 1.59	0.08	-0.34	310_A	[  3.80055556 -24.112       -2.002     ]
-0.08	 -0.16	-0.09	0.1	310_A	[  5.4725     -24.587625    -3.10591667]
0.08	 0.29	-0.15	-0.09	310_A	[  5.30657143 -22.73157143  -6.18414286]
-0.08	 -0.2	-0.02	0.07	310_A	[  7.501475 -23.29515   -5.3405  ]
-0.17	 -0.87	0.08	0.24	310_A	[  3.38926154 -24.05223077  -5.07730769]
0.08	 0.68	-0.09	-0.19	311_L	[  6.49495833 -21.11129167  -6.67341667]
0.14	 0.09	-0.01	-0.18	311_L	[  4.01838889 -19.84233333  -6.31994444]
-0.02	 -0.16	-0.08	0.01	311_L	[  6.24862963 -19.35666667  -8.8542037 ]
0.15	 0.88	0.11	-0.34	311_L	[  3.76794118 -18.00023529  -8.26411765]
-0.03	 0.29	-0.08	-0.1	313_F	[ 10.11405263 -23.46136842  -4.46147368]
0.21	 1.74	0.11	-0.35	313_F	[  9.426  -24.131   -1.6895]
0.12	 0.73	0.1	-0.34	313_F	[  9.82366667 -22.89794444   3.71994444]
0.06	 0.53	-0.12	-0.11	313_F	[  6.94377778 -21.68316667   2.06205556]
-0.08	 -0.17	-0.07	0.05	313_F	[  8.72896429 -20.875        3.90539286]
0.14	 0.43	-0.05	-0.13	314_T	[ 12.668125 -24.166625  -5.392125]
0.16	 1.42	0.08	-0.35	314_T	[ 11.15190909 -25.84027273  -4.06945455]
0.08	 -0.14	-0.04	-0.16	314_T	[ 10.93733333 -26.10814815  -1.83248148]
-0.1	 -0.71	-0.08	0.09	314_T	[ 15.45728 -25.16184  -4.5708 ]
0.11	 0.67	-0.05	-0.18	314_T	[ 16.60014286 -24.97971429  -2.64621429]
-0.12	 -0.25	-0.01	0.12	314_T	[ 15.84791803 -22.09590164  -4.43096721]
0.04	 0.44	-0.1	-0.1	315_D	[ 13.79505263 -26.45184211  -5.49647368]
-0.05	 -0.12	-0.1	0.04	315_D	[ 11.4638125 -28.125125   -3.4408125]
0.19	 1.74	0.15	-0.41	315_D	[ 11.930125 -28.0285    -1.958375]
-0.19	 -0.54	-0.02	0.25	315_D	[ 12.97108571 -29.95128571  -1.92882857]
-0.13	 -0.59	-0.12	0.18	315_D	[ 13.83605128 -29.48507692  -5.22948718]
-0.15	 -0.89	-0.04	0.19	315_D	[ 11.84604 -28.42504  -6.6846 ]
-0.27	 -0.92	0.01	0.38	315_D	[ 10.98488571 -26.76248571  -6.25017143]
-0.3	 -1.18	0.21	0.48	315_D	[ 11.99080488 -29.57739024  -7.75290244]
0.2	 1.93	0.14	-0.4	316_Q	[ 15.35969231 -27.39823077  -3.77630769]
0.12	 0.64	-0.05	-0.19	316_Q	[ 15.071      -29.68172727  -0.38836364]
-0.01	 0.1	-0.08	0.04	316_Q	[ 13.79772727 -28.744        0.59481818]
-0.15	 -0.42	0.04	0.22	316_Q	[ 15.51091429 -27.69974286   1.92194286]
-0.02	 0.22	-0.22	-0.0	316_Q	[ 17.82106452 -27.2673871   -0.67219355]
-0.15	 -0.85	0.01	0.22	316_Q	[ 17.83982 -28.32366  -3.02666]
-0.05	 0.23	-0.02	0.01	316_Q	[ 17.26977778 -30.82061111  -2.12033333]
-0.28	 -0.94	0.15	0.43	316_Q	[ 17.56795  -31.061475  -0.58265 ]
-0.21	 -0.96	0.09	0.33	316_Q	[ 16.46731915 -31.42142553  -3.5982766 ]
0.15	 1.32	0.07	-0.34	317_G	[ 12.57877778 -28.15466667   0.08211111]
0.13	 0.38	-0.14	-0.11	317_G	[ 12.69728571 -27.48564286   2.01357143]
0.15	 1.06	0.26	-0.52	317_G	[ 14.6212     -25.90526667   2.59193333]
0.12	 1.07	-0.05	-0.19	317_G	[ 14.37966667 -25.20916667   3.43383333]
-0.04	 0.06	-0.04	-0.02	318_K	[ 17.17322727 -22.11518182  -0.40422727]
0.0	 0.11	-0.0	-0.03	318_K	[ 18.171      -24.45325     -0.71096429]
0.13	 1.07	0.02	-0.21	318_K	[ 17.56848571 -23.91182857   2.452     ]
-0.23	 -1.13	0.0	0.31	318_K	[ 19.5205814  -25.80332558   1.62825581]
-0.23	 -1.1	0.11	0.38	318_K	[ 20.08648148 -24.49585185   3.72268519]
-0.04	 -0.06	-0.0	-0.02	319_L	[ 16.30229412 -19.51411765  -0.63479412]
0.09	 0.85	0.03	-0.22	319_L	[ 14.88533333 -18.31609524   2.57409524]
-0.03	 -0.05	-0.01	-0.01	319_L	[ 13.90264103 -15.91205128   3.13912821]
0.2	 1.2	0.04	-0.3	320_K	[ 15.743375  -19.3195625  -3.14325  ]
0.04	 1.86	0.01	-0.34	320_K	[ 16.3742 -17.2066  -0.728 ]
0.14	 0.76	0.03	-0.21	320_K	[ 14.87261538 -15.85996154   0.14388462]
0.2	 1.52	0.31	-0.56	320_K	[ 14.35469231 -19.93338462  -5.65484615]
0.16	 0.93	0.06	-0.3	320_K	[ 12.63233333 -18.13544444  -6.99705556]
-0.06	 -0.1	-0.18	0.08	320_K	[ 12.7425     -21.06130769  -6.62619231]
-0.13	 -0.45	-0.02	0.16	320_K	[ 10.11843137 -20.46256863  -7.65758824]
0.09	 0.3	-0.03	-0.15	321_S	[ 16.89215385 -17.52069231  -2.823     ]
-0.08	 -0.13	-0.1	0.09	321_S	[ 17.16531818 -15.90968182  -1.08554545]
-0.16	 -0.86	0.01	0.23	321_S	[ 18.7794902  -14.67068627  -3.42829412]
0.06	 0.31	-0.06	-0.06	321_S	[ 18.1538125 -14.3561875  -5.580875 ]
0.02	 0.15	-0.03	-0.06	322_A	[ 16.22229032 -13.19848387  -0.76554839]
0.12	 1.51	0.26	-0.52	322_A	[ 14.695      -12.34628571   0.10057143]
-0.04	 -0.14	-0.08	0.01	322_A	[ 16.67925397 -10.39415873  -0.40726984]
0.19	 1.08	0.06	-0.31	323_D	[ 17.79376923 -11.49992308  -3.19938462]
0.13	 1.59	0.02	-0.28	323_D	[16.24654545 -9.25827273 -6.19136364]
0.18	 1.27	0.15	-0.41	323_D	[ 16.22273333 -12.12213333  -7.45486667]
0.12	 0.77	0.03	-0.26	323_D	[15.00278261 -9.62091304 -7.26995652]
-0.11	 -0.48	-0.26	0.21	323_D	[ 17.90108108 -11.42891892  -6.65851351]
-0.1	 -0.34	-0.06	0.09	323_D	[18.84       -9.7775     -5.00334375]
-0.25	 -0.11	-0.03	0.15	323_D	[17.87683721 -8.07916279 -4.39627907]
-0.31	 -1.18	0.24	0.5	323_D	[20.39225641 -9.89482051 -5.97871795]
0.01	 0.1	-0.18	-0.07	324_Q	[ 14.75727273 -13.70140909  -8.16568182]
0.21	 1.22	0.12	-0.33	324_Q	[ 12.26878571 -14.40478571  -8.0205    ]
0.11	 0.85	0.02	-0.23	324_Q	[ 13.64905 -16.19205  -7.25665]
-0.16	 -0.82	-0.01	0.19	324_Q	[ 16.35734286 -15.37474286  -8.0666    ]
-0.06	 -0.23	-0.02	0.04	324_Q	[ 17.79264286 -16.90078571  -6.473     ]
-0.12	 -0.01	-0.12	0.04	324_Q	[ 16.9147619  -18.27114286  -5.11638095]
-0.21	 -0.72	0.06	0.32	324_Q	[ 15.89345614 -18.4822807   -7.80414035]
0.18	 1.46	0.33	-0.58	326_E	[11.96444444 -7.84311111 -7.46344444]
0.2	 1.53	0.1	-0.4	326_E	[10.19272727 -7.64190909 -8.30354545]
0.11	 0.71	-0.09	-0.19	326_E	[13.3117 -7.6877 -6.5127]
0.11	 0.89	0.13	-0.35	326_E	[15.65539394 -7.23730303 -4.92312121]
0.21	 1.18	0.09	-0.35	326_E	[16.01241667 -7.530125   -1.84191667]
0.04	 0.24	-0.02	-0.15	327_N	[11.001      -9.07333333 -9.94983333]
0.02	 0.49	-0.15	-0.14	327_N	[ 10.12306667 -12.2066     -10.4028    ]
-0.13	 0.09	0.29	0.23	327_N	[  8.75288571 -10.42431429 -10.65008571]
-0.09	 -0.33	-0.0	0.13	327_N	[ 12.27976923 -12.07823077 -10.25857692]
-0.09	 -0.04	-0.03	0.04	327_N	[ 13.8265625  -9.6951875 -10.6488125]
-0.22	 -0.63	0.09	0.3	327_N	[13.46527273 -8.33793182 -9.84502273]
-0.18	 -0.52	-0.02	0.35	327_N	[ 15.41450877 -10.95385965 -10.12417544]
0.14	 1.3	0.06	-0.34	328_I	[ 10.48325  -12.926625  -9.634625]
0.11	 1.24	0.33	-0.58	328_I	[  9.587      -13.509       -9.84788889]
0.07	 0.69	-0.13	-0.17	328_I	[  6.04527536 -11.64552174  -9.66836232]
-0.06	 -0.36	-0.1	0.05	328_I	[ 10.18636842 -15.24878947  -9.38884211]
0.2	 1.41	0.17	-0.42	328_I	[  5.39384615 -13.86761538  -7.13153846]
0.1	 0.57	0.05	-0.25	328_I	[ 10.268125   -16.96078125  -8.04640625]
0.02	 0.29	-0.13	-0.01	329_K	[  4.95216667 -10.57541667  -7.25116667]
0.02	 -0.16	-0.13	0.0	329_K	[ 5.44333333 -9.30925    -8.59291667]
-0.14	 -0.53	0.05	0.19	329_K	[ 4.75193333 -7.72376667 -7.01786667]
0.15	 1.31	-0.03	-0.23	329_K	[ 5.38473333 -9.0138     -4.3976    ]
-0.02	 -0.06	-0.06	-0.0	329_K	[  4.38033333 -11.20090196  -4.43923529]
0.16	 1.44	0.27	-0.53	329_K	[  4.56546154 -13.53469231  -5.56946154]
-0.06	 0.0	-0.08	-0.0	329_K	[  2.52563889 -12.68813889  -3.12927778]
0.08	 1.23	0.23	-0.49	330_G	[ 6.3816 -9.2848 -9.2738]
-0.14	 -0.38	-0.04	0.16	330_G	[ 7.61769565 -7.46721739 -9.82786957]
0.03	 0.34	-0.23	-0.0	330_G	[ 8.12441667 -5.07291667 -9.32483333]
-0.23	 -0.32	-0.2	0.19	330_G	[ 6.20832558 -4.70004651 -8.72274419]
0.0	 0.59	-0.2	0.01	331_V	[ 7.74778571 -3.4775     -6.50478571]
0.05	 0.4	-0.13	-0.08	331_V	[ 9.31316667 -3.37461111 -7.67105556]
-0.03	 0.19	-0.01	-0.0	331_V	[11.13790244 -5.75978049 -7.76782927]
0.12	 0.9	0.13	-0.34	331_V	[ 8.08547059 -3.61135294 -3.96847059]
-0.09	 -0.38	-0.03	0.1	331_V	[ 5.9245102  -5.56261224 -4.16128571]
-0.0	 -0.14	-0.1	0.02	332_D	[11.79907143 -2.3735     -7.50478571]
-0.06	 -0.2	-0.05	0.06	332_D	[11.81606977 -1.04651163 -4.40286047]
-0.08	 -0.1	-0.09	0.1	332_D	[ 9.68146154 -0.06742308 -6.17630769]
-0.21	 -0.86	0.3	0.53	332_D	[ 9.89280435  0.07008696 -7.70113043]
-0.22	 -0.56	0.09	0.3	332_D	[ 8.82327451 -0.2572549  -4.86888235]
-0.09	 -1.13	-0.04	0.11	333_S	[13.561  -2.852  -7.0165]
0.12	 0.54	-0.03	-0.21	333_S	[13.93644444 -5.27916667 -6.48233333]
0.15	 1.51	-0.15	-0.15	333_S	[16.79942857 -2.96628571 -3.97942857]
-0.13	 -0.31	0.02	0.13	333_S	[14.94918421 -1.669      -3.97855263]
-0.22	 -1.12	0.09	0.33	333_S	[15.87833333 -3.41120833 -7.47702083]
-0.41	 -0.53	0.1	0.29	333_S	[17.54748718 -4.21928205 -5.82702564]
0.21	 1.0	-0.04	-0.25	334_G	[16.67355556 -5.33355556 -3.99311111]
-0.06	 -0.36	-0.09	0.08	334_G	[16.69791304 -4.1886087  -2.12434783]
0.03	 -0.41	-0.1	0.02	334_G	[14.1833 -2.5535 -1.0864]
-0.06	 0.27	0.01	0.01	334_G	[14.64048276 -3.52475862  0.93358621]
0.15	 1.88	0.09	-0.34	335_K	[12.89581818 -2.77090909 -2.34963636]
-0.07	 -1.39	-0.1	0.03	335_K	[11.62194444 -2.83544444 -1.00794444]
0.04	 0.53	-0.03	-0.15	335_K	[11.94638636 -4.77222727  2.29295455]
0.16	 1.73	0.21	-0.48	335_K	[10.81018182 -2.73963636 -2.32563636]
-0.03	 0.22	-0.08	-0.06	335_K	[ 9.06167391 -2.55328261 -1.00976087]
0.01	 0.33	-0.04	-0.1	335_K	[ 6.40395122 -4.58585366 -0.61180488]
-0.17	 -0.57	0.01	0.27	335_K	[ 6.61939535 -1.73593023  0.09562791]
0.18	 1.2	0.08	-0.31	336_Y	[14.98723077 -9.98180769  2.20930769]
0.12	 0.92	0.02	-0.26	336_Y	[ 6.08660465 -8.26113953 -1.54490698]
-0.06	 0.09	-0.28	0.04	337_S	[17.5666     -8.0956      1.34566667]
0.11	 1.18	0.09	-0.37	337_S	[18.016875 -5.891     3.748125]
-0.24	 -0.75	0.09	0.35	337_S	[17.95474286 -8.11802857  3.91131429]
-0.15	 -0.94	-0.0	0.19	337_S	[18.1436     -5.98433333  0.72668889]
-0.07	 -0.29	-0.03	0.08	337_S	[16.90734091 -4.08929545  2.57302273]
0.17	 1.54	0.14	-0.41	338_D	[14.663125  -5.3691875  3.0019375]
0.0	 0.47	-0.1	-0.01	338_D	[16.84191667 -7.22491667  6.34625   ]
-0.01	 0.22	-0.04	-0.15	338_D	[15.8495  -9.16955  6.49205]
0.1	 0.95	-0.22	-0.01	338_D	[14.56753125 -7.6526875   8.40240625]
-0.01	 0.48	-0.1	-0.11	338_D	[13.78735294 -5.37479412  5.10126471]
-0.04	 -0.04	-0.05	0.03	338_D	[15.92338462 -4.37792308  6.96646154]
-0.2	 -0.6	0.03	0.3	338_D	[17.63202439 -4.23234146  5.8424878 ]
-0.13	 -0.59	-0.07	0.27	338_D	[15.01321429 -3.38271429  8.12692857]
0.17	 0.86	-0.07	-0.17	339_G	[15.65711111 -9.447       4.43      ]
-0.02	 -0.01	-0.06	-0.02	339_G	[ 14.32739286 -11.00217857   4.73403571]
0.25	 1.46	0.26	-0.52	339_G	[12.10239394 -7.18318182  4.13709091]
0.17	 0.86	0.11	-0.35	340_V	[ 12.56862963 -12.48551852   4.8967037 ]
0.12	 0.95	0.05	-0.25	340_V	[ 13.33245455 -12.83993939   1.46533333]
0.22	 1.3	0.11	-0.37	341_Y	[13.19953125 -8.47096875 10.734375  ]
0.11	 0.56	-0.07	-0.21	342_Q	[  5.38080645 -17.93506452   5.63729032]
0.14	 1.01	0.06	-0.31	342_Q	[  3.7940303  -18.19009091   2.6779697 ]
0.09	 0.64	0.08	-0.23	343_Y	[ 0.4382381  -6.22371429  5.55619048]
0.1	 0.5	0.07	-0.28	343_Y	[ 1.658625 -5.026275  7.178775]
0.17	 0.94	0.3	-0.58	344_E	[  1.35666667 -20.347        9.5785    ]
0.18	 1.16	0.11	-0.37	344_E	[  2.28454545 -20.12827273   9.21395455]
0.0	 0.52	-0.02	-0.1	344_E	[ -0.47393333 -20.7565       8.465     ]
0.22	 1.65	0.08	-0.36	346_D	[ -3.36588889 -20.92072222   7.79188889]
0.03	 0.17	0.04	-0.13	346_D	[ -2.97752273 -21.16513636  10.96645455]
0.12	 -0.13	0.06	-0.27	346_D	[ -5.60090909 -22.37809091  11.18945455]
0.01	 0.1	-0.03	0.02	346_D	[ -4.92603333 -22.1433      13.35166667]
0.06	 0.41	0.03	-0.23	347_S	[ -5.10371429 -22.65942857   8.43839286]
0.16	 1.21	0.41	-0.63	347_S	[ -9.83644444 -23.32511111   8.90588889]
-0.18	 -0.74	-0.02	0.22	347_S	[ -6.29451515 -24.74866667   8.13684848]
-0.12	 -0.35	-0.03	0.11	347_S	[ -8.8562619  -24.84278571   7.52069048]
0.05	 0.55	-0.08	-0.15	348_E	[ -7.64735294 -23.44570588  10.50788235]
-0.02	 -0.08	-0.12	-0.02	348_E	[-10.19115789 -23.452       10.48221053]
0.22	 1.26	0.43	-0.65	348_E	[-12.17375    -21.63266667  11.006     ]
-0.1	 -0.42	0.03	0.1	348_E	[ -8.21654545 -23.67704545  12.336     ]
-0.05	 -0.03	-0.01	0.01	348_E	[-11.40180645 -22.98280645  12.53906452]
-0.21	 -1.22	-0.01	0.25	348_E	[ -9.76969231 -24.35715385  14.74607692]
0.03	 0.16	0.01	-0.04	348_E	[ -7.7975     -22.66340385  15.41951923]
-0.17	 -0.72	0.03	0.21	348_E	[-11.38878947 -23.19742105  15.70405263]
0.01	 0.5	-0.02	-0.11	351_K	[-11.95083333 -23.11033333   8.28504762]
-0.06	 -0.34	-0.05	0.03	351_K	[-14.34336842 -23.74034211   9.19415789]
0.06	 0.44	-0.03	-0.13	351_K	[-13.58527273 -24.01754545   5.93509091]
-0.16	 -0.63	0.05	0.23	351_K	[-15.85436364 -25.22809091   6.9170303 ]
-0.11	 -0.29	0.03	0.1	351_K	[-17.12059259 -23.5582037    5.2127037 ]
0.17	 1.38	0.16	-0.43	352_N	[-16.27488889 -18.65922222  10.74655556]
0.15	 1.04	0.07	-0.3	352_N	[-16.82764286 -16.99507143  10.62257143]
0.09	 0.23	-0.01	-0.12	352_N	[-15.22034783 -17.84252174  12.27582609]
0.03	 0.74	0.07	-0.18	352_N	[-14.09347059 -20.58729412  12.45858824]
-0.09	 -0.19	0.04	0.05	352_N	[-15.74525    -21.06402778  11.92725   ]
-0.05	 -0.24	-0.19	0.01	352_N	[-13.488      -21.21182609  13.86930435]
0.06	 0.89	-0.18	-0.16	354_D	[-17.64033333 -19.19741667   5.15966667]
0.0	 -0.11	-0.04	0.06	354_D	[-18.92818182 -17.31809091   4.353     ]
0.18	 1.16	0.34	-0.55	354_D	[-16.29114286 -20.12807143   5.21228571]
0.07	 0.46	0.03	-0.25	354_D	[-17.221375  -19.3603125   3.73225  ]
0.17	 0.84	-0.0	-0.32	354_D	[-16.97472973 -16.55143243   2.55543243]
0.01	 0.11	-0.02	-0.13	354_D	[-17.09651852 -20.38611111   2.75551852]
-0.02	 -0.24	-0.08	0.0	355_K	[-19.49565 -18.92565   6.3616 ]
0.2	 1.37	-0.13	-0.14	355_K	[-19.836      -16.755        9.59828571]
-0.22	 -0.74	0.11	0.31	355_K	[-21.15734211 -16.93457895   7.45207895]
-0.01	 -0.58	-0.03	-0.0	355_K	[-18.99624242 -18.82890909   9.67066667]
0.04	 0.12	0.03	-0.12	355_K	[-18.40356757 -20.7847027    7.03818919]
-0.14	 -0.45	-0.02	0.11	355_K	[-18.63533333 -21.13533333  10.70203704]
-0.14	 -0.59	-0.01	0.19	355_K	[-19.28932258 -23.49680645   8.67306452]
-0.22	 -0.81	0.06	0.36	355_K	[-17.87750877 -24.20733333  10.78738596]
0.13	 0.5	-0.17	-0.07	356_L	[-20.71875    -14.602        8.88408333]
-0.0	 -0.04	-0.11	-0.01	356_L	[-20.99175  -14.420875   6.625125]
-0.07	 -0.28	0.08	0.09	356_L	[-20.63532432 -12.46521622   7.12940541]
0.07	 0.07	-0.16	-0.07	356_L	[-18.13318182 -16.24372727  10.85027273]
0.13	 0.39	0.04	-0.24	356_L	[-16.63722727 -15.08204545  12.43672727]
-0.09	 -0.46	0.01	0.07	356_L	[-19.88668919 -14.00714865  11.62037838]
-0.12	 -0.53	-0.35	0.45	357_G	[-19.54165116 -14.73372093   3.73602326]
0.13	 0.63	0.0	-0.23	357_G	[-17.67855556 -13.7015       3.01683333]
-0.02	 0.26	-0.05	-0.06	357_G	[-19.31323077 -11.59735897   3.35664103]
0.17	 1.1	0.14	-0.37	358_Y	[-13.68305714  -9.53311429   3.63365714]
0.09	 0.85	-0.02	-0.23	358_Y	[-18.6639   -9.70945   5.952  ]
-0.08	 -0.37	-0.03	0.1	358_Y	[-19.50388235  -9.59047059   8.13776471]
0.01	 0.3	-0.03	-0.1	358_Y	[-19.15415517  -9.51522414  10.9477931 ]
0.25	 2.0	0.22	-0.46	359_I	[-16.15364706 -13.98094118   2.65223529]
0.13	 1.02	0.0	-0.26	359_I	[-14.77027273 -12.65154545  -0.92336364]
-0.11	 -0.4	-0.05	0.16	359_I	[-16.42044828 -12.73441379   0.13310345]
0.16	 1.47	0.03	-0.32	359_I	[-15.63566667 -14.79716667   1.32841667]
0.12	 0.83	-0.08	-0.27	359_I	[-13.94045833 -14.31633333  -1.234375  ]
0.06	 0.35	-0.14	-0.11	360_R	[-15.484625  -11.02175    -1.7961875]
0.23	 0.75	0.08	-0.33	360_R	[-13.86546667 -12.2282      -2.46446667]
0.04	 0.44	-0.04	-0.09	360_R	[-13.49886957  -7.55043478  -1.33995652]
-0.03	 -0.14	-0.03	-0.05	360_R	[-14.3744375   -7.7759375    1.06809375]
-0.19	 -0.86	-0.0	0.26	360_R	[-16.81108824  -8.38997059  -1.39782353]
-0.13	 -0.52	0.03	0.12	360_R	[-17.72931818  -6.96540909   0.49504545]
-0.12	 -0.5	-0.04	0.14	360_R	[-19.28        -8.95091667   0.40525   ]
-0.05	 -1.25	-0.01	0.06	360_R	[-18.57629412 -10.74494118   0.78194118]
-0.17	 -0.68	0.07	0.22	360_R	[-19.66412766  -7.9337234    2.59853191]
0.09	 0.2	-0.11	-0.1	361_T	[-15.05558824 -10.21211765  -3.51935294]
-0.06	 0.11	-0.14	-0.01	361_T	[-13.72038298  -7.21531915  -4.67812766]
-0.07	 -0.05	-0.01	0.08	361_T	[-15.50905405  -9.85116216  -6.53281081]
0.06	 0.53	-0.02	-0.21	361_T	[-14.76757692 -12.88753846  -4.90861538]
0.16	 1.1	0.08	-0.35	362_A	[-10.95579412  -9.69785294  -6.44167647]
0.15	 1.47	0.35	-0.6	362_A	[-11.46853846  -6.27776923  -4.11907692]
0.2	 1.41	0.18	-0.43	362_A	[-12.95051429  -7.87165714  -7.91845714]
0.1	 0.66	-0.17	-0.15	362_A	[-8.95813889 -6.40344444 -7.32130556]
0.18	 0.99	0.01	-0.28	363_S	[-9.49045455 -3.92736364 -8.37575758]
-0.06	 -0.08	-0.05	0.03	363_S	[-14.65994444  -4.54533333  -6.98430556]
0.0	 0.02	-0.13	-0.01	363_S	[-15.86        -3.60403571  -9.16657143]
0.14	 0.84	-0.04	-0.22	364_G	[ -9.54376471  -2.27494118 -10.26617647]
0.16	 1.29	0.11	-0.35	364_G	[-11.80335   0.82025 -10.4023 ]
-0.01	 0.11	-0.09	-0.05	364_G	[-9.29211667  0.34333333 -9.17788333]
-0.13	 -0.35	-0.0	0.06	365_D	[-11.1938       1.898       -8.01386667]
0.07	 0.85	0.25	-0.42	365_D	[-11.43925     0.5764375  -5.776875 ]
-0.1	 -0.53	-0.08	0.09	365_D	[-12.20330303   1.63963636  -4.91006061]
-0.16	 -0.43	-0.01	0.19	365_D	[-13.44861364   1.94659091  -8.48022727]
-0.08	 -0.24	-0.08	0.06	365_D	[-14.88104167   0.38170833  -7.12229167]
-0.04	 0.07	-0.05	0.02	365_D	[-14.65783333  -1.29903333  -6.94806667]
-0.27	 -1.02	0.17	0.43	365_D	[-15.52468182   1.80381818  -6.06618182]
0.08	 0.98	0.27	-0.35	366_T	[-12.49622222  -1.22861111  -4.30833333]
0.12	 1.42	0.04	-0.3	366_T	[-9.76225   1.231875 -4.72625 ]
0.08	 -0.02	-0.04	-0.16	366_T	[-8.32191304  0.48795652 -5.64117391]
0.01	 0.29	0.03	-0.1	366_T	[-12.75179167  -3.77816667  -5.02129167]
0.11	 0.68	0.15	-0.33	366_T	[-10.50926786  -3.75296429  -2.19439286]
-0.05	 -0.2	0.03	0.01	367_P	[-8.8585      1.87172727 -3.01563636]
0.13	 0.84	0.99	-0.12	367_P	[-7.223375   -2.18922917 -0.65289583]
-0.03	 0.12	0.04	0.02	367_P	[-8.33282759  1.89637931  0.01751724]
-0.18	 -0.8	0.04	0.27	367_P	[-10.89592857   2.43139286  -0.66032143]
-0.03	 -0.29	-0.11	-0.01	367_P	[-11.85260976   0.28343902  -2.06702439]
0.01	 0.0	-0.0	-0.07	368_G	[-6.27623077  1.28192308 -2.74196154]
-0.0	 0.51	-0.04	-0.06	368_G	[-4.07464706  0.56147059 -2.82464706]
0.08	 0.59	-0.03	-0.2	368_G	[-3.852     0.074125 -4.82725 ]
-0.01	 0.57	0.0	-0.14	368_G	[-3.30831373 -2.03829412 -4.47731373]
0.09	 1.04	0.05	-0.3	369_A	[-5.1382  -0.0687  -7.58105]
-0.18	 -0.67	0.0	0.23	369_A	[-5.25291176  1.16126471 -6.46838235]
0.12	 0.81	-0.13	-0.19	369_A	[-7.54767308 -2.1015     -7.90492308]
-0.04	 -0.28	-0.16	-0.01	370_N	[-4.22427778  1.32766667 -8.663     ]
-0.02	 0.19	-0.15	-0.05	370_N	[ -5.04263158   0.47305263 -10.74136842]
0.09	 0.67	-0.33	-0.04	370_N	[ -5.38978788  -1.17636364 -10.9000303 ]
-0.01	 0.45	-0.05	-0.04	370_N	[-1.62823077  1.15096154 -7.37492308]
0.13	 1.52	0.07	-0.29	370_N	[-0.45713636 -2.85786364 -9.13359091]
-0.2	 -0.67	-0.02	0.2	370_N	[-0.40204348 -1.62126087 -6.68195652]
0.1	 0.96	0.03	-0.27	371_S	[ -3.43995455   1.89404545 -11.24777273]
0.15	 1.61	0.25	-0.51	371_S	[ -4.06716667   0.87044444 -12.55572222]
0.18	 1.54	0.27	-0.52	371_S	[ -4.13391304  -1.37421739 -13.38852174]
0.11	 0.52	-0.01	-0.19	372_L	[ -1.518       -4.58164286 -10.39742857]
0.06	 0.3	-0.03	-0.17	372_L	[ -0.88975     -6.258      -11.64216667]
0.06	 -0.79	-0.03	-0.06	372_L	[  1.00765  -4.2274  -11.20505]
0.05	 0.27	-0.0	-0.09	372_L	[  3.4862   -3.7534  -11.70568]
0.09	 0.71	0.01	-0.26	373_N	[ -3.51258333  -6.25404167 -10.40541667]
0.13	 0.94	0.01	-0.29	373_N	[ -5.89941935  -3.27035484 -12.98329032]
-0.01	 0.4	-0.46	0.12	373_N	[ -6.58734211  -4.21255263 -10.05676316]
-0.01	 0.99	-0.09	0.01	373_N	[-2.8835   -5.130875 -8.703625]
0.07	 0.9	-0.01	-0.13	373_N	[-2.68195652 -3.74008696 -7.60804348]
0.11	 0.59	0.06	-0.27	373_N	[-5.12838182 -5.50223636 -7.25689091]
0.2	 1.39	0.15	-0.42	374_I	[ -4.90810526  -7.51426316 -10.84931579]
0.22	 1.09	0.07	-0.34	374_I	[ -7.71621739  -8.18230435 -10.61876087]
0.15	 1.32	0.27	-0.52	374_I	[ -3.76005263  -8.36584211 -11.88573684]
0.13	 0.68	0.06	-0.27	376_G	[ -8.64852381 -15.60571429 -12.00916667]
0.2	 1.27	0.12	-0.39	377_C	[ -8.88765 -10.9616  -10.183  ]
0.11	 0.69	-0.1	-0.19	377_C	[ -9.50268421 -11.547       -8.54026316]
0.19	 0.64	0.08	-0.28	377_C	[ -7.50613043 -15.86113043  -9.18004348]
0.17	 1.33	0.05	-0.33	377_C	[-11.20872727 -11.57545455  -7.49277273]
0.22	 1.44	0.22	-0.48	378_Q	[ -4.70005263  -9.32894737 -10.31236842]
0.16	 0.57	0.02	-0.23	378_Q	[ -5.48726316 -15.50536842 -11.25110526]
0.17	 1.37	0.3	-0.57	378_Q	[ -7.14841667 -14.921      -13.71775   ]
0.11	 0.88	0.0	-0.26	378_Q	[ -6.18133333 -15.96058333 -13.98416667]
0.11	 0.91	-0.03	-0.2	379_T	[-2.75275 -9.68505 -9.94255]
-0.05	 -0.08	-0.1	0.03	379_T	[  0.2422963  -10.69674074  -9.11781481]
0.12	 0.78	-0.02	-0.22	379_T	[  0.84092 -13.0806   -8.47684]
-0.14	 -0.06	0.0	0.09	379_T	[ -1.61114583 -11.27389583  -6.68029167]
0.05	 0.66	-0.06	-0.14	380_W	[ -1.50391667  -8.58220833 -11.22320833]
-0.07	 -0.02	-0.01	0.09	380_W	[  1.66505263  -8.59152632 -11.16339474]
0.12	 1.39	0.4	-0.63	380_W	[ -0.4025  -7.7837 -11.7479]
0.06	 0.45	0.01	-0.22	380_W	[  2.90496  -6.99884 -12.86396]
-0.03	 -0.07	-0.12	-0.01	380_W	[  4.70480769  -6.05911538 -13.91184615]
0.23	 1.59	0.15	-0.4	380_W	[  5.62764706  -5.94905882 -15.92629412]
-0.02	 0.39	-0.19	-0.06	381_S	[  3.91056522 -10.04995652 -11.59095652]
-0.0	 0.18	0.02	-0.09	381_S	[  4.99707143 -10.08228571 -12.60614286]
0.05	 0.44	0.26	0.01	381_S	[  6.27552778 -11.81272222 -13.15205556]
0.12	 0.8	-0.02	-0.21	381_S	[  2.99395455 -12.13186364 -10.42454545]
0.1	 0.83	0.04	-0.33	382_G	[  4.408625  -8.621125 -13.726375]
-0.0	 0.16	-0.09	-0.03	382_G	[  5.91834783  -8.91986957 -14.99847826]
0.21	 1.46	0.35	-0.59	382_G	[  3.34611111 -12.198      -18.2145    ]
0.16	 1.71	0.14	-0.39	383_K	[  6.93063636 -10.49381818 -16.41818182]
0.16	 1.5	0.09	-0.37	383_K	[  5.43775  -12.265875 -20.188625]
0.21	 1.18	0.04	-0.29	383_K	[  7.74341667 -14.00041667 -18.32741667]
-0.01	 0.32	-0.25	-0.0	383_K	[  5.04098333 -14.44865    -19.23948333]
-0.06	 -0.23	-0.01	0.07	383_K	[  7.06886842 -11.37094737 -20.51057895]
0.06	 0.62	-0.16	-0.13	383_K	[  8.83743243 -11.99851351 -17.45045946]
-0.13	 -0.73	0.03	0.2	383_K	[ 10.01066667 -10.88531373 -20.17968627]
-0.19	 -0.64	-0.12	0.18	383_K	[ 11.81788  -9.45896 -19.30828]
-0.25	 -0.81	-0.03	0.39	383_K	[ 11.25041379  -9.95946552 -16.82412069]
0.16	 2.03	0.17	-0.41	384_H	[  7.26592308 -12.15869231 -15.90630769]
-0.08	 -0.1	-0.11	0.03	384_H	[  8.50473077 -13.57976923 -15.10303846]
0.01	 -0.33	-0.06	0.01	384_H	[  9.59722222 -15.55533333 -14.49788889]
0.14	 1.61	-0.14	-0.15	384_H	[  9.256  -16.4908 -13.5084]
-0.18	 -0.58	0.03	0.22	384_H	[  9.39197727 -16.21922727 -17.24031818]
-0.14	 -0.51	0.01	0.16	384_H	[  9.01820833 -18.70866667 -14.26272917]
-0.23	 -0.61	0.07	0.3	384_H	[  9.66710345 -18.55924138 -16.63      ]
0.14	 2.02	0.11	-0.33	385_I	[  2.3922 -18.3044 -15.8768]
0.06	 0.68	-0.07	-0.13	385_I	[  0.841      -17.78416667 -14.03629167]
0.21	 1.17	0.14	-0.4	385_I	[  1.96829167 -14.282875   -18.61458333]
0.15	 1.16	0.06	-0.27	385_I	[  0.39608333 -17.34575    -16.3735    ]
0.1	 0.75	0.11	-0.29	385_I	[  2.59994366 -17.02329577 -18.84546479]
0.08	 0.17	0.02	-0.15	385_I	[ -1.03142857 -16.69033333 -18.76761905]
-0.09	 -0.08	-0.1	0.07	386_E	[  2.79847059 -19.43923529 -14.17388235]
0.14	 1.48	0.19	-0.45	386_E	[  3.340125  -18.5866875 -12.512875 ]
-0.15	 -0.03	-0.06	0.13	386_E	[  3.82347619 -19.26057143 -11.27664286]
-0.08	 0.15	-0.05	0.03	386_E	[  5.83936364 -20.08881818 -13.73363636]
-0.16	 -1.22	0.1	0.23	386_E	[  4.6387234  -20.89659574 -16.18708511]
-0.07	 0.26	-0.01	-0.04	386_E	[  5.76961905 -19.6372381  -17.71266667]
0.07	 0.53	-0.03	-0.13	386_E	[  6.26213636 -17.65122727 -18.09131818]
-0.27	 -0.63	0.05	0.34	386_E	[  4.34569048 -19.8425     -18.8717619 ]
0.19	 1.67	0.23	-0.48	387_N	[  2.91266667 -17.44586667  -9.90253333]
0.17	 0.64	0.04	-0.3	387_N	[  3.31894286 -14.40851429  -8.74328571]
0.02	 -0.06	0.0	-0.13	387_N	[  7.71353846 -17.864      -11.16884615]
-0.01	 0.01	-0.11	-0.05	387_N	[  8.54329167 -14.51045833 -11.690125  ]
0.02	 0.52	-0.08	-0.04	388_S	[ -0.16191667 -18.01213333 -10.59966667]
0.13	 1.51	-0.06	-0.25	389_E	[ -1.82742857 -17.817       -9.08871429]
0.06	 0.56	-0.01	-0.26	389_E	[ -2.91011765 -17.00741176  -9.39258824]
0.24	 1.61	0.33	-0.57	389_E	[ -0.58352941 -14.45005882  -5.98758824]
0.12	 0.75	0.03	-0.24	389_E	[  1.19966667 -18.15715152  -7.34893939]
0.06	 0.6	-0.02	-0.21	389_E	[  2.14357143 -14.37828571  -6.05971429]
0.08	 0.12	-0.08	-0.09	390_S	[ -3.749125 -17.806125  -8.334125]
0.15	 1.09	0.03	-0.22	390_S	[ -4.84323529 -16.33511765  -9.09976471]
0.18	 1.33	0.2	-0.46	390_S	[ -3.07542857 -13.55319048  -4.79561905]
-0.01	 -0.18	-0.05	-0.02	390_S	[ -5.91116129 -18.30987097  -7.43887097]
0.13	 1.54	0.28	-0.53	391_E	[ -4.240875  -12.4128125  -5.176375 ]
0.23	 1.44	0.33	-0.57	391_E	[ -9.03324138 -11.48896552  -6.15055172]
0.12	 1.67	0.22	-0.49	391_E	[ -4.1154 -11.7596  -5.6616]
0.19	 1.1	-0.01	-0.27	391_E	[ -4.58313043 -10.17073913  -4.77352174]
0.1	 0.75	-0.06	-0.23	391_E	[-7.74916071 -8.87573214 -7.97560714]
0.07	 0.64	-0.01	-0.22	391_E	[-4.351125 -8.244725 -7.9124  ]
0.21	 1.28	0.4	-0.62	392_L	[-12.92234783 -14.128       -3.1413913 ]
0.21	 1.53	0.23	-0.48	393_I	[-11.97195455  -9.44231818   1.641     ]
0.12	 1.29	0.4	-0.63	393_I	[-11.5786  -7.3136  -1.0524]
0.18	 0.94	0.07	-0.32	393_I	[-11.07365217  -6.69108696  -2.49434783]
0.0	 0.41	-0.19	-0.06	393_I	[-11.25284211  -6.86618421   0.64578947]
0.21	 1.38	0.22	-0.48	393_I	[-7.99827273 -5.69381818 -0.75218182]
0.14	 1.43	0.07	-0.31	394_F	[-11.12185714  -8.93509524   3.51519048]
0.12	 1.51	0.31	-0.56	395_P	[-11.98928571  -9.44485714   4.41428571]
0.15	 0.57	-0.04	-0.2	395_P	[-11.81165517  -7.84465517   5.51437931]
0.06	 0.29	-0.02	-0.14	398_S	[-5.59328302 -7.48233962 16.41890566]
0.18	 1.56	0.17	-0.44	398_S	[-7.54442857 -6.033      16.73542857]
0.09	 0.69	-0.01	-0.2	398_S	[-8.20745161 -4.45919355 17.00690323]
0.19	 1.85	0.04	-0.33	399_V	[-3.804625 -5.921    17.3845  ]
0.14	 1.13	0.1	-0.39	399_V	[-3.96372727 -5.03563636 18.07854545]
0.18	 0.95	0.07	-0.34	399_V	[-1.87934483 -1.83972414 17.49072414]
0.22	 1.39	0.38	-0.6	399_V	[-1.3822 -1.9854 15.5336]
0.16	 1.92	0.1	-0.35	400_K	[-5.43733333 -4.32791667 18.10225   ]
0.21	 1.49	0.06	-0.31	400_K	[-4.89766667 -0.34955556 18.61822222]
-0.02	 0.03	0.02	0.01	400_K	[-4.29714286 -4.33171429 20.4304    ]
-0.14	 -0.58	-0.09	0.12	400_K	[-6.5933     -2.04276667 20.008     ]
-0.1	 -0.22	-0.11	0.08	400_K	[-8.7682963  -2.24707407 18.06637037]
-0.15	 -0.6	0.06	0.16	400_K	[-7.248225  0.553175 18.1228  ]
0.04	 0.47	-0.06	-0.15	400_K	[-8.80152542  0.66445763 15.59538983]
0.18	 1.54	0.3	-0.56	400_K	[-8.795375 -0.835    14.195625]
-0.02	 -0.13	-0.14	-0.01	401_D	[-3.35866667 -0.57514286 19.65652381]
-0.08	 -0.17	-0.07	0.1	401_D	[-1.85147368 -0.38915789 21.66084211]
0.13	 0.97	-0.02	-0.22	401_D	[-0.86080769 -2.79823077 21.61830769]
-0.15	 -0.41	-0.15	0.17	401_D	[ 0.04763415 -2.63960976 22.90680488]
-0.17	 -0.66	-0.0	0.19	401_D	[-3.28537143 -2.6724     23.57014286]
-0.09	 -0.26	-0.05	0.12	401_D	[-4.54545455 -0.7365     23.72795455]
-0.29	 -0.83	0.13	0.42	401_D	[-5.89938095 -1.71085714 23.67933333]
-0.28	 -1.05	0.14	0.41	401_D	[-4.23058824  0.58697059 22.65397059]
0.23	 1.64	-0.06	-0.23	402_L	[ 1.02285714 -4.39485714 21.61042857]
-0.01	 0.57	0.04	-0.12	402_L	[ 0.76394872 -1.15876923 18.76030769]
-0.0	 0.06	-0.11	-0.04	402_L	[-1.83123077 -6.04123077 20.553     ]
0.04	 0.4	-0.02	-0.11	402_L	[-2.1975641  -7.60171795 18.60202564]
-0.12	 -0.49	0.03	0.17	402_L	[ 0.42261404 -7.15059649 21.21789474]
0.11	 0.45	-0.05	-0.18	403_K	[ 2.76148 -4.25168 20.79728]
0.02	 0.73	-0.01	-0.09	403_K	[ 3.22273333 -0.84073333 18.78086667]
0.21	 1.46	0.38	-0.61	403_K	[ 4.47373333 -5.0536     19.8396    ]
0.1	 1.01	0.06	-0.25	403_K	[ 5.45047826 -2.05128261 21.16545652]
-0.01	 0.28	-0.08	0.01	403_K	[ 2.80308824 -0.94202941 21.90438235]
-0.2	 -0.88	-0.12	0.3	403_K	[ 3.87995238 -1.96983333 24.04542857]
-0.24	 -0.97	0.09	0.32	403_K	[ 6.09034043 -0.29812766 23.70521277]
-0.3	 -1.27	0.19	0.45	403_K	[ 4.54082353  1.61803922 23.81280392]
0.07	 0.82	-0.09	-0.15	404_S	[ 4.70633333 -0.72238889 17.80216667]
-0.0	 0.33	-0.05	-0.08	404_S	[ 7.43236957 -0.19343478 15.8566087 ]
0.13	 1.39	0.22	-0.46	405_K	[ 7.73448 -1.5938  17.6582 ]
-0.02	 -0.5	-0.19	0.03	405_K	[ 9.94359091 -2.57472727 17.15381818]
0.18	 1.33	0.31	-0.56	405_K	[10.22081818 -4.81127273 20.45236364]
0.12	 0.54	-0.01	-0.18	405_K	[11.00931579 -4.738      18.43994737]
-0.92	 -0.36	-0.3	0.26	405_K	[ 8.71971795 -1.0625641  19.61707692]
-0.16	 -0.3	-0.19	0.13	405_K	[10.91928571 -3.06451429 20.52085714]
-0.23	 -1.22	0.09	0.33	405_K	[11.07742857 -0.79692857 22.03604762]
-0.24	 -1.06	0.08	0.31	405_K	[12.25902128  0.69614894 20.09106383]
-0.27	 -1.15	0.18	0.44	405_K	[14.17583019 -0.89498113 20.13628302]
0.2	 0.97	0.03	-0.32	406_A	[ 7.8744375 -3.234125  21.0508125]
-0.07	 -0.09	-0.19	-0.01	406_A	[ 9.24185 -5.8553  21.38315]
0.02	 0.2	-0.22	-0.08	406_A	[ 6.10593333 -7.70433333 20.27486667]
0.05	 0.19	-0.02	-0.13	406_A	[ 7.69857692 -8.68288462 20.49357692]
-0.19	 -0.72	-0.05	0.25	406_A	[ 6.54155405 -5.30893243 22.24813514]
0.08	 1.06	0.21	-0.51	407_V	[ 5.51128571 -7.07214286 19.91728571]
0.17	 1.19	0.09	-0.34	407_V	[ 3.96553571 -6.93103571 19.39142857]
0.14	 1.59	0.11	-0.37	408_L	[11.92227273 -6.99690909 16.44781818]
0.1	 0.66	-0.05	-0.15	408_L	[11.278      -5.41918919 15.11862162]
0.09	 0.63	0.01	-0.2	408_L	[ 9.8601     -2.89346667 14.42906667]
0.12	 0.98	0.11	-0.32	409_A	[11.5188 -6.4759 17.7108]
0.06	 0.12	-0.14	-0.05	409_A	[13.00623529 -8.08694118 18.09517647]
0.09	 0.87	-0.07	-0.16	409_A	[ 11.533125  -10.73525    20.1895625]
0.02	 0.34	-0.13	-0.07	409_A	[ 13.00729412 -10.80647059  19.31582353]
-0.24	 -1.1	0.02	0.3	409_A	[11.93785965 -7.29198246 20.49815789]
0.14	 1.02	0.0	-0.23	410_E	[ 9.72445455 -9.92481818 20.40890909]
0.12	 0.59	-0.03	-0.18	410_E	[ 10.02230769 -11.90646154  20.50830769]
0.05	 0.25	-0.06	-0.1	410_E	[  7.13366667 -10.58814286  20.31995238]
-0.01	 0.04	-0.13	-0.04	410_E	[  5.84429167 -13.18416667  19.76533333]
-0.09	 0.2	-0.04	0.08	410_E	[  7.619      -14.1737619   21.27709524]
-0.08	 -0.28	0.03	0.11	410_E	[  7.882375 -15.638475  20.303525]
-0.22	 -0.71	0.11	0.35	410_E	[  8.27856818 -12.90704545  22.13965909]
0.19	 0.9	0.07	-0.29	411_I	[ 12.175      -13.68526316  13.28310526]
0.03	 0.91	-0.1	-0.12	412_D	[ 14.00052632 -12.51952632  14.01836842]
0.05	 0.33	-0.16	-0.11	412_D	[ 15.19877778 -12.60166667  17.26077778]
-0.18	 -0.56	0.07	0.29	412_D	[ 14.89412821 -14.54038462  15.56251282]
-0.08	 -0.27	-0.01	0.1	412_D	[ 15.08047222 -11.00613889  16.86713889]
-0.18	 -0.74	-0.03	0.24	412_D	[15.81476923 -9.48146154 14.79623077]
0.01	 0.21	-0.04	-0.07	412_D	[14.62070833 -9.89685417 12.9308125 ]
-0.07	 -0.08	0.04	0.05	412_D	[14.27955556 -7.72666667 15.48435556]
-0.06	 -0.17	-0.07	0.01	413_A	[ 14.9779 -14.3949  18.3592]
0.16	 1.29	0.01	-0.28	413_A	[ 12.83564706 -16.36888235  17.84417647]
-0.22	 -0.82	-0.02	0.3	413_A	[ 13.79822727 -17.26254545  18.31684091]
-0.14	 -0.68	0.02	0.2	413_A	[ 12.90785507 -13.81208696  20.44801449]
0.14	 0.86	0.04	-0.27	414_K	[ 11.88825 -18.604    17.006  ]
-0.08	 -0.47	-0.08	0.1	414_K	[ 12.2677 -17.7824  15.6464]
-0.09	 -0.04	-0.06	0.09	414_K	[ 10.39803846 -19.18492308  14.96742308]
0.06	 0.54	0.03	-0.18	414_K	[ 10.56484211 -16.71831579  19.61889474]
-0.01	 0.16	-0.03	-0.14	414_K	[  7.76078788 -17.98057576  18.73660606]
-0.17	 -0.85	-0.02	0.2	414_K	[ 10.63393939 -19.50909091  19.183     ]
-0.11	 -0.58	-0.07	0.13	414_K	[  8.70138462 -21.16130769  17.65546154]
-0.24	 -1.18	0.13	0.4	414_K	[ 10.04728571 -22.38665079  18.64009524]
0.14	 0.96	0.01	-0.23	415_G	[ 12.51677778 -16.19622222  15.11622222]
0.05	 0.61	-0.02	-0.21	415_G	[ 11.26745652 -16.97243478  13.01708696]
0.11	 0.9	0.06	-0.27	415_G	[  9.31890909 -17.51427273  12.41163636]
0.12	 0.35	0.06	-0.31	415_G	[  8.60991667 -16.97129167  11.16383333]
0.21	 1.31	0.16	-0.41	416_Y	[  6.45752 -15.71944  17.43548]
0.14	 1.51	0.28	-0.54	416_Y	[  6.9225     -17.702       12.34064286]
0.18	 1.78	0.23	-0.48	416_Y	[  4.8594     -18.56493333  13.33846667]
-0.08	 0.17	-0.13	0.08	416_Y	[  7.09356 -19.04872  13.78456]
0.12	 0.65	0.13	-0.31	416_Y	[  4.0119   -18.08495   17.006475]
-0.05	 -0.06	-0.0	0.02	416_Y	[  6.62029032 -20.51383871  15.46277419]
-0.0	 0.44	-0.21	-0.04	416_Y	[  4.5        -19.72385714  16.54380952]
-0.26	 -0.71	-0.02	0.36	416_Y	[  4.78169048 -20.49195238  18.00154762]
0.19	 1.55	0.09	-0.35	417_F	[  4.54405882 -14.43129412  17.55758824]
0.09	 0.6	-0.0	-0.22	417_F	[  3.64183333 -12.66861111  19.12938889]
-0.08	 -0.31	-0.08	0.11	417_F	[  3.27738776 -10.394       20.20546939]
0.05	 0.24	-0.07	-0.04	417_F	[  0.62326316 -10.27094737  19.753     ]
0.11	 0.24	0.06	-0.17	418_E	[  2.81146667 -14.62333333  18.02846667]
-0.05	 -0.36	0.01	0.06	418_E	[  0.11721053 -13.64765789  19.29842105]
0.11	 0.64	-0.11	-0.06	418_E	[  1.69041176 -16.51629412  18.28076471]
0.19	 1.1	0.04	-0.32	418_E	[ -0.26775 -16.617    18.85975]
-0.0	 -0.11	-0.28	-0.01	418_E	[  1.65384615 -18.90261538  18.16953846]
-0.1	 -0.42	-0.04	0.13	418_E	[ -0.12396774 -19.20425806  19.38990323]
0.02	 0.28	-0.03	-0.09	418_E	[  1.01075862 -20.24372414  16.4887931 ]
0.09	 1.0	-0.02	-0.13	419_I	[ -2.32233333 -12.68522222  18.923     ]
0.11	 -0.17	-0.05	-0.18	419_I	[ -1.77136842 -10.77405263  18.41389474]
-0.08	 -0.05	-0.03	0.01	419_I	[ -5.00652 -11.19658  18.0689 ]
0.24	 1.27	-0.05	-0.25	419_I	[-3.45530769 -8.87407692 17.091     ]
0.08	 0.39	-0.03	-0.12	420_I	[ -3.1866     -14.47433333  19.58186667]
-0.06	 -0.27	-0.0	0.04	420_I	[ -6.56506452 -14.09145161  20.29935484]
-0.05	 -0.18	-0.03	0.13	420_I	[ -4.375      -16.05970588  21.10882353]
0.1	 0.79	-0.03	-0.15	420_I	[ -2.03907692 -16.63438462  20.00753846]
-0.06	 -0.41	-0.02	0.06	420_I	[ -6.21039286 -18.68696429  20.37923214]
-0.17	 -0.91	0.03	0.22	420_I	[ -2.68145763 -19.0269322   21.56767797]
0.12	 0.3	0.05	-0.2	421_D	[ -8.8935  -12.15425  19.301  ]
0.17	 1.04	0.04	-0.29	421_D	[ -9.9248     -15.7568      19.76986667]
0.11	 1.19	0.16	-0.4	421_D	[-10.4102381  -17.25195238  19.4762381 ]
0.04	 0.18	-0.01	-0.15	421_D	[ -8.43452 -19.1306   18.453  ]
-0.22	 -0.55	-0.11	0.26	421_D	[ -9.99961224 -17.87183673  20.87318367]
0.18	 1.4	0.11	-0.4	422_P	[ -7.10975 -10.78185  17.0523 ]
0.26	 1.35	0.42	-0.64	422_P	[ -6.01492857 -10.23114286  15.568     ]
0.09	 0.33	-0.15	-0.1	423_T	[-8.05463636 -9.58118182 17.19581818]
-0.02	 0.02	-0.17	0.0	423_T	[-8.8094375 -6.9725625 17.4471875]
-0.14	 -0.23	0.05	0.14	423_T	[-10.7707027   -8.50410811  18.85683784]
0.04	 0.42	0.01	-0.11	423_T	[-11.80834375  -6.4438125   17.2575    ]
0.27	 1.36	0.26	-0.52	425_I	[-12.60481481  -6.18544444   6.83      ]
0.17	 1.65	0.24	-0.5	425_I	[-10.19606667  -2.2962      10.5326    ]
0.14	 0.69	-0.03	-0.21	425_I	[-12.4392069   -1.67551724   9.89496552]
0.21	 1.63	-0.0	-0.25	425_I	[-10.72458333  -2.02658333  12.08491667]
0.16	 1.41	0.19	-0.46	426_A	[-18.362625    -7.05629167   8.42804167]
0.19	 1.38	0.4	-0.62	427_P	[-14.36      -5.786875   6.116375]
0.11	 2.37	-0.04	-0.24	427_P	[-15.6544  -4.1228   3.9262]
0.05	 0.36	-0.13	-0.07	427_P	[-18.307   -3.936    4.5245]
-0.07	 -0.12	0.03	0.04	427_P	[-16.69378125  -2.15071875   4.69778125]
-0.1	 -0.41	-0.15	0.07	427_P	[-17.47302703  -5.73802703   3.536     ]
0.08	 0.31	-0.06	-0.17	427_P	[-16.27272727  -7.43727273   4.18668182]
0.12	 1.01	0.03	-0.29	427_P	[-15.85068571  -7.42245714   5.85594286]
0.09	 0.68	-0.06	-0.25	428_N	[-18.83582609  -5.1543913    6.34426087]
-0.09	 -0.25	-0.1	0.1	428_N	[-19.13844444  -2.28366667   5.80094444]
0.02	 0.39	-0.05	-0.18	428_N	[-17.4598125  -0.8865625   7.3269375]
-0.18	 -0.73	0.1	0.27	428_N	[-19.52863889  -0.81538889   8.96052778]
-0.21	 -0.93	0.02	0.3	428_N	[-20.88037838  -3.44967568   6.63608108]
0.02	 1.0	-0.09	-0.16	428_N	[-20.14659375  -5.06490625   9.058375  ]
-0.23	 -0.96	0.1	0.37	428_N	[-22.24384444  -4.70651111   8.87702222]
-0.04	 -0.01	-0.15	-0.0	429_G	[-15.92111111  -0.57975      9.37697222]
0.07	 -0.01	-0.03	-0.11	429_G	[-17.96276923  -1.70053846  11.73261538]
-0.08	 0.28	-0.01	0.06	429_G	[-15.72458621  -1.32613793  12.30375862]
-0.05	 0.02	-0.07	0.0	430_D	[-18.49325    -3.4383125  13.664    ]
0.06	 0.82	-0.04	-0.13	430_D	[-18.76325926  -6.5767037   13.17585185]
-0.16	 -0.87	-0.02	0.22	430_D	[-20.56166667  -5.12006667  13.6432    ]
-0.21	 -0.76	0.05	0.3	430_D	[-20.62083333  -3.10141667  12.50269444]
-0.15	 -0.4	-0.04	0.16	430_D	[-21.0344      -6.27466667  11.45513333]
0.06	 0.18	-0.02	-0.1	431_H	[-16.9303125  -4.07575    14.731    ]
0.14	 0.84	0.03	-0.26	431_H	[-14.49766667  -7.01825     16.87333333]
-0.15	 -0.46	0.05	0.22	431_H	[-17.02669231  -6.86046154  16.14866667]
-0.11	 -0.91	-0.02	0.12	431_H	[-14.5382963   -4.57574074  16.88511111]
-0.12	 0.04	-0.05	0.16	431_H	[-14.02825   -2.499625  16.2765  ]
0.01	 0.16	-0.04	-0.01	431_H	[-11.36347826  -3.17508696  16.72978261]
-0.01	 0.07	-0.01	-0.01	431_H	[-14.821       -1.91915789  14.68110526]
-0.08	 0.05	-0.1	0.03	431_H	[-10.98013636  -0.96556818  15.11340909]
-0.1	 -0.54	0.59	0.38	431_H	[-12.83825926  -0.79122222  13.45922222]
0.03	 -0.08	-0.18	-0.07	432_K	[-15.9126875  -8.8029375  16.8359375]
0.15	 1.36	0.24	-0.49	432_K	[-13.8856  -8.453   16.9023]
0.12	 0.76	-0.04	-0.22	432_K	[-17.60621739  -8.88491304  13.86617391]
-0.09	 -0.48	0.01	0.07	432_K	[-18.1785641  -11.04087179  15.27292308]
-0.02	 -0.06	-0.14	-0.01	432_K	[-17.82146429 -13.98525     14.81535714]
-0.26	 -1.04	0.12	0.37	432_K	[-18.8974     -13.46758333  16.89643333]
0.0	 0.04	-0.02	-0.03	433_K	[-14.516       -9.78075     17.67279167]
0.13	 1.26	0.1	-0.37	433_K	[-13.2513 -14.4931  17.6752]
-0.04	 0.23	-0.08	0.01	433_K	[-15.33772414 -13.63858621  17.36786207]
-0.1	 -0.53	-0.01	0.12	433_K	[-13.93765625 -11.15784375  19.307625  ]
0.0	 -0.56	0.03	-0.06	433_K	[-12.68521053 -14.21436842  19.26142105]
-0.15	 -0.6	-0.11	0.19	433_K	[-12.04412195 -11.49436585  20.99958537]
-0.05	 -0.21	-0.15	0.07	433_K	[-10.93314583 -14.37752083  21.56860417]
-0.29	 -1.31	0.21	0.47	433_K	[-10.58703774 -12.91656604  23.47296226]
0.11	 0.44	-0.02	-0.19	434_V	[-14.50941667 -15.05041667  15.34708333]
0.16	 1.01	0.08	-0.36	434_V	[-12.181      -15.41207692  17.45384615]
0.18	 0.22	0.09	-0.28	434_V	[-14.41228571 -15.88407143  13.42192857]
0.15	 1.6	0.22	-0.48	434_V	[-15.14225   -14.3608125  13.9420625]
0.05	 0.43	-0.04	-0.19	435_T	[-13.15526316 -16.90918421  16.03131579]
-0.01	 0.36	-0.16	-0.06	435_T	[-13.55627778 -19.65688889  15.81066667]
-0.22	 -0.8	0.07	0.3	435_T	[-13.45646512 -18.71553488  18.00148837]
-0.15	 -0.92	0.06	0.15	435_T	[-11.20265 -21.0084   17.9117 ]
0.2	 1.45	0.17	-0.43	436_G	[ -8.82263636 -19.96263636  16.572     ]
0.18	 1.51	0.16	-0.38	436_G	[ -7.49828571 -20.29385714  15.83607143]
0.11	 1.07	0.02	-0.28	436_G	[ -6.70609091 -19.69945455  16.28490909]
0.19	 1.51	0.14	-0.38	436_G	[ -6.54921429 -18.88357143  17.2375    ]
0.19	 1.25	0.25	-0.5	437_R	[ -5.12578947 -19.90210526  17.17131579]
-0.02	 0.44	-0.12	-0.01	437_R	[ -2.08748837 -21.53576744  14.78413953]
0.02	 -0.11	-0.05	-0.04	437_R	[ -1.19161538 -21.70461538  17.49815385]
-0.03	 0.16	0.03	-0.07	437_R	[ -3.22010526 -22.43715789  17.99984211]
-0.13	 -0.32	-0.22	0.28	437_R	[ -5.18630159 -22.57184127  16.93509524]
-0.19	 -0.76	0.05	0.28	437_R	[ -2.96952 -22.44116  19.73492]
0.2	 1.83	0.21	-0.48	439_K	[  3.6434375 -18.95275    12.46025  ]
0.14	 1.13	0.01	-0.31	439_K	[ -0.20583784 -20.30713514  12.955     ]
-0.42	 -0.43	-0.04	0.3	439_K	[  2.14340278 -21.11408333  12.96990278]
-0.03	 0.38	-0.11	-0.03	441_K	[  6.19508929 -18.506625     9.90633929]
-0.15	 -0.53	0.02	0.18	441_K	[  5.00335556 -20.28682222   8.2778    ]
0.18	 1.11	0.13	-0.4	442_K	[ 10.5652549  -16.41072549   9.54603922]
0.13	 0.67	0.04	-0.31	442_K	[ 11.69284211 -13.86852632  11.18815789]
0.15	 1.23	0.12	-0.35	442_K	[ 12.80903704 -13.75903704   7.81125926]
-0.05	 -0.29	-0.04	0.03	442_K	[ 13.58       -12.82307692  10.84569231]
-0.16	 -0.48	-0.1	0.15	442_K	[ 14.907      -12.74157143   7.70535714]
-0.16	 -0.58	-0.11	0.32	442_K	[ 15.85124561 -10.81866667   9.75035088]
0.07	 0.64	-0.08	-0.16	443_M	[  8.87594118 -17.24317647   7.15647059]
0.03	 0.26	-0.02	-0.17	443_M	[ 12.8828     -15.07616667   6.36163333]
0.15	 1.89	0.08	-0.35	443_M	[  8.83066667 -17.946        4.73275   ]
0.18	 1.64	0.11	-0.37	443_M	[  7.56385714 -17.04992857   5.57421429]
0.07	 0.71	-0.05	-0.17	443_M	[  6.39688235 -18.58173529   2.74958824]
0.12	 0.56	0.08	-0.26	444_Q	[ 10.11633333 -18.66361111   5.91966667]
0.13	 0.62	0.03	-0.2	444_Q	[ 14.13506667 -18.033        5.67486667]
0.13	 0.45	0.01	-0.2	444_Q	[ 10.76128 -21.116     5.61156]
-0.09	 -0.51	0.01	0.1	444_Q	[ 13.97834286 -18.1908       8.52794286]
0.02	 0.17	-0.04	-0.05	444_Q	[ 10.80776923 -19.69026923   8.44130769]
0.03	 0.99	-0.04	-0.12	444_Q	[ 11.93955263 -19.12152632  10.51778947]
-0.13	 -0.42	0.07	0.19	444_Q	[ 13.03611111 -18.03536111  11.38075   ]
-0.28	 -0.9	-0.05	0.4	444_Q	[ 11.82064706 -20.9022549   11.2347451 ]
0.06	 0.52	-0.04	-0.2	445_D	[ 14.82322727 -20.25004545   6.40027273]
0.09	 0.72	0.02	-0.19	445_D	[ 12.917425 -22.5342     8.0168  ]
-0.03	 -0.3	-0.1	0.09	445_D	[ 15.80475676 -23.43048649   5.89778378]
-0.04	 0.03	-0.04	-0.09	445_D	[ 16.92582353 -20.65876471   4.55070588]
0.03	 0.57	-0.03	-0.12	445_D	[ 16.49024138 -20.346        2.83837931]
-0.21	 -0.73	0.04	0.32	445_D	[ 18.26835897 -21.58538462   4.99828205]
0.19	 1.84	0.16	-0.4	446_R	[ 13.92333333 -25.03741667   5.42466667]
-0.0	 -0.01	-0.07	-0.04	446_R	[ 10.46052 -24.26904   5.91392]
-0.23	 -0.68	0.04	0.3	446_R	[ 11.46510256 -25.60061538   8.19887179]
-0.27	 -1.12	0.13	0.42	446_R	[ 13.8396     -26.00362857   7.95637143]
-0.11	 -0.88	-0.05	0.15	446_R	[ 11.88678049 -27.05953659   5.19607317]
0.14	 0.84	0.24	-0.43	446_R	[ 10.63491667 -25.23658333   4.02      ]
-0.27	 -0.78	-0.03	0.33	446_R	[  8.89766667 -26.64751282   4.50023077]
0.07	 0.71	0.01	-0.27	446_R	[  7.65365854 -25.03221951   2.87356098]
-0.05	 -0.33	-0.16	0.05	446_R	[  7.51884615 -27.10869231   1.91446154]
-0.1	 -0.38	-0.02	0.17	446_R	[  9.95314583 -28.01175      1.0066875 ]
-0.01	 0.0	0.01	-0.06	446_R	[  8.07256 -25.7964   -0.40944]
