-0.2	 -0.66	0.03	0.28	15_A	[ 37.5140566   27.38990566 -10.77075472]
0.08	 1.13	0.34	-0.66	15_A	[ 39.42654545  27.36772727 -12.12909091]
0.06	 0.75	-0.04	-0.15	15_A	[40.24041667 27.04479167 -9.665     ]
-0.15	 -0.8	-0.04	0.18	15_A	[42.059875   27.41746875 -9.2881875 ]
-0.18	 -0.96	-0.01	0.22	15_A	[ 39.88988  30.27524 -10.76952]
-0.24	 -0.51	-0.04	0.25	15_A	[ 39.9375      27.36261538 -12.46819231]
-0.22	 -0.98	0.12	0.44	15_A	[ 41.34419048  29.70519048 -11.0932381 ]
-0.26	 -1.05	0.24	0.52	15_A	[ 38.67590909  30.22086364 -11.91068182]
-0.2	 -0.84	0.2	0.44	15_A	[39.36015789 29.66873684 -9.20836842]
0.1	 1.15	0.09	-0.37	16_I	[ 40.197       25.533      -11.64942857]
0.04	 0.54	-0.07	-0.16	16_I	[ 42.10927586  24.93831034 -11.70855172]
0.08	 1.1	0.19	-0.33	16_I	[40.8932 23.9972 -7.3092]
0.1	 1.24	0.13	-0.38	16_I	[ 39.14577778  22.334      -11.80055556]
-0.15	 -0.61	-0.01	0.2	16_I	[37.87003846 24.37084615 -7.41819231]
-0.14	 -0.6	-0.02	0.13	16_I	[38.22090909 20.81968182 -9.20631818]
0.02	 0.26	-0.1	-0.05	16_I	[ 39.41053846  24.88969231 -11.51107692]
-0.14	 0.37	-0.21	0.14	16_I	[40.87573333 25.584      -7.43153333]
0.02	 0.49	-0.1	-0.09	16_I	[40.85403846 22.27692308 -7.45130769]
-0.12	 -0.05	-0.02	0.05	16_I	[ 38.218       23.4687619  -10.99138095]
-0.15	 -0.86	0.21	0.21	16_I	[37.88176471 22.69535294 -7.30482353]
-0.15	 -0.51	0.24	0.22	16_I	[39.33607143 24.77178571 -6.72478571]
-0.11	 -0.41	-0.04	0.1	16_I	[37.59136842 25.27957895 -8.91752632]
-0.1	 0.01	-0.06	0.12	16_I	[ 38.85287097  20.58493548 -11.4603871 ]
0.07	 0.93	-0.06	-0.12	16_I	[39.479625 20.466875 -8.2595  ]
-0.16	 -0.34	0.1	0.21	16_I	[37.27204167 21.85620833 -8.89475   ]
-0.11	 -0.24	0.09	0.08	17_K	[44.96423529 22.22711765 -6.74023529]
0.08	 0.67	-0.04	-0.15	17_K	[44.43530769 26.08338462 -8.70215385]
0.09	 0.53	-0.07	0.04	17_K	[47.04466667 24.22866667 -7.99633333]
-0.05	 -0.04	-0.04	-0.02	17_K	[47.15215385 26.64653846 -9.29869231]
0.1	 1.51	-0.12	-0.17	17_K	[ 48.754       25.84827273 -11.22290909]
0.06	 1.74	-0.03	-0.19	17_K	[50.82166667 25.03933333 -9.31      ]
-0.04	 0.18	0.03	-0.05	17_K	[42.70683333 24.548875   -7.43675   ]
-0.05	 -0.42	-0.15	0.04	17_K	[ 44.5156   25.9264  -10.43308]
-0.19	 -0.82	-0.05	0.28	17_K	[45.30431579 25.15910526 -7.51094737]
0.14	 -0.14	0.09	-0.28	17_K	[47.29727778 23.294      -8.00738889]
-0.08	 0.1	-0.36	0.25	17_K	[ 47.0633871   26.48696774 -11.1913871 ]
-0.14	 -0.58	0.06	0.24	17_K	[47.59323077 25.88076923 -8.20061538]
-0.23	 -0.5	0.25	0.12	17_K	[ 49.93836364  26.05072727 -10.47745455]
-0.07	 0.03	-0.01	-0.01	17_K	[51.37       24.1244     -9.97166667]
-0.16	 -0.14	-0.08	0.13	17_K	[49.95976923 24.44496154 -8.04546154]
0.15	 0.88	0.06	-0.32	18_L	[47.0418 20.7157 -7.1449]
-0.01	 0.21	-0.09	-0.11	18_L	[46.67257778 18.14204444 -7.00148889]
-0.04	 0.1	-0.05	-0.08	18_L	[41.13157143 17.09814286 -9.96214286]
-0.08	 -0.75	0.06	0.03	18_L	[41.9917037  18.9427037  -6.68074074]
-0.07	 0.06	-0.18	0.04	18_L	[44.7313 19.6471 -6.5259]
0.16	 0.81	-0.11	-0.14	18_L	[44.64885714 17.23257143 -7.93492857]
-0.04	 0.01	0.06	-0.07	18_L	[ 40.27582143  18.50414286 -10.20992857]
-0.06	 0.16	-0.1	0.06	18_L	[42.341375   16.12095833 -9.64795833]
-0.13	 -1.0	0.09	0.21	18_L	[40.35813333 19.2552     -7.4108    ]
-0.12	 -0.73	0.1	0.23	18_L	[42.5557931  17.55110345 -7.10172414]
-0.03	 -0.16	-0.06	0.07	18_L	[42.44677778 20.668      -6.72916667]
0.12	 1.29	0.09	-0.31	19_W	[48.30005882 21.40194118 -7.636     ]
0.14	 1.7	0.09	-0.36	19_W	[48.9232 22.5642 -7.9732]
0.18	 1.71	0.17	-0.43	19_W	[ 52.78107692  20.48576923 -10.89323077]
0.21	 1.37	0.37	-0.6	19_W	[48.81694737 13.99963158 -8.56268421]
-0.21	 0.26	0.07	-0.06	20_P	[49.34162791 19.94548837 -4.86311628]
-0.1	 -0.22	-0.08	0.12	20_P	[53.59764286 20.92228571 -6.28471429]
-0.0	 -0.66	0.03	-0.13	20_P	[52.1041 22.8993 -7.987 ]
0.15	 0.95	0.22	-0.46	20_P	[53.2259375 18.454125  -5.5609375]
-0.15	 -0.52	0.06	0.26	20_P	[52.35261905 20.95066667 -5.32895238]
-0.11	 -0.26	0.08	0.18	20_P	[54.0897037  20.635      -7.79118519]
-0.13	 -0.35	0.05	0.11	20_P	[50.6233125 22.396375  -6.8383125]
0.02	 -0.43	-0.04	-0.06	20_P	[52.42495 21.84665 -9.58455]
0.02	 0.4	-0.1	-0.09	21_P	[52.547      17.74429268 -3.62326829]
0.08	 0.68	0.0	-0.01	21_P	[49.10166667 14.599      -6.61866667]
0.01	 0.27	-0.07	-0.06	21_P	[47.61813043 17.04113043 -4.07456522]
-0.06	 0.13	0.01	0.0	21_P	[48.07371429 14.6916     -5.52822857]
0.13	 1.29	0.35	-0.62	21_P	[49.23214286 13.93778571 -6.915     ]
0.16	 1.16	0.26	-0.51	21_P	[48.58415152 15.70260606 -7.482     ]
0.07	 -0.24	-0.22	-0.04	22_S	[49.246375 18.978875 -2.333375]
0.08	 0.47	0.16	-0.37	22_S	[50.088875 19.258    -2.244875]
0.14	 1.19	0.31	-0.55	22_S	[52.95228571 16.87714286 -1.82871429]
-0.11	 -0.53	-0.08	0.15	22_S	[49.22488235 18.89147059  1.15623529]
-0.03	 0.56	-0.12	0.03	22_S	[48.099      16.91472727  1.513     ]
0.04	 -0.22	-0.01	-0.1	22_S	[48.0818125 17.993625  -2.2356875]
-0.22	 -0.46	-0.0	0.17	22_S	[51.14085714 19.40090476 -1.44942857]
-0.12	 -0.88	0.06	0.18	22_S	[50.48686364 18.58345455  1.80709091]
-0.19	 -0.71	0.2	0.46	22_S	[48.60347619 19.35257143 -0.12428571]
-0.06	 -0.19	-0.11	0.05	22_S	[47.35509091 17.09772727  0.07618182]
0.04	 0.86	-0.01	-0.16	23_E	[53.19369231 17.49546154 -1.08707692]
0.04	 0.58	0.01	-0.25	23_E	[54.1905     16.5215     -0.87083333]
0.12	 1.07	0.07	-0.3	23_E	[54.33555556 13.23794444  1.44188889]
0.04	 2.58	-0.1	-0.09	23_E	[54.49544444 17.80311111  1.16844444]
0.01	 0.43	-0.07	-0.12	23_E	[55.979125  15.0004375  1.983625 ]
-0.14	 -0.41	-0.04	0.14	23_E	[56.72914815 16.80066667  2.94048148]
-0.3	 -0.96	0.14	0.4	23_E	[56.21531429 18.32574286  3.25425714]
-0.34	 -1.11	0.26	0.52	23_E	[58.26791429 15.79677143  3.26214286]
-0.14	 -0.66	-0.15	0.18	23_E	[52.58386667 18.69306667  0.4502    ]
0.07	 0.55	-0.01	-0.27	23_E	[54.85383333 16.0265     -0.68225   ]
-0.24	 -0.69	-0.01	0.31	23_E	[54.92584211 17.93531579  0.40484211]
-0.09	 -0.24	-0.04	0.08	23_E	[53.35684211 17.42615789  2.694     ]
-0.13	 0.05	-0.25	0.1	23_E	[54.62835484 14.47912903  3.06283871]
-0.07	 -0.06	-0.5	0.44	23_E	[56.15528571 15.1467381   0.32819048]
0.16	 1.29	0.07	-0.36	24_N	[52.7054 15.6673  3.4467]
0.09	 1.85	0.23	-0.45	24_N	[52.42036364 14.88090909  3.92072727]
-0.05	 0.07	-0.09	-0.05	24_N	[49.68281818 16.87018182  3.88390909]
-0.14	 -0.58	-0.03	0.21	24_N	[48.49416667 15.44941667  5.73366667]
-0.08	 -0.05	-0.01	0.04	24_N	[47.38188571 14.22791429  4.37062857]
-0.11	 -0.39	0.04	0.12	24_N	[50.1218125 14.22175    6.9976875]
0.21	 1.26	-0.08	-0.19	24_N	[51.611375 17.32275   2.691875]
0.15	 0.07	-0.02	-0.21	24_N	[52.48531579 13.58436842  4.18342105]
-0.15	 -0.12	-0.05	0.22	24_N	[50.93440741 16.57633333  4.4257037 ]
-0.01	 0.43	-0.03	-0.04	24_N	[48.66445833 16.23129167  2.85591667]
-0.14	 -0.21	-0.11	0.2	24_N	[49.16316667 12.76730556  6.63108333]
-0.14	 -0.41	-0.06	0.2	24_N	[51.4681     13.91593333  6.36113333]
-0.14	 -0.98	0.02	0.17	25_T	[46.51895455 14.95327273  0.12122727]
-0.01	 0.31	-0.01	-0.14	25_T	[46.7868 13.0659 -3.2749]
0.12	 0.85	0.05	-0.3	25_T	[47.16452 12.97012  1.07388]
-0.16	 -0.59	0.06	0.18	25_T	[46.39888235 15.79923529 -1.61723529]
-0.17	 -0.37	-0.17	0.06	25_T	[46.86771429 13.95204762 -3.66866667]
-0.11	 -0.12	-0.08	0.12	25_T	[46.41812903 11.77083871 -1.64167742]
0.08	 0.73	0.05	-0.31	26_R	[53.92766667 10.14572222 -0.18322222]
0.05	 0.44	0.0	-0.16	26_R	[54.2278 11.816  -0.7848]
0.09	 1.55	0.1	-0.4	26_R	[54.26128571 15.89628571 -3.43014286]
0.06	 0.63	-0.01	-0.29	26_R	[55.45485714 12.55021429 -2.5085    ]
-0.07	 -0.59	0.03	0.04	26_R	[56.9168125 13.1396875 -2.9514375]
-0.12	 0.08	0.0	0.22	26_R	[57.1660625 15.507     -3.722625 ]
-0.08	 -0.29	-0.12	0.15	26_R	[57.77875    11.77433333 -3.71575   ]
0.08	 1.23	-0.06	-0.12	26_R	[54.43405556 13.017      -0.52638889]
0.12	 -0.66	0.07	-0.25	26_R	[54.49876471 10.75147059 -1.75411765]
0.18	 1.45	0.37	-0.6	26_R	[53.8861 16.0799 -4.4717]
0.06	 0.82	-0.11	-0.23	26_R	[54.80435417 15.2175     -2.09141667]
-0.06	 -0.45	-0.08	0.17	26_R	[55.7492  16.16224 -4.01352]
-0.21	 -1.0	0.15	0.32	26_R	[58.16304762 15.2037619  -4.73809524]
0.15	 1.34	0.08	-0.4	26_R	[57.627375 10.68725  -4.059125]
-0.02	 -0.19	-0.04	-0.03	26_R	[58.73153125 12.72078125 -5.05928125]
0.11	 1.64	0.11	-0.34	27_K	[53.7569 11.4396  0.9833]
0.01	 0.16	-0.11	-0.09	27_K	[54.04725 10.56525  1.322  ]
0.15	 1.91	0.12	-0.38	27_K	[52.35866667  6.98644444  3.12488889]
0.04	 0.47	-0.11	0.01	27_K	[54.471      10.33133333  2.81766667]
0.04	 0.59	-0.12	-0.12	27_K	[54.10436364  8.93381818  4.21027273]
0.05	 1.34	-0.04	-0.23	27_K	[51.67826667 11.64833333  6.67613333]
-0.13	 -0.41	-0.51	0.35	27_K	[51.56405556  8.70416667  7.18427778]
-0.0	 -3.0	-0.01	-0.12	27_K	[54.323       8.27066667  7.57388889]
0.08	 0.23	-0.1	-0.0	27_K	[54.32788235  9.18694118  1.46047059]
0.01	 0.29	-0.1	-0.03	27_K	[54.0714     11.7097      3.27643333]
0.09	 0.51	-0.02	-0.17	27_K	[52.79433333  7.58493333  4.24406667]
-0.15	 -0.76	-0.04	0.21	27_K	[54.74952632  9.36647368  4.39226316]
-0.09	 -0.19	-0.03	0.09	27_K	[53.34685185 11.52585185  6.25651852]
0.09	 0.71	0.08	-0.31	27_K	[50.46648276  9.95403448  5.24082759]
-0.22	 -0.76	0.1	0.41	27_K	[51.83470833  9.68879167  8.02191667]
-0.08	 0.09	-0.01	-0.14	27_K	[51.30602941  7.59511765  6.18102941]
-0.35	 -0.94	0.27	0.54	27_K	[54.09490476  7.64561905  8.164     ]
-0.23	 -0.59	0.11	0.29	27_K	[54.51089474  7.77431579  5.97457895]
-0.32	 -0.79	0.18	0.4	27_K	[54.76475  9.84895  7.70125]
0.11	 1.6	0.17	-0.44	28_M	[47.15228571  7.62271429  0.42971429]
0.05	 0.4	-0.03	-0.19	28_M	[47.39085185  6.68351852  1.3957037 ]
0.1	 1.53	0.06	-0.3	28_M	[46.748      10.88272727  0.86409091]
0.04	 -0.08	-0.11	-0.09	28_M	[46.60227778  8.36494444  3.19811111]
0.02	 0.56	-0.02	-0.13	28_M	[46.822425 11.58285   3.841525]
-0.12	 0.05	-0.01	0.17	28_M	[45.09175    10.89322222  5.74183333]
0.25	 1.46	0.38	-0.61	28_M	[49.49370588  8.44017647  4.16670588]
-0.0	 0.1	-0.13	0.0	28_M	[46.71596296  9.41285185  0.21596296]
-0.18	 -0.64	0.03	0.31	28_M	[45.68214286  8.71114286  2.45671429]
0.06	 0.26	-0.21	0.0	28_M	[47.65945  8.8776   4.6668 ]
-0.27	 -0.97	0.17	0.47	28_M	[44.76691304 12.28734783  5.59395652]
-0.16	 -0.24	0.14	0.21	28_M	[44.59703704  9.63337037  4.56185185]
-0.25	 -0.79	0.04	0.46	28_M	[46.42954167 10.04304167  6.32295833]
0.06	 -0.76	-0.11	-0.07	29_L	[47.24388889  9.53322222 -5.47266667]
0.0	 -0.15	-0.04	-0.04	29_L	[46.09226471  7.86544118 -2.68085294]
0.15	 1.12	0.06	-0.35	29_L	[49.5170625  6.8506875 -4.8316875]
-0.01	 0.27	-0.06	-0.08	29_L	[47.13311765 10.98426471 -4.64329412]
0.01	 0.34	0.0	-0.14	29_L	[48.54339286  8.40932143 -5.80771429]
-0.3	 -0.63	0.2	0.42	29_L	[45.65716667  9.0995     -3.36972222]
-0.15	 -0.38	-0.0	0.1	29_L	[47.2516087   6.50304348 -4.01213043]
0.0	 0.33	-0.11	-0.08	29_L	[46.39695  7.176   -1.13785]
0.03	 0.42	-0.11	0.08	30_V	[54.84        7.12433333  1.16366667]
-0.08	 -0.07	-0.01	-0.02	30_V	[55.70106667  4.58326667  1.596     ]
0.12	 1.33	0.05	-0.32	30_V	[54.865   8.8517 -1.1041]
0.09	 0.43	-0.11	-0.19	30_V	[53.75051852  6.97092593  2.00714815]
-0.1	 -0.54	-0.04	0.15	30_V	[56.27052174  5.9323913   1.23708696]
0.01	 0.1	-0.08	0.0	30_V	[54.34313636  4.121       2.00668182]
-0.08	 -0.05	0.01	-0.11	30_V	[55.79616667  7.7913     -0.47123333]
0.15	 1.7	0.18	-0.44	31_E	[52.19488889  5.49444444  2.659     ]
0.07	 1.68	-0.02	-0.22	31_E	[52.25783333  4.543       2.95433333]
0.09	 0.79	-0.14	0.03	31_E	[51.35733333  4.29966667  4.43166667]
0.11	 1.4	0.2	-0.47	31_E	[48.72952941  3.44252941  4.83364706]
-0.14	 -1.42	-0.03	0.07	31_E	[48.38534483  4.7637931   5.85117241]
-0.01	 0.42	-0.15	0.1	31_E	[48.59846154  6.82865385  5.30046154]
-0.31	 -0.8	-0.0	0.47	31_E	[47.70445  3.53545  6.80325]
0.05	 0.09	-0.11	-0.06	31_E	[52.10337037  3.05211111  3.3457037 ]
0.01	 0.46	0.01	-0.09	31_E	[51.31463636  5.51        4.62295455]
0.12	 0.73	0.01	-0.28	31_E	[48.08341667  5.35583333  2.91      ]
0.07	 0.27	-0.05	-0.14	31_E	[47.53372727  3.14104545  3.66063636]
-0.19	 -0.18	-0.04	0.09	31_E	[49.94904167  2.39183333  4.9455    ]
0.12	 1.44	0.11	-0.37	32_R	[47.64442857  4.31407143  1.87821429]
0.08	 1.63	0.01	-0.23	32_R	[47.12033333  3.55516667  1.70983333]
0.07	 2.52	-0.1	-0.18	32_R	[46.7447  2.5782 -3.4459]
0.01	 1.04	0.01	-0.13	32_R	[44.22156522  3.59321739 -0.9276087 ]
-0.01	 0.82	-0.07	0.01	32_R	[43.48236364  3.22927273 -2.68927273]
-0.07	 0.02	-0.04	0.03	32_R	[43.5666875  1.5164375 -3.3288125]
-0.0	 0.14	0.04	-0.07	32_R	[ 4.46832222e+01  1.35925926e-02 -2.79048148e+00]
-0.15	 -0.09	0.04	0.14	32_R	[42.73607407  1.24185185 -4.61448148]
0.11	 0.51	-0.04	-0.16	32_R	[46.3475      2.70672222  1.42755556]
-0.03	 0.14	-0.04	0.01	32_R	[45.93756522  4.9623913   0.24334783]
-0.02	 0.11	-0.25	0.07	32_R	[46.58916667  3.91626667 -3.43853333]
0.11	 1.72	0.08	-0.33	32_R	[46.83005556  1.825      -3.13155556]
-0.06	 -0.08	-0.06	0.08	32_R	[44.45988  1.68152 -0.11496]
-0.23	 -0.46	0.04	0.38	32_R	[43.99680952  4.54638095 -0.95504762]
-0.29	 -1.39	0.09	0.42	32_R	[43.32495  4.09405 -3.1684 ]
0.06	 0.47	0.03	-0.21	32_R	[45.377125 -0.266375 -1.28625 ]
0.04	 0.54	-0.06	-0.23	32_R	[43.60765517 -1.18086207 -3.1037931 ]
-0.28	 -1.56	0.15	0.45	32_R	[42.13965217  2.78813043 -4.58478261]
-0.26	 -0.56	0.43	0.81	32_R	[42.73015789 -0.12876316 -4.79123684]
-0.08	 0.76	-0.16	0.02	33_M	[48.9024  3.4223 -5.0512]
0.1	 0.75	0.06	-0.28	33_M	[49.83441176  4.98176471 -5.54435294]
0.19	 1.59	0.31	-0.55	33_M	[48.34063636  1.13490909 -3.478     ]
0.02	 0.27	-0.01	-0.12	33_M	[48.809      2.0065625 -4.987    ]
0.18	 0.75	0.14	-0.38	33_M	[48.80113333  4.6018     -4.00266667]
0.04	 0.79	0.08	-0.21	34_T	[52.6564  1.4859  3.1405]
0.17	 0.7	0.01	-0.24	34_T	[54.34390909  1.94163636  2.31631818]
-0.05	 -0.05	-0.16	0.0	34_T	[53.11566667 -1.32838095  3.91785714]
0.15	 0.82	-0.01	-0.26	34_T	[51.1171   0.7797   3.38545]
-0.1	 -0.62	-0.02	0.25	34_T	[53.76123333  0.17553333  3.97286667]
0.05	 0.17	-0.06	-0.11	34_T	[52.42368 -2.38996  3.55892]
0.08	 0.88	-0.12	-0.19	35_N	[46.87657143 -2.841      -0.16242857]
0.14	 1.76	0.09	-0.34	35_N	[46.912      -4.23858333  0.35825   ]
0.01	 0.47	-0.17	-0.09	35_N	[46.44421429 -1.23921429  0.66778571]
-0.06	 -0.4	-0.1	0.13	35_N	[47.09758333 -2.145       4.00341667]
-0.13	 -0.33	0.05	0.12	35_N	[49.19755814 -1.47069767  4.4044186 ]
-0.09	 0.25	-0.03	0.08	35_N	[46.058       0.11947059  4.15617647]
0.19	 1.34	0.09	-0.38	35_N	[48.67925  -3.445625  3.016625]
0.14	 0.86	-0.02	-0.29	35_N	[46.24061538  0.10530769  0.67738462]
-0.19	 -0.26	-0.14	0.31	35_N	[46.35654167 -2.73920833  1.87979167]
-0.15	 0.06	-0.03	0.09	35_N	[47.26642857  0.82791429  5.17362857]
-0.14	 -0.38	-0.03	0.19	35_N	[45.87042308  0.59119231  2.80542308]
0.16	 1.3	0.18	-0.42	36_N	[46.85576923 -1.35569231 -0.77523077]
0.13	 1.37	0.4	-0.71	36_N	[46.532      -1.70642857 -1.65857143]
0.11	 1.38	0.43	-0.71	36_N	[ 4.82410000e+01  2.91428571e-02 -4.15071429e+00]
0.02	 0.55	-0.07	-0.06	36_N	[47.1440625 -0.7866875 -5.1216875]
0.13	 0.54	0.01	-0.2	36_N	[47.32394118 -2.58205882 -6.67211765]
0.02	 0.77	-0.1	-0.1	36_N	[45.44833333 -0.92446667 -4.78113333]
0.12	 0.55	0.02	-0.23	36_N	[46.33382353 -3.25052941 -1.50452941]
0.12	 1.42	0.09	-0.34	36_N	[47.5352      0.1934     -3.53966667]
-0.06	 0.39	-0.12	-0.09	36_N	[44.74919444 -2.71511111 -5.50441667]
0.13	 1.17	0.09	-0.34	36_N	[45.1506875 -1.9345625 -2.4455   ]
0.11	 1.19	0.21	-0.46	38_S	[50.02414286 -6.95971429  2.99628571]
-0.06	 0.05	0.01	0.03	38_S	[50.53166667 -8.89205556  2.276     ]
0.18	 1.29	0.25	-0.62	38_S	[51.0628 -6.6576  3.3034]
-0.05	 0.36	-0.15	-0.05	38_S	[50.5145   -4.805475  3.50475 ]
0.09	 0.72	-0.08	-0.17	38_S	[52.2655     -6.86467857  3.69085714]
0.16	 1.35	0.2	-0.48	38_S	[50.933      -3.06644444  3.36066667]
0.13	 0.98	0.02	-0.29	39_S	[45.8156  -5.58995 -0.5365 ]
0.02	 1.15	0.05	-0.25	39_S	[47.10777273 -6.94936364  2.594     ]
-0.08	 0.19	-0.2	0.11	39_S	[45.17414815 -7.25040741  1.81133333]
0.13	 0.86	-0.05	-0.19	39_S	[48.44277778 -8.86133333  2.34811111]
-0.21	 -0.53	0.0	0.32	39_S	[48.05981818 -7.30159091  3.59368182]
-0.0	 0.62	-0.11	-0.04	39_S	[47.19678571 -5.00475     2.25375   ]
-0.36	 -1.05	0.38	0.6	39_S	[45.10273913 -6.74978261  3.22304348]
0.16	 1.48	0.09	-0.37	40_P	[42.9768 -9.2272 -2.1032]
-0.11	 0.08	-0.04	0.07	40_P	[43.22654545 -8.11284848 -0.44812121]
0.02	 0.47	-0.11	-0.18	40_P	[ 44.97841176 -11.89170588  -2.92029412]
-0.11	 -0.26	-0.03	0.11	40_P	[ 46.7070625 -12.0285     -0.602375 ]
-0.05	 0.69	0.03	-0.09	40_P	[ 46.71269231 -10.18515385   1.748     ]
-0.05	 0.18	-0.03	-0.01	40_P	[ 43.79907692 -10.68546154  -2.06461538]
0.12	 0.79	-0.09	-0.14	40_P	[ 46.57427273 -11.70009091  -3.39127273]
-0.25	 -0.8	0.16	0.41	40_P	[ 45.75263636 -12.27822727  -0.2885    ]
0.01	 0.14	0.03	-0.16	40_P	[ 48.08904762 -11.7987619   -1.96142857]
-0.08	 0.36	0.04	0.09	40_P	[45.09368421 -9.95905263  1.11957895]
-0.02	 -0.35	0.02	0.05	40_P	[ 48.06033333 -10.33516667   1.31861111]
0.12	 0.58	0.86	-1.25	41_T	[42.08366667 -8.594      -2.31466667]
0.04	 -0.03	0.02	-0.13	41_T	[41.58044 -9.39628 -3.52492]
0.11	 1.56	0.06	-0.35	41_T	[ 42.63585714 -10.095       -3.69542857]
-0.01	 0.49	-0.02	-0.05	41_T	[43.90181818 -3.85340909 -1.80072727]
-0.14	 -0.61	-0.05	0.15	41_T	[41.3505625 -7.3509375 -2.1000625]
-0.05	 0.05	-0.01	-0.07	41_T	[41.0277619  -4.94857143 -3.64661905]
0.14	 1.46	0.25	-0.52	41_T	[42.969875 -3.49     -5.233125]
-0.01	 0.19	-0.28	0.02	41_T	[43.06653333 -3.09063333 -3.49773333]
-0.09	 -0.46	0.09	0.23	41_T	[43.08646154 -5.08546154 -1.07907692]
0.01	 0.34	-0.11	-0.03	42_I	[39.97371429 -8.26128571 -3.63042857]
0.04	 0.56	-0.12	-0.08	42_I	[39.83225 -9.197   -4.293  ]
-0.02	 -0.04	0.05	-0.09	42_I	[40.38985714 -8.95847619 -8.81638095]
0.09	 0.47	-0.09	0.09	42_I	[38.61366667 -9.31066667 -4.779     ]
0.01	 0.47	-0.16	0.05	42_I	[37.527      -9.62633333 -5.26033333]
-0.06	 -0.24	-0.1	0.03	42_I	[38.06472727 -5.25218182 -5.43281818]
-0.13	 -0.78	-0.04	0.15	42_I	[35.7813125  -8.9198125  -6.80028125]
-0.02	 -0.48	-0.11	0.05	42_I	[39.58511111 -6.82688889 -3.75244444]
0.07	 0.75	0.12	-0.32	42_I	[ 39.434     -10.0805625  -4.9185   ]
-0.17	 -0.63	0.06	0.12	42_I	[37.87877273 -8.23563636 -4.45863636]
-0.06	 -0.07	0.03	-0.03	42_I	[38.31377778 -9.00033333 -8.49111111]
0.03	 0.32	-0.17	-0.07	42_I	[ 37.77485714 -10.33364286  -5.47821429]
-0.11	 -0.25	-0.14	0.15	42_I	[37.03157143 -5.7447619  -6.283     ]
0.04	 -0.13	0.09	-0.16	42_I	[39.04915385 -5.43730769 -4.78953846]
0.15	 1.01	0.06	-0.35	42_I	[38.45371429 -6.51071429 -8.27414286]
-0.23	 -1.04	-0.06	0.42	42_I	[35.822    -9.916    -7.848875]
-0.26	 -1.14	0.24	0.45	42_I	[35.81215789 -8.485      -5.34194737]
-0.15	 -0.39	0.14	0.18	42_I	[36.4651  -7.0734  -7.75435]
0.14	 1.1	0.05	-0.29	43_F	[43.22764286 -8.9955     -8.98421429]
-0.07	 -0.11	-0.06	-0.02	43_F	[ 44.6487027   -7.77989189 -10.25478378]
-0.01	 0.56	0.75	-0.11	43_F	[43.84081818 -4.16772727 -8.57236364]
-0.07	 -0.11	-0.1	0.11	43_F	[41.89333333 -3.06733333 -8.98533333]
-0.01	 -0.17	0.02	-0.08	43_F	[40.34336667 -4.9249     -9.81743333]
-0.06	 0.06	0.19	-0.15	43_F	[41.627      -2.65104348 -7.35691304]
-0.18	 -0.25	-0.13	0.14	43_F	[38.71325    -3.9915     -9.92689286]
-0.07	 0.09	-0.1	0.17	43_F	[39.52625926 -2.41425926 -6.72322222]
-0.08	 -0.13	-0.06	0.09	43_F	[38.03725    -2.99414286 -8.31292857]
-0.08	 0.14	-0.13	0.08	43_F	[41.3493125 -7.4496875 -9.7818125]
0.08	 0.49	-0.09	-0.16	43_F	[43.82388235 -3.86482353 -7.13570588]
-0.14	 -0.31	-0.0	0.13	43_F	[43.42586957 -4.95604348 -9.866     ]
-0.45	 -0.63	0.17	0.6	43_F	[ 40.6461875  -5.31275   -10.9485625]
-0.06	 0.02	-0.19	0.29	43_F	[41.5365     -3.17805556 -5.6635    ]
-0.29	 -0.77	0.34	0.66	43_F	[ 38.15205263  -3.77289474 -10.75584211]
-0.22	 -0.38	0.28	0.42	43_F	[39.16056 -2.66432 -5.81812]
-0.32	 -0.81	0.9	0.85	43_F	[37.311      -2.32878947 -8.28905263]
0.0	 -0.01	0.08	0.05	44_T	[46.41747826 -4.60513043 -8.03569565]
0.12	 0.55	0.09	-0.35	44_T	[46.90325   -5.378     -9.2578125]
0.1	 0.88	0.01	-0.29	44_T	[45.41266667 -4.3855     -7.29283333]
-0.11	 -0.22	-0.01	0.11	45_R	[ 45.71535135 -14.41778378  -6.28643243]
0.01	 0.22	-0.12	-0.19	45_R	[ 43.30078571 -12.36914286  -4.03707143]
0.05	 0.72	0.07	-0.25	45_R	[ 41.1432 -12.8188  -4.4931]
-0.05	 -1.51	-0.08	0.02	45_R	[ 38.6498 -14.4386  -7.1844]
-0.1	 -0.42	-0.06	0.08	45_R	[ 38.05667742 -12.9393871   -5.0996129 ]
-0.08	 0.07	-0.1	0.13	45_R	[ 37.25077778 -13.35288889  -8.3865    ]
0.17	 1.26	0.38	-0.62	45_R	[ 43.6658 -10.2658  -8.3335]
0.14	 1.17	0.15	-0.4	45_R	[ 45.90566667 -12.3132      -4.60393333]
-0.07	 -0.14	0.06	0.08	45_R	[ 43.13975862 -13.6672069   -5.18134483]
0.06	 0.34	-0.05	-0.05	45_R	[ 42.52621429 -11.32735714  -4.04514286]
0.16	 1.21	0.1	-0.38	45_R	[ 42.22673913 -11.17382609  -8.4263913 ]
-0.07	 0.08	-0.02	0.01	45_R	[ 40.83507692 -14.22023077  -5.97546154]
0.0	 0.04	-0.0	-0.03	45_R	[ 40.36346154 -11.48953846  -4.60161538]
0.02	 0.52	0.05	-0.18	45_R	[ 39.88572727 -12.01559091  -8.80036364]
-0.24	 -1.16	0.11	0.42	45_R	[ 39.17205882 -13.24182353  -4.24129412]
-0.22	 -1.36	0.14	0.41	45_R	[ 36.93376923 -13.57753846  -5.34319231]
-0.22	 -0.71	-0.04	0.35	45_R	[ 37.75076 -12.20056  -8.98672]
-0.22	 -0.63	0.12	0.32	45_R	[ 36.30411111 -12.79859259  -7.33944444]
0.18	 0.88	-0.06	-0.17	46_K	[ 47.8885 -14.6034  -7.7174]
0.01	 0.22	-0.07	-0.1	46_K	[ 48.12782051 -15.20771795  -9.83020513]
-0.06	 0.16	-0.28	0.06	46_K	[ 46.38244444 -12.19622222 -12.201     ]
-0.01	 0.89	-0.05	-0.02	46_K	[ 43.987375 -12.4975   -11.524875]
-0.01	 0.35	-0.03	-0.12	46_K	[ 44.80084615 -15.70092308 -11.26861538]
-0.16	 -0.35	-0.08	0.06	46_K	[ 42.52813333 -15.953      -11.6958    ]
0.03	 1.47	-0.03	-0.18	46_K	[ 41.47133333 -15.25033333 -10.019     ]
0.17	 1.18	0.01	-0.3	46_K	[ 44.5307  -10.88045  -9.23595]
-0.09	 0.16	-0.2	0.09	46_K	[ 46.011      -15.24828571  -8.49514286]
0.07	 0.51	-0.14	-0.14	46_K	[ 45.77934783 -11.133      -11.16813043]
0.01	 -0.04	-0.03	-0.06	46_K	[ 47.023375 -13.767125 -11.93375 ]
0.03	 -0.37	0.0	-0.0	46_K	[ 43.00186667 -12.3228     -10.37286667]
-0.24	 -0.89	0.1	0.38	46_K	[ 44.09061905 -13.05590476 -12.65828571]
-0.26	 -0.64	0.13	0.38	46_K	[ 45.06894737 -15.77221053 -12.09442105]
0.01	 0.24	0.08	-0.09	46_K	[ 44.91213333 -15.72413333  -9.39366667]
-0.18	 -0.95	0.16	0.35	46_K	[ 41.83428571 -14.40019048 -12.1197619 ]
-0.3	 -0.63	0.21	0.42	46_K	[ 42.3973  -16.80515 -11.14865]
-0.24	 -0.21	-0.15	0.24	46_K	[ 40.45594286 -14.89377143  -9.25611429]
-0.12	 -0.44	-0.06	0.15	46_K	[ 42.63322727 -15.3335      -8.1185    ]
0.01	 -0.13	-0.01	-0.03	46_K	[ 41.58454545 -13.06190909  -9.753     ]
0.1	 0.71	0.05	-0.27	47_Y	[ 49.345625  -14.25175    -6.6554375]
0.08	 0.79	-0.01	-0.19	47_Y	[ 48.11369565 -12.56347826  -4.67826087]
0.09	 -0.01	-0.1	-0.14	47_Y	[ 48.92405882 -12.176      -12.64882353]
0.16	 1.13	0.13	-0.37	47_Y	[ 46.23569231  -9.44407692 -10.98107692]
0.07	 0.88	0.06	-0.33	47_Y	[ 47.61   -11.3848 -12.6356]
-0.14	 -0.4	-0.1	0.16	47_Y	[ 47.44354545 -10.28363636 -13.60431818]
0.07	 -0.05	-0.07	-0.03	47_Y	[ 50.2547619  -11.683      -13.64280952]
0.06	 0.58	-0.11	-0.17	47_Y	[ 46.39958333  -8.02241667 -11.37666667]
-0.08	 -0.3	0.03	0.12	47_Y	[ 46.92324242  -8.60290909 -13.33293939]
0.06	 1.1	-0.02	-0.26	48_R	[ 51.827      -14.40071429  -3.038     ]
-0.1	 -0.45	-0.11	0.07	48_R	[ 51.40375    -16.0955      -4.06566667]
0.05	 0.89	-0.09	-0.13	48_R	[ 53.68       -17.38666667  -4.901     ]
-0.03	 -0.0	-0.06	-0.01	48_R	[ 54.55    -17.03525  -4.4765 ]
-0.11	 -0.65	-0.02	0.04	48_R	[ 55.92073333 -17.47946667  -5.54466667]
-0.09	 0.58	0.04	0.06	48_R	[ 55.56053333 -17.54006667  -7.74513333]
-0.1	 0.32	-0.03	0.09	48_R	[ 57.85165 -16.0103   -5.09435]
0.01	 0.28	0.01	-0.07	48_R	[ 49.86832 -13.42168  -3.85304]
-0.09	 -0.44	-0.23	0.15	48_R	[ 53.0763 -14.02    -2.7174]
-0.21	 -0.63	0.17	0.29	48_R	[ 52.52259091 -16.37359091  -3.48359091]
-0.08	 -0.32	0.04	0.11	48_R	[ 50.71177778 -15.81566667  -5.57955556]
-0.16	 -0.43	0.02	0.21	48_R	[ 52.74879167 -17.52329167  -6.45066667]
-0.0	 0.02	-0.03	-0.04	48_R	[ 54.87373913 -14.82386957  -4.02478261]
0.05	 0.04	-0.03	-0.01	48_R	[ 54.52735714 -17.14392857  -8.39078571]
-0.16	 -0.41	-0.08	0.26	48_R	[ 56.93488889 -16.62148148  -8.34766667]
-0.17	 -0.43	0.09	0.26	48_R	[ 57.01648387 -15.1766129   -4.27658065]
-0.26	 -1.24	0.22	0.46	48_R	[ 58.48027778 -16.22277778  -5.9885    ]
0.11	 1.18	0.1	-0.35	49_S	[ 53.4715   -11.009125  -0.191875]
-0.04	 -0.51	-0.03	0.04	49_S	[ 54.65605714 -11.95531429  -1.89454286]
0.12	 1.05	0.16	-0.54	49_S	[ 50.274      -11.08090909   0.10981818]
-0.01	 0.41	-0.08	-0.1	49_S	[ 49.4013125 -11.599125   -0.9573125]
-0.02	 -0.24	-0.03	-0.0	49_S	[ 51.3892  -12.84065  -1.7612 ]
-0.19	 -0.47	0.04	0.25	49_S	[ 51.75447619 -11.32590476   0.268     ]
0.01	 -0.22	-0.12	-0.03	50_L	[ 55.02626667 -10.41993333   0.773     ]
0.07	 0.5	0.05	-0.18	50_L	[53.41986957 -9.11986957  1.89526087]
0.02	 0.69	-0.06	-0.1	50_L	[58.0178  -9.64645 -2.90005]
0.09	 -0.19	-0.04	-0.01	50_L	[ 56.37611111 -10.44188889  -1.08011111]
0.07	 0.43	0.02	-0.24	50_L	[57.7552963  -8.51788889 -5.26255556]
0.04	 0.18	0.02	-0.13	50_L	[ 56.759      -10.52692308  -2.85938462]
0.07	 0.54	-0.08	-0.12	51_S	[ 56.59377778 -10.318        0.93922222]
0.05	 0.89	-0.05	-0.16	51_S	[ 56.00366667 -10.29333333   2.17533333]
-0.23	 -0.85	-0.12	0.24	51_S	[ 58.111  -10.3763   3.8074]
0.14	 1.05	0.17	-0.45	51_S	[59.427      -8.98133333  1.37666667]
0.06	 -0.07	-0.07	-0.11	51_S	[57.68442857 -9.74585714  0.18885714]
-0.15	 -0.76	-0.04	0.15	51_S	[55.08804762 -9.33309524  3.47861905]
-0.13	 -0.43	0.09	0.24	51_S	[57.723125   -9.26520833  4.74783333]
-0.23	 -0.6	0.34	0.2	51_S	[ 58.1181  -10.58865   2.46405]
-0.11	 0.03	-0.1	0.12	51_S	[60.13577143 -8.35134286  3.2624    ]
0.13	 0.86	-0.16	-0.12	52_K	[57.21077778 -3.66633333  5.64333333]
0.12	 0.9	0.03	-0.24	52_K	[55.90426667 -2.42793333  4.40133333]
0.08	 1.12	0.08	-0.24	52_K	[55.44780952 -4.36642857  6.14328571]
0.06	 0.48	-0.12	-0.12	52_K	[53.23853333 -6.54866667  5.979     ]
0.04	 0.14	-0.09	-0.03	52_K	[54.21438889 -5.78088889  8.42122222]
-0.04	 0.01	-0.12	0.1	52_K	[51.82646667 -7.09653333  7.59833333]
0.01	 -2.68	-0.01	-0.12	52_K	[51.47877778 -7.04333333  9.85422222]
0.05	 0.5	-0.0	-0.16	52_K	[55.82778947 -7.91331579  5.65736842]
-0.1	 -0.59	-0.15	0.13	52_K	[56.504      -6.06368182  7.05795455]
-0.19	 -0.45	-0.09	0.29	52_K	[55.05985714 -3.74433333  6.12552381]
0.01	 0.14	0.08	-0.22	52_K	[52.74824138 -5.21686207  5.21341379]
-0.09	 -0.72	-0.1	0.11	52_K	[53.90605556 -7.7325      5.39988889]
-0.15	 -0.5	0.05	0.11	52_K	[54.70057692 -7.27511538  8.41092308]
-0.18	 -0.89	0.03	0.19	52_K	[53.63992 -4.50304  8.00964]
-0.24	 -0.57	0.01	0.45	52_K	[51.27318182 -5.93327273  7.01363636]
-0.17	 -0.78	0.05	0.25	52_K	[52.43725    -8.26767857  7.48017857]
-0.34	 -0.79	0.28	0.54	52_K	[50.61922727 -7.35304545  9.68318182]
-0.3	 -1.28	0.23	0.44	52_K	[53.05125 -7.549   10.3226 ]
-0.27	 -0.59	0.09	0.38	52_K	[52.00966667 -5.33533333  9.89466667]
0.05	 0.83	-0.08	-0.11	53_E	[57.897875 -4.58875   5.91575 ]
0.12	 0.63	0.01	-0.3	53_E	[59.03175 -4.02575  5.8545 ]
0.14	 1.12	0.05	-0.28	53_E	[60.33195833 -1.90633333  3.008625  ]
0.09	 1.13	-0.03	-0.25	53_E	[60.47766667 -5.9795      5.38825   ]
0.02	 0.46	0.04	-0.2	53_E	[61.94235 -3.76905  4.57655]
-0.14	 -0.6	-0.1	0.16	53_E	[63.18810345 -5.28341379  5.41089655]
-0.31	 -0.88	0.1	0.41	53_E	[62.43630556 -6.40869444  6.49913889]
-0.28	 -1.06	0.18	0.45	53_E	[64.51353659 -4.79187805  4.71802439]
0.12	 0.19	-0.04	-0.2	53_E	[57.9615 -6.7698  5.4612]
-0.03	 -0.07	-0.0	0.0	53_E	[58.78036364 -2.55681818  5.04731818]
-0.07	 -0.71	-0.09	0.07	53_E	[59.66788889 -5.75918519  5.937     ]
0.03	 0.29	-0.12	-0.1	53_E	[61.25464286 -6.48778571  3.48271429]
-65.38	 0.11	-0.51	0.19	53_E	[62.08976667 -3.58706667  3.002     ]
-0.23	 -0.88	0.08	0.34	53_E	[61.33834783 -2.91134783  5.69108696]
0.09	 1.32	0.2	-0.47	54_E	[61.01715385 -5.35692308  2.097     ]
0.09	 1.24	0.01	-0.28	54_E	[61.218      -4.94666667  1.40744444]
0.01	 1.02	0.0	-0.25	54_E	[61.3765  -5.89675  0.28425]
0.06	 0.89	-0.03	-0.22	54_E	[61.734      -6.76933333 -0.93366667]
-0.16	 0.32	-0.02	0.12	54_E	[61.685      -7.80707143 -1.9465    ]
-0.13	 -0.46	-0.01	0.15	54_E	[59.93891667 -9.14330556 -1.05783333]
-0.2	 -0.58	0.06	0.26	54_E	[60.50714706 -7.81702941 -4.215     ]
0.09	 0.66	-0.06	-0.17	54_E	[61.54296296 -3.91037037  0.68081481]
-0.05	 -0.19	-0.06	0.05	54_E	[60.95785714 -7.09066667  0.89161905]
-0.04	 -0.29	-0.07	0.04	54_E	[61.9852  -5.47648 -1.65012]
0.12	 1.62	0.23	-0.51	56_A	[59.28036364  1.38290909  1.81809091]
0.19	 1.77	0.24	-0.5	56_A	[57.51285714  2.58542857  1.2152381 ]
-0.06	 0.23	-0.01	0.03	56_A	[57.5018125   0.58040625  3.75809375]
-0.13	 -0.34	-0.12	0.29	56_A	[57.22780645  1.66729032  3.05693548]
-0.08	 -0.68	-0.02	0.06	56_A	[56.4315     -0.74377778  4.49955556]
-0.09	 -0.82	-0.06	0.19	56_A	[59.17045455 -0.47972727  3.59754545]
0.06	 0.75	-0.07	-0.17	57_K	[59.80066667  0.21255556  1.82433333]
0.02	 1.21	-0.05	-0.2	57_K	[60.69966667  0.48966667  1.246     ]
0.16	 1.08	0.47	-0.69	57_K	[62.02017647 -0.99735294  0.51182353]
0.09	 0.79	-0.16	0.06	57_K	[63.45366667 -0.346      -0.28966667]
0.0	 0.2	-0.17	-0.01	57_K	[63.3468     -3.09873333 -0.95046667]
-0.13	 -0.53	-0.12	0.14	57_K	[65.13382353 -2.15176471 -2.93976471]
0.1	 1.67	0.06	-0.37	57_K	[63.39892857 -1.95428571 -4.99392857]
0.08	 0.57	-0.05	-0.16	57_K	[60.8191875  1.4999375  0.9814375]
-0.1	 -0.51	-0.25	0.24	57_K	[61.912375   -0.56458333  1.16204167]
0.01	 0.4	-0.14	-0.01	57_K	[62.9317037   1.14692593 -1.19703704]
-0.19	 -0.61	0.01	0.28	57_K	[63.79415385 -2.04580769 -0.06634615]
-0.06	 -0.19	-0.44	0.18	57_K	[62.89711111 -3.89544444 -2.05833333]
-0.14	 -0.57	0.08	0.24	57_K	[65.18445 -0.47615 -2.3601 ]
-0.25	 -0.71	0.23	0.37	57_K	[65.21015 -3.13165 -2.54215]
-0.25	 -0.59	0.01	0.39	57_K	[64.1479375  -2.42765625 -5.1435625 ]
0.03	 0.36	-0.1	-0.11	57_K	[62.38273684 -3.213      -4.09457895]
0.05	 0.57	0.04	-0.24	57_K	[64.42730769 -0.45069231 -4.99876923]
0.02	 0.25	-0.12	-0.04	58_N	[60.38365714 -3.20488571 -5.97691429]
0.16	 0.7	0.04	-0.25	58_N	[60.40659091 -5.02472727 -4.21959091]
0.13	 1.58	0.02	-0.26	60_E	[59.81766667  6.01583333 -2.90733333]
0.09	 0.66	-0.09	-0.16	60_E	[58.31233333  6.99561905 -3.29166667]
0.03	 0.79	-0.16	-0.1	60_E	[58.546375  5.750125  0.504375]
0.07	 0.79	-0.01	-0.24	60_E	[60.927       5.604      -1.19966667]
-0.08	 0.03	-0.12	0.1	60_E	[61.26505556  5.18633333  0.55644444]
-0.22	 -0.28	-0.05	0.34	60_E	[60.03302564  3.75658974  2.02423077]
-0.18	 -0.61	0.09	0.28	60_E	[62.63581633  3.73789796 -0.08765306]
0.15	 1.71	0.27	-0.52	60_E	[57.29381818  6.57118182 -1.914     ]
-0.15	 -0.3	-0.06	0.17	60_E	[58.77865517  6.43       -0.67768966]
0.02	 0.6	-0.14	-0.14	60_E	[57.90926316  4.51147368  0.88278947]
0.03	 -0.19	-0.08	-0.06	60_E	[61.27480952  5.01033333 -2.19657143]
0.06	 0.98	0.12	-0.31	61_E	[60.903   4.858  -6.6134]
-0.03	 0.15	0.05	-0.34	61_E	[59.39021053  3.69105263 -7.93684211]
0.06	 0.93	-0.14	-0.13	61_E	[60.22217391  5.23730435 -7.774     ]
0.08	 0.82	-0.1	-0.16	61_E	[60.50515385  2.39984615 -6.93392308]
0.1	 0.75	-0.07	-0.2	61_E	[62.5861875  2.721125  -3.615125 ]
-0.17	 0.02	0.01	0.06	61_E	[63.63807143  1.78735714 -5.97492857]
-0.19	 -0.64	0.01	0.22	61_E	[ 6.23293590e+01  5.88205128e-02 -6.77169231e+00]
-0.06	 -0.26	-0.05	0.1	61_E	[64.004375  1.36125  -4.005875]
-0.0	 0.35	-0.07	-0.1	61_E	[60.9981875   5.56746875 -4.97809375]
0.19	 1.12	0.15	-0.41	61_E	[59.72055556  0.68022222 -6.38716667]
-0.12	 -0.38	-0.14	0.15	61_E	[61.3777931  3.3202069 -7.2117931]
-0.23	 -0.71	0.1	0.34	61_E	[62.85985714  3.78042857 -4.478     ]
0.1	 0.1	-0.12	-0.07	62_I	[57.78433333  0.73616667 -8.43083333]
0.17	 1.14	0.05	-0.26	62_I	[58.12925  3.146   -8.88855]
0.1	 0.58	-0.01	-0.17	62_I	[57.31305556  0.63161111 -9.41694444]
0.11	 0.79	0.04	-0.26	62_I	[58.37636842  1.06589474 -7.40357895]
0.03	 0.2	-0.03	-0.13	63_E	[56.12383333  9.7163     -2.9719    ]
0.18	 1.27	0.41	-0.64	63_E	[56.48007692  7.51692308 -3.10323077]
0.12	 0.53	-0.12	-0.13	64_D	[60.852  7.696 -5.061]
-0.03	 0.34	0.02	-0.13	64_D	[60.91519231  9.96880769 -6.46619231]
-0.23	 -0.71	-0.09	0.44	64_D	[62.05016364  8.85732727 -7.02598182]
-0.03	 0.25	-0.1	0.02	64_D	[60.53886111 11.75788889 -7.00986111]
-0.04	 0.08	-0.03	-0.03	64_D	[59.18224324  9.01078378 -4.39162162]
0.07	 1.08	-0.07	-0.21	64_D	[60.72806667  7.16126667 -7.11106667]
0.08	 0.76	0.22	-0.7	65_A	[60.21875  7.64455 -8.5053 ]
0.09	 1.18	-0.1	-0.18	65_A	[60.273375  8.029125 -9.186875]
0.24	 1.44	0.39	-0.62	65_A	[ 56.66817647   7.04947059 -12.40529412]
-0.06	 -0.22	-0.04	-0.0	65_A	[ 59.37054545   5.26109091 -10.89731818]
0.03	 0.49	0.06	-0.26	65_A	[ 60.2262    8.5225  -10.30325]
-0.11	 -0.33	-0.15	0.18	65_A	[ 58.69681818   6.41327273 -12.43906061]
-0.11	 -0.73	-0.21	0.33	65_A	[60.2262      5.763      -9.61117143]
0.11	 2.33	0.15	-0.43	67_F	[58.03575  14.381125 -6.86775 ]
0.09	 0.67	-0.21	-0.04	67_F	[57.49386667 16.0496     -6.3742    ]
0.11	 1.13	0.05	-0.36	67_F	[55.14013043 16.87186957 -5.62217391]
-0.27	 0.76	-0.06	-0.16	67_F	[58.38272 13.87868 -8.0168 ]
-0.16	 -0.01	0.03	0.14	67_F	[57.66874074 16.43192593 -8.14144444]
-0.03	 0.07	-0.17	0.15	67_F	[55.32475    18.01066667 -7.06852778]
0.07	 0.95	0.06	-0.18	68_T	[ 58.99866667  13.961      -12.13633333]
0.18	 1.22	0.01	-0.29	68_T	[ 58.70690909  12.64881818 -14.15790909]
0.14	 1.01	0.0	-0.26	68_T	[ 58.295       14.7547619  -13.18009524]
0.08	 0.87	-0.11	-0.02	68_T	[ 60.34733333  12.49416667 -12.04133333]
0.0	 0.17	-0.08	-0.05	68_T	[ 59.5144    9.7134  -12.81996]
-0.06	 0.13	-0.06	-0.04	68_T	[60.71736364 12.65095455 -9.25395455]
0.1	 0.36	0.04	-0.27	68_T	[ 58.44375862  14.5177931  -10.79072414]
-0.15	 -0.42	0.38	0.41	68_T	[ 60.19416  12.74836 -12.83812]
-0.12	 -0.17	-0.02	0.18	68_T	[61.40809677 11.00932258 -9.93354839]
-0.17	 -1.17	-0.06	0.25	68_T	[60.34386957 13.45113043 -9.62265217]
0.18	 1.68	-0.02	-0.26	69_I	[ 55.39654545  13.05090909 -17.16381818]
-0.06	 0.08	-0.52	0.22	69_I	[ 58.05375    7.792875 -14.368625]
0.04	 -0.3	-0.05	-0.12	69_I	[ 54.82811111   9.34777778 -17.78644444]
-0.15	 -0.79	0.01	0.13	69_I	[ 58.44353125   9.92534375 -17.008625  ]
0.15	 1.58	0.29	-0.55	69_I	[ 57.54055  12.18805 -16.01685]
0.03	 0.18	-0.2	-0.08	69_I	[ 58.59633333   8.56906667 -13.998     ]
0.01	 0.7	0.02	-0.2	69_I	[ 56.51122581   7.48096774 -15.00967742]
0.05	 -0.09	-0.06	-0.12	69_I	[ 54.39284211   7.94136842 -16.99152632]
-0.05	 0.07	-0.13	0.06	69_I	[ 55.62734783  10.98604348 -17.72730435]
-0.29	 -0.98	0.32	0.52	69_I	[ 59.1285    8.50955 -16.70995]
-0.16	 -0.86	0.22	0.2	69_I	[ 57.02270588   9.16352941 -17.89135294]
-0.06	 -0.4	-0.35	0.28	69_I	[ 58.60578125  11.41725    -16.04353125]
0.1	 1.26	-0.14	-0.16	71_N	[55.991125 18.3485   -9.36625 ]
0.05	 0.4	-0.13	-0.09	71_N	[ 54.80532353  19.60458824 -10.34173529]
-0.02	 0.16	-0.14	-0.07	71_N	[ 57.60570833  18.33004167 -10.09133333]
-0.22	 -0.59	0.1	0.31	71_N	[ 57.32794444  19.64361111 -10.4755    ]
-0.04	 0.09	-0.07	0.03	71_N	[ 58.10744898  17.30489796 -11.8442449 ]
0.06	 0.86	-0.39	0.02	72_Q	[ 58.43128571  13.723      -16.42185714]
-0.19	 -0.07	-0.06	0.16	72_Q	[ 58.81036364  15.59363636 -18.89763636]
-0.16	 -0.76	-0.03	0.23	72_Q	[ 60.35975     17.3105     -18.32941667]
-0.1	 -0.26	0.04	0.12	72_Q	[ 58.95622222  19.13327778 -17.98563889]
-0.11	 -0.7	-0.06	0.11	72_Q	[ 60.58342857  17.01110714 -15.75610714]
0.1	 0.49	-0.09	-0.18	72_Q	[ 58.64945714  15.15       -14.96062857]
0.01	 0.17	-0.2	0.02	72_Q	[ 57.15675  13.49715 -17.1149 ]
-0.21	 -0.57	0.1	0.33	72_Q	[ 59.38452  14.6038  -17.86604]
-0.01	 0.18	-0.52	0.34	72_Q	[ 57.29144118  16.39438235 -18.99914706]
-0.2	 -0.65	0.06	0.46	72_Q	[ 60.50640741  15.52440741 -15.58985185]
-0.26	 -0.89	0.09	0.44	72_Q	[ 61.18142308  18.28280769 -15.87065385]
0.15	 1.13	0.09	-0.36	73_H	[ 55.43057143  14.81785714 -17.94785714]
0.1	 1.32	-0.04	-0.21	73_H	[ 54.71866667  14.96833333 -18.719     ]
0.15	 1.24	0.07	-0.36	73_H	[ 51.30655882  18.238      -19.40370588]
0.1	 1.61	0.08	-0.39	73_H	[ 50.942   13.1186 -20.0396]
0.12	 0.78	0.05	-0.35	73_H	[ 49.3462381   16.84542857 -17.46619048]
0.01	 0.19	0.02	0.05	73_H	[ 49.88054386  15.12184211 -20.42407018]
0.02	 0.33	0.18	0.01	73_H	[ 49.07991667  16.77741667 -18.957     ]
0.09	 0.16	-0.01	-0.17	73_H	[ 54.52364286  15.86307143 -19.75125   ]
0.07	 -0.22	-0.01	-0.11	73_H	[ 53.78154545  13.20836364 -18.43181818]
-0.06	 0.14	-0.07	-0.03	73_H	[ 52.22757143  13.93553571 -20.54182143]
-0.36	 -0.82	-0.42	0.69	73_H	[ 49.09633333  14.72444444 -21.45288889]
-0.1	 -0.05	-0.19	0.18	73_H	[ 48.1485      16.56316667 -19.22616667]
0.13	 1.58	0.29	-0.57	74_Y	[ 52.442875  21.532125 -11.6635  ]
0.07	 0.1	-0.03	-0.19	74_Y	[ 48.89054545  20.44572727 -15.86863636]
0.09	 1.22	0.22	-0.58	74_Y	[ 52.214375  23.092625 -13.387625]
0.15	 1.44	0.12	-0.36	74_Y	[ 48.2328      21.75526667 -15.53166667]
0.13	 0.74	0.02	-0.18	74_Y	[ 49.41765  25.045   -13.10565]
0.09	 0.44	-0.06	-0.15	74_Y	[ 50.14594118  18.86844118 -17.06676471]
0.11	 0.96	-0.02	-0.18	74_Y	[ 53.624       21.15027273 -12.517     ]
0.03	 0.28	-0.15	-0.06	74_Y	[ 48.63193333  19.01526667 -15.49566667]
-0.16	 -0.38	-0.22	0.21	74_Y	[ 51.87780645  23.59345161 -12.41193548]
0.09	 1.28	0.14	-0.4	74_Y	[ 47.381125   21.643375  -15.0948125]
0.1	 1.1	-0.06	-0.16	75_E	[ 56.52553846  21.04607692 -18.39538462]
-0.11	 -0.79	-0.07	0.14	75_E	[ 55.462       23.23658824 -18.74508824]
0.08	 1.26	-0.17	-0.07	75_E	[ 56.825875  21.535375 -16.93225 ]
0.12	 1.85	0.06	-0.33	75_E	[ 55.7326875  21.4305625 -13.2853125]
-0.08	 -0.28	-0.06	0.05	75_E	[ 58.32694444  21.60688889 -14.03188889]
-0.04	 0.07	-0.01	-0.0	75_E	[ 59.08802439  19.92536585 -14.84597561]
-0.19	 -0.32	-0.01	0.2	75_E	[ 57.95135897  21.01997436 -12.20669231]
0.16	 0.82	0.09	-0.36	75_E	[ 54.185       22.94108696 -15.69704348]
-0.13	 -0.59	-0.06	0.22	75_E	[ 57.39290476  21.98242857 -16.73138095]
-0.26	 -0.33	-0.12	0.13	75_E	[ 55.52852  22.60196 -13.98712]
0.21	 1.31	0.36	-0.6	76_K	[ 56.11122222  19.836      -19.021     ]
0.08	 0.84	-0.08	-0.14	76_K	[ 56.08733333  20.4915     -19.81866667]
0.17	 1.7	-0.01	-0.23	76_K	[ 53.8372  22.9945 -20.8119]
-0.07	 -0.24	-0.06	0.06	76_K	[ 53.42396552  22.16       -22.98727586]
0.06	 0.68	-0.21	0.06	76_K	[ 56.31133333  19.73533333 -20.992     ]
-0.07	 -0.04	-0.21	0.12	76_K	[ 55.48927273  20.12963636 -23.21418182]
-0.01	 -0.36	-0.09	0.06	76_K	[ 55.6895      17.51421429 -24.02864286]
0.04	 0.74	-0.17	-0.05	76_K	[ 52.24771429  17.34157143 -23.04578571]
0.02	 -4.26	-0.01	-0.08	76_K	[ 53.03016667  15.514      -24.60333333]
-0.11	 -0.32	0.04	0.06	76_K	[ 56.0348   21.2733  -20.84485]
0.06	 0.48	-0.35	0.09	76_K	[ 56.20560606  18.15387879 -20.1679697 ]
0.02	 -0.1	0.03	-0.05	76_K	[ 53.68275  20.04775 -23.9475 ]
-0.19	 -0.55	0.19	0.19	76_K	[ 56.33552174  19.9863913  -22.77082609]
-0.18	 -0.64	0.07	0.3	76_K	[ 55.29184615  18.04634615 -24.88173077]
-0.14	 -0.61	-0.32	0.38	76_K	[ 55.90451852  16.99137037 -22.07274074]
0.1	 0.95	0.21	-0.47	76_K	[ 52.12116  17.83192 -21.62668]
-0.14	 -0.35	-0.13	0.22	76_K	[ 52.40709524  18.1797619  -24.15285714]
-0.24	 -0.16	0.11	0.05	76_K	[ 51.96342308  15.25815385 -23.29415385]
-0.3	 -1.04	0.23	0.45	76_K	[ 54.00219048  15.91828571 -25.27261905]
-0.23	 -0.24	-0.0	0.23	76_K	[ 54.20846154  15.06265385 -22.57876923]
-0.03	 0.45	-0.03	-0.1	77_E	[ 48.51857576  21.85906061 -18.85833333]
0.04	 0.53	0.13	-0.29	77_E	[ 50.77329412  19.49411765 -21.28882353]
-0.05	 0.38	0.01	-0.03	77_E	[ 48.278125   21.47375   -22.6833125]
-0.08	 0.04	-0.05	0.1	77_E	[ 49.52452941  23.06147059 -24.23058824]
-0.26	 -0.88	0.12	0.44	77_E	[ 50.23558537  21.609      -25.01460976]
-0.21	 -1.08	0.03	0.31	77_E	[ 50.46916129  24.36051613 -23.54877419]
0.16	 0.97	0.05	-0.29	77_E	[ 51.9045625  23.860875  -21.45475  ]
-0.02	 0.42	-0.27	0.05	77_E	[ 51.          19.59145455 -22.62259091]
-0.36	 0.11	0.5	0.7	77_E	[ 49.95486667  19.6826     -20.17303333]
-0.21	 -0.71	0.17	0.19	77_E	[ 48.30324  20.7428  -23.06364]
0.0	 0.31	0.01	-0.03	77_E	[ 48.0872381   23.35566667 -21.56819048]
0.1	 0.85	0.02	-0.21	78_P	[ 48.64405  25.99465 -19.53805]
-0.15	 -0.19	-0.01	0.15	78_P	[ 49.93612903  25.94848387 -20.72135484]
-0.01	 1.16	0.1	-0.22	78_P	[ 50.06441176  26.64429412 -16.05858824]
0.02	 0.53	-0.15	-0.06	78_P	[ 52.46588889  24.67044444 -15.75555556]
0.1	 0.85	0.08	-0.28	78_P	[ 53.8182  24.5936 -18.3738]
0.21	 1.48	0.31	-0.56	78_P	[ 48.359375   23.0803125 -16.9850625]
-0.13	 -0.25	0.01	0.18	78_P	[ 51.173    26.81375 -17.60795]
0.04	 0.34	-0.11	0.01	78_P	[ 49.96478571  25.53653571 -15.06425   ]
-0.26	 -0.79	0.11	0.41	78_P	[ 53.3565      25.31666667 -16.6305    ]
-0.07	 -0.3	-0.05	0.12	78_P	[ 52.79568  25.03276 -19.49484]
0.09	 1.04	0.18	-0.48	79_D	[ 47.885   26.7571 -19.1912]
0.16	 0.88	-0.08	-0.2	79_D	[ 44.7599  26.1649 -17.3001]
-0.2	 -0.52	0.01	0.22	79_D	[ 45.66054545  24.68309091 -19.30990909]
0.03	 0.54	0.09	-0.29	79_D	[ 47.279       28.37646667 -16.99513333]
-0.07	 0.08	-0.11	-0.02	79_D	[ 46.1194      27.08537143 -15.12297143]
0.1	 0.59	-0.35	-0.07	79_D	[ 46.94423077  26.2025641  -13.47238462]
-0.34	 -1.16	0.28	0.54	79_D	[ 45.80874286  28.87011429 -14.38042857]
-0.25	 -0.62	-0.06	0.3	79_D	[ 47.51086364  27.06077273 -19.82136364]
-0.26	 -0.25	0.08	0.16	79_D	[ 48.127125    28.45658333 -17.06904167]
-0.23	 -0.53	0.05	0.25	79_D	[ 45.55570588  27.97947059 -17.72088235]
0.14	 1.22	0.27	-0.51	80_G	[ 46.94659091  23.24586364 -16.50977273]
0.06	 0.85	0.1	-0.36	80_G	[ 44.61704545  23.45986364 -16.75522727]
0.01	 0.1	-0.03	-0.09	80_G	[ 43.13576471  24.40388235 -14.57382353]
0.11	 0.6	-0.02	-0.2	80_G	[ 44.63557895  25.05926316 -13.01789474]
-0.26	 -0.54	0.04	0.29	80_G	[ 43.27064  24.31368 -17.03072]
-0.25	 -0.42	-0.25	0.32	80_G	[ 45.37052632  22.34068421 -17.08473684]
0.09	 0.44	-0.07	-0.16	81_D	[ 42.03511111  22.79922222 -15.19344444]
0.08	 0.78	0.16	-0.31	81_D	[ 40.77588  20.17752 -14.085  ]
0.03	 0.25	0.01	-0.12	81_D	[ 43.07757143  19.52114286 -15.86264286]
-0.2	 -0.53	0.05	0.31	81_D	[ 39.61964286  20.2247381  -14.57552381]
-0.02	 0.41	-0.14	-0.03	81_D	[ 42.99105  21.43865 -16.09975]
-0.06	 -0.49	-0.11	0.05	81_D	[ 40.5706087   22.89269565 -13.42082609]
0.12	 1.36	0.15	-0.35	82_G	[ 45.812   19.025  -15.0702]
0.08	 0.5	-0.05	-0.15	82_G	[ 45.41581818  20.31945455 -15.34822727]
0.04	 0.33	0.03	-0.33	82_G	[ 46.556       18.96723529 -15.11088235]
0.11	 0.64	-0.1	-0.16	83_S	[ 43.16709091  14.57990909 -15.72718182]
0.04	 0.7	-0.1	-0.18	83_S	[ 43.20207143  13.54014286 -14.56735714]
-0.02	 -0.3	0.02	-0.11	83_S	[ 41.05731818  16.39722727 -14.16090909]
-0.19	 -0.01	-0.05	0.2	83_S	[ 41.88596774  16.94567742 -16.30116129]
0.15	 1.28	0.06	-0.31	83_S	[ 42.71427778  15.601      -12.15016667]
-0.28	 -0.73	0.09	0.43	83_S	[ 41.35871429  15.21290476 -14.33457143]
-0.05	 0.08	-0.16	0.01	83_S	[ 40.744       17.79584211 -12.71652632]
-0.1	 -0.44	0.01	0.01	83_S	[ 41.9792  18.5084 -16.2615]
0.07	 0.71	-0.14	-0.2	84_S	[ 43.4385   15.525   -16.45475]
0.05	 0.6	-0.01	-0.34	84_S	[ 43.676       15.38233333 -16.95616667]
0.24	 1.39	-0.03	-0.21	84_S	[ 46.8826  12.5736 -17.1499]
-0.03	 0.2	-0.02	-0.06	84_S	[ 45.7065      16.39907143 -18.7185    ]
-0.02	 -0.99	0.07	-0.01	84_S	[ 46.98785714  13.82914286 -18.86357143]
0.09	 0.57	0.04	-0.24	84_S	[ 44.63306897  17.84362069 -16.27103448]
-0.05	 0.12	-0.19	0.01	84_S	[ 44.40708  13.527   -17.19008]
-0.26	 -0.64	0.07	0.3	84_S	[ 44.41727273  16.06436364 -18.64909091]
-0.06	 -0.07	-0.18	0.13	84_S	[ 47.02464865  17.19686486 -17.31978378]
-0.3	 -0.48	0.03	0.35	84_S	[ 46.64775  15.1465  -20.19465]
0.22	 1.34	0.42	-0.65	85_A	[ 48.78073684  17.22594737 -15.56715789]
-0.12	 -0.87	-0.06	0.19	86_V	[43.93144444 12.13122222 -9.64681481]
0.07	 0.49	0.09	-0.21	86_V	[45.19833333 15.16033333 -8.4898    ]
0.13	 0.83	0.2	-0.42	86_V	[ 43.67038095  13.82633333 -11.92133333]
-0.24	 -0.73	0.16	0.4	86_V	[43.06290476 13.4302381  -9.47209524]
-0.07	 -0.17	-0.14	0.06	86_V	[ 44.01936  11.13356 -11.03308]
-0.07	 -0.11	-0.03	0.12	86_V	[45.61236 11.87232 -8.82496]
0.05	 0.02	-0.03	-0.1	86_V	[43.95121429 15.26542857 -8.74857143]
-0.82	 0.45	-0.79	0.43	86_V	[46.96545455 14.99590909 -8.5340303 ]
0.09	 0.93	0.22	-0.47	87_Q	[ 43.9824  12.1465 -12.7433]
0.09	 1.3	0.05	-0.27	87_Q	[ 43.8586  11.1068 -12.873 ]
0.21	 1.49	0.24	-0.49	87_Q	[ 45.58438462   7.62953846 -14.33376923]
0.01	 0.31	0.03	-0.3	87_Q	[ 43.06225  10.32275 -14.22075]
0.08	 1.15	0.03	-0.33	87_Q	[ 43.64971429   9.98314286 -15.88642857]
-0.11	 -0.67	-0.02	0.12	87_Q	[ 42.94780952   9.87466667 -17.34961905]
-0.2	 -0.54	0.04	0.23	87_Q	[ 42.150075  11.539375 -17.19275 ]
-0.07	 -0.11	-0.23	0.26	87_Q	[ 42.72807143   8.25167857 -17.9435    ]
0.02	 0.09	-0.07	-0.02	87_Q	[ 44.08242105   9.73652632 -12.72384211]
-0.07	 0.01	-0.04	0.06	87_Q	[ 43.03648148  11.55133333 -14.14077778]
0.14	 0.87	0.08	-0.31	87_Q	[ 45.17031579  11.45036842 -16.84836842]
0.07	 0.74	-0.07	-0.13	87_Q	[ 45.86585   9.38265 -17.19665]
-0.11	 -0.37	-0.09	0.1	87_Q	[ 43.87954167   8.13391667 -15.25979167]
-0.19	 -0.86	-0.16	0.38	87_Q	[ 43.65492308   7.30903846 -17.65369231]
-0.33	 -1.28	0.38	0.63	87_Q	[ 41.5342381    8.78142857 -18.77747619]
0.13	 1.59	0.14	-0.41	88_L	[ 47.08218182  10.88154545 -16.49018182]
0.09	 2.0	-0.03	-0.21	88_L	[ 47.55033333  10.047      -16.683     ]
0.03	 0.21	0.01	-0.23	88_L	[ 50.54705    7.802975 -18.247825]
0.04	 0.71	0.03	-0.18	88_L	[ 52.20007692  11.02969231 -18.79369231]
0.2	 1.24	0.25	-0.52	88_L	[ 47.87166667   9.24533333 -17.21161111]
0.06	 0.46	0.04	-0.19	88_L	[ 48.85872  11.39884 -17.84924]
-0.13	 -0.82	-0.1	0.21	88_L	[ 52.3337619    8.30628571 -18.08261905]
-0.3	 -0.66	-0.31	0.37	88_L	[ 49.58186667   9.4104     -19.11866667]
0.07	 0.64	-0.03	-0.04	88_L	[ 53.25661538  10.81623077 -18.30930769]
0.02	 0.04	-0.15	-0.05	88_L	[ 50.9502381   11.70090476 -18.98952381]
0.05	 0.61	-0.06	-0.24	89_Y	[48.63403125  9.66984375 -8.1434375 ]
0.0	 0.22	-0.16	-0.1	89_Y	[47.8256129  11.75406452 -8.16780645]
0.17	 0.87	0.03	-0.3	89_Y	[48.4634 12.2186 -5.9806]
0.13	 1.16	0.25	-0.44	90_A	[47.57916667  8.42316667 -9.373     ]
0.09	 0.51	-0.2	0.1	90_A	[ 46.3824   4.9556 -12.2471]
-0.06	 0.26	-0.27	0.01	90_A	[ 46.902125    4.3414375 -10.7524375]
-0.07	 -0.23	0.01	0.09	90_A	[ 44.91028125   7.4296875  -10.81203125]
-0.01	 0.33	0.02	-0.17	90_A	[47.88291667  6.93525    -9.14029167]
-0.23	 -0.92	0.17	0.45	90_A	[ 45.14095455   5.93681818 -10.34709091]
-0.08	 -0.03	-0.13	0.14	90_A	[45.72846875  8.9725625  -9.5695    ]
-0.04	 -0.03	-0.16	0.01	90_A	[ 44.97755556   7.65083333 -12.65594444]
0.04	 1.18	0.02	-0.24	91_R	[ 46.23844444   6.14811111 -13.51766667]
0.0	 0.89	-0.1	-0.13	91_R	[ 46.28266667   5.49566667 -14.08333333]
0.1	 1.1	-0.24	0.08	91_R	[ 46.288        5.441      -15.43666667]
0.04	 0.42	-0.22	0.1	91_R	[ 46.277   5.224 -16.54 ]
0.12	 0.77	-0.16	-0.07	91_R	[ 48.41022222   5.91988889 -18.18411111]
0.01	 0.37	0.02	-0.14	91_R	[ 48.3172381    5.34033333 -18.89919048]
-0.07	 -0.58	-0.04	0.06	91_R	[ 47.60557143   5.741      -20.37914286]
-0.1	 0.18	-0.25	0.13	91_R	[ 47.09748485   7.60084848 -20.32218182]
-0.18	 -0.14	0.0	0.23	91_R	[ 47.95277273   4.95       -21.99359091]
-0.07	 0.24	-0.07	0.03	91_R	[ 46.60475    4.042875 -13.82525 ]
0.03	 0.35	0.09	-0.25	91_R	[ 46.00566667   6.25933333 -15.62861905]
0.13	 0.81	0.13	-0.37	91_R	[ 50.04784375   4.7255     -17.14271875]
-0.04	 -0.3	0.01	0.06	91_R	[ 47.11024   3.56324 -16.5162 ]
0.01	 0.43	-0.03	-0.11	91_R	[ 45.7287    6.4109  -17.85185]
0.01	 0.09	-0.01	-0.43	91_R	[ 49.5296   6.819  -18.3774]
0.13	 0.64	0.01	-0.19	91_R	[ 48.34189286   3.80060714 -19.23717857]
-0.02	 0.06	-0.06	-0.0	91_R	[ 47.01466667   8.47141667 -19.03925   ]
-0.3	 -1.58	0.35	0.53	91_R	[ 47.0321    7.8692  -21.74555]
-0.26	 -0.26	-0.2	0.51	91_R	[ 48.23517857   3.48539286 -21.14925   ]
-0.28	 -1.18	0.18	0.48	91_R	[ 47.49158333   5.88741667 -22.79345833]
0.0	 -0.01	-0.15	0.02	92_E	[ 54.98081818   5.93781818 -16.58472727]
0.0	 0.37	-0.04	-0.13	92_E	[ 55.43905263   4.56402632 -14.96965789]
-0.1	 -0.26	-0.1	0.13	92_E	[ 52.99693333   4.6874     -17.04084444]
0.06	 0.5	0.13	-0.28	93_C	[49.1341   3.93575 -8.30145]
0.1	 0.9	-0.03	-0.25	93_C	[49.81876923  6.94242308 -7.26503846]
0.04	 -0.64	-0.04	-0.11	93_C	[48.35530769  4.47607692 -9.278     ]
-0.04	 -0.06	-0.08	-0.03	93_C	[49.422125   3.3135625 -7.45425  ]
0.13	 1.52	0.16	-0.41	94_S	[48.48523077  2.54492308 -9.82307692]
0.03	 0.9	0.02	-0.24	94_S	[48.29633333  1.562      -9.6945    ]
-0.1	 -0.08	-0.11	0.01	94_S	[ 46.48491667   1.68516667 -12.15441667]
-0.14	 -0.58	0.03	0.16	94_S	[ 46.54743478  -0.1563913  -13.18095652]
0.0	 0.6	-0.07	-0.16	94_S	[48.50134615 -0.24688462 -9.70142308]
-0.13	 -0.4	-0.06	0.35	94_S	[ 46.5988       2.24693333 -11.04836667]
0.1	 0.82	-0.02	-0.19	94_S	[ 47.59768421   1.96557895 -14.13142105]
-0.19	 -0.31	0.11	0.16	94_S	[ 47.00390909  -0.95222727 -11.16281818]
0.24	 1.44	0.32	-0.57	95_K	[ 52.72346667  -2.3846     -15.15306667]
0.05	 0.52	-0.09	-0.09	95_K	[ 52.3895      -0.47541667 -17.07991667]
0.14	 1.42	0.06	-0.27	95_K	[ 48.66326667   1.84693333 -16.17      ]
-0.01	 0.99	-0.25	0.05	95_K	[ 48.35263636   1.08809091 -19.12254545]
0.01	 -2.54	-0.03	-0.11	95_K	[ 49.08588889  -1.15655556 -19.09355556]
0.08	 0.51	-0.09	-0.15	95_K	[ 53.63518919   0.94297297 -15.60262162]
-0.1	 -0.35	-0.05	0.23	95_K	[ 52.06680952   1.41771429 -17.71604762]
0.01	 0.33	-0.24	-0.04	95_K	[ 51.41444  -1.43748 -16.39252]
0.05	 0.62	-0.04	-0.16	95_K	[ 48.22516  -0.17    -15.54184]
0.18	 1.17	0.35	-0.63	95_K	[ 50.5322       2.797      -17.16226667]
-0.13	 -0.27	-0.02	0.14	95_K	[ 47.59446154   0.83830769 -18.31573077]
-0.1	 -0.08	-0.13	0.08	95_K	[ 50.04780769   1.54819231 -19.2455    ]
-0.39	 -1.07	0.31	0.61	95_K	[ 48.52515  -1.1932  -19.83715]
-0.3	 -1.09	0.1	0.42	95_K	[ 50.84058824  -1.29988235 -18.93047059]
-0.15	 -0.14	-0.19	0.19	95_K	[ 48.79922222  -1.87274074 -16.96922222]
0.27	 1.38	0.29	-0.54	96_L	[ 56.30011111  -1.73222222 -11.06044444]
0.08	 1.15	0.01	-0.29	96_L	[ 57.75971429   3.50128571 -12.14242857]
-0.03	 -0.35	-0.08	0.03	96_L	[ 56.80779487   0.97792308 -14.12274359]
0.1	 0.57	-0.01	-0.21	96_L	[ 56.64270588  -0.354      -10.68994118]
0.14	 0.73	0.02	-0.28	96_L	[ 56.78845455   4.79481818 -12.7335    ]
0.05	 0.22	-0.09	-0.1	96_L	[ 57.773125    2.7084375 -10.8249375]
-0.19	 -0.79	-0.01	0.34	96_L	[ 57.12433333   2.78083333 -14.46738889]
-0.17	 -0.39	-0.04	0.29	96_L	[ 57.66896296   0.68303704 -12.41281481]
-0.01	 0.29	0.19	-0.13	96_L	[ 55.629        0.09894444 -14.72788889]
0.2	 0.41	0.16	-0.44	97_I	[48.99454545 -3.43972727 -8.73177273]
0.06	 0.43	0.02	-0.2	97_I	[ 4.87011667e+01  3.70416667e-02 -7.08670833e+00]
0.14	 1.21	0.25	-0.49	97_I	[49.31816667 -1.47133333 -9.98283333]
0.08	 -0.18	0.04	-0.21	97_I	[48.716      -2.51042857 -8.06271429]
-0.09	 0.16	-0.08	0.01	97_I	[48.79959091  1.02227273 -8.17218182]
0.07	 0.47	0.04	-0.3	98_L	[ 50.88325    -4.0886875 -14.8974375]
0.05	 0.42	-0.01	0.07	98_L	[ 47.781       -3.48933333 -11.65666667]
0.05	 0.39	0.12	-0.28	98_L	[ 48.25021622  -3.0032973  -14.76937838]
0.05	 1.08	-0.01	-0.19	98_L	[ 47.51371429  -5.40942857 -11.913     ]
0.16	 1.21	0.12	-0.39	98_L	[ 51.1145   -2.85195 -14.72555]
0.14	 1.13	0.06	-0.33	98_L	[ 51.31833333  -4.77166667 -15.07508333]
0.16	 0.77	0.15	-0.36	98_L	[ 48.48503571  -3.36142857 -10.88557143]
-0.16	 -0.75	-0.07	0.21	98_L	[ 46.68733333  -3.37945833 -13.12808333]
-0.16	 -0.33	-0.28	0.15	98_L	[ 48.50207692  -4.4505     -15.24503846]
-0.19	 -0.19	-0.16	0.21	98_L	[ 46.82595833  -5.609875   -11.66370833]
0.1	 1.56	0.0	-0.18	98_L	[ 47.95445455  -6.34209091 -14.04181818]
0.12	 1.42	0.09	-0.35	99_E	[ 57.44553846  -4.79330769 -11.96584615]
0.02	 0.47	-0.15	-0.05	99_E	[ 57.09483333  -2.78883333 -13.04675   ]
0.04	 0.5	-0.03	-0.21	99_E	[ 55.38645455  -2.11454545 -15.83404545]
-0.08	 -0.01	0.05	-0.05	99_E	[ 55.47989474  -4.70652632 -17.10421053]
-0.18	 -0.3	-0.02	0.12	99_E	[ 56.5285122   -5.96953659 -16.26763415]
-0.17	 -0.12	-0.09	0.22	99_E	[ 53.532125    -4.54671429 -16.97839286]
0.09	 0.7	-0.02	-0.25	99_E	[ 56.55141667  -1.85791667 -12.537125  ]
-0.06	 -0.38	-0.06	0.07	99_E	[ 57.79220833  -4.15379167 -14.01645833]
0.05	 0.43	-0.13	-0.19	99_E	[ 53.79041176  -1.88264706 -15.96135294]
-0.15	 -0.17	-0.04	0.25	99_E	[ 56.68958333  -2.11183333 -15.62920833]
0.18	 0.95	0.18	-0.4	100_I	[56.77678947 -9.02442105 -8.10921053]
-0.01	 1.02	-0.01	-0.09	100_I	[ 58.26909091  -3.96636364 -10.13936364]
0.15	 1.3	0.2	-0.46	100_I	[ 58.1923913   -5.95173913 -10.5316087 ]
-0.12	 -0.09	-0.05	0.15	100_I	[58.97922222 -4.61148148 -8.75574074]
0.02	 -0.2	-0.13	0.02	100_I	[ 57.43145833  -2.93058333 -10.58404167]
0.02	 -0.11	-0.05	-0.04	100_I	[58.07075676 -6.73254054 -7.12489189]
-0.02	 0.14	-0.08	-0.01	100_I	[58.57817241 -1.36417241 -8.05817241]
0.12	 1.53	0.15	-0.43	102_K	[ 56.13418182 -10.61836364 -13.88690909]
-0.05	 0.07	-0.06	0.02	102_K	[ 54.59767742 -12.48703226 -13.94619355]
0.17	 0.88	0.33	-0.51	102_K	[ 54.81114286  -7.81557143 -15.34514286]
-0.01	 0.67	0.04	-0.13	102_K	[ 52.72053846  -9.98946154 -15.92323077]
-0.01	 -0.65	0.02	-0.11	102_K	[ 48.728       -8.20254545 -15.772     ]
0.04	 1.21	-0.06	-0.15	102_K	[ 50.83155556  -6.66266667 -17.355     ]
-0.05	 -0.37	-0.02	0.02	102_K	[ 55.53108696  -9.12491304 -14.77326087]
-0.04	 -0.12	0.03	-0.04	102_K	[ 53.45146154  -8.11407692 -16.348     ]
-0.04	 -0.17	-0.06	0.06	102_K	[ 52.12214286 -10.88447619 -14.94685714]
-0.14	 -0.39	0.02	0.17	102_K	[ 49.667125   -9.571875  -15.8749375]
0.02	 0.19	-0.02	-0.09	102_K	[ 48.5761  -7.0773 -15.1399]
-0.22	 -0.27	-0.04	0.2	102_K	[ 49.98217857  -5.85339286 -16.61292857]
0.15	 0.89	0.13	-0.37	102_K	[ 52.24166667  -6.14644444 -16.55616667]
-0.3	 -0.77	0.17	0.41	102_K	[ 50.74704348  -8.19382609 -17.67656522]
0.07	 0.98	0.58	-0.92	103_K	[ 58.4168 -12.3876 -12.1142]
0.16	 1.42	-0.04	-0.25	103_K	[ 56.6946 -13.55   -11.967 ]
-0.14	 -0.24	-0.01	0.15	103_K	[ 57.87372222 -13.97955556 -10.58388889]
0.07	 1.78	0.04	-0.22	103_K	[ 59.028      -11.13728571 -10.94128571]
0.06	 1.38	-0.02	-0.2	103_K	[ 57.99035294 -10.132      -13.626     ]
-0.02	 0.16	-0.09	0.02	103_K	[ 60.4243125  -8.90475   -11.0530625]
-0.22	 -0.57	-0.15	0.21	103_K	[ 61.65453846  -7.73323077 -13.49384615]
-0.01	 1.0	-0.04	-0.17	103_K	[ 60.13816667  -6.88566667 -14.55516667]
-0.08	 -0.32	-0.11	0.12	103_K	[ 57.21347619 -12.27880952 -13.12566667]
0.14	 0.32	0.07	-0.21	103_K	[58.16347059 -9.29611765 -9.58647059]
-0.22	 -1.29	-0.12	0.25	103_K	[ 59.51213333 -11.56893333 -10.78746667]
-0.14	 -0.53	-0.05	0.2	103_K	[ 59.24065217 -10.74482609 -13.64582609]
0.13	 1.28	0.13	-0.43	103_K	[ 57.23622222  -9.18433333 -14.03066667]
-0.06	 0.27	0.03	0.15	103_K	[ 59.52418519  -7.24051852 -10.93751852]
-0.16	 -0.73	0.08	0.17	103_K	[ 61.00785714  -9.76035714 -11.5145    ]
-0.24	 -0.72	0.2	0.41	103_K	[ 61.77652  -6.96164 -12.9994 ]
-0.22	 -0.76	0.13	0.4	103_K	[ 61.1895      -9.15590909 -14.45977273]
-0.28	 -0.63	0.06	0.34	103_K	[ 59.90457692  -6.26946154 -15.18815385]
-0.12	 -0.13	-0.0	0.01	103_K	[ 58.16581818  -8.16754545 -14.92513636]
-0.01	 -0.81	-0.05	-0.04	103_K	[ 59.2309375  -5.8555625 -12.9754375]
-0.07	 -0.39	-0.06	0.09	104_I	[ 58.48847826 -12.80943478  -7.0043913 ]
0.12	 1.46	0.1	-0.32	104_I	[ 56.36419048 -10.7342381   -5.43585714]
0.2	 1.42	0.24	-0.49	104_I	[ 56.23366667 -15.22944444  -9.73211111]
0.12	 1.22	0.11	-0.4	104_I	[ 56.93275  -10.358     -7.529375]
-0.09	 -0.39	-0.11	0.14	104_I	[ 57.70721739 -12.5483913   -5.5656087 ]
0.01	 0.01	-0.08	-0.03	104_I	[ 58.211      -14.50193333  -7.7844    ]
-0.01	 0.14	-0.04	-0.03	104_I	[ 58.27620833 -11.47629167  -8.25970833]
0.17	 1.58	0.14	-0.39	104_I	[ 55.16  -12.556  -4.48 ]
0.0	 0.46	-0.22	0.01	104_I	[ 57.20489474 -10.71073684  -5.502     ]
0.03	 -0.77	-0.07	-0.07	105_P	[ 52.80784615 -17.00607692  -9.14284615]
-0.16	 -0.42	0.06	0.13	105_P	[ 50.39182051 -16.64461538  -8.70151282]
-0.02	 0.5	0.01	-0.07	105_P	[ 50.63678571 -15.87892857 -11.98128571]
-0.0	 0.28	0.03	-0.18	105_P	[ 53.28655556 -14.55333333 -13.424     ]
-0.05	 0.33	-0.08	0.03	105_P	[ 55.43577778 -14.71322222 -12.31733333]
-0.16	 -0.61	0.07	0.27	105_P	[ 51.85626316 -16.88736842 -11.57726316]
-0.08	 0.09	-0.11	0.09	105_P	[ 50.07491304 -14.35252174 -12.20417391]
-0.27	 -0.73	0.09	0.45	105_P	[ 53.26677273 -15.42645455 -13.59918182]
0.09	 -0.02	0.08	-0.25	105_P	[ 52.00735714 -13.16014286 -13.36671429]
-0.07	 -0.24	-0.04	0.08	105_P	[ 54.90382857 -16.0448     -10.97997143]
0.07	 1.48	0.13	-0.39	105_P	[ 55.76436364 -13.82390909 -12.34018182]
